INSTRUMENT,SYMBOL,EXPIRY_DT,EXPIRY_DT_FINAL,STRIKE_PR,OPTION_TYP,OPEN,HIGH,LOW,CLOSE,SETTLE_PR,CONTRACTS,VAL_INLAKH,OPEN_INT,CHG_IN_OI,TIMESTAMP
OPTSTK,GRANULES,27-Feb-2025,2025-02-27,600.00,CE,39.00,40.25,34.00,34.00,42.90,13,82.6495,27000,8000,06-JAN-2025
OPTSTK,GRANULES,30-Jan-2025,2025-01-30,600.00,CE,24.80,33.50,24.25,27.65,27.65,862,5421.916,418000,-35000,06-JAN-2025
OPTSTK,GRANULES,27-Mar-2025,2025-03-27,660.00,CE,0.00,0.00,0.00,35.50,28.10,0,0.00,0,0,06-JAN-2025
OPTSTK,GRANULES,27-Mar-2025,2025-03-27,580.00,CE,0.00,0.00,0.00,67.80,63.95,0,0.00,0,0,06-JAN-2025
OPTSTK,GRANULES,27-Mar-2025,2025-03-27,640.00,CE,0.00,0.00,0.00,42.10,35.05,0,0.00,0,0,06-JAN-2025
OPTSTK,GRANULES,30-Jan-2025,2025-01-30,570.00,CE,46.00,55.15,46.00,55.15,49.20,11,68.2825,20000,-1000,06-JAN-2025
OPTSTK,GRANULES,30-Jan-2025,2025-01-30,540.00,CE,0.00,0.00,0.00,58.00,73.45,0,0.00,4000,0,06-JAN-2025
OPTSTK,GRANULES,27-Feb-2025,2025-02-27,570.00,PE,0.00,0.00,0.00,32.30,17.30,0,0.00,0,0,06-JAN-2025
OPTSTK,GRANULES,27-Feb-2025,2025-02-27,680.00,PE,0.00,0.00,0.00,110.00,79.45,0,0.00,0,0,06-JAN-2025
OPTSTK,GRANULES,30-Jan-2025,2025-01-30,650.00,CE,6.05,10.10,6.05,8.05,8.05,1581,10407.4585,254000,16000,06-JAN-2025
OPTSTK,GRANULES,30-Jan-2025,2025-01-30,650.00,PE,40.00,45.95,38.05,45.95,45.95,17,117.699,18000,5000,06-JAN-2025
OPTSTK,GRANULES,30-Jan-2025,2025-01-30,510.00,PE,0.00,0.00,0.00,1.75,0.85,0,0.00,44000,0,06-JAN-2025
OPTSTK,GRANULES,27-Feb-2025,2025-02-27,520.00,PE,0.00,0.00,0.00,22.80,5.55,0,0.00,0,0,06-JAN-2025
OPTSTK,GRANULES,30-Jan-2025,2025-01-30,490.00,PE,0.00,0.00,0.00,1.00,0.30,0,0.00,1000,0,06-JAN-2025
OPTSTK,GRANULES,30-Jan-2025,2025-01-30,640.00,PE,30.00,39.45,30.00,38.95,38.95,52,351.319,22000,20000,06-JAN-2025
OPTSTK,GRANULES,27-Feb-2025,2025-02-27,660.00,CE,11.00,14.00,11.00,12.60,18.90,42,282.4705,23000,23000,06-JAN-2025
OPTSTK,GRANULES,30-Jan-2025,2025-01-30,570.00,PE,5.50,7.60,3.50,7.15,7.15,502,2887.885,187000,-27000,06-JAN-2025
OPTSTK,GRANULES,30-Jan-2025,2025-01-30,550.00,CE,72.00,72.85,64.05,64.50,64.50,25,154.623,32000,6000,06-JAN-2025
OPTSTK,GRANULES,30-Jan-2025,2025-01-30,590.00,PE,8.85,13.35,7.35,12.75,12.75,231,1386.6505,131000,-5000,06-JAN-2025
OPTSTK,GRANULES,27-Feb-2025,2025-02-27,630.00,CE,21.00,22.90,21.00,21.50,21.50,5,32.593,18000,3000,06-JAN-2025
OPTSTK,GRANULES,30-Jan-2025,2025-01-30,630.00,CE,10.60,17.15,10.60,13.80,13.80,1028,6624.453,251000,56000,06-JAN-2025
OPTSTK,GRANULES,27-Feb-2025,2025-02-27,630.00,PE,0.00,0.00,0.00,64.10,45.10,0,0.00,0,0,06-JAN-2025
OPTSTK,GRANULES,30-Jan-2025,2025-01-30,600.00,PE,14.05,17.50,9.90,16.50,16.50,777,4767.602,304000,27000,06-JAN-2025
OPTSTK,GRANULES,30-Jan-2025,2025-01-30,620.00,CE,14.45,21.90,14.45,17.50,17.50,2887,18439.059,510000,245000,06-JAN-2025
OPTSTK,GRANULES,27-Feb-2025,2025-02-27,560.00,CE,0.00,0.00,0.00,71.70,67.45,0,0.00,0,0,06-JAN-2025
OPTSTK,GRANULES,27-Feb-2025,2025-02-27,520.00,CE,0.00,0.00,0.00,95.85,98.40,0,0.00,0,0,06-JAN-2025
OPTSTK,GRANULES,30-Jan-2025,2025-01-30,670.00,CE,3.60,6.10,3.60,4.95,4.95,363,2449.81,97000,83000,06-JAN-2025
OPTSTK,GRANULES,27-Feb-2025,2025-02-27,640.00,CE,17.50,20.75,17.50,20.10,25.30,12,79.071,25000,8000,06-JAN-2025
OPTSTK,GRANULES,27-Mar-2025,2025-03-27,660.00,PE,0.00,0.00,0.00,90.65,70.50,0,0.00,0,0,06-JAN-2025
OPTSTK,GRANULES,27-Mar-2025,2025-03-27,680.00,CE,0.00,0.00,0.00,29.80,22.30,0,0.00,0,0,06-JAN-2025
OPTSTK,GRANULES,30-Jan-2025,2025-01-30,670.00,PE,61.60,61.65,58.20,58.25,65.40,5,36.5135,4000,4000,06-JAN-2025
OPTSTK,IPCALAB,27-Feb-2025,2025-02-27,1660.00,CE,0.00,0.00,0.00,67.20,113.25,0,0.00,0,0,06-JAN-2025
OPTSTK,IPCALAB,30-Jan-2025,2025-01-30,1320.00,CE,0.00,0.00,0.00,292.00,404.85,0,0.00,650,0,06-JAN-2025
OPTSTK,IPCALAB,30-Jan-2025,2025-01-30,1700.00,PE,31.50,42.30,29.75,37.10,37.10,245,2767.0747,76050,-12350,06-JAN-2025
OPTSTK,IPCALAB,30-Jan-2025,2025-01-30,1780.00,CE,28.55,29.65,21.00,28.00,28.00,43,504.599875,33150,5850,06-JAN-2025
OPTSTK,IPCALAB,27-Feb-2025,2025-02-27,1660.00,PE,0.00,0.00,0.00,112.00,38.35,0,0.00,0,0,06-JAN-2025
OPTSTK,IPCALAB,27-Feb-2025,2025-02-27,1640.00,CE,0.00,0.00,0.00,59.40,126.50,0,0.00,0,0,06-JAN-2025
OPTSTK,IPCALAB,27-Feb-2025,2025-02-27,1640.00,PE,0.00,0.00,0.00,156.80,31.80,0,0.00,0,0,06-JAN-2025
OPTSTK,IPCALAB,27-Feb-2025,2025-02-27,1720.00,PE,0.00,0.00,0.00,214.25,63.25,0,0.00,0,0,06-JAN-2025
OPTSTK,IPCALAB,30-Jan-2025,2025-01-30,1720.00,PE,41.00,53.65,41.00,46.55,46.55,80,919.00705,40950,-650,06-JAN-2025
OPTSTK,IPCALAB,30-Jan-2025,2025-01-30,1780.00,PE,0.00,0.00,0.00,78.65,80.10,0,0.00,1300,0,06-JAN-2025
OPTSTK,IPCALAB,30-Jan-2025,2025-01-30,1640.00,CE,92.85,100.00,91.85,100.00,102.25,7,78.91455,58500,-3250,06-JAN-2025
OPTSTK,IPCALAB,27-Feb-2025,2025-02-27,1720.00,CE,0.00,0.00,0.00,38.30,78.70,0,0.00,0,0,06-JAN-2025
OPTSTK,IPCALAB,27-Feb-2025,2025-02-27,1920.00,PE,0.00,0.00,0.00,383.35,199.00,0,0.00,0,0,06-JAN-2025
OPTSTK,IPCALAB,30-Jan-2025,2025-01-30,1920.00,PE,0.00,0.00,0.00,317.70,196.15,0,0.00,0,0,06-JAN-2025
OPTSTK,IPCALAB,27-Feb-2025,2025-02-27,1760.00,CE,0.00,0.00,0.00,30.25,60.10,0,0.00,0,0,06-JAN-2025
OPTSTK,IPCALAB,30-Jan-2025,2025-01-30,1760.00,CE,35.90,37.45,25.60,34.65,34.65,141,1642.11482,55250,5850,06-JAN-2025
OPTSTK,IPCALAB,27-Feb-2025,2025-02-27,1620.00,PE,0.00,0.00,0.00,89.40,26.05,0,0.00,0,0,06-JAN-2025
OPTSTK,IPCALAB,30-Jan-2025,2025-01-30,1620.00,CE,106.00,116.00,106.00,116.00,117.80,8,89.959675,23400,-1950,06-JAN-2025
OPTSTK,IPCALAB,30-Jan-2025,2025-01-30,1620.00,PE,11.45,15.50,10.60,13.20,13.20,89,944.776625,72800,6500,06-JAN-2025
OPTSTK,IPCALAB,27-Feb-2025,2025-02-27,1800.00,PE,0.00,0.00,0.00,278.30,108.65,0,0.00,0,0,06-JAN-2025
OPTSTK,IPCALAB,30-Jan-2025,2025-01-30,2000.00,CE,1.45,2.75,1.45,1.95,1.95,74,963.054625,31200,3900,06-JAN-2025
OPTSTK,IPCALAB,30-Jan-2025,2025-01-30,1680.00,PE,27.00,33.55,25.00,29.45,29.45,121,1345.38462,53950,-3900,06-JAN-2025
OPTSTK,IPCALAB,27-Feb-2025,2025-02-27,1860.00,CE,0.00,0.00,0.00,18.05,27.80,0,0.00,0,0,06-JAN-2025
OPTSTK,IPCALAB,30-Jan-2025,2025-01-30,1860.00,CE,10.00,11.55,8.50,9.55,9.40,56,680.745,43550,13650,06-JAN-2025
OPTSTK,IPCALAB,27-Feb-2025,2025-02-27,1400.00,PE,0.00,0.00,0.00,39.90,1.10,0,0.00,0,0,06-JAN-2025
OPTSTK,IPCALAB,27-Feb-2025,2025-02-27,1400.00,CE,0.00,0.00,0.00,178.15,333.50,0,0.00,0,0,06-JAN-2025
OPTSTK,IPCALAB,30-Jan-2025,2025-01-30,1520.00,PE,3.50,3.65,3.30,3.50,1.60,26,257.471825,40300,10400,06-JAN-2025
OPTSTK,IPCALAB,27-Feb-2025,2025-02-27,1520.00,CE,0.00,0.00,0.00,107.50,221.45,0,0.00,0,0,06-JAN-2025
OPTSTK,IPCALAB,27-Feb-2025,2025-02-27,1680.00,PE,0.00,0.00,0.00,184.55,45.75,0,0.00,0,0,06-JAN-2025
OPTSTK,IPCALAB,30-Jan-2025,2025-01-30,1400.00,PE,1.40,1.40,1.40,1.40,0.05,1,9.1091,65650,-650,06-JAN-2025
OPTSTK,IPCALAB,27-Feb-2025,2025-02-27,1480.00,CE,0.00,0.00,0.00,128.45,257.60,0,0.00,0,0,06-JAN-2025
OPTSTK,IPCALAB,30-Jan-2025,2025-01-30,1880.00,CE,7.75,8.70,5.90,7.80,6.95,72,883.504375,96850,4550,06-JAN-2025
OPTSTK,NCC,30-Jan-2025,2025-01-30,245.00,PE,2.45,4.40,2.45,4.40,4.40,82,361.536437,200575,55025,06-JAN-2025
OPTSTK,NCC,27-Feb-2025,2025-02-27,295.00,CE,0.00,0.00,0.00,22.40,6.85,0,0.00,0,0,06-JAN-2025
OPTSTK,NCC,30-Jan-2025,2025-01-30,290.00,PE,21.95,21.95,21.95,21.95,31.90,1,5.5371125,134900,1775,06-JAN-2025
OPTSTK,NCC,30-Jan-2025,2025-01-30,260.00,CE,14.35,14.35,10.45,10.95,10.95,59,284.922112,76325,65675,06-JAN-2025
OPTSTK,NCC,27-Mar-2025,2025-03-27,260.00,CE,0.00,0.00,0.00,45.80,23.60,0,0.00,0,0,06-JAN-2025
OPTSTK,NCC,27-Feb-2025,2025-02-27,260.00,PE,0.00,0.00,0.00,12.45,16.35,0,0.00,0,0,06-JAN-2025
FUTSTK,NCC,30-Jan-2025,2025-01-30,,,276.95,277.15,260.05,260.95,260.95,1468,6922.46805,6530225,-230750,06-JAN-2025
OPTSTK,NCC,27-Mar-2025,2025-03-27,270.00,CE,0.00,0.00,0.00,40.10,19.20,0,0.00,0,0,06-JAN-2025
OPTSTK,NCC,30-Jan-2025,2025-01-30,260.00,PE,5.00,10.10,5.00,9.75,9.75,258,1229.82916,90525,14200,06-JAN-2025
OPTSTK,NCC,30-Jan-2025,2025-01-30,330.00,CE,0.25,0.30,0.25,0.30,0.25,18,105.5202,143775,-19525,06-JAN-2025
OPTSTK,NCC,27-Feb-2025,2025-02-27,280.00,PE,0.00,0.00,0.00,19.60,28.20,0,0.00,0,0,06-JAN-2025
OPTSTK,NCC,27-Mar-2025,2025-03-27,240.00,PE,0.00,0.00,0.00,9.95,11.15,0,0.00,0,0,06-JAN-2025
OPTSTK,NCC,30-Jan-2025,2025-01-30,220.00,CE,0.00,0.00,0.00,88.05,41.75,0,0.00,0,0,06-JAN-2025
OPTSTK,NCC,27-Mar-2025,2025-03-27,310.00,CE,0.00,0.00,0.00,22.55,7.60,0,0.00,0,0,06-JAN-2025
OPTSTK,NCC,27-Feb-2025,2025-02-27,310.00,PE,0.00,0.00,0.00,34.00,51.25,0,0.00,0,0,06-JAN-2025
OPTSTK,NCC,27-Mar-2025,2025-03-27,230.00,PE,0.00,0.00,0.00,7.40,7.95,0,0.00,0,0,06-JAN-2025
OPTSTK,NCC,30-Jan-2025,2025-01-30,230.00,PE,1.40,1.55,1.10,1.55,1.55,16,65.6954125,15975,15975,06-JAN-2025
OPTSTK,NCC,27-Feb-2025,2025-02-27,220.00,PE,0.00,0.00,0.00,3.75,3.15,0,0.00,0,0,06-JAN-2025
OPTSTK,NCC,27-Feb-2025,2025-02-27,220.00,CE,0.00,0.00,0.00,91.10,45.20,0,0.00,0,0,06-JAN-2025
OPTSTK,NCC,27-Feb-2025,2025-02-27,295.00,PE,0.00,0.00,0.00,29.20,39.05,0,0.00,0,0,06-JAN-2025
OPTSTK,NCC,27-Mar-2025,2025-03-27,250.00,PE,0.00,0.00,0.00,13.00,15.15,0,0.00,0,0,06-JAN-2025
OPTSTK,NCC,30-Jan-2025,2025-01-30,250.00,CE,19.05,20.65,18.40,18.45,18.05,7,33.43745,3550,3550,06-JAN-2025
OPTSTK,NCC,27-Feb-2025,2025-02-27,235.00,PE,0.00,0.00,0.00,5.70,6.50,0,0.00,0,0,06-JAN-2025
OPTSTK,NCC,30-Jan-2025,2025-01-30,330.00,PE,0.00,0.00,0.00,41.50,68.85,0,0.00,0,0,06-JAN-2025
OPTSTK,NCC,30-Jan-2025,2025-01-30,325.00,CE,0.40,0.40,0.40,0.40,0.40,18,103.9653,321275,3550,06-JAN-2025
OPTSTK,NCC,27-Feb-2025,2025-02-27,320.00,CE,0.00,0.00,0.00,28.80,2.95,0,0.00,0,0,06-JAN-2025
OPTSTK,NCC,27-Feb-2025,2025-02-27,250.00,PE,0.00,0.00,0.00,9.65,11.75,0,0.00,0,0,06-JAN-2025
OPTSTK,NCC,30-Jan-2025,2025-01-30,285.00,PE,18.50,19.30,18.50,19.30,27.85,7,37.7853125,33725,-7100,06-JAN-2025
OPTSTK,NCC,27-Feb-2025,2025-02-27,265.00,CE,0.00,0.00,0.00,37.45,16.45,0,0.00,0,0,06-JAN-2025
OPTSTK,NCC,30-Jan-2025,2025-01-30,265.00,PE,6.50,12.90,6.40,12.45,12.45,1040,5087.23342,110050,95850,06-JAN-2025
OPTSTK,NCC,27-Mar-2025,2025-03-27,300.00,PE,0.00,0.00,0.00,36.30,45.35,0,0.00,0,0,06-JAN-2025
OPTSTK,NCC,27-Feb-2025,2025-02-27,230.00,PE,0.00,0.00,0.00,5.30,5.20,0,0.00,0,0,06-JAN-2025
OPTSTK,NCC,30-Jan-2025,2025-01-30,230.00,CE,0.00,0.00,0.00,79.25,32.90,0,0.00,0,0,06-JAN-2025
OPTSTK,GRANULES,27-Feb-2025,2025-02-27,670.00,PE,0.00,0.00,0.00,91.35,71.90,0,0.00,0,0,06-JAN-2025
OPTSTK,GRANULES,27-Feb-2025,2025-02-27,580.00,PE,0.00,0.00,0.00,47.30,20.85,0,0.00,0,0,06-JAN-2025
OPTSTK,GRANULES,27-Mar-2025,2025-03-27,580.00,PE,0.00,0.00,0.00,44.40,27.55,0,0.00,0,0,06-JAN-2025
OPTSTK,GRANULES,30-Jan-2025,2025-01-30,580.00,PE,7.70,10.15,5.05,9.70,9.70,523,3072.1185,222000,-3000,06-JAN-2025
OPTSTK,GRANULES,30-Jan-2025,2025-01-30,500.00,CE,0.00,0.00,0.00,98.15,110.60,0,0.00,0,0,06-JAN-2025
OPTSTK,GRANULES,30-Jan-2025,2025-01-30,500.00,PE,0.65,1.35,0.45,1.20,1.20,190,951.6355,101000,-28000,06-JAN-2025
OPTSTK,GRANULES,27-Feb-2025,2025-02-27,540.00,PE,0.00,0.00,0.00,29.75,9.15,0,0.00,0,0,06-JAN-2025
OPTSTK,GRANULES,30-Jan-2025,2025-01-30,480.00,PE,0.00,0.00,0.00,0.50,0.15,0,0.00,17000,0,06-JAN-2025
OPTSTK,GRANULES,27-Feb-2025,2025-02-27,570.00,CE,0.00,0.00,0.00,62.40,60.65,0,0.00,0,0,06-JAN-2025
OPTSTK,GRANULES,27-Mar-2025,2025-03-27,520.00,CE,0.00,0.00,0.00,103.60,105.35,0,0.00,0,0,06-JAN-2025
OPTSTK,GRANULES,30-Jan-2025,2025-01-30,710.00,CE,2.15,2.25,1.50,2.05,2.05,339,2413.5175,177000,44000,06-JAN-2025
OPTSTK,GRANULES,30-Jan-2025,2025-01-30,710.00,PE,92.00,92.00,92.00,92.00,100.95,1,8.02,1000,0,06-JAN-2025
OPTSTK,GRANULES,27-Feb-2025,2025-02-27,550.00,PE,0.00,0.00,0.00,24.40,11.45,0,0.00,0,0,06-JAN-2025
OPTSTK,GRANULES,27-Mar-2025,2025-03-27,640.00,PE,0.00,0.00,0.00,77.55,57.75,0,0.00,0,0,06-JAN-2025
OPTSTK,GRANULES,27-Feb-2025,2025-02-27,660.00,PE,0.00,0.00,0.00,95.55,64.65,0,0.00,0,0,06-JAN-2025
OPTSTK,GRANULES,30-Jan-2025,2025-01-30,520.00,PE,1.30,1.85,0.90,1.70,1.70,39,203.343,87000,9000,06-JAN-2025
OPTSTK,GRANULES,27-Mar-2025,2025-03-27,600.00,PE,0.00,0.00,0.00,54.40,36.25,0,0.00,0,0,06-JAN-2025
OPTSTK,GRANULES,27-Feb-2025,2025-02-27,600.00,PE,0.00,0.00,0.00,21.50,29.25,0,0.00,1000,0,06-JAN-2025
OPTSTK,GRANULES,27-Feb-2025,2025-02-27,640.00,PE,0.00,0.00,0.00,82.00,51.25,0,0.00,0,0,06-JAN-2025
OPTSTK,GRANULES,30-Jan-2025,2025-01-30,640.00,CE,8.40,13.20,8.35,10.75,10.75,878,5716.5325,236000,93000,06-JAN-2025
OPTSTK,GRANULES,27-Mar-2025,2025-03-27,680.00,PE,0.00,0.00,0.00,104.60,84.40,0,0.00,0,0,06-JAN-2025
OPTSTK,GRANULES,27-Feb-2025,2025-02-27,680.00,CE,0.00,0.00,0.00,25.90,13.85,0,0.00,0,0,06-JAN-2025
OPTSTK,GRANULES,30-Jan-2025,2025-01-30,630.00,PE,27.25,32.75,23.95,32.10,32.10,99,652.0265,37000,22000,06-JAN-2025
OPTSTK,GRANULES,27-Feb-2025,2025-02-27,650.00,PE,0.00,0.00,0.00,77.20,57.75,0,0.00,0,0,06-JAN-2025
FUTSTK,GRANULES,27-Feb-2025,2025-02-27,,,616.05,626.15,612.50,614.65,614.65,167,1034.4215,146000,5000,06-JAN-2025
OPTSTK,GRANULES,30-Jan-2025,2025-01-30,660.00,PE,52.95,56.05,52.95,56.05,56.05,2,14.29,6000,0,06-JAN-2025
OPTSTK,GRANULES,30-Jan-2025,2025-01-30,660.00,CE,4.90,7.75,4.70,6.40,6.40,600,3998.512,109000,9000,06-JAN-2025
OPTSTK,GRANULES,27-Feb-2025,2025-02-27,530.00,CE,0.00,0.00,0.00,87.45,90.15,0,0.00,0,0,06-JAN-2025
OPTSTK,GRANULES,30-Jan-2025,2025-01-30,560.00,CE,0.00,0.00,0.00,52.50,56.80,0,0.00,9000,0,06-JAN-2025
OPTSTK,GRANULES,27-Mar-2025,2025-03-27,560.00,PE,0.00,0.00,0.00,35.55,20.30,0,0.00,0,0,06-JAN-2025
OPTSTK,GRANULES,30-Jan-2025,2025-01-30,700.00,CE,2.00,3.00,1.70,2.50,2.50,608,4270.311,106000,48000,06-JAN-2025
OPTSTK,GRANULES,27-Mar-2025,2025-03-27,600.00,CE,0.00,0.00,0.00,58.15,52.95,0,0.00,0,0,06-JAN-2025
OPTSTK,AARTIIND,30-Jan-2025,2025-01-30,600.00,PE,0.00,0.00,0.00,180.00,193.50,0,0.00,63000,0,06-JAN-2025
OPTSTK,AARTIIND,27-Feb-2025,2025-02-27,460.00,CE,0.00,0.00,0.00,39.55,6.35,0,0.00,0,0,06-JAN-2025
OPTSTK,AARTIIND,27-Mar-2025,2025-03-27,480.00,CE,0.00,0.00,0.00,16.85,7.30,0,0.00,0,0,06-JAN-2025
OPTSTK,AARTIIND,30-Jan-2025,2025-01-30,480.00,CE,0.85,0.90,0.45,0.50,0.50,91,437.3355,373000,-12000,06-JAN-2025
OPTSTK,AARTIIND,27-Feb-2025,2025-02-27,375.00,CE,0.00,0.00,0.00,55.35,41.45,0,0.00,0,0,06-JAN-2025
OPTSTK,AARTIIND,30-Jan-2025,2025-01-30,375.00,CE,0.00,0.00,0.00,47.95,34.65,0,0.00,0,0,06-JAN-2025
OPTSTK,AARTIIND,30-Jan-2025,2025-01-30,385.00,CE,25.20,25.20,25.05,25.10,25.10,3,12.3035,2000,2000,06-JAN-2025
FUTSTK,AARTIIND,30-Jan-2025,2025-01-30,,,420.25,421.30,402.85,404.85,404.85,3117,12781.2285,15252000,146000,06-JAN-2025
OPTSTK,AARTIIND,30-Jan-2025,2025-01-30,435.00,CE,6.00,6.00,3.20,3.35,3.35,120,526.909,239000,4000,06-JAN-2025
OPTSTK,AARTIIND,30-Jan-2025,2025-01-30,375.00,PE,1.70,3.90,1.70,3.50,3.50,97,366.1745,88000,34000,06-JAN-2025
OPTSTK,AARTIIND,27-Feb-2025,2025-02-27,395.00,CE,0.00,0.00,0.00,42.70,28.90,0,0.00,0,0,06-JAN-2025
OPTSTK,AARTIIND,30-Jan-2025,2025-01-30,420.00,PE,11.80,23.00,11.50,21.80,21.80,468,2042.42,554000,-22000,06-JAN-2025
OPTSTK,AARTIIND,27-Mar-2025,2025-03-27,420.00,PE,0.00,0.00,0.00,36.20,33.30,0,0.00,0,0,06-JAN-2025
OPTSTK,AARTIIND,30-Jan-2025,2025-01-30,520.00,CE,0.00,0.00,0.00,0.30,0.05,0,0.00,20000,0,06-JAN-2025
OPTSTK,AARTIIND,27-Mar-2025,2025-03-27,410.00,PE,0.00,0.00,0.00,31.10,27.80,0,0.00,0,0,06-JAN-2025
OPTSTK,AARTIIND,27-Feb-2025,2025-02-27,405.00,PE,0.00,0.00,0.00,23.85,20.95,0,0.00,0,0,06-JAN-2025
OPTSTK,AARTIIND,27-Feb-2025,2025-02-27,405.00,CE,0.00,0.00,0.00,37.15,23.65,0,0.00,0,0,06-JAN-2025
OPTSTK,AARTIIND,30-Jan-2025,2025-01-30,490.00,CE,0.45,0.50,0.30,0.35,0.35,22,107.8785,394000,-1000,06-JAN-2025
OPTSTK,AARTIIND,30-Jan-2025,2025-01-30,490.00,PE,0.00,0.00,0.00,65.85,84.35,0,0.00,2000,0,06-JAN-2025
OPTSTK,AARTIIND,27-Feb-2025,2025-02-27,420.00,PE,18.00,22.50,18.00,22.50,29.25,2,8.805,12000,2000,06-JAN-2025
OPTSTK,AARTIIND,30-Jan-2025,2025-01-30,420.00,CE,12.25,13.00,6.30,6.95,6.95,1482,6356.085,1055000,99000,06-JAN-2025
OPTSTK,AARTIIND,27-Feb-2025,2025-02-27,350.00,PE,0.00,0.00,0.00,6.25,3.55,0,0.00,0,0,06-JAN-2025
OPTSTK,AARTIIND,27-Feb-2025,2025-02-27,430.00,CE,0.00,0.00,0.00,25.60,13.60,0,0.00,0,0,06-JAN-2025
OPTSTK,AARTIIND,30-Jan-2025,2025-01-30,560.00,CE,0.30,0.30,0.30,0.30,0.05,20,112.06,116000,1000,06-JAN-2025
OPTSTK,AARTIIND,30-Jan-2025,2025-01-30,510.00,PE,0.00,0.00,0.00,95.00,104.00,0,0.00,15000,0,06-JAN-2025
OPTSTK,AARTIIND,27-Mar-2025,2025-03-27,420.00,CE,0.00,0.00,0.00,37.05,23.35,0,0.00,0,0,06-JAN-2025
FUTSTK,AARTIIND,27-Mar-2025,2025-03-27,,,426.00,426.00,408.55,410.00,410.00,23,95.545,74000,19000,06-JAN-2025
OPTSTK,AARTIIND,27-Feb-2025,2025-02-27,490.00,CE,0.00,0.00,0.00,9.10,2.65,0,0.00,0,0,06-JAN-2025
OPTSTK,AARTIIND,30-Jan-2025,2025-01-30,395.00,PE,4.10,9.50,3.85,8.80,8.80,161,647.764,73000,6000,06-JAN-2025
OPTSTK,AARTIIND,30-Jan-2025,2025-01-30,455.00,CE,2.55,2.60,1.45,1.50,1.50,88,401.937,113000,23000,06-JAN-2025
OPTSTK,AARTIIND,30-Jan-2025,2025-01-30,455.00,PE,0.00,0.00,0.00,47.95,51.30,0,0.00,0,0,06-JAN-2025
OPTSTK,AARTIIND,27-Feb-2025,2025-02-27,340.00,PE,0.00,0.00,0.00,4.25,2.30,0,0.00,0,0,06-JAN-2025
OPTSTK,TATASTEEL,27-Feb-2025,2025-02-27,111.00,CE,0.00,0.00,0.00,31.05,22.50,0,0.00,0,0,06-JAN-2025
OPTSTK,TATASTEEL,30-Jan-2025,2025-01-30,111.00,PE,0.00,0.00,0.00,0.05,0.05,0,0.00,0,0,06-JAN-2025
OPTSTK,TATASTEEL,27-Feb-2025,2025-02-27,111.00,PE,0.00,0.00,0.00,0.30,0.20,0,0.00,0,0,06-JAN-2025
OPTSTK,BAJAJFINSV,30-Jan-2025,2025-01-30,1660.00,PE,14.45,28.70,14.25,24.50,24.50,1869,15719.3185,365000,-41000,06-JAN-2025
OPTSTK,TATASTEEL,30-Jan-2025,2025-01-30,135.00,PE,2.20,5.70,2.20,5.30,5.30,4818,36874.0185,14393500,995500,06-JAN-2025
OPTSTK,TATASTEEL,30-Jan-2025,2025-01-30,132.50,CE,7.20,7.30,3.95,4.20,4.20,558,4202.92125,995500,638000,06-JAN-2025
OPTSTK,BAJAJFINSV,30-Jan-2025,2025-01-30,1880.00,CE,5.50,6.60,2.65,3.00,3.00,1942,18296.6882,517500,51000,06-JAN-2025
OPTSTK,TATASTEEL,27-Feb-2025,2025-02-27,114.00,CE,0.00,0.00,0.00,28.25,19.70,0,0.00,0,0,06-JAN-2025
OPTSTK,TATASTEEL,27-Feb-2025,2025-02-27,114.00,PE,0.00,0.00,0.00,0.45,0.40,0,0.00,0,0,06-JAN-2025
OPTSTK,TATASTEEL,27-Mar-2025,2025-03-27,114.00,CE,0.00,0.00,0.00,29.30,20.75,0,0.00,0,0,06-JAN-2025
OPTSTK,TATASTEEL,30-Jan-2025,2025-01-30,114.00,CE,0.00,0.00,0.00,27.25,18.75,0,0.00,0,0,06-JAN-2025
OPTSTK,TATASTEEL,27-Mar-2025,2025-03-27,114.00,PE,0.00,0.00,0.00,0.90,0.85,0,0.00,0,0,06-JAN-2025
OPTSTK,BAJAJFINSV,30-Jan-2025,2025-01-30,1640.00,CE,95.95,100.00,65.65,69.05,69.05,73,626.15275,668500,-8500,06-JAN-2025
OPTSTK,BAJAJFINSV,27-Feb-2025,2025-02-27,1920.00,PE,0.00,0.00,0.00,322.65,224.50,0,0.00,0,0,06-JAN-2025
OPTSTK,BAJAJFINSV,27-Feb-2025,2025-02-27,1500.00,CE,0.00,0.00,0.00,169.00,204.90,0,0.00,1000,0,06-JAN-2025
OPTSTK,BAJAJFINSV,30-Jan-2025,2025-01-30,1840.00,CE,9.40,10.70,4.35,4.85,4.85,1008,9311.343,201500,5000,06-JAN-2025
OPTSTK,BAJAJFINSV,30-Jan-2025,2025-01-30,2000.00,PE,293.50,297.00,293.50,296.00,306.70,4,45.9,175000,0,06-JAN-2025
OPTSTK,BAJAJFINSV,30-Jan-2025,2025-01-30,1600.00,PE,7.00,11.90,5.55,10.15,10.15,2704,21755.418,749500,-113500,06-JAN-2025
OPTSTK,BAJAJFINSV,27-Mar-2025,2025-03-27,1600.00,PE,0.00,0.00,0.00,35.00,32.90,0,0.00,1000,0,06-JAN-2025
OPTSTK,BAJAJFINSV,27-Feb-2025,2025-02-27,1740.00,CE,0.00,0.00,0.00,47.40,45.60,0,0.00,2500,0,06-JAN-2025
OPTSTK,TATASTEEL,30-Jan-2025,2025-01-30,132.00,CE,7.10,7.10,4.20,4.45,4.45,426,3199.72125,1039500,968000,06-JAN-2025
OPTSTK,TATASTEEL,27-Mar-2025,2025-03-27,150.00,PE,0.00,0.00,0.00,13.55,17.65,0,0.00,0,0,06-JAN-2025
OPTSTK,TATASTEEL,27-Feb-2025,2025-02-27,129.00,CE,0.00,0.00,0.00,15.70,8.05,0,0.00,0,0,06-JAN-2025
OPTSTK,TATASTEEL,30-Jan-2025,2025-01-30,170.00,CE,0.05,0.10,0.05,0.05,0.05,127,1187.86525,7315000,132000,06-JAN-2025
OPTSTK,BAJAJFINSV,30-Jan-2025,2025-01-30,1960.00,CE,2.10,2.90,1.05,1.15,1.15,835,8191.83175,115500,48500,06-JAN-2025
FUTSTK,BAJAJFINSV,30-Jan-2025,2025-01-30,,,1719.95,1752.50,1684.05,1693.55,1693.55,7744,66147.4845,13413000,-199000,06-JAN-2025
OPTSTK,BAJAJFINSV,27-Feb-2025,2025-02-27,1600.00,PE,18.90,25.40,18.40,24.90,24.90,32,259.63325,21500,6500,06-JAN-2025
OPTSTK,BAJAJFINSV,27-Feb-2025,2025-02-27,1600.00,CE,146.90,146.90,126.30,126.30,123.15,3,25.9975,7500,500,06-JAN-2025
OPTSTK,TATASTEEL,27-Feb-2025,2025-02-27,112.00,CE,0.00,0.00,0.00,30.10,21.55,0,0.00,0,0,06-JAN-2025
OPTSTK,TATASTEEL,27-Mar-2025,2025-03-27,112.00,CE,0.00,0.00,0.00,31.10,22.50,0,0.00,0,0,06-JAN-2025
OPTSTK,TATASTEEL,30-Jan-2025,2025-01-30,152.00,CE,0.45,0.50,0.25,0.30,0.30,414,3468.52825,676500,-137500,06-JAN-2025
OPTSTK,LTTS,30-Jan-2025,2025-01-30,5450.00,CE,0.00,0.00,0.00,15.75,4.75,0,0.00,600,0,06-JAN-2025
OPTSTK,LTTS,27-Mar-2025,2025-03-27,5200.00,PE,0.00,0.00,0.00,589.95,474.80,0,0.00,0,0,06-JAN-2025
FUTSTK,LTTS,30-Jan-2025,2025-01-30,,,4781.60,4848.95,4728.50,4771.60,4771.60,2173,10402.051,637500,-25700,06-JAN-2025
OPTSTK,LTTS,27-Feb-2025,2025-02-27,4700.00,PE,0.00,0.00,0.00,188.00,146.80,0,0.00,3900,0,06-JAN-2025
OPTSTK,LTTS,27-Feb-2025,2025-02-27,3900.00,PE,0.00,0.00,0.00,8.95,3.75,0,0.00,0,0,06-JAN-2025
OPTSTK,LTTS,27-Mar-2025,2025-03-27,3800.00,PE,0.00,0.00,0.00,29.15,6.75,0,0.00,0,0,06-JAN-2025
OPTSTK,LTTS,27-Feb-2025,2025-02-27,4750.00,CE,0.00,0.00,0.00,248.15,228.40,0,0.00,0,0,06-JAN-2025
OPTSTK,LTTS,30-Jan-2025,2025-01-30,4100.00,PE,0.00,0.00,0.00,11.75,1.65,0,0.00,14600,0,06-JAN-2025
OPTSTK,LTTS,27-Mar-2025,2025-03-27,5000.00,PE,0.00,0.00,0.00,453.95,340.35,0,0.00,0,0,06-JAN-2025
OPTSTK,LTTS,27-Feb-2025,2025-02-27,5600.00,PE,0.00,0.00,0.00,498.70,800.15,0,0.00,0,0,06-JAN-2025
OPTSTK,LTTS,27-Feb-2025,2025-02-27,4150.00,PE,0.00,0.00,0.00,57.05,16.55,0,0.00,0,0,06-JAN-2025
OPTSTK,LTTS,30-Jan-2025,2025-01-30,4750.00,CE,188.00,210.35,167.55,176.75,176.75,31,153.08295,15600,-200,06-JAN-2025
OPTSTK,LTTS,27-Feb-2025,2025-02-27,4150.00,CE,0.00,0.00,0.00,627.15,669.95,0,0.00,0,0,06-JAN-2025
OPTSTK,LTTS,30-Jan-2025,2025-01-30,5050.00,CE,75.80,81.00,75.80,76.60,44.90,4,20.5098,5400,100,06-JAN-2025
OPTSTK,LTTS,30-Jan-2025,2025-01-30,4000.00,PE,5.15,6.55,3.45,6.00,6.00,389,1558.14055,76300,100,06-JAN-2025
OPTSTK,LTTS,30-Jan-2025,2025-01-30,4000.00,CE,0.00,0.00,0.00,1044.45,782.00,0,0.00,0,0,06-JAN-2025
OPTSTK,LTTS,30-Jan-2025,2025-01-30,6000.00,PE,0.00,0.00,0.00,940.00,1209.80,0,0.00,200,0,06-JAN-2025
OPTSTK,LTTS,30-Jan-2025,2025-01-30,5250.00,CE,0.00,0.00,0.00,30.45,15.95,0,0.00,700,0,06-JAN-2025
OPTSTK,LTTS,27-Feb-2025,2025-02-27,5250.00,CE,0.00,0.00,0.00,88.95,58.50,0,0.00,0,0,06-JAN-2025
OPTSTK,LTTS,27-Feb-2025,2025-02-27,5250.00,PE,0.00,0.00,0.00,605.10,494.55,0,0.00,0,0,06-JAN-2025
OPTSTK,LTTS,30-Jan-2025,2025-01-30,4950.00,PE,0.00,0.00,0.00,232.65,234.85,0,0.00,800,0,06-JAN-2025
OPTSTK,LTTS,27-Mar-2025,2025-03-27,4600.00,CE,0.00,0.00,0.00,387.15,373.40,0,0.00,0,0,06-JAN-2025
OPTSTK,LTTS,27-Feb-2025,2025-02-27,5400.00,PE,0.00,0.00,0.00,381.00,620.30,0,0.00,0,0,06-JAN-2025
OPTSTK,LTTS,27-Feb-2025,2025-02-27,4600.00,PE,0.00,0.00,0.00,137.95,107.85,0,0.00,200,0,06-JAN-2025
OPTSTK,LTTS,27-Mar-2025,2025-03-27,4600.00,PE,0.00,0.00,0.00,236.00,142.15,0,0.00,0,0,06-JAN-2025
OPTSTK,LTTS,27-Feb-2025,2025-02-27,4600.00,CE,0.00,0.00,0.00,816.00,315.55,0,0.00,0,0,06-JAN-2025
OPTSTK,LTTS,30-Jan-2025,2025-01-30,4450.00,PE,0.00,0.00,0.00,39.90,26.10,0,0.00,3500,0,06-JAN-2025
OPTSTK,LTTS,30-Jan-2025,2025-01-30,4800.00,PE,155.25,195.75,138.05,177.15,177.15,370,1837.16805,23100,-2500,06-JAN-2025
OPTSTK,LTTS,30-Jan-2025,2025-01-30,5150.00,CE,0.00,0.00,0.00,37.00,27.35,0,0.00,4300,0,06-JAN-2025
OPTSTK,LTTS,27-Mar-2025,2025-03-27,4700.00,PE,0.00,0.00,0.00,283.20,182.25,0,0.00,0,0,06-JAN-2025
OPTSTK,LTTS,27-Feb-2025,2025-02-27,4700.00,CE,0.00,0.00,0.00,280.80,255.45,0,0.00,100,0,06-JAN-2025
OPTSTK,LTTS,27-Feb-2025,2025-02-27,5150.00,CE,0.00,0.00,0.00,111.30,79.55,0,0.00,0,0,06-JAN-2025
OPTSTK,LTTS,30-Jan-2025,2025-01-30,4700.00,PE,107.35,151.40,97.45,128.30,128.30,331,1598.57495,59100,-2900,06-JAN-2025
OPTSTK,LUPIN,30-Jan-2025,2025-01-30,2320.00,CE,90.00,100.85,77.45,89.85,89.85,58,593.542675,171700,-1275,06-JAN-2025
OPTSTK,LUPIN,27-Mar-2025,2025-03-27,2320.00,CE,0.00,0.00,0.00,97.75,156.20,0,0.00,0,0,06-JAN-2025
OPTSTK,ASTRAL,27-Feb-2025,2025-02-27,1660.00,CE,0.00,0.00,0.00,103.80,28.65,0,0.00,0,0,06-JAN-2025
OPTSTK,LUPIN,30-Jan-2025,2025-01-30,2220.00,PE,14.30,16.05,12.20,14.85,14.85,129,1224.78688,102425,-4250,06-JAN-2025
OPTSTK,LUPIN,30-Jan-2025,2025-01-30,2220.00,CE,164.95,164.95,164.50,164.50,164.50,2,20.2701625,47175,0,06-JAN-2025
OPTSTK,LUPIN,27-Feb-2025,2025-02-27,2220.00,CE,0.00,0.00,0.00,119.00,193.80,0,0.00,425,0,06-JAN-2025
OPTSTK,ASTRAL,30-Jan-2025,2025-01-30,1620.00,CE,47.00,49.95,21.10,24.10,24.10,733,4449.82784,77804,49178,06-JAN-2025
OPTSTK,ASTRAL,27-Feb-2025,2025-02-27,1620.00,PE,0.00,0.00,0.00,54.50,89.25,0,0.00,0,0,06-JAN-2025
OPTSTK,SUPREMEIND,27-Mar-2025,2025-03-27,5200.00,PE,0.00,0.00,0.00,639.65,721.35,0,0.00,0,0,06-JAN-2025
OPTSTK,LUPIN,30-Jan-2025,2025-01-30,2480.00,PE,0.00,0.00,0.00,104.25,133.85,0,0.00,5950,0,06-JAN-2025
OPTSTK,LUPIN,27-Feb-2025,2025-02-27,2380.00,PE,0.00,0.00,0.00,221.30,92.90,0,0.00,0,0,06-JAN-2025
OPTSTK,LUPIN,30-Jan-2025,2025-01-30,2380.00,PE,61.90,72.50,53.20,64.00,64.00,793,8233.80188,133875,-12750,06-JAN-2025
OPTSTK,ASTRAL,27-Mar-2025,2025-03-27,1440.00,PE,0.00,0.00,0.00,18.05,23.65,0,0.00,0,0,06-JAN-2025
OPTSTK,ASTRAL,30-Jan-2025,2025-01-30,1440.00,PE,4.40,10.35,3.75,8.00,8.00,228,1210.5128,12478,12478,06-JAN-2025
OPTSTK,ASTRAL,27-Feb-2025,2025-02-27,1700.00,PE,0.00,0.00,0.00,91.35,146.65,0,0.00,0,0,06-JAN-2025
OPTSTK,ASTRAL,30-Jan-2025,2025-01-30,1700.00,PE,94.25,153.00,83.90,147.75,147.75,127,847.121694,153406,-17983,06-JAN-2025
OPTSTK,LUPIN,30-Jan-2025,2025-01-30,2420.00,CE,43.50,48.35,32.20,40.75,40.75,484,5058.77967,232050,5100,06-JAN-2025
OPTSTK,LUPIN,30-Jan-2025,2025-01-30,2120.00,CE,0.00,0.00,0.00,167.20,252.85,0,0.00,10200,0,06-JAN-2025
OPTSTK,SUPREMEIND,27-Feb-2025,2025-02-27,4400.00,PE,0.00,0.00,0.00,307.60,177.55,0,0.00,0,0,06-JAN-2025
OPTSTK,SUPREMEIND,27-Mar-2025,2025-03-27,4400.00,CE,0.00,0.00,0.00,662.25,409.70,0,0.00,0,0,06-JAN-2025
OPTSTK,LUPIN,27-Feb-2025,2025-02-27,2680.00,PE,0.00,0.00,0.00,639.65,309.05,0,0.00,0,0,06-JAN-2025
OPTSTK,LUPIN,30-Jan-2025,2025-01-30,2680.00,CE,2.80,3.60,2.00,2.00,2.45,7,79.818825,6800,850,06-JAN-2025
OPTSTK,ASTRAL,30-Jan-2025,2025-01-30,1800.00,CE,4.20,4.90,2.45,2.80,2.80,1242,8219.08867,259102,-58720,06-JAN-2025
OPTSTK,LUPIN,30-Jan-2025,2025-01-30,2060.00,PE,3.00,3.60,2.20,3.55,3.55,16,140.306312,29325,-850,06-JAN-2025
OPTSTK,LUPIN,27-Mar-2025,2025-03-27,2320.00,PE,0.00,0.00,0.00,193.75,81.90,0,0.00,0,0,06-JAN-2025
OPTSTK,LUPIN,27-Feb-2025,2025-02-27,2320.00,PE,0.00,0.00,0.00,62.10,65.30,0,0.00,425,0,06-JAN-2025
OPTSTK,ASTRAL,30-Jan-2025,2025-01-30,1660.00,PE,63.45,115.85,57.75,114.35,114.35,113,723.738129,103861,-9542,06-JAN-2025
OPTSTK,LUPIN,30-Jan-2025,2025-01-30,1900.00,PE,1.00,1.40,0.70,1.35,0.05,11,88.8723875,62900,0,06-JAN-2025
OPTSTK,SUPREMEIND,30-Jan-2025,2025-01-30,4300.00,PE,54.00,70.45,54.00,69.70,75.40,5,27.2931875,6250,125,06-JAN-2025
OPTSTK,LUPIN,27-Feb-2025,2025-02-27,2340.00,CE,0.00,0.00,0.00,64.55,116.45,0,0.00,0,0,06-JAN-2025
OPTSTK,LUPIN,30-Jan-2025,2025-01-30,2680.00,PE,0.00,0.00,0.00,469.45,310.35,0,0.00,0,0,06-JAN-2025
OPTSTK,LUPIN,27-Mar-2025,2025-03-27,2440.00,PE,0.00,0.00,0.00,275.75,141.45,0,0.00,0,0,06-JAN-2025
OPTSTK,LT,30-Jan-2025,2025-01-30,3750.00,CE,52.00,61.85,31.05,33.65,33.65,5017,28545.0873,477600,13950,06-JAN-2025
OPTSTK,DRREDDY,27-Feb-2025,2025-02-27,1320.00,PE,0.00,0.00,0.00,125.20,21.05,0,0.00,0,0,06-JAN-2025
OPTSTK,LT,30-Jan-2025,2025-01-30,3850.00,CE,26.00,30.75,14.60,15.95,15.95,2518,14618.5751,144600,31950,06-JAN-2025
OPTSTK,DRREDDY,30-Jan-2025,2025-01-30,1310.00,PE,17.15,20.65,16.00,17.10,17.10,188,1560.61343,51875,-9375,06-JAN-2025
OPTSTK,LT,30-Jan-2025,2025-01-30,4150.00,CE,3.85,3.90,2.15,2.25,2.25,119,741.299175,21150,-2550,06-JAN-2025
OPTSTK,LT,30-Jan-2025,2025-01-30,3400.00,PE,12.30,22.45,9.00,19.55,19.55,2625,13452.7491,221250,40950,06-JAN-2025
OPTSTK,DRREDDY,27-Feb-2025,2025-02-27,1330.00,PE,0.00,0.00,0.00,35.25,24.65,0,0.00,0,0,06-JAN-2025
OPTSTK,DRREDDY,27-Mar-2025,2025-03-27,1200.00,PE,0.00,0.00,0.00,9.45,3.65,0,0.00,0,0,06-JAN-2025
OPTSTK,DRREDDY,27-Feb-2025,2025-02-27,1220.00,PE,0.00,0.00,0.00,59.70,2.65,0,0.00,0,0,06-JAN-2025
OPTSTK,DRREDDY,27-Mar-2025,2025-03-27,1340.00,CE,0.00,0.00,0.00,86.05,64.85,0,0.00,0,0,06-JAN-2025
OPTSTK,DRREDDY,30-Jan-2025,2025-01-30,1220.00,PE,2.90,4.55,2.90,3.55,3.55,130,994.302187,66875,3750,06-JAN-2025
OPTSTK,DRREDDY,30-Jan-2025,2025-01-30,1520.00,PE,0.00,0.00,0.00,225.15,163.20,0,0.00,0,0,06-JAN-2025
OPTSTK,LT,27-Feb-2025,2025-02-27,4300.00,PE,0.00,0.00,0.00,621.90,662.75,0,0.00,0,0,06-JAN-2025
OPTSTK,LT,27-Feb-2025,2025-02-27,4300.00,CE,0.00,0.00,0.00,9.00,7.10,0,0.00,150,0,06-JAN-2025
OPTSTK,LT,30-Jan-2025,2025-01-30,3700.00,CE,71.75,85.65,44.20,48.65,48.65,10549,59546.124,572400,103050,06-JAN-2025
OPTSTK,DRREDDY,30-Jan-2025,2025-01-30,1100.00,PE,0.00,0.00,0.00,0.85,0.05,0,0.00,1875,0,06-JAN-2025
OPTSTK,DRREDDY,30-Jan-2025,2025-01-30,1410.00,PE,71.40,75.90,66.75,66.75,61.95,7,64.7715625,25625,-1875,06-JAN-2025
OPTSTK,DRREDDY,30-Jan-2025,2025-01-30,1410.00,CE,12.35,15.05,9.65,14.20,14.20,555,4933.36625,438750,1875,06-JAN-2025
OPTSTK,DRREDDY,27-Feb-2025,2025-02-27,1410.00,PE,0.00,0.00,0.00,75.75,67.35,0,0.00,0,0,06-JAN-2025
OPTSTK,DRREDDY,27-Feb-2025,2025-02-27,1410.00,CE,0.00,0.00,0.00,38.60,21.20,0,0.00,0,0,06-JAN-2025
OPTSTK,LT,30-Jan-2025,2025-01-30,4050.00,CE,5.50,7.45,3.65,3.85,3.85,1916,11654.6472,50100,5700,06-JAN-2025
OPTSTK,LT,27-Feb-2025,2025-02-27,4050.00,PE,0.00,0.00,0.00,436.10,434.30,0,0.00,0,0,06-JAN-2025
OPTSTK,DRREDDY,30-Jan-2025,2025-01-30,1330.00,PE,22.95,28.60,21.45,23.15,23.15,291,2464.58093,93750,15625,06-JAN-2025
OPTSTK,DRREDDY,30-Jan-2025,2025-01-30,1330.00,CE,46.10,49.25,39.00,47.40,47.40,69,592.946875,25625,10000,06-JAN-2025
OPTSTK,DRREDDY,27-Feb-2025,2025-02-27,1330.00,CE,0.00,0.00,0.00,77.10,57.70,0,0.00,0,0,06-JAN-2025
OPTSTK,LT,30-Jan-2025,2025-01-30,4150.00,PE,0.00,0.00,0.00,266.00,530.35,0,0.00,150,0,06-JAN-2025
OPTSTK,DRREDDY,27-Feb-2025,2025-02-27,1450.00,PE,0.00,0.00,0.00,102.45,97.15,0,0.00,0,0,06-JAN-2025
OPTSTK,LT,27-Mar-2025,2025-03-27,3600.00,CE,0.00,0.00,0.00,220.00,203.65,0,0.00,150,0,06-JAN-2025
OPTSTK,LT,30-Jan-2025,2025-01-30,4400.00,PE,0.00,0.00,0.00,705.00,777.45,0,0.00,150,0,06-JAN-2025
OPTSTK,DRREDDY,27-Feb-2025,2025-02-27,1370.00,PE,0.00,0.00,0.00,53.25,42.90,0,0.00,0,0,06-JAN-2025
OPTSTK,DRREDDY,27-Feb-2025,2025-02-27,1370.00,CE,0.00,0.00,0.00,55.55,36.35,0,0.00,0,0,06-JAN-2025
OPTSTK,LT,27-Feb-2025,2025-02-27,3400.00,PE,0.00,0.00,0.00,97.15,50.10,0,0.00,0,0,06-JAN-2025
OPTSTK,IPCALAB,30-Jan-2025,2025-01-30,1560.00,PE,4.80,6.50,4.80,5.80,5.80,48,488.54975,46800,-9100,06-JAN-2025
OPTSTK,IPCALAB,30-Jan-2025,2025-01-30,1560.00,CE,0.00,0.00,0.00,117.90,169.75,0,0.00,5850,0,06-JAN-2025
OPTSTK,IPCALAB,30-Jan-2025,2025-01-30,1680.00,CE,64.00,70.00,64.00,70.00,74.40,4,45.383,72800,-1950,06-JAN-2025
OPTSTK,IPCALAB,30-Jan-2025,2025-01-30,1840.00,CE,13.10,14.85,10.05,14.15,14.15,103,1240.0947,148850,9100,06-JAN-2025
OPTSTK,IPCALAB,30-Jan-2025,2025-01-30,1800.00,CE,22.65,24.50,16.40,22.10,22.10,743,8794.04077,282100,-89050,06-JAN-2025
OPTSTK,IPCALAB,30-Jan-2025,2025-01-30,1580.00,CE,145.55,145.55,145.55,145.55,151.70,1,11.216075,12350,-650,06-JAN-2025
OPTSTK,IPCALAB,30-Jan-2025,2025-01-30,1580.00,PE,5.90,8.60,5.40,7.60,7.60,76,784.50385,62400,19500,06-JAN-2025
OPTSTK,IPCALAB,27-Feb-2025,2025-02-27,1900.00,CE,0.00,0.00,0.00,13.40,19.65,0,0.00,0,0,06-JAN-2025
OPTSTK,IPCALAB,30-Jan-2025,2025-01-30,1900.00,CE,5.90,7.60,4.50,6.90,6.90,364,4510.0835,61750,50050,06-JAN-2025
OPTSTK,IPCALAB,30-Jan-2025,2025-01-30,1540.00,PE,3.10,6.20,3.10,4.20,4.20,21,210.7638,33150,7800,06-JAN-2025
OPTSTK,IPCALAB,27-Feb-2025,2025-02-27,1960.00,PE,0.00,0.00,0.00,420.00,233.45,0,0.00,0,0,06-JAN-2025
OPTSTK,IPCALAB,27-Feb-2025,2025-02-27,1580.00,CE,0.00,0.00,0.00,103.85,170.95,0,0.00,0,0,06-JAN-2025
OPTSTK,IPCALAB,27-Feb-2025,2025-02-27,1580.00,PE,0.00,0.00,0.00,69.65,16.85,0,0.00,0,0,06-JAN-2025
OPTSTK,IPCALAB,30-Jan-2025,2025-01-30,1660.00,CE,81.35,86.70,77.95,86.70,86.70,38,430.29025,65000,-1950,06-JAN-2025
OPTSTK,IPCALAB,27-Feb-2025,2025-02-27,1780.00,PE,0.00,0.00,0.00,195.05,96.05,0,0.00,0,0,06-JAN-2025
OPTSTK,IPCALAB,30-Jan-2025,2025-01-30,1440.00,CE,0.00,0.00,0.00,208.40,285.55,0,0.00,0,0,06-JAN-2025
OPTSTK,IPCALAB,30-Jan-2025,2025-01-30,1440.00,PE,0.00,0.00,0.00,33.70,0.15,0,0.00,0,0,06-JAN-2025
OPTSTK,IPCALAB,27-Feb-2025,2025-02-27,2000.00,PE,0.00,0.00,0.00,457.25,269.35,0,0.00,0,0,06-JAN-2025
OPTSTK,IPCALAB,27-Feb-2025,2025-02-27,1740.00,CE,0.00,0.00,0.00,67.00,68.95,0,0.00,3250,0,06-JAN-2025
OPTSTK,IPCALAB,27-Feb-2025,2025-02-27,1740.00,PE,0.00,0.00,0.00,165.00,73.30,0,0.00,0,0,06-JAN-2025
OPTSTK,IPCALAB,30-Jan-2025,2025-01-30,1740.00,CE,44.00,46.25,32.75,43.00,43.00,360,4166.71287,105300,26650,06-JAN-2025
FUTSTK,IPCALAB,30-Jan-2025,2025-01-30,,,1720.25,1741.30,1706.75,1725.55,1725.55,1515,16968.1193,2487550,-125450,06-JAN-2025
OPTSTK,IPCALAB,27-Feb-2025,2025-02-27,1780.00,CE,0.00,0.00,0.00,31.80,52.10,0,0.00,0,0,06-JAN-2025
OPTSTK,IPCALAB,27-Feb-2025,2025-02-27,1880.00,CE,0.00,0.00,0.00,14.30,23.40,0,0.00,0,0,06-JAN-2025
OPTSTK,IPCALAB,27-Feb-2025,2025-02-27,1760.00,PE,0.00,0.00,0.00,245.55,84.25,0,0.00,0,0,06-JAN-2025
OPTSTK,IPCALAB,27-Feb-2025,2025-02-27,1600.00,PE,0.00,0.00,0.00,33.55,21.10,0,0.00,1300,0,06-JAN-2025
OPTSTK,IPCALAB,27-Feb-2025,2025-02-27,1820.00,CE,0.00,0.00,0.00,24.10,38.45,0,0.00,0,0,06-JAN-2025
OPTSTK,IPCALAB,30-Jan-2025,2025-01-30,1880.00,PE,0.00,0.00,0.00,284.00,159.65,0,0.00,0,0,06-JAN-2025
OPTSTK,IPCALAB,30-Jan-2025,2025-01-30,1640.00,PE,15.55,20.10,13.80,17.95,17.95,118,1271.41982,63050,1950,06-JAN-2025
OPTSTK,IPCALAB,30-Jan-2025,2025-01-30,1500.00,PE,1.75,3.00,1.75,2.30,2.30,16,156.2496,116350,1300,06-JAN-2025
OPTSTK,IPCALAB,27-Feb-2025,2025-02-27,1500.00,CE,0.00,0.00,0.00,152.00,239.30,0,0.00,0,0,06-JAN-2025
OPTSTK,IPCALAB,27-Feb-2025,2025-02-27,1840.00,PE,0.00,0.00,0.00,312.35,136.15,0,0.00,0,0,06-JAN-2025
OPTSTK,DEEPAKNTR,27-Feb-2025,2025-02-27,2850.00,PE,0.00,0.00,0.00,316.30,415.70,0,0.00,0,0,06-JAN-2025
OPTSTK,CHOLAFIN,27-Feb-2025,2025-02-27,1320.00,PE,0.00,0.00,0.00,112.00,71.15,0,0.00,0,0,06-JAN-2025
OPTSTK,DEEPAKNTR,30-Jan-2025,2025-01-30,3050.00,PE,0.00,0.00,0.00,470.00,615.75,0,0.00,600,0,06-JAN-2025
OPTSTK,DEEPAKNTR,30-Jan-2025,2025-01-30,3050.00,CE,0.00,0.00,0.00,2.70,0.15,0,0.00,1200,0,06-JAN-2025
OPTSTK,DEEPAKNTR,27-Feb-2025,2025-02-27,2200.00,PE,0.00,0.00,0.00,26.85,27.40,0,0.00,0,0,06-JAN-2025
OPTSTK,CHOLAFIN,30-Jan-2025,2025-01-30,1440.00,PE,146.50,146.50,146.50,146.50,146.50,1,9.915625,4375,0,06-JAN-2025
OPTSTK,DEEPAKNTR,30-Jan-2025,2025-01-30,2450.00,CE,78.80,85.95,59.00,61.05,61.05,654,4944.1524,41700,26100,06-JAN-2025
OPTSTK,CHOLAFIN,27-Feb-2025,2025-02-27,1060.00,CE,0.00,0.00,0.00,163.75,247.05,0,0.00,0,0,06-JAN-2025
OPTSTK,CHOLAFIN,30-Jan-2025,2025-01-30,1060.00,PE,0.85,1.30,0.60,1.30,1.30,19,125.976875,97500,-625,06-JAN-2025
OPTSTK,DEEPAKNTR,27-Mar-2025,2025-03-27,2900.00,PE,0.00,0.00,0.00,369.90,461.05,0,0.00,0,0,06-JAN-2025
OPTSTK,CHOLAFIN,27-Feb-2025,2025-02-27,1300.00,CE,59.95,64.90,58.00,60.30,67.20,17,144.712187,8125,5625,06-JAN-2025
OPTSTK,CHOLAFIN,30-Jan-2025,2025-01-30,1340.00,PE,42.45,69.30,37.50,64.50,64.50,390,3385.31625,56250,3750,06-JAN-2025
OPTSTK,CHOLAFIN,30-Jan-2025,2025-01-30,1260.00,CE,96.80,96.80,56.85,61.50,61.50,160,1334.50562,171875,-40000,06-JAN-2025
OPTSTK,CHOLAFIN,27-Feb-2025,2025-02-27,1100.00,CE,0.00,0.00,0.00,135.00,210.25,0,0.00,0,0,06-JAN-2025
OPTSTK,CHOLAFIN,30-Jan-2025,2025-01-30,1100.00,PE,1.30,2.00,1.20,1.75,1.75,319,2196.00093,197500,-86250,06-JAN-2025
OPTSTK,DEEPAKNTR,30-Jan-2025,2025-01-30,2250.00,PE,11.65,18.10,10.80,16.30,16.30,108,733.65465,7200,3600,06-JAN-2025
OPTSTK,DEEPAKNTR,27-Feb-2025,2025-02-27,2250.00,PE,0.00,0.00,0.00,35.15,38.80,0,0.00,0,0,06-JAN-2025
OPTSTK,DEEPAKNTR,30-Jan-2025,2025-01-30,2250.00,CE,203.05,203.05,203.05,203.05,197.25,1,7.35915,300,300,06-JAN-2025
OPTSTK,DEEPAKNTR,27-Feb-2025,2025-02-27,2250.00,CE,0.00,0.00,0.00,384.60,231.20,0,0.00,0,0,06-JAN-2025
FUTSTK,CHOLAFIN,30-Jan-2025,2025-01-30,,,1328.95,1347.00,1289.60,1297.55,1297.55,4528,37182.8031,12110000,-440000,06-JAN-2025
OPTSTK,CHOLAFIN,27-Feb-2025,2025-02-27,1300.00,PE,60.00,60.00,60.00,60.00,60.60,1,8.5,625,625,06-JAN-2025
OPTSTK,DEEPAKNTR,27-Mar-2025,2025-03-27,3000.00,PE,0.00,0.00,0.00,445.40,550.40,0,0.00,0,0,06-JAN-2025
OPTSTK,CHOLAFIN,27-Mar-2025,2025-03-27,1400.00,CE,0.00,0.00,0.00,31.50,46.30,0,0.00,0,0,06-JAN-2025
OPTSTK,DEEPAKNTR,27-Feb-2025,2025-02-27,2700.00,PE,0.00,0.00,0.00,177.15,286.45,0,0.00,0,0,06-JAN-2025
OPTSTK,CHOLAFIN,30-Jan-2025,2025-01-30,1220.00,PE,6.20,15.05,5.90,13.20,13.20,1056,8121.90906,244375,19375,06-JAN-2025
OPTSTK,DEEPAKNTR,27-Feb-2025,2025-02-27,2550.00,CE,0.00,0.00,0.00,186.40,71.15,0,0.00,0,0,06-JAN-2025
OPTSTK,DEEPAKNTR,30-Jan-2025,2025-01-30,2550.00,PE,119.35,149.10,111.50,148.80,148.80,89,716.8686,32100,-3000,06-JAN-2025
OPTSTK,DEEPAKNTR,30-Jan-2025,2025-01-30,2300.00,PE,22.00,26.90,15.95,25.10,25.10,515,3586.59615,68700,-10500,06-JAN-2025
OPTSTK,DEEPAKNTR,30-Jan-2025,2025-01-30,2100.00,CE,0.00,0.00,0.00,591.25,332.55,0,0.00,0,0,06-JAN-2025
OPTSTK,DEEPAKNTR,27-Feb-2025,2025-02-27,2100.00,PE,0.00,0.00,0.00,15.60,12.30,0,0.00,0,0,06-JAN-2025
OPTSTK,CHOLAFIN,30-Jan-2025,2025-01-30,1400.00,PE,90.00,112.00,82.00,109.85,109.85,19,178.17875,98750,-3750,06-JAN-2025
OPTSTK,CHAMBLFERT,27-Feb-2025,2025-02-27,460.00,CE,0.00,0.00,0.00,75.60,43.05,0,0.00,0,0,06-JAN-2025
OPTSTK,CHAMBLFERT,30-Jan-2025,2025-01-30,460.00,CE,0.00,0.00,0.00,51.45,32.75,0,0.00,9500,0,06-JAN-2025
OPTSTK,CHAMBLFERT,27-Feb-2025,2025-02-27,450.00,CE,0.00,0.00,0.00,73.65,49.20,0,0.00,0,0,06-JAN-2025
OPTSTK,CHAMBLFERT,27-Feb-2025,2025-02-27,500.00,PE,27.00,27.00,27.00,27.00,39.20,1,10.013,5700,1900,06-JAN-2025
OPTSTK,CHAMBLFERT,27-Feb-2025,2025-02-27,540.00,PE,0.00,0.00,0.00,70.75,66.90,0,0.00,0,0,06-JAN-2025
OPTSTK,CHAMBLFERT,30-Jan-2025,2025-01-30,420.00,PE,0.50,1.45,0.50,1.35,1.35,329,2632.23435,513000,121600,06-JAN-2025
FUTSTK,CHAMBLFERT,27-Mar-2025,2025-03-27,,,497.50,497.50,485.00,485.00,486.75,7,65.1529,26600,0,06-JAN-2025
OPTSTK,CHAMBLFERT,27-Feb-2025,2025-02-27,420.00,PE,0.00,0.00,0.00,16.05,7.10,0,0.00,0,0,06-JAN-2025
OPTSTK,CHAMBLFERT,27-Feb-2025,2025-02-27,420.00,CE,0.00,0.00,0.00,101.60,70.70,0,0.00,0,0,06-JAN-2025
OPTSTK,CHAMBLFERT,30-Jan-2025,2025-01-30,510.00,PE,22.95,35.05,22.30,35.05,35.05,17,173.869,195700,-9500,06-JAN-2025
OPTSTK,CHAMBLFERT,30-Jan-2025,2025-01-30,420.00,CE,0.00,0.00,0.00,90.45,63.75,0,0.00,0,0,06-JAN-2025
FUTSTK,CHAMBLFERT,30-Jan-2025,2025-01-30,,,513.75,513.75,479.00,481.85,481.85,1373,12784.1490,8331500,-9500,06-JAN-2025
OPTSTK,CHAMBLFERT,30-Jan-2025,2025-01-30,600.00,CE,0.45,0.45,0.35,0.35,0.35,17,193.9235,309700,-22800,06-JAN-2025
OPTSTK,CHAMBLFERT,30-Jan-2025,2025-01-30,550.00,PE,0.00,0.00,0.00,43.15,70.85,0,0.00,79800,0,06-JAN-2025
OPTSTK,CHAMBLFERT,30-Jan-2025,2025-01-30,490.00,PE,12.20,22.00,10.95,20.50,20.50,203,1952.28705,264100,19000,06-JAN-2025
OPTSTK,CHAMBLFERT,27-Feb-2025,2025-02-27,520.00,CE,11.00,11.00,11.00,11.00,16.75,1,10.089,1900,1900,06-JAN-2025
OPTSTK,CHAMBLFERT,30-Jan-2025,2025-01-30,510.00,CE,11.00,12.35,5.95,6.45,6.45,496,4889.54835,568100,28500,06-JAN-2025
OPTSTK,CHAMBLFERT,30-Jan-2025,2025-01-30,520.00,PE,35.50,41.50,35.50,41.50,41.50,5,52.9112,163400,0,06-JAN-2025
OPTSTK,CHAMBLFERT,27-Feb-2025,2025-02-27,530.00,CE,0.00,0.00,0.00,32.30,14.00,0,0.00,0,0,06-JAN-2025
OPTSTK,CHAMBLFERT,30-Jan-2025,2025-01-30,500.00,PE,16.00,28.65,15.40,26.95,26.95,233,2307.2346,467400,-20900,06-JAN-2025
OPTSTK,CHAMBLFERT,27-Feb-2025,2025-02-27,500.00,CE,23.85,23.85,17.50,17.50,23.55,8,78.94595,66500,7600,06-JAN-2025
OPTSTK,CHAMBLFERT,30-Jan-2025,2025-01-30,500.00,CE,16.75,17.15,8.60,9.20,9.20,640,6229.2127,741000,138700,06-JAN-2025
OPTSTK,CHAMBLFERT,30-Jan-2025,2025-01-30,540.00,PE,0.00,0.00,0.00,43.45,62.05,0,0.00,60800,0,06-JAN-2025
OPTSTK,CHAMBLFERT,30-Jan-2025,2025-01-30,450.00,PE,2.00,5.70,1.95,5.15,5.15,506,4360.35275,425600,26600,06-JAN-2025
OPTSTK,CHAMBLFERT,30-Jan-2025,2025-01-30,450.00,CE,0.00,0.00,0.00,60.50,39.55,0,0.00,11400,0,06-JAN-2025
OPTSTK,CHAMBLFERT,27-Feb-2025,2025-02-27,580.00,CE,5.25,5.25,5.25,5.25,5.25,1,11.11975,3800,1900,06-JAN-2025
OPTSTK,CHAMBLFERT,30-Jan-2025,2025-01-30,490.00,CE,20.45,21.00,12.20,12.75,12.75,165,1583.6329,134900,45600,06-JAN-2025
OPTSTK,CHAMBLFERT,30-Jan-2025,2025-01-30,550.00,CE,2.45,2.80,1.40,1.50,1.50,527,5525.9277,1444000,184300,06-JAN-2025
FUTSTK,CHAMBLFERT,27-Feb-2025,2025-02-27,,,501.45,502.40,481.95,483.25,483.25,69,641.67275,250800,15200,06-JAN-2025
OPTSTK,CHAMBLFERT,27-Feb-2025,2025-02-27,480.00,CE,0.00,0.00,0.00,64.50,32.25,0,0.00,0,0,06-JAN-2025
OPTSTK,CHAMBLFERT,27-Feb-2025,2025-02-27,520.00,PE,0.00,0.00,0.00,58.65,52.20,0,0.00,0,0,06-JAN-2025
OPTSTK,APOLLOHOSP,30-Jan-2025,2025-01-30,7150.00,PE,71.20,90.15,66.00,70.00,70.00,337,3043.24025,19375,-2250,06-JAN-2025
OPTSTK,APOLLOHOSP,30-Jan-2025,2025-01-30,7550.00,CE,77.00,169.90,75.20,150.85,150.85,1066,10228.7182,25125,7750,06-JAN-2025
OPTSTK,APOLLOHOSP,27-Feb-2025,2025-02-27,7500.00,CE,0.00,0.00,0.00,193.40,258.85,0,0.00,0,0,06-JAN-2025
OPTSTK,APOLLOHOSP,27-Feb-2025,2025-02-27,7900.00,PE,0.00,0.00,0.00,1023.40,508.40,0,0.00,0,0,06-JAN-2025
OPTSTK,APOLLOHOSP,30-Jan-2025,2025-01-30,7700.00,CE,46.75,115.00,42.85,100.25,100.25,2535,24644.8120,64875,10125,06-JAN-2025
OPTSTK,APOLLOHOSP,27-Feb-2025,2025-02-27,7700.00,CE,0.00,0.00,0.00,145.25,175.00,0,0.00,0,0,06-JAN-2025
OPTSTK,APOLLOHOSP,27-Feb-2025,2025-02-27,7700.00,PE,0.00,0.00,0.00,865.25,372.15,0,0.00,0,0,06-JAN-2025
OPTSTK,APOLLOHOSP,30-Jan-2025,2025-01-30,8300.00,CE,4.50,20.55,4.05,16.90,16.90,1971,20480.3226,64625,20000,06-JAN-2025
OPTSTK,APOLLOHOSP,30-Jan-2025,2025-01-30,6200.00,CE,0.00,0.00,0.00,1091.45,1256.70,0,0.00,1000,0,06-JAN-2025
OPTSTK,APOLLOHOSP,27-Feb-2025,2025-02-27,6200.00,PE,0.00,0.00,0.00,106.35,3.00,0,0.00,0,0,06-JAN-2025
OPTSTK,APOLLOHOSP,27-Mar-2025,2025-03-27,6400.00,PE,0.00,0.00,0.00,73.00,20.95,0,0.00,0,0,06-JAN-2025
OPTSTK,APOLLOHOSP,30-Jan-2025,2025-01-30,6800.00,CE,0.00,0.00,0.00,565.15,669.80,0,0.00,0,0,06-JAN-2025
OPTSTK,APOLLOHOSP,27-Feb-2025,2025-02-27,6100.00,CE,0.00,0.00,0.00,936.85,1389.25,0,0.00,0,0,06-JAN-2025
OPTSTK,APOLLOHOSP,30-Jan-2025,2025-01-30,6200.00,PE,0.00,0.00,0.00,65.15,0.10,0,0.00,0,0,06-JAN-2025
OPTSTK,APOLLOHOSP,27-Feb-2025,2025-02-27,8500.00,CE,0.00,0.00,0.00,39.50,23.45,0,0.00,0,0,06-JAN-2025
OPTSTK,APOLLOHOSP,27-Feb-2025,2025-02-27,8500.00,PE,0.00,0.00,0.00,1545.10,1012.95,0,0.00,0,0,06-JAN-2025
OPTSTK,APOLLOHOSP,30-Jan-2025,2025-01-30,8500.00,PE,0.00,0.00,0.00,1372.95,1035.50,0,0.00,0,0,06-JAN-2025
OPTSTK,APOLLOHOSP,30-Jan-2025,2025-01-30,7950.00,PE,0.00,0.00,0.00,1061.80,518.80,0,0.00,0,0,06-JAN-2025
OPTSTK,APOLLOHOSP,30-Jan-2025,2025-01-30,7950.00,CE,21.45,57.15,15.00,48.30,48.30,361,3603.75575,9375,3250,06-JAN-2025
OPTSTK,APOLLOHOSP,27-Feb-2025,2025-02-27,7300.00,CE,0.00,0.00,0.00,254.40,366.70,0,0.00,0,0,06-JAN-2025
OPTSTK,APOLLOHOSP,30-Jan-2025,2025-01-30,6900.00,CE,0.00,0.00,0.00,506.25,578.10,0,0.00,0,0,06-JAN-2025
OPTSTK,APOLLOHOSP,27-Feb-2025,2025-02-27,6900.00,PE,0.00,0.00,0.00,353.75,56.10,0,0.00,0,0,06-JAN-2025
OPTSTK,APOLLOHOSP,27-Feb-2025,2025-02-27,6900.00,CE,0.00,0.00,0.00,419.30,651.25,0,0.00,0,0,06-JAN-2025
OPTSTK,APOLLOHOSP,27-Feb-2025,2025-02-27,7600.00,PE,0.00,0.00,0.00,789.85,312.10,0,0.00,0,0,06-JAN-2025
OPTSTK,APOLLOHOSP,27-Mar-2025,2025-03-27,6400.00,CE,0.00,0.00,0.00,1049.70,1144.10,0,0.00,0,0,06-JAN-2025
OPTSTK,APOLLOHOSP,30-Jan-2025,2025-01-30,8200.00,PE,0.00,0.00,0.00,1111.35,745.50,0,0.00,0,0,06-JAN-2025
OPTSTK,APOLLOHOSP,27-Feb-2025,2025-02-27,8200.00,PE,0.00,0.00,0.00,1277.00,746.50,0,0.00,0,0,06-JAN-2025
OPTSTK,APOLLOHOSP,30-Jan-2025,2025-01-30,6600.00,CE,0.00,0.00,0.00,715.00,861.25,0,0.00,125,0,06-JAN-2025
OPTSTK,APOLLOHOSP,27-Feb-2025,2025-02-27,8000.00,CE,105.00,106.00,105.00,105.25,105.25,4,40.52625,625,500,06-JAN-2025
OPTSTK,APOLLOHOSP,27-Mar-2025,2025-03-27,8000.00,CE,0.00,0.00,0.00,187.35,151.80,0,0.00,0,0,06-JAN-2025
OPTSTK,APOLLOHOSP,30-Jan-2025,2025-01-30,8000.00,CE,14.60,50.00,12.45,42.25,42.25,5964,59876.7054,99875,60500,06-JAN-2025
OPTSTK,INDUSTOWER,27-Feb-2025,2025-02-27,370.00,PE,0.00,0.00,0.00,46.50,43.60,0,0.00,0,0,06-JAN-2025
OPTSTK,INDUSTOWER,30-Jan-2025,2025-01-30,370.00,PE,30.95,40.45,30.95,40.25,40.25,20,138.2304,470900,-6800,06-JAN-2025
OPTSTK,INDUSTOWER,27-Mar-2025,2025-03-27,310.00,PE,0.00,0.00,0.00,17.50,12.75,0,0.00,0,0,06-JAN-2025
OPTSTK,INDUSTOWER,27-Mar-2025,2025-03-27,310.00,CE,0.00,0.00,0.00,45.45,37.10,0,0.00,0,0,06-JAN-2025
OPTSTK,INDUSTOWER,30-Jan-2025,2025-01-30,310.00,PE,1.80,4.55,1.80,4.25,4.25,377,2008.88235,953700,-10200,06-JAN-2025
OPTSTK,INDUSTOWER,27-Mar-2025,2025-03-27,320.00,PE,0.00,0.00,0.00,21.65,16.70,0,0.00,0,0,06-JAN-2025
OPTSTK,INDUSTOWER,27-Feb-2025,2025-02-27,295.00,PE,0.00,0.00,0.00,8.85,5.15,0,0.00,0,0,06-JAN-2025
OPTSTK,INDUSTOWER,30-Jan-2025,2025-01-30,350.00,CE,8.45,8.45,3.80,4.05,4.05,2174,13125.4713,2862800,362100,06-JAN-2025
OPTSTK,INDUSTOWER,27-Feb-2025,2025-02-27,330.00,PE,11.25,16.90,11.25,16.35,16.35,15,88.00475,18700,10200,06-JAN-2025
OPTSTK,INDUSTOWER,30-Jan-2025,2025-01-30,355.00,CE,6.15,6.30,2.85,3.00,3.00,544,3318.6465,513400,171700,06-JAN-2025
OPTSTK,INDUSTOWER,27-Feb-2025,2025-02-27,325.00,CE,0.00,0.00,0.00,31.25,23.15,0,0.00,0,0,06-JAN-2025
OPTSTK,INDUSTOWER,30-Jan-2025,2025-01-30,325.00,PE,4.40,9.25,4.30,8.75,8.75,256,1445.74375,198900,57800,06-JAN-2025
OPTSTK,INDUSTOWER,27-Feb-2025,2025-02-27,325.00,PE,0.00,0.00,0.00,19.80,15.25,0,0.00,0,0,06-JAN-2025
OPTSTK,INDUSTOWER,30-Jan-2025,2025-01-30,360.00,CE,5.15,5.55,2.10,2.25,2.25,1949,12021.3035,2487100,448800,06-JAN-2025
OPTSTK,INDUSTOWER,30-Jan-2025,2025-01-30,345.00,CE,11.60,11.60,5.10,5.40,5.40,617,3694.9534,724200,192100,06-JAN-2025
OPTSTK,INDUSTOWER,27-Feb-2025,2025-02-27,365.00,CE,0.00,0.00,0.00,14.90,8.10,0,0.00,0,0,06-JAN-2025
OPTSTK,INDUSTOWER,27-Feb-2025,2025-02-27,365.00,PE,0.00,0.00,0.00,42.95,39.80,0,0.00,0,0,06-JAN-2025
OPTSTK,INDUSTOWER,30-Jan-2025,2025-01-30,365.00,CE,4.10,4.10,1.60,1.65,1.65,449,2802.6013,664700,90100,06-JAN-2025
OPTSTK,INDUSTOWER,27-Mar-2025,2025-03-27,380.00,CE,0.00,0.00,0.00,16.10,9.05,0,0.00,0,0,06-JAN-2025
OPTSTK,INDUSTOWER,30-Jan-2025,2025-01-30,350.00,PE,14.15,24.05,13.60,23.00,23.00,277,1738.7379,1696600,-10200,06-JAN-2025
OPTSTK,INDUSTOWER,27-Feb-2025,2025-02-27,320.00,PE,0.00,0.00,0.00,7.00,13.05,0,0.00,3400,0,06-JAN-2025
OPTSTK,INDUSTOWER,30-Jan-2025,2025-01-30,320.00,PE,3.25,7.40,3.25,7.00,7.00,591,3269.9534,887400,68000,06-JAN-2025
OPTSTK,INDUSTOWER,30-Jan-2025,2025-01-30,290.00,CE,0.00,0.00,0.00,67.20,42.35,0,0.00,0,0,06-JAN-2025
OPTSTK,INDUSTOWER,30-Jan-2025,2025-01-30,365.00,PE,28.80,29.00,28.80,29.00,36.55,4,26.7852,37400,3400,06-JAN-2025
OPTSTK,INDUSTOWER,27-Feb-2025,2025-02-27,360.00,CE,12.20,12.20,8.35,8.35,9.35,73,458.1959,146200,-68000,06-JAN-2025
OPTSTK,INDUSTOWER,27-Mar-2025,2025-03-27,340.00,CE,0.00,0.00,0.00,30.00,21.45,0,0.00,0,0,06-JAN-2025
OPTSTK,INDUSTOWER,27-Mar-2025,2025-03-27,370.00,CE,0.00,0.00,0.00,18.95,11.40,0,0.00,0,0,06-JAN-2025
OPTSTK,INDUSTOWER,27-Mar-2025,2025-03-27,400.00,PE,0.00,0.00,0.00,72.00,69.90,0,0.00,0,0,06-JAN-2025
OPTSTK,INDUSTOWER,27-Feb-2025,2025-02-27,320.00,CE,0.00,0.00,0.00,51.20,25.95,0,0.00,0,0,06-JAN-2025
OPTSTK,INDUSTOWER,30-Jan-2025,2025-01-30,400.00,PE,60.00,68.00,60.00,68.00,68.80,5,39.42045,1594600,6800,06-JAN-2025
OPTSTK,INDUSTOWER,30-Jan-2025,2025-01-30,400.00,CE,0.60,0.60,0.30,0.35,0.35,441,3001.91695,2386800,-113900,06-JAN-2025
OPTSTK,SJVN,27-Feb-2025,2025-02-27,85.00,PE,0.00,0.00,0.00,2.00,1.30,0,0.00,0,0,06-JAN-2025
OPTSTK,SJVN,27-Feb-2025,2025-02-27,85.00,CE,0.00,0.00,0.00,36.45,19.95,0,0.00,0,0,06-JAN-2025
OPTSTK,SJVN,30-Jan-2025,2025-01-30,85.00,PE,0.25,0.45,0.20,0.45,0.45,49,197.566425,198450,184275,06-JAN-2025
OPTSTK,SJVN,30-Jan-2025,2025-01-30,85.00,CE,0.00,0.00,0.00,35.10,18.55,0,0.00,0,0,06-JAN-2025
OPTSTK,SJVN,27-Mar-2025,2025-03-27,130.00,PE,0.00,0.00,0.00,25.30,27.75,0,0.00,0,0,06-JAN-2025
OPTSTK,SJVN,30-Jan-2025,2025-01-30,130.00,CE,0.35,0.35,0.20,0.25,0.25,74,455.430937,1422225,-9450,06-JAN-2025
OPTSTK,SJVN,30-Jan-2025,2025-01-30,107.50,PE,4.20,7.90,4.15,7.90,7.90,139,742.436887,434700,-51975,06-JAN-2025
OPTSTK,SJVN,27-Feb-2025,2025-02-27,107.50,PE,0.00,0.00,0.00,9.25,9.80,0,0.00,0,0,06-JAN-2025
OPTSTK,SJVN,27-Feb-2025,2025-02-27,107.50,CE,0.00,0.00,0.00,12.00,6.20,0,0.00,0,0,06-JAN-2025
OPTSTK,SJVN,30-Jan-2025,2025-01-30,107.50,CE,3.75,4.05,2.30,2.45,2.45,331,1728.67196,571725,165375,06-JAN-2025
OPTSTK,SJVN,30-Jan-2025,2025-01-30,115.00,CE,2.15,2.20,0.95,1.00,1.00,807,4433.53837,3373650,576450,06-JAN-2025
OPTSTK,SJVN,30-Jan-2025,2025-01-30,115.00,PE,11.20,13.00,11.20,13.00,13.20,10,60.1232625,746550,0,06-JAN-2025
OPTSTK,SJVN,27-Feb-2025,2025-02-27,115.00,PE,0.00,0.00,0.00,11.70,14.80,0,0.00,0,0,06-JAN-2025
OPTSTK,SJVN,27-Feb-2025,2025-02-27,117.50,PE,0.00,0.00,0.00,15.00,16.70,0,0.00,0,0,06-JAN-2025
OPTSTK,SJVN,30-Jan-2025,2025-01-30,125.00,CE,0.60,0.60,0.35,0.35,0.35,251,1487.42055,1970325,-127575,06-JAN-2025
OPTSTK,SJVN,27-Mar-2025,2025-03-27,125.00,PE,0.00,0.00,0.00,21.70,23.65,0,0.00,0,0,06-JAN-2025
OPTSTK,SJVN,27-Mar-2025,2025-03-27,120.00,CE,0.00,0.00,0.00,9.35,4.35,0,0.00,0,0,06-JAN-2025
OPTSTK,SJVN,27-Mar-2025,2025-03-27,120.00,PE,0.00,0.00,0.00,18.30,19.75,0,0.00,0,0,06-JAN-2025
OPTSTK,SJVN,27-Feb-2025,2025-02-27,102.50,CE,0.00,0.00,0.00,14.60,8.35,0,0.00,0,0,06-JAN-2025
OPTSTK,SJVN,27-Feb-2025,2025-02-27,102.50,PE,0.00,0.00,0.00,6.95,7.00,0,0.00,0,0,06-JAN-2025
OPTSTK,SJVN,27-Mar-2025,2025-03-27,125.00,CE,0.00,0.00,0.00,7.80,3.30,0,0.00,0,0,06-JAN-2025
OPTSTK,SJVN,27-Feb-2025,2025-02-27,90.00,CE,0.00,0.00,0.00,32.50,16.05,0,0.00,0,0,06-JAN-2025
OPTSTK,SJVN,27-Mar-2025,2025-03-27,90.00,PE,0.00,0.00,0.00,4.10,3.55,0,0.00,0,0,06-JAN-2025
OPTSTK,SJVN,30-Jan-2025,2025-01-30,122.50,CE,0.65,0.65,0.40,0.50,0.50,8,46.489275,292950,9450,06-JAN-2025
OPTSTK,SJVN,27-Mar-2025,2025-03-27,130.00,CE,0.00,0.00,0.00,6.50,2.50,0,0.00,0,0,06-JAN-2025
OPTSTK,SJVN,27-Feb-2025,2025-02-27,92.50,CE,0.00,0.00,0.00,21.00,14.25,0,0.00,0,0,06-JAN-2025
OPTSTK,SJVN,27-Feb-2025,2025-02-27,92.50,PE,0.00,0.00,0.00,3.45,3.00,0,0.00,0,0,06-JAN-2025
OPTSTK,SJVN,30-Jan-2025,2025-01-30,92.50,PE,1.20,1.45,1.20,1.40,1.40,23,102.000937,259875,23625,06-JAN-2025
OPTSTK,SJVN,30-Jan-2025,2025-01-30,92.50,CE,0.00,0.00,0.00,28.80,12.10,0,0.00,0,0,06-JAN-2025
OPTSTK,SJVN,30-Jan-2025,2025-01-30,120.00,CE,1.20,1.25,0.55,0.60,0.60,993,5663.5929,3179925,283500,06-JAN-2025
OPTSTK,SJVN,30-Jan-2025,2025-01-30,102.50,PE,2.10,5.05,2.10,4.90,4.90,324,1626.87892,425250,0,06-JAN-2025
OPTSTK,SJVN,27-Feb-2025,2025-02-27,97.50,PE,0.00,0.00,0.00,5.00,4.75,0,0.00,0,0,06-JAN-2025
OPTSTK,SJVN,30-Jan-2025,2025-01-30,97.50,PE,1.85,2.75,1.75,2.70,2.70,29,136.654087,264600,-4725,06-JAN-2025
OPTSTK,CROMPTON,30-Jan-2025,2025-01-30,370.00,PE,8.00,11.70,5.65,10.65,10.65,922,6295.6692,453600,41400,06-JAN-2025
OPTSTK,CROMPTON,27-Feb-2025,2025-02-27,370.00,CE,0.00,0.00,0.00,54.70,18.90,0,0.00,0,0,06-JAN-2025
OPTSTK,CROMPTON,30-Jan-2025,2025-01-30,460.00,CE,0.25,0.25,0.25,0.25,0.25,2,16.569,37800,-1800,06-JAN-2025
OPTSTK,CROMPTON,27-Mar-2025,2025-03-27,320.00,PE,0.00,0.00,0.00,3.05,2.90,0,0.00,0,0,06-JAN-2025
OPTSTK,CROMPTON,30-Jan-2025,2025-01-30,420.00,CE,1.05,1.45,0.90,1.05,1.05,537,4071.0276,340200,97200,06-JAN-2025
OPTSTK,CROMPTON,27-Mar-2025,2025-03-27,350.00,CE,0.00,0.00,0.00,58.25,35.60,0,0.00,0,0,06-JAN-2025
OPTSTK,CROMPTON,30-Jan-2025,2025-01-30,325.00,PE,0.00,0.00,0.00,1.40,0.40,0,0.00,0,0,06-JAN-2025
OPTSTK,CROMPTON,27-Feb-2025,2025-02-27,325.00,PE,0.00,0.00,0.00,2.00,1.90,0,0.00,0,0,06-JAN-2025
OPTSTK,CROMPTON,30-Jan-2025,2025-01-30,325.00,CE,0.00,0.00,0.00,87.10,47.80,0,0.00,0,0,06-JAN-2025
OPTSTK,CROMPTON,30-Jan-2025,2025-01-30,360.00,PE,4.90,7.50,3.50,6.70,6.70,656,4317.2676,450000,79200,06-JAN-2025
OPTSTK,CROMPTON,30-Jan-2025,2025-01-30,365.00,PE,4.65,9.35,4.65,8.55,8.55,370,2481.6132,181800,3600,06-JAN-2025
OPTSTK,CROMPTON,27-Feb-2025,2025-02-27,365.00,PE,0.00,0.00,0.00,9.40,12.15,0,0.00,0,0,06-JAN-2025
OPTSTK,CROMPTON,27-Feb-2025,2025-02-27,450.00,PE,0.00,0.00,0.00,51.45,75.75,0,0.00,0,0,06-JAN-2025
OPTSTK,CROMPTON,27-Feb-2025,2025-02-27,350.00,CE,0.00,0.00,0.00,69.45,31.10,0,0.00,0,0,06-JAN-2025
OPTSTK,CROMPTON,30-Jan-2025,2025-01-30,425.00,CE,1.00,1.05,0.80,0.85,0.55,56,429.3099,70200,16200,06-JAN-2025
OPTSTK,CROMPTON,30-Jan-2025,2025-01-30,425.00,PE,0.00,0.00,0.00,50.00,52.70,0,0.00,5400,0,06-JAN-2025
OPTSTK,CROMPTON,27-Feb-2025,2025-02-27,425.00,CE,0.00,0.00,0.00,13.10,2.90,0,0.00,0,0,06-JAN-2025
OPTSTK,CROMPTON,30-Jan-2025,2025-01-30,320.00,CE,0.00,0.00,0.00,80.05,52.60,0,0.00,0,0,06-JAN-2025
OPTSTK,CROMPTON,30-Jan-2025,2025-01-30,345.00,PE,2.25,3.50,2.25,3.15,3.15,50,313.1073,135000,23400,06-JAN-2025
OPTSTK,CROMPTON,27-Feb-2025,2025-02-27,340.00,PE,0.00,0.00,0.00,4.75,4.30,0,0.00,1800,0,06-JAN-2025
OPTSTK,CROMPTON,30-Jan-2025,2025-01-30,450.00,CE,0.30,0.35,0.25,0.25,0.05,15,121.5774,194400,9000,06-JAN-2025
OPTSTK,CROMPTON,27-Feb-2025,2025-02-27,460.00,CE,0.00,0.00,0.00,13.60,0.60,0,0.00,0,0,06-JAN-2025
OPTSTK,CROMPTON,27-Feb-2025,2025-02-27,410.00,CE,0.00,0.00,0.00,31.35,5.20,0,0.00,0,0,06-JAN-2025
OPTSTK,CROMPTON,30-Jan-2025,2025-01-30,410.00,PE,33.10,33.10,33.10,33.10,38.75,1,7.9758,50400,-1800,06-JAN-2025
OPTSTK,CROMPTON,27-Feb-2025,2025-02-27,320.00,PE,0.00,0.00,0.00,2.30,1.40,0,0.00,0,0,06-JAN-2025
OPTSTK,CROMPTON,27-Mar-2025,2025-03-27,440.00,CE,0.00,0.00,0.00,13.85,3.70,0,0.00,0,0,06-JAN-2025
OPTSTK,CROMPTON,27-Feb-2025,2025-02-27,390.00,CE,0.00,0.00,0.00,41.95,10.40,0,0.00,0,0,06-JAN-2025
OPTSTK,CROMPTON,27-Mar-2025,2025-03-27,390.00,PE,0.00,0.00,0.00,22.40,28.35,0,0.00,0,0,06-JAN-2025
OPTSTK,CROMPTON,27-Mar-2025,2025-03-27,390.00,CE,0.00,0.00,0.00,33.05,15.00,0,0.00,0,0,06-JAN-2025
OPTSTK,CROMPTON,27-Feb-2025,2025-02-27,325.00,CE,0.00,0.00,0.00,74.70,51.00,0,0.00,0,0,06-JAN-2025
OPTSTK,CROMPTON,30-Jan-2025,2025-01-30,335.00,CE,0.00,0.00,0.00,78.05,38.45,0,0.00,0,0,06-JAN-2025
OPTSTK,CROMPTON,30-Jan-2025,2025-01-30,335.00,PE,1.30,1.80,1.25,1.80,1.80,28,169.5726,16200,-9000,06-JAN-2025
OPTSTK,CANFINHOME,27-Feb-2025,2025-02-27,880.00,PE,0.00,0.00,0.00,88.40,175.10,0,0.00,0,0,06-JAN-2025
OPTSTK,CANFINHOME,27-Feb-2025,2025-02-27,750.00,PE,0.00,0.00,0.00,55.45,62.10,0,0.00,0,0,06-JAN-2025
OPTSTK,CANFINHOME,30-Jan-2025,2025-01-30,750.00,CE,14.00,14.85,6.50,7.10,7.10,683,5057.93827,467025,-20475,06-JAN-2025
OPTSTK,CANFINHOME,27-Feb-2025,2025-02-27,750.00,CE,0.00,0.00,0.00,25.80,17.00,0,0.00,975,0,06-JAN-2025
OPTSTK,CANFINHOME,30-Jan-2025,2025-01-30,720.00,CE,25.20,26.65,14.50,15.45,15.45,519,3747.19751,234975,82875,06-JAN-2025
OPTSTK,CANFINHOME,30-Jan-2025,2025-01-30,710.00,CE,33.00,33.50,18.50,20.30,20.30,190,1356.56722,70200,27300,06-JAN-2025
OPTSTK,CANFINHOME,30-Jan-2025,2025-01-30,650.00,CE,0.00,0.00,0.00,76.00,56.15,0,0.00,11700,0,06-JAN-2025
OPTSTK,CANFINHOME,30-Jan-2025,2025-01-30,860.00,CE,0.00,0.00,0.00,0.80,0.15,0,0.00,47775,0,06-JAN-2025
OPTSTK,CANFINHOME,27-Feb-2025,2025-02-27,860.00,CE,0.00,0.00,0.00,53.65,2.00,0,0.00,0,0,06-JAN-2025
OPTSTK,CANFINHOME,27-Feb-2025,2025-02-27,830.00,PE,0.00,0.00,0.00,111.05,128.15,0,0.00,0,0,06-JAN-2025
OPTSTK,CANFINHOME,27-Feb-2025,2025-02-27,840.00,PE,0.00,0.00,0.00,65.10,137.30,0,0.00,0,0,06-JAN-2025
OPTSTK,CANFINHOME,27-Feb-2025,2025-02-27,710.00,CE,0.00,0.00,0.00,57.70,31.45,0,0.00,0,0,06-JAN-2025
OPTSTK,CANFINHOME,30-Jan-2025,2025-01-30,710.00,PE,14.00,30.75,14.00,28.70,28.70,221,1582.40257,105300,-4875,06-JAN-2025
OPTSTK,CANFINHOME,27-Feb-2025,2025-02-27,710.00,PE,0.00,0.00,0.00,34.85,36.90,0,0.00,0,0,06-JAN-2025
OPTSTK,CANFINHOME,30-Jan-2025,2025-01-30,640.00,CE,0.00,0.00,0.00,242.70,64.40,0,0.00,0,0,06-JAN-2025
OPTSTK,CANFINHOME,27-Feb-2025,2025-02-27,640.00,PE,0.00,0.00,0.00,5.30,10.00,0,0.00,0,0,06-JAN-2025
OPTSTK,CANFINHOME,30-Jan-2025,2025-01-30,660.00,CE,0.00,0.00,0.00,71.00,48.35,0,0.00,975,0,06-JAN-2025
OPTSTK,CANFINHOME,30-Jan-2025,2025-01-30,960.00,CE,0.00,0.00,0.00,0.30,0.05,0,0.00,1950,0,06-JAN-2025
OPTSTK,CANFINHOME,30-Jan-2025,2025-01-30,920.00,CE,0.35,0.50,0.35,0.50,0.05,3,26.9217,7800,0,06-JAN-2025
OPTSTK,CANFINHOME,27-Feb-2025,2025-02-27,800.00,PE,0.00,0.00,0.00,69.15,101.55,0,0.00,975,0,06-JAN-2025
OPTSTK,CANFINHOME,30-Jan-2025,2025-01-30,910.00,CE,0.35,0.35,0.35,0.35,0.05,1,8.8759125,5850,0,06-JAN-2025
OPTSTK,CANFINHOME,30-Jan-2025,2025-01-30,730.00,CE,21.95,23.00,11.25,12.25,12.25,645,4688.65556,276900,-86775,06-JAN-2025
OPTSTK,CANFINHOME,30-Jan-2025,2025-01-30,930.00,CE,0.00,0.00,0.00,0.40,0.05,0,0.00,2925,0,06-JAN-2025
OPTSTK,CANFINHOME,27-Feb-2025,2025-02-27,700.00,PE,23.50,33.00,23.50,33.00,31.65,7,49.7445,8775,975,06-JAN-2025
OPTSTK,CANFINHOME,30-Jan-2025,2025-01-30,760.00,CE,10.10,10.70,4.75,5.35,5.35,428,3201.91072,241800,9750,06-JAN-2025
OPTSTK,CANFINHOME,30-Jan-2025,2025-01-30,900.00,CE,0.40,0.40,0.30,0.40,0.40,94,825.176625,377325,-4875,06-JAN-2025
OPTSTK,CANFINHOME,30-Jan-2025,2025-01-30,730.00,PE,27.00,42.40,25.30,41.70,41.70,115,857.380387,198900,-11700,06-JAN-2025
OPTSTK,CANFINHOME,27-Feb-2025,2025-02-27,820.00,CE,0.00,0.00,0.00,71.50,4.70,0,0.00,0,0,06-JAN-2025
OPTSTK,CANFINHOME,27-Feb-2025,2025-02-27,670.00,PE,0.00,0.00,0.00,19.75,18.80,0,0.00,0,0,06-JAN-2025
OPTSTK,CANFINHOME,27-Feb-2025,2025-02-27,810.00,PE,0.00,0.00,0.00,95.65,110.25,0,0.00,0,0,06-JAN-2025
OPTSTK,CANFINHOME,30-Jan-2025,2025-01-30,620.00,CE,0.00,0.00,0.00,261.30,82.15,0,0.00,0,0,06-JAN-2025
OPTSTK,HAVELLS,30-Jan-2025,2025-01-30,1660.00,CE,61.20,61.45,42.20,44.00,44.00,691,5902.3045,87500,33500,06-JAN-2025
OPTSTK,HAVELLS,30-Jan-2025,2025-01-30,1620.00,CE,89.30,89.30,63.85,65.85,65.85,125,1055.4555,22500,17500,06-JAN-2025
OPTSTK,HAVELLS,27-Feb-2025,2025-02-27,1620.00,CE,0.00,0.00,0.00,123.25,82.60,0,0.00,0,0,06-JAN-2025
OPTSTK,HAVELLS,27-Mar-2025,2025-03-27,1440.00,CE,0.00,0.00,0.00,275.80,235.05,0,0.00,0,0,06-JAN-2025
OPTSTK,HAVELLS,30-Jan-2025,2025-01-30,1900.00,CE,3.45,3.45,1.90,2.05,2.05,144,1369.71925,133000,-2500,06-JAN-2025
OPTSTK,HAVELLS,27-Feb-2025,2025-02-27,1780.00,PE,0.00,0.00,0.00,129.75,137.45,0,0.00,0,0,06-JAN-2025
OPTSTK,HAVELLS,27-Feb-2025,2025-02-27,1880.00,CE,0.00,0.00,0.00,52.65,6.65,0,0.00,0,0,06-JAN-2025
OPTSTK,HAVELLS,27-Mar-2025,2025-03-27,1640.00,CE,0.00,0.00,0.00,131.90,90.10,0,0.00,0,0,06-JAN-2025
OPTSTK,HAVELLS,30-Jan-2025,2025-01-30,1720.00,PE,61.30,97.35,61.30,95.00,95.00,91,818.1185,66000,-4000,06-JAN-2025
OPTSTK,HAVELLS,27-Mar-2025,2025-03-27,1720.00,CE,0.00,0.00,0.00,91.40,53.95,0,0.00,0,0,06-JAN-2025
OPTSTK,HAVELLS,30-Jan-2025,2025-01-30,1780.00,PE,139.20,139.25,139.20,139.25,132.20,2,19.19225,5000,-1000,06-JAN-2025
OPTSTK,HAVELLS,27-Feb-2025,2025-02-27,1840.00,CE,0.00,0.00,0.00,64.90,10.70,0,0.00,0,0,06-JAN-2025
OPTSTK,HAVELLS,30-Jan-2025,2025-01-30,1940.00,CE,1.65,1.70,1.20,1.20,0.20,18,174.7435,10500,4000,06-JAN-2025
OPTSTK,HAVELLS,27-Feb-2025,2025-02-27,1720.00,CE,0.00,0.00,0.00,115.00,36.80,0,0.00,0,0,06-JAN-2025
OPTSTK,HAVELLS,27-Feb-2025,2025-02-27,1720.00,PE,0.00,0.00,0.00,86.35,94.25,0,0.00,0,0,06-JAN-2025
OPTSTK,HAVELLS,27-Mar-2025,2025-03-27,1720.00,PE,0.00,0.00,0.00,103.95,102.60,0,0.00,0,0,06-JAN-2025
OPTSTK,HAVELLS,27-Mar-2025,2025-03-27,1920.00,CE,0.00,0.00,0.00,30.65,10.75,0,0.00,0,0,06-JAN-2025
OPTSTK,HAVELLS,30-Jan-2025,2025-01-30,1920.00,PE,0.00,0.00,0.00,271.75,265.70,0,0.00,0,0,06-JAN-2025
OPTSTK,HAVELLS,27-Feb-2025,2025-02-27,1760.00,PE,0.00,0.00,0.00,106.60,122.25,0,0.00,0,0,06-JAN-2025
OPTSTK,HAVELLS,27-Feb-2025,2025-02-27,1680.00,PE,0.00,0.00,0.00,68.60,69.90,0,0.00,0,0,06-JAN-2025
OPTSTK,HAVELLS,27-Feb-2025,2025-02-27,1460.00,CE,0.00,0.00,0.00,244.35,205.10,0,0.00,0,0,06-JAN-2025
OPTSTK,HAVELLS,27-Feb-2025,2025-02-27,1400.00,PE,0.00,0.00,0.00,6.50,1.65,0,0.00,0,0,06-JAN-2025
OPTSTK,HAVELLS,27-Mar-2025,2025-03-27,1560.00,PE,0.00,0.00,0.00,38.05,30.40,0,0.00,0,0,06-JAN-2025
OPTSTK,HAVELLS,30-Jan-2025,2025-01-30,1400.00,CE,0.00,0.00,0.00,287.10,252.40,0,0.00,4500,0,06-JAN-2025
OPTSTK,HAVELLS,27-Feb-2025,2025-02-27,1740.00,PE,0.00,0.00,0.00,104.45,107.80,0,0.00,0,0,06-JAN-2025
OPTSTK,HAVELLS,27-Feb-2025,2025-02-27,2000.00,CE,0.00,0.00,0.00,26.70,1.35,0,0.00,0,0,06-JAN-2025
OPTSTK,HAVELLS,30-Jan-2025,2025-01-30,1680.00,CE,54.80,54.80,34.75,35.95,35.95,755,6492.04325,128000,41500,06-JAN-2025
OPTSTK,HAVELLS,30-Jan-2025,2025-01-30,1820.00,CE,7.50,8.35,5.70,6.15,6.15,212,1936.39075,46500,13500,06-JAN-2025
OPTSTK,HAVELLS,30-Jan-2025,2025-01-30,1900.00,PE,0.00,0.00,0.00,210.00,246.00,0,0.00,42000,0,06-JAN-2025
OPTSTK,HAVELLS,30-Jan-2025,2025-01-30,1960.00,PE,0.00,0.00,0.00,305.55,305.35,0,0.00,0,0,06-JAN-2025
OPTSTK,HAVELLS,27-Feb-2025,2025-02-27,1960.00,CE,0.00,0.00,0.00,33.80,2.35,0,0.00,0,0,06-JAN-2025
OPTSTK,HAVELLS,30-Jan-2025,2025-01-30,1580.00,PE,8.95,25.45,8.95,23.95,23.95,264,2110.573,60000,10000,06-JAN-2025
OPTSTK,HINDPETRO,27-Feb-2025,2025-02-27,355.00,CE,0.00,0.00,0.00,76.00,45.40,0,0.00,0,0,06-JAN-2025
OPTSTK,HINDPETRO,27-Feb-2025,2025-02-27,435.00,CE,0.00,0.00,0.00,28.10,8.80,0,0.00,0,0,06-JAN-2025
OPTSTK,HINDPETRO,30-Jan-2025,2025-01-30,365.00,CE,32.25,34.65,32.25,34.65,31.15,2,16.137225,8100,4050,06-JAN-2025
OPTSTK,HINDPETRO,27-Feb-2025,2025-02-27,450.00,PE,0.00,0.00,0.00,77.90,62.75,0,0.00,0,0,06-JAN-2025
OPTSTK,HINDPETRO,30-Jan-2025,2025-01-30,380.00,PE,3.95,10.55,3.95,10.10,10.10,753,5910.88792,939600,78975,06-JAN-2025
OPTSTK,HINDPETRO,27-Feb-2025,2025-02-27,350.00,CE,0.00,0.00,0.00,55.90,49.05,0,0.00,0,0,06-JAN-2025
OPTSTK,HINDPETRO,27-Feb-2025,2025-02-27,350.00,PE,5.00,6.40,5.00,6.40,6.80,13,93.7504125,58725,20250,06-JAN-2025
OPTSTK,HINDPETRO,30-Jan-2025,2025-01-30,360.00,CE,49.70,49.70,34.40,34.45,34.45,17,137.407387,22275,16200,06-JAN-2025
OPTSTK,HINDPETRO,27-Feb-2025,2025-02-27,455.00,CE,0.00,0.00,0.00,20.80,5.25,0,0.00,0,0,06-JAN-2025
OPTSTK,HINDPETRO,27-Mar-2025,2025-03-27,340.00,CE,0.00,0.00,0.00,93.10,61.70,0,0.00,0,0,06-JAN-2025
OPTSTK,HINDPETRO,30-Jan-2025,2025-01-30,340.00,CE,0.00,0.00,0.00,63.40,51.80,0,0.00,0,0,06-JAN-2025
OPTSTK,HINDPETRO,27-Mar-2025,2025-03-27,450.00,CE,0.00,0.00,0.00,29.85,10.65,0,0.00,0,0,06-JAN-2025
OPTSTK,HINDPETRO,27-Feb-2025,2025-02-27,450.00,CE,0.00,0.00,0.00,16.00,6.00,0,0.00,0,0,06-JAN-2025
OPTSTK,HINDPETRO,27-Feb-2025,2025-02-27,370.00,CE,0.00,0.00,0.00,44.70,35.30,0,0.00,0,0,06-JAN-2025
OPTSTK,HINDPETRO,30-Jan-2025,2025-01-30,460.00,CE,2.20,2.50,0.80,0.85,0.85,848,7917.87858,899100,368550,06-JAN-2025
OPTSTK,HINDPETRO,30-Jan-2025,2025-01-30,460.00,PE,0.00,0.00,0.00,46.50,70.00,0,0.00,12150,0,06-JAN-2025
OPTSTK,HINDPETRO,30-Jan-2025,2025-01-30,410.00,CE,14.95,15.40,7.00,7.20,7.20,1472,12507.1482,1431675,554850,06-JAN-2025
OPTSTK,HINDPETRO,27-Feb-2025,2025-02-27,410.00,CE,15.00,16.85,15.00,16.85,15.90,3,25.8876,20250,2025,06-JAN-2025
OPTSTK,HINDPETRO,30-Jan-2025,2025-01-30,400.00,CE,21.05,21.05,10.20,10.60,10.60,1972,16480.4108,1121850,735075,06-JAN-2025
OPTSTK,HINDPETRO,27-Feb-2025,2025-02-27,335.00,PE,0.00,0.00,0.00,3.95,3.85,0,0.00,0,0,06-JAN-2025
OPTSTK,HINDPETRO,27-Mar-2025,2025-03-27,400.00,PE,0.00,0.00,0.00,26.05,31.40,0,0.00,0,0,06-JAN-2025
OPTSTK,HINDPETRO,27-Feb-2025,2025-02-27,470.00,PE,0.00,0.00,0.00,93.55,80.05,0,0.00,0,0,06-JAN-2025
OPTSTK,HINDPETRO,30-Jan-2025,2025-01-30,405.00,PE,10.90,23.55,10.90,23.20,23.20,341,2910.4758,402975,-52650,06-JAN-2025
OPTSTK,HINDPETRO,27-Mar-2025,2025-03-27,420.00,PE,0.00,0.00,0.00,35.45,43.55,0,0.00,0,0,06-JAN-2025
OPTSTK,HINDPETRO,30-Jan-2025,2025-01-30,420.00,CE,10.50,12.00,4.50,4.75,4.75,2687,23202.0176,2101950,469800,06-JAN-2025
OPTSTK,HINDPETRO,27-Feb-2025,2025-02-27,365.00,PE,0.00,0.00,0.00,9.50,11.10,0,0.00,0,0,06-JAN-2025
OPTSTK,HINDPETRO,27-Feb-2025,2025-02-27,365.00,CE,0.00,0.00,0.00,68.35,38.50,0,0.00,0,0,06-JAN-2025
OPTSTK,HINDPETRO,27-Mar-2025,2025-03-27,360.00,PE,0.00,0.00,0.00,12.25,13.50,0,0.00,0,0,06-JAN-2025
FUTSTK,HINDPETRO,27-Mar-2025,2025-03-27,,,414.55,414.55,393.30,393.15,393.15,43,348.06105,89100,36450,06-JAN-2025
OPTSTK,HINDPETRO,27-Feb-2025,2025-02-27,335.00,CE,0.00,0.00,0.00,92.45,60.95,0,0.00,0,0,06-JAN-2025
OPTSTK,HINDPETRO,27-Feb-2025,2025-02-27,425.00,PE,0.00,0.00,0.00,32.75,43.25,0,0.00,0,0,06-JAN-2025
OPTSTK,HINDPETRO,27-Feb-2025,2025-02-27,425.00,CE,0.00,0.00,0.00,32.40,11.25,0,0.00,0,0,06-JAN-2025
OPTSTK,HDFCBANK,30-Jan-2025,2025-01-30,1660.00,PE,10.25,19.00,6.75,17.15,17.15,3219,29625.7618,548350,85250,06-JAN-2025
OPTSTK,APOLLOTYRE,30-Jan-2025,2025-01-30,460.00,CE,0.00,0.00,0.00,66.80,44.80,0,0.00,0,0,06-JAN-2025
OPTSTK,APOLLOTYRE,27-Feb-2025,2025-02-27,460.00,PE,0.00,0.00,0.00,12.80,5.65,0,0.00,0,0,06-JAN-2025
OPTSTK,HDFCBANK,30-Jan-2025,2025-01-30,1700.00,PE,20.00,32.65,13.35,29.85,29.85,14073,133439.619,2806100,365750,06-JAN-2025
OPTSTK,APOLLOTYRE,27-Feb-2025,2025-02-27,510.00,CE,0.00,0.00,0.00,29.75,19.90,0,0.00,1700,0,06-JAN-2025
OPTSTK,HDFCBANK,30-Jan-2025,2025-01-30,2060.00,CE,0.75,0.75,0.60,0.65,0.65,42,476.010975,24200,2200,06-JAN-2025
OPTSTK,HDFCBANK,30-Jan-2025,2025-01-30,1670.00,CE,97.10,97.15,66.55,69.10,69.10,141,1352.09607,62150,28050,06-JAN-2025
OPTSTK,HDFCBANK,30-Jan-2025,2025-01-30,1670.00,PE,12.00,21.90,8.15,19.90,19.90,2994,27770.9654,592350,284900,06-JAN-2025
OPTSTK,HDFCBANK,30-Jan-2025,2025-01-30,1900.00,CE,3.65,3.85,1.75,1.85,1.85,5941,62163.5173,3182300,12100,06-JAN-2025
OPTSTK,APOLLOTYRE,30-Jan-2025,2025-01-30,510.00,CE,16.00,16.00,8.05,8.60,8.60,855,7577.31735,333200,195500,06-JAN-2025
FUTSTK,HDFCBANK,27-Mar-2025,2025-03-27,,,1779.25,1789.00,1738.00,1742.50,1742.50,309,2986.54977,198550,59400,06-JAN-2025
OPTSTK,APOLLOTYRE,27-Feb-2025,2025-02-27,490.00,PE,0.00,0.00,0.00,9.20,14.75,0,0.00,0,0,06-JAN-2025
OPTSTK,APOLLOTYRE,30-Jan-2025,2025-01-30,550.00,PE,42.85,53.80,42.85,53.80,53.80,16,161.85955,132600,-8500,06-JAN-2025
OPTSTK,HDFCBANK,27-Feb-2025,2025-02-27,1640.00,PE,0.00,0.00,0.00,24.35,20.45,0,0.00,0,0,06-JAN-2025
OPTSTK,APOLLOTYRE,27-Feb-2025,2025-02-27,480.00,PE,0.00,0.00,0.00,19.05,11.05,0,0.00,0,0,06-JAN-2025
OPTSTK,HDFCBANK,30-Jan-2025,2025-01-30,1850.00,PE,95.40,137.35,91.95,131.75,131.75,104,1127.50632,295900,-19250,06-JAN-2025
OPTSTK,HDFCBANK,30-Jan-2025,2025-01-30,1850.00,CE,8.70,9.40,3.90,4.05,4.05,8287,84582.0731,2071300,-49500,06-JAN-2025
OPTSTK,HDFCBANK,30-Jan-2025,2025-01-30,1640.00,CE,89.30,89.30,89.30,89.30,87.45,1,9.51115,550,550,06-JAN-2025
OPTSTK,APOLLOTYRE,30-Jan-2025,2025-01-30,450.00,CE,0.00,0.00,0.00,72.90,53.80,0,0.00,0,0,06-JAN-2025
OPTSTK,APOLLOTYRE,30-Jan-2025,2025-01-30,450.00,PE,1.05,2.05,1.00,1.90,1.90,178,1366.08685,56100,56100,06-JAN-2025
OPTSTK,APOLLOTYRE,27-Feb-2025,2025-02-27,450.00,CE,0.00,0.00,0.00,100.70,58.90,0,0.00,0,0,06-JAN-2025
OPTSTK,HDFCBANK,27-Feb-2025,2025-02-27,1720.00,PE,34.00,48.00,30.65,47.05,47.05,13,126.02205,11000,2750,06-JAN-2025
OPTSTK,HDFCBANK,30-Jan-2025,2025-01-30,1720.00,CE,59.30,65.55,37.00,38.60,38.60,4974,48202.2477,628100,575300,06-JAN-2025
OPTSTK,APOLLOTYRE,30-Jan-2025,2025-01-30,490.00,PE,5.90,11.30,5.00,10.75,10.75,918,7783.19415,243100,-263500,06-JAN-2025
OPTSTK,APOLLOTYRE,27-Feb-2025,2025-02-27,490.00,CE,0.00,0.00,0.00,67.60,30.15,0,0.00,0,0,06-JAN-2025
OPTSTK,HDFCBANK,30-Jan-2025,2025-01-30,1730.00,PE,27.85,46.80,21.40,43.75,43.75,5815,56428.3453,471900,54450,06-JAN-2025
OPTSTK,HDFCBANK,27-Feb-2025,2025-02-27,1640.00,CE,0.00,0.00,0.00,207.05,106.65,0,0.00,0,0,06-JAN-2025
OPTSTK,HDFCBANK,30-Jan-2025,2025-01-30,1840.00,CE,10.60,12.75,4.70,4.95,4.95,5642,57318.2967,1472350,-154000,06-JAN-2025
OPTSTK,HDFCBANK,30-Jan-2025,2025-01-30,1940.00,PE,0.00,0.00,0.00,126.55,221.30,0,0.00,6600,0,06-JAN-2025
OPTSTK,HDFCBANK,27-Feb-2025,2025-02-27,1720.00,CE,68.50,68.50,53.45,58.05,58.05,59,577.28715,23650,23650,06-JAN-2025
OPTSTK,TRENT,27-Feb-2025,2025-02-27,6500.00,PE,166.35,166.35,166.35,166.35,166.35,1,6.66635,100,100,06-JAN-2025
FUTSTK,TRENT,30-Jan-2025,2025-01-30,,,7345.00,7367.65,6971.25,7009.25,7009.25,15570,110863.988,3318800,73600,06-JAN-2025
OPTSTK,TRENT,30-Jan-2025,2025-01-30,7000.00,CE,454.25,461.00,237.20,257.80,257.80,2608,18968.287,132600,25900,06-JAN-2025
OPTSTK,TRENT,30-Jan-2025,2025-01-30,7600.00,CE,138.00,146.15,61.80,69.55,69.55,3951,30387.0681,102900,26600,06-JAN-2025
OPTSTK,TRENT,27-Feb-2025,2025-02-27,6000.00,PE,60.00,68.95,55.65,55.65,55.65,4,24.2446,1900,200,06-JAN-2025
OPTSTK,TRENT,30-Jan-2025,2025-01-30,6000.00,PE,6.30,21.85,4.40,17.90,17.90,1992,11981.0573,120900,-1200,06-JAN-2025
OPTSTK,TRENT,30-Jan-2025,2025-01-30,7300.00,PE,225.00,441.85,202.30,421.35,421.35,2200,16670.8204,46800,5600,06-JAN-2025
OPTSTK,TRENT,30-Jan-2025,2025-01-30,6700.00,CE,0.00,0.00,0.00,650.00,438.20,0,0.00,10900,0,06-JAN-2025
OPTSTK,TRENT,27-Feb-2025,2025-02-27,6900.00,PE,0.00,0.00,0.00,353.00,280.10,0,0.00,0,0,06-JAN-2025
OPTSTK,TRENT,30-Jan-2025,2025-01-30,6900.00,CE,455.30,480.00,287.65,305.10,305.10,357,2579.71545,29000,7000,06-JAN-2025
OPTSTK,TRENT,27-Feb-2025,2025-02-27,7600.00,PE,0.00,0.00,0.00,1016.75,696.45,0,0.00,0,0,06-JAN-2025
OPTSTK,TRENT,27-Mar-2025,2025-03-27,6400.00,CE,0.00,0.00,0.00,1016.70,857.50,0,0.00,0,0,06-JAN-2025
OPTSTK,TRENT,30-Jan-2025,2025-01-30,6000.00,CE,0.00,0.00,0.00,1460.00,1032.95,0,0.00,1600,0,06-JAN-2025
OPTSTK,TRENT,30-Jan-2025,2025-01-30,8200.00,PE,0.00,0.00,0.00,875.00,1175.95,0,0.00,400,0,06-JAN-2025
OPTSTK,TRENT,27-Feb-2025,2025-02-27,6600.00,PE,110.00,180.00,110.00,180.00,165.30,4,27.00075,3200,300,06-JAN-2025
OPTSTK,TRENT,27-Mar-2025,2025-03-27,6600.00,PE,0.00,0.00,0.00,305.00,227.90,0,0.00,0,0,06-JAN-2025
OPTSTK,TRENT,30-Jan-2025,2025-01-30,8000.00,CE,51.55,55.15,22.45,25.85,25.85,3642,29255.7531,193900,18700,06-JAN-2025
OPTSTK,TRENT,27-Mar-2025,2025-03-27,8000.00,CE,0.00,0.00,0.00,288.15,157.95,0,0.00,0,0,06-JAN-2025
OPTSTK,TRENT,30-Jan-2025,2025-01-30,6500.00,PE,22.75,84.10,20.20,74.05,74.05,2756,18081.0425,73700,16100,06-JAN-2025
OPTSTK,TRENT,27-Mar-2025,2025-03-27,8200.00,PE,0.00,0.00,0.00,1228.35,1202.85,0,0.00,0,0,06-JAN-2025
OPTSTK,TRENT,27-Mar-2025,2025-03-27,5600.00,CE,0.00,0.00,0.00,1631.35,1510.85,0,0.00,0,0,06-JAN-2025
OPTSTK,TRENT,27-Mar-2025,2025-03-27,7800.00,PE,0.00,0.00,0.00,939.95,890.15,0,0.00,0,0,06-JAN-2025
OPTSTK,TRENT,30-Jan-2025,2025-01-30,7800.00,PE,617.40,809.95,617.40,809.95,809.95,14,119.31155,15500,-100,06-JAN-2025
OPTSTK,TRENT,30-Jan-2025,2025-01-30,7800.00,CE,87.05,90.60,37.35,42.80,42.80,1746,13714.6109,90100,11800,06-JAN-2025
OPTSTK,TRENT,30-Jan-2025,2025-01-30,6600.00,CE,0.00,0.00,0.00,824.15,510.00,0,0.00,4700,0,06-JAN-2025
OPTSTK,TRENT,27-Mar-2025,2025-03-27,6000.00,PE,0.00,0.00,0.00,133.30,77.50,0,0.00,0,0,06-JAN-2025
OPTSTK,TRENT,27-Feb-2025,2025-02-27,7400.00,CE,376.50,381.80,245.65,245.65,226.95,9,69.52905,1000,100,06-JAN-2025
OPTSTK,TRENT,27-Feb-2025,2025-02-27,7400.00,PE,0.00,0.00,0.00,879.10,557.75,0,0.00,0,0,06-JAN-2025
OPTSTK,TRENT,27-Mar-2025,2025-03-27,7400.00,PE,0.00,0.00,0.00,686.85,617.70,0,0.00,0,0,06-JAN-2025
OPTSTK,TRENT,27-Mar-2025,2025-03-27,7400.00,CE,0.00,0.00,0.00,484.15,324.75,0,0.00,0,0,06-JAN-2025
OPTSTK,TRENT,27-Feb-2025,2025-02-27,8200.00,CE,0.00,0.00,0.00,167.70,60.20,0,0.00,0,0,06-JAN-2025
OPTSTK,TRENT,27-Mar-2025,2025-03-27,7600.00,CE,0.00,0.00,0.00,409.60,258.20,0,0.00,0,0,06-JAN-2025
OPTSTK,FEDERALBNK,30-Jan-2025,2025-01-30,215.00,CE,2.90,2.90,1.10,1.40,1.40,1482,16058.7375,4470000,245000,06-JAN-2025
OPTSTK,FEDERALBNK,27-Feb-2025,2025-02-27,182.50,PE,0.00,0.00,0.00,3.90,2.20,0,0.00,0,0,06-JAN-2025
OPTSTK,FEDERALBNK,27-Mar-2025,2025-03-27,240.00,CE,0.00,0.00,0.00,2.60,1.05,0,0.00,0,0,06-JAN-2025
OPTSTK,FEDERALBNK,30-Jan-2025,2025-01-30,180.00,PE,0.45,1.40,0.45,1.10,1.10,837,7576.815,2190000,270000,06-JAN-2025
OPTSTK,FEDERALBNK,27-Mar-2025,2025-03-27,180.00,CE,0.00,0.00,0.00,25.50,22.95,0,0.00,0,0,06-JAN-2025
OPTSTK,FEDERALBNK,27-Mar-2025,2025-03-27,230.00,PE,0.00,0.00,0.00,32.30,31.10,0,0.00,0,0,06-JAN-2025
OPTSTK,FEDERALBNK,30-Jan-2025,2025-01-30,220.00,PE,15.50,23.25,15.50,21.75,21.75,27,323.8375,800000,25000,06-JAN-2025
OPTSTK,FEDERALBNK,30-Jan-2025,2025-01-30,217.50,PE,15.10,21.70,14.35,19.75,19.75,48,567.705,250000,60000,06-JAN-2025
OPTSTK,FEDERALBNK,27-Feb-2025,2025-02-27,222.50,CE,0.00,0.00,0.00,1.90,1.65,0,0.00,0,0,06-JAN-2025
OPTSTK,FEDERALBNK,30-Jan-2025,2025-01-30,235.00,CE,0.35,0.35,0.20,0.20,0.05,112,1317.45,1080000,25000,06-JAN-2025
OPTSTK,FEDERALBNK,27-Feb-2025,2025-02-27,215.00,PE,0.00,0.00,0.00,13.95,18.35,0,0.00,0,0,06-JAN-2025
OPTSTK,FEDERALBNK,27-Feb-2025,2025-02-27,170.00,CE,0.00,0.00,0.00,45.25,29.70,0,0.00,0,0,06-JAN-2025
OPTSTK,FEDERALBNK,30-Jan-2025,2025-01-30,170.00,CE,0.00,0.00,0.00,38.75,28.35,0,0.00,0,0,06-JAN-2025
OPTSTK,FEDERALBNK,27-Feb-2025,2025-02-27,202.50,PE,0.00,0.00,0.00,12.05,9.90,0,0.00,0,0,06-JAN-2025
OPTSTK,FEDERALBNK,27-Feb-2025,2025-02-27,175.00,PE,0.00,0.00,0.00,1.05,1.00,0,0.00,5000,0,06-JAN-2025
OPTSTK,FEDERALBNK,27-Mar-2025,2025-03-27,175.00,CE,0.00,0.00,0.00,29.20,26.95,0,0.00,0,0,06-JAN-2025
OPTSTK,FEDERALBNK,30-Jan-2025,2025-01-30,227.50,CE,0.95,0.95,0.30,0.35,0.35,211,2405.1375,420000,75000,06-JAN-2025
OPTSTK,FEDERALBNK,27-Feb-2025,2025-02-27,227.50,CE,0.00,0.00,0.00,2.75,1.10,0,0.00,0,0,06-JAN-2025
OPTSTK,FEDERALBNK,30-Jan-2025,2025-01-30,195.00,CE,12.25,12.80,7.25,8.45,8.45,352,3590.7275,990000,70000,06-JAN-2025
OPTSTK,FEDERALBNK,27-Mar-2025,2025-03-27,215.00,PE,0.00,0.00,0.00,21.20,19.25,0,0.00,0,0,06-JAN-2025
OPTSTK,FEDERALBNK,27-Mar-2025,2025-03-27,240.00,PE,0.00,0.00,0.00,40.60,40.00,0,0.00,0,0,06-JAN-2025
OPTSTK,FEDERALBNK,27-Feb-2025,2025-02-27,207.50,CE,0.00,0.00,0.00,7.80,5.00,0,0.00,0,0,06-JAN-2025
OPTSTK,FEDERALBNK,30-Jan-2025,2025-01-30,177.50,CE,0.00,0.00,0.00,20.25,21.15,0,0.00,10000,0,06-JAN-2025
OPTSTK,FEDERALBNK,27-Mar-2025,2025-03-27,190.00,PE,0.00,0.00,0.00,7.85,5.65,0,0.00,0,0,06-JAN-2025
OPTSTK,FEDERALBNK,27-Feb-2025,2025-02-27,190.00,PE,2.80,5.15,2.80,5.15,4.20,7,67.8475,115000,-10000,06-JAN-2025
OPTSTK,FEDERALBNK,30-Jan-2025,2025-01-30,245.00,CE,0.10,0.10,0.10,0.10,0.10,7,85.785,195000,-5000,06-JAN-2025
OPTSTK,FEDERALBNK,27-Mar-2025,2025-03-27,220.00,PE,0.00,0.00,0.00,24.70,22.95,0,0.00,0,0,06-JAN-2025
OPTSTK,FEDERALBNK,27-Feb-2025,2025-02-27,207.50,PE,0.00,0.00,0.00,15.00,13.00,0,0.00,0,0,06-JAN-2025
OPTSTK,FEDERALBNK,30-Jan-2025,2025-01-30,207.50,CE,5.40,5.70,2.50,3.00,3.00,814,8598.8925,1410000,275000,06-JAN-2025
OPTSTK,FEDERALBNK,27-Feb-2025,2025-02-27,177.50,PE,0.00,0.00,0.00,2.70,1.30,0,0.00,0,0,06-JAN-2025
OPTSTK,FEDERALBNK,30-Jan-2025,2025-01-30,175.00,PE,0.30,0.85,0.30,0.65,0.65,303,2659.6875,1450000,250000,06-JAN-2025
OPTSTK,TATACOMM,27-Mar-2025,2025-03-27,1520.00,PE,0.00,0.00,0.00,28.10,20.05,0,0.00,0,0,06-JAN-2025
OPTSTK,TATACOMM,30-Jan-2025,2025-01-30,1660.00,CE,94.35,94.35,68.25,73.50,73.50,54,234.436625,4000,-250,06-JAN-2025
OPTSTK,TATACOMM,30-Jan-2025,2025-01-30,1480.00,CE,0.00,0.00,0.00,338.95,218.95,0,0.00,0,0,06-JAN-2025
FUTSTK,TATACOMM,30-Jan-2025,2025-01-30,,,1753.10,1753.90,1686.80,1696.50,1696.50,3743,16050.9363,5792000,-93000,06-JAN-2025
FUTSTK,TATACOMM,27-Mar-2025,2025-03-27,,,1765.00,1765.00,1714.65,1714.65,1716.40,9,39.106125,5500,-250,06-JAN-2025
OPTSTK,TATACOMM,30-Jan-2025,2025-01-30,2080.00,PE,0.00,0.00,0.00,349.95,379.70,0,0.00,250,0,06-JAN-2025
OPTSTK,TATACOMM,27-Feb-2025,2025-02-27,1780.00,CE,0.00,0.00,0.00,86.20,42.65,0,0.00,0,0,06-JAN-2025
OPTSTK,TATACOMM,30-Jan-2025,2025-01-30,2120.00,PE,0.00,0.00,0.00,405.00,419.45,0,0.00,500,0,06-JAN-2025
OPTSTK,TATACOMM,30-Jan-2025,2025-01-30,1760.00,PE,55.95,93.45,55.95,89.65,89.65,107,491.331625,66750,1750,06-JAN-2025
OPTSTK,TATACOMM,27-Mar-2025,2025-03-27,2000.00,CE,0.00,0.00,0.00,41.80,14.50,0,0.00,0,0,06-JAN-2025
OPTSTK,TATACOMM,30-Jan-2025,2025-01-30,1880.00,CE,8.65,11.60,5.75,5.85,5.85,201,948.815375,36750,-3250,06-JAN-2025
OPTSTK,TATACOMM,27-Mar-2025,2025-03-27,1880.00,PE,0.00,0.00,0.00,185.20,194.80,0,0.00,0,0,06-JAN-2025
OPTSTK,TATACOMM,30-Jan-2025,2025-01-30,1400.00,CE,0.00,0.00,0.00,408.60,297.50,0,0.00,0,0,06-JAN-2025
OPTSTK,TATACOMM,30-Jan-2025,2025-01-30,1400.00,PE,1.05,2.00,1.05,2.00,0.10,63,220.741875,51250,5000,06-JAN-2025
OPTSTK,TATACOMM,27-Mar-2025,2025-03-27,1640.00,PE,0.00,0.00,0.00,61.65,54.15,0,0.00,0,0,06-JAN-2025
OPTSTK,TATACOMM,30-Jan-2025,2025-01-30,1840.00,PE,0.00,0.00,0.00,120.45,149.20,0,0.00,500,0,06-JAN-2025
OPTSTK,TATACOMM,27-Feb-2025,2025-02-27,1620.00,PE,0.00,0.00,0.00,41.40,34.70,0,0.00,0,0,06-JAN-2025
OPTSTK,TATACOMM,27-Mar-2025,2025-03-27,1960.00,CE,0.00,0.00,0.00,50.50,19.40,0,0.00,0,0,06-JAN-2025
OPTSTK,TATACOMM,27-Feb-2025,2025-02-27,1960.00,PE,0.00,0.00,0.00,234.80,258.75,0,0.00,0,0,06-JAN-2025
OPTSTK,TATACOMM,27-Feb-2025,2025-02-27,1580.00,CE,0.00,0.00,0.00,203.60,149.60,0,0.00,0,0,06-JAN-2025
OPTSTK,TATACOMM,27-Mar-2025,2025-03-27,1920.00,CE,0.00,0.00,0.00,60.65,25.70,0,0.00,0,0,06-JAN-2025
OPTSTK,TATACOMM,30-Jan-2025,2025-01-30,1440.00,CE,0.00,0.00,0.00,373.15,258.00,0,0.00,0,0,06-JAN-2025
OPTSTK,TATACOMM,27-Mar-2025,2025-03-27,1440.00,PE,0.00,0.00,0.00,14.75,8.55,0,0.00,0,0,06-JAN-2025
OPTSTK,TATACOMM,30-Jan-2025,2025-01-30,1700.00,CE,72.60,80.55,46.50,50.55,50.55,476,2092.21612,93500,8500,06-JAN-2025
OPTSTK,TATACOMM,27-Feb-2025,2025-02-27,1880.00,PE,0.00,0.00,0.00,179.50,189.40,0,0.00,0,0,06-JAN-2025
OPTSTK,TATACOMM,27-Feb-2025,2025-02-27,1880.00,CE,0.00,0.00,0.00,78.50,18.60,0,0.00,0,0,06-JAN-2025
OPTSTK,TATACOMM,27-Feb-2025,2025-02-27,1640.00,CE,0.00,0.00,0.00,194.10,108.50,0,0.00,0,0,06-JAN-2025
OPTSTK,TATACOMM,27-Mar-2025,2025-03-27,1640.00,CE,0.00,0.00,0.00,184.60,129.40,0,0.00,0,0,06-JAN-2025
OPTSTK,TATACOMM,30-Jan-2025,2025-01-30,1440.00,PE,0.00,0.00,0.00,12.60,0.40,0,0.00,0,0,06-JAN-2025
OPTSTK,TATACOMM,30-Jan-2025,2025-01-30,1540.00,PE,4.45,10.00,3.95,9.90,4.60,15,58.034125,14500,-250,06-JAN-2025
OPTSTK,TATACOMM,30-Jan-2025,2025-01-30,1540.00,CE,0.00,0.00,0.00,245.00,162.65,0,0.00,0,0,06-JAN-2025
OPTSTK,TATACOMM,27-Mar-2025,2025-03-27,1560.00,PE,0.00,0.00,0.00,37.40,28.90,0,0.00,0,0,06-JAN-2025
OPTSTK,HINDCOPPER,27-Feb-2025,2025-02-27,215.00,CE,0.00,0.00,0.00,56.35,29.95,0,0.00,0,0,06-JAN-2025
OPTSTK,HINDCOPPER,27-Feb-2025,2025-02-27,215.00,PE,0.00,0.00,0.00,5.45,7.25,0,0.00,0,0,06-JAN-2025
OPTSTK,GODREJPROP,27-Feb-2025,2025-02-27,2850.00,PE,0.00,0.00,0.00,193.70,279.90,0,0.00,0,0,06-JAN-2025
OPTSTK,HINDCOPPER,30-Jan-2025,2025-01-30,210.00,CE,0.00,0.00,0.00,92.30,28.95,0,0.00,0,0,06-JAN-2025
OPTSTK,HINDCOPPER,27-Mar-2025,2025-03-27,210.00,CE,0.00,0.00,0.00,64.05,37.30,0,0.00,0,0,06-JAN-2025
OPTSTK,GODREJPROP,27-Feb-2025,2025-02-27,3150.00,CE,0.00,0.00,0.00,120.05,21.55,0,0.00,0,0,06-JAN-2025
OPTSTK,GODREJPROP,30-Jan-2025,2025-01-30,3150.00,CE,8.00,8.00,3.70,4.20,4.20,327,2321.27268,53775,22725,06-JAN-2025
OPTSTK,GODREJPROP,27-Feb-2025,2025-02-27,3150.00,PE,0.00,0.00,0.00,374.80,525.30,0,0.00,0,0,06-JAN-2025
OPTSTK,GODREJPROP,27-Feb-2025,2025-02-27,2500.00,CE,0.00,0.00,0.00,465.05,225.95,0,0.00,0,0,06-JAN-2025
OPTSTK,GODREJPROP,27-Mar-2025,2025-03-27,2600.00,PE,0.00,0.00,0.00,122.60,157.40,0,0.00,0,0,06-JAN-2025
OPTSTK,GODREJPROP,27-Mar-2025,2025-03-27,2600.00,CE,0.00,0.00,0.00,425.30,211.65,0,0.00,0,0,06-JAN-2025
OPTSTK,GODREJPROP,30-Jan-2025,2025-01-30,2600.00,CE,146.45,146.45,105.35,111.00,111.00,146,891.9207,15975,10350,06-JAN-2025
OPTSTK,HINDCOPPER,27-Feb-2025,2025-02-27,240.00,CE,0.00,0.00,0.00,53.30,16.00,0,0.00,0,0,06-JAN-2025
OPTSTK,HINDCOPPER,30-Jan-2025,2025-01-30,260.00,CE,5.55,5.55,1.95,2.15,2.15,1494,10415.0127,2011350,188150,06-JAN-2025
OPTSTK,HINDCOPPER,30-Jan-2025,2025-01-30,260.00,PE,19.00,27.20,18.95,25.25,25.25,67,501.08055,466400,-42400,06-JAN-2025
OPTSTK,GODREJPROP,27-Mar-2025,2025-03-27,2900.00,CE,0.00,0.00,0.00,262.40,96.40,0,0.00,0,0,06-JAN-2025
FUTSTK,HINDCOPPER,27-Mar-2025,2025-03-27,,,245.83,245.83,238.79,239.93,239.95,45,287.42483,124550,47700,06-JAN-2025
FUTSTK,HINDCOPPER,30-Jan-2025,2025-01-30,,,247.91,249.32,234.79,236.65,236.65,3897,24766.7892,39524750,1253450,06-JAN-2025
OPTSTK,HINDCOPPER,30-Jan-2025,2025-01-30,215.00,CE,0.00,0.00,0.00,66.90,25.00,0,0.00,0,0,06-JAN-2025
OPTSTK,GODREJPROP,27-Feb-2025,2025-02-27,3200.00,CE,13.00,13.00,13.00,13.00,17.20,1,7.22925,3600,-225,06-JAN-2025
OPTSTK,GODREJPROP,27-Mar-2025,2025-03-27,3200.00,CE,0.00,0.00,0.00,151.95,38.45,0,0.00,0,0,06-JAN-2025
OPTSTK,GODREJPROP,30-Jan-2025,2025-01-30,3400.00,CE,2.00,2.00,1.45,1.50,0.35,18,137.7657,19125,-225,06-JAN-2025
OPTSTK,GODREJPROP,27-Feb-2025,2025-02-27,2900.00,PE,0.00,0.00,0.00,154.00,316.85,0,0.00,225,0,06-JAN-2025
OPTSTK,HINDCOPPER,27-Feb-2025,2025-02-27,280.00,CE,3.85,3.85,2.70,2.70,2.70,16,120.011875,58300,2650,06-JAN-2025
OPTSTK,HINDCOPPER,27-Feb-2025,2025-02-27,280.00,PE,0.00,0.00,0.00,32.05,46.25,0,0.00,0,0,06-JAN-2025
OPTSTK,GODREJPROP,30-Jan-2025,2025-01-30,2550.00,CE,172.00,172.00,164.00,169.55,143.45,5,30.58335,1575,1125,06-JAN-2025
OPTSTK,GODREJPROP,30-Jan-2025,2025-01-30,2550.00,PE,21.60,64.00,19.35,59.75,59.75,213,1242.9882,35325,1125,06-JAN-2025
OPTSTK,GODREJPROP,27-Feb-2025,2025-02-27,2550.00,PE,0.00,0.00,0.00,76.95,105.90,0,0.00,0,0,06-JAN-2025
OPTSTK,GODREJPROP,27-Feb-2025,2025-02-27,2950.00,CE,0.00,0.00,0.00,190.10,49.95,0,0.00,0,0,06-JAN-2025
OPTSTK,GODREJPROP,30-Jan-2025,2025-01-30,3200.00,PE,0.00,0.00,0.00,339.75,571.95,0,0.00,5400,0,06-JAN-2025
OPTSTK,GODREJPROP,30-Jan-2025,2025-01-30,3050.00,PE,0.00,0.00,0.00,316.95,427.85,0,0.00,1350,0,06-JAN-2025
OPTSTK,PVRINOX,30-Jan-2025,2025-01-30,1340.00,CE,28.55,29.60,12.35,13.55,13.55,1239,6849.32424,275539,-4070,06-JAN-2025
OPTSTK,PVRINOX,30-Jan-2025,2025-01-30,1260.00,PE,21.10,49.35,20.50,41.95,41.95,893,4717.35690,84249,34595,06-JAN-2025
OPTSTK,PVRINOX,30-Jan-2025,2025-01-30,1260.00,CE,62.80,62.85,35.80,40.00,40.00,656,3477.95378,64713,44363,06-JAN-2025
OPTSTK,PVRINOX,30-Jan-2025,2025-01-30,1300.00,PE,36.85,74.00,34.55,65.50,65.50,1283,7086.30793,322751,-153439,06-JAN-2025
OPTSTK,PVRINOX,27-Feb-2025,2025-02-27,1300.00,CE,48.60,49.10,48.60,49.05,38.40,3,16.4702725,1221,1221,06-JAN-2025
OPTSTK,PVRINOX,27-Feb-2025,2025-02-27,1480.00,PE,0.00,0.00,0.00,68.85,219.80,0,0.00,0,0,06-JAN-2025
OPTSTK,PVRINOX,30-Jan-2025,2025-01-30,1480.00,PE,0.00,0.00,0.00,167.15,223.20,0,0.00,6105,0,06-JAN-2025
OPTSTK,PVRINOX,27-Feb-2025,2025-02-27,1160.00,CE,0.00,0.00,0.00,383.75,117.90,0,0.00,0,0,06-JAN-2025
OPTSTK,PVRINOX,27-Feb-2025,2025-02-27,1120.00,PE,0.00,0.00,0.00,2.15,8.65,0,0.00,0,0,06-JAN-2025
OPTSTK,PVRINOX,30-Jan-2025,2025-01-30,1120.00,CE,0.00,0.00,0.00,471.55,137.90,0,0.00,0,0,06-JAN-2025
OPTSTK,PVRINOX,27-Feb-2025,2025-02-27,1340.00,CE,0.00,0.00,0.00,82.30,25.65,0,0.00,0,0,06-JAN-2025
OPTSTK,PVRINOX,27-Feb-2025,2025-02-27,1220.00,CE,0.00,0.00,0.00,156.50,77.05,0,0.00,0,0,06-JAN-2025
OPTSTK,PVRINOX,27-Feb-2025,2025-02-27,1520.00,CE,0.00,0.00,0.00,113.45,2.65,0,0.00,0,0,06-JAN-2025
OPTSTK,PVRINOX,27-Feb-2025,2025-02-27,1240.00,CE,0.00,0.00,0.00,311.15,65.65,0,0.00,0,0,06-JAN-2025
OPTSTK,PVRINOX,27-Feb-2025,2025-02-27,1420.00,PE,0.00,0.00,0.00,114.50,165.95,0,0.00,0,0,06-JAN-2025
OPTSTK,PVRINOX,30-Jan-2025,2025-01-30,1420.00,PE,129.55,129.55,129.55,129.55,164.95,1,6.3066685,2035,407,06-JAN-2025
OPTSTK,PVRINOX,30-Jan-2025,2025-01-30,1380.00,CE,14.70,14.70,7.40,7.85,7.85,612,3462.46947,148148,10582,06-JAN-2025
OPTSTK,PVRINOX,27-Feb-2025,2025-02-27,1180.00,PE,0.00,0.00,0.00,15.70,21.20,0,0.00,0,0,06-JAN-2025
OPTSTK,PVRINOX,27-Feb-2025,2025-02-27,1180.00,CE,0.00,0.00,0.00,187.35,103.20,0,0.00,0,0,06-JAN-2025
OPTSTK,PVRINOX,27-Feb-2025,2025-02-27,1260.00,CE,0.00,0.00,0.00,128.50,55.45,0,0.00,0,0,06-JAN-2025
OPTSTK,PVRINOX,27-Feb-2025,2025-02-27,1120.00,CE,0.00,0.00,0.00,421.50,150.05,0,0.00,0,0,06-JAN-2025
OPTSTK,PVRINOX,30-Jan-2025,2025-01-30,1540.00,CE,2.25,3.10,1.60,1.60,0.10,51,320.092069,66748,-8547,06-JAN-2025
OPTSTK,PVRINOX,30-Jan-2025,2025-01-30,1500.00,PE,205.00,239.50,204.00,239.50,242.95,20,141.097132,54945,-6512,06-JAN-2025
OPTSTK,PVRINOX,27-Feb-2025,2025-02-27,1380.00,PE,0.00,0.00,0.00,90.00,132.60,0,0.00,0,0,06-JAN-2025
FUTSTK,PVRINOX,30-Jan-2025,2025-01-30,,,1309.95,1315.75,1245.35,1258.20,1258.20,4456,23016.7112,3744400,-74074,06-JAN-2025
OPTSTK,PVRINOX,30-Jan-2025,2025-01-30,1420.00,CE,8.00,8.35,4.70,4.90,4.90,467,2710.46472,80586,21978,06-JAN-2025
OPTSTK,PVRINOX,27-Feb-2025,2025-02-27,1420.00,CE,0.00,0.00,0.00,49.15,10.20,0,0.00,0,0,06-JAN-2025
OPTSTK,PVRINOX,30-Jan-2025,2025-01-30,1600.00,CE,0.95,1.25,0.70,0.70,0.70,103,671.13893,286528,-17501,06-JAN-2025
OPTSTK,PVRINOX,27-Feb-2025,2025-02-27,1640.00,CE,0.00,0.00,0.00,8.00,0.40,0,0.00,1221,0,06-JAN-2025
OPTSTK,PVRINOX,30-Jan-2025,2025-01-30,1840.00,CE,0.00,0.00,0.00,0.35,0.05,0,0.00,1628,0,06-JAN-2025
OPTSTK,PVRINOX,30-Jan-2025,2025-01-30,1120.00,PE,2.00,6.60,1.80,5.30,5.30,1671,7648.27033,188441,95238,06-JAN-2025
OPTSTK,PVRINOX,30-Jan-2025,2025-01-30,1460.00,PE,0.00,0.00,0.00,168.80,203.60,0,0.00,9768,0,06-JAN-2025
OPTSTK,PETRONET,27-Feb-2025,2025-02-27,370.00,PE,0.00,0.00,0.00,46.40,41.50,0,0.00,0,0,06-JAN-2025
OPTSTK,PETRONET,30-Jan-2025,2025-01-30,375.00,CE,0.40,0.40,0.35,0.40,0.50,17,95.72325,165000,-10500,06-JAN-2025
OPTSTK,PETRONET,27-Feb-2025,2025-02-27,295.00,CE,0.00,0.00,0.00,56.25,38.95,0,0.00,0,0,06-JAN-2025
OPTSTK,PETRONET,30-Jan-2025,2025-01-30,295.00,CE,0.00,0.00,0.00,42.40,35.45,0,0.00,0,0,06-JAN-2025
FUTSTK,PETRONET,27-Feb-2025,2025-02-27,,,332.55,334.05,328.05,331.10,331.10,131,649.28175,355500,-21000,06-JAN-2025
OPTSTK,PETRONET,27-Mar-2025,2025-03-27,330.00,CE,0.00,0.00,0.00,35.05,19.90,0,0.00,0,0,06-JAN-2025
OPTSTK,PETRONET,30-Jan-2025,2025-01-30,355.00,PE,0.00,0.00,0.00,25.30,27.40,0,0.00,366000,0,06-JAN-2025
OPTSTK,PETRONET,30-Jan-2025,2025-01-30,280.00,CE,0.00,0.00,0.00,57.40,49.75,0,0.00,0,0,06-JAN-2025
OPTSTK,PETRONET,27-Mar-2025,2025-03-27,310.00,PE,0.00,0.00,0.00,7.90,8.50,0,0.00,0,0,06-JAN-2025
OPTSTK,PETRONET,27-Feb-2025,2025-02-27,320.00,CE,0.00,0.00,0.00,30.60,20.95,0,0.00,0,0,06-JAN-2025
OPTSTK,PETRONET,27-Feb-2025,2025-02-27,295.00,PE,0.00,0.00,0.00,2.80,2.70,0,0.00,0,0,06-JAN-2025
OPTSTK,PETRONET,27-Feb-2025,2025-02-27,330.00,PE,0.00,0.00,0.00,11.10,13.95,0,0.00,9000,0,06-JAN-2025
OPTSTK,PETRONET,27-Mar-2025,2025-03-27,330.00,PE,0.00,0.00,0.00,14.35,16.65,0,0.00,0,0,06-JAN-2025
OPTSTK,PETRONET,30-Jan-2025,2025-01-30,325.00,CE,12.00,12.70,8.60,11.55,11.55,343,1726.0785,307500,-33000,06-JAN-2025
OPTSTK,PETRONET,30-Jan-2025,2025-01-30,345.00,CE,3.05,3.45,2.30,3.30,3.30,699,3647.262,1212000,21000,06-JAN-2025
OPTSTK,PETRONET,27-Feb-2025,2025-02-27,315.00,PE,0.00,0.00,0.00,6.70,7.65,0,0.00,0,0,06-JAN-2025
OPTSTK,PETRONET,27-Feb-2025,2025-02-27,320.00,PE,0.00,0.00,0.00,7.55,9.50,0,0.00,1500,0,06-JAN-2025
OPTSTK,PETRONET,30-Jan-2025,2025-01-30,285.00,PE,0.00,0.00,0.00,3.65,0.25,0,0.00,0,0,06-JAN-2025
OPTSTK,PETRONET,27-Mar-2025,2025-03-27,340.00,PE,0.00,0.00,0.00,18.55,22.00,0,0.00,0,0,06-JAN-2025
OPTSTK,PETRONET,30-Jan-2025,2025-01-30,365.00,PE,0.00,0.00,0.00,34.30,36.15,0,0.00,25500,0,06-JAN-2025
OPTSTK,PETRONET,30-Jan-2025,2025-01-30,380.00,PE,0.00,0.00,0.00,32.45,50.25,0,0.00,6000,0,06-JAN-2025
OPTSTK,PETRONET,30-Jan-2025,2025-01-30,350.00,CE,2.60,2.60,1.65,2.30,2.30,1053,5559.92025,3480000,-61500,06-JAN-2025
OPTSTK,PETRONET,27-Feb-2025,2025-02-27,350.00,CE,6.25,6.25,6.00,6.25,7.75,4,21.3675,19500,0,06-JAN-2025
OPTSTK,PETRONET,27-Mar-2025,2025-03-27,370.00,PE,0.00,0.00,0.00,35.00,42.55,0,0.00,0,0,06-JAN-2025
OPTSTK,PETRONET,27-Feb-2025,2025-02-27,370.00,CE,0.00,0.00,0.00,11.05,3.45,0,0.00,0,0,06-JAN-2025
OPTSTK,PETRONET,27-Feb-2025,2025-02-27,335.00,PE,0.00,0.00,0.00,13.35,16.60,0,0.00,0,0,06-JAN-2025
OPTSTK,PETRONET,27-Feb-2025,2025-02-27,335.00,CE,0.00,0.00,0.00,27.30,13.20,0,0.00,0,0,06-JAN-2025
OPTSTK,PETRONET,27-Mar-2025,2025-03-27,280.00,PE,0.00,0.00,0.00,2.50,2.15,0,0.00,0,0,06-JAN-2025
OPTSTK,PETRONET,30-Jan-2025,2025-01-30,280.00,PE,0.35,0.50,0.20,0.50,0.50,34,143.01375,204000,4500,06-JAN-2025
OPTSTK,PETRONET,27-Feb-2025,2025-02-27,330.00,CE,13.50,14.30,13.50,13.70,15.55,9,46.407,63000,3000,06-JAN-2025
OPTSTK,PETRONET,30-Jan-2025,2025-01-30,330.00,PE,8.15,11.50,7.85,9.20,9.20,1016,5172.7575,1959000,-181500,06-JAN-2025
OPTSTK,PETRONET,30-Jan-2025,2025-01-30,355.00,CE,1.45,1.75,1.20,1.65,1.65,595,3180.75375,1375500,18000,06-JAN-2025
OPTSTK,DABUR,27-Feb-2025,2025-02-27,495.00,CE,0.00,0.00,0.00,30.80,24.75,0,0.00,0,0,06-JAN-2025
OPTSTK,DABUR,27-Feb-2025,2025-02-27,600.00,CE,0.00,0.00,0.00,8.00,0.40,0,0.00,0,0,06-JAN-2025
OPTSTK,DABUR,27-Mar-2025,2025-03-27,600.00,PE,0.00,0.00,0.00,87.70,87.85,0,0.00,0,0,06-JAN-2025
OPTSTK,DABUR,27-Feb-2025,2025-02-27,460.00,CE,0.00,0.00,0.00,78.30,51.30,0,0.00,0,0,06-JAN-2025
OPTSTK,DABUR,30-Jan-2025,2025-01-30,480.00,CE,29.00,33.40,29.00,33.25,29.40,4,25.609375,10000,5000,06-JAN-2025
OPTSTK,DABUR,27-Feb-2025,2025-02-27,555.00,CE,0.00,0.00,0.00,7.45,3.45,0,0.00,0,0,06-JAN-2025
OPTSTK,DABUR,30-Jan-2025,2025-01-30,500.00,PE,5.10,11.15,4.55,9.55,9.55,3763,23928.7175,1023750,58750,06-JAN-2025
OPTSTK,DABUR,27-Feb-2025,2025-02-27,480.00,PE,0.00,0.00,0.00,7.55,5.55,0,0.00,0,0,06-JAN-2025
OPTSTK,DABUR,27-Feb-2025,2025-02-27,515.00,PE,0.00,0.00,0.00,23.25,19.50,0,0.00,0,0,06-JAN-2025
OPTSTK,DABUR,27-Feb-2025,2025-02-27,570.00,CE,0.00,0.00,0.00,14.90,1.80,0,0.00,0,0,06-JAN-2025
OPTSTK,DABUR,30-Jan-2025,2025-01-30,580.00,CE,1.00,1.00,0.40,0.45,0.45,148,1073.94375,128750,-23750,06-JAN-2025
OPTSTK,DABUR,30-Jan-2025,2025-01-30,580.00,PE,0.00,0.00,0.00,71.00,72.65,0,0.00,21250,0,06-JAN-2025
OPTSTK,DABUR,30-Jan-2025,2025-01-30,565.00,CE,2.45,2.45,0.70,0.80,0.80,157,1110.59812,65000,12500,06-JAN-2025
FUTSTK,DABUR,27-Feb-2025,2025-02-27,,,520.05,524.50,505.85,509.40,509.40,581,3715.31312,872500,201250,06-JAN-2025
OPTSTK,DABUR,30-Jan-2025,2025-01-30,515.00,CE,15.15,15.90,7.35,8.50,8.50,868,5689.88625,355000,165000,06-JAN-2025
OPTSTK,DABUR,27-Mar-2025,2025-03-27,540.00,PE,0.00,0.00,0.00,40.80,37.55,0,0.00,0,0,06-JAN-2025
OPTSTK,DABUR,27-Mar-2025,2025-03-27,570.00,CE,0.00,0.00,0.00,8.50,4.25,0,0.00,0,0,06-JAN-2025
OPTSTK,DABUR,30-Jan-2025,2025-01-30,495.00,CE,20.00,21.20,16.70,18.55,18.55,42,269.635625,40000,-2500,06-JAN-2025
OPTSTK,DABUR,30-Jan-2025,2025-01-30,495.00,PE,4.15,8.90,4.15,7.70,7.70,626,3929.2125,258750,117500,06-JAN-2025
OPTSTK,DABUR,30-Jan-2025,2025-01-30,535.00,CE,6.90,7.90,2.80,3.35,3.35,822,5536.325,335000,117500,06-JAN-2025
OPTSTK,DABUR,27-Feb-2025,2025-02-27,535.00,CE,0.00,0.00,0.00,12.65,7.40,0,0.00,0,0,06-JAN-2025
OPTSTK,DABUR,30-Jan-2025,2025-01-30,535.00,PE,25.30,33.50,25.30,31.45,30.45,7,49.435625,56250,1250,06-JAN-2025
OPTSTK,DABUR,30-Jan-2025,2025-01-30,465.00,PE,1.50,2.05,1.30,1.85,1.85,160,933.28,65000,43750,06-JAN-2025
OPTSTK,DABUR,27-Mar-2025,2025-03-27,510.00,PE,0.00,0.00,0.00,23.60,19.45,0,0.00,0,0,06-JAN-2025
OPTSTK,DABUR,27-Mar-2025,2025-03-27,510.00,CE,0.00,0.00,0.00,28.40,21.80,0,0.00,0,0,06-JAN-2025
OPTSTK,DABUR,27-Feb-2025,2025-02-27,495.00,PE,0.00,0.00,0.00,14.00,10.15,0,0.00,0,0,06-JAN-2025
OPTSTK,DABUR,30-Jan-2025,2025-01-30,575.00,PE,0.00,0.00,0.00,58.00,67.75,0,0.00,6250,0,06-JAN-2025
OPTSTK,DABUR,27-Feb-2025,2025-02-27,575.00,PE,0.00,0.00,0.00,66.35,66.10,0,0.00,0,0,06-JAN-2025
OPTSTK,DABUR,27-Feb-2025,2025-02-27,575.00,CE,0.00,0.00,0.00,4.15,1.45,0,0.00,0,0,06-JAN-2025
OPTSTK,DABUR,30-Jan-2025,2025-01-30,575.00,CE,1.50,1.50,0.50,0.60,0.60,43,309.3875,45000,-22500,06-JAN-2025
OPTSTK,DABUR,27-Mar-2025,2025-03-27,560.00,PE,0.00,0.00,0.00,54.90,52.70,0,0.00,0,0,06-JAN-2025
OPTSTK,DABUR,27-Feb-2025,2025-02-27,510.00,CE,0.00,0.00,0.00,41.55,16.55,0,0.00,0,0,06-JAN-2025
OPTSTK,DABUR,30-Jan-2025,2025-01-30,510.00,CE,17.85,17.85,9.00,10.50,10.50,3151,20524.7887,821250,281250,06-JAN-2025
OPTSTK,ANGELONE,27-Feb-2025,2025-02-27,3200.00,CE,0.00,0.00,0.00,252.65,75.65,0,0.00,0,0,06-JAN-2025
OPTSTK,ANGELONE,30-Jan-2025,2025-01-30,3400.00,CE,20.00,28.80,11.90,12.35,12.35,929,6352.5304,111400,1200,06-JAN-2025
OPTSTK,ANGELONE,30-Jan-2025,2025-01-30,3800.00,CE,5.05,5.20,3.15,3.50,3.50,60,456.5386,28200,600,06-JAN-2025
OPTSTK,ANGELONE,27-Mar-2025,2025-03-27,2200.00,PE,0.00,0.00,0.00,67.25,47.70,0,0.00,0,0,06-JAN-2025
OPTSTK,ANGELONE,27-Feb-2025,2025-02-27,2200.00,PE,0.00,0.00,0.00,71.15,25.20,0,0.00,0,0,06-JAN-2025
OPTSTK,ANGELONE,27-Mar-2025,2025-03-27,2400.00,CE,0.00,0.00,0.00,664.00,482.90,0,0.00,0,0,06-JAN-2025
OPTSTK,ANGELONE,30-Jan-2025,2025-01-30,3400.00,PE,515.15,515.15,486.20,486.20,642.30,6,46.8081,1800,0,06-JAN-2025
OPTSTK,ANGELONE,30-Jan-2025,2025-01-30,3700.00,CE,6.40,7.00,4.05,5.75,5.75,69,511.3908,66400,-4400,06-JAN-2025
OPTSTK,ANGELONE,30-Jan-2025,2025-01-30,3100.00,PE,288.00,384.00,220.00,384.00,373.60,116,780.6943,20800,-4800,06-JAN-2025
OPTSTK,ANGELONE,27-Mar-2025,2025-03-27,2400.00,PE,0.00,0.00,0.00,116.70,95.60,0,0.00,0,0,06-JAN-2025
OPTSTK,ANGELONE,30-Jan-2025,2025-01-30,2700.00,PE,79.95,129.20,43.40,124.55,124.55,2297,12790.9599,159800,61000,06-JAN-2025
OPTSTK,ANGELONE,27-Mar-2025,2025-03-27,2800.00,PE,0.00,0.00,0.00,271.20,263.95,0,0.00,0,0,06-JAN-2025
OPTSTK,ANGELONE,30-Jan-2025,2025-01-30,2850.00,PE,160.00,215.00,82.10,202.10,202.10,1066,6375.0724,73200,800,06-JAN-2025
OPTSTK,ANGELONE,30-Jan-2025,2025-01-30,2400.00,CE,408.15,408.15,408.15,408.15,386.20,1,5.6163,200,0,06-JAN-2025
OPTSTK,ANGELONE,27-Feb-2025,2025-02-27,2400.00,CE,0.00,0.00,0.00,649.40,437.45,0,0.00,0,0,06-JAN-2025
OPTSTK,ANGELONE,27-Feb-2025,2025-02-27,2400.00,PE,0.00,0.00,0.00,122.40,62.45,0,0.00,0,0,06-JAN-2025
OPTSTK,ANGELONE,27-Feb-2025,2025-02-27,3100.00,CE,0.00,0.00,0.00,287.15,98.10,0,0.00,0,0,06-JAN-2025
OPTSTK,ANGELONE,30-Jan-2025,2025-01-30,3100.00,CE,60.00,94.80,38.00,40.70,40.70,4958,31383.2708,369600,20600,06-JAN-2025
OPTSTK,ANGELONE,30-Jan-2025,2025-01-30,3000.00,PE,178.65,324.65,146.25,312.85,312.85,647,4150.5233,61200,1000,06-JAN-2025
OPTSTK,ANGELONE,27-Feb-2025,2025-02-27,3000.00,CE,150.00,172.15,104.50,108.60,108.60,16,99.9956,2400,800,06-JAN-2025
OPTSTK,ANGELONE,27-Feb-2025,2025-02-27,2800.00,CE,0.00,0.00,0.00,415.05,200.35,0,0.00,0,0,06-JAN-2025
OPTSTK,ANGELONE,30-Jan-2025,2025-01-30,3250.00,CE,40.95,53.20,21.60,22.50,22.50,566,3720.2924,36200,3800,06-JAN-2025
OPTSTK,ANGELONE,30-Jan-2025,2025-01-30,2700.00,CE,250.00,275.00,154.85,161.55,161.55,134,772.7299,11800,5600,06-JAN-2025
OPTSTK,ANGELONE,30-Jan-2025,2025-01-30,2750.00,PE,64.75,154.00,59.15,146.75,146.75,715,4085.9602,34600,6600,06-JAN-2025
OPTSTK,ANGELONE,27-Feb-2025,2025-02-27,3400.00,PE,0.00,0.00,0.00,649.25,659.10,0,0.00,0,0,06-JAN-2025
OPTSTK,ANGELONE,27-Feb-2025,2025-02-27,3400.00,CE,0.00,0.00,0.00,194.25,43.70,0,0.00,0,0,06-JAN-2025
OPTSTK,ANGELONE,27-Mar-2025,2025-03-27,3200.00,CE,0.00,0.00,0.00,259.75,122.95,0,0.00,0,0,06-JAN-2025
OPTSTK,ANGELONE,30-Jan-2025,2025-01-30,2200.00,PE,10.25,14.10,5.15,13.05,13.05,349,1542.4232,21400,9800,06-JAN-2025
OPTSTK,ANGELONE,27-Feb-2025,2025-02-27,2900.00,PE,0.00,0.00,0.00,332.10,279.95,0,0.00,0,0,06-JAN-2025
OPTSTK,ANGELONE,30-Jan-2025,2025-01-30,3000.00,CE,75.00,134.50,53.65,57.50,57.50,9121,56433.3567,435600,-29600,06-JAN-2025
OPTSTK,ANGELONE,27-Mar-2025,2025-03-27,3000.00,CE,0.00,0.00,0.00,334.35,179.95,0,0.00,0,0,06-JAN-2025
OPTSTK,SAIL,30-Jan-2025,2025-01-30,102.50,CE,0.00,0.00,0.00,18.90,10.00,0,0.00,0,0,06-JAN-2025
OPTSTK,SAIL,30-Jan-2025,2025-01-30,102.50,PE,0.80,1.40,0.70,1.30,1.30,688,2851.806,820000,64000,06-JAN-2025
OPTSTK,SAIL,30-Jan-2025,2025-01-30,107.50,PE,1.60,2.85,1.60,2.65,2.65,1133,4981.348,2004000,4000,06-JAN-2025
OPTSTK,SAIL,27-Feb-2025,2025-02-27,107.50,PE,0.00,0.00,0.00,2.70,5.20,0,0.00,4000,0,06-JAN-2025
OPTSTK,SAIL,27-Feb-2025,2025-02-27,107.50,CE,0.00,0.00,0.00,16.40,9.15,0,0.00,0,0,06-JAN-2025
OPTSTK,SAIL,30-Jan-2025,2025-01-30,107.50,CE,7.00,7.20,5.75,6.00,6.00,67,304.462,124000,96000,06-JAN-2025
OPTSTK,SAIL,27-Feb-2025,2025-02-27,117.50,CE,0.00,0.00,0.00,4.95,4.75,0,0.00,4000,0,06-JAN-2025
OPTSTK,SAIL,27-Mar-2025,2025-03-27,125.00,CE,0.00,0.00,0.00,10.00,4.30,0,0.00,0,0,06-JAN-2025
OPTSTK,SAIL,30-Jan-2025,2025-01-30,125.00,PE,12.00,14.85,12.00,14.85,14.95,5,27.658,2196000,-8000,06-JAN-2025
OPTSTK,SAIL,27-Mar-2025,2025-03-27,125.00,PE,0.00,0.00,0.00,15.15,17.10,0,0.00,0,0,06-JAN-2025
OPTSTK,SAIL,27-Feb-2025,2025-02-27,102.50,PE,0.00,0.00,0.00,3.40,3.30,0,0.00,0,0,06-JAN-2025
OPTSTK,SAIL,27-Feb-2025,2025-02-27,125.00,CE,2.15,2.15,2.15,2.15,2.70,3,15.258,20000,12000,06-JAN-2025
OPTSTK,SAIL,27-Feb-2025,2025-02-27,125.00,PE,16.70,16.70,16.70,16.70,16.70,2,11.336,16000,8000,06-JAN-2025
OPTSTK,SAIL,30-Jan-2025,2025-01-30,125.00,CE,1.00,1.05,0.55,0.60,0.60,1482,7447.51,3664000,-548000,06-JAN-2025
OPTSTK,SAIL,27-Feb-2025,2025-02-27,95.00,CE,0.00,0.00,0.00,26.15,17.70,0,0.00,0,0,06-JAN-2025
OPTSTK,SAIL,27-Feb-2025,2025-02-27,127.50,CE,0.00,0.00,0.00,6.80,2.20,0,0.00,0,0,06-JAN-2025
OPTSTK,SAIL,30-Jan-2025,2025-01-30,117.50,PE,6.00,8.70,6.00,8.40,8.40,148,739.404,1168000,60000,06-JAN-2025
OPTSTK,SAIL,30-Jan-2025,2025-01-30,112.50,PE,3.45,5.30,3.45,5.00,5.00,1190,5577.192,1356000,400000,06-JAN-2025
OPTSTK,SAIL,27-Mar-2025,2025-03-27,140.00,PE,0.00,0.00,0.00,25.40,29.20,0,0.00,0,0,06-JAN-2025
OPTSTK,SAIL,27-Feb-2025,2025-02-27,122.50,PE,0.00,0.00,0.00,12.00,14.20,0,0.00,0,0,06-JAN-2025
OPTSTK,SAIL,27-Feb-2025,2025-02-27,122.50,CE,0.00,0.00,0.00,8.65,3.25,0,0.00,0,0,06-JAN-2025
OPTSTK,SAIL,30-Jan-2025,2025-01-30,122.50,CE,1.20,1.20,0.80,0.80,0.80,871,4299.43,2132000,-104000,06-JAN-2025
OPTSTK,SAIL,27-Feb-2025,2025-02-27,135.00,PE,0.00,0.00,0.00,21.10,24.45,0,0.00,4000,0,06-JAN-2025
OPTSTK,SAIL,27-Feb-2025,2025-02-27,130.00,CE,1.50,1.50,1.10,1.35,1.75,5,26.26,176000,0,06-JAN-2025
OPTSTK,SAIL,30-Jan-2025,2025-01-30,135.00,PE,24.45,24.45,24.35,24.35,24.20,2,12.752,204000,-4000,06-JAN-2025
OPTSTK,SAIL,30-Jan-2025,2025-01-30,135.00,CE,0.15,0.15,0.10,0.15,0.20,162,875.758,1836000,-44000,06-JAN-2025
OPTSTK,SAIL,30-Jan-2025,2025-01-30,127.50,CE,0.55,0.55,0.40,0.45,0.45,223,1141.128,2336000,-104000,06-JAN-2025
OPTSTK,SAIL,30-Jan-2025,2025-01-30,127.50,PE,0.00,0.00,0.00,10.55,17.15,0,0.00,296000,0,06-JAN-2025
OPTSTK,SAIL,27-Feb-2025,2025-02-27,127.50,PE,0.00,0.00,0.00,15.15,18.05,0,0.00,0,0,06-JAN-2025
OPTSTK,SAIL,27-Mar-2025,2025-03-27,115.00,CE,0.00,0.00,0.00,14.35,7.60,0,0.00,0,0,06-JAN-2025
OPTSTK,SAIL,30-Jan-2025,2025-01-30,120.00,CE,2.05,2.05,1.10,1.25,1.25,2374,11523.036,7588000,-144000,06-JAN-2025
OPTSTK,SAIL,30-Jan-2025,2025-01-30,120.00,PE,8.50,10.75,8.40,10.35,10.35,110,572.242,2224000,76000,06-JAN-2025
OPTSTK,BHARATFORG,30-Jan-2025,2025-01-30,1220.00,PE,9.60,21.85,9.50,19.40,19.40,221,1365.96725,66000,20000,06-JAN-2025
OPTSTK,BHARATFORG,27-Feb-2025,2025-02-27,1520.00,PE,0.00,0.00,0.00,209.85,249.60,0,0.00,0,0,06-JAN-2025
OPTSTK,BHARATFORG,30-Jan-2025,2025-01-30,1260.00,CE,55.00,55.45,34.30,38.65,38.65,771,5017.42925,189500,168500,06-JAN-2025
OPTSTK,BHARATFORG,27-Feb-2025,2025-02-27,1080.00,PE,0.00,0.00,0.00,14.05,5.25,0,0.00,0,0,06-JAN-2025
OPTSTK,BHARATFORG,30-Jan-2025,2025-01-30,1340.00,CE,22.05,22.05,9.80,11.25,11.25,995,6736.33975,391000,57500,06-JAN-2025
OPTSTK,BHARATFORG,27-Feb-2025,2025-02-27,1220.00,PE,0.00,0.00,0.00,36.25,35.95,0,0.00,0,0,06-JAN-2025
OPTSTK,BHARATFORG,30-Jan-2025,2025-01-30,1160.00,PE,3.55,7.80,3.55,7.00,7.00,192,1119.2305,59000,11500,06-JAN-2025
OPTSTK,BHARATFORG,30-Jan-2025,2025-01-30,1600.00,PE,0.00,0.00,0.00,290.00,332.30,0,0.00,41500,0,06-JAN-2025
OPTSTK,BHARATFORG,30-Jan-2025,2025-01-30,1400.00,PE,101.40,144.05,101.40,137.45,138.60,13,99.77825,113000,-3000,06-JAN-2025
OPTSTK,BHARATFORG,30-Jan-2025,2025-01-30,1280.00,CE,48.35,48.35,25.70,29.20,29.20,1087,7138.4615,198500,107500,06-JAN-2025
OPTSTK,BHARATFORG,27-Mar-2025,2025-03-27,1280.00,PE,0.00,0.00,0.00,71.25,74.30,0,0.00,0,0,06-JAN-2025
OPTSTK,BHARATFORG,30-Jan-2025,2025-01-30,1460.00,PE,0.00,0.00,0.00,129.00,194.55,0,0.00,1000,0,06-JAN-2025
OPTSTK,BHARATFORG,27-Mar-2025,2025-03-27,1240.00,PE,0.00,0.00,0.00,55.05,55.10,0,0.00,0,0,06-JAN-2025
OPTSTK,BHARATFORG,30-Jan-2025,2025-01-30,1240.00,CE,64.45,69.20,45.00,49.35,49.35,85,548.092,26500,20000,06-JAN-2025
OPTSTK,BHARATFORG,27-Feb-2025,2025-02-27,1360.00,CE,0.00,0.00,0.00,100.10,27.95,0,0.00,0,0,06-JAN-2025
OPTSTK,BHARATFORG,30-Jan-2025,2025-01-30,1360.00,CE,16.75,16.75,7.20,8.20,8.20,1169,8006.94875,233500,33500,06-JAN-2025
OPTSTK,BHARATFORG,30-Jan-2025,2025-01-30,1300.00,PE,35.90,63.10,32.90,58.50,58.50,631,4246.55025,280500,26000,06-JAN-2025
OPTSTK,BHARATFORG,27-Feb-2025,2025-02-27,1300.00,PE,0.00,0.00,0.00,67.45,74.75,0,0.00,0,0,06-JAN-2025
OPTSTK,BHARATFORG,27-Mar-2025,2025-03-27,1320.00,CE,0.00,0.00,0.00,108.05,56.95,0,0.00,0,0,06-JAN-2025
OPTSTK,BHARATFORG,27-Feb-2025,2025-02-27,1320.00,CE,0.00,0.00,0.00,119.05,40.30,0,0.00,0,0,06-JAN-2025
OPTSTK,BHARATFORG,27-Feb-2025,2025-02-27,1200.00,CE,0.00,0.00,0.00,190.60,101.10,0,0.00,0,0,06-JAN-2025
OPTSTK,BHARATFORG,27-Feb-2025,2025-02-27,1300.00,CE,0.00,0.00,0.00,98.00,47.85,0,0.00,0,0,06-JAN-2025
OPTSTK,BHARATFORG,27-Feb-2025,2025-02-27,1420.00,PE,0.00,0.00,0.00,136.60,161.00,0,0.00,0,0,06-JAN-2025
OPTSTK,BHARATFORG,30-Jan-2025,2025-01-30,1180.00,CE,103.15,103.15,86.75,91.70,91.70,7,44.58775,2500,2500,06-JAN-2025
OPTSTK,BHARATFORG,30-Jan-2025,2025-01-30,1560.00,PE,0.00,0.00,0.00,229.00,292.55,0,0.00,1000,0,06-JAN-2025
OPTSTK,BHARATFORG,27-Feb-2025,2025-02-27,1260.00,CE,0.00,0.00,0.00,120.35,66.00,0,0.00,0,0,06-JAN-2025
OPTSTK,BHARATFORG,30-Jan-2025,2025-01-30,1260.00,PE,24.30,39.00,21.90,34.70,34.70,506,3267.4605,107000,10000,06-JAN-2025
OPTSTK,BHARATFORG,27-Feb-2025,2025-02-27,1240.00,CE,0.00,0.00,0.00,164.25,76.65,0,0.00,0,0,06-JAN-2025
OPTSTK,BHARATFORG,30-Jan-2025,2025-01-30,1320.00,PE,43.30,78.20,43.10,72.40,72.40,179,1238.93025,149000,-30000,06-JAN-2025
OPTSTK,BHARATFORG,27-Mar-2025,2025-03-27,1320.00,PE,0.00,0.00,0.00,89.95,96.85,0,0.00,0,0,06-JAN-2025
OPTSTK,BHARATFORG,27-Feb-2025,2025-02-27,1120.00,CE,0.00,0.00,0.00,249.95,161.50,0,0.00,0,0,06-JAN-2025
OPTSTK,TIINDIA,30-Jan-2025,2025-01-30,3200.00,PE,0.00,0.00,0.00,12.55,31.30,0,0.00,150,0,06-JAN-2025
FUTSTK,TIINDIA,27-Feb-2025,2025-02-27,,,3600.00,3600.00,3505.15,3516.75,3516.75,18,95.303025,8250,-150,06-JAN-2025
OPTSTK,TIINDIA,30-Jan-2025,2025-01-30,3600.00,CE,127.15,132.90,94.00,98.60,98.60,84,466.95255,18000,300,06-JAN-2025
OPTSTK,TIINDIA,27-Feb-2025,2025-02-27,3600.00,CE,0.00,0.00,0.00,355.95,167.55,0,0.00,0,0,06-JAN-2025
OPTSTK,TIINDIA,30-Jan-2025,2025-01-30,3550.00,CE,117.15,135.95,113.80,117.85,117.85,40,220.0848,18000,3600,06-JAN-2025
OPTSTK,TIINDIA,27-Mar-2025,2025-03-27,3500.00,CE,0.00,0.00,0.00,433.85,268.90,0,0.00,0,0,06-JAN-2025
OPTSTK,TIINDIA,27-Mar-2025,2025-03-27,3600.00,PE,0.00,0.00,0.00,280.15,281.30,0,0.00,0,0,06-JAN-2025
OPTSTK,TIINDIA,30-Jan-2025,2025-01-30,3550.00,PE,140.30,176.90,140.15,166.80,166.80,18,100.075875,3600,1200,06-JAN-2025
OPTSTK,TIINDIA,30-Jan-2025,2025-01-30,4100.00,CE,14.70,14.75,6.90,9.80,8.70,27,166.450125,8550,750,06-JAN-2025
OPTSTK,TIINDIA,27-Mar-2025,2025-03-27,4100.00,CE,0.00,0.00,0.00,190.05,78.45,0,0.00,0,0,06-JAN-2025
OPTSTK,TIINDIA,30-Jan-2025,2025-01-30,4100.00,PE,0.00,0.00,0.00,589.70,601.05,0,0.00,0,0,06-JAN-2025
OPTSTK,TIINDIA,30-Jan-2025,2025-01-30,3400.00,CE,0.00,0.00,0.00,395.80,193.35,0,0.00,0,0,06-JAN-2025
OPTSTK,TIINDIA,27-Mar-2025,2025-03-27,3300.00,CE,0.00,0.00,0.00,551.95,378.20,0,0.00,0,0,06-JAN-2025
OPTSTK,TIINDIA,30-Jan-2025,2025-01-30,3300.00,CE,0.00,0.00,0.00,274.10,258.95,0,0.00,150,0,06-JAN-2025
OPTSTK,TIINDIA,27-Feb-2025,2025-02-27,3550.00,CE,0.00,0.00,0.00,343.20,188.90,0,0.00,0,0,06-JAN-2025
OPTSTK,TIINDIA,30-Jan-2025,2025-01-30,3650.00,CE,110.00,110.00,76.70,78.70,78.70,9,50.444775,4500,300,06-JAN-2025
OPTSTK,TIINDIA,27-Feb-2025,2025-02-27,3650.00,PE,0.00,0.00,0.00,260.20,273.60,0,0.00,0,0,06-JAN-2025
OPTSTK,TIINDIA,27-Feb-2025,2025-02-27,3650.00,CE,0.00,0.00,0.00,292.85,148.05,0,0.00,0,0,06-JAN-2025
OPTSTK,TIINDIA,30-Jan-2025,2025-01-30,3450.00,PE,82.75,95.80,82.75,87.85,110.00,10,53.119275,1200,450,06-JAN-2025
OPTSTK,TIINDIA,27-Mar-2025,2025-03-27,3800.00,CE,0.00,0.00,0.00,292.45,150.75,0,0.00,0,0,06-JAN-2025
OPTSTK,TIINDIA,27-Feb-2025,2025-02-27,3800.00,PE,0.00,0.00,0.00,424.45,374.00,0,0.00,0,0,06-JAN-2025
OPTSTK,TIINDIA,27-Feb-2025,2025-02-27,3800.00,CE,0.00,0.00,0.00,271.85,99.85,0,0.00,0,0,06-JAN-2025
OPTSTK,TIINDIA,27-Mar-2025,2025-03-27,3200.00,PE,0.00,0.00,0.00,123.70,105.90,0,0.00,0,0,06-JAN-2025
OPTSTK,TIINDIA,27-Feb-2025,2025-02-27,3200.00,CE,0.00,0.00,0.00,580.20,392.85,0,0.00,0,0,06-JAN-2025
OPTSTK,TIINDIA,27-Feb-2025,2025-02-27,3900.00,CE,0.00,0.00,0.00,236.20,75.40,0,0.00,0,0,06-JAN-2025
OPTSTK,TIINDIA,27-Feb-2025,2025-02-27,3450.00,PE,0.00,0.00,0.00,169.10,164.90,0,0.00,0,0,06-JAN-2025
OPTSTK,TIINDIA,30-Jan-2025,2025-01-30,3450.00,CE,0.00,0.00,0.00,367.35,164.80,0,0.00,0,0,06-JAN-2025
OPTSTK,TIINDIA,27-Mar-2025,2025-03-27,4200.00,CE,0.00,0.00,0.00,163.40,62.15,0,0.00,0,0,06-JAN-2025
OPTSTK,TIINDIA,27-Mar-2025,2025-03-27,3700.00,CE,0.00,0.00,0.00,334.95,184.40,0,0.00,0,0,06-JAN-2025
FUTSTK,TIINDIA,27-Mar-2025,2025-03-27,,,0.00,0.00,0.00,3703.80,3541.50,0,0.00,0,0,06-JAN-2025
OPTSTK,TIINDIA,27-Feb-2025,2025-02-27,3250.00,PE,0.00,0.00,0.00,101.10,87.35,0,0.00,0,0,06-JAN-2025
OPTSTK,TIINDIA,30-Jan-2025,2025-01-30,3250.00,CE,0.00,0.00,0.00,489.65,295.75,0,0.00,0,0,06-JAN-2025
OPTSTK,MOTHERSON,30-Jan-2025,2025-01-30,187.50,CE,0.00,0.00,0.00,0.30,0.05,0,0.00,60350,0,06-JAN-2025
OPTSTK,MOTHERSON,27-Mar-2025,2025-03-27,130.00,PE,0.00,0.00,0.00,2.25,1.20,0,0.00,0,0,06-JAN-2025
OPTSTK,MOTHERSON,30-Jan-2025,2025-01-30,187.50,PE,0.00,0.00,0.00,29.00,32.45,0,0.00,63900,0,06-JAN-2025
OPTSTK,MOTHERSON,30-Jan-2025,2025-01-30,135.00,PE,0.25,0.60,0.25,0.50,0.50,146,702.000075,951400,63900,06-JAN-2025
OPTSTK,MOTHERSON,27-Mar-2025,2025-03-27,155.00,PE,0.00,0.00,0.00,10.20,8.60,0,0.00,0,0,06-JAN-2025
OPTSTK,MOTHERSON,27-Feb-2025,2025-02-27,155.00,PE,6.00,7.50,6.00,7.50,7.20,2,11.48425,10650,7100,06-JAN-2025
OPTSTK,MOTHERSON,27-Feb-2025,2025-02-27,160.00,CE,9.10,9.10,5.60,6.15,6.15,33,195.038775,127800,42600,06-JAN-2025
OPTSTK,MOTHERSON,30-Jan-2025,2025-01-30,145.00,PE,1.20,2.15,0.80,1.85,1.85,722,3758.96365,1324150,-110050,06-JAN-2025
OPTSTK,MOTHERSON,30-Jan-2025,2025-01-30,167.50,CE,2.00,2.70,1.25,1.35,1.35,933,5603.77085,1217650,408250,06-JAN-2025
OPTSTK,MOTHERSON,27-Feb-2025,2025-02-27,167.50,PE,0.00,0.00,0.00,15.65,15.00,0,0.00,0,0,06-JAN-2025
OPTSTK,MOTHERSON,30-Jan-2025,2025-01-30,167.50,PE,10.90,14.70,10.70,14.70,13.75,24,153.72565,220100,7100,06-JAN-2025
FUTSTK,MOTHERSON,30-Jan-2025,2025-01-30,,,158.99,161.13,153.68,154.62,154.62,7004,38919.8499,118882400,17750,06-JAN-2025
OPTSTK,MOTHERSON,27-Feb-2025,2025-02-27,180.00,PE,0.00,0.00,0.00,22.30,25.20,0,0.00,0,0,06-JAN-2025
OPTSTK,MOTHERSON,27-Feb-2025,2025-02-27,147.50,PE,0.00,0.00,0.00,5.45,4.00,0,0.00,0,0,06-JAN-2025
OPTSTK,MOTHERSON,30-Jan-2025,2025-01-30,147.50,CE,13.50,13.50,9.55,9.90,9.65,42,235.69515,142000,74550,06-JAN-2025
OPTSTK,MOTHERSON,30-Jan-2025,2025-01-30,147.50,PE,1.55,2.75,1.25,2.50,2.50,262,1392.76262,592850,195250,06-JAN-2025
OPTSTK,MOTHERSON,30-Jan-2025,2025-01-30,152.50,CE,8.55,8.55,6.10,6.45,6.45,102,577.6063,234300,85200,06-JAN-2025
OPTSTK,MOTHERSON,27-Feb-2025,2025-02-27,180.00,CE,1.40,1.45,1.15,1.40,1.40,25,160.862925,67450,67450,06-JAN-2025
OPTSTK,MOTHERSON,30-Jan-2025,2025-01-30,125.00,PE,0.20,0.20,0.15,0.15,0.15,4,17.77485,85200,-3550,06-JAN-2025
OPTSTK,MOTHERSON,27-Mar-2025,2025-03-27,140.00,CE,0.00,0.00,0.00,23.45,19.40,0,0.00,0,0,06-JAN-2025
OPTSTK,MOTHERSON,30-Jan-2025,2025-01-30,140.00,PE,0.45,1.20,0.45,1.05,1.05,434,2170.23392,1121800,63900,06-JAN-2025
OPTSTK,MOTHERSON,30-Jan-2025,2025-01-30,185.00,PE,25.80,25.80,25.80,25.80,29.95,1,7.4834,149100,0,06-JAN-2025
OPTSTK,MOTHERSON,30-Jan-2025,2025-01-30,185.00,CE,0.35,0.40,0.20,0.20,0.20,327,2150.53497,2687350,568000,06-JAN-2025
OPTSTK,MOTHERSON,27-Feb-2025,2025-02-27,160.00,PE,7.95,10.60,7.95,9.75,9.75,7,42.076375,49700,17750,06-JAN-2025
OPTSTK,MOTHERSON,30-Jan-2025,2025-01-30,160.00,CE,5.05,5.75,2.90,3.15,3.15,3722,21687.1914,6272850,972700,06-JAN-2025
FUTSTK,MOTHERSON,27-Mar-2025,2025-03-27,,,161.50,162.20,156.11,157.02,157.02,52,293.009545,287550,60350,06-JAN-2025
OPTSTK,MOTHERSON,27-Feb-2025,2025-02-27,145.00,CE,0.00,0.00,0.00,24.25,13.90,0,0.00,0,0,06-JAN-2025
OPTSTK,MOTHERSON,30-Jan-2025,2025-01-30,157.50,CE,6.75,7.05,3.80,4.10,4.10,714,4108.06887,1579750,220100,06-JAN-2025
OPTSTK,MOTHERSON,27-Feb-2025,2025-02-27,157.50,CE,8.85,8.85,7.70,7.70,6.85,2,11.770025,10650,7100,06-JAN-2025
OPTSTK,MOTHERSON,27-Mar-2025,2025-03-27,160.00,PE,0.00,0.00,0.00,12.70,11.30,0,0.00,0,0,06-JAN-2025
OPTSTK,MOTHERSON,27-Mar-2025,2025-03-27,160.00,CE,0.00,0.00,0.00,12.00,7.95,0,0.00,0,0,06-JAN-2025
OPTSTK,ADANIGREEN,30-Jan-2025,2025-01-30,1260.00,PE,0.00,0.00,0.00,225.35,275.80,0,0.00,0,0,06-JAN-2025
OPTSTK,ADANIGREEN,30-Jan-2025,2025-01-30,1100.00,PE,97.70,140.65,97.70,138.50,138.50,108,495.872062,145125,-11250,06-JAN-2025
OPTSTK,ADANIGREEN,27-Feb-2025,2025-02-27,860.00,CE,0.00,0.00,0.00,252.05,163.75,0,0.00,0,0,06-JAN-2025
OPTSTK,ADANIGREEN,30-Jan-2025,2025-01-30,920.00,PE,18.00,34.05,17.35,32.55,32.55,213,755.79075,67500,7500,06-JAN-2025
OPTSTK,ADANIGREEN,27-Mar-2025,2025-03-27,920.00,PE,0.00,0.00,0.00,74.25,71.35,0,0.00,0,0,06-JAN-2025
OPTSTK,ADANIGREEN,27-Mar-2025,2025-03-27,840.00,CE,0.00,0.00,0.00,286.65,196.45,0,0.00,0,0,06-JAN-2025
OPTSTK,ADANIGREEN,27-Feb-2025,2025-02-27,1200.00,PE,0.00,0.00,0.00,204.20,232.95,0,0.00,0,0,06-JAN-2025
OPTSTK,ADANIGREEN,27-Mar-2025,2025-03-27,1160.00,CE,0.00,0.00,0.00,122.75,54.85,0,0.00,0,0,06-JAN-2025
OPTSTK,ADANIGREEN,27-Feb-2025,2025-02-27,1160.00,CE,0.00,0.00,0.00,127.20,34.60,0,0.00,0,0,06-JAN-2025
OPTSTK,ADANIGREEN,30-Jan-2025,2025-01-30,1160.00,CE,16.45,17.50,10.30,11.00,11.00,620,2726.39831,121875,-6375,06-JAN-2025
OPTSTK,ADANIGREEN,27-Feb-2025,2025-02-27,1020.00,PE,0.00,0.00,0.00,96.90,104.00,0,0.00,0,0,06-JAN-2025
OPTSTK,ADANIGREEN,27-Mar-2025,2025-03-27,1200.00,CE,0.00,0.00,0.00,109.45,45.80,0,0.00,0,0,06-JAN-2025
OPTSTK,ADANIGREEN,30-Jan-2025,2025-01-30,1200.00,PE,190.20,219.15,188.70,219.15,220.00,10,52.5538125,48000,375,06-JAN-2025
OPTSTK,ADANIGREEN,30-Jan-2025,2025-01-30,840.00,CE,163.20,163.25,159.80,159.80,156.85,3,11.2734375,1500,750,06-JAN-2025
FUTSTK,ADANIGREEN,27-Mar-2025,2025-03-27,,,1048.40,1048.40,984.00,984.75,984.75,103,388.79475,47250,12375,06-JAN-2025
OPTSTK,ADANIGREEN,27-Mar-2025,2025-03-27,1120.00,CE,0.00,0.00,0.00,137.50,65.40,0,0.00,0,0,06-JAN-2025
OPTSTK,ADANIGREEN,27-Feb-2025,2025-02-27,980.00,PE,0.00,0.00,0.00,78.70,81.85,0,0.00,0,0,06-JAN-2025
OPTSTK,ADANIGREEN,27-Feb-2025,2025-02-27,940.00,CE,104.50,104.55,104.50,104.55,114.25,3,11.7508125,1125,1125,06-JAN-2025
OPTSTK,ADANIGREEN,30-Jan-2025,2025-01-30,1400.00,PE,0.00,0.00,0.00,330.00,411.85,0,0.00,9750,0,06-JAN-2025
OPTSTK,ADANIGREEN,27-Feb-2025,2025-02-27,1220.00,CE,0.00,0.00,0.00,76.15,23.90,0,0.00,0,0,06-JAN-2025
OPTSTK,ADANIGREEN,27-Feb-2025,2025-02-27,1220.00,PE,0.00,0.00,0.00,216.65,249.55,0,0.00,0,0,06-JAN-2025
OPTSTK,ADANIGREEN,27-Feb-2025,2025-02-27,1240.00,CE,0.00,0.00,0.00,100.30,21.05,0,0.00,0,0,06-JAN-2025
OPTSTK,ADANIGREEN,27-Feb-2025,2025-02-27,1180.00,PE,0.00,0.00,0.00,189.20,216.70,0,0.00,0,0,06-JAN-2025
OPTSTK,ADANIGREEN,30-Jan-2025,2025-01-30,1060.00,CE,46.95,47.00,26.45,27.50,27.50,837,3428.85787,350250,16875,06-JAN-2025
OPTSTK,ADANIGREEN,27-Mar-2025,2025-03-27,1000.00,CE,0.00,0.00,0.00,190.95,108.20,0,0.00,0,0,06-JAN-2025
OPTSTK,ADANIGREEN,30-Jan-2025,2025-01-30,1000.00,PE,37.30,70.65,36.00,68.00,68.00,1537,6087.67706,331875,31125,06-JAN-2025
OPTSTK,ADANIGREEN,27-Feb-2025,2025-02-27,960.00,PE,52.00,69.90,52.00,69.90,69.90,8,30.7378125,4125,1500,06-JAN-2025
OPTSTK,ADANIGREEN,30-Jan-2025,2025-01-30,1540.00,CE,0.00,0.00,0.00,1.65,0.10,0,0.00,11625,0,06-JAN-2025
OPTSTK,ADANIGREEN,30-Jan-2025,2025-01-30,1380.00,CE,3.35,3.35,3.35,3.35,3.35,1,5.1875625,6000,0,06-JAN-2025
OPTSTK,ADANIGREEN,27-Feb-2025,2025-02-27,1140.00,PE,0.00,0.00,0.00,163.40,185.40,0,0.00,0,0,06-JAN-2025
OPTSTK,ADANIGREEN,30-Jan-2025,2025-01-30,900.00,PE,10.00,27.35,9.90,26.45,26.45,1199,4137.04481,199875,72375,06-JAN-2025
OPTSTK,ATGL,27-Mar-2025,2025-03-27,880.00,PE,0.00,0.00,0.00,223.65,187.10,0,0.00,0,0,06-JAN-2025
OPTSTK,ATGL,27-Feb-2025,2025-02-27,690.00,CE,0.00,0.00,0.00,68.75,68.30,0,0.00,0,0,06-JAN-2025
OPTSTK,ATGL,30-Jan-2025,2025-01-30,750.00,CE,16.20,16.20,10.70,12.40,12.40,551,3256.28805,174375,-37975,06-JAN-2025
OPTSTK,ATGL,27-Mar-2025,2025-03-27,800.00,PE,0.00,0.00,0.00,162.00,126.15,0,0.00,0,0,06-JAN-2025
OPTSTK,ATGL,27-Feb-2025,2025-02-27,670.00,PE,0.00,0.00,0.00,67.20,38.85,0,0.00,0,0,06-JAN-2025
OPTSTK,ATGL,30-Jan-2025,2025-01-30,670.00,CE,48.70,48.70,47.90,47.95,59.80,3,16.6977625,24800,0,06-JAN-2025
OPTSTK,ATGL,27-Feb-2025,2025-02-27,810.00,PE,0.00,0.00,0.00,159.35,123.60,0,0.00,0,0,06-JAN-2025
OPTSTK,ATGL,30-Jan-2025,2025-01-30,810.00,PE,0.00,0.00,0.00,87.60,112.15,0,0.00,0,0,06-JAN-2025
OPTSTK,ATGL,30-Jan-2025,2025-01-30,680.00,PE,21.75,31.50,21.50,27.40,27.40,32,175.016312,74400,7750,06-JAN-2025
OPTSTK,ATGL,27-Feb-2025,2025-02-27,720.00,CE,0.00,0.00,0.00,156.90,54.25,0,0.00,0,0,06-JAN-2025
OPTSTK,ATGL,27-Feb-2025,2025-02-27,720.00,PE,0.00,0.00,0.00,60.05,63.55,0,0.00,0,0,06-JAN-2025
OPTSTK,ATGL,30-Jan-2025,2025-01-30,720.00,PE,35.00,49.35,35.00,49.35,46.90,20,117.817825,51925,-775,06-JAN-2025
OPTSTK,ATGL,27-Mar-2025,2025-03-27,720.00,CE,0.00,0.00,0.00,73.25,69.85,0,0.00,0,0,06-JAN-2025
OPTSTK,ATGL,30-Jan-2025,2025-01-30,820.00,CE,4.10,4.30,2.95,3.95,8.15,12,76.5824,27900,-1550,06-JAN-2025
OPTSTK,ATGL,30-Jan-2025,2025-01-30,770.00,PE,0.00,0.00,0.00,65.35,80.20,0,0.00,8525,0,06-JAN-2025
OPTSTK,ATGL,30-Jan-2025,2025-01-30,650.00,PE,11.90,19.85,10.35,16.85,16.85,179,923.090487,122450,775,06-JAN-2025
OPTSTK,ATGL,30-Jan-2025,2025-01-30,870.00,CE,0.00,0.00,0.00,3.95,3.50,0,0.00,3875,0,06-JAN-2025
OPTSTK,ATGL,30-Jan-2025,2025-01-30,730.00,PE,42.00,55.60,41.95,55.40,55.40,33,198.391475,92225,-3875,06-JAN-2025
OPTSTK,ATGL,27-Feb-2025,2025-02-27,860.00,PE,0.00,0.00,0.00,132.00,163.65,0,0.00,0,0,06-JAN-2025
OPTSTK,ATGL,30-Jan-2025,2025-01-30,860.00,PE,0.00,0.00,0.00,116.80,156.55,0,0.00,0,0,06-JAN-2025
OPTSTK,ATGL,27-Feb-2025,2025-02-27,840.00,PE,0.00,0.00,0.00,120.00,147.15,0,0.00,0,0,06-JAN-2025
OPTSTK,ATGL,30-Jan-2025,2025-01-30,600.00,PE,3.05,8.85,3.05,6.30,6.30,35,164.3465,32550,12400,06-JAN-2025
OPTSTK,ATGL,27-Mar-2025,2025-03-27,800.00,CE,0.00,0.00,0.00,48.45,41.70,0,0.00,0,0,06-JAN-2025
OPTSTK,ATGL,27-Feb-2025,2025-02-27,710.00,CE,0.00,0.00,0.00,60.75,58.65,0,0.00,0,0,06-JAN-2025
OPTSTK,ATGL,30-Jan-2025,2025-01-30,650.00,CE,0.00,0.00,0.00,83.15,72.95,0,0.00,9300,0,06-JAN-2025
OPTSTK,ATGL,30-Jan-2025,2025-01-30,850.00,PE,0.00,0.00,0.00,110.65,147.40,0,0.00,0,0,06-JAN-2025
OPTSTK,ATGL,27-Feb-2025,2025-02-27,690.00,PE,0.00,0.00,0.00,78.10,47.90,0,0.00,0,0,06-JAN-2025
OPTSTK,ATGL,30-Jan-2025,2025-01-30,690.00,PE,25.50,33.05,22.75,31.75,31.75,14,78.1141875,108500,1550,06-JAN-2025
OPTSTK,ATGL,27-Mar-2025,2025-03-27,600.00,PE,0.00,0.00,0.00,47.05,24.75,0,0.00,0,0,06-JAN-2025
OPTSTK,ATGL,27-Feb-2025,2025-02-27,600.00,PE,0.00,0.00,0.00,22.35,15.80,0,0.00,0,0,06-JAN-2025
OPTSTK,ATGL,30-Jan-2025,2025-01-30,620.00,PE,5.65,11.10,5.55,9.85,9.85,45,219.3901,38750,22475,06-JAN-2025
OPTSTK,ATGL,27-Feb-2025,2025-02-27,830.00,CE,0.00,0.00,0.00,27.45,20.90,0,0.00,0,0,06-JAN-2025
OPTSTK,ATGL,30-Jan-2025,2025-01-30,830.00,PE,0.00,0.00,0.00,98.80,129.45,0,0.00,0,0,06-JAN-2025
OPTSTK,MRF,27-Feb-2025,2025-02-27,118000.00,CE,0.00,0.00,0.00,10725.60,7522.55,0,0.00,0,0,06-JAN-2025
OPTSTK,MRF,30-Jan-2025,2025-01-30,118000.00,PE,400.00,999.35,400.00,974.70,974.70,49,290.303062,235,235,06-JAN-2025
OPTSTK,MRF,27-Feb-2025,2025-02-27,118000.00,PE,0.00,0.00,0.00,2935.10,1517.60,0,0.00,0,0,06-JAN-2025
OPTSTK,MRF,30-Jan-2025,2025-01-30,118000.00,CE,0.00,0.00,0.00,9966.50,6128.75,0,0.00,0,0,06-JAN-2025
OPTSTK,MRF,27-Mar-2025,2025-03-27,118000.00,CE,0.00,0.00,0.00,16634.25,8711.20,0,0.00,0,0,06-JAN-2025
OPTSTK,MRF,27-Mar-2025,2025-03-27,118000.00,PE,0.00,0.00,0.00,1299.00,2102.65,0,0.00,0,0,06-JAN-2025
OPTSTK,MRF,30-Jan-2025,2025-01-30,122500.00,CE,3959.00,3959.00,3768.55,3768.55,3768.55,4,25.272755,15,15,06-JAN-2025
OPTSTK,MRF,30-Jan-2025,2025-01-30,140000.00,CE,226.90,230.00,129.35,134.60,134.60,503,3524.9019,2210,105,06-JAN-2025
OPTSTK,MRF,27-Feb-2025,2025-02-27,130500.00,CE,0.00,0.00,0.00,6642.90,1580.10,0,0.00,0,0,06-JAN-2025
OPTSTK,MRF,27-Feb-2025,2025-02-27,130500.00,PE,0.00,0.00,0.00,4302.45,7955.50,0,0.00,0,0,06-JAN-2025
OPTSTK,MRF,30-Jan-2025,2025-01-30,130500.00,PE,0.00,0.00,0.00,3198.25,7574.90,0,0.00,30,0,06-JAN-2025
OPTSTK,BAJFINANCE,27-Feb-2025,2025-02-27,7500.00,CE,318.00,350.00,225.00,239.45,239.45,135,1313.358,13875,1125,06-JAN-2025
OPTSTK,MRF,27-Feb-2025,2025-02-27,130000.00,CE,0.00,0.00,0.00,5635.60,1707.15,0,0.00,10,0,06-JAN-2025
OPTSTK,BAJFINANCE,27-Feb-2025,2025-02-27,7900.00,PE,0.00,0.00,0.00,1054.45,596.10,0,0.00,0,0,06-JAN-2025
OPTSTK,BAJFINANCE,27-Mar-2025,2025-03-27,8800.00,CE,0.00,0.00,0.00,30.90,41.00,0,0.00,0,0,06-JAN-2025
OPTSTK,BAJFINANCE,27-Feb-2025,2025-02-27,7700.00,PE,0.00,0.00,0.00,887.35,455.70,0,0.00,0,0,06-JAN-2025
OPTSTK,BAJFINANCE,27-Feb-2025,2025-02-27,6900.00,PE,55.00,96.00,55.00,96.00,95.40,28,244.255,3250,1750,06-JAN-2025
OPTSTK,BAJFINANCE,27-Feb-2025,2025-02-27,6900.00,CE,0.00,0.00,0.00,347.55,610.70,0,0.00,0,0,06-JAN-2025
OPTSTK,MRF,27-Feb-2025,2025-02-27,139000.00,CE,0.00,0.00,0.00,2054.10,349.30,0,0.00,0,0,06-JAN-2025
OPTSTK,BAJFINANCE,27-Feb-2025,2025-02-27,6200.00,CE,0.00,0.00,0.00,639.55,1217.95,0,0.00,0,0,06-JAN-2025
OPTSTK,BAJFINANCE,30-Jan-2025,2025-01-30,7700.00,PE,297.10,414.00,230.50,381.75,381.75,1500,15016.4274,32000,17375,06-JAN-2025
OPTSTK,BAJFINANCE,27-Feb-2025,2025-02-27,7700.00,CE,0.00,0.00,0.00,99.60,178.65,0,0.00,0,0,06-JAN-2025
OPTSTK,BAJFINANCE,30-Jan-2025,2025-01-30,7700.00,CE,104.00,155.90,65.50,71.60,71.60,15917,155384.531,261625,35125,06-JAN-2025
OPTSTK,BAJFINANCE,27-Feb-2025,2025-02-27,6100.00,PE,0.00,0.00,0.00,72.30,6.10,0,0.00,0,0,06-JAN-2025
OPTSTK,MRF,27-Mar-2025,2025-03-27,123000.00,PE,0.00,0.00,0.00,2398.35,3987.55,0,0.00,0,0,06-JAN-2025
OPTSTK,MRF,30-Jan-2025,2025-01-30,123000.00,PE,1600.00,3084.65,1600.00,2570.65,2570.65,217,1361.20892,355,5,06-JAN-2025
OPTSTK,BAJFINANCE,30-Jan-2025,2025-01-30,6800.00,PE,25.00,37.70,16.00,34.65,34.65,4672,39864.684,210750,-16625,06-JAN-2025
OPTSTK,BAJFINANCE,30-Jan-2025,2025-01-30,6800.00,CE,810.50,810.50,590.00,624.00,624.00,63,585.529187,93625,1750,06-JAN-2025
OPTSTK,BAJFINANCE,27-Mar-2025,2025-03-27,6800.00,CE,0.00,0.00,0.00,485.00,762.55,0,0.00,125,0,06-JAN-2025
OPTSTK,MRF,27-Feb-2025,2025-02-27,126000.00,CE,5160.45,5160.45,5160.45,5160.45,3027.80,1,6.5580225,5,5,06-JAN-2025
OPTSTK,BAJFINANCE,27-Mar-2025,2025-03-27,6200.00,CE,0.00,0.00,0.00,860.40,1264.55,0,0.00,0,0,06-JAN-2025
OPTSTK,MRF,27-Mar-2025,2025-03-27,126000.00,PE,0.00,0.00,0.00,3298.10,5503.15,0,0.00,0,0,06-JAN-2025
OPTSTK,PERSISTENT,30-Jan-2025,2025-01-30,5200.00,CE,0.00,0.00,0.00,1143.45,1135.20,0,0.00,13400,0,06-JAN-2025
OPTSTK,PERSISTENT,27-Feb-2025,2025-02-27,6800.00,PE,0.00,0.00,0.00,1037.95,566.40,0,0.00,0,0,06-JAN-2025
OPTSTK,PERSISTENT,27-Mar-2025,2025-03-27,6800.00,PE,0.00,0.00,0.00,662.30,608.25,0,0.00,0,0,06-JAN-2025
OPTSTK,PERSISTENT,27-Feb-2025,2025-02-27,7600.00,CE,0.00,0.00,0.00,67.15,25.10,0,0.00,0,0,06-JAN-2025
OPTSTK,PERSISTENT,27-Feb-2025,2025-02-27,7600.00,PE,0.00,0.00,0.00,1709.45,1241.25,0,0.00,0,0,06-JAN-2025
OPTSTK,PERSISTENT,30-Jan-2025,2025-01-30,5700.00,CE,685.65,685.65,685.65,685.65,657.70,1,6.38565,400,100,06-JAN-2025
OPTSTK,PERSISTENT,27-Feb-2025,2025-02-27,6200.00,CE,0.00,0.00,0.00,351.35,388.40,0,0.00,0,0,06-JAN-2025
OPTSTK,PERSISTENT,27-Mar-2025,2025-03-27,6000.00,CE,0.00,0.00,0.00,772.25,593.80,0,0.00,0,0,06-JAN-2025
OPTSTK,PERSISTENT,27-Feb-2025,2025-02-27,6000.00,PE,0.00,0.00,0.00,501.80,142.80,0,0.00,0,0,06-JAN-2025
OPTSTK,PERSISTENT,27-Feb-2025,2025-02-27,6500.00,CE,294.00,294.00,294.00,294.00,243.35,1,6.794,200,0,06-JAN-2025
OPTSTK,PERSISTENT,27-Mar-2025,2025-03-27,7600.00,CE,0.00,0.00,0.00,165.55,61.80,0,0.00,0,0,06-JAN-2025
OPTSTK,PERSISTENT,27-Mar-2025,2025-03-27,6400.00,PE,0.00,0.00,0.00,440.35,368.65,0,0.00,0,0,06-JAN-2025
OPTSTK,PERSISTENT,27-Feb-2025,2025-02-27,6400.00,CE,0.00,0.00,0.00,458.10,286.50,0,0.00,300,0,06-JAN-2025
OPTSTK,PERSISTENT,27-Mar-2025,2025-03-27,6400.00,CE,0.00,0.00,0.00,551.70,373.75,0,0.00,0,0,06-JAN-2025
OPTSTK,PERSISTENT,30-Jan-2025,2025-01-30,7600.00,CE,10.20,10.20,8.40,10.00,2.40,12,91.3117,29900,100,06-JAN-2025
OPTSTK,PERSISTENT,30-Jan-2025,2025-01-30,5500.00,CE,845.80,845.80,845.80,845.80,845.80,1,6.3458,1600,-100,06-JAN-2025
OPTSTK,PERSISTENT,30-Jan-2025,2025-01-30,6500.00,CE,185.60,215.50,144.35,149.60,149.60,2046,13661.2879,105800,-4400,06-JAN-2025
OPTSTK,PERSISTENT,27-Mar-2025,2025-03-27,5600.00,CE,0.00,0.00,0.00,1043.15,879.10,0,0.00,0,0,06-JAN-2025
FUTSTK,PERSISTENT,30-Jan-2025,2025-01-30,,,6368.15,6494.80,6283.65,6298.45,6298.45,6500,41317.7678,1637000,-70900,06-JAN-2025
OPTSTK,PERSISTENT,30-Jan-2025,2025-01-30,7500.00,PE,0.00,0.00,0.00,1421.80,1159.50,0,0.00,0,0,06-JAN-2025
OPTSTK,PERSISTENT,27-Feb-2025,2025-02-27,6600.00,CE,266.45,266.45,215.05,240.75,240.75,2,13.6815,1100,100,06-JAN-2025
OPTSTK,PERSISTENT,30-Jan-2025,2025-01-30,5500.00,PE,9.00,29.00,9.00,27.20,27.20,2522,13935.0448,55700,28200,06-JAN-2025
OPTSTK,PERSISTENT,30-Jan-2025,2025-01-30,6400.00,PE,190.05,297.45,175.60,292.20,292.20,516,3422.89685,55700,-2300,06-JAN-2025
OPTSTK,PERSISTENT,30-Jan-2025,2025-01-30,5000.00,PE,0.00,0.00,0.00,4.00,0.20,0,0.00,1100,0,06-JAN-2025
OPTSTK,PERSISTENT,27-Feb-2025,2025-02-27,6700.00,PE,0.00,0.00,0.00,541.20,496.45,0,0.00,0,0,06-JAN-2025
OPTSTK,PERSISTENT,30-Jan-2025,2025-01-30,6600.00,PE,354.40,420.00,354.40,386.60,362.85,20,139.85645,26000,-300,06-JAN-2025
OPTSTK,PERSISTENT,27-Feb-2025,2025-02-27,5500.00,PE,0.00,0.00,0.00,79.30,36.25,0,0.00,0,0,06-JAN-2025
OPTSTK,PERSISTENT,27-Feb-2025,2025-02-27,6400.00,PE,0.00,0.00,0.00,747.90,314.15,0,0.00,0,0,06-JAN-2025
OPTSTK,PERSISTENT,30-Jan-2025,2025-01-30,6100.00,CE,345.00,348.20,345.00,346.60,346.60,2,12.8932,1900,100,06-JAN-2025
OPTSTK,PERSISTENT,27-Feb-2025,2025-02-27,6100.00,PE,0.00,0.00,0.00,243.65,177.80,0,0.00,0,0,06-JAN-2025
OPTSTK,PERSISTENT,27-Feb-2025,2025-02-27,5700.00,CE,0.00,0.00,0.00,887.75,732.25,0,0.00,0,0,06-JAN-2025
OPTSTK,INFY,27-Feb-2025,2025-02-27,2100.00,PE,160.00,160.00,160.00,160.00,163.35,12,108.48,4800,4800,06-JAN-2025
OPTSTK,INFY,30-Jan-2025,2025-01-30,2100.00,CE,9.45,11.25,7.60,8.50,8.50,4756,40123.0248,1631600,141200,06-JAN-2025
OPTSTK,INFY,27-Feb-2025,2025-02-27,1940.00,CE,75.00,80.10,75.00,78.75,76.55,11,88.6954,5200,3600,06-JAN-2025
OPTSTK,INFY,30-Jan-2025,2025-01-30,1680.00,PE,2.15,2.80,1.30,2.60,2.60,747,5026.2918,129200,-28400,06-JAN-2025
OPTSTK,INFY,27-Feb-2025,2025-02-27,1680.00,CE,0.00,0.00,0.00,235.20,276.65,0,0.00,0,0,06-JAN-2025
OPTSTK,INFY,30-Jan-2025,2025-01-30,1900.00,PE,32.15,36.40,22.85,34.30,34.30,6285,48559.0246,1350000,304400,06-JAN-2025
OPTSTK,INFY,30-Jan-2025,2025-01-30,1900.00,CE,84.45,100.00,74.20,81.25,81.25,1462,11599.166,662400,3600,06-JAN-2025
OPTSTK,INFY,30-Jan-2025,2025-01-30,1860.00,PE,17.00,24.20,14.60,22.95,22.95,1663,12507.322,581600,-13200,06-JAN-2025
OPTSTK,INFY,30-Jan-2025,2025-01-30,1960.00,PE,51.95,62.70,42.00,58.00,58.00,4321,34792.3702,894000,-13600,06-JAN-2025
OPTSTK,INFY,27-Mar-2025,2025-03-27,1960.00,CE,0.00,0.00,0.00,97.50,87.90,0,0.00,0,0,06-JAN-2025
OPTSTK,INFY,27-Feb-2025,2025-02-27,1860.00,CE,0.00,0.00,0.00,125.00,125.05,0,0.00,1600,0,06-JAN-2025
OPTSTK,INFY,27-Feb-2025,2025-02-27,1820.00,CE,0.00,0.00,0.00,151.40,154.45,0,0.00,0,0,06-JAN-2025
OPTSTK,INFY,30-Jan-2025,2025-01-30,2240.00,PE,0.00,0.00,0.00,448.35,292.65,0,0.00,0,0,06-JAN-2025
OPTSTK,INFY,30-Jan-2025,2025-01-30,2240.00,CE,1.75,2.00,1.25,1.45,1.45,281,2519.4812,168400,12400,06-JAN-2025
OPTSTK,INFY,27-Feb-2025,2025-02-27,1680.00,PE,0.00,0.00,0.00,28.25,2.75,0,0.00,0,0,06-JAN-2025
OPTSTK,INFY,27-Mar-2025,2025-03-27,1880.00,CE,0.00,0.00,0.00,137.25,132.45,0,0.00,0,0,06-JAN-2025
OPTSTK,INFY,27-Feb-2025,2025-02-27,1780.00,PE,0.00,0.00,0.00,29.85,11.90,0,0.00,0,0,06-JAN-2025
OPTSTK,INFY,27-Feb-2025,2025-02-27,2060.00,PE,0.00,0.00,0.00,167.75,132.90,0,0.00,0,0,06-JAN-2025
OPTSTK,INFY,27-Mar-2025,2025-03-27,1680.00,PE,0.00,0.00,0.00,18.75,6.60,0,0.00,0,0,06-JAN-2025
OPTSTK,INFY,30-Jan-2025,2025-01-30,1820.00,CE,148.60,148.60,135.50,142.25,133.35,10,78.3868,48000,-400,06-JAN-2025
OPTSTK,INFY,27-Feb-2025,2025-02-27,1900.00,CE,120.00,120.00,103.00,103.50,103.50,12,96.448,34800,1200,06-JAN-2025
OPTSTK,INFY,27-Feb-2025,2025-02-27,1900.00,PE,37.65,46.10,35.10,45.65,45.65,90,699.6418,37600,10800,06-JAN-2025
OPTSTK,INFY,27-Feb-2025,2025-02-27,1560.00,PE,0.00,0.00,0.00,9.75,0.25,0,0.00,0,0,06-JAN-2025
OPTSTK,INFY,30-Jan-2025,2025-01-30,1560.00,CE,0.00,0.00,0.00,244.25,384.75,0,0.00,0,0,06-JAN-2025
OPTSTK,INFY,30-Jan-2025,2025-01-30,2000.00,PE,70.00,88.20,60.70,80.90,80.90,1769,14693.3834,512400,44000,06-JAN-2025
OPTSTK,INFY,27-Mar-2025,2025-03-27,2000.00,PE,0.00,0.00,0.00,137.55,102.80,0,0.00,0,0,06-JAN-2025
OPTSTK,INFY,27-Feb-2025,2025-02-27,1800.00,CE,193.00,200.00,173.00,173.00,170.30,6,47.632,17200,2000,06-JAN-2025
OPTSTK,INFY,30-Jan-2025,2025-01-30,2080.00,CE,10.95,14.45,9.60,10.65,10.65,1713,14330.72,402000,28000,06-JAN-2025
OPTSTK,INFY,30-Jan-2025,2025-01-30,2140.00,CE,5.35,6.60,4.60,5.20,5.20,1000,8581.5396,360400,-1200,06-JAN-2025
OPTSTK,INFY,30-Jan-2025,2025-01-30,1880.00,CE,98.40,115.10,87.40,94.40,94.40,321,2535.8982,329600,-15200,06-JAN-2025
OPTSTK,INFY,30-Jan-2025,2025-01-30,1640.00,PE,1.55,1.70,0.90,1.60,1.60,433,2843.1472,272400,54400,06-JAN-2025
OPTSTK,INFY,27-Feb-2025,2025-02-27,1640.00,CE,0.00,0.00,0.00,266.65,314.90,0,0.00,0,0,06-JAN-2025
OPTSTK,IDFCFIRSTB,30-Jan-2025,2025-01-30,52.00,PE,0.10,0.10,0.05,0.10,0.10,6,23.44125,1185000,-7500,06-JAN-2025
OPTSTK,IDFCFIRSTB,27-Feb-2025,2025-02-27,52.00,CE,0.00,0.00,0.00,13.55,11.20,0,0.00,0,0,06-JAN-2025
OPTSTK,IDFCFIRSTB,27-Feb-2025,2025-02-27,52.00,PE,0.00,0.00,0.00,0.40,0.05,0,0.00,0,0,06-JAN-2025
OPTSTK,IDFCFIRSTB,30-Jan-2025,2025-01-30,52.00,CE,0.00,0.00,0.00,12.10,10.85,0,0.00,15000,0,06-JAN-2025
OPTSTK,IDFCFIRSTB,27-Feb-2025,2025-02-27,57.00,PE,0.00,0.00,0.00,1.20,0.50,0,0.00,0,0,06-JAN-2025
OPTSTK,IDFCFIRSTB,30-Jan-2025,2025-01-30,63.00,PE,1.00,2.40,0.95,2.20,2.20,2326,11262.8662,5512500,-645000,06-JAN-2025
OPTSTK,IDFCFIRSTB,30-Jan-2025,2025-01-30,54.00,PE,0.05,0.20,0.05,0.15,0.15,109,442.38,2100000,0,06-JAN-2025
OPTSTK,IDFCFIRSTB,30-Jan-2025,2025-01-30,54.00,CE,0.00,0.00,0.00,13.35,8.85,0,0.00,0,0,06-JAN-2025
OPTSTK,IDFCFIRSTB,30-Jan-2025,2025-01-30,59.00,CE,6.55,6.55,4.45,4.65,4.65,64,310.40625,1200000,75000,06-JAN-2025
OPTSTK,IDFCFIRSTB,30-Jan-2025,2025-01-30,59.00,PE,0.30,0.85,0.30,0.75,0.75,708,3162.27,2512500,217500,06-JAN-2025
OPTSTK,IDFCFIRSTB,27-Mar-2025,2025-03-27,56.00,CE,0.00,0.00,0.00,8.15,8.10,0,0.00,0,0,06-JAN-2025
OPTSTK,IDFCFIRSTB,27-Feb-2025,2025-02-27,67.00,PE,0.00,0.00,0.00,6.15,4.95,0,0.00,0,0,06-JAN-2025
OPTSTK,IDFCFIRSTB,27-Feb-2025,2025-02-27,67.00,CE,2.10,2.10,1.60,1.60,1.60,38,195.9375,292500,180000,06-JAN-2025
OPTSTK,IDFCFIRSTB,27-Feb-2025,2025-02-27,71.00,PE,0.00,0.00,0.00,9.25,8.15,0,0.00,0,0,06-JAN-2025
OPTSTK,IDFCFIRSTB,27-Feb-2025,2025-02-27,76.00,PE,11.50,13.00,11.50,13.00,12.75,4,26.3625,22500,22500,06-JAN-2025
OPTSTK,IDFCFIRSTB,27-Feb-2025,2025-02-27,76.00,CE,0.55,0.55,0.35,0.35,0.35,40,229.30125,660000,97500,06-JAN-2025
OPTSTK,IDFCFIRSTB,30-Jan-2025,2025-01-30,76.00,CE,0.15,0.15,0.05,0.10,0.10,329,1878.10875,2062500,-172500,06-JAN-2025
OPTSTK,IDFCFIRSTB,30-Jan-2025,2025-01-30,68.00,CE,1.20,1.50,0.50,0.55,0.55,1861,9613.65,7575000,-97500,06-JAN-2025
OPTSTK,IDFCFIRSTB,27-Mar-2025,2025-03-27,68.00,PE,0.00,0.00,0.00,7.20,6.00,0,0.00,0,0,06-JAN-2025
OPTSTK,IDFCFIRSTB,27-Feb-2025,2025-02-27,70.00,PE,6.00,8.00,5.85,7.80,7.30,29,167.16375,337500,180000,06-JAN-2025
OPTSTK,IDFCFIRSTB,27-Feb-2025,2025-02-27,54.00,CE,0.00,0.00,0.00,11.85,9.30,0,0.00,0,0,06-JAN-2025
OPTSTK,IDFCFIRSTB,27-Feb-2025,2025-02-27,54.00,PE,0.00,0.00,0.00,0.60,0.15,0,0.00,0,0,06-JAN-2025
OPTSTK,IDFCFIRSTB,27-Feb-2025,2025-02-27,63.00,PE,2.95,3.20,2.95,3.20,2.50,4,19.84125,120000,30000,06-JAN-2025
OPTSTK,IDFCFIRSTB,30-Jan-2025,2025-01-30,53.00,PE,0.10,0.10,0.10,0.10,0.05,18,71.685,315000,105000,06-JAN-2025
OPTSTK,IDFCFIRSTB,27-Feb-2025,2025-02-27,58.00,PE,0.80,1.15,0.80,1.15,1.15,22,97.42875,142500,105000,06-JAN-2025
OPTSTK,IDFCFIRSTB,30-Jan-2025,2025-01-30,58.00,PE,0.25,0.60,0.25,0.55,0.55,1054,4617.43125,8827500,1777500,06-JAN-2025
OPTSTK,IDFCFIRSTB,27-Mar-2025,2025-03-27,58.00,PE,0.00,0.00,0.00,1.95,1.10,0,0.00,0,0,06-JAN-2025
OPTSTK,IDFCFIRSTB,27-Mar-2025,2025-03-27,58.00,CE,0.00,0.00,0.00,6.75,6.55,0,0.00,0,0,06-JAN-2025
OPTSTK,IDFCFIRSTB,27-Feb-2025,2025-02-27,58.00,CE,0.00,0.00,0.00,8.70,5.90,0,0.00,0,0,06-JAN-2025
OPTSTK,IDFCFIRSTB,30-Jan-2025,2025-01-30,58.00,CE,8.00,8.00,5.30,5.40,5.40,21,101.9775,517500,22500,06-JAN-2025
OPTSTK,IDFCFIRSTB,30-Jan-2025,2025-01-30,69.00,CE,1.05,1.05,0.40,0.40,0.40,948,4950.075,4672500,-450000,06-JAN-2025
OPTSTK,NYKAA,30-Jan-2025,2025-01-30,187.50,CE,0.00,0.00,0.00,7.75,1.45,0,0.00,0,0,06-JAN-2025
OPTSTK,NYKAA,27-Feb-2025,2025-02-27,135.00,PE,0.00,0.00,0.00,1.50,0.20,0,0.00,0,0,06-JAN-2025
OPTSTK,NYKAA,30-Jan-2025,2025-01-30,135.00,CE,0.00,0.00,0.00,41.45,37.10,0,0.00,0,0,06-JAN-2025
OPTSTK,NYKAA,27-Feb-2025,2025-02-27,180.00,PE,0.00,0.00,0.00,16.15,12.95,0,0.00,0,0,06-JAN-2025
OPTSTK,NYKAA,27-Mar-2025,2025-03-27,180.00,PE,0.00,0.00,0.00,23.45,14.50,0,0.00,0,0,06-JAN-2025
OPTSTK,NYKAA,30-Jan-2025,2025-01-30,147.50,PE,0.45,0.50,0.45,0.50,0.25,45,196.441975,106200,76700,06-JAN-2025
OPTSTK,NYKAA,27-Feb-2025,2025-02-27,157.50,CE,0.00,0.00,0.00,13.85,18.45,0,0.00,0,0,06-JAN-2025
OPTSTK,NYKAA,27-Feb-2025,2025-02-27,150.00,PE,0.00,0.00,0.00,4.15,1.45,0,0.00,0,0,06-JAN-2025
OPTSTK,NYKAA,30-Jan-2025,2025-01-30,150.00,PE,0.90,1.10,0.55,0.75,0.75,312,1387.23602,1003000,123900,06-JAN-2025
OPTSTK,NYKAA,30-Jan-2025,2025-01-30,170.00,PE,5.15,7.70,4.50,5.75,5.75,1613,8354.00912,651950,295000,06-JAN-2025
OPTSTK,NYKAA,27-Mar-2025,2025-03-27,165.00,PE,0.00,0.00,0.00,14.05,6.95,0,0.00,0,0,06-JAN-2025
OPTSTK,NYKAA,30-Jan-2025,2025-01-30,165.00,PE,1.05,5.20,1.05,3.75,3.75,838,4167.71722,687350,289100,06-JAN-2025
OPTSTK,NYKAA,30-Jan-2025,2025-01-30,162.50,PE,3.20,4.25,2.35,2.90,2.90,101,492.943525,138650,79650,06-JAN-2025
OPTSTK,NYKAA,27-Feb-2025,2025-02-27,162.50,CE,0.00,0.00,0.00,11.35,15.00,0,0.00,0,0,06-JAN-2025
OPTSTK,NYKAA,27-Feb-2025,2025-02-27,162.50,PE,0.00,0.00,0.00,10.95,4.45,0,0.00,0,0,06-JAN-2025
OPTSTK,NYKAA,30-Jan-2025,2025-01-30,187.50,PE,0.00,0.00,0.00,18.90,16.65,0,0.00,0,0,06-JAN-2025
OPTSTK,NYKAA,27-Mar-2025,2025-03-27,130.00,PE,0.00,0.00,0.00,2.05,0.35,0,0.00,0,0,06-JAN-2025
OPTSTK,NYKAA,27-Mar-2025,2025-03-27,170.00,PE,0.00,0.00,0.00,16.90,9.15,0,0.00,0,0,06-JAN-2025
OPTSTK,NYKAA,30-Jan-2025,2025-01-30,140.00,PE,0.20,0.35,0.15,0.30,0.30,39,161.3532,587050,-5900,06-JAN-2025
OPTSTK,NYKAA,27-Feb-2025,2025-02-27,155.00,CE,0.00,0.00,0.00,27.30,20.35,0,0.00,0,0,06-JAN-2025
OPTSTK,NYKAA,27-Feb-2025,2025-02-27,142.50,PE,0.00,0.00,0.00,3.35,0.60,0,0.00,0,0,06-JAN-2025
OPTSTK,NYKAA,27-Feb-2025,2025-02-27,142.50,CE,0.00,0.00,0.00,23.50,31.00,0,0.00,0,0,06-JAN-2025
OPTSTK,NYKAA,27-Feb-2025,2025-02-27,175.00,CE,8.15,8.15,8.15,8.15,8.15,1,5.402925,2950,2950,06-JAN-2025
OPTSTK,NYKAA,27-Feb-2025,2025-02-27,157.50,PE,0.00,0.00,0.00,8.55,2.95,0,0.00,0,0,06-JAN-2025
FUTSTK,NYKAA,27-Feb-2025,2025-02-27,,,172.00,173.20,167.70,170.23,170.23,530,2681.63437,351050,-91450,06-JAN-2025
OPTSTK,NYKAA,27-Feb-2025,2025-02-27,135.00,CE,0.00,0.00,0.00,42.95,38.00,0,0.00,0,0,06-JAN-2025
OPTSTK,NYKAA,30-Jan-2025,2025-01-30,172.50,CE,5.50,7.75,5.00,6.00,6.00,1042,5496.49162,410050,97350,06-JAN-2025
OPTSTK,NYKAA,27-Feb-2025,2025-02-27,172.50,CE,0.00,0.00,0.00,7.35,9.30,0,0.00,0,0,06-JAN-2025
OPTSTK,NYKAA,27-Feb-2025,2025-02-27,177.50,CE,0.00,0.00,0.00,5.85,7.10,0,0.00,0,0,06-JAN-2025
OPTSTK,NYKAA,30-Jan-2025,2025-01-30,177.50,PE,9.50,11.90,8.20,9.95,9.95,254,1400.48742,141600,126850,06-JAN-2025
OPTSTK,NYKAA,27-Mar-2025,2025-03-27,190.00,PE,0.00,0.00,0.00,30.85,21.15,0,0.00,0,0,06-JAN-2025
OPTSTK,NYKAA,30-Jan-2025,2025-01-30,160.00,PE,3.45,3.45,1.65,2.35,2.35,1266,6056.29247,1168200,197650,06-JAN-2025
OPTSTK,NYKAA,27-Feb-2025,2025-02-27,160.00,PE,0.00,0.00,0.00,7.05,3.65,0,0.00,0,0,06-JAN-2025
OPTSTK,LODHA,27-Feb-2025,2025-02-27,1220.00,PE,0.00,0.00,0.00,38.10,32.75,0,0.00,0,0,06-JAN-2025
OPTSTK,LODHA,30-Jan-2025,2025-01-30,1520.00,CE,21.05,22.55,10.50,10.90,10.90,42,290.11005,18000,1350,06-JAN-2025
OPTSTK,LODHA,27-Mar-2025,2025-03-27,1520.00,CE,0.00,0.00,0.00,115.10,55.95,0,0.00,0,0,06-JAN-2025
OPTSTK,LODHA,30-Jan-2025,2025-01-30,1260.00,CE,0.00,0.00,0.00,125.05,115.35,0,0.00,0,0,06-JAN-2025
OPTSTK,LODHA,27-Feb-2025,2025-02-27,1480.00,CE,0.00,0.00,0.00,70.55,45.05,0,0.00,0,0,06-JAN-2025
OPTSTK,LODHA,27-Feb-2025,2025-02-27,1320.00,PE,0.00,0.00,0.00,147.05,69.65,0,0.00,0,0,06-JAN-2025
OPTSTK,LODHA,30-Jan-2025,2025-01-30,1220.00,CE,0.00,0.00,0.00,145.85,145.65,0,0.00,0,0,06-JAN-2025
OPTSTK,LODHA,30-Jan-2025,2025-01-30,1420.00,CE,56.70,72.65,30.25,31.25,31.25,546,3609.91575,67050,14400,06-JAN-2025
OPTSTK,LODHA,30-Jan-2025,2025-01-30,1420.00,PE,60.40,94.90,52.05,93.45,101.55,46,307.764675,8100,0,06-JAN-2025
OPTSTK,LODHA,30-Jan-2025,2025-01-30,1640.00,PE,0.00,0.00,0.00,368.50,289.55,0,0.00,0,0,06-JAN-2025
OPTSTK,LODHA,27-Feb-2025,2025-02-27,1640.00,PE,0.00,0.00,0.00,361.80,293.90,0,0.00,0,0,06-JAN-2025
OPTSTK,LODHA,27-Mar-2025,2025-03-27,1400.00,PE,0.00,0.00,0.00,126.20,129.05,0,0.00,0,0,06-JAN-2025
OPTSTK,LODHA,27-Mar-2025,2025-03-27,1480.00,PE,0.00,0.00,0.00,169.55,179.45,0,0.00,0,0,06-JAN-2025
OPTSTK,LODHA,30-Jan-2025,2025-01-30,1400.00,PE,44.95,85.85,40.90,85.30,85.30,216,1419.01087,78300,-3150,06-JAN-2025
OPTSTK,LODHA,27-Feb-2025,2025-02-27,1400.00,CE,0.00,0.00,0.00,90.45,71.50,0,0.00,900,0,06-JAN-2025
OPTSTK,LODHA,27-Mar-2025,2025-03-27,1320.00,CE,0.00,0.00,0.00,207.60,132.70,0,0.00,0,0,06-JAN-2025
OPTSTK,LODHA,27-Mar-2025,2025-03-27,1440.00,CE,0.00,0.00,0.00,147.10,80.55,0,0.00,0,0,06-JAN-2025
OPTSTK,LODHA,27-Feb-2025,2025-02-27,1540.00,CE,0.00,0.00,0.00,80.80,30.95,0,0.00,0,0,06-JAN-2025
OPTSTK,LODHA,27-Mar-2025,2025-03-27,1560.00,PE,0.00,0.00,0.00,219.15,237.20,0,0.00,0,0,06-JAN-2025
OPTSTK,LODHA,27-Mar-2025,2025-03-27,1440.00,PE,0.00,0.00,0.00,147.05,153.25,0,0.00,0,0,06-JAN-2025
OPTSTK,LODHA,27-Feb-2025,2025-02-27,1260.00,PE,0.00,0.00,0.00,49.55,45.40,0,0.00,0,0,06-JAN-2025
OPTSTK,LODHA,27-Mar-2025,2025-03-27,1400.00,CE,0.00,0.00,0.00,165.55,95.80,0,0.00,0,0,06-JAN-2025
OPTSTK,LODHA,27-Feb-2025,2025-02-27,1400.00,PE,0.00,0.00,0.00,195.95,111.95,0,0.00,0,0,06-JAN-2025
OPTSTK,LODHA,27-Mar-2025,2025-03-27,1320.00,PE,0.00,0.00,0.00,89.70,87.15,0,0.00,0,0,06-JAN-2025
OPTSTK,LODHA,30-Jan-2025,2025-01-30,1320.00,PE,23.60,45.00,17.20,44.00,44.00,66,402.5169,37800,8550,06-JAN-2025
OPTSTK,LODHA,27-Feb-2025,2025-02-27,1260.00,CE,0.00,0.00,0.00,219.40,143.60,0,0.00,0,0,06-JAN-2025
OPTSTK,LODHA,27-Feb-2025,2025-02-27,1460.00,CE,0.00,0.00,0.00,110.35,50.75,0,0.00,0,0,06-JAN-2025
OPTSTK,LODHA,27-Mar-2025,2025-03-27,1280.00,CE,0.00,0.00,0.00,231.25,154.55,0,0.00,0,0,06-JAN-2025
OPTSTK,LODHA,30-Jan-2025,2025-01-30,1160.00,PE,0.00,0.00,0.00,54.05,5.60,0,0.00,0,0,06-JAN-2025
OPTSTK,LODHA,30-Jan-2025,2025-01-30,1440.00,PE,70.90,110.00,68.50,110.00,110.00,24,165.245625,9900,4500,06-JAN-2025
OPTSTK,LODHA,27-Mar-2025,2025-03-27,1360.00,PE,0.00,0.00,0.00,107.10,107.00,0,0.00,0,0,06-JAN-2025
OPTSTK,LODHA,27-Mar-2025,2025-03-27,1520.00,PE,0.00,0.00,0.00,193.60,207.50,0,0.00,0,0,06-JAN-2025
OPTSTK,INDIAMART,30-Jan-2025,2025-01-30,2320.00,CE,50.05,50.05,48.50,49.05,31.05,12,85.28685,4500,3600,06-JAN-2025
OPTSTK,INDIAMART,27-Feb-2025,2025-02-27,2320.00,PE,0.00,0.00,0.00,188.75,189.10,0,0.00,0,0,06-JAN-2025
OPTSTK,INDIAMART,27-Feb-2025,2025-02-27,2220.00,CE,0.00,0.00,0.00,174.30,105.20,0,0.00,0,0,06-JAN-2025
OPTSTK,INDIAMART,30-Jan-2025,2025-01-30,2380.00,CE,0.00,0.00,0.00,64.60,19.10,0,0.00,0,0,06-JAN-2025
OPTSTK,INDIAMART,27-Feb-2025,2025-02-27,2420.00,PE,0.00,0.00,0.00,251.95,262.05,0,0.00,0,0,06-JAN-2025
OPTSTK,INDIAMART,30-Jan-2025,2025-01-30,2450.00,CE,0.00,0.00,0.00,21.45,10.30,0,0.00,8400,0,06-JAN-2025
OPTSTK,INDIAMART,30-Jan-2025,2025-01-30,2250.00,CE,88.30,88.30,51.55,58.05,51.80,27,188.25165,21900,1500,06-JAN-2025
OPTSTK,INDIAMART,30-Jan-2025,2025-01-30,2900.00,PE,0.00,0.00,0.00,660.00,710.85,0,0.00,1500,0,06-JAN-2025
OPTSTK,INDIAMART,27-Feb-2025,2025-02-27,2060.00,PE,0.00,0.00,0.00,70.00,56.70,0,0.00,0,0,06-JAN-2025
OPTSTK,INDIAMART,30-Jan-2025,2025-01-30,2050.00,PE,20.30,30.45,20.30,30.00,26.70,49,305.45955,12900,2100,06-JAN-2025
OPTSTK,INDIAMART,27-Feb-2025,2025-02-27,2320.00,CE,0.00,0.00,0.00,129.35,67.65,0,0.00,0,0,06-JAN-2025
OPTSTK,INDIAMART,30-Jan-2025,2025-01-30,2340.00,CE,33.00,33.00,33.00,33.00,26.55,1,7.119,300,0,06-JAN-2025
OPTSTK,INDIAMART,27-Feb-2025,2025-02-27,2340.00,CE,0.00,0.00,0.00,121.50,61.60,0,0.00,0,0,06-JAN-2025
OPTSTK,INDIAMART,30-Jan-2025,2025-01-30,2680.00,PE,0.00,0.00,0.00,442.70,492.70,0,0.00,0,0,06-JAN-2025
OPTSTK,INDIAMART,30-Jan-2025,2025-01-30,2680.00,CE,0.00,0.00,0.00,12.90,0.90,0,0.00,0,0,06-JAN-2025
OPTSTK,INDIAMART,30-Jan-2025,2025-01-30,2250.00,PE,75.05,117.80,75.00,115.30,115.45,35,246.0669,39000,-900,06-JAN-2025
OPTSTK,INDIAMART,27-Feb-2025,2025-02-27,2300.00,PE,141.00,150.70,141.00,150.70,175.85,2,14.6751,1500,0,06-JAN-2025
OPTSTK,INDIAMART,30-Jan-2025,2025-01-30,1880.00,PE,0.00,0.00,0.00,10.40,3.60,0,0.00,0,0,06-JAN-2025
OPTSTK,INDIAMART,30-Jan-2025,2025-01-30,2280.00,CE,72.00,72.00,43.10,43.10,43.10,14,97.8873,3000,-300,06-JAN-2025
OPTSTK,INDIAMART,30-Jan-2025,2025-01-30,2220.00,CE,77.80,77.80,67.15,70.45,70.45,11,75.62655,1200,-300,06-JAN-2025
OPTSTK,INDIAMART,27-Feb-2025,2025-02-27,2220.00,PE,0.00,0.00,0.00,134.95,127.60,0,0.00,0,0,06-JAN-2025
OPTSTK,INDIAMART,30-Jan-2025,2025-01-30,2020.00,PE,0.00,0.00,0.00,32.00,19.90,0,0.00,0,0,06-JAN-2025
OPTSTK,INDIAMART,27-Feb-2025,2025-02-27,2380.00,PE,0.00,0.00,0.00,225.60,231.65,0,0.00,0,0,06-JAN-2025
OPTSTK,INDIAMART,30-Jan-2025,2025-01-30,2540.00,PE,0.00,0.00,0.00,319.50,356.65,0,0.00,0,0,06-JAN-2025
OPTSTK,INDIAMART,30-Jan-2025,2025-01-30,2550.00,CE,13.15,13.15,5.90,5.90,5.90,7,53.7243,1500,-600,06-JAN-2025
OPTSTK,INDIAMART,30-Jan-2025,2025-01-30,2280.00,PE,0.00,0.00,0.00,90.90,135.45,0,0.00,3300,0,06-JAN-2025
OPTSTK,INDIAMART,27-Feb-2025,2025-02-27,2120.00,PE,0.00,0.00,0.00,91.30,79.20,0,0.00,0,0,06-JAN-2025
OPTSTK,INDIAMART,27-Feb-2025,2025-02-27,2120.00,CE,0.00,0.00,0.00,229.35,155.80,0,0.00,0,0,06-JAN-2025
OPTSTK,INDIAMART,27-Feb-2025,2025-02-27,2240.00,CE,0.00,0.00,0.00,164.50,96.65,0,0.00,0,0,06-JAN-2025
OPTSTK,INDIAMART,30-Jan-2025,2025-01-30,2240.00,PE,94.00,94.00,94.00,94.00,109.15,1,7.002,3300,-300,06-JAN-2025
OPTSTK,INDIAMART,27-Feb-2025,2025-02-27,2240.00,PE,0.00,0.00,0.00,144.90,138.90,0,0.00,0,0,06-JAN-2025
OPTSTK,LTF,27-Feb-2025,2025-02-27,120.00,PE,0.00,0.00,0.00,2.30,0.90,0,0.00,0,0,06-JAN-2025
OPTSTK,LTF,27-Feb-2025,2025-02-27,130.00,PE,4.45,4.95,4.45,4.95,3.00,3,18.022018,17848,8924,06-JAN-2025
OPTSTK,LTF,27-Feb-2025,2025-02-27,127.50,CE,0.00,0.00,0.00,15.30,14.45,0,0.00,0,0,06-JAN-2025
OPTSTK,LTF,30-Jan-2025,2025-01-30,127.50,CE,11.25,11.50,8.30,8.35,8.35,14,86.170144,49082,22310,06-JAN-2025
OPTSTK,LTF,27-Feb-2025,2025-02-27,127.50,PE,0.00,0.00,0.00,4.40,2.30,0,0.00,0,0,06-JAN-2025
OPTSTK,LTF,27-Mar-2025,2025-03-27,120.00,CE,0.00,0.00,0.00,22.40,21.85,0,0.00,0,0,06-JAN-2025
OPTSTK,TATACHEM,27-Feb-2025,2025-02-27,880.00,CE,0.00,0.00,0.00,251.15,129.00,0,0.00,0,0,06-JAN-2025
OPTSTK,TATACHEM,27-Mar-2025,2025-03-27,880.00,PE,0.00,0.00,0.00,15.80,15.75,0,0.00,0,0,06-JAN-2025
OPTSTK,LTF,27-Feb-2025,2025-02-27,147.50,PE,0.00,0.00,0.00,14.50,11.70,0,0.00,0,0,06-JAN-2025
OPTSTK,LTF,30-Jan-2025,2025-01-30,147.50,PE,9.25,15.55,9.25,15.50,15.50,43,306.967752,120474,0,06-JAN-2025
OPTSTK,LTF,27-Feb-2025,2025-02-27,147.50,CE,0.00,0.00,0.00,5.70,4.00,0,0.00,0,0,06-JAN-2025
OPTSTK,LTF,27-Feb-2025,2025-02-27,152.50,CE,0.00,0.00,0.00,4.25,2.70,0,0.00,0,0,06-JAN-2025
OPTSTK,LTF,30-Jan-2025,2025-01-30,115.00,PE,0.10,0.35,0.10,0.30,0.30,235,1208.29398,1740180,8924,06-JAN-2025
OPTSTK,LTF,27-Feb-2025,2025-02-27,115.00,PE,1.20,1.20,1.20,1.20,0.45,1,5.184844,98164,4462,06-JAN-2025
OPTSTK,LTF,30-Jan-2025,2025-01-30,115.00,CE,0.00,0.00,0.00,34.50,23.95,0,0.00,0,0,06-JAN-2025
OPTSTK,TATACHEM,27-Feb-2025,2025-02-27,1060.00,PE,0.00,0.00,0.00,64.70,85.85,0,0.00,0,0,06-JAN-2025
OPTSTK,TATACHEM,30-Jan-2025,2025-01-30,1060.00,CE,21.05,21.05,10.40,11.20,11.20,2648,15617.7802,920150,-12650,06-JAN-2025
OPTSTK,LTF,27-Feb-2025,2025-02-27,125.00,PE,0.00,0.00,0.00,3.40,1.75,0,0.00,0,0,06-JAN-2025
OPTSTK,LTF,27-Feb-2025,2025-02-27,125.00,CE,0.00,0.00,0.00,24.95,16.35,0,0.00,0,0,06-JAN-2025
OPTSTK,TATACHEM,27-Feb-2025,2025-02-27,980.00,PE,0.00,0.00,0.00,31.75,39.70,0,0.00,0,0,06-JAN-2025
OPTSTK,TATACHEM,30-Jan-2025,2025-01-30,980.00,CE,59.00,59.00,36.05,38.75,38.75,201,1129.87517,50600,25850,06-JAN-2025
OPTSTK,LTF,30-Jan-2025,2025-01-30,120.00,PE,0.25,0.85,0.25,0.80,0.80,528,2839.29107,1874040,548826,06-JAN-2025
OPTSTK,LTF,30-Jan-2025,2025-01-30,120.00,CE,17.90,18.15,15.50,15.50,19.15,9,55.020922,58006,13386,06-JAN-2025
OPTSTK,TATACHEM,27-Feb-2025,2025-02-27,880.00,PE,0.00,0.00,0.00,11.45,9.40,0,0.00,0,0,06-JAN-2025
OPTSTK,TATACHEM,27-Feb-2025,2025-02-27,1100.00,PE,0.00,0.00,0.00,80.00,115.45,0,0.00,550,0,06-JAN-2025
OPTSTK,LTF,30-Jan-2025,2025-01-30,125.00,CE,12.05,12.05,9.65,9.70,9.70,5,30.223357,31234,8924,06-JAN-2025
OPTSTK,LTF,27-Mar-2025,2025-03-27,125.00,CE,0.00,0.00,0.00,18.95,18.00,0,0.00,0,0,06-JAN-2025
OPTSTK,LTF,30-Jan-2025,2025-01-30,125.00,PE,0.55,1.75,0.55,1.65,1.65,576,3243.54158,1695560,419428,06-JAN-2025
OPTSTK,TATACHEM,30-Jan-2025,2025-01-30,920.00,PE,2.90,8.00,2.30,7.45,7.45,920,4685.84187,223300,63250,06-JAN-2025
OPTSTK,TATACHEM,27-Feb-2025,2025-02-27,940.00,CE,0.00,0.00,0.00,150.00,84.25,0,0.00,0,0,06-JAN-2025
OPTSTK,LTF,30-Jan-2025,2025-01-30,127.50,PE,0.80,2.50,0.80,2.35,2.35,120,691.438213,459586,-75854,06-JAN-2025
OPTSTK,LTF,27-Mar-2025,2025-03-27,150.00,CE,2.50,2.85,2.00,2.55,5.05,11,74.887977,124936,49082,06-JAN-2025
OPTSTK,IRB,27-Mar-2025,2025-03-27,52.00,CE,0.00,0.00,0.00,8.80,8.40,0,0.00,0,0,06-JAN-2025
OPTSTK,IRB,27-Feb-2025,2025-02-27,52.00,PE,0.00,0.00,0.00,1.20,1.65,0,0.00,10250,0,06-JAN-2025
OPTSTK,IRB,30-Jan-2025,2025-01-30,52.00,PE,0.25,0.55,0.25,0.50,0.50,75,403.42975,738000,-41000,06-JAN-2025
OPTSTK,IRB,27-Feb-2025,2025-02-27,52.00,CE,0.00,0.00,0.00,7.50,7.40,0,0.00,0,0,06-JAN-2025
OPTSTK,IRB,30-Jan-2025,2025-01-30,57.00,PE,1.00,2.25,1.00,2.05,2.05,168,1010.609,1414500,82000,06-JAN-2025
OPTSTK,IRB,27-Mar-2025,2025-03-27,54.00,CE,0.00,0.00,0.00,7.70,7.15,0,0.00,0,0,06-JAN-2025
OPTSTK,IRB,30-Jan-2025,2025-01-30,54.00,CE,4.90,4.90,4.05,4.05,4.80,2,11.987375,153750,0,06-JAN-2025
OPTSTK,IRB,27-Feb-2025,2025-02-27,54.00,PE,0.00,0.00,0.00,5.95,2.35,0,0.00,0,0,06-JAN-2025
OPTSTK,IRB,27-Mar-2025,2025-03-27,54.00,PE,0.00,0.00,0.00,4.90,3.10,0,0.00,0,0,06-JAN-2025
OPTSTK,IRB,27-Feb-2025,2025-02-27,54.00,CE,0.00,0.00,0.00,6.55,6.10,0,0.00,0,0,06-JAN-2025
OPTSTK,IRB,30-Jan-2025,2025-01-30,59.00,PE,1.70,3.30,1.70,3.05,3.05,206,1292.32,1537500,-112750,06-JAN-2025
OPTSTK,IRB,30-Jan-2025,2025-01-30,59.00,CE,3.20,3.20,1.45,1.70,1.70,183,1144.7405,2050000,235750,06-JAN-2025
OPTSTK,IRB,30-Jan-2025,2025-01-30,51.00,CE,0.00,0.00,0.00,10.40,7.05,0,0.00,41000,0,06-JAN-2025
OPTSTK,IRB,30-Jan-2025,2025-01-30,51.00,PE,0.20,0.45,0.20,0.40,0.40,67,352.5385,225500,-61500,06-JAN-2025
OPTSTK,IRB,27-Mar-2025,2025-03-27,68.00,PE,0.00,0.00,0.00,13.75,11.65,0,0.00,0,0,06-JAN-2025
OPTSTK,IRB,27-Feb-2025,2025-02-27,68.00,CE,0.00,0.00,0.00,2.35,1.10,0,0.00,0,0,06-JAN-2025
OPTSTK,IRB,30-Jan-2025,2025-01-30,65.00,CE,0.95,1.00,0.35,0.40,0.40,350,2353.95862,1619500,-297250,06-JAN-2025
OPTSTK,IRB,27-Feb-2025,2025-02-27,49.00,CE,0.00,0.00,0.00,9.55,9.65,0,0.00,0,0,06-JAN-2025
OPTSTK,IRB,27-Feb-2025,2025-02-27,61.00,CE,0.00,0.00,0.00,3.60,2.80,0,0.00,0,0,06-JAN-2025
OPTSTK,IRB,30-Jan-2025,2025-01-30,61.00,PE,2.95,4.60,2.90,4.45,4.45,41,271.133,840500,-51250,06-JAN-2025
OPTSTK,IRB,30-Jan-2025,2025-01-30,54.00,PE,0.40,1.10,0.40,0.95,0.95,387,2164.42587,2736750,2009000,06-JAN-2025
OPTSTK,IRB,27-Feb-2025,2025-02-27,59.00,PE,0.00,0.00,0.00,3.45,4.70,0,0.00,82000,0,06-JAN-2025
OPTSTK,IRB,27-Feb-2025,2025-02-27,59.00,CE,0.00,0.00,0.00,4.30,3.55,0,0.00,0,0,06-JAN-2025
OPTSTK,IRB,27-Mar-2025,2025-03-27,66.00,CE,0.00,0.00,0.00,3.30,2.35,0,0.00,0,0,06-JAN-2025
OPTSTK,IRB,27-Feb-2025,2025-02-27,66.00,CE,0.00,0.00,0.00,2.75,1.45,0,0.00,0,0,06-JAN-2025
OPTSTK,IRB,27-Feb-2025,2025-02-27,63.00,PE,0.00,0.00,0.00,9.35,7.30,0,0.00,0,0,06-JAN-2025
OPTSTK,IRB,30-Jan-2025,2025-01-30,53.00,CE,0.00,0.00,0.00,5.50,5.50,0,0.00,71750,0,06-JAN-2025
OPTSTK,IRB,27-Mar-2025,2025-03-27,60.00,CE,0.00,0.00,0.00,5.10,4.25,0,0.00,0,0,06-JAN-2025
OPTSTK,IRB,30-Jan-2025,2025-01-30,60.00,CE,2.65,2.65,1.10,1.30,1.30,778,4927.86175,8169250,256250,06-JAN-2025
OPTSTK,IRB,27-Feb-2025,2025-02-27,60.00,PE,0.00,0.00,0.00,2.75,5.30,0,0.00,10250,0,06-JAN-2025
OPTSTK,IRB,27-Mar-2025,2025-03-27,60.00,PE,0.00,0.00,0.00,8.15,6.10,0,0.00,0,0,06-JAN-2025
OPTSTK,IRB,30-Jan-2025,2025-01-30,60.00,PE,2.30,4.25,2.20,3.70,3.70,230,1483.16475,2593250,-174250,06-JAN-2025
OPTSTK,IRB,27-Feb-2025,2025-02-27,60.00,CE,2.80,2.80,2.80,2.80,2.80,1,6.437,10250,0,06-JAN-2025
OPTSTK,CUB,30-Jan-2025,2025-01-30,172.50,PE,3.80,6.95,3.80,6.65,6.65,145,1289.635,530000,200000,06-JAN-2025
OPTSTK,CUB,27-Feb-2025,2025-02-27,177.50,CE,0.00,0.00,0.00,10.00,5.10,0,0.00,0,0,06-JAN-2025
OPTSTK,CUB,30-Jan-2025,2025-01-30,190.00,CE,0.75,0.75,0.40,0.45,0.45,249,2371.3525,1270000,-10000,06-JAN-2025
OPTSTK,CUB,30-Jan-2025,2025-01-30,175.00,CE,4.75,4.75,2.40,2.60,2.60,612,5447.8,1330000,305000,06-JAN-2025
OPTSTK,CUB,30-Jan-2025,2025-01-30,200.00,CE,0.25,0.25,0.15,0.15,0.15,36,360.3475,1390000,5000,06-JAN-2025
OPTSTK,CUB,30-Jan-2025,2025-01-30,180.00,PE,8.95,11.85,8.85,11.70,11.70,27,256.4025,455000,-5000,06-JAN-2025
OPTSTK,CUB,27-Feb-2025,2025-02-27,180.00,PE,0.00,0.00,0.00,12.25,13.70,0,0.00,0,0,06-JAN-2025
OPTSTK,CUB,30-Jan-2025,2025-01-30,180.00,CE,2.85,2.85,1.30,1.35,1.35,950,8627.5225,2580000,-70000,06-JAN-2025
OPTSTK,CUB,30-Jan-2025,2025-01-30,145.00,PE,0.00,0.00,0.00,2.35,0.10,0,0.00,0,0,06-JAN-2025
OPTSTK,CUB,30-Jan-2025,2025-01-30,202.50,PE,33.70,33.90,33.70,33.90,32.80,11,129.9525,55000,0,06-JAN-2025
OPTSTK,CUB,30-Jan-2025,2025-01-30,157.50,CE,0.00,0.00,0.00,26.85,13.30,0,0.00,0,0,06-JAN-2025
OPTSTK,CUB,30-Jan-2025,2025-01-30,192.50,CE,0.00,0.00,0.00,7.35,0.35,0,0.00,0,0,06-JAN-2025
OPTSTK,CUB,27-Feb-2025,2025-02-27,192.50,CE,0.00,0.00,0.00,4.90,1.65,0,0.00,0,0,06-JAN-2025
OPTSTK,CUB,30-Jan-2025,2025-01-30,160.00,PE,0.70,1.85,0.70,1.60,1.60,391,3155.47,1100000,225000,06-JAN-2025
OPTSTK,CUB,30-Jan-2025,2025-01-30,150.00,CE,0.00,0.00,0.00,23.20,19.85,0,0.00,5000,0,06-JAN-2025
OPTSTK,CUB,27-Feb-2025,2025-02-27,162.50,CE,0.00,0.00,0.00,18.20,12.30,0,0.00,0,0,06-JAN-2025
OPTSTK,CUB,30-Jan-2025,2025-01-30,162.50,PE,1.15,2.45,1.15,2.15,2.15,52,427.3425,230000,5000,06-JAN-2025
OPTSTK,CUB,30-Jan-2025,2025-01-30,162.50,CE,9.10,9.10,9.10,9.10,9.55,2,17.16,10000,10000,06-JAN-2025
OPTSTK,CUB,27-Feb-2025,2025-02-27,187.50,PE,0.00,0.00,0.00,17.90,19.30,0,0.00,0,0,06-JAN-2025
OPTSTK,CUB,30-Jan-2025,2025-01-30,187.50,CE,0.95,0.95,0.50,0.55,0.55,54,507.805,205000,-160000,06-JAN-2025
OPTSTK,CUB,27-Feb-2025,2025-02-27,170.00,CE,0.00,0.00,0.00,20.65,8.15,0,0.00,0,0,06-JAN-2025
FUTSTK,CUB,27-Feb-2025,2025-02-27,,,174.38,174.50,170.00,170.51,170.51,73,626.6775,830000,145000,06-JAN-2025
OPTSTK,CUB,30-Jan-2025,2025-01-30,155.00,CE,0.00,0.00,0.00,22.15,15.40,0,0.00,10000,0,06-JAN-2025
OPTSTK,CUB,30-Jan-2025,2025-01-30,202.50,CE,0.15,0.15,0.15,0.15,0.05,2,20.265,40000,0,06-JAN-2025
OPTSTK,CUB,27-Feb-2025,2025-02-27,157.50,PE,0.00,0.00,0.00,3.65,2.85,0,0.00,0,0,06-JAN-2025
OPTSTK,CUB,27-Feb-2025,2025-02-27,187.50,CE,0.00,0.00,0.00,6.30,2.45,0,0.00,0,0,06-JAN-2025
OPTSTK,CUB,27-Feb-2025,2025-02-27,155.00,PE,0.00,0.00,0.00,3.45,2.25,0,0.00,0,0,06-JAN-2025
OPTSTK,CUB,27-Feb-2025,2025-02-27,155.00,CE,0.00,0.00,0.00,30.90,17.55,0,0.00,0,0,06-JAN-2025
OPTSTK,CUB,30-Jan-2025,2025-01-30,177.50,PE,6.90,10.35,6.90,10.00,10.00,45,419.3125,165000,-20000,06-JAN-2025
OPTSTK,CUB,30-Jan-2025,2025-01-30,185.00,PE,0.00,0.00,0.00,10.10,16.30,0,0.00,30000,0,06-JAN-2025
OPTSTK,CUB,30-Jan-2025,2025-01-30,155.00,PE,0.45,0.90,0.45,0.80,0.80,122,949.6775,360000,250000,06-JAN-2025
OPTSTK,CUB,30-Jan-2025,2025-01-30,170.00,CE,7.80,7.95,4.30,4.60,4.60,328,2870.215,530000,370000,06-JAN-2025
OPTSTK,CUB,27-Feb-2025,2025-02-27,200.00,CE,1.80,1.80,1.80,1.80,0.85,1,10.09,5000,5000,06-JAN-2025
OPTSTK,KPITTECH,27-Feb-2025,2025-02-27,1660.00,PE,0.00,0.00,0.00,236.80,217.65,0,0.00,0,0,06-JAN-2025
OPTSTK,KPITTECH,30-Jan-2025,2025-01-30,1660.00,CE,8.05,8.90,6.90,8.25,8.25,52,346.9538,23600,0,06-JAN-2025
OPTSTK,KPITTECH,30-Jan-2025,2025-01-30,1620.00,PE,174.05,175.40,174.05,175.40,172.70,2,14.3578,800,400,06-JAN-2025
OPTSTK,KPITTECH,27-Feb-2025,2025-02-27,1620.00,CE,0.00,0.00,0.00,59.90,33.20,0,0.00,0,0,06-JAN-2025
OPTSTK,BOSCHLTD,30-Jan-2025,2025-01-30,34500.00,PE,0.00,0.00,0.00,726.00,1350.90,0,0.00,375,0,06-JAN-2025
OPTSTK,IOC,27-Feb-2025,2025-02-27,135.00,CE,5.30,5.65,5.20,5.45,5.45,8,54.780375,34125,29250,06-JAN-2025
OPTSTK,KPITTECH,27-Mar-2025,2025-03-27,1320.00,CE,0.00,0.00,0.00,221.85,193.20,0,0.00,0,0,06-JAN-2025
OPTSTK,IOC,30-Jan-2025,2025-01-30,147.50,CE,1.15,1.15,0.50,0.60,0.60,676,4881.33506,2003625,185250,06-JAN-2025
OPTSTK,IOC,27-Feb-2025,2025-02-27,147.50,PE,0.00,0.00,0.00,13.30,15.25,0,0.00,0,0,06-JAN-2025
OPTSTK,IOC,27-Feb-2025,2025-02-27,147.50,CE,0.00,0.00,0.00,5.50,2.05,0,0.00,0,0,06-JAN-2025
OPTSTK,IOC,27-Feb-2025,2025-02-27,152.50,PE,0.00,0.00,0.00,16.80,19.40,0,0.00,0,0,06-JAN-2025
OPTSTK,BOSCHLTD,27-Feb-2025,2025-02-27,32500.00,PE,0.00,0.00,0.00,762.55,662.95,0,0.00,0,0,06-JAN-2025
OPTSTK,IOC,27-Feb-2025,2025-02-27,115.00,PE,2.00,2.00,2.00,2.00,0.70,1,5.70375,4875,4875,06-JAN-2025
OPTSTK,BOSCHLTD,27-Feb-2025,2025-02-27,29000.00,PE,0.00,0.00,0.00,200.50,54.95,0,0.00,0,0,06-JAN-2025
OPTSTK,IOC,30-Jan-2025,2025-01-30,125.00,PE,0.55,1.50,0.55,1.30,1.30,991,6088.53618,1813500,0,06-JAN-2025
OPTSTK,IOC,30-Jan-2025,2025-01-30,125.00,CE,11.45,11.75,8.90,9.95,9.95,39,257.168437,204750,19500,06-JAN-2025
OPTSTK,IOC,27-Mar-2025,2025-03-27,125.00,CE,0.00,0.00,0.00,19.15,13.40,0,0.00,0,0,06-JAN-2025
OPTSTK,BOSCHLTD,27-Feb-2025,2025-02-27,30500.00,CE,0.00,0.00,0.00,4367.15,3449.85,0,0.00,0,0,06-JAN-2025
OPTSTK,BOSCHLTD,27-Feb-2025,2025-02-27,30500.00,PE,0.00,0.00,0.00,294.65,190.35,0,0.00,0,0,06-JAN-2025
OPTSTK,BOSCHLTD,30-Jan-2025,2025-01-30,30500.00,PE,0.00,0.00,0.00,252.50,49.45,0,0.00,0,0,06-JAN-2025
OPTSTK,BOSCHLTD,30-Jan-2025,2025-01-30,30500.00,CE,0.00,0.00,0.00,4810.05,3152.10,0,0.00,0,0,06-JAN-2025
OPTSTK,BOSCHLTD,30-Jan-2025,2025-01-30,38500.00,CE,40.00,42.00,40.00,42.00,11.25,6,57.811,900,125,06-JAN-2025
OPTSTK,BOSCHLTD,27-Mar-2025,2025-03-27,40000.00,PE,0.00,0.00,0.00,5571.10,6081.60,0,0.00,0,0,06-JAN-2025
OPTSTK,KPITTECH,30-Jan-2025,2025-01-30,1300.00,CE,0.00,0.00,0.00,200.00,165.95,0,0.00,400,0,06-JAN-2025
OPTSTK,BOSCHLTD,30-Jan-2025,2025-01-30,32500.00,CE,0.00,0.00,0.00,3248.10,1487.70,0,0.00,0,0,06-JAN-2025
OPTSTK,BOSCHLTD,27-Feb-2025,2025-02-27,32500.00,CE,0.00,0.00,0.00,2860.15,1941.55,0,0.00,0,0,06-JAN-2025
OPTSTK,BOSCHLTD,30-Jan-2025,2025-01-30,32500.00,PE,217.75,464.85,217.75,425.50,425.50,85,698.674262,4875,450,06-JAN-2025
OPTSTK,BOSCHLTD,27-Feb-2025,2025-02-27,33500.00,PE,0.00,0.00,0.00,1126.25,1074.50,0,0.00,0,0,06-JAN-2025
OPTSTK,BOSCHLTD,30-Jan-2025,2025-01-30,33500.00,CE,1234.15,1234.15,819.15,927.05,927.05,44,379.914,1050,400,06-JAN-2025
OPTSTK,BOSCHLTD,27-Feb-2025,2025-02-27,33500.00,CE,0.00,0.00,0.00,2236.35,1362.70,0,0.00,0,0,06-JAN-2025
OPTSTK,BOSCHLTD,30-Jan-2025,2025-01-30,33500.00,PE,497.95,1093.15,460.15,788.95,788.95,117,1001.20335,6100,-150,06-JAN-2025
OPTSTK,KPITTECH,27-Mar-2025,2025-03-27,1520.00,CE,0.00,0.00,0.00,119.25,85.90,0,0.00,0,0,06-JAN-2025
OPTSTK,BSE,27-Feb-2025,2025-02-27,4300.00,CE,0.00,0.00,0.00,1327.40,933.15,0,0.00,0,0,06-JAN-2025
OPTSTK,BSE,30-Jan-2025,2025-01-30,4300.00,CE,0.00,0.00,0.00,661.65,842.30,0,0.00,0,0,06-JAN-2025
OPTSTK,BSE,30-Jan-2025,2025-01-30,5200.00,CE,342.00,342.00,172.10,182.05,182.05,2615,17700.0011,67500,38125,06-JAN-2025
OPTSTK,BSE,27-Feb-2025,2025-02-27,5500.00,PE,0.00,0.00,0.00,326.60,635.55,0,0.00,375,0,06-JAN-2025
OPTSTK,BSE,30-Jan-2025,2025-01-30,4200.00,PE,0.00,0.00,0.00,10.00,23.65,0,0.00,5500,0,06-JAN-2025
OPTSTK,BSE,30-Jan-2025,2025-01-30,5500.00,CE,176.10,184.25,82.40,89.05,89.05,5063,35546.6992,234250,28375,06-JAN-2025
OPTSTK,BSE,27-Mar-2025,2025-03-27,6400.00,PE,0.00,0.00,0.00,1260.55,1379.40,0,0.00,0,0,06-JAN-2025
OPTSTK,BSE,27-Feb-2025,2025-02-27,5000.00,PE,200.00,260.00,200.00,260.00,260.00,20,130.976187,5000,-250,06-JAN-2025
OPTSTK,BSE,27-Feb-2025,2025-02-27,5000.00,CE,452.70,452.70,430.00,430.00,484.80,3,20.41925,250,0,06-JAN-2025
OPTSTK,BSE,30-Jan-2025,2025-01-30,6100.00,CE,41.00,41.00,19.55,20.50,20.50,507,3883.07968,65500,3875,06-JAN-2025
OPTSTK,BSE,27-Feb-2025,2025-02-27,6100.00,CE,0.00,0.00,0.00,377.40,129.80,0,0.00,0,0,06-JAN-2025
OPTSTK,BSE,27-Feb-2025,2025-02-27,6200.00,PE,0.00,0.00,0.00,1697.65,1165.10,0,0.00,0,0,06-JAN-2025
OPTSTK,BSE,30-Jan-2025,2025-01-30,4900.00,PE,74.55,145.20,64.25,134.00,134.00,1053,6594.47843,67875,6875,06-JAN-2025
OPTSTK,BSE,27-Feb-2025,2025-02-27,6000.00,PE,0.00,0.00,0.00,683.30,1001.75,0,0.00,500,0,06-JAN-2025
OPTSTK,BSE,27-Mar-2025,2025-03-27,4800.00,CE,0.00,0.00,0.00,1091.55,700.10,0,0.00,0,0,06-JAN-2025
OPTSTK,BSE,30-Jan-2025,2025-01-30,4800.00,PE,52.00,112.10,47.05,104.20,104.20,1514,9240.89318,58625,-13875,06-JAN-2025
OPTSTK,BSE,30-Jan-2025,2025-01-30,4300.00,PE,0.00,0.00,0.00,13.00,34.25,0,0.00,125,0,06-JAN-2025
OPTSTK,BSE,27-Feb-2025,2025-02-27,5800.00,CE,0.00,0.00,0.00,252.45,191.80,0,0.00,0,0,06-JAN-2025
OPTSTK,BSE,27-Feb-2025,2025-02-27,5800.00,PE,0.00,0.00,0.00,1373.90,847.30,0,0.00,0,0,06-JAN-2025
OPTSTK,BSE,27-Mar-2025,2025-03-27,4400.00,PE,0.00,0.00,0.00,227.50,193.60,0,0.00,0,0,06-JAN-2025
OPTSTK,BSE,27-Feb-2025,2025-02-27,4800.00,PE,0.00,0.00,0.00,105.00,258.90,0,0.00,125,0,06-JAN-2025
OPTSTK,BSE,27-Mar-2025,2025-03-27,5200.00,PE,0.00,0.00,0.00,535.85,537.75,0,0.00,0,0,06-JAN-2025
OPTSTK,BSE,30-Jan-2025,2025-01-30,5200.00,PE,159.00,293.75,148.20,276.55,276.55,3036,20567.8294,59750,-16000,06-JAN-2025
OPTSTK,BSE,27-Mar-2025,2025-03-27,5200.00,CE,0.00,0.00,0.00,872.10,503.10,0,0.00,0,0,06-JAN-2025
OPTSTK,BSE,27-Feb-2025,2025-02-27,4700.00,PE,0.00,0.00,0.00,239.50,220.20,0,0.00,0,0,06-JAN-2025
OPTSTK,BSE,30-Jan-2025,2025-01-30,4700.00,CE,575.00,575.00,500.30,500.35,525.40,3,19.5945625,500,375,06-JAN-2025
OPTSTK,BSE,30-Jan-2025,2025-01-30,5100.00,CE,354.75,355.40,215.00,226.15,226.15,653,4370.88543,23250,17000,06-JAN-2025
OPTSTK,BSE,27-Mar-2025,2025-03-27,4400.00,CE,0.00,0.00,0.00,1349.30,947.25,0,0.00,0,0,06-JAN-2025
OPTSTK,BSE,27-Feb-2025,2025-02-27,4400.00,CE,0.00,0.00,0.00,716.55,858.00,0,0.00,0,0,06-JAN-2025
OPTSTK,BSE,30-Jan-2025,2025-01-30,5500.00,PE,310.20,492.10,290.00,481.55,481.55,363,2679.55262,127250,-7500,06-JAN-2025
OPTSTK,BSE,30-Jan-2025,2025-01-30,5600.00,PE,382.15,569.00,381.30,565.05,565.05,48,365.265812,16875,-2500,06-JAN-2025
OPTSTK,BSE,27-Feb-2025,2025-02-27,5200.00,PE,0.00,0.00,0.00,933.45,452.25,0,0.00,0,0,06-JAN-2025
OPTSTK,BSE,27-Feb-2025,2025-02-27,5200.00,CE,0.00,0.00,0.00,401.20,391.00,0,0.00,0,0,06-JAN-2025
OPTSTK,ZYDUSLIFE,27-Mar-2025,2025-03-27,880.00,CE,0.00,0.00,0.00,114.65,106.20,0,0.00,0,0,06-JAN-2025
OPTSTK,ZYDUSLIFE,27-Feb-2025,2025-02-27,870.00,PE,0.00,0.00,0.00,12.80,5.70,0,0.00,0,0,06-JAN-2025
OPTSTK,ZYDUSLIFE,27-Feb-2025,2025-02-27,860.00,CE,0.00,0.00,0.00,119.25,114.10,0,0.00,0,0,06-JAN-2025
OPTSTK,ZYDUSLIFE,27-Mar-2025,2025-03-27,860.00,CE,0.00,0.00,0.00,129.30,122.25,0,0.00,0,0,06-JAN-2025
OPTSTK,ZYDUSLIFE,30-Jan-2025,2025-01-30,860.00,PE,1.95,2.35,1.75,2.25,2.25,101,783.64755,158400,32400,06-JAN-2025
FUTSTK,ZYDUSLIFE,27-Mar-2025,2025-03-27,,,983.00,983.00,972.00,979.50,979.50,24,211.52655,29700,13500,06-JAN-2025
OPTSTK,ZYDUSLIFE,30-Jan-2025,2025-01-30,1080.00,PE,0.00,0.00,0.00,89.00,115.00,0,0.00,22500,0,06-JAN-2025
OPTSTK,ZYDUSLIFE,30-Jan-2025,2025-01-30,920.00,PE,6.25,10.05,6.25,9.05,9.05,123,1028.39085,127800,-9900,06-JAN-2025
OPTSTK,ZYDUSLIFE,27-Mar-2025,2025-03-27,1000.00,PE,0.00,0.00,0.00,72.35,59.50,0,0.00,0,0,06-JAN-2025
OPTSTK,ZYDUSLIFE,27-Mar-2025,2025-03-27,960.00,PE,0.00,0.00,0.00,51.05,38.30,0,0.00,0,0,06-JAN-2025
OPTSTK,ZYDUSLIFE,30-Jan-2025,2025-01-30,1090.00,CE,0.00,0.00,0.00,4.60,0.85,0,0.00,0,0,06-JAN-2025
OPTSTK,ZYDUSLIFE,30-Jan-2025,2025-01-30,1090.00,PE,0.00,0.00,0.00,129.35,124.60,0,0.00,0,0,06-JAN-2025
OPTSTK,ZYDUSLIFE,27-Mar-2025,2025-03-27,1000.00,CE,0.00,0.00,0.00,48.05,35.65,0,0.00,0,0,06-JAN-2025
OPTSTK,ZYDUSLIFE,30-Jan-2025,2025-01-30,960.00,PE,20.00,25.30,19.95,22.30,22.30,283,2502.5085,356400,45900,06-JAN-2025
OPTSTK,ZYDUSLIFE,30-Jan-2025,2025-01-30,1030.00,PE,69.50,69.50,69.50,69.50,69.65,1,9.8955,5400,0,06-JAN-2025
OPTSTK,ZYDUSLIFE,27-Feb-2025,2025-02-27,1120.00,CE,0.00,0.00,0.00,15.05,3.10,0,0.00,0,0,06-JAN-2025
OPTSTK,ZYDUSLIFE,27-Feb-2025,2025-02-27,1080.00,CE,0.00,0.00,0.00,22.30,6.70,0,0.00,0,0,06-JAN-2025
OPTSTK,ZYDUSLIFE,30-Jan-2025,2025-01-30,880.00,PE,2.55,3.90,2.35,3.65,3.65,159,1263.8817,149400,9900,06-JAN-2025
OPTSTK,ZYDUSLIFE,30-Jan-2025,2025-01-30,870.00,PE,2.65,2.95,2.60,2.95,2.95,14,109.9611,63000,9000,06-JAN-2025
OPTSTK,ZYDUSLIFE,30-Jan-2025,2025-01-30,800.00,PE,0.00,0.00,0.00,0.45,0.05,0,0.00,3600,0,06-JAN-2025
OPTSTK,ZYDUSLIFE,27-Mar-2025,2025-03-27,800.00,CE,0.00,0.00,0.00,178.35,175.35,0,0.00,0,0,06-JAN-2025
OPTSTK,ZYDUSLIFE,27-Feb-2025,2025-02-27,1090.00,PE,0.00,0.00,0.00,131.45,123.70,0,0.00,0,0,06-JAN-2025
OPTSTK,ZYDUSLIFE,27-Feb-2025,2025-02-27,1090.00,CE,0.00,0.00,0.00,12.75,5.55,0,0.00,0,0,06-JAN-2025
OPTSTK,ZYDUSLIFE,27-Feb-2025,2025-02-27,930.00,CE,0.00,0.00,0.00,70.05,60.05,0,0.00,0,0,06-JAN-2025
OPTSTK,ZYDUSLIFE,27-Feb-2025,2025-02-27,1070.00,PE,0.00,0.00,0.00,115.30,106.35,0,0.00,0,0,06-JAN-2025
OPTSTK,ZYDUSLIFE,30-Jan-2025,2025-01-30,1070.00,PE,0.00,0.00,0.00,90.85,105.50,0,0.00,900,0,06-JAN-2025
OPTSTK,ZYDUSLIFE,27-Feb-2025,2025-02-27,960.00,CE,44.00,44.00,44.00,44.00,42.50,1,9.036,900,0,06-JAN-2025
OPTSTK,ZYDUSLIFE,27-Feb-2025,2025-02-27,840.00,PE,0.00,0.00,0.00,4.00,2.55,0,0.00,10800,0,06-JAN-2025
OPTSTK,ZYDUSLIFE,27-Mar-2025,2025-03-27,840.00,PE,0.00,0.00,0.00,12.05,5.45,0,0.00,0,0,06-JAN-2025
OPTSTK,ZYDUSLIFE,27-Feb-2025,2025-02-27,920.00,CE,0.00,0.00,0.00,83.55,66.70,0,0.00,0,0,06-JAN-2025
OPTSTK,ZYDUSLIFE,30-Jan-2025,2025-01-30,1160.00,CE,0.40,0.40,0.35,0.40,0.40,13,135.76275,60300,9000,06-JAN-2025
OPTSTK,ZYDUSLIFE,27-Mar-2025,2025-03-27,1160.00,PE,0.00,0.00,0.00,191.85,185.75,0,0.00,0,0,06-JAN-2025
OPTSTK,CDSL,30-Jan-2025,2025-01-30,1660.00,PE,14.95,34.25,14.40,33.15,33.15,364,2144.42602,68950,12250,06-JAN-2025
OPTSTK,CDSL,27-Feb-2025,2025-02-27,1660.00,PE,0.00,0.00,0.00,71.05,64.35,0,0.00,0,0,06-JAN-2025
OPTSTK,CDSL,30-Jan-2025,2025-01-30,2040.00,PE,0.00,0.00,0.00,439.35,304.80,0,0.00,0,0,06-JAN-2025
OPTSTK,CDSL,30-Jan-2025,2025-01-30,1700.00,PE,23.10,49.00,21.95,46.50,46.50,1971,11960.3067,343000,129500,06-JAN-2025
OPTSTK,CDSL,30-Jan-2025,2025-01-30,1700.00,CE,140.40,141.45,78.95,81.00,81.00,206,1296.673,64400,21000,06-JAN-2025
OPTSTK,CDSL,27-Feb-2025,2025-02-27,1700.00,PE,55.00,55.00,55.00,55.00,81.25,1,6.1425,1400,0,06-JAN-2025
OPTSTK,CDSL,27-Feb-2025,2025-02-27,1780.00,PE,0.00,0.00,0.00,119.35,122.30,0,0.00,700,0,06-JAN-2025
OPTSTK,CDSL,30-Jan-2025,2025-01-30,1780.00,PE,51.90,90.05,49.10,86.50,86.50,750,4849.27187,138950,49000,06-JAN-2025
OPTSTK,CDSL,30-Jan-2025,2025-01-30,1660.00,CE,0.00,0.00,0.00,167.60,115.80,0,0.00,1750,0,06-JAN-2025
FUTSTK,CDSL,27-Feb-2025,2025-02-27,,,1823.10,1832.05,1740.60,1745.90,1745.90,320,1992.42925,218050,10500,06-JAN-2025
OPTSTK,CDSL,30-Jan-2025,2025-01-30,1780.00,CE,87.00,87.45,41.60,42.95,42.95,560,3599.79865,143850,10150,06-JAN-2025
OPTSTK,CDSL,30-Jan-2025,2025-01-30,1640.00,CE,0.00,0.00,0.00,188.00,129.25,0,0.00,2800,0,06-JAN-2025
OPTSTK,CDSL,27-Mar-2025,2025-03-27,1880.00,PE,0.00,0.00,0.00,197.45,203.45,0,0.00,0,0,06-JAN-2025
OPTSTK,CDSL,27-Feb-2025,2025-02-27,1640.00,CE,0.00,0.00,0.00,149.90,163.75,0,0.00,0,0,06-JAN-2025
OPTSTK,CDSL,30-Jan-2025,2025-01-30,1640.00,PE,12.20,28.55,12.00,25.40,25.40,365,2118.0607,77350,8400,06-JAN-2025
OPTSTK,CDSL,30-Jan-2025,2025-01-30,2020.00,CE,11.15,11.15,5.00,5.35,5.35,99,702.358825,33600,0,06-JAN-2025
OPTSTK,CDSL,30-Jan-2025,2025-01-30,1580.00,CE,0.00,0.00,0.00,147.75,174.40,0,0.00,0,0,06-JAN-2025
OPTSTK,CDSL,30-Jan-2025,2025-01-30,2100.00,CE,5.25,5.25,2.30,2.80,2.80,286,2105.52702,222950,-13300,06-JAN-2025
OPTSTK,CDSL,30-Jan-2025,2025-01-30,1540.00,PE,3.25,9.65,3.25,9.65,9.65,31,167.907075,24850,1400,06-JAN-2025
OPTSTK,CDSL,30-Jan-2025,2025-01-30,1540.00,CE,0.00,0.00,0.00,168.75,207.90,0,0.00,0,0,06-JAN-2025
OPTSTK,CDSL,27-Feb-2025,2025-02-27,1540.00,PE,0.00,0.00,0.00,36.90,27.80,0,0.00,0,0,06-JAN-2025
OPTSTK,CDSL,30-Jan-2025,2025-01-30,1560.00,PE,5.30,12.05,5.30,11.90,11.90,60,329.384125,30100,350,06-JAN-2025
OPTSTK,CDSL,30-Jan-2025,2025-01-30,1960.00,CE,18.85,18.85,8.25,8.60,8.60,425,2933.1519,128800,-12250,06-JAN-2025
OPTSTK,CDSL,27-Feb-2025,2025-02-27,1720.00,CE,0.00,0.00,0.00,177.80,118.30,0,0.00,350,0,06-JAN-2025
OPTSTK,CDSL,27-Feb-2025,2025-02-27,1720.00,PE,0.00,0.00,0.00,209.15,90.60,0,0.00,0,0,06-JAN-2025
OPTSTK,CDSL,30-Jan-2025,2025-01-30,1720.00,CE,96.70,96.70,67.80,70.90,70.90,98,616.228725,26950,11550,06-JAN-2025
OPTSTK,CDSL,27-Feb-2025,2025-02-27,2040.00,PE,0.00,0.00,0.00,446.80,312.05,0,0.00,0,0,06-JAN-2025
OPTSTK,CDSL,27-Feb-2025,2025-02-27,2040.00,CE,0.00,0.00,0.00,41.85,22.80,0,0.00,0,0,06-JAN-2025
OPTSTK,CDSL,30-Jan-2025,2025-01-30,2040.00,CE,7.10,7.50,4.35,4.65,4.65,155,1109.52852,52500,-3850,06-JAN-2025
OPTSTK,CDSL,27-Mar-2025,2025-03-27,1720.00,CE,0.00,0.00,0.00,234.75,147.50,0,0.00,0,0,06-JAN-2025
OPTSTK,CDSL,30-Jan-2025,2025-01-30,1600.00,PE,8.05,18.85,6.70,18.00,18.00,1101,6216.81532,276850,44800,06-JAN-2025
OPTSTK,CDSL,27-Feb-2025,2025-02-27,1600.00,PE,28.55,39.95,28.55,39.95,43.50,2,11.43975,1750,350,06-JAN-2025
OPTSTK,BERGEPAINT,30-Jan-2025,2025-01-30,495.00,PE,0.00,0.00,0.00,23.65,45.85,0,0.00,0,0,06-JAN-2025
OPTSTK,BERGEPAINT,27-Feb-2025,2025-02-27,495.00,CE,0.00,0.00,0.00,6.15,3.30,0,0.00,0,0,06-JAN-2025
OPTSTK,BERGEPAINT,27-Feb-2025,2025-02-27,370.00,CE,0.00,0.00,0.00,126.65,81.30,0,0.00,0,0,06-JAN-2025
OPTSTK,BERGEPAINT,27-Mar-2025,2025-03-27,460.00,PE,0.00,0.00,0.00,31.50,22.70,0,0.00,0,0,06-JAN-2025
OPTSTK,POONAWALLA,27-Feb-2025,2025-02-27,335.00,CE,0.00,0.00,0.00,21.90,12.00,0,0.00,0,0,06-JAN-2025
OPTSTK,POONAWALLA,27-Feb-2025,2025-02-27,310.00,CE,0.00,0.00,0.00,78.40,22.40,0,0.00,0,0,06-JAN-2025
OPTSTK,POONAWALLA,30-Jan-2025,2025-01-30,310.00,PE,5.00,11.10,4.50,10.80,10.80,224,1030.62157,137750,-10150,06-JAN-2025
OPTSTK,POONAWALLA,27-Mar-2025,2025-03-27,310.00,PE,0.00,0.00,0.00,23.50,19.90,0,0.00,0,0,06-JAN-2025
OPTSTK,POONAWALLA,27-Feb-2025,2025-02-27,320.00,PE,16.00,16.00,16.00,16.00,21.30,1,4.872,1450,1450,06-JAN-2025
OPTSTK,POONAWALLA,30-Jan-2025,2025-01-30,295.00,PE,2.55,5.40,2.25,5.10,5.10,32,138.671475,55100,-4350,06-JAN-2025
OPTSTK,POONAWALLA,30-Jan-2025,2025-01-30,295.00,CE,22.75,22.75,22.40,22.40,24.85,2,9.209675,7250,0,06-JAN-2025
OPTSTK,POONAWALLA,27-Feb-2025,2025-02-27,350.00,PE,0.00,0.00,0.00,23.25,41.20,0,0.00,0,0,06-JAN-2025
OPTSTK,BERGEPAINT,30-Jan-2025,2025-01-30,495.00,CE,2.15,2.15,1.00,1.10,0.65,50,327.49926,95040,54120,06-JAN-2025
OPTSTK,POONAWALLA,27-Feb-2025,2025-02-27,325.00,CE,0.00,0.00,0.00,26.15,15.55,0,0.00,0,0,06-JAN-2025
OPTSTK,POONAWALLA,30-Jan-2025,2025-01-30,325.00,PE,12.10,19.95,11.50,19.60,19.60,50,246.3956,76850,14500,06-JAN-2025
FUTSTK,POONAWALLA,30-Jan-2025,2025-01-30,,,316.90,327.35,310.65,311.90,311.90,3384,15650.2545,12525100,117450,06-JAN-2025
OPTSTK,POONAWALLA,27-Mar-2025,2025-03-27,270.00,CE,0.00,0.00,0.00,64.60,53.30,0,0.00,0,0,06-JAN-2025
OPTSTK,POONAWALLA,27-Feb-2025,2025-02-27,345.00,CE,0.00,0.00,0.00,18.25,9.05,0,0.00,0,0,06-JAN-2025
OPTSTK,BERGEPAINT,30-Jan-2025,2025-01-30,440.00,PE,4.95,9.50,4.95,8.10,8.10,362,2139.2085,198000,0,06-JAN-2025
OPTSTK,BERGEPAINT,30-Jan-2025,2025-01-30,480.00,CE,4.50,4.50,1.85,2.55,2.55,611,3892.33614,450120,-33000,06-JAN-2025
OPTSTK,BERGEPAINT,27-Feb-2025,2025-02-27,490.00,CE,0.00,0.00,0.00,32.95,4.05,0,0.00,0,0,06-JAN-2025
OPTSTK,BERGEPAINT,30-Jan-2025,2025-01-30,520.00,PE,0.00,0.00,0.00,19.15,70.15,0,0.00,0,0,06-JAN-2025
OPTSTK,POONAWALLA,30-Jan-2025,2025-01-30,300.00,PE,3.00,7.00,2.40,6.80,6.80,445,1966.47115,585800,23200,06-JAN-2025
OPTSTK,BERGEPAINT,30-Jan-2025,2025-01-30,425.00,PE,2.70,4.70,2.55,4.15,4.15,123,696.36732,68640,-3960,06-JAN-2025
OPTSTK,BERGEPAINT,27-Feb-2025,2025-02-27,500.00,CE,0.00,0.00,0.00,28.15,2.65,0,0.00,0,0,06-JAN-2025
OPTSTK,BERGEPAINT,30-Jan-2025,2025-01-30,450.00,CE,13.00,14.20,8.80,11.35,11.35,399,2426.16924,440880,36960,06-JAN-2025
OPTSTK,POONAWALLA,30-Jan-2025,2025-01-30,290.00,PE,1.90,4.10,1.50,3.95,3.95,136,576.922375,126150,-7250,06-JAN-2025
OPTSTK,POONAWALLA,27-Feb-2025,2025-02-27,290.00,CE,0.00,0.00,0.00,93.95,34.40,0,0.00,0,0,06-JAN-2025
OPTSTK,BERGEPAINT,30-Jan-2025,2025-01-30,580.00,PE,0.00,0.00,0.00,132.00,129.85,0,0.00,38280,0,06-JAN-2025
OPTSTK,POONAWALLA,27-Mar-2025,2025-03-27,300.00,CE,0.00,0.00,0.00,45.00,33.15,0,0.00,0,0,06-JAN-2025
OPTSTK,POONAWALLA,30-Jan-2025,2025-01-30,320.00,PE,12.55,16.55,7.40,15.95,15.95,271,1305.31392,479950,44950,06-JAN-2025
OPTSTK,DLF,30-Jan-2025,2025-01-30,870.00,PE,51.00,69.05,51.00,65.85,65.85,21,160.7595,254925,-6600,06-JAN-2025
OPTSTK,DLF,30-Jan-2025,2025-01-30,910.00,PE,77.80,83.60,77.80,83.60,102.80,4,32.65515,13200,2475,06-JAN-2025
OPTSTK,DLF,30-Jan-2025,2025-01-30,860.00,CE,12.80,13.70,6.60,7.60,7.60,1669,11963.5576,817575,72600,06-JAN-2025
OPTSTK,DLF,27-Feb-2025,2025-02-27,830.00,CE,34.30,36.05,25.00,25.00,32.65,14,99.2838,20625,825,06-JAN-2025
OPTSTK,DLF,27-Feb-2025,2025-02-27,920.00,CE,0.00,0.00,0.00,33.35,9.00,0,0.00,0,0,06-JAN-2025
OPTSTK,DLF,30-Jan-2025,2025-01-30,980.00,PE,0.00,0.00,0.00,164.45,170.10,0,0.00,0,0,06-JAN-2025
OPTSTK,DLF,27-Feb-2025,2025-02-27,800.00,CE,0.00,0.00,0.00,79.50,46.60,0,0.00,0,0,06-JAN-2025
OPTSTK,DLF,27-Feb-2025,2025-02-27,800.00,PE,20.45,30.65,19.00,29.40,29.40,49,333.658462,48675,14850,06-JAN-2025
OPTSTK,DLF,30-Jan-2025,2025-01-30,940.00,CE,1.40,1.45,0.80,0.95,0.95,215,1669.03522,182325,-9900,06-JAN-2025
OPTSTK,DLF,27-Feb-2025,2025-02-27,940.00,PE,0.00,0.00,0.00,107.00,131.60,0,0.00,825,0,06-JAN-2025
OPTSTK,DLF,27-Mar-2025,2025-03-27,820.00,CE,0.00,0.00,0.00,83.05,48.40,0,0.00,0,0,06-JAN-2025
OPTSTK,DLF,27-Feb-2025,2025-02-27,780.00,CE,0.00,0.00,0.00,90.40,57.90,0,0.00,0,0,06-JAN-2025
OPTSTK,DLF,27-Mar-2025,2025-03-27,780.00,PE,0.00,0.00,0.00,33.50,31.85,0,0.00,0,0,06-JAN-2025
OPTSTK,DLF,27-Mar-2025,2025-03-27,960.00,CE,0.00,0.00,0.00,30.25,10.30,0,0.00,0,0,06-JAN-2025
OPTSTK,DLF,30-Jan-2025,2025-01-30,780.00,CE,55.00,55.80,39.10,41.65,41.65,192,1305.98902,47025,-56100,06-JAN-2025
OPTSTK,DLF,27-Feb-2025,2025-02-27,960.00,PE,0.00,0.00,0.00,153.00,149.55,0,0.00,0,0,06-JAN-2025
OPTSTK,DLF,27-Mar-2025,2025-03-27,760.00,CE,0.00,0.00,0.00,119.35,81.45,0,0.00,0,0,06-JAN-2025
OPTSTK,DLF,27-Feb-2025,2025-02-27,880.00,CE,0.00,0.00,0.00,18.50,16.60,0,0.00,2475,0,06-JAN-2025
OPTSTK,DLF,27-Feb-2025,2025-02-27,870.00,PE,0.00,0.00,0.00,66.60,75.00,0,0.00,0,0,06-JAN-2025
OPTSTK,DLF,30-Jan-2025,2025-01-30,740.00,CE,76.60,76.60,76.60,76.60,73.90,1,6.73695,1650,825,06-JAN-2025
OPTSTK,DLF,30-Jan-2025,2025-01-30,740.00,PE,2.05,5.95,2.05,5.10,5.10,682,4187.52056,177375,36300,06-JAN-2025
OPTSTK,DLF,30-Jan-2025,2025-01-30,800.00,PE,10.70,23.30,9.30,21.10,21.10,3167,21397.8006,689700,104775,06-JAN-2025
OPTSTK,DLF,27-Mar-2025,2025-03-27,800.00,PE,0.00,0.00,0.00,41.05,40.55,0,0.00,0,0,06-JAN-2025
OPTSTK,DLF,30-Jan-2025,2025-01-30,930.00,CE,1.80,1.80,1.05,1.25,1.25,243,1867.04306,70125,-22275,06-JAN-2025
FUTSTK,DLF,27-Mar-2025,2025-03-27,,,837.00,837.00,814.00,821.20,821.20,28,189.46125,33000,9900,06-JAN-2025
OPTSTK,DLF,30-Jan-2025,2025-01-30,750.00,PE,2.25,7.55,2.20,6.50,6.50,1454,9062.47361,349800,26400,06-JAN-2025
OPTSTK,DLF,27-Feb-2025,2025-02-27,980.00,CE,0.00,0.00,0.00,9.00,3.20,0,0.00,825,0,06-JAN-2025
OPTSTK,DLF,27-Mar-2025,2025-03-27,900.00,PE,0.00,0.00,0.00,92.90,102.05,0,0.00,0,0,06-JAN-2025
OPTSTK,DLF,27-Feb-2025,2025-02-27,730.00,PE,0.00,0.00,0.00,12.50,9.95,0,0.00,0,0,06-JAN-2025
OPTSTK,DLF,30-Jan-2025,2025-01-30,730.00,CE,0.00,0.00,0.00,110.75,82.50,0,0.00,0,0,06-JAN-2025
OPTSTK,DLF,27-Feb-2025,2025-02-27,740.00,PE,0.00,0.00,0.00,27.90,12.15,0,0.00,0,0,06-JAN-2025
OPTSTK,DLF,30-Jan-2025,2025-01-30,760.00,CE,59.40,63.70,53.30,55.45,55.45,27,181.992937,46200,18975,06-JAN-2025
OPTSTK,DLF,30-Jan-2025,2025-01-30,760.00,PE,3.50,9.70,3.05,8.50,8.50,706,4466.78141,142725,9900,06-JAN-2025
OPTSTK,RELIANCE,27-Feb-2025,2025-02-27,1340.00,CE,14.70,14.70,8.70,8.95,8.95,104,702.253,99500,1500,06-JAN-2025
OPTSTK,RELIANCE,27-Mar-2025,2025-03-27,1340.00,PE,0.00,0.00,0.00,127.05,119.10,0,0.00,0,0,06-JAN-2025
OPTSTK,RELIANCE,30-Jan-2025,2025-01-30,1220.00,PE,11.15,24.85,8.70,23.35,23.35,12947,80111.4415,2389500,-57000,06-JAN-2025
OPTSTK,RELIANCE,27-Feb-2025,2025-02-27,1260.00,PE,36.80,56.05,34.50,54.00,54.00,34,221.26,51500,-500,06-JAN-2025
OPTSTK,RELIANCE,27-Feb-2025,2025-02-27,1100.00,CE,0.00,0.00,0.00,135.00,132.75,0,0.00,1000,0,06-JAN-2025
OPTSTK,RELIANCE,30-Jan-2025,2025-01-30,1100.00,CE,160.00,163.00,124.10,126.40,126.40,102,632.69975,107500,-10000,06-JAN-2025
OPTSTK,RELIANCE,30-Jan-2025,2025-01-30,1410.00,CE,1.00,1.15,0.75,0.80,0.80,437,3082.706,228500,68500,06-JAN-2025
OPTSTK,RELIANCE,27-Feb-2025,2025-02-27,1330.00,PE,0.00,0.00,0.00,116.25,109.45,0,0.00,0,0,06-JAN-2025
OPTSTK,RELIANCE,27-Feb-2025,2025-02-27,1080.00,PE,2.45,2.60,2.45,2.60,2.60,19,102.8445,23000,-7500,06-JAN-2025
OPTSTK,RELIANCE,30-Jan-2025,2025-01-30,1320.00,CE,5.80,7.55,3.00,3.15,3.15,5969,39533.9332,1858000,-3000,06-JAN-2025
OPTSTK,RELIANCE,27-Feb-2025,2025-02-27,1420.00,PE,0.00,0.00,0.00,148.50,190.40,0,0.00,0,0,06-JAN-2025
OPTSTK,RELIANCE,27-Mar-2025,2025-03-27,1080.00,PE,0.00,0.00,0.00,11.20,5.55,0,0.00,0,0,06-JAN-2025
OPTSTK,RELIANCE,27-Mar-2025,2025-03-27,1380.00,PE,0.00,0.00,0.00,157.75,151.90,0,0.00,0,0,06-JAN-2025
OPTSTK,RELIANCE,27-Feb-2025,2025-02-27,1180.00,PE,10.50,19.45,10.25,18.80,18.80,76,453.91375,63000,-5000,06-JAN-2025
OPTSTK,RELIANCE,27-Mar-2025,2025-03-27,1000.00,CE,0.00,0.00,0.00,237.65,233.60,0,0.00,0,0,06-JAN-2025
OPTSTK,RELIANCE,30-Jan-2025,2025-01-30,1430.00,CE,0.75,0.85,0.55,0.65,0.65,210,1502.24,111000,8000,06-JAN-2025
OPTSTK,RELIANCE,27-Feb-2025,2025-02-27,1090.00,PE,0.00,0.00,0.00,8.10,3.30,0,0.00,0,0,06-JAN-2025
OPTSTK,RELIANCE,27-Feb-2025,2025-02-27,1090.00,CE,0.00,0.00,0.00,148.30,141.75,0,0.00,0,0,06-JAN-2025
OPTSTK,RELIANCE,30-Jan-2025,2025-01-30,1090.00,CE,0.00,0.00,0.00,198.10,133.35,0,0.00,0,0,06-JAN-2025
OPTSTK,RELIANCE,30-Jan-2025,2025-01-30,1250.00,CE,29.65,34.75,14.40,15.05,15.05,26270,167261.299,6695500,1338000,06-JAN-2025
OPTSTK,RELIANCE,30-Jan-2025,2025-01-30,1000.00,PE,0.55,0.70,0.45,0.70,0.70,521,2606.4715,295000,26000,06-JAN-2025
OPTSTK,RELIANCE,27-Feb-2025,2025-02-27,1370.00,PE,0.00,0.00,0.00,148.40,144.05,0,0.00,0,0,06-JAN-2025
OPTSTK,RELIANCE,30-Jan-2025,2025-01-30,1110.00,PE,1.30,2.70,1.00,2.50,2.50,1028,5715.41775,311500,-15500,06-JAN-2025
OPTSTK,RELIANCE,30-Jan-2025,2025-01-30,1390.00,PE,0.00,0.00,0.00,160.00,166.20,0,0.00,15500,0,06-JAN-2025
OPTSTK,RELIANCE,30-Jan-2025,2025-01-30,1390.00,CE,1.30,1.60,0.95,1.00,1.00,621,4319.8615,171500,-3500,06-JAN-2025
OPTSTK,RELIANCE,30-Jan-2025,2025-01-30,1090.00,PE,0.85,1.75,0.70,1.65,1.65,443,2417.214,257000,-7500,06-JAN-2025
OPTSTK,RELIANCE,30-Jan-2025,2025-01-30,1400.00,CE,1.10,1.40,0.80,0.85,0.85,6446,45154.3885,5872000,46500,06-JAN-2025
OPTSTK,RELIANCE,30-Jan-2025,2025-01-30,1250.00,PE,21.90,41.70,16.90,39.65,39.65,9878,63067.1485,2531000,45000,06-JAN-2025
OPTSTK,RELIANCE,27-Feb-2025,2025-02-27,1480.00,CE,2.50,3.00,2.05,2.05,2.05,15,111.1785,14500,500,06-JAN-2025
OPTSTK,RELIANCE,27-Feb-2025,2025-02-27,1400.00,CE,6.85,7.35,4.50,4.65,4.65,1006,7070.27325,1116000,62500,06-JAN-2025
OPTSTK,RELIANCE,27-Feb-2025,2025-02-27,1060.00,CE,0.00,0.00,0.00,234.25,169.65,0,0.00,0,0,06-JAN-2025
OPTSTK,PIIND,27-Feb-2025,2025-02-27,3200.00,CE,0.00,0.00,0.00,910.65,442.50,0,0.00,0,0,06-JAN-2025
OPTSTK,PIIND,30-Jan-2025,2025-01-30,4300.00,PE,0.00,0.00,0.00,148.75,680.95,0,0.00,0,0,06-JAN-2025
OPTSTK,PIIND,30-Jan-2025,2025-01-30,4050.00,CE,12.95,13.80,9.90,10.85,10.85,23,116.767625,10500,-875,06-JAN-2025
OPTSTK,PIIND,30-Jan-2025,2025-01-30,4050.00,PE,0.00,0.00,0.00,179.45,435.10,0,0.00,0,0,06-JAN-2025
OPTSTK,PIIND,27-Feb-2025,2025-02-27,4050.00,CE,0.00,0.00,0.00,88.00,20.45,0,0.00,0,0,06-JAN-2025
OPTSTK,PIIND,27-Feb-2025,2025-02-27,3400.00,CE,0.00,0.00,0.00,730.50,276.25,0,0.00,0,0,06-JAN-2025
OPTSTK,PIIND,30-Jan-2025,2025-01-30,3800.00,PE,176.90,238.30,160.75,238.30,210.90,64,320.06775,25375,1625,06-JAN-2025
OPTSTK,PIIND,27-Mar-2025,2025-03-27,3800.00,PE,0.00,0.00,0.00,211.00,248.50,0,0.00,0,0,06-JAN-2025
OPTSTK,PIIND,30-Jan-2025,2025-01-30,3400.00,CE,242.70,242.70,235.45,235.45,233.80,3,13.642,875,375,06-JAN-2025
OPTSTK,PIIND,30-Jan-2025,2025-01-30,3400.00,PE,18.90,37.75,16.80,34.20,34.20,436,1866.17437,30875,-6375,06-JAN-2025
OPTSTK,PIIND,27-Mar-2025,2025-03-27,3400.00,CE,0.00,0.00,0.00,471.20,313.35,0,0.00,0,0,06-JAN-2025
OPTSTK,PIIND,30-Jan-2025,2025-01-30,3700.00,PE,107.25,167.05,97.40,154.70,154.70,366,1750.04956,53250,-6375,06-JAN-2025
OPTSTK,PIIND,27-Mar-2025,2025-03-27,3600.00,CE,0.00,0.00,0.00,334.45,190.15,0,0.00,0,0,06-JAN-2025
OPTSTK,PIIND,27-Feb-2025,2025-02-27,4300.00,CE,0.00,0.00,0.00,167.75,4.75,0,0.00,0,0,06-JAN-2025
OPTSTK,PIIND,30-Jan-2025,2025-01-30,3700.00,CE,94.95,105.50,64.10,71.30,71.30,2722,12887.4782,99875,16375,06-JAN-2025
OPTSTK,PIIND,30-Jan-2025,2025-01-30,3250.00,PE,0.00,0.00,0.00,5.75,3.80,0,0.00,0,0,06-JAN-2025
OPTSTK,PIIND,27-Feb-2025,2025-02-27,4150.00,PE,0.00,0.00,0.00,416.05,521.85,0,0.00,0,0,06-JAN-2025
OPTSTK,PIIND,30-Jan-2025,2025-01-30,3550.00,CE,179.70,179.70,133.10,141.45,141.45,55,254.726437,1250,1000,06-JAN-2025
OPTSTK,PIIND,30-Jan-2025,2025-01-30,3500.00,CE,198.85,202.90,163.95,170.00,157.80,22,101.224187,3125,1000,06-JAN-2025
OPTSTK,PIIND,27-Mar-2025,2025-03-27,3500.00,PE,0.00,0.00,0.00,90.25,95.50,0,0.00,0,0,06-JAN-2025
OPTSTK,PIIND,30-Jan-2025,2025-01-30,3650.00,PE,90.30,135.10,76.90,126.65,126.65,191,896.015562,17000,3375,06-JAN-2025
OPTSTK,PIIND,27-Feb-2025,2025-02-27,3400.00,PE,0.00,0.00,0.00,26.65,43.50,0,0.00,0,0,06-JAN-2025
OPTSTK,PIIND,27-Mar-2025,2025-03-27,3400.00,PE,0.00,0.00,0.00,63.80,63.20,0,0.00,0,0,06-JAN-2025
OPTSTK,PIIND,27-Mar-2025,2025-03-27,4100.00,PE,0.00,0.00,0.00,393.70,474.95,0,0.00,0,0,06-JAN-2025
OPTSTK,PIIND,27-Feb-2025,2025-02-27,4100.00,PE,0.00,0.00,0.00,233.35,476.15,0,0.00,0,0,06-JAN-2025
OPTSTK,PIIND,30-Jan-2025,2025-01-30,4150.00,CE,7.85,7.85,5.75,5.75,1.15,10,51.968625,9750,-500,06-JAN-2025
OPTSTK,PIIND,30-Jan-2025,2025-01-30,4150.00,PE,0.00,0.00,0.00,231.75,532.55,0,0.00,0,0,06-JAN-2025
OPTSTK,PIIND,30-Jan-2025,2025-01-30,3200.00,PE,7.00,10.15,7.00,10.15,2.00,7,28.0685,5250,0,06-JAN-2025
OPTSTK,PIIND,30-Jan-2025,2025-01-30,3850.00,CE,42.95,47.15,28.05,31.40,31.40,55,267.234687,15375,-875,06-JAN-2025
OPTSTK,PIIND,27-Feb-2025,2025-02-27,4050.00,PE,0.00,0.00,0.00,341.20,431.50,0,0.00,0,0,06-JAN-2025
OPTSTK,PIIND,27-Feb-2025,2025-02-27,4000.00,CE,0.00,0.00,0.00,300.30,26.60,0,0.00,0,0,06-JAN-2025
OPTSTK,PIIND,27-Feb-2025,2025-02-27,3100.00,CE,0.00,0.00,0.00,1004.50,535.00,0,0.00,0,0,06-JAN-2025
OPTSTK,BEL,30-Jan-2025,2025-01-30,350.00,PE,0.00,0.00,0.00,55.00,66.40,0,0.00,62700,0,06-JAN-2025
OPTSTK,BEL,27-Mar-2025,2025-03-27,330.00,CE,0.00,0.00,0.00,14.45,5.55,0,0.00,0,0,06-JAN-2025
OPTSTK,BEL,30-Jan-2025,2025-01-30,330.00,PE,44.00,47.70,44.00,47.70,47.70,6,64.197675,510150,0,06-JAN-2025
OPTSTK,BEL,27-Feb-2025,2025-02-27,330.00,CE,2.75,3.20,2.45,2.60,2.60,34,322.319325,82650,0,06-JAN-2025
OPTSTK,BEL,30-Jan-2025,2025-01-30,325.00,PE,0.00,0.00,0.00,28.75,42.25,0,0.00,504450,0,06-JAN-2025
OPTSTK,BEL,30-Jan-2025,2025-01-30,325.00,CE,1.10,1.15,0.60,0.70,0.70,755,7009.38832,3300300,171000,06-JAN-2025
OPTSTK,BEL,27-Feb-2025,2025-02-27,325.00,CE,3.90,3.90,3.65,3.65,3.65,2,18.740175,11400,2850,06-JAN-2025
OPTSTK,BEL,30-Jan-2025,2025-01-30,270.00,CE,22.00,23.50,16.75,17.25,17.25,60,494.165775,840750,22800,06-JAN-2025
OPTSTK,BEL,27-Feb-2025,2025-02-27,275.00,PE,8.30,8.30,8.30,8.30,10.50,1,8.07405,88350,0,06-JAN-2025
OPTSTK,BEL,30-Jan-2025,2025-01-30,260.00,CE,32.05,32.05,24.65,24.65,24.65,14,114.9177,122550,19950,06-JAN-2025
OPTSTK,BEL,27-Feb-2025,2025-02-27,260.00,CE,0.00,0.00,0.00,57.70,30.00,0,0.00,0,0,06-JAN-2025
OPTSTK,BEL,30-Jan-2025,2025-01-30,275.00,PE,2.80,6.65,2.50,6.05,6.05,2129,16961.8434,1903800,128250,06-JAN-2025
OPTSTK,BEL,27-Feb-2025,2025-02-27,315.00,CE,0.00,0.00,0.00,14.55,5.25,0,0.00,0,0,06-JAN-2025
OPTSTK,BEL,27-Feb-2025,2025-02-27,315.00,PE,0.00,0.00,0.00,24.50,35.10,0,0.00,5700,0,06-JAN-2025
OPTSTK,BEL,27-Mar-2025,2025-03-27,250.00,PE,0.00,0.00,0.00,6.25,5.15,0,0.00,0,0,06-JAN-2025
OPTSTK,BEL,30-Jan-2025,2025-01-30,285.00,CE,12.80,13.40,8.05,8.50,8.50,970,8141.6007,1045950,518700,06-JAN-2025
OPTSTK,BEL,30-Jan-2025,2025-01-30,285.00,PE,5.80,11.40,5.20,10.40,10.40,2606,21778.2721,2126100,151050,06-JAN-2025
OPTSTK,BEL,27-Mar-2025,2025-03-27,340.00,CE,0.00,0.00,0.00,11.85,4.05,0,0.00,0,0,06-JAN-2025
OPTSTK,BEL,30-Jan-2025,2025-01-30,340.00,CE,0.40,0.45,0.30,0.35,0.35,356,3453.3507,2100450,74100,06-JAN-2025
OPTSTK,BEL,27-Mar-2025,2025-03-27,270.00,CE,0.00,0.00,0.00,41.90,27.40,0,0.00,0,0,06-JAN-2025
OPTSTK,BEL,30-Jan-2025,2025-01-30,255.00,CE,0.00,0.00,0.00,57.80,29.80,0,0.00,0,0,06-JAN-2025
OPTSTK,BEL,30-Jan-2025,2025-01-30,265.00,PE,1.55,3.55,1.15,3.20,3.20,1296,9877.75515,792300,-5700,06-JAN-2025
OPTSTK,BEL,27-Feb-2025,2025-02-27,265.00,PE,0.00,0.00,0.00,3.25,6.85,0,0.00,8550,0,06-JAN-2025
OPTSTK,BEL,27-Mar-2025,2025-03-27,300.00,PE,0.00,0.00,0.00,24.90,26.70,0,0.00,0,0,06-JAN-2025
OPTSTK,BEL,30-Jan-2025,2025-01-30,250.00,PE,0.40,1.25,0.40,1.15,1.15,819,5854.71652,1405050,532950,06-JAN-2025
OPTSTK,BEL,27-Mar-2025,2025-03-27,280.00,CE,0.00,0.00,0.00,35.80,21.85,0,0.00,0,0,06-JAN-2025
OPTSTK,BEL,30-Jan-2025,2025-01-30,330.00,CE,0.75,0.75,0.50,0.55,0.55,734,6915.30127,2684700,22800,06-JAN-2025
OPTSTK,BEL,27-Mar-2025,2025-03-27,330.00,PE,0.00,0.00,0.00,43.30,48.55,0,0.00,0,0,06-JAN-2025
OPTSTK,BEL,27-Feb-2025,2025-02-27,290.00,PE,14.20,18.20,14.20,18.20,17.95,7,60.97575,65550,8550,06-JAN-2025
OPTSTK,BEL,30-Jan-2025,2025-01-30,305.00,PE,15.75,24.95,15.75,24.70,24.70,143,1329.58057,837900,-108300,06-JAN-2025
OPTSTK,BEL,27-Mar-2025,2025-03-27,290.00,CE,0.00,0.00,0.00,30.35,17.15,0,0.00,0,0,06-JAN-2025
OPTSTK,BEL,30-Jan-2025,2025-01-30,290.00,CE,10.60,10.70,6.10,6.45,6.45,2466,20928.4662,3223350,1026000,06-JAN-2025
OPTSTK,LALPATHLAB,27-Feb-2025,2025-02-27,2850.00,CE,0.00,0.00,0.00,239.60,230.85,0,0.00,0,0,06-JAN-2025
OPTSTK,LALPATHLAB,30-Jan-2025,2025-01-30,2850.00,CE,169.00,186.45,169.00,186.45,188.85,24,108.82905,2850,1800,06-JAN-2025
OPTSTK,LALPATHLAB,27-Feb-2025,2025-02-27,2850.00,PE,0.00,0.00,0.00,99.30,53.05,0,0.00,0,0,06-JAN-2025
OPTSTK,LALPATHLAB,30-Jan-2025,2025-01-30,3400.00,CE,6.10,29.45,6.10,17.65,17.65,3348,17167.8310,40200,32250,06-JAN-2025
OPTSTK,LALPATHLAB,30-Jan-2025,2025-01-30,2950.00,CE,105.00,196.45,87.70,148.40,148.40,969,4473.55267,16950,-1500,06-JAN-2025
OPTSTK,LALPATHLAB,30-Jan-2025,2025-01-30,3050.00,CE,54.25,139.05,47.85,96.60,96.60,4820,22770.0860,93150,67050,06-JAN-2025
OPTSTK,LALPATHLAB,27-Feb-2025,2025-02-27,3050.00,CE,0.00,0.00,0.00,138.20,116.20,0,0.00,0,0,06-JAN-2025
OPTSTK,LALPATHLAB,27-Feb-2025,2025-02-27,2950.00,PE,0.00,0.00,0.00,142.55,88.60,0,0.00,0,0,06-JAN-2025
OPTSTK,LALPATHLAB,27-Feb-2025,2025-02-27,2900.00,CE,0.00,0.00,0.00,269.55,197.55,0,0.00,0,0,06-JAN-2025
OPTSTK,LALPATHLAB,27-Feb-2025,2025-02-27,2900.00,PE,0.00,0.00,0.00,136.65,69.30,0,0.00,0,0,06-JAN-2025
FUTSTK,LALPATHLAB,30-Jan-2025,2025-01-30,,,2998.80,3092.20,2965.55,3012.80,3012.80,12532,56858.9319,1128900,417900,06-JAN-2025
OPTSTK,LALPATHLAB,30-Jan-2025,2025-01-30,3000.00,PE,69.35,116.25,69.35,104.35,104.35,2243,10407.7193,73800,30300,06-JAN-2025
OPTSTK,LALPATHLAB,27-Feb-2025,2025-02-27,3600.00,PE,0.00,0.00,0.00,599.20,572.25,0,0.00,0,0,06-JAN-2025
OPTSTK,LALPATHLAB,30-Jan-2025,2025-01-30,3400.00,PE,0.00,0.00,0.00,438.05,388.70,0,0.00,1650,0,06-JAN-2025
OPTSTK,LALPATHLAB,27-Feb-2025,2025-02-27,2400.00,CE,0.00,0.00,0.00,640.65,624.75,0,0.00,0,0,06-JAN-2025
OPTSTK,LALPATHLAB,30-Jan-2025,2025-01-30,3200.00,PE,193.20,246.30,181.90,222.00,222.00,41,209.588475,12900,450,06-JAN-2025
OPTSTK,LALPATHLAB,30-Jan-2025,2025-01-30,3100.00,CE,38.00,114.95,32.00,76.40,76.40,6867,32725.5832,144600,108600,06-JAN-2025
OPTSTK,LALPATHLAB,30-Jan-2025,2025-01-30,2400.00,CE,0.00,0.00,0.00,766.70,611.15,0,0.00,0,0,06-JAN-2025
OPTSTK,LALPATHLAB,27-Feb-2025,2025-02-27,2500.00,CE,0.00,0.00,0.00,554.10,528.20,0,0.00,0,0,06-JAN-2025
OPTSTK,LALPATHLAB,27-Feb-2025,2025-02-27,2500.00,PE,0.00,0.00,0.00,28.40,3.80,0,0.00,0,0,06-JAN-2025
OPTSTK,LALPATHLAB,27-Feb-2025,2025-02-27,2700.00,PE,0.00,0.00,0.00,68.55,20.55,0,0.00,0,0,06-JAN-2025
OPTSTK,LALPATHLAB,27-Feb-2025,2025-02-27,2600.00,PE,0.00,0.00,0.00,45.30,9.45,0,0.00,0,0,06-JAN-2025
OPTSTK,LALPATHLAB,30-Jan-2025,2025-01-30,2600.00,CE,0.00,0.00,0.00,590.00,413.40,0,0.00,0,0,06-JAN-2025
OPTSTK,LALPATHLAB,27-Feb-2025,2025-02-27,3100.00,CE,0.00,0.00,0.00,172.40,95.25,0,0.00,0,0,06-JAN-2025
OPTSTK,LALPATHLAB,30-Jan-2025,2025-01-30,3250.00,CE,10.50,59.15,9.55,37.20,37.20,891,4393.1925,36000,25950,06-JAN-2025
OPTSTK,LALPATHLAB,27-Feb-2025,2025-02-27,3300.00,PE,0.00,0.00,0.00,364.20,306.45,0,0.00,0,0,06-JAN-2025
OPTSTK,LALPATHLAB,27-Feb-2025,2025-02-27,3000.00,PE,128.15,150.00,100.00,150.00,111.00,6,28.1085,750,450,06-JAN-2025
OPTSTK,LALPATHLAB,30-Jan-2025,2025-01-30,3200.00,CE,20.00,73.75,15.00,47.40,47.40,5572,27125.5551,142200,63450,06-JAN-2025
OPTSTK,LALPATHLAB,27-Feb-2025,2025-02-27,3200.00,CE,0.00,0.00,0.00,135.00,61.90,0,0.00,0,0,06-JAN-2025
OPTSTK,LALPATHLAB,30-Jan-2025,2025-01-30,2400.00,PE,0.00,0.00,0.00,10.55,0.05,0,0.00,0,0,06-JAN-2025
OPTSTK,LALPATHLAB,30-Jan-2025,2025-01-30,2500.00,CE,0.00,0.00,0.00,676.40,511.85,0,0.00,0,0,06-JAN-2025
OPTSTK,LAURUSLABS,30-Jan-2025,2025-01-30,700.00,PE,0.00,0.00,0.00,179.25,97.90,0,0.00,0,0,06-JAN-2025
OPTSTK,LAURUSLABS,27-Feb-2025,2025-02-27,650.00,PE,0.00,0.00,0.00,83.20,56.20,0,0.00,0,0,06-JAN-2025
OPTSTK,LAURUSLABS,30-Jan-2025,2025-01-30,650.00,CE,7.70,7.95,5.30,6.40,6.40,521,5812.7403,984300,95200,06-JAN-2025
OPTSTK,LAURUSLABS,30-Jan-2025,2025-01-30,560.00,CE,50.00,50.00,48.00,48.00,46.50,2,20.706,205700,0,06-JAN-2025
OPTSTK,LAURUSLABS,30-Jan-2025,2025-01-30,520.00,PE,1.25,2.15,1.00,1.85,1.85,180,1596.62385,311100,-10200,06-JAN-2025
OPTSTK,LAURUSLABS,30-Jan-2025,2025-01-30,550.00,PE,3.30,5.70,3.20,5.05,5.05,243,2291.65185,414800,78200,06-JAN-2025
OPTSTK,LAURUSLABS,27-Feb-2025,2025-02-27,670.00,PE,0.00,0.00,0.00,99.50,71.80,0,0.00,0,0,06-JAN-2025
OPTSTK,LAURUSLABS,27-Feb-2025,2025-02-27,580.00,CE,0.00,0.00,0.00,33.90,41.65,0,0.00,0,0,06-JAN-2025
OPTSTK,LAURUSLABS,30-Jan-2025,2025-01-30,580.00,PE,8.45,13.60,7.60,12.10,12.10,428,4299.84825,632400,-35700,06-JAN-2025
OPTSTK,LAURUSLABS,27-Feb-2025,2025-02-27,500.00,CE,0.00,0.00,0.00,76.90,105.70,0,0.00,0,0,06-JAN-2025
OPTSTK,LAURUSLABS,30-Jan-2025,2025-01-30,480.00,PE,0.45,0.45,0.45,0.45,0.05,2,16.3353,156400,3400,06-JAN-2025
OPTSTK,LAURUSLABS,27-Feb-2025,2025-02-27,550.00,CE,0.00,0.00,0.00,49.65,62.50,0,0.00,0,0,06-JAN-2025
OPTSTK,LAURUSLABS,27-Feb-2025,2025-02-27,550.00,PE,0.00,0.00,0.00,7.20,7.70,0,0.00,6800,0,06-JAN-2025
OPTSTK,LAURUSLABS,27-Feb-2025,2025-02-27,640.00,PE,0.00,0.00,0.00,93.00,49.05,0,0.00,0,0,06-JAN-2025
OPTSTK,LAURUSLABS,27-Mar-2025,2025-03-27,580.00,CE,0.00,0.00,0.00,42.55,49.60,0,0.00,0,0,06-JAN-2025
OPTSTK,LAURUSLABS,27-Feb-2025,2025-02-27,630.00,CE,0.00,0.00,0.00,21.95,17.85,0,0.00,25500,0,06-JAN-2025
OPTSTK,LAURUSLABS,27-Mar-2025,2025-03-27,600.00,PE,0.00,0.00,0.00,52.65,30.30,0,0.00,0,0,06-JAN-2025
OPTSTK,LAURUSLABS,27-Mar-2025,2025-03-27,600.00,CE,0.00,0.00,0.00,34.10,38.65,0,0.00,0,0,06-JAN-2025
OPTSTK,LAURUSLABS,27-Feb-2025,2025-02-27,590.00,PE,0.00,0.00,0.00,41.70,20.60,0,0.00,0,0,06-JAN-2025
OPTSTK,LAURUSLABS,30-Jan-2025,2025-01-30,510.00,PE,1.45,1.55,1.30,1.30,0.30,9,78.26035,102000,-13600,06-JAN-2025
OPTSTK,LAURUSLABS,30-Jan-2025,2025-01-30,620.00,CE,17.40,18.35,12.10,14.45,14.45,1171,12635.2551,1224000,127500,06-JAN-2025
OPTSTK,LAURUSLABS,30-Jan-2025,2025-01-30,560.00,PE,4.30,7.70,4.10,6.85,6.85,302,2907.63665,612000,-23800,06-JAN-2025
OPTSTK,LAURUSLABS,27-Feb-2025,2025-02-27,670.00,CE,0.00,0.00,0.00,8.50,7.80,0,0.00,0,0,06-JAN-2025
OPTSTK,LAURUSLABS,27-Feb-2025,2025-02-27,680.00,CE,0.00,0.00,0.00,9.40,6.20,0,0.00,0,0,06-JAN-2025
OPTSTK,LAURUSLABS,30-Jan-2025,2025-01-30,680.00,CE,3.00,3.30,2.25,2.75,2.75,407,4724.2099,387600,-35700,06-JAN-2025
OPTSTK,LAURUSLABS,30-Jan-2025,2025-01-30,660.00,CE,5.95,5.95,3.95,4.70,4.70,492,5559.3281,941800,25500,06-JAN-2025
OPTSTK,LAURUSLABS,30-Jan-2025,2025-01-30,530.00,CE,0.00,0.00,0.00,65.00,72.90,0,0.00,3400,0,06-JAN-2025
OPTSTK,LAURUSLABS,30-Jan-2025,2025-01-30,670.00,PE,0.00,0.00,0.00,61.90,69.55,0,0.00,6800,0,06-JAN-2025
OPTSTK,LAURUSLABS,30-Jan-2025,2025-01-30,670.00,CE,4.30,4.30,3.00,3.55,3.55,131,1499.95165,83300,8500,06-JAN-2025
OPTSTK,LAURUSLABS,30-Jan-2025,2025-01-30,500.00,PE,0.75,1.20,0.70,0.90,0.90,207,1762.68495,537200,202300,06-JAN-2025
OPTSTK,LAURUSLABS,27-Feb-2025,2025-02-27,530.00,CE,0.00,0.00,0.00,62.35,78.75,0,0.00,0,0,06-JAN-2025
OPTSTK,ABB,27-Mar-2025,2025-03-27,7600.00,CE,0.00,0.00,0.00,386.85,155.45,0,0.00,0,0,06-JAN-2025
OPTSTK,ABB,27-Feb-2025,2025-02-27,5800.00,CE,0.00,0.00,0.00,1774.25,937.10,0,0.00,0,0,06-JAN-2025
OPTSTK,ABB,27-Feb-2025,2025-02-27,5800.00,PE,0.00,0.00,0.00,74.80,61.35,0,0.00,0,0,06-JAN-2025
OPTSTK,ABB,30-Jan-2025,2025-01-30,8600.00,CE,0.00,0.00,0.00,9.05,0.50,0,0.00,125,0,06-JAN-2025
OPTSTK,ABB,27-Mar-2025,2025-03-27,7400.00,CE,0.00,0.00,0.00,455.90,200.45,0,0.00,0,0,06-JAN-2025
OPTSTK,ABB,30-Jan-2025,2025-01-30,7400.00,PE,0.00,0.00,0.00,617.05,784.50,0,0.00,23250,0,06-JAN-2025
OPTSTK,ABB,30-Jan-2025,2025-01-30,7400.00,CE,37.60,39.40,21.10,22.70,22.70,503,4671.00587,98250,5500,06-JAN-2025
OPTSTK,ABB,27-Feb-2025,2025-02-27,6400.00,PE,0.00,0.00,0.00,100.00,223.35,0,0.00,500,0,06-JAN-2025
OPTSTK,ABB,30-Jan-2025,2025-01-30,6400.00,CE,481.65,481.65,322.70,332.75,332.75,7,59.3570625,625,375,06-JAN-2025
OPTSTK,ABB,30-Jan-2025,2025-01-30,7100.00,PE,410.00,520.00,410.00,520.00,520.00,7,66.1435,6500,-125,06-JAN-2025
OPTSTK,ABB,30-Jan-2025,2025-01-30,7600.00,CE,25.45,25.45,12.90,14.20,14.20,225,2142.22225,28375,0,06-JAN-2025
OPTSTK,ABB,27-Mar-2025,2025-03-27,6600.00,CE,0.00,0.00,0.00,831.60,495.60,0,0.00,0,0,06-JAN-2025
OPTSTK,ABB,30-Jan-2025,2025-01-30,6600.00,PE,110.00,194.10,106.40,176.35,176.35,1505,12739.9181,86875,69250,06-JAN-2025
OPTSTK,ABB,27-Feb-2025,2025-02-27,6600.00,CE,0.00,0.00,0.00,1156.95,394.65,0,0.00,0,0,06-JAN-2025
OPTSTK,ABB,30-Jan-2025,2025-01-30,6700.00,CE,255.90,255.90,148.65,170.75,170.75,755,6503.61418,33000,23625,06-JAN-2025
OPTSTK,ABB,27-Feb-2025,2025-02-27,6700.00,PE,0.00,0.00,0.00,332.20,361.90,0,0.00,0,0,06-JAN-2025
OPTSTK,ABB,27-Feb-2025,2025-02-27,6700.00,CE,0.00,0.00,0.00,661.50,346.25,0,0.00,0,0,06-JAN-2025
OPTSTK,ABB,30-Jan-2025,2025-01-30,6700.00,PE,141.00,248.85,140.10,228.70,228.70,1672,14422.2677,28500,-20750,06-JAN-2025
OPTSTK,ABB,30-Jan-2025,2025-01-30,9000.00,CE,4.00,4.00,4.00,4.00,4.00,7,78.785,5375,875,06-JAN-2025
OPTSTK,ABB,30-Jan-2025,2025-01-30,7800.00,PE,0.00,0.00,0.00,790.00,1155.70,0,0.00,125,0,06-JAN-2025
OPTSTK,ABB,30-Jan-2025,2025-01-30,7600.00,PE,0.00,0.00,0.00,714.00,966.40,0,0.00,1250,0,06-JAN-2025
OPTSTK,ABB,27-Feb-2025,2025-02-27,6300.00,CE,0.00,0.00,0.00,914.20,566.65,0,0.00,0,0,06-JAN-2025
OPTSTK,ABB,30-Jan-2025,2025-01-30,8200.00,CE,6.65,6.65,4.70,5.05,2.45,13,133.33,41750,625,06-JAN-2025
OPTSTK,ABB,27-Feb-2025,2025-02-27,8200.00,CE,0.00,0.00,0.00,380.85,27.10,0,0.00,0,0,06-JAN-2025
OPTSTK,ABB,27-Feb-2025,2025-02-27,5600.00,CE,0.00,0.00,0.00,1947.75,1109.15,0,0.00,0,0,06-JAN-2025
OPTSTK,ABB,30-Jan-2025,2025-01-30,6300.00,PE,36.15,84.05,36.15,77.30,77.30,190,1513.47287,15000,6875,06-JAN-2025
OPTSTK,ABB,27-Feb-2025,2025-02-27,7000.00,PE,0.00,0.00,0.00,382.50,539.55,0,0.00,0,0,06-JAN-2025
OPTSTK,ABB,30-Jan-2025,2025-01-30,7000.00,CE,120.00,123.80,67.30,72.85,72.85,1694,15016.2107,138125,19125,06-JAN-2025
OPTSTK,ABB,30-Jan-2025,2025-01-30,6100.00,CE,0.00,0.00,0.00,1444.90,600.25,0,0.00,0,0,06-JAN-2025
OPTSTK,ABB,27-Mar-2025,2025-03-27,6800.00,CE,0.00,0.00,0.00,721.85,402.25,0,0.00,0,0,06-JAN-2025
OPTSTK,ABB,30-Jan-2025,2025-01-30,6100.00,PE,22.40,45.55,22.40,42.45,42.45,45,345.301375,5125,875,06-JAN-2025
OPTSTK,ABB,27-Mar-2025,2025-03-27,6800.00,PE,0.00,0.00,0.00,453.75,482.15,0,0.00,0,0,06-JAN-2025
OPTSTK,ABB,27-Feb-2025,2025-02-27,6800.00,PE,0.00,0.00,0.00,307.55,416.90,0,0.00,0,0,06-JAN-2025
OPTIDX,FINNIFTY,30-Jan-2025,2025-01-30,24400.00,CE,180.50,197.90,102.50,112.85,112.85,2504,15364.0037,24100,-1575,06-JAN-2025
OPTIDX,FINNIFTY,27-Feb-2025,2025-02-27,24400.00,CE,0.00,0.00,0.00,1018.10,264.35,0,0.00,0,0,06-JAN-2025
OPTIDX,FINNIFTY,27-Feb-2025,2025-02-27,24400.00,PE,0.00,0.00,0.00,931.25,1113.00,0,0.00,0,0,06-JAN-2025
OPTIDX,FINNIFTY,27-Mar-2025,2025-03-27,24400.00,PE,0.00,0.00,0.00,1158.15,1153.70,0,0.00,0,0,06-JAN-2025
OPTIDX,FINNIFTY,30-Jan-2025,2025-01-30,22950.00,CE,818.00,834.95,702.85,702.85,671.50,29,171.943475,1100,500,06-JAN-2025
OPTIDX,FINNIFTY,30-Jan-2025,2025-01-30,24050.00,PE,499.00,829.80,471.50,807.85,807.85,261,1608.12408,8100,-250,06-JAN-2025
OPTIDX,FINNIFTY,27-Mar-2025,2025-03-27,25100.00,CE,0.00,0.00,0.00,444.50,243.05,0,0.00,0,0,06-JAN-2025
OPTIDX,FINNIFTY,27-Mar-2025,2025-03-27,25100.00,PE,0.00,0.00,0.00,1611.30,1656.60,0,0.00,0,0,06-JAN-2025
OPTIDX,FINNIFTY,30-Jan-2025,2025-01-30,25100.00,PE,0.00,0.00,0.00,1134.35,1693.75,0,0.00,0,0,06-JAN-2025
OPTIDX,FINNIFTY,27-Mar-2025,2025-03-27,21900.00,CE,0.00,0.00,0.00,2184.05,1886.40,0,0.00,0,0,06-JAN-2025
OPTIDX,FINNIFTY,27-Mar-2025,2025-03-27,21900.00,PE,0.00,0.00,0.00,204.40,146.95,0,0.00,0,0,06-JAN-2025
OPTIDX,FINNIFTY,27-Mar-2025,2025-03-27,22500.00,CE,0.00,0.00,0.00,1731.30,1424.30,0,0.00,0,0,06-JAN-2025
OPTIDX,FINNIFTY,27-Feb-2025,2025-02-27,22500.00,PE,0.00,0.00,0.00,266.65,197.20,0,0.00,0,0,06-JAN-2025
OPTIDX,FINNIFTY,30-Jan-2025,2025-01-30,22500.00,PE,55.05,142.15,48.85,123.15,123.15,11298,63814.6824,33175,-3000,06-JAN-2025
OPTIDX,FINNIFTY,27-Mar-2025,2025-03-27,22500.00,PE,0.00,0.00,0.00,341.60,276.00,0,0.00,0,0,06-JAN-2025
OPTIDX,FINNIFTY,27-Mar-2025,2025-03-27,23500.00,PE,0.00,0.00,0.00,693.70,643.55,0,0.00,0,0,06-JAN-2025
OPTIDX,FINNIFTY,30-Jan-2025,2025-01-30,22500.00,CE,1370.00,1370.00,1006.00,1056.70,1056.70,9,53.19535,225,225,06-JAN-2025
OPTIDX,FINNIFTY,27-Feb-2025,2025-02-27,21900.00,PE,0.00,0.00,0.00,159.90,87.40,0,0.00,0,0,06-JAN-2025
OPTIDX,FINNIFTY,27-Feb-2025,2025-02-27,21900.00,CE,0.00,0.00,0.00,2701.65,1714.85,0,0.00,0,0,06-JAN-2025
OPTIDX,FINNIFTY,30-Jan-2025,2025-01-30,26900.00,PE,0.00,0.00,0.00,2361.35,3463.20,0,0.00,0,0,06-JAN-2025
OPTIDX,FINNIFTY,27-Feb-2025,2025-02-27,26900.00,CE,0.00,0.00,0.00,247.25,9.55,0,0.00,0,0,06-JAN-2025
OPTIDX,FINNIFTY,27-Feb-2025,2025-02-27,22400.00,PE,0.00,0.00,0.00,245.95,174.05,0,0.00,0,0,06-JAN-2025
OPTIDX,FINNIFTY,30-Jan-2025,2025-01-30,21100.00,PE,6.75,14.60,6.65,12.10,12.10,2721,14361.3583,6425,-8475,06-JAN-2025
OPTIDX,FINNIFTY,30-Jan-2025,2025-01-30,23650.00,CE,494.85,549.00,308.60,331.15,331.15,5211,31335.8392,12875,3475,06-JAN-2025
OPTIDX,FINNIFTY,30-Jan-2025,2025-01-30,25800.00,CE,13.50,15.20,10.80,11.70,11.70,4203,27121.9175,27500,-4325,06-JAN-2025
OPTIDX,FINNIFTY,27-Feb-2025,2025-02-27,25800.00,PE,0.00,0.00,0.00,1774.60,2284.75,0,0.00,0,0,06-JAN-2025
OPTIDX,FINNIFTY,30-Jan-2025,2025-01-30,25800.00,PE,0.00,0.00,0.00,1560.35,2372.10,0,0.00,0,0,06-JAN-2025
OPTIDX,FINNIFTY,27-Mar-2025,2025-03-27,23700.00,PE,0.00,0.00,0.00,784.85,742.35,0,0.00,0,0,06-JAN-2025
OPTIDX,FINNIFTY,30-Jan-2025,2025-01-30,23700.00,CE,485.20,539.00,288.00,308.15,308.15,11561,69647.776,35775,11400,06-JAN-2025
OPTIDX,FINNIFTY,30-Jan-2025,2025-01-30,23750.00,PE,347.05,650.00,326.05,605.50,605.50,7216,43565.6555,17725,-5400,06-JAN-2025
OPTIDX,FINNIFTY,30-Jan-2025,2025-01-30,24800.00,CE,90.85,100.00,52.55,55.80,55.80,5196,32301.7538,70200,33825,06-JAN-2025
OPTSTK,LICHSGFIN,27-Feb-2025,2025-02-27,600.00,PE,22.85,26.50,21.75,26.50,26.50,10,62.381,23000,5000,06-JAN-2025
OPTSTK,LICHSGFIN,30-Jan-2025,2025-01-30,580.00,CE,32.70,32.70,24.45,26.00,26.00,59,358.073,110000,-7000,06-JAN-2025
FUTSTK,LICHSGFIN,30-Jan-2025,2025-01-30,,,614.50,614.50,592.00,595.25,595.25,4424,26517.625,24403000,-366000,06-JAN-2025
OPTSTK,LICHSGFIN,30-Jan-2025,2025-01-30,640.00,PE,0.00,0.00,0.00,33.75,48.85,0,0.00,44000,0,06-JAN-2025
FUTSTK,LICHSGFIN,27-Feb-2025,2025-02-27,,,616.20,617.40,596.65,598.40,598.40,191,1153.483,681000,13000,06-JAN-2025
OPTSTK,LICHSGFIN,27-Feb-2025,2025-02-27,670.00,CE,0.00,0.00,0.00,14.45,8.00,0,0.00,0,0,06-JAN-2025
OPTSTK,LICHSGFIN,30-Jan-2025,2025-01-30,680.00,CE,1.40,1.45,0.75,0.80,0.80,245,1668.47,164000,-26000,06-JAN-2025
OPTSTK,LICHSGFIN,30-Jan-2025,2025-01-30,680.00,PE,0.00,0.00,0.00,63.70,84.10,0,0.00,95000,0,06-JAN-2025
OPTSTK,LICHSGFIN,30-Jan-2025,2025-01-30,650.00,CE,4.50,4.80,2.20,2.35,2.35,1034,6751.6475,542000,15000,06-JAN-2025
OPTSTK,LICHSGFIN,30-Jan-2025,2025-01-30,650.00,PE,59.00,59.00,58.70,58.95,57.10,3,21.2665,251000,0,06-JAN-2025
OPTSTK,LICHSGFIN,27-Feb-2025,2025-02-27,700.00,CE,0.00,0.00,0.00,31.45,4.10,0,0.00,0,0,06-JAN-2025
OPTSTK,LICHSGFIN,30-Jan-2025,2025-01-30,660.00,CE,3.60,3.60,1.45,1.55,1.55,523,3461.9785,235000,-6000,06-JAN-2025
OPTSTK,LICHSGFIN,27-Feb-2025,2025-02-27,570.00,PE,0.00,0.00,0.00,26.55,16.25,0,0.00,0,0,06-JAN-2025
OPTSTK,LICHSGFIN,30-Jan-2025,2025-01-30,600.00,PE,10.95,21.75,10.35,19.45,19.45,1185,7305.9055,728000,84000,06-JAN-2025
OPTSTK,LICHSGFIN,30-Jan-2025,2025-01-30,570.00,CE,35.00,36.50,31.50,33.00,33.00,21,126.6345,55000,-4000,06-JAN-2025
OPTSTK,LICHSGFIN,30-Jan-2025,2025-01-30,570.00,PE,4.10,8.80,3.40,7.80,7.80,790,4551.7945,302000,-9000,06-JAN-2025
OPTSTK,LICHSGFIN,30-Jan-2025,2025-01-30,590.00,CE,29.70,29.70,18.45,19.75,19.75,242,1479.1385,214000,27000,06-JAN-2025
OPTSTK,LICHSGFIN,27-Mar-2025,2025-03-27,600.00,CE,0.00,0.00,0.00,35.00,38.00,0,0.00,3000,0,06-JAN-2025
OPTSTK,LICHSGFIN,27-Mar-2025,2025-03-27,620.00,CE,0.00,0.00,0.00,37.75,29.30,0,0.00,0,0,06-JAN-2025
OPTSTK,LICHSGFIN,27-Mar-2025,2025-03-27,560.00,CE,0.00,0.00,0.00,66.70,60.45,0,0.00,0,0,06-JAN-2025
OPTSTK,LICHSGFIN,30-Jan-2025,2025-01-30,500.00,CE,0.00,0.00,0.00,87.00,96.80,0,0.00,7000,0,06-JAN-2025
OPTSTK,LICHSGFIN,30-Jan-2025,2025-01-30,590.00,PE,7.75,16.35,7.30,14.85,14.85,914,5507.7565,611000,-18000,06-JAN-2025
OPTSTK,LICHSGFIN,27-Feb-2025,2025-02-27,500.00,PE,0.00,0.00,0.00,1.25,2.10,0,0.00,32000,0,06-JAN-2025
OPTSTK,LICHSGFIN,27-Mar-2025,2025-03-27,540.00,PE,0.00,0.00,0.00,21.15,12.00,0,0.00,0,0,06-JAN-2025
OPTSTK,LICHSGFIN,30-Jan-2025,2025-01-30,540.00,CE,0.00,0.00,0.00,114.95,59.45,0,0.00,0,0,06-JAN-2025
OPTSTK,LICHSGFIN,30-Jan-2025,2025-01-30,540.00,PE,1.20,3.10,1.20,2.65,2.65,402,2179.6465,238000,111000,06-JAN-2025
OPTSTK,LICHSGFIN,30-Jan-2025,2025-01-30,550.00,PE,1.85,4.35,1.85,3.85,3.85,741,4098.233,323000,-116000,06-JAN-2025
OPTSTK,LICHSGFIN,27-Feb-2025,2025-02-27,680.00,CE,0.00,0.00,0.00,38.10,6.45,0,0.00,0,0,06-JAN-2025
OPTSTK,LICHSGFIN,30-Jan-2025,2025-01-30,720.00,PE,110.50,110.50,110.50,110.50,122.75,1,8.305,59000,0,06-JAN-2025
OPTSTK,LICHSGFIN,30-Jan-2025,2025-01-30,720.00,CE,0.55,0.60,0.30,0.40,0.25,8,57.633,52000,1000,06-JAN-2025
OPTSTK,LICHSGFIN,30-Jan-2025,2025-01-30,480.00,PE,0.45,0.45,0.45,0.45,0.05,1,4.8045,2000,0,06-JAN-2025
OPTSTK,JINDALSTEL,30-Jan-2025,2025-01-30,890.00,PE,6.45,12.75,6.45,10.60,10.60,636,3575.68468,110000,26250,06-JAN-2025
OPTSTK,JINDALSTEL,27-Feb-2025,2025-02-27,980.00,PE,0.00,0.00,0.00,109.90,63.50,0,0.00,0,0,06-JAN-2025
OPTSTK,JINDALSTEL,27-Mar-2025,2025-03-27,840.00,PE,0.00,0.00,0.00,25.20,14.80,0,0.00,0,0,06-JAN-2025
OPTSTK,JINDALSTEL,30-Jan-2025,2025-01-30,910.00,CE,43.55,45.75,40.30,45.75,49.90,4,23.814375,39375,-1250,06-JAN-2025
OPTSTK,JINDALSTEL,27-Feb-2025,2025-02-27,1060.00,CE,0.00,0.00,0.00,24.50,11.70,0,0.00,0,0,06-JAN-2025
OPTSTK,JINDALSTEL,27-Feb-2025,2025-02-27,1060.00,PE,0.00,0.00,0.00,168.40,122.20,0,0.00,0,0,06-JAN-2025
OPTSTK,JINDALSTEL,30-Jan-2025,2025-01-30,1080.00,PE,0.00,0.00,0.00,147.00,137.60,0,0.00,42500,0,06-JAN-2025
OPTSTK,JINDALSTEL,27-Mar-2025,2025-03-27,920.00,CE,0.00,0.00,0.00,91.85,73.30,0,0.00,0,0,06-JAN-2025
OPTSTK,JINDALSTEL,27-Feb-2025,2025-02-27,1080.00,PE,0.00,0.00,0.00,184.40,139.15,0,0.00,0,0,06-JAN-2025
OPTSTK,JINDALSTEL,27-Feb-2025,2025-02-27,860.00,PE,0.00,0.00,0.00,44.95,12.85,0,0.00,0,0,06-JAN-2025
OPTSTK,JINDALSTEL,30-Jan-2025,2025-01-30,860.00,PE,3.15,6.30,3.05,5.40,5.40,526,2843.22406,204375,6250,06-JAN-2025
OPTSTK,JINDALSTEL,30-Jan-2025,2025-01-30,860.00,CE,79.40,79.40,79.40,79.40,88.00,1,5.87125,3125,0,06-JAN-2025
OPTSTK,JINDALSTEL,30-Jan-2025,2025-01-30,1020.00,CE,7.35,7.35,3.50,5.25,5.25,978,6263.6025,266250,73750,06-JAN-2025
OPTSTK,JINDALSTEL,27-Feb-2025,2025-02-27,940.00,PE,0.00,0.00,0.00,84.85,41.20,0,0.00,0,0,06-JAN-2025
OPTSTK,JINDALSTEL,27-Feb-2025,2025-02-27,940.00,CE,0.00,0.00,0.00,58.80,49.55,0,0.00,0,0,06-JAN-2025
OPTSTK,JINDALSTEL,30-Jan-2025,2025-01-30,940.00,PE,20.50,33.25,20.00,27.80,27.80,991,5987.14937,495625,5000,06-JAN-2025
OPTSTK,JINDALSTEL,30-Jan-2025,2025-01-30,940.00,CE,34.80,35.20,22.45,29.60,29.60,917,5550.21062,395000,40625,06-JAN-2025
OPTSTK,JINDALSTEL,30-Jan-2025,2025-01-30,900.00,CE,55.00,56.00,45.45,54.45,54.45,25,148.899687,39375,-5625,06-JAN-2025
OPTSTK,JINDALSTEL,27-Feb-2025,2025-02-27,900.00,CE,0.00,0.00,0.00,76.35,72.30,0,0.00,0,0,06-JAN-2025
OPTSTK,JINDALSTEL,27-Mar-2025,2025-03-27,840.00,CE,0.00,0.00,0.00,141.75,126.50,0,0.00,0,0,06-JAN-2025
OPTSTK,JINDALSTEL,27-Feb-2025,2025-02-27,1040.00,PE,0.00,0.00,0.00,152.85,106.05,0,0.00,0,0,06-JAN-2025
OPTSTK,JINDALSTEL,30-Jan-2025,2025-01-30,990.00,CE,13.45,13.50,7.30,10.65,10.65,407,2543.91812,121875,0,06-JAN-2025
OPTSTK,JINDALSTEL,27-Mar-2025,2025-03-27,1120.00,CE,0.00,0.00,0.00,23.65,11.10,0,0.00,0,0,06-JAN-2025
OPTSTK,JINDALSTEL,27-Feb-2025,2025-02-27,920.00,CE,0.00,0.00,0.00,67.15,60.25,0,0.00,0,0,06-JAN-2025
OPTSTK,JINDALSTEL,30-Jan-2025,2025-01-30,760.00,PE,0.00,0.00,0.00,12.35,0.10,0,0.00,0,0,06-JAN-2025
OPTSTK,JINDALSTEL,30-Jan-2025,2025-01-30,900.00,PE,8.40,15.90,8.15,13.10,13.10,1635,9323.82656,722500,38750,06-JAN-2025
OPTSTK,JINDALSTEL,27-Feb-2025,2025-02-27,900.00,PE,0.00,0.00,0.00,21.05,24.35,0,0.00,1250,0,06-JAN-2025
OPTSTK,JINDALSTEL,30-Jan-2025,2025-01-30,910.00,PE,11.00,19.10,10.40,15.90,15.90,737,4260.31343,118125,-10000,06-JAN-2025
OPTSTK,JINDALSTEL,27-Mar-2025,2025-03-27,1000.00,CE,0.00,0.00,0.00,55.75,37.60,0,0.00,0,0,06-JAN-2025
OPTSTK,JINDALSTEL,27-Feb-2025,2025-02-27,820.00,CE,0.00,0.00,0.00,122.15,133.15,0,0.00,0,0,06-JAN-2025
OPTSTK,JINDALSTEL,30-Jan-2025,2025-01-30,930.00,CE,41.00,41.15,27.45,35.05,35.05,376,2262.22968,171250,31875,06-JAN-2025
OPTSTK,COROMANDEL,27-Feb-2025,2025-02-27,1660.00,CE,0.00,0.00,0.00,228.55,297.55,0,0.00,0,0,06-JAN-2025
OPTSTK,GUJGASLTD,30-Jan-2025,2025-01-30,495.00,PE,7.10,9.60,6.85,8.60,8.60,98,616.421875,105000,-2500,06-JAN-2025
OPTSTK,COROMANDEL,30-Jan-2025,2025-01-30,1980.00,CE,51.00,57.00,37.05,42.45,42.45,390,2767.72755,69300,8400,06-JAN-2025
OPTSTK,GUJGASLTD,27-Feb-2025,2025-02-27,570.00,PE,0.00,0.00,0.00,66.05,61.45,0,0.00,0,0,06-JAN-2025
OPTSTK,COROMANDEL,27-Feb-2025,2025-02-27,1760.00,CE,0.00,0.00,0.00,126.90,208.10,0,0.00,0,0,06-JAN-2025
OPTSTK,COROMANDEL,27-Feb-2025,2025-02-27,2160.00,PE,0.00,0.00,0.00,384.20,217.85,0,0.00,0,0,06-JAN-2025
OPTSTK,COROMANDEL,30-Jan-2025,2025-01-30,2160.00,CE,7.75,8.00,4.85,6.50,6.50,98,742.886725,21000,-9450,06-JAN-2025
OPTSTK,COROMANDEL,27-Feb-2025,2025-02-27,2040.00,CE,0.00,0.00,0.00,35.75,43.55,0,0.00,0,0,06-JAN-2025
OPTSTK,GUJGASLTD,30-Jan-2025,2025-01-30,535.00,CE,5.20,5.50,4.20,5.25,5.25,77,519.6325,107500,12500,06-JAN-2025
OPTSTK,GUJGASLTD,27-Feb-2025,2025-02-27,535.00,CE,0.00,0.00,0.00,22.45,14.40,0,0.00,0,0,06-JAN-2025
OPTSTK,GUJGASLTD,30-Jan-2025,2025-01-30,495.00,CE,20.60,20.60,20.60,20.60,24.75,1,6.445,51250,-1250,06-JAN-2025
OPTSTK,COROMANDEL,27-Feb-2025,2025-02-27,2200.00,CE,0.00,0.00,0.00,15.10,11.70,0,0.00,0,0,06-JAN-2025
OPTSTK,COROMANDEL,30-Jan-2025,2025-01-30,2120.00,PE,0.00,0.00,0.00,424.75,178.95,0,0.00,0,0,06-JAN-2025
OPTSTK,COROMANDEL,27-Feb-2025,2025-02-27,2120.00,PE,0.00,0.00,0.00,349.50,184.95,0,0.00,0,0,06-JAN-2025
OPTSTK,GUJGASLTD,27-Feb-2025,2025-02-27,490.00,CE,0.00,0.00,0.00,44.05,36.20,0,0.00,0,0,06-JAN-2025
OPTSTK,COROMANDEL,30-Jan-2025,2025-01-30,1800.00,CE,0.00,0.00,0.00,175.00,153.60,0,0.00,19250,0,06-JAN-2025
OPTSTK,GUJGASLTD,30-Jan-2025,2025-01-30,430.00,PE,0.80,0.80,0.50,0.65,0.15,24,129.184375,260000,-6250,06-JAN-2025
OPTSTK,GUJGASLTD,30-Jan-2025,2025-01-30,430.00,CE,0.00,0.00,0.00,57.35,81.05,0,0.00,0,0,06-JAN-2025
OPTSTK,COROMANDEL,30-Jan-2025,2025-01-30,1660.00,CE,0.00,0.00,0.00,161.20,285.90,0,0.00,0,0,06-JAN-2025
OPTSTK,GUJGASLTD,30-Jan-2025,2025-01-30,520.00,CE,11.95,12.10,7.75,9.60,9.60,786,5198.74187,458750,-123750,06-JAN-2025
OPTSTK,COROMANDEL,27-Feb-2025,2025-02-27,1800.00,PE,0.00,0.00,0.00,119.90,20.25,0,0.00,0,0,06-JAN-2025
OPTSTK,COROMANDEL,30-Jan-2025,2025-01-30,1800.00,PE,7.00,12.55,6.75,10.75,10.75,247,1565.03777,66850,8400,06-JAN-2025
OPTSTK,GUJGASLTD,27-Feb-2025,2025-02-27,440.00,PE,0.00,0.00,0.00,4.10,2.05,0,0.00,21250,0,06-JAN-2025
OPTSTK,GUJGASLTD,30-Jan-2025,2025-01-30,440.00,CE,0.00,0.00,0.00,93.80,71.30,0,0.00,0,0,06-JAN-2025
OPTSTK,COROMANDEL,27-Feb-2025,2025-02-27,2080.00,CE,0.00,0.00,0.00,29.10,32.25,0,0.00,0,0,06-JAN-2025
OPTSTK,COROMANDEL,30-Jan-2025,2025-01-30,2160.00,PE,0.00,0.00,0.00,461.50,215.80,0,0.00,0,0,06-JAN-2025
OPTSTK,COROMANDEL,30-Jan-2025,2025-01-30,1740.00,PE,4.70,6.70,4.70,6.10,6.10,1529,9343.03055,143500,103950,06-JAN-2025
OPTSTK,GUJGASLTD,27-Feb-2025,2025-02-27,455.00,CE,0.00,0.00,0.00,67.95,62.25,0,0.00,0,0,06-JAN-2025
OPTSTK,COROMANDEL,27-Feb-2025,2025-02-27,2000.00,PE,0.00,0.00,0.00,251.95,100.30,0,0.00,0,0,06-JAN-2025
OPTSTK,COROMANDEL,27-Feb-2025,2025-02-27,1880.00,PE,0.00,0.00,0.00,167.10,42.75,0,0.00,0,0,06-JAN-2025
OPTSTK,COROMANDEL,30-Jan-2025,2025-01-30,1880.00,CE,102.00,102.00,89.85,90.20,90.95,3,20.727175,50050,-350,06-JAN-2025
OPTSTK,UNITDSPR,30-Jan-2025,2025-01-30,1620.00,PE,16.75,31.50,16.75,29.30,29.30,232,1334.83192,52850,350,06-JAN-2025
OPTSTK,UNITDSPR,27-Feb-2025,2025-02-27,1620.00,PE,0.00,0.00,0.00,92.05,41.80,0,0.00,0,0,06-JAN-2025
OPTSTK,UNITDSPR,27-Mar-2025,2025-03-27,1640.00,CE,0.00,0.00,0.00,69.80,85.85,0,0.00,0,0,06-JAN-2025
OPTSTK,UNITDSPR,27-Mar-2025,2025-03-27,1640.00,PE,0.00,0.00,0.00,113.25,60.60,0,0.00,0,0,06-JAN-2025
OPTSTK,UNITDSPR,30-Jan-2025,2025-01-30,1500.00,CE,161.05,161.05,145.40,150.75,150.75,8,46.256175,17500,-1750,06-JAN-2025
OPTSTK,UNITDSPR,30-Jan-2025,2025-01-30,1500.00,PE,2.55,5.30,2.25,4.90,4.90,516,2715.3273,98700,10150,06-JAN-2025
OPTSTK,UNITDSPR,27-Feb-2025,2025-02-27,1500.00,PE,0.00,0.00,0.00,36.90,9.55,0,0.00,0,0,06-JAN-2025
FUTSTK,UNITDSPR,30-Jan-2025,2025-01-30,,,1675.20,1692.10,1638.75,1645.40,1645.40,3589,20822.3655,10728900,-195650,06-JAN-2025
OPTSTK,UNITDSPR,27-Mar-2025,2025-03-27,1360.00,CE,0.00,0.00,0.00,244.90,303.40,0,0.00,0,0,06-JAN-2025
OPTSTK,UNITDSPR,27-Mar-2025,2025-03-27,1800.00,CE,0.00,0.00,0.00,26.05,27.45,0,0.00,0,0,06-JAN-2025
OPTSTK,UNITDSPR,30-Jan-2025,2025-01-30,1780.00,CE,9.05,9.80,5.85,6.05,6.05,217,1357.66802,48650,10150,06-JAN-2025
OPTSTK,UNITDSPR,27-Feb-2025,2025-02-27,1740.00,CE,0.00,0.00,0.00,24.15,28.00,0,0.00,0,0,06-JAN-2025
OPTSTK,UNITDSPR,27-Feb-2025,2025-02-27,1880.00,PE,0.00,0.00,0.00,351.85,226.60,0,0.00,0,0,06-JAN-2025
OPTSTK,UNITDSPR,27-Feb-2025,2025-02-27,1600.00,CE,0.00,0.00,0.00,111.00,90.50,0,0.00,3850,0,06-JAN-2025
OPTSTK,UNITDSPR,30-Jan-2025,2025-01-30,1600.00,CE,85.15,85.65,64.85,67.40,67.40,118,691.847275,111650,-7700,06-JAN-2025
FUTSTK,UNITDSPR,27-Feb-2025,2025-02-27,,,1686.10,1686.10,1650.00,1653.70,1653.70,111,647.7072,53200,14350,06-JAN-2025
OPTSTK,UNITDSPR,27-Feb-2025,2025-02-27,1480.00,PE,0.00,0.00,0.00,14.55,7.00,0,0.00,1050,0,06-JAN-2025
OPTSTK,UNITDSPR,27-Mar-2025,2025-03-27,1480.00,CE,0.00,0.00,0.00,154.00,195.75,0,0.00,0,0,06-JAN-2025
OPTSTK,UNITDSPR,27-Mar-2025,2025-03-27,1760.00,CE,0.00,0.00,0.00,34.00,37.65,0,0.00,0,0,06-JAN-2025
OPTSTK,UNITDSPR,30-Jan-2025,2025-01-30,1540.00,PE,4.80,10.00,4.80,8.95,8.95,455,2463.35425,47600,-32200,06-JAN-2025
OPTSTK,UNITDSPR,30-Jan-2025,2025-01-30,1660.00,CE,44.00,47.90,32.55,34.15,34.15,391,2325.78517,105000,30800,06-JAN-2025
OPTSTK,UNITDSPR,30-Jan-2025,2025-01-30,1460.00,CE,0.00,0.00,0.00,57.45,188.45,0,0.00,0,0,06-JAN-2025
OPTSTK,UNITDSPR,30-Jan-2025,2025-01-30,1440.00,PE,1.50,1.50,1.50,1.50,0.45,4,20.181,23800,-1400,06-JAN-2025
OPTSTK,UNITDSPR,27-Mar-2025,2025-03-27,1440.00,PE,0.00,0.00,0.00,29.05,7.70,0,0.00,0,0,06-JAN-2025
OPTSTK,UNITDSPR,27-Feb-2025,2025-02-27,1660.00,CE,0.00,0.00,0.00,44.80,57.55,0,0.00,0,0,06-JAN-2025
OPTSTK,UNITDSPR,27-Feb-2025,2025-02-27,1700.00,CE,45.00,45.00,43.00,43.00,43.00,2,12.208,1400,0,06-JAN-2025
OPTSTK,UNITDSPR,30-Jan-2025,2025-01-30,1700.00,CE,35.00,35.00,18.05,20.45,20.45,1051,6340.45265,224000,-7000,06-JAN-2025
OPTSTK,UNITDSPR,30-Jan-2025,2025-01-30,1800.00,CE,7.05,7.20,4.10,4.40,4.40,541,3418.4542,149800,-8050,06-JAN-2025
OPTSTK,UNITDSPR,30-Jan-2025,2025-01-30,1660.00,PE,27.00,52.15,27.00,48.55,48.55,436,2593.45887,40250,-34650,06-JAN-2025
FUTSTK,UNITDSPR,27-Mar-2025,2025-03-27,,,1671.00,1671.00,1663.05,1666.75,1666.75,5,29.1578,3850,350,06-JAN-2025
OPTSTK,UNITDSPR,27-Feb-2025,2025-02-27,1480.00,CE,0.00,0.00,0.00,112.35,182.30,0,0.00,0,0,06-JAN-2025
OPTSTK,ABFRL,30-Jan-2025,2025-01-30,350.00,PE,80.85,80.85,80.85,80.85,82.90,3,33.6063,57200,7800,06-JAN-2025
OPTSTK,ABFRL,30-Jan-2025,2025-01-30,235.00,CE,0.00,0.00,0.00,84.55,32.45,0,0.00,0,0,06-JAN-2025
OPTSTK,ABFRL,27-Feb-2025,2025-02-27,235.00,PE,0.00,0.00,0.00,3.05,2.85,0,0.00,0,0,06-JAN-2025
OPTSTK,ABFRL,30-Jan-2025,2025-01-30,235.00,PE,0.00,0.00,0.00,0.90,0.85,0,0.00,0,0,06-JAN-2025
OPTSTK,ABFRL,27-Feb-2025,2025-02-27,330.00,PE,59.00,59.00,59.00,59.00,62.30,1,10.114,2600,2600,06-JAN-2025
OPTSTK,ABFRL,27-Feb-2025,2025-02-27,270.00,CE,0.00,0.00,0.00,58.15,13.30,0,0.00,0,0,06-JAN-2025
OPTSTK,ABFRL,27-Feb-2025,2025-02-27,315.00,CE,0.00,0.00,0.00,9.50,2.15,0,0.00,0,0,06-JAN-2025
OPTSTK,ABFRL,30-Jan-2025,2025-01-30,315.00,PE,41.00,46.70,40.80,46.70,48.40,9,84.1464,26000,7800,06-JAN-2025
OPTSTK,ABFRL,27-Mar-2025,2025-03-27,320.00,PE,0.00,0.00,0.00,44.25,53.45,0,0.00,0,0,06-JAN-2025
OPTSTK,ABFRL,30-Jan-2025,2025-01-30,285.00,CE,6.40,6.80,2.65,3.00,3.00,402,3020.212,449800,-13000,06-JAN-2025
OPTSTK,ABFRL,30-Jan-2025,2025-01-30,340.00,CE,0.00,0.00,0.00,0.25,0.05,0,0.00,5200,0,06-JAN-2025
OPTSTK,ABFRL,27-Feb-2025,2025-02-27,245.00,CE,0.00,0.00,0.00,45.20,27.95,0,0.00,0,0,06-JAN-2025
OPTSTK,ABFRL,30-Jan-2025,2025-01-30,245.00,CE,0.00,0.00,0.00,75.35,23.80,0,0.00,0,0,06-JAN-2025
OPTSTK,ABFRL,27-Feb-2025,2025-02-27,245.00,PE,0.00,0.00,0.00,4.85,5.05,0,0.00,0,0,06-JAN-2025
OPTSTK,ABFRL,27-Feb-2025,2025-02-27,265.00,PE,0.00,0.00,0.00,10.50,12.55,0,0.00,0,0,06-JAN-2025
OPTSTK,ABFRL,27-Mar-2025,2025-03-27,270.00,CE,0.00,0.00,0.00,32.65,17.30,0,0.00,0,0,06-JAN-2025
OPTSTK,ABFRL,30-Jan-2025,2025-01-30,300.00,CE,2.60,3.05,1.10,1.30,1.30,663,5201.0595,3400800,364000,06-JAN-2025
OPTSTK,ABFRL,27-Feb-2025,2025-02-27,300.00,PE,0.00,0.00,0.00,17.25,35.75,0,0.00,0,0,06-JAN-2025
OPTSTK,ABFRL,30-Jan-2025,2025-01-30,230.00,PE,0.30,0.85,0.30,0.80,0.80,39,233.8687,67600,67600,06-JAN-2025
OPTSTK,ABFRL,30-Jan-2025,2025-01-30,320.00,CE,0.70,0.70,0.30,0.50,0.50,376,3133.1625,959400,-343200,06-JAN-2025
OPTSTK,ABFRL,27-Feb-2025,2025-02-27,250.00,PE,5.70,5.70,5.70,5.70,6.50,1,6.6482,26000,0,06-JAN-2025
OPTSTK,ABFRL,30-Jan-2025,2025-01-30,280.00,PE,8.75,18.75,8.10,17.25,17.25,356,2704.5213,941200,36400,06-JAN-2025
OPTSTK,ABFRL,27-Mar-2025,2025-03-27,280.00,CE,0.00,0.00,0.00,27.35,13.20,0,0.00,0,0,06-JAN-2025
OPTSTK,ABFRL,27-Mar-2025,2025-03-27,280.00,PE,0.00,0.00,0.00,20.00,23.50,0,0.00,0,0,06-JAN-2025
OPTSTK,ABFRL,27-Feb-2025,2025-02-27,280.00,PE,0.00,0.00,0.00,10.00,21.10,0,0.00,2600,0,06-JAN-2025
OPTSTK,ABFRL,27-Feb-2025,2025-02-27,305.00,CE,0.00,0.00,0.00,12.40,3.35,0,0.00,0,0,06-JAN-2025
OPTSTK,ABFRL,27-Feb-2025,2025-02-27,300.00,CE,0.00,0.00,0.00,38.35,4.20,0,0.00,0,0,06-JAN-2025
OPTSTK,ABFRL,27-Feb-2025,2025-02-27,250.00,CE,0.00,0.00,0.00,73.95,24.45,0,0.00,0,0,06-JAN-2025
OPTSTK,ABFRL,30-Jan-2025,2025-01-30,250.00,CE,23.00,23.00,18.70,19.25,19.25,11,77.3682,36400,10400,06-JAN-2025
OPTSTK,ABFRL,27-Mar-2025,2025-03-27,320.00,CE,0.00,0.00,0.00,12.30,3.70,0,0.00,0,0,06-JAN-2025
OPTSTK,ABFRL,27-Mar-2025,2025-03-27,260.00,PE,0.00,0.00,0.00,11.65,12.95,0,0.00,0,0,06-JAN-2025
OPTSTK,ABFRL,27-Mar-2025,2025-03-27,260.00,CE,0.00,0.00,0.00,38.65,22.30,0,0.00,0,0,06-JAN-2025
OPTSTK,ABFRL,27-Feb-2025,2025-02-27,295.00,PE,0.00,0.00,0.00,24.95,31.80,0,0.00,0,0,06-JAN-2025
OPTSTK,NCC,27-Feb-2025,2025-02-27,320.00,PE,0.00,0.00,0.00,39.70,59.90,0,0.00,0,0,06-JAN-2025
OPTSTK,NCC,27-Feb-2025,2025-02-27,280.00,CE,0.00,0.00,0.00,48.00,10.80,0,0.00,0,0,06-JAN-2025
OPTSTK,NCC,27-Feb-2025,2025-02-27,290.00,PE,0.00,0.00,0.00,23.90,35.25,0,0.00,0,0,06-JAN-2025
OPTSTK,NCC,27-Mar-2025,2025-03-27,290.00,PE,0.00,0.00,0.00,30.60,38.05,0,0.00,0,0,06-JAN-2025
OPTSTK,NCC,30-Jan-2025,2025-01-30,290.00,CE,5.25,5.25,2.05,2.15,2.15,370,1922.75721,324825,71000,06-JAN-2025
OPTSTK,NCC,27-Mar-2025,2025-03-27,290.00,CE,0.00,0.00,0.00,30.35,12.30,0,0.00,0,0,06-JAN-2025
OPTSTK,NCC,30-Jan-2025,2025-01-30,300.00,PE,0.00,0.00,0.00,22.10,40.50,0,0.00,113600,0,06-JAN-2025
OPTSTK,NCC,27-Feb-2025,2025-02-27,300.00,PE,0.00,0.00,0.00,28.70,43.00,0,0.00,0,0,06-JAN-2025
OPTSTK,NCC,27-Feb-2025,2025-02-27,300.00,CE,0.00,0.00,0.00,37.45,5.80,0,0.00,0,0,06-JAN-2025
OPTSTK,NCC,30-Jan-2025,2025-01-30,300.00,CE,2.80,2.80,1.20,1.30,1.30,394,2108.79407,773900,40825,06-JAN-2025
FUTSTK,NCC,27-Mar-2025,2025-03-27,,,276.40,276.40,267.65,269.35,263.80,4,19.2117125,37275,1775,06-JAN-2025
OPTSTK,NCC,30-Jan-2025,2025-01-30,320.00,CE,2.10,2.10,0.35,0.50,0.50,33,187.764825,145550,-8875,06-JAN-2025
OPTSTK,NCC,30-Jan-2025,2025-01-30,320.00,PE,0.00,0.00,0.00,38.00,59.15,0,0.00,8875,0,06-JAN-2025
OPTSTK,NCC,30-Jan-2025,2025-01-30,250.00,PE,2.15,6.00,2.15,5.80,5.80,242,1094.44991,426000,76325,06-JAN-2025
OPTSTK,NCC,30-Jan-2025,2025-01-30,280.00,PE,14.40,22.35,13.55,21.00,24.00,57,301.012487,234300,-42600,06-JAN-2025
OPTSTK,NCC,27-Mar-2025,2025-03-27,320.00,CE,0.00,0.00,0.00,19.35,5.90,0,0.00,0,0,06-JAN-2025
OPTSTK,NCC,27-Mar-2025,2025-03-27,320.00,PE,0.00,0.00,0.00,49.05,61.25,0,0.00,0,0,06-JAN-2025
OPTSTK,NCC,27-Mar-2025,2025-03-27,260.00,PE,0.00,0.00,0.00,16.60,19.85,0,0.00,0,0,06-JAN-2025
OPTSTK,NCC,30-Jan-2025,2025-01-30,295.00,CE,3.00,3.00,1.60,1.70,1.70,75,396.085037,113600,63900,06-JAN-2025
OPTSTK,NCC,30-Jan-2025,2025-01-30,295.00,PE,0.00,0.00,0.00,18.40,36.15,0,0.00,21300,0,06-JAN-2025
OPTSTK,NCC,27-Feb-2025,2025-02-27,285.00,PE,0.00,0.00,0.00,23.75,31.65,0,0.00,0,0,06-JAN-2025
OPTSTK,NCC,30-Jan-2025,2025-01-30,285.00,CE,6.80,6.80,2.80,2.80,2.80,52,266.507375,104725,-5325,06-JAN-2025
OPTSTK,NCC,30-Jan-2025,2025-01-30,335.00,CE,0.00,0.00,0.00,0.85,0.20,0,0.00,14200,0,06-JAN-2025
OPTSTK,NCC,27-Feb-2025,2025-02-27,305.00,CE,0.00,0.00,0.00,18.60,4.95,0,0.00,0,0,06-JAN-2025
OPTSTK,NCC,27-Feb-2025,2025-02-27,270.00,PE,0.00,0.00,0.00,15.80,21.85,0,0.00,0,0,06-JAN-2025
OPTSTK,NCC,30-Jan-2025,2025-01-30,240.00,PE,1.55,3.25,1.55,3.15,3.15,165,710.236962,157975,-49700,06-JAN-2025
OPTSTK,NCC,30-Jan-2025,2025-01-30,245.00,CE,0.00,0.00,0.00,66.80,21.35,0,0.00,0,0,06-JAN-2025
OPTSTK,NCC,27-Mar-2025,2025-03-27,240.00,CE,0.00,0.00,0.00,58.80,34.65,0,0.00,0,0,06-JAN-2025
OPTSTK,NCC,27-Feb-2025,2025-02-27,240.00,PE,0.00,0.00,0.00,7.25,8.00,0,0.00,0,0,06-JAN-2025
OPTSTK,NCC,27-Feb-2025,2025-02-27,240.00,CE,0.00,0.00,0.00,74.95,30.25,0,0.00,0,0,06-JAN-2025
OPTSTK,NCC,30-Jan-2025,2025-01-30,220.00,PE,0.60,0.60,0.60,0.60,0.85,1,3.91565,1775,1775,06-JAN-2025
OPTSTK,NCC,27-Feb-2025,2025-02-27,245.00,CE,0.00,0.00,0.00,50.65,27.05,0,0.00,0,0,06-JAN-2025
OPTSTK,NCC,30-Jan-2025,2025-01-30,225.00,PE,0.00,0.00,0.00,2.45,1.30,0,0.00,0,0,06-JAN-2025
OPTSTK,OBEROIRLTY,30-Jan-2025,2025-01-30,2320.00,CE,59.05,68.00,34.90,40.90,40.90,442,3657.27092,111650,12250,06-JAN-2025
OPTSTK,OBEROIRLTY,30-Jan-2025,2025-01-30,2320.00,PE,90.70,156.80,87.55,156.80,137.15,26,222.67805,32550,-700,06-JAN-2025
OPTSTK,OBEROIRLTY,30-Jan-2025,2025-01-30,2460.00,CE,20.95,23.60,12.35,14.10,14.10,114,987.3619,19250,-11550,06-JAN-2025
OPTSTK,OBEROIRLTY,27-Feb-2025,2025-02-27,2280.00,PE,117.05,117.05,117.05,117.05,137.85,1,8.389675,350,350,06-JAN-2025
OPTSTK,OBEROIRLTY,27-Mar-2025,2025-03-27,2440.00,PE,0.00,0.00,0.00,226.90,261.00,0,0.00,0,0,06-JAN-2025
OPTSTK,OBEROIRLTY,27-Feb-2025,2025-02-27,2260.00,PE,0.00,0.00,0.00,106.20,126.35,0,0.00,350,0,06-JAN-2025
OPTSTK,OBEROIRLTY,30-Jan-2025,2025-01-30,1960.00,CE,0.00,0.00,0.00,342.00,263.85,0,0.00,350,0,06-JAN-2025
OPTSTK,OBEROIRLTY,27-Feb-2025,2025-02-27,2600.00,PE,0.00,0.00,0.00,560.20,381.75,0,0.00,0,0,06-JAN-2025
OPTSTK,OBEROIRLTY,30-Jan-2025,2025-01-30,1800.00,PE,1.75,2.90,1.75,2.90,0.40,9,56.772275,2800,1400,06-JAN-2025
OPTSTK,OBEROIRLTY,27-Feb-2025,2025-02-27,2640.00,CE,0.00,0.00,0.00,22.70,12.55,0,0.00,0,0,06-JAN-2025
OPTSTK,OBEROIRLTY,30-Jan-2025,2025-01-30,2260.00,CE,87.40,98.05,53.20,60.65,60.65,517,4210.78927,67200,10500,06-JAN-2025
OPTSTK,OBEROIRLTY,30-Jan-2025,2025-01-30,2540.00,PE,0.00,0.00,0.00,505.50,324.20,0,0.00,0,0,06-JAN-2025
OPTSTK,OBEROIRLTY,27-Mar-2025,2025-03-27,2040.00,CE,0.00,0.00,0.00,377.15,254.00,0,0.00,0,0,06-JAN-2025
FUTSTK,OBEROIRLTY,27-Feb-2025,2025-02-27,,,2297.70,2307.00,2200.20,2219.50,2219.50,102,799.566775,59850,1050,06-JAN-2025
OPTSTK,OBEROIRLTY,30-Jan-2025,2025-01-30,1980.00,PE,11.45,16.50,10.65,13.85,13.85,56,390.775,10500,2450,06-JAN-2025
OPTSTK,OBEROIRLTY,27-Mar-2025,2025-03-27,2400.00,PE,0.00,0.00,0.00,203.95,232.85,0,0.00,0,0,06-JAN-2025
OPTSTK,OBEROIRLTY,27-Feb-2025,2025-02-27,2500.00,CE,0.00,0.00,0.00,96.45,29.05,0,0.00,0,0,06-JAN-2025
OPTSTK,OBEROIRLTY,30-Jan-2025,2025-01-30,2160.00,CE,118.25,119.10,100.15,112.30,112.30,45,357.466025,7000,4900,06-JAN-2025
OPTSTK,OBEROIRLTY,30-Jan-2025,2025-01-30,2000.00,CE,245.00,245.00,218.65,222.00,227.95,6,46.7019,17150,1050,06-JAN-2025
OPTSTK,OBEROIRLTY,27-Feb-2025,2025-02-27,2040.00,PE,0.00,0.00,0.00,151.30,37.10,0,0.00,0,0,06-JAN-2025
OPTSTK,OBEROIRLTY,30-Jan-2025,2025-01-30,2040.00,PE,25.00,26.60,23.00,23.80,23.80,11,79.4927,11900,0,06-JAN-2025
OPTSTK,OBEROIRLTY,30-Jan-2025,2025-01-30,2040.00,CE,192.65,194.05,192.15,192.15,193.90,3,23.445975,700,700,06-JAN-2025
OPTSTK,OBEROIRLTY,27-Feb-2025,2025-02-27,2180.00,PE,0.00,0.00,0.00,78.65,86.00,0,0.00,0,0,06-JAN-2025
OPTSTK,OBEROIRLTY,27-Feb-2025,2025-02-27,2180.00,CE,0.00,0.00,0.00,248.60,136.30,0,0.00,0,0,06-JAN-2025
OPTSTK,OBEROIRLTY,30-Jan-2025,2025-01-30,2180.00,PE,34.15,74.25,32.25,64.65,64.65,268,2103.90617,39200,6650,06-JAN-2025
OPTSTK,OBEROIRLTY,30-Jan-2025,2025-01-30,2640.00,PE,0.00,0.00,0.00,643.55,420.45,0,0.00,0,0,06-JAN-2025
OPTSTK,OBEROIRLTY,30-Jan-2025,2025-01-30,2200.00,PE,39.90,84.00,35.20,72.90,72.90,2152,17071.0974,186200,18550,06-JAN-2025
OPTSTK,OBEROIRLTY,27-Feb-2025,2025-02-27,2420.00,PE,0.00,0.00,0.00,192.10,232.35,0,0.00,0,0,06-JAN-2025
OPTSTK,OBEROIRLTY,27-Feb-2025,2025-02-27,2380.00,PE,0.00,0.00,0.00,169.15,203.00,0,0.00,0,0,06-JAN-2025
OPTSTK,OBEROIRLTY,27-Mar-2025,2025-03-27,2200.00,CE,0.00,0.00,0.00,271.35,157.70,0,0.00,0,0,06-JAN-2025
OPTSTK,OBEROIRLTY,30-Jan-2025,2025-01-30,2420.00,CE,27.75,27.75,16.90,16.90,15.90,29,247.639525,11900,0,06-JAN-2025
OPTSTK,GMRAIRPORT,27-Feb-2025,2025-02-27,85.00,PE,8.95,9.00,8.95,9.00,9.50,14,74.0109375,78750,78750,06-JAN-2025
OPTSTK,GMRAIRPORT,27-Feb-2025,2025-02-27,85.00,CE,1.60,1.60,1.10,1.15,1.15,24,116.451562,84375,28125,06-JAN-2025
OPTSTK,GMRAIRPORT,30-Jan-2025,2025-01-30,85.00,CE,0.65,0.65,0.35,0.40,0.40,1612,7749.01687,9157500,185625,06-JAN-2025
OPTSTK,GMRAIRPORT,30-Jan-2025,2025-01-30,85.00,PE,7.60,9.05,7.30,8.70,8.70,78,409.01625,2525625,-67500,06-JAN-2025
OPTSTK,GMRAIRPORT,30-Jan-2025,2025-01-30,95.00,PE,0.00,0.00,0.00,16.50,18.20,0,0.00,146250,0,06-JAN-2025
OPTSTK,GMRAIRPORT,30-Jan-2025,2025-01-30,95.00,CE,0.05,0.05,0.05,0.05,0.05,13,69.5053125,810000,67500,06-JAN-2025
OPTSTK,GMRAIRPORT,27-Feb-2025,2025-02-27,90.00,PE,12.95,13.65,12.90,13.25,13.25,24,139.2075,33750,-45000,06-JAN-2025
OPTSTK,GMRAIRPORT,30-Jan-2025,2025-01-30,90.00,PE,13.40,13.70,12.50,13.25,13.35,9,52.2365625,7048125,-22500,06-JAN-2025
OPTSTK,GMRAIRPORT,30-Jan-2025,2025-01-30,79.00,PE,2.45,4.30,2.30,4.00,4.00,579,2687.22843,2261250,157500,06-JAN-2025
OPTSTK,GMRAIRPORT,30-Jan-2025,2025-01-30,79.00,CE,2.45,2.70,1.50,1.60,1.60,1598,7262.62312,2508750,579375,06-JAN-2025
OPTSTK,GMRAIRPORT,27-Feb-2025,2025-02-27,79.00,PE,0.00,0.00,0.00,5.50,5.40,0,0.00,0,0,06-JAN-2025
OPTSTK,GMRAIRPORT,30-Jan-2025,2025-01-30,84.00,PE,6.50,8.00,6.50,7.75,7.75,83,427.37625,517500,5625,06-JAN-2025
OPTSTK,GMRAIRPORT,27-Feb-2025,2025-02-27,84.00,CE,0.00,0.00,0.00,7.85,1.95,0,0.00,0,0,06-JAN-2025
OPTSTK,GMRAIRPORT,30-Jan-2025,2025-01-30,92.00,PE,0.00,0.00,0.00,12.00,15.25,0,0.00,185625,0,06-JAN-2025
OPTSTK,GMRAIRPORT,30-Jan-2025,2025-01-30,74.00,PE,0.95,1.85,0.95,1.70,1.70,573,2431.5975,686250,129375,06-JAN-2025
OPTSTK,GMRAIRPORT,27-Mar-2025,2025-03-27,84.00,PE,0.00,0.00,0.00,9.25,9.35,0,0.00,0,0,06-JAN-2025
FUTSTK,GMRAIRPORT,27-Feb-2025,2025-02-27,,,79.56,79.71,76.70,77.03,77.03,261,1139.98725,6733125,213750,06-JAN-2025
OPTSTK,GMRAIRPORT,30-Jan-2025,2025-01-30,93.00,CE,0.05,0.05,0.05,0.05,0.10,1,5.2340625,410625,0,06-JAN-2025
OPTSTK,GMRAIRPORT,27-Mar-2025,2025-03-27,86.00,PE,0.00,0.00,0.00,10.50,10.80,0,0.00,0,0,06-JAN-2025
OPTSTK,GMRAIRPORT,27-Feb-2025,2025-02-27,86.00,PE,0.00,0.00,0.00,8.95,10.25,0,0.00,0,0,06-JAN-2025
OPTSTK,GMRAIRPORT,27-Feb-2025,2025-02-27,76.00,CE,0.00,0.00,0.00,12.05,4.95,0,0.00,0,0,06-JAN-2025
OPTSTK,GMRAIRPORT,27-Mar-2025,2025-03-27,76.00,PE,0.00,0.00,0.00,5.05,4.65,0,0.00,0,0,06-JAN-2025
OPTSTK,GMRAIRPORT,27-Mar-2025,2025-03-27,74.00,CE,0.00,0.00,0.00,10.60,7.25,0,0.00,0,0,06-JAN-2025
OPTSTK,GMRAIRPORT,30-Jan-2025,2025-01-30,78.00,PE,2.05,3.65,1.90,3.45,3.45,961,4376.16,2716875,28125,06-JAN-2025
OPTSTK,GMRAIRPORT,27-Feb-2025,2025-02-27,87.00,PE,0.00,0.00,0.00,10.30,11.05,0,0.00,0,0,06-JAN-2025
OPTSTK,GMRAIRPORT,30-Jan-2025,2025-01-30,87.00,CE,0.60,0.60,0.25,0.25,0.35,277,1359.87468,2266875,174375,06-JAN-2025
OPTSTK,GMRAIRPORT,27-Feb-2025,2025-02-27,76.00,PE,2.60,4.00,2.60,4.00,3.80,11,49.2271875,78750,50625,06-JAN-2025
OPTSTK,GMRAIRPORT,30-Jan-2025,2025-01-30,93.00,PE,0.00,0.00,0.00,14.50,16.25,0,0.00,112500,0,06-JAN-2025
OPTSTK,GMRAIRPORT,27-Feb-2025,2025-02-27,68.00,PE,0.00,0.00,0.00,1.85,1.05,0,0.00,0,0,06-JAN-2025
OPTSTK,GMRAIRPORT,30-Jan-2025,2025-01-30,68.00,PE,0.25,0.55,0.20,0.55,0.55,170,652.96125,1153125,168750,06-JAN-2025
OPTSTK,GMRAIRPORT,30-Jan-2025,2025-01-30,78.00,CE,3.05,3.05,1.90,2.00,2.00,1427,6436.27687,2126250,360000,06-JAN-2025
OPTIDX,MIDCPNIFTY,27-Mar-2025,2025-03-27,12550.00,CE,0.00,0.00,0.00,928.85,602.75,0,0.00,0,0,06-JAN-2025
OPTIDX,MIDCPNIFTY,30-Jan-2025,2025-01-30,12550.00,PE,85.70,210.00,79.00,193.45,193.45,2352,14958.7647,15300,1350,06-JAN-2025
OPTIDX,MIDCPNIFTY,27-Feb-2025,2025-02-27,12550.00,PE,0.00,0.00,0.00,419.30,220.05,0,0.00,0,0,06-JAN-2025
OPTIDX,MIDCPNIFTY,27-Feb-2025,2025-02-27,12550.00,CE,0.00,0.00,0.00,672.05,486.75,0,0.00,0,0,06-JAN-2025
OPTIDX,MIDCPNIFTY,27-Mar-2025,2025-03-27,12550.00,PE,0.00,0.00,0.00,263.70,271.85,0,0.00,0,0,06-JAN-2025
OPTIDX,MIDCPNIFTY,30-Jan-2025,2025-01-30,12550.00,CE,382.20,382.20,352.30,353.15,344.50,32,206.6487,2100,900,06-JAN-2025
OPTIDX,MIDCPNIFTY,30-Jan-2025,2025-01-30,12300.00,CE,0.00,0.00,0.00,720.00,520.40,0,0.00,350,0,06-JAN-2025
OPTIDX,MIDCPNIFTY,27-Feb-2025,2025-02-27,12750.00,CE,0.00,0.00,0.00,569.05,374.80,0,0.00,0,0,06-JAN-2025
OPTIDX,MIDCPNIFTY,27-Feb-2025,2025-02-27,12300.00,CE,0.00,0.00,0.00,816.75,651.75,0,0.00,0,0,06-JAN-2025
OPTIDX,MIDCPNIFTY,27-Mar-2025,2025-03-27,12750.00,CE,0.00,0.00,0.00,802.25,490.15,0,0.00,0,0,06-JAN-2025
OPTIDX,MIDCPNIFTY,27-Feb-2025,2025-02-27,12750.00,PE,0.00,0.00,0.00,512.70,306.20,0,0.00,0,0,06-JAN-2025
OPTIDX,MIDCPNIFTY,30-Jan-2025,2025-01-30,12750.00,PE,129.75,300.35,122.00,275.40,275.40,19831,128757.132,117250,68600,06-JAN-2025
OPTIDX,MIDCPNIFTY,27-Feb-2025,2025-02-27,12300.00,PE,150.00,150.00,150.00,150.00,137.45,1,14.94,4440,0,06-JAN-2025
OPTIDX,MIDCPNIFTY,27-Mar-2025,2025-03-27,12750.00,PE,0.00,0.00,0.00,333.45,356.30,0,0.00,0,0,06-JAN-2025
OPTIDX,MIDCPNIFTY,30-Jan-2025,2025-01-30,12300.00,PE,44.95,127.50,43.75,113.65,113.65,10542,65289.0931,78300,35900,06-JAN-2025
OPTIDX,MIDCPNIFTY,27-Feb-2025,2025-02-27,12825.00,PE,0.00,0.00,0.00,550.70,343.20,0,0.00,0,0,06-JAN-2025
OPTIDX,MIDCPNIFTY,30-Jan-2025,2025-01-30,12825.00,PE,149.95,338.50,148.10,315.50,315.50,8829,57688.0279,40950,-2650,06-JAN-2025
OPTIDX,MIDCPNIFTY,30-Jan-2025,2025-01-30,11400.00,CE,0.00,0.00,0.00,1326.30,1348.35,0,0.00,0,0,06-JAN-2025
OPTIDX,MIDCPNIFTY,27-Feb-2025,2025-02-27,11975.00,PE,0.00,0.00,0.00,214.05,66.90,0,0.00,0,0,06-JAN-2025
OPTIDX,MIDCPNIFTY,30-Jan-2025,2025-01-30,11975.00,PE,0.00,0.00,0.00,23.50,21.55,0,0.00,100,0,06-JAN-2025
OPTIDX,MIDCPNIFTY,30-Jan-2025,2025-01-30,11975.00,CE,0.00,0.00,0.00,907.15,796.20,0,0.00,0,0,06-JAN-2025
OPTIDX,MIDCPNIFTY,30-Jan-2025,2025-01-30,11400.00,PE,4.00,13.65,4.00,12.25,12.25,1203,6862.92272,31550,700,06-JAN-2025
OPTIDX,MIDCPNIFTY,27-Mar-2025,2025-03-27,12900.00,PE,0.00,0.00,0.00,393.10,429.30,0,0.00,0,0,06-JAN-2025
OPTIDX,MIDCPNIFTY,30-Jan-2025,2025-01-30,12900.00,CE,331.25,341.00,173.30,190.00,190.00,26149,171578.578,209850,65750,06-JAN-2025
OPTIDX,MIDCPNIFTY,27-Feb-2025,2025-02-27,12900.00,PE,0.00,0.00,0.00,590.25,382.85,0,0.00,0,0,06-JAN-2025
OPTIDX,MIDCPNIFTY,30-Jan-2025,2025-01-30,11925.00,CE,0.00,0.00,0.00,940.20,841.95,0,0.00,0,0,06-JAN-2025
OPTIDX,MIDCPNIFTY,30-Jan-2025,2025-01-30,11325.00,PE,0.00,0.00,0.00,107.70,0.80,0,0.00,0,0,06-JAN-2025
OPTIDX,MIDCPNIFTY,30-Jan-2025,2025-01-30,13550.00,PE,0.00,0.00,0.00,1126.00,819.05,0,0.00,0,0,06-JAN-2025
OPTIDX,MIDCPNIFTY,30-Jan-2025,2025-01-30,10900.00,CE,0.00,0.00,0.00,1748.20,1844.90,0,0.00,0,0,06-JAN-2025
OPTIDX,MIDCPNIFTY,27-Feb-2025,2025-02-27,13925.00,CE,0.00,0.00,0.00,178.15,46.75,0,0.00,0,0,06-JAN-2025
OPTIDX,MIDCPNIFTY,30-Jan-2025,2025-01-30,10900.00,PE,3.10,5.35,3.10,4.75,4.75,605,3298.48795,18200,5250,06-JAN-2025
OPTSTK,TATACONSUM,27-Feb-2025,2025-02-27,880.00,PE,0.00,0.00,0.00,22.20,9.10,0,0.00,0,0,06-JAN-2025
OPTSTK,DMART,27-Mar-2025,2025-03-27,4300.00,PE,0.00,0.00,0.00,751.80,409.80,0,0.00,0,0,06-JAN-2025
OPTSTK,DMART,27-Feb-2025,2025-02-27,4300.00,CE,0.00,0.00,0.00,82.35,65.60,0,0.00,0,0,06-JAN-2025
OPTSTK,DMART,27-Feb-2025,2025-02-27,4050.00,PE,0.00,0.00,0.00,533.95,219.40,0,0.00,0,0,06-JAN-2025
OPTSTK,DMART,27-Feb-2025,2025-02-27,4050.00,CE,0.00,0.00,0.00,46.40,142.90,0,0.00,0,0,06-JAN-2025
OPTSTK,TATACONSUM,27-Feb-2025,2025-02-27,830.00,PE,0.00,0.00,0.00,12.50,2.50,0,0.00,0,0,06-JAN-2025
OPTSTK,TATACONSUM,27-Feb-2025,2025-02-27,970.00,PE,0.00,0.00,0.00,78.40,43.45,0,0.00,0,0,06-JAN-2025
OPTSTK,TATACONSUM,27-Mar-2025,2025-03-27,920.00,PE,0.00,0.00,0.00,52.85,26.25,0,0.00,0,0,06-JAN-2025
OPTSTK,DMART,27-Feb-2025,2025-02-27,4150.00,PE,0.00,0.00,0.00,619.55,281.90,0,0.00,0,0,06-JAN-2025
FUTSTK,TATACONSUM,27-Mar-2025,2025-03-27,,,949.95,964.50,946.85,959.30,959.30,61,266.242896,21888,1368,06-JAN-2025
OPTSTK,TATACONSUM,27-Feb-2025,2025-02-27,840.00,PE,0.00,0.00,0.00,12.40,3.35,0,0.00,0,0,06-JAN-2025
OPTSTK,TATACONSUM,27-Feb-2025,2025-02-27,1010.00,PE,0.00,0.00,0.00,108.85,69.55,0,0.00,0,0,06-JAN-2025
OPTSTK,TATACONSUM,27-Mar-2025,2025-03-27,1020.00,PE,0.00,0.00,0.00,118.90,80.60,0,0.00,0,0,06-JAN-2025
OPTSTK,TATACONSUM,30-Jan-2025,2025-01-30,1020.00,CE,2.65,5.65,2.25,4.05,4.05,981,4580.95023,296400,34656,06-JAN-2025
OPTSTK,DMART,27-Feb-2025,2025-02-27,3500.00,CE,0.00,0.00,0.00,661.20,495.45,0,0.00,750,0,06-JAN-2025
OPTSTK,DMART,27-Feb-2025,2025-02-27,3500.00,PE,35.00,44.60,35.00,44.60,44.60,22,116.87205,6600,1050,06-JAN-2025
OPTSTK,DMART,30-Jan-2025,2025-01-30,3650.00,PE,26.30,41.55,20.45,38.65,38.65,340,1876.62847,33600,-2850,06-JAN-2025
OPTSTK,DMART,27-Feb-2025,2025-02-27,3650.00,CE,0.00,0.00,0.00,150.40,375.20,0,0.00,0,0,06-JAN-2025
OPTSTK,DMART,30-Jan-2025,2025-01-30,3600.00,PE,20.50,34.70,16.05,31.75,31.75,2106,11449.8804,174300,-5100,06-JAN-2025
OPTSTK,TATACONSUM,27-Mar-2025,2025-03-27,840.00,PE,0.00,0.00,0.00,20.40,6.55,0,0.00,0,0,06-JAN-2025
OPTSTK,DMART,30-Jan-2025,2025-01-30,3550.00,PE,16.95,27.35,13.50,25.70,25.70,442,2366.5959,48600,6300,06-JAN-2025
OPTSTK,DMART,27-Feb-2025,2025-02-27,4450.00,CE,0.00,0.00,0.00,75.00,38.60,0,0.00,600,0,06-JAN-2025
OPTSTK,DMART,27-Mar-2025,2025-03-27,4100.00,CE,0.00,0.00,0.00,69.50,173.60,0,0.00,0,0,06-JAN-2025
OPTSTK,TATACONSUM,27-Feb-2025,2025-02-27,980.00,CE,0.00,0.00,0.00,44.65,25.65,0,0.00,0,0,06-JAN-2025
OPTSTK,TATACONSUM,30-Jan-2025,2025-01-30,980.00,CE,7.85,14.90,6.55,11.30,11.30,2221,10037.4993,183312,70224,06-JAN-2025
OPTSTK,TATACONSUM,27-Mar-2025,2025-03-27,980.00,CE,0.00,0.00,0.00,28.15,36.15,0,0.00,0,0,06-JAN-2025
OPTSTK,DMART,30-Jan-2025,2025-01-30,4550.00,PE,0.00,0.00,0.00,518.00,599.25,0,0.00,1800,0,06-JAN-2025
OPTSTK,DMART,30-Jan-2025,2025-01-30,4450.00,CE,33.05,36.00,22.55,23.95,23.95,257,1726.0281,16050,2700,06-JAN-2025
OPTSTK,TATACONSUM,27-Mar-2025,2025-03-27,800.00,CE,0.00,0.00,0.00,126.40,161.25,0,0.00,0,0,06-JAN-2025
OPTSTK,DMART,27-Mar-2025,2025-03-27,4400.00,PE,0.00,0.00,0.00,840.10,483.90,0,0.00,0,0,06-JAN-2025
OPTSTK,TATACONSUM,30-Jan-2025,2025-01-30,940.00,CE,21.50,34.00,19.00,27.95,27.95,4602,20274.1877,216144,-33744,06-JAN-2025
OPTSTK,DMART,27-Feb-2025,2025-02-27,3400.00,PE,0.00,0.00,0.00,90.40,15.65,0,0.00,0,0,06-JAN-2025
OPTSTK,TITAN,27-Feb-2025,2025-02-27,3200.00,CE,0.00,0.00,0.00,211.00,322.75,0,0.00,0,0,06-JAN-2025
OPTSTK,TITAN,30-Jan-2025,2025-01-30,2900.00,PE,2.00,3.05,1.80,2.50,2.50,709,3600.94332,136500,700,06-JAN-2025
OPTSTK,TITAN,30-Jan-2025,2025-01-30,2900.00,CE,0.00,0.00,0.00,450.10,583.30,0,0.00,0,0,06-JAN-2025
OPTSTK,TITAN,30-Jan-2025,2025-01-30,3500.00,CE,85.00,110.70,65.85,76.65,76.65,28628,179809.376,607950,94500,06-JAN-2025
OPTSTK,TITAN,30-Jan-2025,2025-01-30,3650.00,CE,38.10,43.30,23.45,27.00,27.00,5098,32862.4264,116375,24500,06-JAN-2025
OPTSTK,TITAN,27-Feb-2025,2025-02-27,3600.00,CE,106.00,107.95,89.00,89.00,89.00,25,161.860562,6300,700,06-JAN-2025
OPTSTK,TITAN,27-Feb-2025,2025-02-27,3550.00,PE,0.00,0.00,0.00,261.45,144.65,0,0.00,0,0,06-JAN-2025
OPTSTK,TITAN,30-Jan-2025,2025-01-30,3450.00,PE,51.55,85.50,44.15,67.70,67.70,7978,49030.3912,205800,62650,06-JAN-2025
OPTSTK,TITAN,27-Feb-2025,2025-02-27,3800.00,PE,0.00,0.00,0.00,552.30,322.45,0,0.00,0,0,06-JAN-2025
OPTSTK,TITAN,30-Jan-2025,2025-01-30,3800.00,PE,288.95,324.65,269.85,324.65,324.65,110,786.783987,32725,11900,06-JAN-2025
OPTSTK,TITAN,27-Mar-2025,2025-03-27,3200.00,PE,0.00,0.00,0.00,98.65,35.95,0,0.00,0,0,06-JAN-2025
OPTSTK,TITAN,27-Feb-2025,2025-02-27,3900.00,CE,0.00,0.00,0.00,22.85,16.40,0,0.00,0,0,06-JAN-2025
OPTSTK,TITAN,27-Feb-2025,2025-02-27,3450.00,CE,0.00,0.00,0.00,112.90,147.35,0,0.00,0,0,06-JAN-2025
OPTSTK,TITAN,27-Feb-2025,2025-02-27,3450.00,PE,0.00,0.00,0.00,115.00,93.95,0,0.00,175,0,06-JAN-2025
OPTSTK,TITAN,27-Feb-2025,2025-02-27,3700.00,PE,0.00,0.00,0.00,468.25,243.70,0,0.00,0,0,06-JAN-2025
FUTSTK,TITAN,27-Mar-2025,2025-03-27,,,3572.60,3580.00,3495.95,3524.95,3524.95,55,340.30815,5775,875,06-JAN-2025
OPTSTK,TITAN,30-Jan-2025,2025-01-30,3700.00,PE,203.00,241.00,187.55,230.55,230.55,57,390.481175,25900,1225,06-JAN-2025
OPTSTK,TITAN,27-Feb-2025,2025-02-27,3700.00,CE,61.25,72.05,50.25,50.25,49.50,27,177.768675,6475,2625,06-JAN-2025
OPTSTK,TITAN,30-Jan-2025,2025-01-30,2600.00,PE,6.05,6.05,0.75,1.15,0.05,3,13.6639125,4200,175,06-JAN-2025
OPTSTK,TITAN,27-Mar-2025,2025-03-27,2600.00,CE,0.00,0.00,0.00,773.90,908.80,0,0.00,0,0,06-JAN-2025
OPTSTK,TITAN,30-Jan-2025,2025-01-30,3250.00,PE,12.05,22.20,9.40,16.85,16.85,2281,13030.2851,80150,9625,06-JAN-2025
OPTSTK,TITAN,27-Feb-2025,2025-02-27,3200.00,PE,26.00,34.40,25.00,34.40,21.70,5,28.2422,4200,525,06-JAN-2025
OPTSTK,TITAN,30-Jan-2025,2025-01-30,3200.00,CE,300.00,338.80,276.70,291.70,291.70,24,147.549062,36925,-875,06-JAN-2025
OPTSTK,TITAN,27-Feb-2025,2025-02-27,3100.00,PE,0.00,0.00,0.00,99.90,9.95,0,0.00,0,0,06-JAN-2025
OPTSTK,TITAN,27-Mar-2025,2025-03-27,3900.00,PE,0.00,0.00,0.00,543.20,408.15,0,0.00,0,0,06-JAN-2025
OPTSTK,TITAN,27-Feb-2025,2025-02-27,3150.00,CE,0.00,0.00,0.00,274.85,365.50,0,0.00,0,0,06-JAN-2025
OPTSTK,TITAN,30-Jan-2025,2025-01-30,3150.00,PE,7.50,11.10,4.75,8.45,8.45,1283,7087.84991,50225,12600,06-JAN-2025
OPTSTK,TITAN,30-Jan-2025,2025-01-30,4000.00,PE,465.00,523.60,465.00,498.15,512.60,10,78.427475,1925,700,06-JAN-2025
OPTSTK,TITAN,27-Mar-2025,2025-03-27,4000.00,CE,0.00,0.00,0.00,25.55,22.85,0,0.00,0,0,06-JAN-2025
OPTSTK,TITAN,27-Mar-2025,2025-03-27,3000.00,CE,0.00,0.00,0.00,420.55,524.60,0,0.00,0,0,06-JAN-2025
FUTSTK,TITAN,27-Feb-2025,2025-02-27,,,3530.00,3565.00,3470.95,3502.20,3502.20,649,4005.35555,170275,15925,06-JAN-2025
OPTSTK,TITAN,30-Jan-2025,2025-01-30,3800.00,CE,11.05,15.45,8.00,8.85,8.85,8498,56687.5594,256375,1225,06-JAN-2025
OPTSTK,NMDC,30-Jan-2025,2025-01-30,85.00,CE,0.05,0.05,0.05,0.05,0.05,36,413.343,5346000,13500,06-JAN-2025
OPTSTK,NMDC,30-Jan-2025,2025-01-30,85.00,PE,0.00,0.00,0.00,14.50,19.75,0,0.00,135000,0,06-JAN-2025
OPTSTK,NMDC,27-Mar-2025,2025-03-27,52.00,CE,0.00,0.00,0.00,18.70,14.10,0,0.00,0,0,06-JAN-2025
OPTSTK,NMDC,27-Mar-2025,2025-03-27,52.00,PE,0.00,0.00,0.00,0.50,0.45,0,0.00,0,0,06-JAN-2025
OPTSTK,NMDC,30-Jan-2025,2025-01-30,90.00,PE,0.00,0.00,0.00,22.85,24.70,0,0.00,40500,0,06-JAN-2025
OPTSTK,NMDC,30-Jan-2025,2025-01-30,90.00,CE,0.05,0.10,0.05,0.05,0.05,26,316.08225,5103000,135000,06-JAN-2025
OPTSTK,NMDC,27-Feb-2025,2025-02-27,56.00,PE,0.00,0.00,0.00,0.55,0.60,0,0.00,0,0,06-JAN-2025
OPTSTK,NMDC,30-Jan-2025,2025-01-30,86.65,PE,20.90,21.15,20.90,21.15,21.35,4,58.11075,715500,0,06-JAN-2025
OPTSTK,NMDC,30-Jan-2025,2025-01-30,86.65,CE,0.05,0.05,0.05,0.05,0.05,17,198.9765,10192500,0,06-JAN-2025
OPTSTK,NMDC,27-Feb-2025,2025-02-27,59.00,PE,0.00,0.00,0.00,1.05,1.20,0,0.00,0,0,06-JAN-2025
OPTSTK,NMDC,30-Jan-2025,2025-01-30,59.00,PE,0.50,0.55,0.35,0.55,0.55,73,586.2915,553500,283500,06-JAN-2025
OPTSTK,NMDC,27-Feb-2025,2025-02-27,59.00,CE,0.00,0.00,0.00,12.05,7.70,0,0.00,0,0,06-JAN-2025
OPTSTK,NMDC,27-Feb-2025,2025-02-27,67.00,PE,0.00,0.00,0.00,3.45,4.55,0,0.00,0,0,06-JAN-2025
OPTSTK,NMDC,27-Feb-2025,2025-02-27,67.00,CE,0.00,0.00,0.00,6.60,3.10,0,0.00,0,0,06-JAN-2025
OPTSTK,NMDC,27-Feb-2025,2025-02-27,73.35,CE,0.00,0.00,0.00,1.45,1.25,0,0.00,27000,0,06-JAN-2025
OPTSTK,NMDC,30-Jan-2025,2025-01-30,73.35,CE,0.60,0.60,0.40,0.45,0.45,312,3108.12525,19399500,108000,06-JAN-2025
OPTSTK,NMDC,30-Jan-2025,2025-01-30,73.35,PE,7.50,8.15,6.95,8.15,8.50,33,360.882,5629500,-162000,06-JAN-2025
OPTSTK,NMDC,30-Jan-2025,2025-01-30,74.00,CE,0.40,0.45,0.35,0.35,0.35,262,2630.124,2767500,1093500,06-JAN-2025
OPTSTK,NMDC,27-Feb-2025,2025-02-27,71.00,PE,0.00,0.00,0.00,5.45,7.20,0,0.00,0,0,06-JAN-2025
OPTSTK,NMDC,30-Jan-2025,2025-01-30,71.00,CE,0.85,0.95,0.60,0.65,0.65,275,2664.4275,3645000,54000,06-JAN-2025
OPTSTK,NMDC,27-Mar-2025,2025-03-27,76.00,CE,0.00,0.00,0.00,3.95,1.50,0,0.00,0,0,06-JAN-2025
OPTSTK,NMDC,30-Jan-2025,2025-01-30,69.00,CE,1.70,1.70,1.00,1.05,1.05,619,5871.366,3334500,715500,06-JAN-2025
FUTSTK,NMDC,27-Feb-2025,2025-02-27,,,67.84,67.84,65.40,65.61,65.61,268,2407.0203,12001500,769500,06-JAN-2025
OPTSTK,NMDC,30-Jan-2025,2025-01-30,68.00,PE,2.55,4.15,2.50,4.05,4.05,363,3492.60525,1971000,-162000,06-JAN-2025
OPTSTK,NMDC,27-Mar-2025,2025-03-27,78.00,PE,0.00,0.00,0.00,10.65,13.15,0,0.00,0,0,06-JAN-2025
OPTSTK,NMDC,27-Mar-2025,2025-03-27,78.00,CE,0.00,0.00,0.00,3.35,1.20,0,0.00,0,0,06-JAN-2025
OPTSTK,NMDC,30-Jan-2025,2025-01-30,78.00,PE,0.00,0.00,0.00,10.00,12.85,0,0.00,81000,0,06-JAN-2025
OPTSTK,NMDC,27-Feb-2025,2025-02-27,78.00,CE,0.00,0.00,0.00,2.25,0.55,0,0.00,0,0,06-JAN-2025
OPTSTK,NMDC,30-Jan-2025,2025-01-30,70.00,CE,1.25,1.40,0.80,0.85,0.85,1426,13664.025,14377500,567000,06-JAN-2025
OPTSTK,NMDC,27-Feb-2025,2025-02-27,75.00,CE,0.95,0.95,0.80,0.85,0.85,51,522.30825,526500,27000,06-JAN-2025
OPTSTK,NMDC,30-Jan-2025,2025-01-30,67.00,CE,2.75,2.75,1.60,1.70,1.70,404,3758.55525,3847500,891000,06-JAN-2025
OPTSTK,NMDC,30-Jan-2025,2025-01-30,81.65,CE,0.10,0.10,0.10,0.10,0.05,4,44.145,2470500,13500,06-JAN-2025
OPTSTK,NMDC,30-Jan-2025,2025-01-30,63.00,CE,4.15,4.15,3.70,3.75,3.75,54,487.89,634500,216000,06-JAN-2025
OPTSTK,RAMCOCEM,27-Mar-2025,2025-03-27,880.00,PE,0.00,0.00,0.00,18.10,14.55,0,0.00,0,0,06-JAN-2025
OPTSTK,RAMCOCEM,27-Mar-2025,2025-03-27,880.00,CE,0.00,0.00,0.00,130.55,99.60,0,0.00,0,0,06-JAN-2025
OPTSTK,RAMCOCEM,27-Feb-2025,2025-02-27,1100.00,PE,0.00,0.00,0.00,129.30,141.45,0,0.00,0,0,06-JAN-2025
FUTSTK,RAMCOCEM,27-Feb-2025,2025-02-27,,,987.20,989.75,960.50,962.20,962.20,57,470.1656,88400,13600,06-JAN-2025
OPTSTK,RAMCOCEM,27-Feb-2025,2025-02-27,920.00,CE,0.00,0.00,0.00,100.40,61.05,0,0.00,0,0,06-JAN-2025
OPTSTK,RAMCOCEM,27-Feb-2025,2025-02-27,1010.00,CE,0.00,0.00,0.00,41.85,19.35,0,0.00,0,0,06-JAN-2025
OPTSTK,RAMCOCEM,27-Feb-2025,2025-02-27,1050.00,CE,0.00,0.00,0.00,27.85,10.25,0,0.00,0,0,06-JAN-2025
OPTSTK,RAMCOCEM,30-Jan-2025,2025-01-30,1050.00,CE,6.40,6.40,3.10,3.40,3.40,185,1657.53867,177650,20400,06-JAN-2025
OPTSTK,RAMCOCEM,27-Mar-2025,2025-03-27,1160.00,PE,0.00,0.00,0.00,176.95,194.80,0,0.00,0,0,06-JAN-2025
OPTSTK,RAMCOCEM,27-Mar-2025,2025-03-27,1020.00,PE,0.00,0.00,0.00,75.40,79.20,0,0.00,0,0,06-JAN-2025
OPTSTK,RAMCOCEM,30-Jan-2025,2025-01-30,1020.00,PE,48.35,62.80,48.35,62.75,69.40,8,73.19265,11050,4250,06-JAN-2025
OPTSTK,RAMCOCEM,27-Mar-2025,2025-03-27,1020.00,CE,0.00,0.00,0.00,50.35,26.35,0,0.00,0,0,06-JAN-2025
OPTSTK,RAMCOCEM,27-Feb-2025,2025-02-27,1020.00,CE,0.00,0.00,0.00,48.40,16.65,0,0.00,0,0,06-JAN-2025
FUTSTK,RAMCOCEM,30-Jan-2025,2025-01-30,,,983.70,988.50,951.60,956.30,956.30,2335,19222.4448,5569200,-456450,06-JAN-2025
OPTSTK,RAMCOCEM,27-Feb-2025,2025-02-27,980.00,CE,0.00,0.00,0.00,66.10,29.70,0,0.00,0,0,06-JAN-2025
OPTSTK,RAMCOCEM,27-Mar-2025,2025-03-27,1120.00,CE,0.00,0.00,0.00,21.25,7.20,0,0.00,0,0,06-JAN-2025
OPTSTK,RAMCOCEM,30-Jan-2025,2025-01-30,800.00,CE,0.00,0.00,0.00,116.35,155.75,0,0.00,0,0,06-JAN-2025
OPTSTK,RAMCOCEM,27-Mar-2025,2025-03-27,800.00,CE,0.00,0.00,0.00,196.30,166.85,0,0.00,0,0,06-JAN-2025
OPTSTK,RAMCOCEM,27-Feb-2025,2025-02-27,940.00,PE,0.00,0.00,0.00,36.10,27.80,0,0.00,0,0,06-JAN-2025
OPTSTK,RAMCOCEM,30-Jan-2025,2025-01-30,940.00,PE,8.00,20.20,8.00,19.75,19.75,96,777.6497,68850,4250,06-JAN-2025
OPTSTK,RAMCOCEM,27-Feb-2025,2025-02-27,930.00,CE,0.00,0.00,0.00,83.95,54.80,0,0.00,0,0,06-JAN-2025
OPTSTK,RAMCOCEM,30-Jan-2025,2025-01-30,920.00,CE,56.95,56.95,49.90,49.90,47.35,5,41.352925,11900,850,06-JAN-2025
OPTSTK,RAMCOCEM,27-Feb-2025,2025-02-27,1080.00,CE,0.00,0.00,0.00,28.85,6.05,0,0.00,0,0,06-JAN-2025
OPTSTK,RAMCOCEM,30-Jan-2025,2025-01-30,860.00,PE,1.05,3.55,1.05,3.35,3.35,341,2499.23672,272850,-86700,06-JAN-2025
OPTSTK,RAMCOCEM,27-Mar-2025,2025-03-27,860.00,CE,0.00,0.00,0.00,145.85,115.05,0,0.00,0,0,06-JAN-2025
OPTSTK,RAMCOCEM,30-Jan-2025,2025-01-30,920.00,PE,5.60,10.10,5.05,10.10,11.15,76,599.62655,53550,-1700,06-JAN-2025
OPTSTK,RAMCOCEM,30-Jan-2025,2025-01-30,820.00,CE,0.00,0.00,0.00,101.90,136.00,0,0.00,0,0,06-JAN-2025
OPTSTK,RAMCOCEM,27-Feb-2025,2025-02-27,880.00,PE,0.00,0.00,0.00,17.60,9.35,0,0.00,0,0,06-JAN-2025
OPTSTK,RAMCOCEM,27-Mar-2025,2025-03-27,980.00,CE,0.00,0.00,0.00,68.25,40.85,0,0.00,0,0,06-JAN-2025
OPTSTK,RAMCOCEM,30-Jan-2025,2025-01-30,980.00,PE,21.15,41.90,21.15,40.00,40.00,146,1255.58472,96050,-11900,06-JAN-2025
OPTSTK,RAMCOCEM,27-Feb-2025,2025-02-27,950.00,PE,0.00,0.00,0.00,33.10,32.25,0,0.00,0,0,06-JAN-2025
OPTSTK,RAMCOCEM,30-Jan-2025,2025-01-30,1060.00,CE,4.75,4.85,2.40,2.85,1.90,88,795.536675,34850,-2550,06-JAN-2025
OPTSTK,CGPOWER,30-Jan-2025,2025-01-30,690.00,CE,51.25,51.25,48.80,48.80,42.15,5,26.8253625,5075,0,06-JAN-2025
OPTSTK,CGPOWER,27-Feb-2025,2025-02-27,600.00,PE,0.00,0.00,0.00,10.15,3.80,0,0.00,0,0,06-JAN-2025
OPTSTK,IGL,27-Mar-2025,2025-03-27,460.00,PE,0.00,0.00,0.00,78.50,50.25,0,0.00,0,0,06-JAN-2025
OPTSTK,IGL,27-Feb-2025,2025-02-27,460.00,PE,0.00,0.00,0.00,135.40,45.85,0,0.00,0,0,06-JAN-2025
OPTSTK,CGPOWER,27-Feb-2025,2025-02-27,750.00,PE,0.00,0.00,0.00,41.80,55.95,0,0.00,4350,0,06-JAN-2025
OPTSTK,IGL,30-Jan-2025,2025-01-30,480.00,CE,3.30,3.45,1.45,1.75,1.75,685,4538.666,1016125,34375,06-JAN-2025
OPTSTK,IGL,27-Mar-2025,2025-03-27,480.00,CE,0.00,0.00,0.00,13.20,15.45,0,0.00,0,0,06-JAN-2025
OPTSTK,IGL,27-Feb-2025,2025-02-27,450.00,CE,10.00,12.00,8.50,8.55,17.55,17,107.320812,22000,16500,06-JAN-2025
OPTSTK,IGL,30-Jan-2025,2025-01-30,450.00,PE,24.00,40.00,22.95,36.40,36.40,151,1002.21825,470250,0,06-JAN-2025
OPTSTK,CGPOWER,30-Jan-2025,2025-01-30,660.00,CE,0.00,0.00,0.00,81.40,63.80,0,0.00,4350,0,06-JAN-2025
OPTSTK,IGL,27-Feb-2025,2025-02-27,385.00,PE,0.00,0.00,0.00,26.25,9.20,0,0.00,0,0,06-JAN-2025
OPTSTK,IGL,27-Feb-2025,2025-02-27,385.00,CE,0.00,0.00,0.00,36.55,52.00,0,0.00,0,0,06-JAN-2025
OPTSTK,IGL,30-Jan-2025,2025-01-30,500.00,CE,1.75,1.75,0.65,0.90,0.90,125,860.796062,103125,30250,06-JAN-2025
OPTSTK,CGPOWER,27-Feb-2025,2025-02-27,810.00,CE,0.00,0.00,0.00,32.25,11.65,0,0.00,0,0,06-JAN-2025
FUTSTK,CGPOWER,30-Jan-2025,2025-01-30,,,747.95,747.95,712.00,716.75,716.75,1711,8999.55985,4800225,171825,06-JAN-2025
OPTSTK,IGL,27-Feb-2025,2025-02-27,435.00,PE,0.00,0.00,0.00,56.25,30.00,0,0.00,0,0,06-JAN-2025
OPTSTK,IGL,27-Mar-2025,2025-03-27,420.00,CE,0.00,0.00,0.00,28.95,37.65,0,0.00,0,0,06-JAN-2025
OPTSTK,IGL,27-Feb-2025,2025-02-27,420.00,PE,0.00,0.00,0.00,99.55,22.20,0,0.00,0,0,06-JAN-2025
OPTSTK,IGL,30-Jan-2025,2025-01-30,385.00,CE,40.70,40.75,40.70,40.75,44.70,2,11.7074375,39875,0,06-JAN-2025
OPTSTK,IGL,27-Feb-2025,2025-02-27,435.00,CE,0.00,0.00,0.00,17.20,23.30,0,0.00,0,0,06-JAN-2025
OPTSTK,CGPOWER,27-Mar-2025,2025-03-27,640.00,PE,0.00,0.00,0.00,18.90,15.65,0,0.00,0,0,06-JAN-2025
OPTSTK,CGPOWER,27-Mar-2025,2025-03-27,640.00,CE,0.00,0.00,0.00,134.20,99.35,0,0.00,0,0,06-JAN-2025
OPTSTK,IGL,30-Jan-2025,2025-01-30,420.00,PE,9.50,18.40,7.80,15.65,15.65,1103,6589.84218,853875,42625,06-JAN-2025
FUTSTK,IGL,30-Jan-2025,2025-01-30,,,433.60,437.30,413.70,418.55,418.55,6813,39454.492,21950500,-258500,06-JAN-2025
FUTSTK,CGPOWER,27-Feb-2025,2025-02-27,,,744.10,744.10,717.85,720.40,720.40,58,305.406975,102950,9425,06-JAN-2025
OPTSTK,IGL,30-Jan-2025,2025-01-30,260.00,PE,0.00,0.00,0.00,0.20,0.05,0,0.00,11000,0,06-JAN-2025
OPTSTK,CGPOWER,27-Mar-2025,2025-03-27,800.00,PE,0.00,0.00,0.00,89.50,96.45,0,0.00,0,0,06-JAN-2025
OPTSTK,CGPOWER,30-Jan-2025,2025-01-30,800.00,PE,0.00,0.00,0.00,54.35,86.45,0,0.00,36250,0,06-JAN-2025
OPTSTK,IGL,30-Jan-2025,2025-01-30,395.00,PE,3.15,7.35,2.65,6.20,6.20,477,2628.4775,346500,-37125,06-JAN-2025
OPTSTK,CGPOWER,27-Mar-2025,2025-03-27,780.00,CE,0.00,0.00,0.00,55.20,28.00,0,0.00,0,0,06-JAN-2025
OPTSTK,IGL,27-Feb-2025,2025-02-27,355.00,CE,0.00,0.00,0.00,54.05,75.90,0,0.00,0,0,06-JAN-2025
OPTSTK,IGL,27-Feb-2025,2025-02-27,495.00,PE,0.00,0.00,0.00,104.30,72.85,0,0.00,0,0,06-JAN-2025
OPTSTK,IGL,30-Jan-2025,2025-01-30,410.00,CE,31.30,31.30,16.90,19.90,19.90,365,2160.16556,673750,13750,06-JAN-2025
OPTSTK,PEL,27-Feb-2025,2025-02-27,1220.00,CE,0.00,0.00,0.00,43.50,13.40,0,0.00,0,0,06-JAN-2025
OPTSTK,PEL,30-Jan-2025,2025-01-30,1220.00,CE,6.00,6.00,3.30,3.65,3.65,465,4269.04612,126750,30750,06-JAN-2025
OPTSTK,PEL,30-Jan-2025,2025-01-30,1260.00,CE,3.30,3.30,1.85,2.10,2.10,297,2811.90862,100500,13500,06-JAN-2025
OPTSTK,SBILIFE,30-Jan-2025,2025-01-30,1260.00,CE,0.00,0.00,0.00,195.00,180.65,0,0.00,0,0,06-JAN-2025
OPTSTK,PEL,27-Feb-2025,2025-02-27,1100.00,CE,0.00,0.00,0.00,76.75,42.15,0,0.00,750,0,06-JAN-2025
OPTSTK,SBILIFE,27-Mar-2025,2025-03-27,1480.00,PE,0.00,0.00,0.00,105.75,76.85,0,0.00,0,0,06-JAN-2025
OPTSTK,SBILIFE,30-Jan-2025,2025-01-30,1480.00,CE,26.50,31.90,18.75,22.00,22.00,1096,6181.15668,112125,29625,06-JAN-2025
OPTSTK,SBILIFE,27-Feb-2025,2025-02-27,1200.00,PE,0.00,0.00,0.00,8.60,0.75,0,0.00,0,0,06-JAN-2025
OPTSTK,PEL,27-Feb-2025,2025-02-27,1160.00,PE,0.00,0.00,0.00,86.60,126.25,0,0.00,0,0,06-JAN-2025
OPTSTK,PEL,30-Jan-2025,2025-01-30,1160.00,PE,79.20,102.90,79.20,102.90,116.55,17,158.808,61500,-3000,06-JAN-2025
OPTSTK,PEL,27-Mar-2025,2025-03-27,1200.00,PE,0.00,0.00,0.00,147.45,164.25,0,0.00,0,0,06-JAN-2025
OPTSTK,SBILIFE,30-Jan-2025,2025-01-30,1200.00,CE,0.00,0.00,0.00,444.75,240.00,0,0.00,0,0,06-JAN-2025
OPTSTK,PEL,27-Feb-2025,2025-02-27,1200.00,CE,23.15,23.15,15.10,16.80,16.50,9,82.28025,5250,2250,06-JAN-2025
OPTSTK,PEL,27-Mar-2025,2025-03-27,1280.00,PE,0.00,0.00,0.00,203.60,229.60,0,0.00,0,0,06-JAN-2025
OPTSTK,PEL,27-Feb-2025,2025-02-27,1120.00,PE,0.00,0.00,0.00,68.80,97.55,0,0.00,0,0,06-JAN-2025
OPTSTK,SBILIFE,30-Jan-2025,2025-01-30,1640.00,PE,0.00,0.00,0.00,87.85,198.65,0,0.00,0,0,06-JAN-2025
OPTSTK,SBILIFE,27-Feb-2025,2025-02-27,1400.00,CE,0.00,0.00,0.00,111.95,78.20,0,0.00,0,0,06-JAN-2025
OPTSTK,SBILIFE,27-Mar-2025,2025-03-27,1400.00,PE,0.00,0.00,0.00,63.50,38.80,0,0.00,0,0,06-JAN-2025
OPTSTK,SBILIFE,30-Jan-2025,2025-01-30,1320.00,PE,4.00,7.00,3.55,6.45,6.45,335,1665.63112,58125,14250,06-JAN-2025
OPTSTK,SBILIFE,30-Jan-2025,2025-01-30,1340.00,PE,5.55,9.75,4.95,9.10,9.10,511,2581.80581,70875,10500,06-JAN-2025
OPTSTK,SBILIFE,27-Feb-2025,2025-02-27,1340.00,PE,0.00,0.00,0.00,30.85,13.25,0,0.00,0,0,06-JAN-2025
OPTSTK,SBILIFE,30-Jan-2025,2025-01-30,1220.00,PE,0.00,0.00,0.00,2.30,0.10,0,0.00,375,0,06-JAN-2025
OPTSTK,SBILIFE,27-Feb-2025,2025-02-27,1640.00,CE,0.00,0.00,0.00,26.20,5.25,0,0.00,0,0,06-JAN-2025
OPTSTK,PEL,27-Feb-2025,2025-02-27,1080.00,PE,0.00,0.00,0.00,53.35,72.40,0,0.00,0,0,06-JAN-2025
OPTSTK,PEL,27-Feb-2025,2025-02-27,920.00,PE,0.00,0.00,0.00,14.25,12.30,0,0.00,0,0,06-JAN-2025
OPTSTK,PEL,27-Mar-2025,2025-03-27,920.00,PE,0.00,0.00,0.00,24.20,20.35,0,0.00,0,0,06-JAN-2025
OPTSTK,PEL,27-Mar-2025,2025-03-27,920.00,CE,0.00,0.00,0.00,219.25,160.95,0,0.00,0,0,06-JAN-2025
OPTSTK,PEL,27-Feb-2025,2025-02-27,1080.00,CE,0.00,0.00,0.00,172.80,49.80,0,0.00,0,0,06-JAN-2025
OPTSTK,PEL,30-Jan-2025,2025-01-30,920.00,PE,2.95,6.95,2.85,5.50,5.50,190,1317.46425,96000,96000,06-JAN-2025
OPTSTK,SBILIFE,27-Feb-2025,2025-02-27,1420.00,CE,0.00,0.00,0.00,70.30,66.30,0,0.00,0,0,06-JAN-2025
OPTSTK,SBILIFE,30-Jan-2025,2025-01-30,1420.00,PE,21.00,33.00,17.70,29.95,29.95,818,4437.12412,169125,-9000,06-JAN-2025
OPTSTK,PEL,30-Jan-2025,2025-01-30,1180.00,PE,104.10,140.30,103.80,140.30,140.30,9,87.3765,44250,6000,06-JAN-2025
OPTSTK,NATIONALUM,30-Jan-2025,2025-01-30,252.50,CE,0.00,0.00,0.00,0.35,0.25,0,0.00,236250,0,06-JAN-2025
OPTSTK,NATIONALUM,27-Feb-2025,2025-02-27,215.00,PE,0.00,0.00,0.00,11.50,21.45,0,0.00,3750,0,06-JAN-2025
OPTSTK,NATIONALUM,30-Jan-2025,2025-01-30,215.00,PE,13.30,17.70,11.90,16.90,16.90,119,1024.64812,1612500,-26250,06-JAN-2025
OPTSTK,NATIONALUM,30-Jan-2025,2025-01-30,245.00,CE,0.50,0.50,0.30,0.30,0.30,88,809.833125,750000,71250,06-JAN-2025
OPTSTK,NATIONALUM,30-Jan-2025,2025-01-30,210.00,PE,9.75,14.10,8.70,13.00,13.00,893,7399.63875,2430000,-780000,06-JAN-2025
OPTSTK,NATIONALUM,27-Mar-2025,2025-03-27,210.00,PE,0.00,0.00,0.00,17.90,20.90,0,0.00,0,0,06-JAN-2025
OPTSTK,NATIONALUM,27-Feb-2025,2025-02-27,210.00,CE,0.00,0.00,0.00,11.50,10.30,0,0.00,18750,0,06-JAN-2025
OPTSTK,NATIONALUM,27-Feb-2025,2025-02-27,210.00,PE,0.00,0.00,0.00,9.00,18.25,0,0.00,7500,0,06-JAN-2025
OPTSTK,NATIONALUM,27-Mar-2025,2025-03-27,240.00,PE,0.00,0.00,0.00,34.90,42.10,0,0.00,0,0,06-JAN-2025
OPTSTK,NATIONALUM,30-Jan-2025,2025-01-30,202.50,PE,6.35,9.45,6.10,8.60,8.60,183,1442.64,161250,-52500,06-JAN-2025
FUTSTK,NATIONALUM,30-Jan-2025,2025-01-30,,,208.00,208.44,199.64,201.09,201.09,5125,39140.8912,52522500,105000,06-JAN-2025
OPTSTK,NATIONALUM,30-Jan-2025,2025-01-30,260.00,PE,0.00,0.00,0.00,49.45,58.90,0,0.00,33750,0,06-JAN-2025
OPTSTK,NATIONALUM,30-Jan-2025,2025-01-30,260.00,CE,0.25,0.25,0.15,0.15,0.15,34,331.73625,2347500,15000,06-JAN-2025
OPTSTK,NATIONALUM,30-Jan-2025,2025-01-30,217.50,CE,3.80,4.35,2.15,2.45,2.45,412,3409.32,1743750,45000,06-JAN-2025
OPTSTK,NATIONALUM,30-Jan-2025,2025-01-30,217.50,PE,15.20,17.60,15.20,17.30,20.05,7,61.5075,281250,0,06-JAN-2025
OPTSTK,NATIONALUM,30-Jan-2025,2025-01-30,202.50,CE,9.65,10.05,6.75,7.20,7.20,280,2208.18375,146250,120000,06-JAN-2025
OPTSTK,NATIONALUM,30-Jan-2025,2025-01-30,215.00,CE,5.10,5.20,2.65,2.95,2.95,1091,8956.70812,2388750,97500,06-JAN-2025
OPTSTK,NATIONALUM,27-Mar-2025,2025-03-27,240.00,CE,0.00,0.00,0.00,16.30,5.65,0,0.00,0,0,06-JAN-2025
OPTSTK,NATIONALUM,30-Jan-2025,2025-01-30,220.00,CE,3.85,3.85,1.80,1.95,1.95,1551,12948.0581,4691250,813750,06-JAN-2025
OPTSTK,NATIONALUM,27-Mar-2025,2025-03-27,220.00,CE,0.00,0.00,0.00,12.00,10.50,0,0.00,3750,0,06-JAN-2025
OPTSTK,NATIONALUM,30-Jan-2025,2025-01-30,180.00,PE,0.70,2.10,0.70,1.75,1.75,654,4451.98875,1278750,277500,06-JAN-2025
OPTSTK,NATIONALUM,27-Mar-2025,2025-03-27,180.00,PE,0.00,0.00,0.00,6.90,7.10,0,0.00,0,0,06-JAN-2025
OPTSTK,NATIONALUM,27-Feb-2025,2025-02-27,230.00,CE,3.40,3.50,3.20,3.20,3.20,5,43.75125,67500,15000,06-JAN-2025
OPTSTK,NATIONALUM,27-Mar-2025,2025-03-27,230.00,CE,0.00,0.00,0.00,19.85,7.80,0,0.00,0,0,06-JAN-2025
OPTSTK,NATIONALUM,27-Feb-2025,2025-02-27,220.00,PE,0.00,0.00,0.00,14.50,24.95,0,0.00,30000,0,06-JAN-2025
OPTSTK,NATIONALUM,27-Feb-2025,2025-02-27,250.00,CE,1.80,1.80,1.80,1.80,1.95,6,56.655,131250,3750,06-JAN-2025
OPTSTK,NATIONALUM,30-Jan-2025,2025-01-30,237.50,CE,0.95,0.95,0.45,0.50,0.50,38,339.30375,127500,7500,06-JAN-2025
OPTSTK,NATIONALUM,27-Mar-2025,2025-03-27,260.00,PE,0.00,0.00,0.00,49.05,59.05,0,0.00,0,0,06-JAN-2025
OPTSTK,NATIONALUM,30-Jan-2025,2025-01-30,185.00,PE,1.25,3.05,1.10,2.65,2.65,470,3300.195,783750,240000,06-JAN-2025
OPTSTK,NATIONALUM,30-Jan-2025,2025-01-30,185.00,CE,23.05,23.05,17.75,19.35,19.00,6,46.051875,18750,18750,06-JAN-2025
OPTSTK,NATIONALUM,27-Feb-2025,2025-02-27,185.00,PE,5.65,5.65,5.65,5.65,6.35,1,7.149375,3750,3750,06-JAN-2025
OPTSTK,SUNTV,30-Jan-2025,2025-01-30,690.00,CE,16.05,16.05,9.85,10.95,10.95,175,922.226625,115500,9750,06-JAN-2025
OPTSTK,SUNTV,30-Jan-2025,2025-01-30,750.00,CE,2.55,2.55,1.40,1.60,1.60,150,845.6745,168750,-29250,06-JAN-2025
OPTSTK,SUNTV,27-Feb-2025,2025-02-27,800.00,CE,0.00,0.00,0.00,36.90,2.15,0,0.00,0,0,06-JAN-2025
OPTSTK,MARUTI,30-Jan-2025,2025-01-30,13300.00,CE,13.30,15.10,7.50,8.80,8.80,561,3733.51605,10750,-2250,06-JAN-2025
OPTSTK,MARUTI,30-Jan-2025,2025-01-30,11500.00,PE,84.95,138.05,76.65,122.25,122.25,13154,76373.6344,148000,-38300,06-JAN-2025
OPTSTK,MARUTI,27-Feb-2025,2025-02-27,11500.00,CE,651.55,660.00,650.00,660.00,604.75,31,188.375775,2400,1350,06-JAN-2025
OPTSTK,MARUTI,27-Feb-2025,2025-02-27,11500.00,PE,191.35,253.80,191.35,244.75,244.75,28,164.187675,2700,150,06-JAN-2025
OPTSTK,MARUTI,30-Jan-2025,2025-01-30,11500.00,CE,568.00,568.00,386.55,417.40,417.40,934,5580.7559,153800,-4900,06-JAN-2025
OPTSTK,MARUTI,27-Mar-2025,2025-03-27,13400.00,PE,0.00,0.00,0.00,2311.25,1539.85,0,0.00,0,0,06-JAN-2025
OPTSTK,SUNTV,27-Feb-2025,2025-02-27,640.00,PE,0.00,0.00,0.00,10.90,14.60,0,0.00,0,0,06-JAN-2025
OPTSTK,MARUTI,27-Feb-2025,2025-02-27,10000.00,CE,0.00,0.00,0.00,1288.10,1859.00,0,0.00,0,0,06-JAN-2025
OPTSTK,MARUTI,30-Jan-2025,2025-01-30,10000.00,CE,0.00,0.00,0.00,1305.00,1800.15,0,0.00,3250,0,06-JAN-2025
OPTSTK,SUNTV,30-Jan-2025,2025-01-30,580.00,PE,1.20,1.25,0.50,1.20,1.20,317,1380.96975,25500,15000,06-JAN-2025
OPTSTK,MARUTI,27-Feb-2025,2025-02-27,9700.00,CE,0.00,0.00,0.00,1379.00,2151.10,0,0.00,0,0,06-JAN-2025
OPTSTK,MARUTI,27-Feb-2025,2025-02-27,9700.00,PE,0.00,0.00,0.00,61.40,2.85,0,0.00,0,0,06-JAN-2025
OPTSTK,MARUTI,30-Jan-2025,2025-01-30,9700.00,PE,4.95,7.60,4.00,5.45,5.45,189,917.128975,22350,-600,06-JAN-2025
OPTSTK,MARUTI,30-Jan-2025,2025-01-30,9700.00,CE,0.00,0.00,0.00,1432.55,2098.45,0,0.00,0,0,06-JAN-2025
OPTSTK,SUNTV,30-Jan-2025,2025-01-30,640.00,CE,0.00,0.00,0.00,134.50,39.15,0,0.00,0,0,06-JAN-2025
OPTSTK,SUNTV,27-Feb-2025,2025-02-27,640.00,CE,0.00,0.00,0.00,128.60,49.30,0,0.00,0,0,06-JAN-2025
OPTSTK,SUNTV,30-Jan-2025,2025-01-30,800.00,CE,0.85,0.85,0.40,0.45,0.45,116,696.4845,624000,15000,06-JAN-2025
OPTSTK,SUNTV,30-Jan-2025,2025-01-30,780.00,PE,0.00,0.00,0.00,62.40,108.40,0,0.00,0,0,06-JAN-2025
OPTSTK,MARUTI,30-Jan-2025,2025-01-30,9600.00,PE,4.70,5.20,3.25,4.65,4.65,122,585.8754,21800,100,06-JAN-2025
OPTSTK,MARUTI,27-Feb-2025,2025-02-27,9600.00,PE,0.00,0.00,0.00,86.45,1.95,0,0.00,0,0,06-JAN-2025
OPTSTK,MARUTI,27-Feb-2025,2025-02-27,10900.00,CE,0.00,0.00,0.00,532.40,1041.05,0,0.00,0,0,06-JAN-2025
OPTSTK,MARUTI,30-Jan-2025,2025-01-30,10900.00,CE,1006.20,1080.50,887.50,934.70,934.70,13,76.979375,22750,-350,06-JAN-2025
OPTSTK,MARUTI,30-Jan-2025,2025-01-30,10900.00,PE,27.35,39.60,24.00,36.30,36.30,1539,8412.9563,51500,-14850,06-JAN-2025
OPTSTK,SUNTV,27-Feb-2025,2025-02-27,670.00,CE,0.00,0.00,0.00,53.00,31.90,0,0.00,0,0,06-JAN-2025
OPTSTK,MARUTI,27-Mar-2025,2025-03-27,12200.00,PE,0.00,0.00,0.00,1281.65,647.55,0,0.00,0,0,06-JAN-2025
OPTSTK,MARUTI,27-Feb-2025,2025-02-27,12200.00,CE,320.00,320.85,280.00,280.00,264.20,9,56.267925,1250,100,06-JAN-2025
OPTSTK,MARUTI,30-Jan-2025,2025-01-30,12200.00,CE,140.80,159.85,81.90,91.90,91.90,8196,50442.465,212350,51650,06-JAN-2025
OPTSTK,MARUTI,30-Jan-2025,2025-01-30,12200.00,PE,366.00,526.05,366.00,500.00,500.00,507,3200.4384,11050,-4750,06-JAN-2025
OPTSTK,MARUTI,27-Mar-2025,2025-03-27,11600.00,PE,0.00,0.00,0.00,853.35,345.45,0,0.00,0,0,06-JAN-2025
OPTSTK,HDFCLIFE,30-Jan-2025,2025-01-30,690.00,CE,1.75,1.75,0.90,0.95,0.95,274,2082.89895,225500,26400,06-JAN-2025
OPTSTK,HDFCLIFE,27-Feb-2025,2025-02-27,540.00,CE,0.00,0.00,0.00,130.25,73.10,0,0.00,0,0,06-JAN-2025
OPTSTK,HDFCLIFE,27-Feb-2025,2025-02-27,640.00,CE,0.00,0.00,0.00,54.15,11.15,0,0.00,0,0,06-JAN-2025
OPTSTK,HDFCLIFE,27-Mar-2025,2025-03-27,640.00,CE,0.00,0.00,0.00,35.10,17.05,0,0.00,0,0,06-JAN-2025
OPTSTK,HDFCLIFE,27-Feb-2025,2025-02-27,580.00,PE,11.00,11.00,9.85,9.85,9.85,2,12.98935,13200,1100,06-JAN-2025
OPTSTK,HDFCLIFE,30-Jan-2025,2025-01-30,540.00,PE,0.70,1.60,0.55,1.35,1.35,872,5191.05455,601700,294800,06-JAN-2025
OPTSTK,HDFCLIFE,30-Jan-2025,2025-01-30,520.00,CE,0.00,0.00,0.00,209.85,88.30,0,0.00,0,0,06-JAN-2025
FUTSTK,HDFCLIFE,27-Feb-2025,2025-02-27,,,631.15,632.95,609.75,612.80,612.80,313,2127.0106,695200,139700,06-JAN-2025
OPTSTK,HDFCLIFE,30-Jan-2025,2025-01-30,570.00,CE,47.25,47.25,41.50,43.45,43.45,20,135.1174,15400,15400,06-JAN-2025
OPTSTK,HDFCLIFE,27-Feb-2025,2025-02-27,570.00,CE,0.00,0.00,0.00,70.85,47.95,0,0.00,0,0,06-JAN-2025
OPTSTK,HDFCLIFE,27-Feb-2025,2025-02-27,670.00,PE,0.00,0.00,0.00,51.60,62.40,0,0.00,0,0,06-JAN-2025
OPTSTK,HDFCLIFE,27-Mar-2025,2025-03-27,680.00,PE,0.00,0.00,0.00,61.50,71.30,0,0.00,0,0,06-JAN-2025
OPTSTK,HDFCLIFE,27-Mar-2025,2025-03-27,680.00,CE,0.00,0.00,0.00,20.15,7.25,0,0.00,0,0,06-JAN-2025
OPTSTK,HDFCLIFE,30-Jan-2025,2025-01-30,720.00,CE,0.75,0.85,0.45,0.50,0.50,56,443.9105,125400,13200,06-JAN-2025
OPTSTK,HDFCLIFE,27-Feb-2025,2025-02-27,720.00,CE,0.00,0.00,0.00,20.10,0.85,0,0.00,0,0,06-JAN-2025
OPTSTK,HDFCLIFE,27-Mar-2025,2025-03-27,720.00,CE,0.00,0.00,0.00,10.80,2.65,0,0.00,0,0,06-JAN-2025
OPTSTK,HDFCLIFE,27-Feb-2025,2025-02-27,720.00,PE,0.00,0.00,0.00,69.45,108.00,0,0.00,0,0,06-JAN-2025
OPTSTK,HDFCLIFE,30-Jan-2025,2025-01-30,560.00,PE,1.25,3.35,1.00,2.90,2.90,1008,6234.04925,850300,52800,06-JAN-2025
OPTSTK,HDFCLIFE,27-Feb-2025,2025-02-27,520.00,PE,0.00,0.00,0.00,1.50,0.75,0,0.00,0,0,06-JAN-2025
OPTSTK,HDFCLIFE,27-Feb-2025,2025-02-27,520.00,CE,0.00,0.00,0.00,148.60,91.65,0,0.00,0,0,06-JAN-2025
OPTSTK,HDFCLIFE,27-Feb-2025,2025-02-27,640.00,PE,0.00,0.00,0.00,24.90,39.05,0,0.00,0,0,06-JAN-2025
OPTSTK,HDFCLIFE,27-Mar-2025,2025-03-27,660.00,CE,0.00,0.00,0.00,26.85,11.30,0,0.00,0,0,06-JAN-2025
OPTSTK,HDFCLIFE,27-Mar-2025,2025-03-27,660.00,PE,0.00,0.00,0.00,48.55,55.70,0,0.00,0,0,06-JAN-2025
OPTSTK,HDFCLIFE,27-Mar-2025,2025-03-27,600.00,PE,0.00,0.00,0.00,19.45,20.05,0,0.00,0,0,06-JAN-2025
OPTSTK,HDFCLIFE,27-Feb-2025,2025-02-27,600.00,CE,0.00,0.00,0.00,80.60,28.00,0,0.00,0,0,06-JAN-2025
OPTSTK,HDFCLIFE,27-Feb-2025,2025-02-27,620.00,CE,19.50,21.40,19.50,21.40,18.20,2,14.0899,1100,0,06-JAN-2025
OPTSTK,HDFCLIFE,27-Mar-2025,2025-03-27,620.00,CE,0.00,0.00,0.00,45.05,24.85,0,0.00,0,0,06-JAN-2025
OPTSTK,HDFCLIFE,27-Feb-2025,2025-02-27,560.00,CE,0.00,0.00,0.00,112.65,55.85,0,0.00,0,0,06-JAN-2025
OPTSTK,HDFCLIFE,27-Feb-2025,2025-02-27,700.00,CE,4.85,4.85,2.35,3.25,3.25,12,92.8081,9900,6600,06-JAN-2025
OPTSTK,HDFCLIFE,27-Feb-2025,2025-02-27,670.00,CE,9.80,9.80,5.35,5.35,4.75,2,14.90665,0,0,06-JAN-2025
OPTSTK,HDFCLIFE,27-Feb-2025,2025-02-27,540.00,PE,0.00,0.00,0.00,2.80,2.00,0,0.00,0,0,06-JAN-2025
OPTSTK,HDFCLIFE,27-Mar-2025,2025-03-27,640.00,PE,0.00,0.00,0.00,37.15,41.75,0,0.00,0,0,06-JAN-2025
OPTSTK,GRANULES,30-Jan-2025,2025-01-30,680.00,CE,2.95,4.60,2.85,3.75,3.75,535,3657.846,209000,-5000,06-JAN-2025
FUTSTK,GRANULES,30-Jan-2025,2025-01-30,,,608.70,623.10,608.05,611.00,611.00,4800,29551.3265,13496000,-517000,06-JAN-2025
OPTSTK,GRANULES,30-Jan-2025,2025-01-30,680.00,PE,64.50,71.55,64.50,71.55,71.55,11,82.454,25000,3000,06-JAN-2025
OPTSTK,GRANULES,27-Feb-2025,2025-02-27,550.00,CE,0.00,0.00,0.00,74.25,74.60,0,0.00,0,0,06-JAN-2025
OPTSTK,GRANULES,30-Jan-2025,2025-01-30,610.00,PE,15.20,22.00,13.50,21.00,21.00,288,1808.166,91000,20000,06-JAN-2025
OPTSTK,GRANULES,27-Mar-2025,2025-03-27,520.00,PE,0.00,0.00,0.00,21.25,9.85,0,0.00,0,0,06-JAN-2025
OPTSTK,GRANULES,27-Feb-2025,2025-02-27,590.00,CE,0.00,0.00,0.00,51.95,48.35,0,0.00,0,0,06-JAN-2025
OPTSTK,GRANULES,30-Jan-2025,2025-01-30,590.00,CE,31.50,39.85,31.50,33.80,33.80,116,726.149,198000,0,06-JAN-2025
OPTSTK,GRANULES,27-Feb-2025,2025-02-27,500.00,CE,0.00,0.00,0.00,109.65,115.80,0,0.00,0,0,06-JAN-2025
OPTSTK,GRANULES,27-Mar-2025,2025-03-27,540.00,CE,0.00,0.00,0.00,90.50,90.25,0,0.00,0,0,06-JAN-2025
OPTSTK,GRANULES,27-Feb-2025,2025-02-27,530.00,PE,0.00,0.00,0.00,17.85,7.20,0,0.00,0,0,06-JAN-2025
OPTSTK,GRANULES,30-Jan-2025,2025-01-30,530.00,CE,0.00,0.00,0.00,79.85,82.35,0,0.00,0,0,06-JAN-2025
OPTSTK,GRANULES,27-Feb-2025,2025-02-27,590.00,PE,0.00,0.00,0.00,41.60,24.80,0,0.00,0,0,06-JAN-2025
OPTSTK,GRANULES,27-Feb-2025,2025-02-27,650.00,CE,13.75,18.60,13.75,14.35,14.35,33,219.7375,33000,12000,06-JAN-2025
OPTSTK,GRANULES,27-Mar-2025,2025-03-27,620.00,CE,0.00,0.00,0.00,49.60,43.30,0,0.00,0,0,06-JAN-2025
OPTSTK,GRANULES,30-Jan-2025,2025-01-30,560.00,PE,3.45,5.70,2.55,5.45,5.45,421,2375.0075,123000,37000,06-JAN-2025
OPTSTK,GRANULES,27-Feb-2025,2025-02-27,620.00,PE,0.00,0.00,0.00,69.35,39.40,0,0.00,0,0,06-JAN-2025
OPTSTK,GRANULES,30-Jan-2025,2025-01-30,610.00,CE,18.00,27.25,18.00,22.00,22.00,1677,10620.989,312000,69000,06-JAN-2025
OPTSTK,GRANULES,27-Feb-2025,2025-02-27,500.00,PE,0.00,0.00,0.00,17.00,3.15,0,0.00,0,0,06-JAN-2025
OPTSTK,GRANULES,27-Feb-2025,2025-02-27,540.00,CE,0.00,0.00,0.00,83.15,82.20,0,0.00,0,0,06-JAN-2025
OPTSTK,GRANULES,27-Mar-2025,2025-03-27,540.00,PE,0.00,0.00,0.00,27.80,14.40,0,0.00,0,0,06-JAN-2025
OPTSTK,GRANULES,30-Jan-2025,2025-01-30,540.00,PE,1.35,3.15,1.35,3.00,3.00,125,677.6105,80000,-2000,06-JAN-2025
OPTSTK,GRANULES,30-Jan-2025,2025-01-30,620.00,PE,20.80,27.25,18.00,26.00,26.00,333,2138.3875,81000,38000,06-JAN-2025
OPTSTK,GRANULES,27-Feb-2025,2025-02-27,610.00,CE,28.00,34.10,28.00,30.35,30.35,11,70.5765,16000,2000,06-JAN-2025
FUTSTK,GRANULES,27-Mar-2025,2025-03-27,,,621.30,629.00,616.45,616.45,616.45,12,74.8845,8000,1000,06-JAN-2025
OPTSTK,GRANULES,30-Jan-2025,2025-01-30,550.00,PE,2.25,4.40,1.70,4.00,4.00,177,979.334,98000,1000,06-JAN-2025
OPTSTK,GRANULES,27-Feb-2025,2025-02-27,560.00,PE,0.00,0.00,0.00,8.20,14.15,0,0.00,3000,0,06-JAN-2025
OPTSTK,GRANULES,27-Mar-2025,2025-03-27,560.00,CE,0.00,0.00,0.00,78.60,76.40,0,0.00,0,0,06-JAN-2025
OPTSTK,GRANULES,30-Jan-2025,2025-01-30,530.00,PE,2.10,2.30,2.10,2.30,2.30,4,21.288,98000,-4000,06-JAN-2025
OPTSTK,GRANULES,27-Feb-2025,2025-02-27,610.00,PE,0.00,0.00,0.00,52.20,34.10,0,0.00,0,0,06-JAN-2025
OPTSTK,GRANULES,27-Feb-2025,2025-02-27,580.00,CE,0.00,0.00,0.00,61.40,54.30,0,0.00,0,0,06-JAN-2025
OPTSTK,GRANULES,30-Jan-2025,2025-01-30,580.00,CE,35.30,46.90,35.30,40.40,40.40,46,285.989,109000,-6000,06-JAN-2025
OPTSTK,NESTLEIND,30-Jan-2025,2025-01-30,2320.00,PE,101.20,136.70,101.20,136.70,131.05,18,87.2342,5000,3200,06-JAN-2025
OPTSTK,NESTLEIND,27-Feb-2025,2025-02-27,2220.00,CE,0.00,0.00,0.00,60.00,54.40,0,0.00,200,0,06-JAN-2025
OPTSTK,NESTLEIND,30-Jan-2025,2025-01-30,2280.00,PE,70.70,114.85,70.70,114.85,97.50,16,75.4427,10600,2200,06-JAN-2025
OPTSTK,NESTLEIND,27-Feb-2025,2025-02-27,2160.00,PE,0.00,0.00,0.00,51.65,40.10,0,0.00,0,0,06-JAN-2025
OPTSTK,NESTLEIND,30-Jan-2025,2025-01-30,2260.00,CE,35.05,38.55,13.20,15.55,15.55,1784,8128.7933,104800,10000,06-JAN-2025
OPTSTK,NESTLEIND,30-Jan-2025,2025-01-30,2640.00,CE,1.25,1.25,1.25,1.25,0.05,3,15.8475,1600,0,06-JAN-2025
OPTSTK,NESTLEIND,30-Jan-2025,2025-01-30,2260.00,PE,57.10,104.20,54.80,96.50,82.20,120,560.9679,19800,4400,06-JAN-2025
OPTSTK,NESTLEIND,27-Feb-2025,2025-02-27,2260.00,CE,41.00,41.00,41.00,41.00,38.55,1,4.602,600,200,06-JAN-2025
OPTSTK,NESTLEIND,27-Feb-2025,2025-02-27,1960.00,CE,0.00,0.00,0.00,321.95,246.40,0,0.00,0,0,06-JAN-2025
OPTSTK,NESTLEIND,27-Feb-2025,2025-02-27,1980.00,PE,0.00,0.00,0.00,15.20,3.80,0,0.00,0,0,06-JAN-2025
OPTSTK,NESTLEIND,30-Jan-2025,2025-01-30,2040.00,CE,147.10,147.10,141.15,143.30,156.70,3,13.1031,3200,-400,06-JAN-2025
OPTSTK,NESTLEIND,27-Mar-2025,2025-03-27,2040.00,CE,0.00,0.00,0.00,183.75,191.15,0,0.00,0,0,06-JAN-2025
OPTSTK,NESTLEIND,27-Mar-2025,2025-03-27,2080.00,PE,0.00,0.00,0.00,49.15,24.45,0,0.00,0,0,06-JAN-2025
OPTSTK,NESTLEIND,30-Jan-2025,2025-01-30,2160.00,PE,16.15,40.45,14.45,33.55,33.55,959,4195.1978,117800,-2400,06-JAN-2025
FUTSTK,NESTLEIND,27-Mar-2025,2025-03-27,,,2257.65,2257.65,2191.75,2200.75,2200.75,73,323.7038,17600,7800,06-JAN-2025
OPTSTK,NESTLEIND,30-Jan-2025,2025-01-30,1980.00,PE,0.00,0.00,0.00,3.05,0.50,0,0.00,22600,0,06-JAN-2025
OPTSTK,NESTLEIND,27-Mar-2025,2025-03-27,2400.00,CE,0.00,0.00,0.00,29.00,19.30,0,0.00,0,0,06-JAN-2025
OPTSTK,NESTLEIND,27-Feb-2025,2025-02-27,2160.00,CE,0.00,0.00,0.00,166.90,85.75,0,0.00,0,0,06-JAN-2025
OPTSTK,NESTLEIND,27-Mar-2025,2025-03-27,2040.00,PE,0.00,0.00,0.00,37.00,16.15,0,0.00,0,0,06-JAN-2025
OPTSTK,NESTLEIND,30-Jan-2025,2025-01-30,2180.00,PE,16.25,51.00,16.25,42.95,42.95,1851,8208.4582,108600,34000,06-JAN-2025
OPTSTK,NESTLEIND,27-Feb-2025,2025-02-27,2180.00,CE,86.10,102.55,77.45,77.45,77.45,3,13.6122,400,400,06-JAN-2025
OPTSTK,NESTLEIND,30-Jan-2025,2025-01-30,2180.00,CE,75.75,80.65,38.10,43.90,43.90,1831,8152.7297,238800,29000,06-JAN-2025
OPTSTK,NESTLEIND,27-Feb-2025,2025-02-27,2180.00,PE,0.00,0.00,0.00,81.00,48.40,0,0.00,0,0,06-JAN-2025
OPTSTK,NESTLEIND,30-Jan-2025,2025-01-30,2380.00,CE,6.30,6.95,2.50,2.85,2.85,493,2350.2313,56200,800,06-JAN-2025
OPTSTK,NESTLEIND,27-Feb-2025,2025-02-27,2380.00,PE,0.00,0.00,0.00,219.05,183.35,0,0.00,0,0,06-JAN-2025
OPTSTK,NESTLEIND,30-Jan-2025,2025-01-30,2020.00,CE,0.00,0.00,0.00,156.05,175.55,0,0.00,800,0,06-JAN-2025
OPTSTK,NESTLEIND,27-Feb-2025,2025-02-27,2200.00,CE,84.45,84.45,68.00,68.00,68.00,2,9.1049,200,200,06-JAN-2025
OPTSTK,NESTLEIND,30-Jan-2025,2025-01-30,2420.00,PE,0.00,0.00,0.00,184.75,225.05,0,0.00,0,0,06-JAN-2025
OPTSTK,NESTLEIND,30-Jan-2025,2025-01-30,2060.00,PE,3.35,11.05,3.35,8.40,8.40,367,1517.3705,22400,400,06-JAN-2025
OPTSTK,NESTLEIND,30-Jan-2025,2025-01-30,2320.00,CE,14.50,14.55,5.45,6.40,6.40,984,4580.3063,59400,-5400,06-JAN-2025
OPTSTK,NESTLEIND,27-Feb-2025,2025-02-27,2340.00,PE,0.00,0.00,0.00,186.65,150.05,0,0.00,0,0,06-JAN-2025
OPTSTK,AARTIIND,27-Feb-2025,2025-02-27,395.00,PE,0.00,0.00,0.00,19.50,16.25,0,0.00,0,0,06-JAN-2025
OPTSTK,AARTIIND,27-Feb-2025,2025-02-27,435.00,PE,0.00,0.00,0.00,39.95,39.05,0,0.00,0,0,06-JAN-2025
OPTSTK,AARTIIND,27-Feb-2025,2025-02-27,435.00,CE,0.00,0.00,0.00,23.65,12.05,0,0.00,0,0,06-JAN-2025
OPTSTK,AARTIIND,30-Jan-2025,2025-01-30,365.00,CE,0.00,0.00,0.00,55.70,42.85,0,0.00,0,0,06-JAN-2025
OPTSTK,AARTIIND,27-Mar-2025,2025-03-27,450.00,PE,0.00,0.00,0.00,53.95,53.00,0,0.00,0,0,06-JAN-2025
OPTSTK,AARTIIND,27-Feb-2025,2025-02-27,415.00,CE,0.00,0.00,0.00,32.15,19.15,0,0.00,0,0,06-JAN-2025
OPTSTK,AARTIIND,27-Feb-2025,2025-02-27,415.00,PE,0.00,0.00,0.00,28.70,26.30,0,0.00,0,0,06-JAN-2025
OPTSTK,AARTIIND,27-Feb-2025,2025-02-27,370.00,CE,0.00,0.00,0.00,58.85,45.00,0,0.00,0,0,06-JAN-2025
OPTSTK,AARTIIND,30-Jan-2025,2025-01-30,425.00,CE,11.00,11.00,4.95,5.40,5.40,495,2139.6235,274000,31000,06-JAN-2025
OPTSTK,AARTIIND,30-Jan-2025,2025-01-30,500.00,PE,86.80,86.80,86.80,86.80,94.15,1,5.868,262000,1000,06-JAN-2025
OPTSTK,AARTIIND,27-Feb-2025,2025-02-27,500.00,CE,2.15,3.55,2.15,2.30,2.30,88,442.3675,92000,43000,06-JAN-2025
OPTSTK,AARTIIND,27-Mar-2025,2025-03-27,410.00,CE,0.00,0.00,0.00,41.75,27.65,0,0.00,0,0,06-JAN-2025
OPTSTK,AARTIIND,30-Jan-2025,2025-01-30,480.00,PE,63.00,63.00,63.00,63.00,74.65,2,10.86,58000,0,06-JAN-2025
OPTSTK,AARTIIND,27-Feb-2025,2025-02-27,450.00,CE,8.75,9.25,6.40,6.45,6.45,25,114.3705,33000,18000,06-JAN-2025
OPTSTK,AARTIIND,27-Feb-2025,2025-02-27,450.00,PE,37.05,47.00,37.05,47.00,50.10,5,24.5395,19000,1000,06-JAN-2025
OPTSTK,AARTIIND,27-Feb-2025,2025-02-27,385.00,PE,0.00,0.00,0.00,15.70,12.30,0,0.00,0,0,06-JAN-2025
OPTSTK,AARTIIND,30-Jan-2025,2025-01-30,500.00,CE,0.50,0.50,0.35,0.45,0.45,203,1015.82,979000,45000,06-JAN-2025
OPTSTK,AARTIIND,27-Feb-2025,2025-02-27,425.00,PE,0.00,0.00,0.00,34.10,32.35,0,0.00,0,0,06-JAN-2025
OPTSTK,AARTIIND,27-Feb-2025,2025-02-27,425.00,CE,0.00,0.00,0.00,27.65,15.30,0,0.00,0,0,06-JAN-2025
OPTSTK,AARTIIND,30-Jan-2025,2025-01-30,540.00,PE,0.00,0.00,0.00,124.75,133.75,0,0.00,145000,0,06-JAN-2025
OPTSTK,AARTIIND,27-Feb-2025,2025-02-27,455.00,PE,0.00,0.00,0.00,53.05,54.05,0,0.00,0,0,06-JAN-2025
OPTSTK,AARTIIND,30-Jan-2025,2025-01-30,395.00,CE,23.10,23.10,17.75,18.30,18.30,8,33.1505,14000,0,06-JAN-2025
OPTSTK,AARTIIND,30-Jan-2025,2025-01-30,445.00,PE,40.70,40.70,40.70,40.70,42.60,1,4.857,4000,1000,06-JAN-2025
OPTSTK,AARTIIND,30-Jan-2025,2025-01-30,445.00,CE,4.05,4.10,1.90,2.20,2.20,171,765.615,297000,15000,06-JAN-2025
OPTSTK,AARTIIND,27-Mar-2025,2025-03-27,440.00,PE,0.00,0.00,0.00,47.65,45.95,0,0.00,0,0,06-JAN-2025
OPTSTK,AARTIIND,27-Mar-2025,2025-03-27,360.00,CE,0.00,0.00,0.00,71.90,57.60,0,0.00,0,0,06-JAN-2025
OPTSTK,AARTIIND,27-Feb-2025,2025-02-27,490.00,PE,0.00,0.00,0.00,79.70,84.10,0,0.00,0,0,06-JAN-2025
OPTSTK,AARTIIND,27-Feb-2025,2025-02-27,480.00,CE,4.00,4.00,3.15,3.45,3.60,9,43.51,7000,5000,06-JAN-2025
OPTSTK,AARTIIND,27-Feb-2025,2025-02-27,480.00,PE,0.00,0.00,0.00,54.60,75.15,0,0.00,0,0,06-JAN-2025
OPTSTK,AARTIIND,27-Feb-2025,2025-02-27,445.00,PE,0.00,0.00,0.00,46.30,46.30,0,0.00,0,0,06-JAN-2025
OPTSTK,AARTIIND,27-Feb-2025,2025-02-27,445.00,CE,0.00,0.00,0.00,20.10,9.40,0,0.00,0,0,06-JAN-2025
OPTSTK,AARTIIND,30-Jan-2025,2025-01-30,435.00,PE,22.25,31.55,22.25,31.55,34.50,5,22.99,33000,1000,06-JAN-2025
OPTSTK,TATASTEEL,27-Feb-2025,2025-02-27,152.00,CE,0.00,0.00,0.00,4.20,0.80,0,0.00,0,0,06-JAN-2025
OPTSTK,BAJAJFINSV,30-Jan-2025,2025-01-30,1760.00,CE,26.50,31.05,13.85,15.60,15.60,2740,24407.1237,304000,103500,06-JAN-2025
OPTSTK,BAJAJFINSV,27-Feb-2025,2025-02-27,1760.00,PE,0.00,0.00,0.00,190.05,97.00,0,0.00,0,0,06-JAN-2025
OPTSTK,BAJAJFINSV,27-Feb-2025,2025-02-27,2000.00,PE,0.00,0.00,0.00,385.00,299.05,0,0.00,1000,0,06-JAN-2025
OPTSTK,BAJAJFINSV,27-Feb-2025,2025-02-27,1540.00,CE,0.00,0.00,0.00,92.60,170.15,0,0.00,0,0,06-JAN-2025
OPTSTK,TATASTEEL,30-Jan-2025,2025-01-30,120.00,PE,0.25,0.75,0.25,0.65,0.65,2165,14354.813,3888500,638000,06-JAN-2025
OPTSTK,TATASTEEL,27-Feb-2025,2025-02-27,120.00,CE,0.00,0.00,0.00,27.05,14.45,0,0.00,0,0,06-JAN-2025
OPTSTK,TATASTEEL,27-Mar-2025,2025-03-27,144.00,CE,0.00,0.00,0.00,8.95,3.40,0,0.00,0,0,06-JAN-2025
OPTSTK,TATASTEEL,30-Jan-2025,2025-01-30,127.50,PE,0.85,2.25,0.75,2.05,2.05,687,4880.766,1672000,159500,06-JAN-2025
OPTSTK,BAJAJFINSV,27-Feb-2025,2025-02-27,1840.00,CE,20.00,22.00,20.00,22.00,18.00,2,18.61,3000,1000,06-JAN-2025
OPTSTK,BAJAJFINSV,27-Feb-2025,2025-02-27,1320.00,PE,0.00,0.00,0.00,8.20,0.15,0,0.00,0,0,06-JAN-2025
OPTSTK,TATASTEEL,30-Jan-2025,2025-01-30,147.50,CE,1.05,1.05,0.45,0.50,0.50,1893,15426.2955,4488000,434500,06-JAN-2025
OPTSTK,TATASTEEL,30-Jan-2025,2025-01-30,147.50,PE,10.15,14.80,10.05,14.70,15.00,32,281.26725,797500,-66000,06-JAN-2025
OPTSTK,TATASTEEL,30-Jan-2025,2025-01-30,152.50,PE,16.75,20.10,16.75,20.10,19.75,5,47.1845,632500,0,06-JAN-2025
OPTSTK,TATASTEEL,30-Jan-2025,2025-01-30,152.50,CE,0.50,0.55,0.25,0.30,0.30,825,6934.52375,3069000,55000,06-JAN-2025
OPTSTK,BAJAJFINSV,30-Jan-2025,2025-01-30,1440.00,CE,0.00,0.00,0.00,343.75,251.15,0,0.00,0,0,06-JAN-2025
OPTSTK,BAJAJFINSV,27-Feb-2025,2025-02-27,1700.00,PE,43.00,58.50,43.00,57.90,57.90,25,219.056,12500,2500,06-JAN-2025
OPTSTK,BAJAJFINSV,30-Jan-2025,2025-01-30,1700.00,PE,34.05,48.15,24.00,42.50,42.50,3575,31041.941,705000,-121000,06-JAN-2025
OPTSTK,TATASTEEL,27-Feb-2025,2025-02-27,156.00,PE,0.00,0.00,0.00,16.85,22.80,0,0.00,0,0,06-JAN-2025
OPTSTK,TATASTEEL,30-Jan-2025,2025-01-30,156.00,CE,0.30,0.30,0.15,0.15,0.05,139,1194.5065,649000,-143000,06-JAN-2025
OPTSTK,TATASTEEL,27-Mar-2025,2025-03-27,156.00,CE,0.00,0.00,0.00,4.75,1.20,0,0.00,0,0,06-JAN-2025
OPTSTK,TATASTEEL,30-Jan-2025,2025-01-30,141.00,PE,5.80,10.05,5.80,9.55,9.55,216,1773.64825,863500,-275000,06-JAN-2025
OPTSTK,TATASTEEL,30-Jan-2025,2025-01-30,125.00,PE,0.50,1.55,0.50,1.40,1.40,3428,23785.4842,6644000,1347500,06-JAN-2025
OPTSTK,TATASTEEL,27-Feb-2025,2025-02-27,119.00,CE,0.00,0.00,0.00,23.75,15.30,0,0.00,0,0,06-JAN-2025
OPTSTK,TATASTEEL,30-Jan-2025,2025-01-30,119.00,CE,0.00,0.00,0.00,22.50,14.00,0,0.00,0,0,06-JAN-2025
OPTSTK,TATASTEEL,27-Feb-2025,2025-02-27,119.00,PE,0.00,0.00,0.00,0.90,0.95,0,0.00,0,0,06-JAN-2025
OPTSTK,TATASTEEL,30-Jan-2025,2025-01-30,119.00,PE,0.00,0.00,0.00,0.30,0.25,0,0.00,0,0,06-JAN-2025
OPTSTK,BAJAJFINSV,30-Jan-2025,2025-01-30,1360.00,PE,0.65,0.70,0.40,0.40,0.05,7,47.6215,144500,0,06-JAN-2025
OPTSTK,BAJAJFINSV,27-Feb-2025,2025-02-27,1660.00,PE,36.00,36.00,36.00,36.00,43.50,1,8.48,500,0,06-JAN-2025
OPTSTK,TATASTEEL,27-Mar-2025,2025-03-27,120.00,PE,0.00,0.00,0.00,1.70,1.85,0,0.00,0,0,06-JAN-2025
OPTSTK,TATASTEEL,27-Feb-2025,2025-02-27,133.00,CE,7.50,7.50,6.50,6.50,5.85,4,30.74775,16500,16500,06-JAN-2025
OPTSTK,OFSS,27-Mar-2025,2025-03-27,11000.00,CE,0.00,0.00,0.00,1947.65,1524.50,0,0.00,0,0,06-JAN-2025
OPTSTK,OFSS,27-Mar-2025,2025-03-27,11000.00,PE,0.00,0.00,0.00,469.35,361.90,0,0.00,0,0,06-JAN-2025
OPTSTK,OFSS,30-Jan-2025,2025-01-30,11000.00,PE,77.20,167.00,62.45,158.40,158.40,889,4943.53285,29200,-1550,06-JAN-2025
OPTSTK,OFSS,30-Jan-2025,2025-01-30,11000.00,CE,0.00,0.00,0.00,1580.00,1156.10,0,0.00,550,0,06-JAN-2025
OPTSTK,OFSS,27-Feb-2025,2025-02-27,12500.00,PE,0.00,0.00,0.00,1000.00,907.90,0,0.00,50,0,06-JAN-2025
OPTSTK,OFSS,27-Feb-2025,2025-02-27,12500.00,CE,0.00,0.00,0.00,817.55,528.60,0,0.00,0,0,06-JAN-2025
OPTSTK,OFSS,30-Jan-2025,2025-01-30,12500.00,PE,499.95,831.00,479.60,810.80,810.80,268,1763.72622,27250,-500,06-JAN-2025
OPTSTK,OFSS,27-Mar-2025,2025-03-27,12500.00,PE,0.00,0.00,0.00,1111.55,1034.85,0,0.00,0,0,06-JAN-2025
OPTSTK,OFSS,27-Mar-2025,2025-03-27,12500.00,CE,0.00,0.00,0.00,1116.90,719.45,0,0.00,0,0,06-JAN-2025
OPTSTK,OFSS,30-Jan-2025,2025-01-30,12500.00,CE,419.95,497.95,283.00,298.90,298.90,2490,16011.3068,53850,22800,06-JAN-2025
OPTSTK,OFSS,27-Feb-2025,2025-02-27,13000.00,PE,0.00,0.00,0.00,1760.05,1236.65,0,0.00,0,0,06-JAN-2025
OPTSTK,OFSS,30-Jan-2025,2025-01-30,13000.00,PE,1102.75,1170.30,1102.75,1135.10,1135.10,5,35.323,8550,-50,06-JAN-2025
OPTSTK,OFSS,27-Mar-2025,2025-03-27,13000.00,CE,0.00,0.00,0.00,910.00,539.40,0,0.00,0,0,06-JAN-2025
OPTSTK,OFSS,27-Feb-2025,2025-02-27,13000.00,CE,0.00,0.00,0.00,652.65,362.10,0,0.00,0,0,06-JAN-2025
OPTSTK,OFSS,27-Feb-2025,2025-02-27,11250.00,PE,0.00,0.00,0.00,418.35,322.95,0,0.00,0,0,06-JAN-2025
OPTSTK,OFSS,30-Jan-2025,2025-01-30,11750.00,CE,761.25,761.25,614.70,629.35,629.35,47,292.0645,1200,850,06-JAN-2025
OPTSTK,OFSS,27-Feb-2025,2025-02-27,11750.00,CE,0.00,0.00,0.00,1280.70,877.75,0,0.00,0,0,06-JAN-2025
OPTSTK,OFSS,30-Jan-2025,2025-01-30,11750.00,PE,203.05,406.50,199.00,400.80,400.80,274,1656.45267,8100,1400,06-JAN-2025
FUTSTK,OFSS,30-Jan-2025,2025-01-30,,,12374.20,12534.05,11935.95,11990.70,11990.70,4836,29328.9291,709650,9600,06-JAN-2025
OPTSTK,OFSS,27-Feb-2025,2025-02-27,11750.00,PE,0.00,0.00,0.00,603.80,514.25,0,0.00,0,0,06-JAN-2025
OPTSTK,OFSS,30-Jan-2025,2025-01-30,13750.00,PE,1736.55,1736.55,1736.55,1736.55,1740.50,1,7.743275,200,50,06-JAN-2025
OPTSTK,OFSS,27-Feb-2025,2025-02-27,13750.00,PE,0.00,0.00,0.00,1759.35,1811.20,0,0.00,0,0,06-JAN-2025
OPTSTK,OFSS,27-Feb-2025,2025-02-27,11000.00,PE,199.00,300.00,199.00,300.00,300.00,21,118.434,1900,550,06-JAN-2025
OPTSTK,OFSS,27-Feb-2025,2025-02-27,11000.00,CE,0.00,0.00,0.00,1600.00,1354.50,0,0.00,50,0,06-JAN-2025
OPTSTK,OFSS,27-Feb-2025,2025-02-27,13750.00,CE,0.00,0.00,0.00,461.35,193.85,0,0.00,0,0,06-JAN-2025
OPTSTK,OFSS,27-Mar-2025,2025-03-27,15000.00,PE,0.00,0.00,0.00,2818.70,2922.90,0,0.00,0,0,06-JAN-2025
OPTSTK,OFSS,30-Jan-2025,2025-01-30,15000.00,CE,23.00,23.00,9.75,16.75,16.75,181,1358.97355,20600,-1750,06-JAN-2025
OPTSTK,OFSS,27-Feb-2025,2025-02-27,15000.00,CE,0.00,0.00,0.00,244.80,59.40,0,0.00,0,0,06-JAN-2025
OPTSTK,OFSS,27-Feb-2025,2025-02-27,14250.00,PE,0.00,0.00,0.00,2137.30,2235.80,0,0.00,0,0,06-JAN-2025
OPTSTK,OFSS,27-Feb-2025,2025-02-27,14250.00,CE,0.00,0.00,0.00,345.55,123.25,0,0.00,0,0,06-JAN-2025
OPTSTK,OFSS,30-Jan-2025,2025-01-30,14250.00,PE,0.00,0.00,0.00,2625.85,2209.00,0,0.00,0,0,06-JAN-2025
OPTSTK,OFSS,30-Jan-2025,2025-01-30,14250.00,CE,35.70,40.00,31.70,37.40,37.40,23,164.301375,5450,700,06-JAN-2025
OPTSTK,ACC,30-Jan-2025,2025-01-30,2320.00,CE,5.35,5.35,1.75,1.75,1.95,2,13.9413,5400,300,06-JAN-2025
OPTSTK,ACC,30-Jan-2025,2025-01-30,2320.00,PE,0.00,0.00,0.00,151.45,327.55,0,0.00,0,0,06-JAN-2025
OPTSTK,ACC,27-Feb-2025,2025-02-27,2320.00,PE,0.00,0.00,0.00,219.70,326.70,0,0.00,0,0,06-JAN-2025
OPTSTK,ACC,27-Mar-2025,2025-03-27,1880.00,PE,0.00,0.00,0.00,57.40,58.35,0,0.00,0,0,06-JAN-2025
OPTSTK,ACC,30-Jan-2025,2025-01-30,1880.00,CE,0.00,0.00,0.00,204.85,133.60,0,0.00,300,0,06-JAN-2025
OPTSTK,ACC,30-Jan-2025,2025-01-30,2280.00,CE,4.00,4.60,3.35,3.70,3.70,54,369.99015,12600,-9900,06-JAN-2025
OPTSTK,ACC,30-Jan-2025,2025-01-30,2220.00,PE,0.00,0.00,0.00,139.20,233.05,0,0.00,4200,0,06-JAN-2025
OPTSTK,ACC,30-Jan-2025,2025-01-30,2220.00,CE,10.00,11.00,6.25,6.35,6.35,132,882.53805,52200,-300,06-JAN-2025
OPTSTK,ACC,27-Mar-2025,2025-03-27,1840.00,PE,0.00,0.00,0.00,46.80,45.75,0,0.00,0,0,06-JAN-2025
OPTSTK,ACC,27-Feb-2025,2025-02-27,2200.00,CE,0.00,0.00,0.00,181.20,29.95,0,0.00,0,0,06-JAN-2025
OPTSTK,ACC,30-Jan-2025,2025-01-30,2160.00,PE,135.00,171.40,134.65,171.35,180.10,10,69.52245,5400,0,06-JAN-2025
OPTSTK,ADANIPORTS,27-Feb-2025,2025-02-27,1000.00,PE,11.00,11.00,11.00,11.00,11.00,3,12.132,1200,1200,06-JAN-2025
OPTSTK,ADANIPORTS,30-Jan-2025,2025-01-30,960.00,PE,2.35,2.95,2.15,2.85,2.85,140,539.126,42000,29600,06-JAN-2025
OPTSTK,ADANIPORTS,27-Feb-2025,2025-02-27,1120.00,PE,0.00,0.00,0.00,30.00,48.60,0,0.00,400,0,06-JAN-2025
OPTSTK,ADANIPORTS,27-Mar-2025,2025-03-27,1120.00,CE,0.00,0.00,0.00,203.90,122.30,0,0.00,0,0,06-JAN-2025
OPTSTK,ADANIPORTS,30-Jan-2025,2025-01-30,1160.00,CE,64.00,65.35,41.60,43.70,43.70,486,2348.7248,98800,40000,06-JAN-2025
FUTSTK,ACC,27-Feb-2025,2025-02-27,,,2070.00,2070.00,1997.65,2007.05,2007.05,135,820.8672,91200,6900,06-JAN-2025
OPTSTK,ADANIPORTS,27-Mar-2025,2025-03-27,1360.00,CE,0.00,0.00,0.00,89.40,34.35,0,0.00,0,0,06-JAN-2025
OPTSTK,ACC,27-Feb-2025,2025-02-27,1800.00,PE,0.00,0.00,0.00,25.45,22.15,0,0.00,0,0,06-JAN-2025
OPTSTK,ADANIPORTS,30-Jan-2025,2025-01-30,1360.00,PE,0.00,0.00,0.00,136.75,195.90,0,0.00,19200,0,06-JAN-2025
OPTSTK,ADANIPORTS,27-Feb-2025,2025-02-27,1000.00,CE,0.00,0.00,0.00,227.50,186.70,0,0.00,0,0,06-JAN-2025
OPTSTK,ACC,27-Feb-2025,2025-02-27,2260.00,PE,0.00,0.00,0.00,219.15,274.25,0,0.00,0,0,06-JAN-2025
OPTSTK,ACC,30-Jan-2025,2025-01-30,2260.00,PE,224.60,226.85,224.55,226.85,270.15,11,82.0098,3900,600,06-JAN-2025
OPTSTK,ACC,30-Jan-2025,2025-01-30,2540.00,PE,0.00,0.00,0.00,390.00,544.70,0,0.00,900,0,06-JAN-2025
OPTSTK,ACC,30-Jan-2025,2025-01-30,1960.00,PE,28.10,48.85,25.85,45.30,45.30,347,2078.7309,26700,1200,06-JAN-2025
OPTSTK,ACC,27-Feb-2025,2025-02-27,1960.00,CE,0.00,0.00,0.00,323.45,115.55,0,0.00,0,0,06-JAN-2025
OPTSTK,ACC,27-Feb-2025,2025-02-27,1980.00,CE,0.00,0.00,0.00,203.60,105.00,0,0.00,0,0,06-JAN-2025
OPTSTK,ACC,30-Jan-2025,2025-01-30,1980.00,PE,28.55,57.65,28.55,52.95,52.95,587,3563.6331,51000,8100,06-JAN-2025
OPTSTK,ACC,27-Feb-2025,2025-02-27,2040.00,CE,0.00,0.00,0.00,270.00,77.35,0,0.00,0,0,06-JAN-2025
OPTSTK,ACC,27-Mar-2025,2025-03-27,2040.00,PE,0.00,0.00,0.00,115.20,130.20,0,0.00,0,0,06-JAN-2025
FUTSTK,ACC,27-Mar-2025,2025-03-27,,,2072.00,2072.00,2022.00,2022.30,2022.30,21,128.91615,13800,3300,06-JAN-2025
FUTSTK,ADANIPORTS,27-Feb-2025,2025-02-27,,,1212.50,1214.00,1171.95,1175.70,1175.70,689,3271.4882,1000800,51600,06-JAN-2025
OPTSTK,ASIANPAINT,27-Feb-2025,2025-02-27,2320.00,CE,67.65,68.00,67.65,68.00,59.45,2,9.5513,600,400,06-JAN-2025
OPTSTK,ASIANPAINT,30-Jan-2025,2025-01-30,2460.00,PE,135.00,185.35,135.00,185.25,186.70,10,52.5447,58400,-800,06-JAN-2025
OPTSTK,ASIANPAINT,27-Feb-2025,2025-02-27,2460.00,PE,0.00,0.00,0.00,204.40,188.85,0,0.00,0,0,06-JAN-2025
OPTSTK,ASIANPAINT,30-Jan-2025,2025-01-30,2280.00,CE,92.15,92.15,49.80,54.80,54.80,1553,7265.5784,192200,52400,06-JAN-2025
OPTSTK,ASIANPAINT,30-Jan-2025,2025-01-30,2220.00,PE,16.95,40.30,15.40,35.90,35.90,1269,5707.1901,97600,10400,06-JAN-2025
OPTSTK,ASIANPAINT,27-Feb-2025,2025-02-27,1920.00,PE,0.00,0.00,0.00,2.20,0.90,0,0.00,0,0,06-JAN-2025
OPTSTK,ASIANPAINT,30-Jan-2025,2025-01-30,2620.00,PE,0.00,0.00,0.00,330.00,341.50,0,0.00,200,0,06-JAN-2025
OPTSTK,ASIANPAINT,30-Jan-2025,2025-01-30,2620.00,CE,2.60,2.60,1.35,1.50,1.50,176,922.835,102400,5400,06-JAN-2025
OPTSTK,ASIANPAINT,27-Feb-2025,2025-02-27,2200.00,CE,0.00,0.00,0.00,323.40,124.40,0,0.00,0,0,06-JAN-2025
OPTSTK,ASIANPAINT,27-Feb-2025,2025-02-27,2500.00,CE,25.00,25.30,16.75,17.95,17.95,150,755.7537,35200,15200,06-JAN-2025
OPTSTK,ASIANPAINT,27-Mar-2025,2025-03-27,2160.00,PE,0.00,0.00,0.00,54.95,35.50,0,0.00,0,0,06-JAN-2025
OPTSTK,ASIANPAINT,30-Jan-2025,2025-01-30,2260.00,PE,24.00,56.90,23.40,52.05,52.05,1790,8248.4271,180600,20400,06-JAN-2025
OPTSTK,ASIANPAINT,27-Mar-2025,2025-03-27,2080.00,PE,0.00,0.00,0.00,33.05,17.90,0,0.00,0,0,06-JAN-2025
OPTSTK,ASIANPAINT,27-Feb-2025,2025-02-27,2080.00,CE,0.00,0.00,0.00,425.90,217.25,0,0.00,0,0,06-JAN-2025
OPTSTK,ASIANPAINT,30-Jan-2025,2025-01-30,2140.00,CE,183.05,183.05,140.45,140.45,144.45,6,27.4581,4200,600,06-JAN-2025
OPTSTK,ASIANPAINT,27-Feb-2025,2025-02-27,2040.00,CE,0.00,0.00,0.00,462.15,252.75,0,0.00,0,0,06-JAN-2025
OPTSTK,ASIANPAINT,27-Mar-2025,2025-03-27,2040.00,CE,0.00,0.00,0.00,284.10,269.20,0,0.00,0,0,06-JAN-2025
OPTSTK,ASIANPAINT,27-Mar-2025,2025-03-27,2040.00,PE,0.00,0.00,0.00,24.85,12.10,0,0.00,0,0,06-JAN-2025
OPTSTK,ASIANPAINT,30-Jan-2025,2025-01-30,2040.00,CE,0.00,0.00,0.00,762.30,237.20,0,0.00,0,0,06-JAN-2025
OPTSTK,ASIANPAINT,27-Feb-2025,2025-02-27,2040.00,PE,0.00,0.00,0.00,7.30,6.05,0,0.00,0,0,06-JAN-2025
OPTSTK,ASIANPAINT,30-Jan-2025,2025-01-30,2540.00,CE,6.20,6.20,3.20,3.70,3.70,397,2019.8703,61800,-1200,06-JAN-2025
OPTSTK,ASIANPAINT,27-Mar-2025,2025-03-27,2400.00,CE,0.00,0.00,0.00,76.50,52.10,0,0.00,0,0,06-JAN-2025
OPTSTK,ASIANPAINT,30-Jan-2025,2025-01-30,2500.00,PE,178.00,240.00,178.00,232.45,224.20,78,424.6268,208600,-12400,06-JAN-2025
OPTSTK,ASIANPAINT,30-Jan-2025,2025-01-30,2320.00,CE,66.00,66.55,34.00,37.90,37.90,1850,8751.0642,217400,27600,06-JAN-2025
OPTSTK,ASIANPAINT,30-Jan-2025,2025-01-30,2180.00,CE,147.80,147.80,117.40,117.40,111.70,6,27.717,11600,400,06-JAN-2025
OPTSTK,ASIANPAINT,27-Feb-2025,2025-02-27,2180.00,PE,0.00,0.00,0.00,48.80,30.10,0,0.00,0,0,06-JAN-2025
OPTSTK,ASIANPAINT,30-Jan-2025,2025-01-30,2420.00,PE,104.80,164.00,104.80,157.05,157.05,41,207.8802,21400,5400,06-JAN-2025
OPTSTK,ASIANPAINT,30-Jan-2025,2025-01-30,2200.00,CE,160.00,160.00,96.05,103.00,103.00,278,1282.5968,64800,7000,06-JAN-2025
OPTSTK,ASIANPAINT,27-Feb-2025,2025-02-27,2120.00,CE,0.00,0.00,0.00,390.60,183.70,0,0.00,0,0,06-JAN-2025
OPTSTK,ASIANPAINT,30-Jan-2025,2025-01-30,2320.00,PE,46.00,91.00,43.00,83.15,83.15,1268,6051.2862,144000,-7200,06-JAN-2025
OPTSTK,LTTS,27-Mar-2025,2025-03-27,5100.00,CE,0.00,0.00,0.00,180.10,143.50,0,0.00,0,0,06-JAN-2025
OPTSTK,LTTS,27-Mar-2025,2025-03-27,5100.00,PE,0.00,0.00,0.00,519.95,404.90,0,0.00,0,0,06-JAN-2025
OPTSTK,LTTS,27-Mar-2025,2025-03-27,4400.00,PE,0.00,0.00,0.00,156.80,80.40,0,0.00,0,0,06-JAN-2025
OPTSTK,LTTS,27-Feb-2025,2025-02-27,5350.00,CE,0.00,0.00,0.00,70.60,42.25,0,0.00,0,0,06-JAN-2025
OPTSTK,LTTS,27-Feb-2025,2025-02-27,4550.00,PE,0.00,0.00,0.00,175.75,91.25,0,0.00,0,0,06-JAN-2025
OPTSTK,LTTS,30-Jan-2025,2025-01-30,4550.00,CE,0.00,0.00,0.00,802.35,280.30,0,0.00,0,0,06-JAN-2025
OPTSTK,LTTS,30-Jan-2025,2025-01-30,5350.00,PE,0.00,0.00,0.00,311.00,571.50,0,0.00,0,0,06-JAN-2025
OPTSTK,LTTS,27-Feb-2025,2025-02-27,4550.00,CE,0.00,0.00,0.00,350.85,348.50,0,0.00,0,0,06-JAN-2025
OPTSTK,LTTS,30-Jan-2025,2025-01-30,5600.00,CE,10.95,11.75,5.45,8.15,8.15,587,3292.55775,96000,-12800,06-JAN-2025
OPTSTK,LTTS,27-Mar-2025,2025-03-27,5600.00,PE,0.00,0.00,0.00,904.00,796.75,0,0.00,0,0,06-JAN-2025
OPTSTK,LTTS,27-Feb-2025,2025-02-27,5200.00,CE,0.00,0.00,0.00,423.70,68.35,0,0.00,0,0,06-JAN-2025
OPTSTK,LTTS,27-Feb-2025,2025-02-27,4350.00,CE,0.00,0.00,0.00,477.90,497.80,0,0.00,0,0,06-JAN-2025
OPTSTK,LTTS,30-Jan-2025,2025-01-30,5300.00,PE,490.00,584.45,485.00,549.85,549.85,8,46.67845,7500,100,06-JAN-2025
OPTSTK,LTTS,27-Feb-2025,2025-02-27,5300.00,CE,0.00,0.00,0.00,60.00,49.80,0,0.00,800,0,06-JAN-2025
OPTSTK,LTTS,30-Jan-2025,2025-01-30,5500.00,PE,0.00,0.00,0.00,803.35,715.35,0,0.00,3400,0,06-JAN-2025
OPTSTK,LTTS,27-Mar-2025,2025-03-27,4800.00,CE,0.00,0.00,0.00,240.00,262.90,0,0.00,100,0,06-JAN-2025
OPTSTK,LTTS,27-Mar-2025,2025-03-27,4800.00,PE,0.00,0.00,0.00,335.35,228.70,0,0.00,0,0,06-JAN-2025
OPTSTK,LTTS,30-Jan-2025,2025-01-30,4800.00,CE,170.00,186.30,131.50,148.85,148.85,786,3900.6247,31800,-600,06-JAN-2025
OPTSTK,LTTS,27-Feb-2025,2025-02-27,5050.00,CE,0.00,0.00,0.00,137.65,106.30,0,0.00,0,0,06-JAN-2025
OPTSTK,LTTS,30-Jan-2025,2025-01-30,5050.00,PE,0.00,0.00,0.00,68.05,308.80,0,0.00,0,0,06-JAN-2025
OPTSTK,LTTS,27-Mar-2025,2025-03-27,3800.00,CE,0.00,0.00,0.00,965.80,1026.25,0,0.00,0,0,06-JAN-2025
OPTSTK,LTTS,30-Jan-2025,2025-01-30,5600.00,PE,0.00,0.00,0.00,687.95,813.20,0,0.00,0,0,06-JAN-2025
OPTSTK,LTTS,27-Feb-2025,2025-02-27,5600.00,CE,0.00,0.00,0.00,249.35,17.45,0,0.00,0,0,06-JAN-2025
OPTSTK,LTTS,30-Jan-2025,2025-01-30,4850.00,CE,143.00,161.00,112.05,126.20,126.20,259,1293.4152,11900,300,06-JAN-2025
OPTSTK,LTTS,27-Mar-2025,2025-03-27,5000.00,CE,0.00,0.00,0.00,212.30,177.45,0,0.00,0,0,06-JAN-2025
OPTSTK,LTTS,27-Feb-2025,2025-02-27,5000.00,PE,0.00,0.00,0.00,197.30,310.55,0,0.00,0,0,06-JAN-2025
OPTSTK,LTTS,30-Jan-2025,2025-01-30,3900.00,CE,0.00,0.00,0.00,1134.60,881.15,0,0.00,0,0,06-JAN-2025
OPTSTK,LTTS,30-Jan-2025,2025-01-30,3900.00,PE,0.00,0.00,0.00,18.60,0.20,0,0.00,0,0,06-JAN-2025
OPTSTK,LTTS,30-Jan-2025,2025-01-30,4500.00,PE,58.40,73.75,45.90,69.90,69.90,171,780.31855,40800,1800,06-JAN-2025
OPTSTK,LTTS,27-Mar-2025,2025-03-27,4400.00,CE,0.00,0.00,0.00,504.35,508.75,0,0.00,0,0,06-JAN-2025
OPTSTK,LTTS,30-Jan-2025,2025-01-30,4200.00,PE,18.00,19.35,16.30,17.75,17.75,13,54.8342,16600,200,06-JAN-2025
OPTSTK,LTTS,30-Jan-2025,2025-01-30,4850.00,PE,171.05,220.00,164.35,220.00,170.75,46,231.0414,8500,3700,06-JAN-2025
FUTSTK,LTTS,27-Mar-2025,2025-03-27,,,4891.00,4895.00,4825.55,4825.55,4825.55,7,33.9956,1300,0,06-JAN-2025
OPTSTK,COFORGE,30-Jan-2025,2025-01-30,8700.00,PE,43.30,63.15,40.90,58.45,58.45,150,984.779962,28875,3075,06-JAN-2025
OPTSTK,LICI,30-Jan-2025,2025-01-30,900.00,CE,27.35,28.20,13.40,14.15,14.15,891,4699.0357,286925,50025,06-JAN-2025
FUTSTK,COFORGE,27-Mar-2025,2025-03-27,,,9760.00,9781.70,9622.20,9638.60,9638.60,42,305.04045,8775,975,06-JAN-2025
OPTSTK,COFORGE,30-Jan-2025,2025-01-30,9700.00,CE,323.30,377.90,300.05,310.15,310.15,3496,26327.2551,82050,3750,06-JAN-2025
OPTSTK,COFORGE,27-Feb-2025,2025-02-27,9700.00,CE,490.00,490.00,490.00,490.00,475.25,3,22.9275,375,225,06-JAN-2025
OPTSTK,COFORGE,30-Jan-2025,2025-01-30,8300.00,PE,25.00,27.00,17.05,25.90,25.90,19,118.63785,3900,900,06-JAN-2025
OPTSTK,COFORGE,27-Mar-2025,2025-03-27,10000.00,CE,0.00,0.00,0.00,587.50,477.25,0,0.00,0,0,06-JAN-2025
OPTSTK,COFORGE,30-Jan-2025,2025-01-30,10000.00,PE,469.85,529.50,458.15,511.90,507.95,29,228.280462,15075,-375,06-JAN-2025
OPTSTK,COFORGE,30-Jan-2025,2025-01-30,10000.00,CE,187.20,238.15,184.00,191.85,191.85,4206,32218.2701,121050,4125,06-JAN-2025
OPTSTK,LICI,27-Mar-2025,2025-03-27,1000.00,PE,0.00,0.00,0.00,126.75,127.40,0,0.00,0,0,06-JAN-2025
OPTSTK,LICI,27-Feb-2025,2025-02-27,1000.00,PE,0.00,0.00,0.00,99.90,124.15,0,0.00,0,0,06-JAN-2025
OPTSTK,LICI,30-Jan-2025,2025-01-30,1000.00,PE,126.00,126.00,126.00,126.00,121.85,2,12.949,42550,0,06-JAN-2025
OPTSTK,COFORGE,30-Jan-2025,2025-01-30,8800.00,CE,0.00,0.00,0.00,970.00,916.95,0,0.00,750,0,06-JAN-2025
OPTSTK,COFORGE,30-Jan-2025,2025-01-30,9700.00,PE,343.00,384.50,287.80,374.25,374.25,1255,9440.57737,28650,-450,06-JAN-2025
OPTSTK,LICI,30-Jan-2025,2025-01-30,1010.00,CE,1.40,1.50,1.00,1.30,1.30,88,511.73275,59225,25875,06-JAN-2025
FUTSTK,LICI,30-Jan-2025,2025-01-30,,,907.45,910.00,870.15,873.80,873.80,2800,14250.9397,4729950,4600,06-JAN-2025
OPTSTK,LICI,27-Feb-2025,2025-02-27,920.00,PE,0.00,0.00,0.00,56.90,63.80,0,0.00,0,0,06-JAN-2025
OPTSTK,LICI,27-Mar-2025,2025-03-27,920.00,CE,0.00,0.00,0.00,64.50,40.30,0,0.00,0,0,06-JAN-2025
OPTSTK,COFORGE,30-Jan-2025,2025-01-30,10200.00,CE,146.45,169.25,129.60,134.60,134.60,746,5791.64831,67500,-975,06-JAN-2025
OPTSTK,COFORGE,27-Mar-2025,2025-03-27,9600.00,CE,0.00,0.00,0.00,758.00,660.00,0,0.00,0,0,06-JAN-2025
OPTSTK,COFORGE,30-Jan-2025,2025-01-30,10900.00,PE,0.00,0.00,0.00,2075.85,1247.20,0,0.00,0,0,06-JAN-2025
OPTSTK,COFORGE,30-Jan-2025,2025-01-30,10100.00,PE,535.35,535.35,535.35,535.35,576.95,7,55.8355875,675,525,06-JAN-2025
OPTSTK,LICI,30-Jan-2025,2025-01-30,950.00,PE,60.50,60.55,60.50,60.55,77.35,3,17.4317,96600,0,06-JAN-2025
OPTSTK,COFORGE,27-Mar-2025,2025-03-27,10200.00,CE,0.00,0.00,0.00,514.20,401.40,0,0.00,0,0,06-JAN-2025
OPTSTK,LICI,27-Feb-2025,2025-02-27,880.00,PE,0.00,0.00,0.00,40.40,40.80,0,0.00,0,0,06-JAN-2025
OPTSTK,COFORGE,30-Jan-2025,2025-01-30,9300.00,PE,150.05,205.40,140.65,200.85,200.85,497,3531.55421,42825,-1575,06-JAN-2025
OPTSTK,LICI,27-Feb-2025,2025-02-27,950.00,CE,0.00,0.00,0.00,39.20,19.40,0,0.00,0,0,06-JAN-2025
OPTSTK,LICI,30-Jan-2025,2025-01-30,890.00,PE,14.40,35.60,14.40,33.75,33.75,1507,7949.31232,326025,159850,06-JAN-2025
OPTSTK,LICI,27-Mar-2025,2025-03-27,820.00,CE,0.00,0.00,0.00,118.40,92.15,0,0.00,0,0,06-JAN-2025
OPTSTK,LICI,27-Feb-2025,2025-02-27,830.00,CE,0.00,0.00,0.00,99.05,73.95,0,0.00,0,0,06-JAN-2025
OPTSTK,LICI,27-Feb-2025,2025-02-27,970.00,PE,0.00,0.00,0.00,98.75,99.65,0,0.00,0,0,06-JAN-2025
OPTSTK,LICI,27-Feb-2025,2025-02-27,970.00,CE,0.00,0.00,0.00,32.80,14.80,0,0.00,0,0,06-JAN-2025
OPTSTK,NHPC,27-Feb-2025,2025-02-27,85.00,PE,0.00,0.00,0.00,7.40,7.60,0,0.00,0,0,06-JAN-2025
OPTSTK,NHPC,27-Feb-2025,2025-02-27,85.00,CE,2.40,2.40,2.20,2.20,2.70,2,11.1744,19200,0,06-JAN-2025
OPTSTK,NHPC,30-Jan-2025,2025-01-30,85.00,PE,4.95,7.15,4.95,7.05,7.05,61,355.7152,1561600,115200,06-JAN-2025
OPTSTK,NHPC,30-Jan-2025,2025-01-30,85.00,CE,2.00,2.00,0.95,1.00,1.00,836,4611.1488,4947200,684800,06-JAN-2025
OPTSTK,OIL,30-Jan-2025,2025-01-30,370.00,CE,0.00,0.00,0.00,142.70,90.20,0,0.00,0,0,06-JAN-2025
OPTSTK,OIL,27-Feb-2025,2025-02-27,460.00,CE,0.00,0.00,0.00,82.30,34.15,0,0.00,0,0,06-JAN-2025
OPTSTK,NHPC,30-Jan-2025,2025-01-30,95.00,PE,0.00,0.00,0.00,11.00,15.45,0,0.00,32000,0,06-JAN-2025
OPTSTK,NHPC,30-Jan-2025,2025-01-30,95.00,CE,0.30,0.30,0.20,0.20,0.20,99,603.328,1824000,96000,06-JAN-2025
OPTSTK,OIL,27-Feb-2025,2025-02-27,450.00,PE,0.00,0.00,0.00,47.55,27.05,0,0.00,0,0,06-JAN-2025
OPTSTK,NHPC,30-Jan-2025,2025-01-30,79.00,CE,3.80,3.80,2.80,2.90,2.90,98,514.2944,416000,352000,06-JAN-2025
OPTSTK,NHPC,30-Jan-2025,2025-01-30,79.00,PE,1.70,3.05,1.70,3.00,3.00,229,1198.0416,454400,83200,06-JAN-2025
OPTSTK,NHPC,27-Feb-2025,2025-02-27,79.00,CE,0.00,0.00,0.00,8.40,5.10,0,0.00,0,0,06-JAN-2025
OPTSTK,OIL,27-Feb-2025,2025-02-27,500.00,CE,0.00,0.00,0.00,60.85,18.95,0,0.00,0,0,06-JAN-2025
FUTSTK,OIL,27-Mar-2025,2025-03-27,,,479.90,479.90,459.00,459.00,459.00,10,50.2266875,16125,2150,06-JAN-2025
OPTSTK,NHPC,27-Feb-2025,2025-02-27,88.00,CE,0.00,0.00,0.00,6.70,1.90,0,0.00,0,0,06-JAN-2025
OPTSTK,NHPC,27-Feb-2025,2025-02-27,90.00,PE,0.00,0.00,0.00,10.85,11.35,0,0.00,0,0,06-JAN-2025
OPTSTK,NHPC,27-Mar-2025,2025-03-27,90.00,PE,0.00,0.00,0.00,11.45,11.90,0,0.00,0,0,06-JAN-2025
OPTSTK,NHPC,27-Feb-2025,2025-02-27,90.00,CE,1.90,1.90,1.00,1.10,1.10,29,169.3952,435200,51200,06-JAN-2025
OPTSTK,OIL,27-Feb-2025,2025-02-27,420.00,PE,6.95,9.00,6.95,9.00,9.00,3,13.7917125,3225,-1075,06-JAN-2025
OPTSTK,OIL,27-Mar-2025,2025-03-27,420.00,PE,0.00,0.00,0.00,37.35,21.00,0,0.00,0,0,06-JAN-2025
OPTSTK,OIL,27-Mar-2025,2025-03-27,420.00,CE,0.00,0.00,0.00,52.00,64.90,0,0.00,0,0,06-JAN-2025
OPTSTK,NHPC,27-Mar-2025,2025-03-27,74.00,PE,0.00,0.00,0.00,3.40,2.90,0,0.00,0,0,06-JAN-2025
OPTSTK,NHPC,27-Feb-2025,2025-02-27,74.00,PE,0.00,0.00,0.00,3.25,2.05,0,0.00,0,0,06-JAN-2025
OPTSTK,NHPC,30-Jan-2025,2025-01-30,74.00,PE,0.70,1.15,0.70,1.10,1.10,102,489.6288,416000,-96000,06-JAN-2025
OPTSTK,OIL,30-Jan-2025,2025-01-30,420.00,PE,2.00,4.90,2.00,4.70,4.70,187,851.152212,175225,-17200,06-JAN-2025
OPTSTK,OIL,27-Feb-2025,2025-02-27,420.00,CE,0.00,0.00,0.00,108.65,56.80,0,0.00,0,0,06-JAN-2025
FUTSTK,NHPC,30-Jan-2025,2025-01-30,,,83.49,83.49,78.61,78.99,78.99,3487,17788.8665,48448000,4921600,06-JAN-2025
OPTSTK,NHPC,30-Jan-2025,2025-01-30,84.00,PE,4.20,6.35,4.05,6.35,6.35,30,170.944,441600,-44800,06-JAN-2025
OPTSTK,NHPC,30-Jan-2025,2025-01-30,93.00,CE,0.30,0.30,0.20,0.25,0.25,53,316.336,870400,160000,06-JAN-2025
OPTSTK,NHPC,30-Jan-2025,2025-01-30,96.00,CE,0.00,0.00,0.00,2.80,0.10,0,0.00,0,0,06-JAN-2025
OPTSTK,OIL,30-Jan-2025,2025-01-30,410.00,CE,0.00,0.00,0.00,68.95,54.65,0,0.00,29025,0,06-JAN-2025
OPTSTK,OIL,27-Mar-2025,2025-03-27,400.00,PE,0.00,0.00,0.00,28.25,14.50,0,0.00,0,0,06-JAN-2025
OPTSTK,OIL,27-Feb-2025,2025-02-27,400.00,CE,0.00,0.00,0.00,123.50,70.95,0,0.00,0,0,06-JAN-2025
OPTSTK,DALBHARAT,30-Jan-2025,2025-01-30,1660.00,CE,128.80,128.80,128.80,128.80,117.80,1,4.9192,9075,-275,06-JAN-2025
OPTSTK,DALBHARAT,27-Feb-2025,2025-02-27,1660.00,PE,0.00,0.00,0.00,54.90,30.90,0,0.00,0,0,06-JAN-2025
OPTSTK,DALBHARAT,30-Jan-2025,2025-01-30,1880.00,PE,85.05,117.70,84.90,117.70,130.15,9,48.9982625,2475,0,06-JAN-2025
OPTSTK,DALBHARAT,27-Mar-2025,2025-03-27,1880.00,CE,0.00,0.00,0.00,76.70,56.25,0,0.00,0,0,06-JAN-2025
OPTSTK,DALBHARAT,27-Feb-2025,2025-02-27,1640.00,PE,0.00,0.00,0.00,40.90,25.50,0,0.00,0,0,06-JAN-2025
OPTSTK,DALBHARAT,27-Mar-2025,2025-03-27,1920.00,PE,0.00,0.00,0.00,211.30,180.60,0,0.00,0,0,06-JAN-2025
OPTSTK,DALBHARAT,27-Mar-2025,2025-03-27,1960.00,CE,0.00,0.00,0.00,54.05,35.10,0,0.00,0,0,06-JAN-2025
OPTSTK,DALBHARAT,30-Jan-2025,2025-01-30,1960.00,PE,0.00,0.00,0.00,180.00,200.15,0,0.00,0,0,06-JAN-2025
OPTSTK,DALBHARAT,30-Jan-2025,2025-01-30,1820.00,CE,58.00,74.00,33.75,36.65,36.65,139,716.468637,15675,-275,06-JAN-2025
OPTSTK,DALBHARAT,27-Feb-2025,2025-02-27,1600.00,CE,0.00,0.00,0.00,279.50,187.95,0,0.00,0,0,06-JAN-2025
OPTSTK,DALBHARAT,27-Mar-2025,2025-03-27,1800.00,PE,0.00,0.00,0.00,135.45,104.00,0,0.00,0,0,06-JAN-2025
OPTSTK,DALBHARAT,27-Feb-2025,2025-02-27,2040.00,PE,0.00,0.00,0.00,242.20,274.10,0,0.00,0,0,06-JAN-2025
OPTSTK,DALBHARAT,30-Jan-2025,2025-01-30,2040.00,PE,0.00,0.00,0.00,233.90,276.40,0,0.00,0,0,06-JAN-2025
OPTSTK,DALBHARAT,30-Jan-2025,2025-01-30,1560.00,CE,0.00,0.00,0.00,235.20,205.20,0,0.00,1375,0,06-JAN-2025
OPTSTK,DALBHARAT,30-Jan-2025,2025-01-30,1960.00,CE,19.05,21.15,9.00,9.65,9.65,53,287.440175,18425,0,06-JAN-2025
OPTSTK,DALBHARAT,27-Mar-2025,2025-03-27,1600.00,CE,0.00,0.00,0.00,216.50,206.35,0,0.00,0,0,06-JAN-2025
OPTSTK,DALBHARAT,27-Mar-2025,2025-03-27,1600.00,PE,0.00,0.00,0.00,49.05,27.00,0,0.00,0,0,06-JAN-2025
OPTSTK,DALBHARAT,30-Jan-2025,2025-01-30,1980.00,CE,14.10,16.25,6.70,6.70,3.45,25,137.087225,15125,2750,06-JAN-2025
OPTSTK,DALBHARAT,27-Feb-2025,2025-02-27,1980.00,CE,0.00,0.00,0.00,30.75,16.25,0,0.00,0,0,06-JAN-2025
OPTSTK,DALBHARAT,30-Jan-2025,2025-01-30,2080.00,PE,305.75,305.75,305.75,305.75,315.55,1,6.5608125,0,-275,06-JAN-2025
OPTSTK,DALBHARAT,30-Jan-2025,2025-01-30,1980.00,PE,0.00,0.00,0.00,188.35,218.85,0,0.00,0,0,06-JAN-2025
OPTSTK,DALBHARAT,27-Feb-2025,2025-02-27,1980.00,PE,0.00,0.00,0.00,247.40,221.45,0,0.00,0,0,06-JAN-2025
OPTSTK,DALBHARAT,27-Feb-2025,2025-02-27,1760.00,PE,0.00,0.00,0.00,80.70,69.65,0,0.00,0,0,06-JAN-2025
OPTSTK,DALBHARAT,30-Jan-2025,2025-01-30,1760.00,PE,35.75,62.20,31.65,61.55,61.55,78,387.970412,32450,1375,06-JAN-2025
OPTSTK,DALBHARAT,27-Feb-2025,2025-02-27,1660.00,CE,0.00,0.00,0.00,154.25,142.65,0,0.00,0,0,06-JAN-2025
OPTSTK,DALBHARAT,27-Feb-2025,2025-02-27,1860.00,CE,0.00,0.00,0.00,60.55,42.30,0,0.00,0,0,06-JAN-2025
OPTSTK,DALBHARAT,27-Feb-2025,2025-02-27,2020.00,PE,0.00,0.00,0.00,280.25,256.25,0,0.00,0,0,06-JAN-2025
OPTSTK,DALBHARAT,27-Feb-2025,2025-02-27,1700.00,PE,49.85,49.85,49.85,49.85,43.95,1,4.8120875,275,275,06-JAN-2025
OPTSTK,DALBHARAT,30-Jan-2025,2025-01-30,1660.00,PE,10.65,28.95,10.65,28.40,28.40,47,217.1114,22275,4950,06-JAN-2025
OPTSTK,DALBHARAT,30-Jan-2025,2025-01-30,1900.00,PE,93.05,125.00,93.05,125.00,146.75,4,22.040975,15125,-275,06-JAN-2025
OPTSTK,DALBHARAT,27-Feb-2025,2025-02-27,1800.00,PE,0.00,0.00,0.00,75.00,90.90,0,0.00,275,0,06-JAN-2025
OPTSTK,PFC,27-Feb-2025,2025-02-27,460.00,PE,21.60,28.55,21.60,28.55,36.00,6,37.85015,15600,5200,06-JAN-2025
OPTSTK,PFC,27-Feb-2025,2025-02-27,460.00,CE,27.40,27.40,19.50,19.50,19.50,29,181.67305,49400,11700,06-JAN-2025
OPTSTK,PFC,27-Mar-2025,2025-03-27,460.00,CE,0.00,0.00,0.00,28.00,35.30,0,0.00,2600,0,06-JAN-2025
OPTSTK,PFC,27-Feb-2025,2025-02-27,500.00,CE,11.00,11.00,7.30,8.30,8.30,91,601.7661,102700,18200,06-JAN-2025
OPTSTK,PFC,27-Feb-2025,2025-02-27,500.00,PE,47.60,56.50,47.60,56.50,62.55,13,93.2126,18200,7800,06-JAN-2025
OPTSTK,PFC,30-Jan-2025,2025-01-30,420.00,PE,2.95,7.45,2.75,6.55,6.55,2762,15262.6305,1397500,96200,06-JAN-2025
OPTSTK,PFC,30-Jan-2025,2025-01-30,360.00,CE,0.00,0.00,0.00,113.05,88.65,0,0.00,0,0,06-JAN-2025
FUTSTK,PFC,27-Feb-2025,2025-02-27,,,468.00,469.20,445.40,448.05,448.05,935,5522.26415,2748200,136500,06-JAN-2025
OPTSTK,PFC,27-Feb-2025,2025-02-27,410.00,CE,0.00,0.00,0.00,75.25,54.00,0,0.00,0,0,06-JAN-2025
OPTSTK,PFC,30-Jan-2025,2025-01-30,490.00,PE,34.05,45.30,33.40,45.30,45.30,15,103.1771,470600,-1300,06-JAN-2025
OPTSTK,PFC,30-Jan-2025,2025-01-30,420.00,CE,46.00,46.00,34.00,34.30,34.30,20,119.43555,349700,1300,06-JAN-2025
OPTSTK,PFC,27-Mar-2025,2025-03-27,420.00,PE,0.00,0.00,0.00,26.45,22.85,0,0.00,0,0,06-JAN-2025
OPTSTK,PFC,27-Feb-2025,2025-02-27,430.00,PE,15.80,15.80,15.80,15.80,21.00,1,5.7954,3900,1300,06-JAN-2025
OPTSTK,PFC,27-Feb-2025,2025-02-27,560.00,CE,2.40,2.50,2.00,2.00,4.40,10,73.09575,49400,6500,06-JAN-2025
FUTSTK,PFC,27-Mar-2025,2025-03-27,,,467.00,467.00,446.10,448.65,448.65,107,632.957,293800,49400,06-JAN-2025
OPTSTK,PFC,27-Feb-2025,2025-02-27,520.00,PE,0.00,0.00,0.00,64.95,78.15,0,0.00,0,0,06-JAN-2025
OPTSTK,PFC,30-Jan-2025,2025-01-30,440.00,PE,5.30,14.35,5.30,12.95,12.95,2548,14914.9728,1462500,-68900,06-JAN-2025
OPTSTK,PFC,27-Feb-2025,2025-02-27,420.00,PE,9.05,13.15,9.05,12.80,12.80,15,84.1646,42900,9100,06-JAN-2025
OPTSTK,PFC,27-Mar-2025,2025-03-27,440.00,CE,0.00,0.00,0.00,65.90,44.60,0,0.00,0,0,06-JAN-2025
FUTSTK,PFC,30-Jan-2025,2025-01-30,,,469.05,469.70,444.80,447.85,447.85,10359,61142.7524,63884600,15600,06-JAN-2025
OPTSTK,PFC,30-Jan-2025,2025-01-30,490.00,CE,7.05,7.05,3.70,4.00,4.00,2357,15163.8877,2086500,213200,06-JAN-2025
OPTSTK,PFC,30-Jan-2025,2025-01-30,600.00,CE,0.35,0.35,0.25,0.25,0.15,40,312.14885,120900,-20800,06-JAN-2025
OPTSTK,PFC,30-Jan-2025,2025-01-30,570.00,PE,0.00,0.00,0.00,105.00,121.45,0,0.00,59800,0,06-JAN-2025
OPTSTK,PFC,30-Jan-2025,2025-01-30,550.00,PE,88.50,97.00,88.50,97.00,102.05,2,16.7115,128700,2600,06-JAN-2025
OPTSTK,PFC,30-Jan-2025,2025-01-30,450.00,PE,8.35,19.40,8.35,17.45,17.45,2968,17891.1967,1877200,-170300,06-JAN-2025
OPTSTK,PFC,27-Feb-2025,2025-02-27,420.00,CE,0.00,0.00,0.00,101.55,47.55,0,0.00,0,0,06-JAN-2025
OPTSTK,PFC,30-Jan-2025,2025-01-30,510.00,CE,3.30,3.40,1.85,2.00,2.00,1722,11469.0914,1264900,-183300,06-JAN-2025
OPTSTK,PFC,30-Jan-2025,2025-01-30,510.00,PE,48.80,57.15,48.80,57.00,65.20,6,43.95365,221000,-3900,06-JAN-2025
OPTSTK,PFC,27-Mar-2025,2025-03-27,500.00,CE,0.00,0.00,0.00,39.25,21.30,0,0.00,0,0,06-JAN-2025
OPTSTK,PFC,27-Feb-2025,2025-02-27,480.00,PE,35.45,35.45,32.85,35.30,48.40,10,66.8356,14300,5200,06-JAN-2025
OPTSTK,PFC,30-Jan-2025,2025-01-30,500.00,CE,5.45,5.45,2.60,2.85,2.85,4821,31555.2809,3760900,340600,06-JAN-2025
OPTSTK,PFC,27-Mar-2025,2025-03-27,480.00,CE,0.00,0.00,0.00,46.95,27.60,0,0.00,0,0,06-JAN-2025
OPTSTK,GLENMARK,27-Feb-2025,2025-02-27,1620.00,PE,0.00,0.00,0.00,127.10,64.35,0,0.00,0,0,06-JAN-2025
OPTSTK,GLENMARK,30-Jan-2025,2025-01-30,1620.00,CE,59.65,63.05,44.70,52.50,52.50,313,1700.74937,117650,1950,06-JAN-2025
OPTSTK,COALINDIA,27-Feb-2025,2025-02-27,370.00,PE,7.95,11.35,7.00,10.20,10.20,94,374.5287,87150,50400,06-JAN-2025
OPTSTK,COALINDIA,30-Jan-2025,2025-01-30,460.00,PE,71.00,71.00,71.00,71.00,79.30,1,5.5755,445200,1050,06-JAN-2025
OPTSTK,COALINDIA,27-Mar-2025,2025-03-27,460.00,CE,0.00,0.00,0.00,8.60,3.15,0,0.00,0,0,06-JAN-2025
OPTSTK,GLENMARK,30-Jan-2025,2025-01-30,1880.00,PE,0.00,0.00,0.00,219.55,249.70,0,0.00,0,0,06-JAN-2025
OPTSTK,GLENMARK,27-Mar-2025,2025-03-27,1640.00,CE,0.00,0.00,0.00,83.50,95.55,0,0.00,0,0,06-JAN-2025
OPTSTK,GLENMARK,27-Feb-2025,2025-02-27,1640.00,CE,0.00,0.00,0.00,67.25,73.75,0,0.00,0,0,06-JAN-2025
OPTSTK,COALINDIA,30-Jan-2025,2025-01-30,375.00,PE,3.25,8.50,3.20,7.80,7.80,1694,6780.41857,484050,8400,06-JAN-2025
OPTSTK,COALINDIA,30-Jan-2025,2025-01-30,375.00,CE,23.35,23.35,12.95,13.75,13.75,325,1330.9527,310800,27300,06-JAN-2025
OPTSTK,COALINDIA,27-Feb-2025,2025-02-27,375.00,PE,8.95,8.95,8.95,8.95,14.10,1,4.031475,4200,1050,06-JAN-2025
OPTSTK,COALINDIA,30-Jan-2025,2025-01-30,455.00,PE,0.00,0.00,0.00,64.00,74.35,0,0.00,23100,0,06-JAN-2025
OPTSTK,COALINDIA,27-Feb-2025,2025-02-27,385.00,CE,0.00,0.00,0.00,26.80,16.50,0,0.00,0,0,06-JAN-2025
OPTSTK,COALINDIA,27-Feb-2025,2025-02-27,385.00,PE,15.55,15.55,15.55,15.55,19.05,1,4.205775,3150,1050,06-JAN-2025
OPTSTK,GLENMARK,30-Jan-2025,2025-01-30,1580.00,PE,23.30,29.20,20.25,27.60,27.60,259,1351.818,59150,-975,06-JAN-2025
OPTSTK,GLENMARK,27-Mar-2025,2025-03-27,1680.00,CE,0.00,0.00,0.00,69.90,77.75,0,0.00,0,0,06-JAN-2025
OPTSTK,GLENMARK,30-Jan-2025,2025-01-30,1740.00,PE,0.00,0.00,0.00,105.60,123.30,0,0.00,2925,0,06-JAN-2025
OPTSTK,GLENMARK,27-Feb-2025,2025-02-27,1600.00,CE,0.00,0.00,0.00,74.70,94.30,0,0.00,650,0,06-JAN-2025
OPTSTK,COALINDIA,27-Feb-2025,2025-02-27,435.00,CE,0.00,0.00,0.00,9.15,3.25,0,0.00,0,0,06-JAN-2025
OPTSTK,GLENMARK,27-Mar-2025,2025-03-27,1800.00,PE,0.00,0.00,0.00,265.70,188.90,0,0.00,0,0,06-JAN-2025
OPTSTK,GLENMARK,30-Jan-2025,2025-01-30,1780.00,CE,8.65,8.65,5.85,8.30,8.30,25,145.202687,26975,2600,06-JAN-2025
OPTSTK,COALINDIA,27-Mar-2025,2025-03-27,420.00,PE,0.00,0.00,0.00,44.05,44.60,0,0.00,0,0,06-JAN-2025
OPTSTK,GLENMARK,30-Jan-2025,2025-01-30,1560.00,PE,17.35,22.45,15.25,21.50,21.50,223,1144.85328,81900,-2275,06-JAN-2025
OPTSTK,GLENMARK,27-Feb-2025,2025-02-27,1560.00,CE,0.00,0.00,0.00,95.60,118.25,0,0.00,0,0,06-JAN-2025
OPTSTK,GLENMARK,27-Feb-2025,2025-02-27,1560.00,PE,0.00,0.00,0.00,132.30,39.60,0,0.00,0,0,06-JAN-2025
OPTSTK,GLENMARK,30-Jan-2025,2025-01-30,1580.00,CE,77.45,83.90,69.55,74.60,74.60,26,139.99895,43550,-1625,06-JAN-2025
OPTSTK,COALINDIA,27-Feb-2025,2025-02-27,435.00,PE,0.00,0.00,0.00,52.10,55.35,0,0.00,0,0,06-JAN-2025
OPTSTK,COALINDIA,27-Feb-2025,2025-02-27,420.00,PE,43.00,43.00,43.00,43.00,42.80,1,4.8615,117600,1050,06-JAN-2025
OPTSTK,COALINDIA,27-Feb-2025,2025-02-27,420.00,CE,4.65,4.75,3.30,3.55,3.55,36,160.321875,154350,5250,06-JAN-2025
FUTSTK,GLENMARK,30-Jan-2025,2025-01-30,,,1649.95,1651.65,1616.35,1629.15,1629.15,2798,14833.6066,2525575,-19825,06-JAN-2025
OPTSTK,COALINDIA,30-Jan-2025,2025-01-30,395.00,CE,10.15,10.15,4.45,4.75,4.75,1920,8086.61595,1122450,225750,06-JAN-2025
OPTSTK,ESCORTS,30-Jan-2025,2025-01-30,3750.00,PE,0.00,0.00,0.00,422.35,404.65,0,0.00,150,0,06-JAN-2025
OPTSTK,ESCORTS,27-Feb-2025,2025-02-27,3150.00,CE,0.00,0.00,0.00,200.15,273.60,0,0.00,0,0,06-JAN-2025
OPTSTK,ESCORTS,27-Feb-2025,2025-02-27,3900.00,PE,0.00,0.00,0.00,443.95,542.70,0,0.00,0,0,06-JAN-2025
FUTSTK,ESCORTS,30-Jan-2025,2025-01-30,,,3389.80,3393.00,3320.15,3344.40,3344.40,2958,14856.8049,1052850,-44850,06-JAN-2025
OPTSTK,ESCORTS,30-Jan-2025,2025-01-30,3350.00,PE,84.60,107.00,71.35,99.75,99.75,409,2110.53405,21000,450,06-JAN-2025
OPTSTK,ESCORTS,30-Jan-2025,2025-01-30,3000.00,PE,8.55,13.35,7.80,12.00,12.00,504,2275.7343,76200,11400,06-JAN-2025
OPTSTK,ESCORTS,30-Jan-2025,2025-01-30,3800.00,PE,450.00,450.00,449.95,450.00,451.95,9,57.37455,9000,450,06-JAN-2025
OPTSTK,ESCORTS,30-Jan-2025,2025-01-30,3350.00,CE,111.85,115.10,75.20,92.90,92.90,314,1622.32507,31200,900,06-JAN-2025
OPTSTK,ESCORTS,27-Feb-2025,2025-02-27,3350.00,PE,0.00,0.00,0.00,273.65,135.30,0,0.00,0,0,06-JAN-2025
OPTSTK,ESCORTS,30-Jan-2025,2025-01-30,2900.00,PE,4.35,7.05,4.35,6.20,6.20,76,331.313325,58800,2400,06-JAN-2025
OPTSTK,ESCORTS,30-Jan-2025,2025-01-30,2900.00,CE,0.00,0.00,0.00,912.00,450.95,0,0.00,0,0,06-JAN-2025
OPTSTK,ESCORTS,30-Jan-2025,2025-01-30,3200.00,PE,31.60,47.55,28.85,43.95,43.95,792,3849.3192,103050,-17400,06-JAN-2025
OPTSTK,ESCORTS,27-Mar-2025,2025-03-27,3200.00,PE,0.00,0.00,0.00,211.85,97.85,0,0.00,0,0,06-JAN-2025
OPTSTK,ESCORTS,27-Feb-2025,2025-02-27,3400.00,PE,0.00,0.00,0.00,161.05,161.50,0,0.00,0,0,06-JAN-2025
OPTSTK,ESCORTS,27-Feb-2025,2025-02-27,2950.00,CE,0.00,0.00,0.00,317.80,432.45,0,0.00,0,0,06-JAN-2025
OPTSTK,ESCORTS,27-Feb-2025,2025-02-27,2950.00,PE,0.00,0.00,0.00,79.70,18.25,0,0.00,0,0,06-JAN-2025
OPTSTK,ESCORTS,27-Feb-2025,2025-02-27,3200.00,PE,0.00,0.00,0.00,91.70,73.00,0,0.00,0,0,06-JAN-2025
OPTSTK,ESCORTS,27-Feb-2025,2025-02-27,2900.00,PE,0.00,0.00,0.00,30.80,12.95,0,0.00,0,0,06-JAN-2025
OPTSTK,ESCORTS,30-Jan-2025,2025-01-30,3200.00,CE,212.00,212.00,175.55,180.00,180.00,4,20.34045,30750,0,06-JAN-2025
OPTSTK,ESCORTS,27-Feb-2025,2025-02-27,3700.00,PE,0.00,0.00,0.00,313.05,369.30,0,0.00,0,0,06-JAN-2025
OPTSTK,ESCORTS,27-Mar-2025,2025-03-27,3000.00,CE,0.00,0.00,0.00,327.90,422.65,0,0.00,0,0,06-JAN-2025
OPTSTK,ESCORTS,27-Feb-2025,2025-02-27,3600.00,CE,0.00,0.00,0.00,234.40,61.90,0,0.00,0,0,06-JAN-2025
OPTSTK,ESCORTS,27-Feb-2025,2025-02-27,2900.00,CE,0.00,0.00,0.00,696.45,476.65,0,0.00,0,0,06-JAN-2025
OPTSTK,ESCORTS,27-Mar-2025,2025-03-27,3500.00,CE,0.00,0.00,0.00,111.50,131.45,0,0.00,0,0,06-JAN-2025
OPTSTK,ESCORTS,27-Feb-2025,2025-02-27,3500.00,PE,0.00,0.00,0.00,205.40,221.75,0,0.00,0,0,06-JAN-2025
OPTSTK,ESCORTS,30-Jan-2025,2025-01-30,3500.00,CE,46.95,47.05,28.70,36.55,36.55,674,3576.91042,100650,-18900,06-JAN-2025
OPTSTK,ESCORTS,30-Jan-2025,2025-01-30,3650.00,CE,15.90,16.05,10.05,14.50,14.50,138,758.1093,9600,1950,06-JAN-2025
OPTSTK,ESCORTS,30-Jan-2025,2025-01-30,3550.00,PE,0.00,0.00,0.00,200.60,229.75,0,0.00,300,0,06-JAN-2025
OPTSTK,ESCORTS,27-Feb-2025,2025-02-27,3300.00,CE,0.00,0.00,0.00,396.00,179.35,0,0.00,0,0,06-JAN-2025
OPTSTK,ESCORTS,30-Jan-2025,2025-01-30,3550.00,CE,31.15,31.15,21.20,27.90,27.90,59,316.525425,26550,-450,06-JAN-2025
OPTSTK,ESCORTS,27-Feb-2025,2025-02-27,3450.00,PE,0.00,0.00,0.00,342.35,190.35,0,0.00,0,0,06-JAN-2025
OPTSTK,ESCORTS,30-Jan-2025,2025-01-30,3450.00,CE,65.70,65.70,40.00,51.30,51.30,394,2069.0676,36750,8400,06-JAN-2025
OPTSTK,MUTHOOTFIN,27-Feb-2025,2025-02-27,2320.00,CE,0.00,0.00,0.00,24.35,46.10,0,0.00,0,0,06-JAN-2025
OPTSTK,MUTHOOTFIN,30-Jan-2025,2025-01-30,2280.00,PE,85.00,117.00,84.45,117.00,117.00,6,39.144325,11000,-275,06-JAN-2025
OPTSTK,MUTHOOTFIN,30-Jan-2025,2025-01-30,2220.00,PE,46.50,82.35,46.50,76.20,76.20,343,2155.40242,46200,-14575,06-JAN-2025
OPTSTK,VBL,30-Jan-2025,2025-01-30,690.00,CE,6.50,6.50,3.90,4.60,4.60,68,413.31325,107625,-3500,06-JAN-2025
OPTSTK,MUTHOOTFIN,27-Feb-2025,2025-02-27,2460.00,PE,0.00,0.00,0.00,382.75,268.10,0,0.00,0,0,06-JAN-2025
OPTSTK,MUTHOOTFIN,30-Jan-2025,2025-01-30,2220.00,CE,82.75,83.55,40.00,50.35,50.35,252,1575.6367,64075,3850,06-JAN-2025
OPTSTK,VBL,27-Feb-2025,2025-02-27,660.00,CE,0.00,0.00,0.00,45.45,22.60,0,0.00,0,0,06-JAN-2025
OPTSTK,VBL,27-Feb-2025,2025-02-27,660.00,PE,0.00,0.00,0.00,62.85,45.60,0,0.00,0,0,06-JAN-2025
OPTSTK,CAMS,30-Jan-2025,2025-01-30,5600.00,PE,0.00,0.00,0.00,470.55,738.35,0,0.00,1000,0,06-JAN-2025
OPTSTK,MUTHOOTFIN,27-Mar-2025,2025-03-27,1840.00,PE,0.00,0.00,0.00,35.85,7.85,0,0.00,0,0,06-JAN-2025
OPTSTK,CAMS,27-Mar-2025,2025-03-27,5600.00,CE,0.00,0.00,0.00,241.95,119.20,0,0.00,0,0,06-JAN-2025
OPTSTK,MUTHOOTFIN,27-Feb-2025,2025-02-27,2160.00,PE,0.00,0.00,0.00,260.95,66.90,0,0.00,0,0,06-JAN-2025
OPTSTK,MUTHOOTFIN,27-Mar-2025,2025-03-27,2160.00,PE,0.00,0.00,0.00,165.35,82.70,0,0.00,0,0,06-JAN-2025
OPTSTK,MUTHOOTFIN,27-Feb-2025,2025-02-27,2440.00,CE,0.00,0.00,0.00,13.10,20.25,0,0.00,0,0,06-JAN-2025
OPTSTK,MUTHOOTFIN,27-Mar-2025,2025-03-27,2440.00,PE,0.00,0.00,0.00,367.30,256.40,0,0.00,0,0,06-JAN-2025
OPTSTK,VBL,27-Feb-2025,2025-02-27,580.00,CE,0.00,0.00,0.00,86.75,66.75,0,0.00,0,0,06-JAN-2025
OPTSTK,MUTHOOTFIN,27-Mar-2025,2025-03-27,1960.00,PE,0.00,0.00,0.00,70.45,22.70,0,0.00,0,0,06-JAN-2025
OPTSTK,CAMS,27-Feb-2025,2025-02-27,5100.00,PE,0.00,0.00,0.00,404.20,386.40,0,0.00,0,0,06-JAN-2025
OPTSTK,VBL,27-Mar-2025,2025-03-27,700.00,PE,0.00,0.00,0.00,91.00,77.75,0,0.00,0,0,06-JAN-2025
OPTSTK,CAMS,30-Jan-2025,2025-01-30,4800.00,CE,320.00,322.00,200.00,215.70,215.70,190,1193.24243,10875,-10125,06-JAN-2025
OPTSTK,MUTHOOTFIN,27-Feb-2025,2025-02-27,1880.00,PE,0.00,0.00,0.00,91.60,5.15,0,0.00,0,0,06-JAN-2025
OPTSTK,VBL,30-Jan-2025,2025-01-30,570.00,PE,2.50,4.25,2.50,3.60,3.60,190,953.008,84000,12250,06-JAN-2025
OPTSTK,CAMS,30-Jan-2025,2025-01-30,4900.00,PE,108.00,227.00,108.00,223.05,223.05,641,4072.44362,38750,22500,06-JAN-2025
OPTSTK,CAMS,27-Feb-2025,2025-02-27,4900.00,CE,0.00,0.00,0.00,425.95,270.10,0,0.00,0,0,06-JAN-2025
OPTSTK,MUTHOOTFIN,30-Jan-2025,2025-01-30,2260.00,PE,63.85,109.00,61.70,103.05,103.05,121,779.793437,29975,-3025,06-JAN-2025
OPTSTK,MUTHOOTFIN,27-Feb-2025,2025-02-27,1960.00,PE,0.00,0.00,0.00,130.70,12.80,0,0.00,0,0,06-JAN-2025
OPTSTK,MUTHOOTFIN,27-Feb-2025,2025-02-27,1980.00,CE,0.00,0.00,0.00,169.25,240.40,0,0.00,0,0,06-JAN-2025
OPTSTK,MUTHOOTFIN,30-Jan-2025,2025-01-30,1980.00,PE,6.95,6.95,6.95,6.95,4.35,5,27.3205625,11275,-550,06-JAN-2025
OPTSTK,CAMS,27-Feb-2025,2025-02-27,5700.00,CE,0.00,0.00,0.00,143.50,51.85,0,0.00,0,0,06-JAN-2025
OPTSTK,MUTHOOTFIN,30-Jan-2025,2025-01-30,2040.00,PE,10.00,18.10,9.20,16.70,16.70,66,372.591312,19525,6050,06-JAN-2025
OPTSTK,MUTHOOTFIN,27-Mar-2025,2025-03-27,2040.00,CE,0.00,0.00,0.00,162.10,216.30,0,0.00,0,0,06-JAN-2025
OPTSTK,MUTHOOTFIN,27-Feb-2025,2025-02-27,2040.00,CE,0.00,0.00,0.00,86.35,192.55,0,0.00,0,0,06-JAN-2025
OPTSTK,KOTAKBANK,27-Feb-2025,2025-02-27,1660.00,PE,0.00,0.00,0.00,30.30,13.25,0,0.00,0,0,06-JAN-2025
OPTSTK,KOTAKBANK,30-Jan-2025,2025-01-30,1620.00,PE,1.85,4.80,1.60,4.30,4.30,1236,8025.7948,284000,61200,06-JAN-2025
OPTSTK,KOTAKBANK,27-Feb-2025,2025-02-27,1880.00,CE,0.00,0.00,0.00,59.30,28.35,0,0.00,0,0,06-JAN-2025
OPTSTK,KOTAKBANK,27-Feb-2025,2025-02-27,1640.00,PE,0.00,0.00,0.00,34.80,10.00,0,0.00,0,0,06-JAN-2025
OPTSTK,KOTAKBANK,30-Jan-2025,2025-01-30,1920.00,CE,11.00,11.05,5.15,6.05,6.05,2179,16799.2994,358400,85600,06-JAN-2025
OPTSTK,KOTAKBANK,30-Jan-2025,2025-01-30,1840.00,CE,42.60,42.60,18.50,20.60,20.60,4822,35964.434,936400,46400,06-JAN-2025
OPTSTK,KOTAKBANK,27-Mar-2025,2025-03-27,2000.00,CE,0.00,0.00,0.00,25.70,16.85,0,0.00,0,0,06-JAN-2025
OPTSTK,KOTAKBANK,30-Jan-2025,2025-01-30,2000.00,PE,180.00,220.00,180.00,220.00,212.50,27,237.3956,36800,-400,06-JAN-2025
OPTSTK,KOTAKBANK,27-Feb-2025,2025-02-27,2000.00,PE,194.00,199.80,194.00,199.80,208.75,2,17.5752,800,400,06-JAN-2025
OPTSTK,KOTAKBANK,30-Jan-2025,2025-01-30,1960.00,CE,8.00,8.00,2.65,3.05,3.05,2614,20531.8942,481200,279600,06-JAN-2025
OPTSTK,KOTAKBANK,27-Mar-2025,2025-03-27,1680.00,PE,0.00,0.00,0.00,46.40,25.65,0,0.00,0,0,06-JAN-2025
OPTSTK,KOTAKBANK,27-Mar-2025,2025-03-27,1680.00,CE,0.00,0.00,0.00,149.50,149.95,0,0.00,0,0,06-JAN-2025
OPTSTK,KOTAKBANK,27-Mar-2025,2025-03-27,1600.00,CE,0.00,0.00,0.00,206.10,213.65,0,0.00,0,0,06-JAN-2025
OPTSTK,KOTAKBANK,30-Jan-2025,2025-01-30,1800.00,CE,56.00,58.90,32.80,35.40,35.40,6419,47259.386,1126800,116000,06-JAN-2025
OPTSTK,KOTAKBANK,27-Feb-2025,2025-02-27,1800.00,CE,75.20,75.20,55.85,57.70,57.70,157,1168.1668,72400,35600,06-JAN-2025
OPTSTK,KOTAKBANK,30-Jan-2025,2025-01-30,1780.00,PE,21.90,43.70,21.90,40.75,40.75,6675,48453.0816,470800,-144000,06-JAN-2025
OPTSTK,KOTAKBANK,27-Feb-2025,2025-02-27,2080.00,PE,0.00,0.00,0.00,300.45,283.05,0,0.00,0,0,06-JAN-2025
OPTSTK,KOTAKBANK,27-Feb-2025,2025-02-27,1740.00,PE,0.00,0.00,0.00,21.00,34.70,0,0.00,1200,0,06-JAN-2025
OPTSTK,KOTAKBANK,27-Mar-2025,2025-03-27,1880.00,PE,0.00,0.00,0.00,147.60,117.20,0,0.00,0,0,06-JAN-2025
OPTSTK,KOTAKBANK,27-Feb-2025,2025-02-27,2040.00,PE,0.00,0.00,0.00,266.45,245.35,0,0.00,0,0,06-JAN-2025
OPTSTK,KOTAKBANK,27-Mar-2025,2025-03-27,1560.00,CE,0.00,0.00,0.00,237.80,248.75,0,0.00,0,0,06-JAN-2025
OPTSTK,KOTAKBANK,27-Feb-2025,2025-02-27,1560.00,PE,0.00,0.00,0.00,17.40,2.65,0,0.00,0,0,06-JAN-2025
OPTSTK,KOTAKBANK,27-Feb-2025,2025-02-27,1960.00,PE,0.00,0.00,0.00,202.75,173.70,0,0.00,0,0,06-JAN-2025
OPTSTK,KOTAKBANK,27-Feb-2025,2025-02-27,1980.00,PE,0.00,0.00,0.00,219.00,191.00,0,0.00,0,0,06-JAN-2025
OPTSTK,KOTAKBANK,30-Jan-2025,2025-01-30,1980.00,PE,0.00,0.00,0.00,141.50,193.15,0,0.00,1200,0,06-JAN-2025
OPTSTK,KOTAKBANK,27-Mar-2025,2025-03-27,2040.00,PE,0.00,0.00,0.00,269.95,242.10,0,0.00,0,0,06-JAN-2025
OPTSTK,KOTAKBANK,30-Jan-2025,2025-01-30,2040.00,CE,1.50,2.00,0.85,0.95,0.95,680,5552.0076,187200,-26400,06-JAN-2025
OPTSTK,KOTAKBANK,27-Feb-2025,2025-02-27,2080.00,CE,7.00,7.00,7.00,7.00,2.65,1,8.348,400,400,06-JAN-2025
OPTSTK,KOTAKBANK,27-Feb-2025,2025-02-27,1980.00,CE,0.00,0.00,0.00,16.60,9.60,0,0.00,0,0,06-JAN-2025
OPTSTK,KOTAKBANK,27-Mar-2025,2025-03-27,1760.00,PE,0.00,0.00,0.00,78.85,52.35,0,0.00,0,0,06-JAN-2025
OPTSTK,KOTAKBANK,30-Jan-2025,2025-01-30,1760.00,CE,75.00,75.15,53.35,56.75,56.75,601,4376.7156,246800,7200,06-JAN-2025
OPTSTK,NAUKRI,27-Feb-2025,2025-02-27,8700.00,CE,0.00,0.00,0.00,570.65,511.15,0,0.00,0,0,06-JAN-2025
OPTSTK,NAUKRI,27-Feb-2025,2025-02-27,8700.00,PE,0.00,0.00,0.00,494.10,312.30,0,0.00,0,0,06-JAN-2025
OPTSTK,NAUKRI,27-Feb-2025,2025-02-27,8200.00,PE,0.00,0.00,0.00,547.20,139.10,0,0.00,0,0,06-JAN-2025
OPTSTK,NAUKRI,30-Jan-2025,2025-01-30,8800.00,CE,581.00,581.00,270.70,307.05,307.05,916,6295.23648,42150,15975,06-JAN-2025
OPTSTK,NAUKRI,30-Jan-2025,2025-01-30,8800.00,PE,170.00,302.15,156.00,276.60,276.60,902,6101.29425,12825,1950,06-JAN-2025
OPTSTK,NAUKRI,27-Feb-2025,2025-02-27,9700.00,CE,0.00,0.00,0.00,220.15,142.70,0,0.00,0,0,06-JAN-2025
OPTSTK,NAUKRI,30-Jan-2025,2025-01-30,9700.00,CE,106.80,106.80,47.40,50.25,50.25,372,2726.05357,9600,9300,06-JAN-2025
OPTSTK,NAUKRI,27-Feb-2025,2025-02-27,8300.00,CE,0.00,0.00,0.00,788.75,761.50,0,0.00,0,0,06-JAN-2025
OPTSTK,NAUKRI,30-Jan-2025,2025-01-30,8300.00,PE,50.05,104.15,49.25,96.75,96.75,373,2342.57006,8400,-750,06-JAN-2025
OPTSTK,NAUKRI,27-Mar-2025,2025-03-27,10000.00,CE,0.00,0.00,0.00,256.70,169.50,0,0.00,0,0,06-JAN-2025
OPTSTK,NAUKRI,27-Feb-2025,2025-02-27,8800.00,CE,0.00,0.00,0.00,445.65,458.15,0,0.00,0,0,06-JAN-2025
OPTSTK,NAUKRI,27-Mar-2025,2025-03-27,8800.00,CE,0.00,0.00,0.00,653.70,578.20,0,0.00,0,0,06-JAN-2025
OPTSTK,NAUKRI,27-Feb-2025,2025-02-27,7700.00,PE,0.00,0.00,0.00,138.65,48.50,0,0.00,0,0,06-JAN-2025
OPTSTK,NAUKRI,30-Jan-2025,2025-01-30,7700.00,PE,0.00,0.00,0.00,257.70,10.00,0,0.00,0,0,06-JAN-2025
OPTSTK,NAUKRI,27-Feb-2025,2025-02-27,7700.00,CE,0.00,0.00,0.00,1202.70,1237.80,0,0.00,0,0,06-JAN-2025
OPTSTK,NAUKRI,30-Jan-2025,2025-01-30,7700.00,CE,0.00,0.00,0.00,856.05,1159.70,0,0.00,0,0,06-JAN-2025
OPTSTK,NAUKRI,27-Feb-2025,2025-02-27,8100.00,CE,0.00,0.00,0.00,915.45,908.25,0,0.00,0,0,06-JAN-2025
OPTSTK,NAUKRI,30-Jan-2025,2025-01-30,8100.00,CE,0.00,0.00,0.00,785.00,794.65,0,0.00,450,0,06-JAN-2025
OPTSTK,NAUKRI,30-Jan-2025,2025-01-30,8300.00,CE,0.00,0.00,0.00,711.55,630.60,0,0.00,1875,0,06-JAN-2025
OPTSTK,NAUKRI,30-Jan-2025,2025-01-30,10200.00,CE,40.05,42.00,14.50,16.45,16.45,888,6809.42021,19725,450,06-JAN-2025
OPTSTK,NAUKRI,30-Jan-2025,2025-01-30,10200.00,PE,0.00,0.00,0.00,2353.15,1350.15,0,0.00,0,0,06-JAN-2025
OPTSTK,NAUKRI,30-Jan-2025,2025-01-30,9600.00,CE,109.95,125.00,57.95,63.45,63.45,876,6364.57601,29250,-975,06-JAN-2025
OPTSTK,NAUKRI,27-Feb-2025,2025-02-27,9600.00,PE,0.00,0.00,0.00,1454.20,857.60,0,0.00,0,0,06-JAN-2025
OPTSTK,NAUKRI,30-Jan-2025,2025-01-30,9300.00,PE,434.00,599.15,407.60,592.05,592.05,30,219.794887,1800,525,06-JAN-2025
OPTSTK,NAUKRI,27-Feb-2025,2025-02-27,7600.00,PE,0.00,0.00,0.00,298.30,37.95,0,0.00,0,0,06-JAN-2025
OPTSTK,NAUKRI,27-Feb-2025,2025-02-27,7600.00,CE,0.00,0.00,0.00,1037.35,1326.25,0,0.00,0,0,06-JAN-2025
OPTSTK,NAUKRI,30-Jan-2025,2025-01-30,8900.00,PE,199.95,356.85,189.95,321.95,321.95,880,6037.90781,14850,300,06-JAN-2025
OPTSTK,NAUKRI,27-Feb-2025,2025-02-27,8900.00,CE,0.00,0.00,0.00,479.30,408.95,0,0.00,0,0,06-JAN-2025
OPTSTK,NAUKRI,27-Mar-2025,2025-03-27,10400.00,PE,0.00,0.00,0.00,1725.65,1536.50,0,0.00,0,0,06-JAN-2025
OPTSTK,NAUKRI,30-Jan-2025,2025-01-30,10400.00,PE,0.00,0.00,0.00,2799.20,1544.15,0,0.00,0,0,06-JAN-2025
OPTSTK,NAUKRI,30-Jan-2025,2025-01-30,7000.00,CE,0.00,0.00,0.00,1700.00,1846.85,0,0.00,75,0,06-JAN-2025
OPTSTK,NAUKRI,27-Feb-2025,2025-02-27,8100.00,PE,0.00,0.00,0.00,246.40,115.15,0,0.00,0,0,06-JAN-2025
OPTSTK,BPCL,27-Feb-2025,2025-02-27,320.00,CE,5.40,5.40,3.45,3.45,3.65,39,227.8521,136800,5400,06-JAN-2025
OPTSTK,BPCL,30-Jan-2025,2025-01-30,250.00,PE,0.40,0.75,0.40,0.75,0.75,763,3441.4173,1222200,50400,06-JAN-2025
OPTSTK,BPCL,27-Feb-2025,2025-02-27,270.00,PE,4.50,7.00,4.50,6.75,6.75,23,114.1596,77400,25200,06-JAN-2025
OPTSTK,BPCL,27-Feb-2025,2025-02-27,330.00,PE,0.00,0.00,0.00,44.05,44.25,0,0.00,0,0,06-JAN-2025
OPTSTK,BPCL,27-Mar-2025,2025-03-27,330.00,CE,0.00,0.00,0.00,11.95,4.55,0,0.00,0,0,06-JAN-2025
OPTSTK,BPCL,30-Jan-2025,2025-01-30,330.00,CE,1.20,1.20,0.55,0.60,0.60,1805,10743.8967,5421600,489600,06-JAN-2025
OPTSTK,BPCL,30-Jan-2025,2025-01-30,280.00,CE,16.50,17.50,11.50,11.90,11.90,270,1427.1021,333000,18000,06-JAN-2025
OPTSTK,BPCL,30-Jan-2025,2025-01-30,350.00,PE,0.00,0.00,0.00,56.00,63.65,0,0.00,129600,0,06-JAN-2025
OPTSTK,BPCL,30-Jan-2025,2025-01-30,255.00,PE,0.45,1.05,0.40,1.00,1.00,371,1707.624,862200,52200,06-JAN-2025
OPTSTK,BPCL,27-Feb-2025,2025-02-27,305.00,CE,8.75,8.75,7.00,7.50,7.00,14,78.7167,21600,18000,06-JAN-2025
OPTSTK,BPCL,27-Feb-2025,2025-02-27,275.00,CE,0.00,0.00,0.00,32.40,20.40,0,0.00,0,0,06-JAN-2025
OPTSTK,BPCL,30-Jan-2025,2025-01-30,250.00,CE,39.25,39.25,38.00,38.00,36.40,4,20.7585,55800,-3600,06-JAN-2025
OPTSTK,BPCL,27-Feb-2025,2025-02-27,280.00,CE,0.00,0.00,0.00,31.00,17.45,0,0.00,0,0,06-JAN-2025
OPTSTK,BPCL,30-Jan-2025,2025-01-30,280.00,PE,2.85,6.70,2.80,6.35,6.35,2460,12609.5706,1483200,-12600,06-JAN-2025
OPTSTK,BPCL,30-Jan-2025,2025-01-30,255.00,CE,0.00,0.00,0.00,38.00,31.75,0,0.00,36000,0,06-JAN-2025
OPTSTK,BPCL,30-Jan-2025,2025-01-30,270.00,CE,23.80,24.65,18.35,18.50,18.50,39,204.444,207000,3600,06-JAN-2025
OPTSTK,BPCL,27-Feb-2025,2025-02-27,340.00,PE,0.00,0.00,0.00,51.60,53.25,0,0.00,0,0,06-JAN-2025
OPTSTK,BPCL,27-Mar-2025,2025-03-27,340.00,PE,0.00,0.00,0.00,47.70,53.30,0,0.00,0,0,06-JAN-2025
OPTSTK,BPCL,27-Mar-2025,2025-03-27,290.00,CE,0.00,0.00,0.00,27.85,16.40,0,0.00,0,0,06-JAN-2025
OPTSTK,BPCL,27-Mar-2025,2025-03-27,290.00,PE,0.00,0.00,0.00,17.00,17.25,0,0.00,0,0,06-JAN-2025
OPTSTK,BPCL,27-Feb-2025,2025-02-27,290.00,CE,16.00,16.00,12.00,12.00,12.00,10,54.6732,19800,10800,06-JAN-2025
OPTSTK,BPCL,27-Feb-2025,2025-02-27,325.00,PE,0.00,0.00,0.00,34.65,39.90,0,0.00,0,0,06-JAN-2025
OPTSTK,BPCL,30-Jan-2025,2025-01-30,325.00,CE,1.25,1.25,0.65,0.70,0.70,824,4832.5482,819000,-88200,06-JAN-2025
OPTSTK,BPCL,27-Feb-2025,2025-02-27,325.00,CE,0.00,0.00,0.00,9.35,2.85,0,0.00,0,0,06-JAN-2025
OPTSTK,BPCL,30-Jan-2025,2025-01-30,265.00,CE,30.90,30.90,22.20,22.65,22.65,22,114.4728,41400,3600,06-JAN-2025
OPTSTK,BPCL,27-Mar-2025,2025-03-27,270.00,PE,0.00,0.00,0.00,9.40,8.55,0,0.00,0,0,06-JAN-2025
OPTSTK,BPCL,27-Mar-2025,2025-03-27,270.00,CE,0.00,0.00,0.00,39.85,27.35,0,0.00,0,0,06-JAN-2025
OPTSTK,BPCL,27-Feb-2025,2025-02-27,310.00,CE,6.65,6.65,5.35,5.65,5.65,7,39.8187,7200,1800,06-JAN-2025
OPTSTK,BPCL,30-Jan-2025,2025-01-30,310.00,CE,3.80,4.25,1.65,1.75,1.75,2126,11956.5972,3963600,183600,06-JAN-2025
OPTSTK,BPCL,27-Feb-2025,2025-02-27,315.00,PE,0.00,0.00,0.00,27.85,31.70,0,0.00,0,0,06-JAN-2025
OPTSTK,BPCL,30-Jan-2025,2025-01-30,295.00,PE,6.55,14.85,6.50,14.40,14.40,1122,6178.6287,1495800,-192600,06-JAN-2025
OPTSTK,BPCL,27-Feb-2025,2025-02-27,295.00,CE,0.00,0.00,0.00,20.75,10.35,0,0.00,0,0,06-JAN-2025
OPTSTK,BPCL,30-Jan-2025,2025-01-30,295.00,CE,10.80,10.80,4.75,4.95,4.95,2322,12594.1626,1998000,486000,06-JAN-2025
OPTSTK,APLAPOLLO,27-Feb-2025,2025-02-27,1660.00,PE,0.00,0.00,0.00,184.25,105.00,0,0.00,0,0,06-JAN-2025
OPTSTK,APLAPOLLO,27-Feb-2025,2025-02-27,1620.00,PE,0.00,0.00,0.00,155.85,81.60,0,0.00,0,0,06-JAN-2025
OPTSTK,APLAPOLLO,27-Mar-2025,2025-03-27,1640.00,CE,0.00,0.00,0.00,67.85,81.80,0,0.00,0,0,06-JAN-2025
OPTSTK,APLAPOLLO,27-Mar-2025,2025-03-27,1840.00,CE,0.00,0.00,0.00,25.40,25.30,0,0.00,0,0,06-JAN-2025
OPTSTK,APLAPOLLO,30-Jan-2025,2025-01-30,1840.00,CE,4.70,6.10,2.50,3.35,3.35,275,1774.71017,32550,-3850,06-JAN-2025
OPTSTK,APLAPOLLO,30-Jan-2025,2025-01-30,1740.00,CE,12.60,13.00,10.00,11.60,9.90,14,85.855875,15050,350,06-JAN-2025
OPTSTK,APLAPOLLO,30-Jan-2025,2025-01-30,1360.00,PE,0.00,0.00,0.00,2.45,0.95,0,0.00,28350,0,06-JAN-2025
OPTSTK,APLAPOLLO,27-Feb-2025,2025-02-27,1780.00,CE,0.00,0.00,0.00,19.85,21.00,0,0.00,0,0,06-JAN-2025
OPTSTK,APLAPOLLO,27-Feb-2025,2025-02-27,1740.00,PE,0.00,0.00,0.00,246.80,160.65,0,0.00,0,0,06-JAN-2025
OPTSTK,APLAPOLLO,27-Feb-2025,2025-02-27,1280.00,CE,0.00,0.00,0.00,241.50,325.70,0,0.00,0,0,06-JAN-2025
OPTSTK,APLAPOLLO,30-Jan-2025,2025-01-30,1540.00,CE,97.95,97.95,97.95,97.95,84.50,1,5.732825,35350,350,06-JAN-2025
OPTSTK,APLAPOLLO,30-Jan-2025,2025-01-30,1460.00,PE,5.25,10.00,3.70,9.80,9.80,113,579.870375,100450,1400,06-JAN-2025
OPTSTK,APLAPOLLO,27-Feb-2025,2025-02-27,1460.00,PE,0.00,0.00,0.00,66.10,20.90,0,0.00,0,0,06-JAN-2025
OPTSTK,APLAPOLLO,30-Jan-2025,2025-01-30,1440.00,CE,0.00,0.00,0.00,189.20,163.55,0,0.00,2100,0,06-JAN-2025
OPTSTK,APLAPOLLO,27-Mar-2025,2025-03-27,1440.00,CE,0.00,0.00,0.00,155.10,199.85,0,0.00,0,0,06-JAN-2025
OPTSTK,APLAPOLLO,30-Jan-2025,2025-01-30,1320.00,CE,0.00,0.00,0.00,193.40,277.90,0,0.00,0,0,06-JAN-2025
OPTSTK,APLAPOLLO,27-Feb-2025,2025-02-27,1320.00,PE,0.00,0.00,0.00,40.75,3.35,0,0.00,0,0,06-JAN-2025
OPTSTK,APLAPOLLO,30-Jan-2025,2025-01-30,1700.00,CE,26.75,29.95,14.80,17.95,17.95,706,4254.94667,194600,-350,06-JAN-2025
OPTSTK,APLAPOLLO,30-Jan-2025,2025-01-30,1700.00,PE,0.00,0.00,0.00,97.95,117.45,0,0.00,1050,0,06-JAN-2025
OPTSTK,APLAPOLLO,27-Mar-2025,2025-03-27,1360.00,PE,0.00,0.00,0.00,43.80,12.50,0,0.00,0,0,06-JAN-2025
OPTSTK,APLAPOLLO,30-Jan-2025,2025-01-30,1800.00,PE,185.70,185.70,185.70,185.70,204.40,1,6.94995,350,350,06-JAN-2025
OPTSTK,APLAPOLLO,30-Jan-2025,2025-01-30,1660.00,CE,37.95,43.70,24.00,28.15,28.15,139,824.1163,68950,-3500,06-JAN-2025
OPTSTK,APLAPOLLO,27-Feb-2025,2025-02-27,1660.00,CE,0.00,0.00,0.00,42.30,52.65,0,0.00,0,0,06-JAN-2025
OPTSTK,APLAPOLLO,27-Feb-2025,2025-02-27,1480.00,CE,0.00,0.00,0.00,118.50,151.60,0,0.00,0,0,06-JAN-2025
OPTSTK,APLAPOLLO,27-Mar-2025,2025-03-27,1480.00,CE,0.00,0.00,0.00,133.30,171.00,0,0.00,0,0,06-JAN-2025
OPTSTK,APLAPOLLO,30-Jan-2025,2025-01-30,1740.00,PE,0.00,0.00,0.00,271.60,150.45,0,0.00,0,0,06-JAN-2025
OPTSTK,APLAPOLLO,30-Jan-2025,2025-01-30,1760.00,PE,0.00,0.00,0.00,288.70,167.95,0,0.00,0,0,06-JAN-2025
OPTSTK,APLAPOLLO,27-Feb-2025,2025-02-27,1740.00,CE,0.00,0.00,0.00,25.80,29.05,0,0.00,0,0,06-JAN-2025
OPTSTK,APLAPOLLO,30-Jan-2025,2025-01-30,1640.00,CE,42.35,54.00,30.00,35.60,35.60,438,2579.40287,114800,-8050,06-JAN-2025
OPTSTK,APLAPOLLO,27-Feb-2025,2025-02-27,1640.00,PE,0.00,0.00,0.00,201.65,92.90,0,0.00,0,0,06-JAN-2025
OPTSTK,APLAPOLLO,30-Jan-2025,2025-01-30,1640.00,PE,50.00,73.75,49.95,69.20,74.50,31,184.427075,15050,700,06-JAN-2025
OPTSTK,TATAELXSI,30-Jan-2025,2025-01-30,6100.00,CE,0.00,0.00,0.00,503.35,473.75,0,0.00,200,0,06-JAN-2025
OPTSTK,TATAELXSI,30-Jan-2025,2025-01-30,6100.00,PE,70.00,102.80,70.00,100.70,100.70,22,136.15625,8200,0,06-JAN-2025
OPTSTK,TATAELXSI,27-Mar-2025,2025-03-27,6800.00,PE,0.00,0.00,0.00,414.30,505.95,0,0.00,0,0,06-JAN-2025
OPTSTK,TATAELXSI,30-Jan-2025,2025-01-30,7000.00,PE,534.75,555.00,534.75,550.00,539.05,9,67.93995,17700,-100,06-JAN-2025
OPTSTK,TATAELXSI,30-Jan-2025,2025-01-30,7000.00,CE,114.90,126.40,65.55,71.50,71.50,1311,9297.40625,88300,4600,06-JAN-2025
OPTSTK,TATAELXSI,27-Feb-2025,2025-02-27,7000.00,CE,0.00,0.00,0.00,464.20,145.05,0,0.00,0,0,06-JAN-2025
OPTSTK,TATAELXSI,27-Feb-2025,2025-02-27,6100.00,CE,0.00,0.00,0.00,985.15,572.40,0,0.00,0,0,06-JAN-2025
OPTSTK,TATAELXSI,30-Jan-2025,2025-01-30,6200.00,CE,436.30,436.30,380.00,384.90,399.30,3,19.8012,100,100,06-JAN-2025
OPTSTK,TATAELXSI,27-Mar-2025,2025-03-27,6000.00,PE,0.00,0.00,0.00,140.15,148.50,0,0.00,0,0,06-JAN-2025
OPTSTK,TATAELXSI,27-Feb-2025,2025-02-27,6500.00,PE,0.00,0.00,0.00,225.10,284.45,0,0.00,0,0,06-JAN-2025
OPTSTK,TATAELXSI,27-Feb-2025,2025-02-27,5800.00,PE,0.00,0.00,0.00,121.30,59.00,0,0.00,0,0,06-JAN-2025
OPTSTK,TATAELXSI,30-Jan-2025,2025-01-30,5800.00,PE,27.90,47.00,27.90,44.90,44.90,122,712.6531,9200,6100,06-JAN-2025
OPTSTK,TATAELXSI,27-Feb-2025,2025-02-27,7000.00,PE,0.00,0.00,0.00,580.95,591.45,0,0.00,0,0,06-JAN-2025
OPTSTK,TATAELXSI,27-Mar-2025,2025-03-27,7000.00,PE,0.00,0.00,0.00,512.70,634.40,0,0.00,0,0,06-JAN-2025
OPTSTK,TATAELXSI,27-Feb-2025,2025-02-27,6800.00,CE,287.10,287.10,230.85,230.85,206.55,3,21.14885,600,100,06-JAN-2025
OPTSTK,TATAELXSI,30-Jan-2025,2025-01-30,5400.00,CE,0.00,0.00,0.00,1453.80,1112.20,0,0.00,0,0,06-JAN-2025
OPTSTK,TATAELXSI,27-Feb-2025,2025-02-27,5400.00,PE,0.00,0.00,0.00,56.40,15.85,0,0.00,0,0,06-JAN-2025
OPTSTK,TATAELXSI,30-Jan-2025,2025-01-30,5400.00,PE,0.00,0.00,0.00,29.15,1.70,0,0.00,0,0,06-JAN-2025
OPTSTK,TATAELXSI,27-Feb-2025,2025-02-27,5400.00,CE,0.00,0.00,0.00,1510.80,1154.15,0,0.00,0,0,06-JAN-2025
OPTSTK,TATAELXSI,27-Feb-2025,2025-02-27,6700.00,PE,0.00,0.00,0.00,302.35,393.25,0,0.00,0,0,06-JAN-2025
OPTSTK,TATAELXSI,27-Feb-2025,2025-02-27,6900.00,PE,0.00,0.00,0.00,394.15,521.05,0,0.00,0,0,06-JAN-2025
OPTSTK,TATAELXSI,27-Mar-2025,2025-03-27,6400.00,PE,0.00,0.00,0.00,253.55,294.85,0,0.00,0,0,06-JAN-2025
OPTSTK,TATAELXSI,27-Feb-2025,2025-02-27,6000.00,CE,0.00,0.00,0.00,1033.85,644.40,0,0.00,0,0,06-JAN-2025
OPTSTK,TATAELXSI,30-Jan-2025,2025-01-30,8200.00,PE,0.00,0.00,0.00,1416.05,1677.50,0,0.00,0,0,06-JAN-2025
OPTSTK,TATAELXSI,27-Feb-2025,2025-02-27,8200.00,PE,0.00,0.00,0.00,1433.30,1645.05,0,0.00,0,0,06-JAN-2025
OPTSTK,TATAELXSI,30-Jan-2025,2025-01-30,7600.00,CE,23.15,24.70,17.90,19.00,19.00,30,228.6272,6700,1300,06-JAN-2025
OPTSTK,TATAELXSI,30-Jan-2025,2025-01-30,8000.00,PE,0.00,0.00,0.00,1108.45,1479.05,0,0.00,200,0,06-JAN-2025
OPTSTK,TATAELXSI,27-Mar-2025,2025-03-27,5600.00,CE,0.00,0.00,0.00,1465.40,1030.85,0,0.00,0,0,06-JAN-2025
OPTSTK,TATAELXSI,30-Jan-2025,2025-01-30,7800.00,CE,12.00,17.45,4.65,16.50,16.50,12,93.7595,2900,0,06-JAN-2025
OPTSTK,TATAELXSI,27-Feb-2025,2025-02-27,5600.00,PE,0.00,0.00,0.00,84.35,32.00,0,0.00,0,0,06-JAN-2025
OPTSTK,TATAELXSI,30-Jan-2025,2025-01-30,5600.00,CE,0.00,0.00,0.00,1275.90,917.35,0,0.00,0,0,06-JAN-2025
OPTSTK,POLICYBZR,27-Feb-2025,2025-02-27,2050.00,CE,0.00,0.00,0.00,173.65,179.20,0,0.00,0,0,06-JAN-2025
OPTSTK,POLICYBZR,27-Feb-2025,2025-02-27,2050.00,PE,0.00,0.00,0.00,160.75,89.65,0,0.00,0,0,06-JAN-2025
OPTSTK,POLICYBZR,30-Jan-2025,2025-01-30,2050.00,CE,162.05,162.05,162.00,162.00,133.35,2,14.3781625,13325,-650,06-JAN-2025
OPTSTK,POLICYBZR,30-Jan-2025,2025-01-30,2050.00,PE,34.70,59.90,28.65,54.70,54.70,232,1576.5074,73125,17875,06-JAN-2025
OPTSTK,POLICYBZR,30-Jan-2025,2025-01-30,1900.00,CE,0.00,0.00,0.00,214.95,243.85,0,0.00,325,0,06-JAN-2025
OPTSTK,POLICYBZR,30-Jan-2025,2025-01-30,2250.00,CE,82.05,86.20,36.05,39.75,39.75,434,3255.42165,91000,-17225,06-JAN-2025
FUTSTK,POLICYBZR,30-Jan-2025,2025-01-30,,,2226.15,2243.95,2102.15,2123.55,2123.55,2953,20775.6219,2655900,-89700,06-JAN-2025
OPTSTK,POLICYBZR,27-Feb-2025,2025-02-27,1800.00,CE,0.00,0.00,0.00,243.70,357.80,0,0.00,0,0,06-JAN-2025
OPTSTK,POLICYBZR,27-Mar-2025,2025-03-27,1800.00,PE,0.00,0.00,0.00,82.95,36.50,0,0.00,0,0,06-JAN-2025
OPTSTK,POLICYBZR,30-Jan-2025,2025-01-30,2000.00,PE,16.55,43.45,16.50,38.80,38.80,438,2887.38303,195325,2600,06-JAN-2025
OPTSTK,POLICYBZR,27-Mar-2025,2025-03-27,2200.00,CE,0.00,0.00,0.00,151.60,143.15,0,0.00,0,0,06-JAN-2025
OPTSTK,POLICYBZR,30-Jan-2025,2025-01-30,2500.00,CE,18.10,19.15,6.45,7.30,7.30,918,7492.43657,203775,29900,06-JAN-2025
OPTSTK,POLICYBZR,27-Feb-2025,2025-02-27,2500.00,CE,0.00,0.00,0.00,39.95,30.35,0,0.00,0,0,06-JAN-2025
OPTSTK,POLICYBZR,27-Feb-2025,2025-02-27,1850.00,PE,0.00,0.00,0.00,75.35,29.25,0,0.00,0,0,06-JAN-2025
OPTSTK,POLICYBZR,30-Jan-2025,2025-01-30,1850.00,PE,6.05,15.20,5.95,12.10,12.10,230,1390.7335,54275,-20475,06-JAN-2025
OPTSTK,POLICYBZR,27-Feb-2025,2025-02-27,1850.00,CE,0.00,0.00,0.00,285.75,316.90,0,0.00,0,0,06-JAN-2025
OPTSTK,POLICYBZR,30-Jan-2025,2025-01-30,1850.00,CE,0.00,0.00,0.00,182.05,287.30,0,0.00,0,0,06-JAN-2025
OPTSTK,POLICYBZR,30-Jan-2025,2025-01-30,2200.00,CE,105.45,111.60,50.05,55.70,55.70,910,6730.25161,203450,40300,06-JAN-2025
OPTSTK,POLICYBZR,30-Jan-2025,2025-01-30,2200.00,PE,80.00,143.95,71.95,135.70,135.70,220,1646.57496,37375,-12350,06-JAN-2025
OPTSTK,POLICYBZR,27-Mar-2025,2025-03-27,2300.00,PE,0.00,0.00,0.00,340.85,252.75,0,0.00,0,0,06-JAN-2025
OPTSTK,POLICYBZR,30-Jan-2025,2025-01-30,2100.00,CE,140.00,141.00,93.35,96.80,96.80,69,494.392762,61750,4875,06-JAN-2025
OPTSTK,POLICYBZR,30-Jan-2025,2025-01-30,2100.00,PE,35.95,83.90,35.95,75.25,75.25,553,3882.34031,100750,4875,06-JAN-2025
OPTSTK,POLICYBZR,30-Jan-2025,2025-01-30,2300.00,CE,64.55,67.60,25.40,29.65,29.65,1154,8785.894,274625,-23725,06-JAN-2025
OPTSTK,POLICYBZR,27-Mar-2025,2025-03-27,2300.00,CE,0.00,0.00,0.00,119.55,106.45,0,0.00,0,0,06-JAN-2025
OPTSTK,POLICYBZR,27-Mar-2025,2025-03-27,1600.00,PE,0.00,0.00,0.00,33.85,9.80,0,0.00,0,0,06-JAN-2025
OPTSTK,POLICYBZR,27-Mar-2025,2025-03-27,2500.00,CE,0.00,0.00,0.00,72.60,55.85,0,0.00,0,0,06-JAN-2025
OPTSTK,POLICYBZR,27-Mar-2025,2025-03-27,2500.00,PE,0.00,0.00,0.00,490.25,399.20,0,0.00,0,0,06-JAN-2025
OPTSTK,POLICYBZR,27-Mar-2025,2025-03-27,1600.00,CE,0.00,0.00,0.00,499.90,553.25,0,0.00,0,0,06-JAN-2025
OPTSTK,POLICYBZR,27-Feb-2025,2025-02-27,2300.00,CE,0.00,0.00,0.00,70.20,72.45,0,0.00,0,0,06-JAN-2025
OPTSTK,POLICYBZR,27-Mar-2025,2025-03-27,2100.00,CE,0.00,0.00,0.00,190.40,188.75,0,0.00,0,0,06-JAN-2025
OPTSTK,POLICYBZR,27-Feb-2025,2025-02-27,2100.00,PE,0.00,0.00,0.00,302.35,112.05,0,0.00,0,0,06-JAN-2025
OPTSTK,ASHOKLEY,27-Feb-2025,2025-02-27,252.50,PE,0.00,0.00,0.00,32.95,26.65,0,0.00,0,0,06-JAN-2025
OPTSTK,ASHOKLEY,27-Feb-2025,2025-02-27,252.50,CE,0.00,0.00,0.00,3.75,2.75,0,0.00,0,0,06-JAN-2025
OPTSTK,ASHOKLEY,30-Jan-2025,2025-01-30,252.50,PE,19.40,22.45,19.40,22.45,25.95,9,61.6075,20000,-7500,06-JAN-2025
OPTSTK,ASHOKLEY,30-Jan-2025,2025-01-30,252.50,CE,1.00,1.00,0.50,0.50,0.50,304,1924.22125,642500,50000,06-JAN-2025
OPTSTK,ASHOKLEY,27-Feb-2025,2025-02-27,237.50,CE,0.00,0.00,0.00,7.30,6.45,0,0.00,0,0,06-JAN-2025
OPTSTK,ASHOKLEY,30-Jan-2025,2025-01-30,237.50,PE,7.30,12.60,6.80,12.20,12.20,156,962.27,277500,-30000,06-JAN-2025
OPTSTK,ASHOKLEY,27-Feb-2025,2025-02-27,237.50,PE,0.00,0.00,0.00,21.65,15.55,0,0.00,0,0,06-JAN-2025
OPTSTK,ASHOKLEY,27-Feb-2025,2025-02-27,245.00,PE,0.00,0.00,0.00,21.75,20.80,0,0.00,0,0,06-JAN-2025
OPTSTK,ASHOKLEY,30-Jan-2025,2025-01-30,245.00,PE,12.85,19.15,12.85,18.70,18.70,188,1228.03125,310000,92500,06-JAN-2025
OPTSTK,ASHOKLEY,27-Mar-2025,2025-03-27,210.00,PE,0.00,0.00,0.00,9.00,4.80,0,0.00,0,0,06-JAN-2025
OPTSTK,ASHOKLEY,27-Feb-2025,2025-02-27,210.00,CE,0.00,0.00,0.00,31.50,21.40,0,0.00,0,0,06-JAN-2025
OPTSTK,ASHOKLEY,27-Feb-2025,2025-02-27,240.00,PE,12.45,14.10,12.45,14.10,17.20,5,31.6,12500,-2500,06-JAN-2025
OPTSTK,ASHOKLEY,30-Jan-2025,2025-01-30,260.00,CE,0.75,0.75,0.25,0.30,0.30,731,4758.685,1207500,65000,06-JAN-2025
OPTSTK,ASHOKLEY,27-Mar-2025,2025-03-27,240.00,PE,0.00,0.00,0.00,24.90,18.70,0,0.00,0,0,06-JAN-2025
OPTSTK,ASHOKLEY,30-Jan-2025,2025-01-30,217.50,PE,1.15,2.70,1.15,2.40,2.40,505,2767.91,447500,-15000,06-JAN-2025
OPTSTK,ASHOKLEY,30-Jan-2025,2025-01-30,260.00,PE,26.00,33.85,25.65,33.45,33.00,8,58.3325,217500,-15000,06-JAN-2025
OPTSTK,ASHOKLEY,27-Feb-2025,2025-02-27,260.00,PE,0.00,0.00,0.00,26.25,33.05,0,0.00,2500,0,06-JAN-2025
OPTSTK,ASHOKLEY,27-Mar-2025,2025-03-27,260.00,CE,0.00,0.00,0.00,4.65,3.45,0,0.00,0,0,06-JAN-2025
OPTSTK,ASHOKLEY,27-Feb-2025,2025-02-27,202.50,CE,0.00,0.00,0.00,24.90,27.35,0,0.00,0,0,06-JAN-2025
OPTSTK,ASHOKLEY,27-Feb-2025,2025-02-27,202.50,PE,0.00,0.00,0.00,4.70,1.75,0,0.00,0,0,06-JAN-2025
OPTSTK,ASHOKLEY,30-Jan-2025,2025-01-30,215.00,CE,19.45,19.85,14.50,14.50,14.45,11,63.84875,175000,-7500,06-JAN-2025
OPTSTK,ASHOKLEY,27-Feb-2025,2025-02-27,240.00,CE,6.00,7.30,4.25,4.60,5.65,19,116.5925,105000,20000,06-JAN-2025
OPTSTK,ASHOKLEY,27-Mar-2025,2025-03-27,220.00,PE,0.00,0.00,0.00,13.30,8.25,0,0.00,0,0,06-JAN-2025
OPTSTK,ASHOKLEY,30-Jan-2025,2025-01-30,220.00,CE,15.40,16.15,10.05,10.60,10.60,131,760.22,890000,-102500,06-JAN-2025
OPTSTK,ASHOKLEY,30-Jan-2025,2025-01-30,230.00,PE,3.95,7.80,3.65,7.25,7.25,2543,14967.2525,1740000,-327500,06-JAN-2025
OPTSTK,ASHOKLEY,27-Mar-2025,2025-03-27,230.00,CE,0.00,0.00,0.00,12.90,12.40,0,0.00,0,0,06-JAN-2025
OPTSTK,ASHOKLEY,27-Feb-2025,2025-02-27,230.00,PE,10.20,10.20,10.20,10.20,10.20,1,6.005,7500,2500,06-JAN-2025
OPTSTK,ASHOKLEY,30-Jan-2025,2025-01-30,242.50,CE,2.75,2.90,1.25,1.35,1.35,514,3138.355,565000,247500,06-JAN-2025
OPTSTK,ASHOKLEY,27-Feb-2025,2025-02-27,217.50,CE,0.00,0.00,0.00,15.55,16.20,0,0.00,0,0,06-JAN-2025
OPTSTK,ASHOKLEY,27-Feb-2025,2025-02-27,222.50,PE,0.00,0.00,0.00,4.35,7.40,0,0.00,5000,0,06-JAN-2025
OPTSTK,ASHOKLEY,30-Jan-2025,2025-01-30,250.00,PE,17.00,23.35,16.95,23.10,23.10,28,188.96875,442500,0,06-JAN-2025
OPTSTK,TATAPOWER,30-Jan-2025,2025-01-30,370.00,CE,25.65,26.85,16.60,17.55,17.55,193,1013.74132,124200,43200,06-JAN-2025
OPTSTK,TATAPOWER,27-Feb-2025,2025-02-27,370.00,CE,0.00,0.00,0.00,63.25,25.15,0,0.00,0,0,06-JAN-2025
OPTSTK,EXIDEIND,27-Mar-2025,2025-03-27,370.00,CE,0.00,0.00,0.00,66.80,53.00,0,0.00,0,0,06-JAN-2025
OPTSTK,TATAPOWER,30-Jan-2025,2025-01-30,460.00,CE,0.70,0.70,0.30,0.35,0.35,528,3282.066,770850,-81000,06-JAN-2025
OPTSTK,TATAPOWER,27-Feb-2025,2025-02-27,460.00,CE,2.95,2.95,1.90,1.95,1.95,4,24.9723,16200,4050,06-JAN-2025
OPTSTK,TATAPOWER,27-Mar-2025,2025-03-27,460.00,CE,0.00,0.00,0.00,14.90,3.80,0,0.00,0,0,06-JAN-2025
OPTSTK,EXIDEIND,27-Feb-2025,2025-02-27,460.00,CE,8.00,8.00,8.00,8.00,6.30,1,8.424,7200,1800,06-JAN-2025
OPTSTK,EXIDEIND,27-Mar-2025,2025-03-27,450.00,PE,0.00,0.00,0.00,48.35,47.85,0,0.00,0,0,06-JAN-2025
OPTSTK,TATAPOWER,30-Jan-2025,2025-01-30,450.00,CE,1.00,1.10,0.50,0.55,0.55,3158,19213.6711,6245100,916650,06-JAN-2025
OPTSTK,EXIDEIND,27-Feb-2025,2025-02-27,375.00,PE,0.00,0.00,0.00,9.50,6.70,0,0.00,0,0,06-JAN-2025
OPTSTK,EXIDEIND,27-Feb-2025,2025-02-27,375.00,CE,0.00,0.00,0.00,57.50,44.20,0,0.00,0,0,06-JAN-2025
OPTSTK,TATAPOWER,30-Jan-2025,2025-01-30,375.00,PE,3.35,10.50,3.35,9.85,9.85,1831,9453.24742,966600,98550,06-JAN-2025
OPTSTK,EXIDEIND,27-Feb-2025,2025-02-27,385.00,PE,0.00,0.00,0.00,12.35,9.50,0,0.00,0,0,06-JAN-2025
OPTSTK,EXIDEIND,30-Jan-2025,2025-01-30,435.00,CE,8.35,8.45,4.70,5.20,5.20,299,2371.9419,298800,72000,06-JAN-2025
OPTSTK,TATAPOWER,27-Feb-2025,2025-02-27,435.00,CE,0.00,0.00,0.00,16.30,3.85,0,0.00,0,0,06-JAN-2025
OPTSTK,EXIDEIND,27-Mar-2025,2025-03-27,420.00,PE,0.00,0.00,0.00,31.25,28.85,0,0.00,0,0,06-JAN-2025
OPTSTK,TATAPOWER,27-Feb-2025,2025-02-27,420.00,CE,9.55,9.55,5.70,6.00,6.35,45,259.116975,58050,21600,06-JAN-2025
OPTSTK,TATAPOWER,30-Jan-2025,2025-01-30,420.00,PE,25.80,43.00,25.80,41.65,41.65,97,597.849525,1617300,4050,06-JAN-2025
OPTSTK,EXIDEIND,27-Feb-2025,2025-02-27,420.00,CE,19.50,20.05,15.90,16.90,16.90,9,70.9713,12600,5400,06-JAN-2025
OPTSTK,TATAPOWER,30-Jan-2025,2025-01-30,435.00,CE,1.30,1.70,0.80,0.90,0.90,1072,6311.8791,1148850,288900,06-JAN-2025
OPTSTK,EXIDEIND,27-Feb-2025,2025-02-27,435.00,CE,0.00,0.00,0.00,23.70,12.45,0,0.00,0,0,06-JAN-2025
OPTSTK,EXIDEIND,27-Feb-2025,2025-02-27,435.00,PE,0.00,0.00,0.00,34.95,34.35,0,0.00,0,0,06-JAN-2025
OPTSTK,TATAPOWER,30-Jan-2025,2025-01-30,435.00,PE,43.75,56.55,43.75,56.55,55.20,13,84.633525,195750,6750,06-JAN-2025
OPTSTK,TATAPOWER,27-Mar-2025,2025-03-27,420.00,CE,0.00,0.00,0.00,28.00,10.60,0,0.00,0,0,06-JAN-2025
OPTSTK,EXIDEIND,27-Mar-2025,2025-03-27,420.00,CE,0.00,0.00,0.00,37.15,23.95,0,0.00,0,0,06-JAN-2025
OPTSTK,TATAPOWER,27-Mar-2025,2025-03-27,420.00,PE,0.00,0.00,0.00,36.10,45.80,0,0.00,0,0,06-JAN-2025
OPTSTK,EXIDEIND,27-Feb-2025,2025-02-27,420.00,PE,0.00,0.00,0.00,14.50,25.00,0,0.00,5400,0,06-JAN-2025
OPTSTK,EXIDEIND,30-Jan-2025,2025-01-30,420.00,PE,10.65,20.45,10.35,18.90,18.90,580,4551.6609,1213200,-36000,06-JAN-2025
OPTSTK,EXIDEIND,30-Jan-2025,2025-01-30,395.00,PE,3.30,8.15,3.30,7.35,7.35,427,3080.628,223200,39600,06-JAN-2025
OPTSTK,TATAPOWER,27-Feb-2025,2025-02-27,395.00,PE,0.00,0.00,0.00,19.30,25.95,0,0.00,0,0,06-JAN-2025
OPTSTK,EXIDEIND,27-Feb-2025,2025-02-27,395.00,CE,0.00,0.00,0.00,44.00,30.70,0,0.00,0,0,06-JAN-2025
OPTSTK,TATAPOWER,30-Jan-2025,2025-01-30,330.00,CE,0.00,0.00,0.00,118.15,50.65,0,0.00,0,0,06-JAN-2025
OPTSTK,KALYANKJIL,27-Feb-2025,2025-02-27,600.00,PE,0.00,0.00,0.00,21.95,3.35,0,0.00,0,0,06-JAN-2025
OPTSTK,KALYANKJIL,27-Mar-2025,2025-03-27,800.00,PE,0.00,0.00,0.00,107.30,83.20,0,0.00,0,0,06-JAN-2025
OPTSTK,KALYANKJIL,27-Mar-2025,2025-03-27,640.00,CE,0.00,0.00,0.00,126.50,128.10,0,0.00,0,0,06-JAN-2025
OPTSTK,KALYANKJIL,30-Jan-2025,2025-01-30,640.00,PE,0.00,0.00,0.00,25.80,2.25,0,0.00,0,0,06-JAN-2025
OPTSTK,KALYANKJIL,30-Jan-2025,2025-01-30,810.00,CE,22.50,25.15,10.05,10.90,10.90,574,3677.05763,127100,20925,06-JAN-2025
FUTSTK,KALYANKJIL,30-Jan-2025,2025-01-30,,,785.55,796.65,744.10,748.25,748.25,7979,47606.8131,11011975,1078800,06-JAN-2025
FUTSTK,KALYANKJIL,27-Feb-2025,2025-02-27,,,790.25,796.70,745.75,750.40,750.40,207,1230.18268,220875,3100,06-JAN-2025
OPTSTK,KALYANKJIL,30-Jan-2025,2025-01-30,800.00,CE,25.85,29.90,12.05,13.20,13.20,4682,29780.1170,1127625,216225,06-JAN-2025
OPTSTK,KALYANKJIL,30-Jan-2025,2025-01-30,780.00,PE,30.05,52.50,23.80,50.60,50.60,506,3183.97512,72075,-7750,06-JAN-2025
OPTSTK,KALYANKJIL,30-Jan-2025,2025-01-30,740.00,CE,57.00,61.50,34.25,36.30,36.30,82,495.3862,104625,775,06-JAN-2025
OPTSTK,KALYANKJIL,27-Mar-2025,2025-03-27,720.00,PE,0.00,0.00,0.00,60.90,39.95,0,0.00,0,0,06-JAN-2025
OPTSTK,KALYANKJIL,27-Mar-2025,2025-03-27,880.00,CE,0.00,0.00,0.00,27.60,18.85,0,0.00,0,0,06-JAN-2025
OPTSTK,KALYANKJIL,27-Feb-2025,2025-02-27,720.00,CE,0.00,0.00,0.00,84.00,62.55,0,0.00,2325,0,06-JAN-2025
OPTSTK,KALYANKJIL,30-Jan-2025,2025-01-30,770.00,CE,43.00,46.45,21.50,22.55,22.55,697,4334.90825,227075,44950,06-JAN-2025
OPTSTK,KALYANKJIL,30-Jan-2025,2025-01-30,770.00,PE,22.20,46.30,19.85,42.55,42.55,675,4173.8989,124000,-21700,06-JAN-2025
OPTSTK,KALYANKJIL,30-Jan-2025,2025-01-30,880.00,CE,5.80,7.00,2.90,3.10,3.10,1293,8867.24271,442525,-2325,06-JAN-2025
OPTSTK,KALYANKJIL,27-Feb-2025,2025-02-27,880.00,CE,0.00,0.00,0.00,23.70,10.10,0,0.00,0,0,06-JAN-2025
OPTSTK,KALYANKJIL,30-Jan-2025,2025-01-30,830.00,CE,15.20,17.55,7.10,7.65,7.65,245,1598.205,104625,-19375,06-JAN-2025
OPTSTK,KALYANKJIL,27-Feb-2025,2025-02-27,840.00,PE,0.00,0.00,0.00,148.90,104.40,0,0.00,0,0,06-JAN-2025
OPTSTK,KALYANKJIL,30-Jan-2025,2025-01-30,700.00,CE,71.75,71.75,71.75,71.75,59.90,1,5.9810625,9300,0,06-JAN-2025
OPTSTK,KALYANKJIL,27-Mar-2025,2025-03-27,640.00,PE,0.00,0.00,0.00,28.50,14.15,0,0.00,0,0,06-JAN-2025
OPTSTK,KALYANKJIL,27-Feb-2025,2025-02-27,640.00,CE,0.00,0.00,0.00,113.60,118.95,0,0.00,0,0,06-JAN-2025
OPTSTK,KALYANKJIL,27-Mar-2025,2025-03-27,600.00,PE,0.00,0.00,0.00,17.65,7.20,0,0.00,0,0,06-JAN-2025
OPTSTK,KALYANKJIL,30-Jan-2025,2025-01-30,710.00,CE,79.50,79.50,76.90,76.90,53.00,2,12.2171,7750,0,06-JAN-2025
OPTSTK,KALYANKJIL,27-Mar-2025,2025-03-27,600.00,CE,0.00,0.00,0.00,154.95,160.55,0,0.00,0,0,06-JAN-2025
OPTSTK,KALYANKJIL,30-Jan-2025,2025-01-30,860.00,PE,81.60,96.80,80.85,96.80,115.30,12,88.1535375,7750,5425,06-JAN-2025
OPTSTK,KALYANKJIL,30-Jan-2025,2025-01-30,860.00,CE,8.55,10.20,3.95,4.30,4.30,1113,7481.85503,172825,27125,06-JAN-2025
OPTSTK,KALYANKJIL,27-Feb-2025,2025-02-27,700.00,PE,0.00,0.00,0.00,27.05,23.45,0,0.00,775,0,06-JAN-2025
OPTSTK,KALYANKJIL,30-Jan-2025,2025-01-30,920.00,PE,0.00,0.00,0.00,210.30,172.20,0,0.00,0,0,06-JAN-2025
OPTSTK,KALYANKJIL,30-Jan-2025,2025-01-30,820.00,PE,50.75,79.65,48.85,75.00,80.50,45,306.641537,48825,14725,06-JAN-2025
OPTSTK,KALYANKJIL,27-Feb-2025,2025-02-27,820.00,PE,0.00,0.00,0.00,134.05,89.30,0,0.00,0,0,06-JAN-2025
OPTSTK,CIPLA,30-Jan-2025,2025-01-30,1620.00,CE,6.40,7.10,4.55,5.85,5.85,514,2715.55115,302900,-1625,06-JAN-2025
OPTSTK,CIPLA,27-Feb-2025,2025-02-27,1500.00,CE,65.05,67.50,56.25,59.20,59.20,41,207.834575,27625,650,06-JAN-2025
OPTSTK,CIPLA,30-Jan-2025,2025-01-30,1500.00,CE,40.70,45.70,33.00,37.45,37.45,3327,16621.7660,330200,75075,06-JAN-2025
OPTSTK,CIPLA,27-Feb-2025,2025-02-27,1580.00,PE,0.00,0.00,0.00,115.40,101.10,0,0.00,0,0,06-JAN-2025
OPTSTK,CIPLA,27-Mar-2025,2025-03-27,1680.00,CE,0.00,0.00,0.00,34.65,18.30,0,0.00,0,0,06-JAN-2025
FUTSTK,CIPLA,27-Feb-2025,2025-02-27,,,1506.85,1525.70,1495.00,1505.35,1505.35,241,1180.66812,119600,21775,06-JAN-2025
OPTSTK,CIPLA,30-Jan-2025,2025-01-30,1560.00,PE,65.65,86.60,65.65,78.75,78.75,47,249.935725,62725,-650,06-JAN-2025
OPTSTK,CIPLA,30-Jan-2025,2025-01-30,1560.00,CE,17.00,19.50,12.85,15.70,15.70,1523,7797.51358,371150,-6175,06-JAN-2025
OPTSTK,CIPLA,30-Jan-2025,2025-01-30,1760.00,PE,0.00,0.00,0.00,265.00,261.00,0,0.00,325,0,06-JAN-2025
OPTSTK,CIPLA,27-Feb-2025,2025-02-27,1540.00,PE,0.00,0.00,0.00,90.60,74.80,0,0.00,0,0,06-JAN-2025
OPTSTK,CIPLA,30-Jan-2025,2025-01-30,1540.00,PE,60.55,72.90,52.60,64.85,64.85,261,1359.94023,117650,-21450,06-JAN-2025
OPTSTK,CIPLA,30-Jan-2025,2025-01-30,1660.00,PE,0.00,0.00,0.00,121.85,163.50,0,0.00,3900,0,06-JAN-2025
OPTSTK,CIPLA,27-Feb-2025,2025-02-27,1660.00,CE,0.00,0.00,0.00,24.80,11.25,0,0.00,0,0,06-JAN-2025
OPTSTK,CIPLA,30-Jan-2025,2025-01-30,1460.00,CE,66.70,67.00,54.70,60.70,60.70,170,839.893112,46475,-5850,06-JAN-2025
OPTSTK,CIPLA,30-Jan-2025,2025-01-30,1440.00,CE,85.00,85.00,67.75,73.65,73.65,53,260.7059,16575,2275,06-JAN-2025
OPTSTK,CIPLA,30-Jan-2025,2025-01-30,1660.00,CE,3.00,3.30,2.40,3.15,3.15,346,1869.92016,85150,19825,06-JAN-2025
OPTSTK,CIPLA,27-Mar-2025,2025-03-27,1440.00,PE,0.00,0.00,0.00,53.45,37.15,0,0.00,0,0,06-JAN-2025
OPTSTK,CIPLA,30-Jan-2025,2025-01-30,1520.00,CE,29.70,35.00,24.70,28.50,28.50,1612,8111.29507,318825,4225,06-JAN-2025
FUTSTK,CIPLA,27-Mar-2025,2025-03-27,,,1517.30,1519.10,1506.50,1513.90,1513.90,20,98.47955,16900,3900,06-JAN-2025
OPTSTK,CIPLA,27-Mar-2025,2025-03-27,1480.00,PE,0.00,0.00,0.00,70.20,52.90,0,0.00,0,0,06-JAN-2025
OPTSTK,CIPLA,30-Jan-2025,2025-01-30,1480.00,PE,30.00,37.15,21.60,32.35,32.35,1703,8361.57221,145925,-32825,06-JAN-2025
OPTSTK,CIPLA,27-Mar-2025,2025-03-27,1760.00,PE,0.00,0.00,0.00,258.00,251.25,0,0.00,0,0,06-JAN-2025
OPTSTK,CIPLA,27-Feb-2025,2025-02-27,1640.00,PE,0.00,0.00,0.00,163.65,147.15,0,0.00,0,0,06-JAN-2025
OPTSTK,CIPLA,30-Jan-2025,2025-01-30,1640.00,CE,4.35,5.05,3.30,4.35,4.35,404,2158.60937,99775,8775,06-JAN-2025
OPTSTK,CIPLA,27-Mar-2025,2025-03-27,1640.00,PE,0.00,0.00,0.00,164.25,150.60,0,0.00,0,0,06-JAN-2025
OPTSTK,CIPLA,27-Feb-2025,2025-02-27,1320.00,CE,0.00,0.00,0.00,216.30,188.75,0,0.00,0,0,06-JAN-2025
OPTSTK,CIPLA,27-Feb-2025,2025-02-27,1640.00,CE,0.00,0.00,0.00,46.00,14.25,0,0.00,0,0,06-JAN-2025
OPTSTK,CIPLA,30-Jan-2025,2025-01-30,1620.00,PE,0.00,0.00,0.00,91.40,126.60,0,0.00,975,0,06-JAN-2025
OPTSTK,CIPLA,27-Feb-2025,2025-02-27,1420.00,CE,0.00,0.00,0.00,124.30,106.80,0,0.00,0,0,06-JAN-2025
OPTSTK,CIPLA,27-Feb-2025,2025-02-27,1580.00,CE,0.00,0.00,0.00,45.75,27.60,0,0.00,0,0,06-JAN-2025
OPTSTK,CIPLA,30-Jan-2025,2025-01-30,1580.00,CE,11.45,14.05,9.10,11.30,11.30,1076,5563.64542,189475,54925,06-JAN-2025
OPTSTK,CIPLA,30-Jan-2025,2025-01-30,1440.00,PE,13.25,21.30,11.35,18.40,18.40,702,3324.43588,143325,33150,06-JAN-2025
FUTSTK,ASTRAL,27-Feb-2025,2025-02-27,,,1632.20,1643.15,1563.20,1570.80,1570.80,321,1880.45295,222402,22754,06-JAN-2025
FUTSTK,SUPREMEIND,27-Feb-2025,2025-02-27,,,4663.95,4703.75,4549.15,4559.85,4559.85,10,57.701,3625,250,06-JAN-2025
OPTSTK,ASTRAL,27-Feb-2025,2025-02-27,1480.00,PE,0.00,0.00,0.00,10.65,24.90,0,0.00,0,0,06-JAN-2025
OPTSTK,ASTRAL,27-Feb-2025,2025-02-27,1800.00,PE,0.00,0.00,0.00,160.00,232.70,0,0.00,1835,0,06-JAN-2025
OPTSTK,SUPREMEIND,27-Feb-2025,2025-02-27,5100.00,CE,0.00,0.00,0.00,243.40,82.85,0,0.00,0,0,06-JAN-2025
OPTSTK,SUPREMEIND,27-Feb-2025,2025-02-27,4400.00,CE,0.00,0.00,0.00,507.15,338.90,0,0.00,0,0,06-JAN-2025
OPTSTK,SUPREMEIND,30-Jan-2025,2025-01-30,4800.00,PE,0.00,0.00,0.00,289.10,336.95,0,0.00,2875,0,06-JAN-2025
OPTSTK,ASTRAL,27-Mar-2025,2025-03-27,1880.00,PE,0.00,0.00,0.00,219.15,303.25,0,0.00,0,0,06-JAN-2025
OPTSTK,ASTRAL,30-Jan-2025,2025-01-30,1640.00,CE,37.90,40.00,16.35,18.35,18.35,1375,8406.31024,235981,88080,06-JAN-2025
OPTSTK,LUPIN,30-Jan-2025,2025-01-30,2280.00,CE,115.70,123.00,115.70,123.00,118.15,5,50.991075,57800,0,06-JAN-2025
OPTSTK,SUPREMEIND,30-Jan-2025,2025-01-30,5500.00,CE,10.00,10.75,3.05,3.05,3.05,43,296.078625,2500,-125,06-JAN-2025
OPTSTK,LUPIN,30-Jan-2025,2025-01-30,2020.00,CE,0.00,0.00,0.00,107.80,349.65,0,0.00,0,0,06-JAN-2025
OPTSTK,SUPREMEIND,30-Jan-2025,2025-01-30,4400.00,CE,0.00,0.00,0.00,428.50,248.60,0,0.00,0,0,06-JAN-2025
OPTSTK,ASTRAL,30-Jan-2025,2025-01-30,1720.00,PE,158.30,158.30,158.30,158.30,158.30,1,6.893361,2569,-367,06-JAN-2025
OPTSTK,ASTRAL,27-Mar-2025,2025-03-27,1720.00,CE,0.00,0.00,0.00,97.20,28.70,0,0.00,0,0,06-JAN-2025
OPTSTK,ASTRAL,27-Feb-2025,2025-02-27,1780.00,CE,0.00,0.00,0.00,53.20,8.10,0,0.00,0,0,06-JAN-2025
OPTSTK,ASTRAL,27-Mar-2025,2025-03-27,1640.00,CE,0.00,0.00,0.00,136.65,51.40,0,0.00,0,0,06-JAN-2025
OPTSTK,ASTRAL,27-Feb-2025,2025-02-27,1840.00,PE,0.00,0.00,0.00,115.45,269.85,0,0.00,0,0,06-JAN-2025
OPTSTK,ASTRAL,30-Jan-2025,2025-01-30,2120.00,CE,0.00,0.00,0.00,10.10,0.05,0,0.00,367,0,06-JAN-2025
OPTSTK,LUPIN,30-Jan-2025,2025-01-30,2300.00,PE,31.25,35.55,25.50,31.10,31.10,1563,15484.5169,322575,-8075,06-JAN-2025
OPTSTK,LUPIN,30-Jan-2025,2025-01-30,2300.00,CE,115.00,118.85,88.45,103.90,103.90,291,2969.73892,194650,-4675,06-JAN-2025
OPTSTK,ASTRAL,30-Jan-2025,2025-01-30,1720.00,CE,14.00,14.50,6.00,6.90,6.90,557,3532.21535,26057,-5872,06-JAN-2025
OPTSTK,LUPIN,30-Jan-2025,2025-01-30,2360.00,PE,49.30,61.25,44.10,54.50,54.50,1832,18798.9542,216325,-23375,06-JAN-2025
OPTSTK,LUPIN,30-Jan-2025,2025-01-30,2260.00,PE,19.90,24.15,18.30,21.75,21.75,210,2036.28167,112200,10200,06-JAN-2025
OPTSTK,LUPIN,27-Mar-2025,2025-03-27,2240.00,PE,0.00,0.00,0.00,147.00,52.80,0,0.00,0,0,06-JAN-2025
OPTSTK,SUPREMEIND,30-Jan-2025,2025-01-30,5300.00,PE,0.00,0.00,0.00,828.55,767.80,0,0.00,0,0,06-JAN-2025
OPTSTK,SUPREMEIND,30-Jan-2025,2025-01-30,5300.00,CE,14.00,14.05,10.70,14.00,10.55,9,59.774625,6750,-500,06-JAN-2025
OPTSTK,LUPIN,30-Jan-2025,2025-01-30,2000.00,CE,365.00,365.00,365.00,365.00,369.40,1,10.05125,19125,0,06-JAN-2025
OPTSTK,LUPIN,27-Feb-2025,2025-02-27,2440.00,CE,0.00,0.00,0.00,22.45,70.00,0,0.00,0,0,06-JAN-2025
OPTSTK,ASTRAL,27-Feb-2025,2025-02-27,1920.00,PE,0.00,0.00,0.00,161.20,346.50,0,0.00,0,0,06-JAN-2025
OPTSTK,SUPREMEIND,30-Jan-2025,2025-01-30,4700.00,CE,160.00,173.00,107.00,107.00,107.50,37,224.338875,8250,500,06-JAN-2025
OPTSTK,LUPIN,27-Feb-2025,2025-02-27,2500.00,CE,49.95,50.60,49.95,50.60,49.65,6,65.0264875,4675,1700,06-JAN-2025
OPTSTK,DRREDDY,30-Jan-2025,2025-01-30,1110.00,PE,0.00,0.00,0.00,0.35,0.05,0,0.00,3125,0,06-JAN-2025
OPTSTK,LT,27-Feb-2025,2025-02-27,3700.00,CE,136.00,146.00,102.60,107.80,107.80,55,315.008325,25950,1800,06-JAN-2025
OPTSTK,LT,30-Jan-2025,2025-01-30,3700.00,PE,88.95,137.50,74.65,127.65,127.65,3888,22185.2282,390750,-1500,06-JAN-2025
OPTSTK,LT,27-Feb-2025,2025-02-27,3700.00,PE,141.95,161.00,137.20,161.00,161.00,10,57.65415,8100,1200,06-JAN-2025
OPTSTK,DRREDDY,30-Jan-2025,2025-01-30,1480.00,CE,3.90,4.45,2.65,4.05,4.05,318,2948.62343,125625,20625,06-JAN-2025
OPTSTK,DRREDDY,27-Feb-2025,2025-02-27,1480.00,PE,0.00,0.00,0.00,264.50,122.25,0,0.00,0,0,06-JAN-2025
OPTSTK,DRREDDY,27-Mar-2025,2025-03-27,1480.00,PE,0.00,0.00,0.00,127.80,122.00,0,0.00,0,0,06-JAN-2025
FUTSTK,LT,27-Feb-2025,2025-02-27,,,3699.80,3731.00,3623.05,3644.00,3644.00,813,4472.25705,225750,23850,06-JAN-2025
FUTSTK,DRREDDY,30-Jan-2025,2025-01-30,,,1366.10,1366.10,1339.15,1356.30,1356.30,4625,39056.8781,12416250,177500,06-JAN-2025
OPTSTK,DRREDDY,30-Jan-2025,2025-01-30,1390.00,PE,53.90,58.50,53.30,58.50,47.10,17,153.635937,123125,-6250,06-JAN-2025
OPTSTK,DRREDDY,30-Jan-2025,2025-01-30,1090.00,PE,0.00,0.00,0.00,0.35,0.05,0,0.00,1250,0,06-JAN-2025
OPTSTK,DRREDDY,27-Feb-2025,2025-02-27,1510.00,PE,0.00,0.00,0.00,149.10,149.05,0,0.00,0,0,06-JAN-2025
OPTSTK,DRREDDY,27-Feb-2025,2025-02-27,1560.00,CE,0.00,0.00,0.00,1.05,1.35,0,0.00,0,0,06-JAN-2025
OPTSTK,DRREDDY,27-Feb-2025,2025-02-27,1560.00,PE,0.00,0.00,0.00,340.95,196.10,0,0.00,0,0,06-JAN-2025
OPTSTK,DRREDDY,27-Mar-2025,2025-03-27,1560.00,CE,0.00,0.00,0.00,14.20,4.55,0,0.00,0,0,06-JAN-2025
OPTSTK,DRREDDY,30-Jan-2025,2025-01-30,1400.00,PE,56.95,71.00,56.20,60.25,60.25,148,1353.76718,155000,-19375,06-JAN-2025
OPTSTK,DRREDDY,27-Feb-2025,2025-02-27,1400.00,PE,0.00,0.00,0.00,191.35,60.70,0,0.00,0,0,06-JAN-2025
OPTSTK,DRREDDY,27-Feb-2025,2025-02-27,1480.00,CE,0.00,0.00,0.00,3.10,6.80,0,0.00,0,0,06-JAN-2025
OPTSTK,DRREDDY,30-Jan-2025,2025-01-30,1280.00,CE,76.50,86.50,76.50,86.50,79.95,8,68.1421875,6250,1875,06-JAN-2025
OPTSTK,LT,27-Feb-2025,2025-02-27,3750.00,PE,0.00,0.00,0.00,230.20,205.95,0,0.00,0,0,06-JAN-2025
OPTSTK,LT,27-Feb-2025,2025-02-27,3750.00,CE,0.00,0.00,0.00,156.70,95.05,0,0.00,0,0,06-JAN-2025
OPTSTK,LT,30-Jan-2025,2025-01-30,3200.00,PE,2.45,5.20,1.75,4.50,4.50,1224,5881.90965,185400,10650,06-JAN-2025
OPTSTK,DRREDDY,27-Feb-2025,2025-02-27,1260.00,PE,0.00,0.00,0.00,83.05,6.85,0,0.00,0,0,06-JAN-2025
OPTSTK,LT,27-Feb-2025,2025-02-27,3200.00,PE,0.00,0.00,0.00,48.75,15.10,0,0.00,0,0,06-JAN-2025
OPTSTK,DRREDDY,27-Mar-2025,2025-03-27,1260.00,PE,0.00,0.00,0.00,20.50,11.25,0,0.00,0,0,06-JAN-2025
OPTSTK,LT,27-Mar-2025,2025-03-27,3200.00,PE,0.00,0.00,0.00,51.75,28.65,0,0.00,0,0,06-JAN-2025
OPTSTK,DRREDDY,30-Jan-2025,2025-01-30,1490.00,CE,2.85,3.80,2.35,3.55,3.55,152,1418.31812,114375,10000,06-JAN-2025
OPTSTK,LT,27-Mar-2025,2025-03-27,3000.00,CE,0.00,0.00,0.00,705.80,656.10,0,0.00,0,0,06-JAN-2025
OPTSTK,LT,30-Jan-2025,2025-01-30,3600.00,CE,129.15,148.50,86.35,93.40,93.40,4096,22783.1293,180150,67650,06-JAN-2025
OPTSTK,DRREDDY,30-Jan-2025,2025-01-30,1460.00,CE,5.65,6.15,3.80,5.90,5.90,223,2041.7725,148750,0,06-JAN-2025
OPTSTK,LT,30-Jan-2025,2025-01-30,3250.00,PE,2.90,7.45,2.60,6.50,6.50,742,3623.6958,69600,18000,06-JAN-2025
OPTSTK,DRREDDY,27-Mar-2025,2025-03-27,1400.00,CE,0.00,0.00,0.00,56.55,36.25,0,0.00,0,0,06-JAN-2025
OPTSTK,IPCALAB,30-Jan-2025,2025-01-30,1960.00,CE,0.00,0.00,0.00,16.50,1.85,0,0.00,0,0,06-JAN-2025
OPTSTK,IPCALAB,30-Jan-2025,2025-01-30,1960.00,PE,0.00,0.00,0.00,352.45,234.15,0,0.00,0,0,06-JAN-2025
FUTSTK,IPCALAB,27-Feb-2025,2025-02-27,,,1729.35,1738.50,1711.15,1727.00,1727.00,49,549.77455,40950,-2600,06-JAN-2025
OPTSTK,IPCALAB,27-Feb-2025,2025-02-27,1840.00,CE,0.00,0.00,0.00,18.50,32.80,0,0.00,0,0,06-JAN-2025
OPTSTK,IPCALAB,27-Feb-2025,2025-02-27,1620.00,CE,0.00,0.00,0.00,84.10,140.55,0,0.00,0,0,06-JAN-2025
OPTSTK,IPCALAB,27-Feb-2025,2025-02-27,1520.00,PE,0.00,0.00,0.00,87.05,7.90,0,0.00,0,0,06-JAN-2025
OPTSTK,IPCALAB,27-Feb-2025,2025-02-27,1540.00,CE,0.00,0.00,0.00,126.50,204.05,0,0.00,0,0,06-JAN-2025
OPTSTK,IPCALAB,30-Jan-2025,2025-01-30,1380.00,PE,0.00,0.00,0.00,0.55,0.05,0,0.00,1300,0,06-JAN-2025
OPTSTK,IPCALAB,30-Jan-2025,2025-01-30,1480.00,CE,0.00,0.00,0.00,180.45,246.10,0,0.00,0,0,06-JAN-2025
OPTSTK,IPCALAB,30-Jan-2025,2025-01-30,1840.00,PE,0.00,0.00,0.00,122.40,125.30,0,0.00,1300,0,06-JAN-2025
OPTSTK,IPCALAB,27-Feb-2025,2025-02-27,1440.00,CE,0.00,0.00,0.00,152.00,295.10,0,0.00,0,0,06-JAN-2025
OPTSTK,IPCALAB,30-Jan-2025,2025-01-30,1800.00,PE,102.10,102.10,102.10,102.10,94.15,1,12.36365,6500,650,06-JAN-2025
OPTSTK,IPCALAB,27-Feb-2025,2025-02-27,1440.00,PE,0.00,0.00,0.00,53.00,2.30,0,0.00,0,0,06-JAN-2025
OPTSTK,IPCALAB,30-Jan-2025,2025-01-30,1460.00,PE,0.00,0.00,0.00,1.80,0.30,0,0.00,14300,0,06-JAN-2025
OPTSTK,IPCALAB,30-Jan-2025,2025-01-30,2000.00,PE,0.00,0.00,0.00,266.00,273.00,0,0.00,650,0,06-JAN-2025
OPTSTK,IPCALAB,27-Feb-2025,2025-02-27,1560.00,PE,0.00,0.00,0.00,107.90,13.30,0,0.00,0,0,06-JAN-2025
OPTSTK,IPCALAB,30-Jan-2025,2025-01-30,1700.00,CE,60.75,65.30,50.50,62.95,62.95,95,1085.8822,135200,-9750,06-JAN-2025
OPTSTK,IPCALAB,27-Feb-2025,2025-02-27,1700.00,PE,0.00,0.00,0.00,99.70,54.05,0,0.00,4550,0,06-JAN-2025
OPTSTK,IPCALAB,30-Jan-2025,2025-01-30,1720.00,CE,60.00,60.00,41.00,51.80,51.80,265,3048.22147,101400,8450,06-JAN-2025
OPTSTK,IPCALAB,30-Jan-2025,2025-01-30,1540.00,CE,0.00,0.00,0.00,77.65,188.30,0,0.00,0,0,06-JAN-2025
OPTSTK,IPCALAB,30-Jan-2025,2025-01-30,1860.00,PE,0.00,0.00,0.00,331.30,142.15,0,0.00,0,0,06-JAN-2025
OPTSTK,IPCALAB,30-Jan-2025,2025-01-30,1420.00,PE,0.00,0.00,0.00,1.90,0.10,0,0.00,1950,0,06-JAN-2025
OPTSTK,IPCALAB,30-Jan-2025,2025-01-30,1920.00,CE,4.60,5.95,3.10,5.00,5.00,75,938.35885,52650,-8450,06-JAN-2025
OPTSTK,IPCALAB,27-Feb-2025,2025-02-27,1700.00,CE,0.00,0.00,0.00,53.00,89.35,0,0.00,0,0,06-JAN-2025
OPTSTK,IPCALAB,30-Jan-2025,2025-01-30,1480.00,PE,1.65,2.45,1.55,2.45,0.55,19,182.992225,88400,-1950,06-JAN-2025
OPTSTK,IPCALAB,27-Feb-2025,2025-02-27,1920.00,CE,0.00,0.00,0.00,11.00,16.35,0,0.00,0,0,06-JAN-2025
OPTSTK,IPCALAB,27-Feb-2025,2025-02-27,1600.00,CE,151.00,151.00,149.80,149.80,155.40,2,22.7552,2600,650,06-JAN-2025
OPTSTK,IPCALAB,30-Jan-2025,2025-01-30,1660.00,PE,17.65,25.50,17.65,22.75,22.75,76,831.621375,50050,-2600,06-JAN-2025
OPTSTK,IPCALAB,27-Feb-2025,2025-02-27,1860.00,PE,0.00,0.00,0.00,260.35,151.00,0,0.00,0,0,06-JAN-2025
OPTSTK,IPCALAB,30-Jan-2025,2025-01-30,1740.00,PE,50.15,65.25,46.75,56.50,55.40,36,420.78855,31200,-3250,06-JAN-2025
OPTSTK,IPCALAB,27-Feb-2025,2025-02-27,1880.00,PE,0.00,0.00,0.00,347.40,166.45,0,0.00,0,0,06-JAN-2025
OPTSTK,IPCALAB,27-Feb-2025,2025-02-27,1560.00,CE,0.00,0.00,0.00,89.05,187.20,0,0.00,0,0,06-JAN-2025
OPTSTK,BALKRISIND,27-Mar-2025,2025-03-27,3080.00,PE,0.00,0.00,0.00,317.25,358.95,0,0.00,0,0,06-JAN-2025
OPTSTK,BALKRISIND,27-Feb-2025,2025-02-27,3080.00,CE,0.00,0.00,0.00,81.90,24.70,0,0.00,0,0,06-JAN-2025
OPTSTK,BALKRISIND,30-Jan-2025,2025-01-30,3080.00,CE,17.80,17.80,9.50,9.50,5.10,35,324.61455,3900,3300,06-JAN-2025
OPTSTK,BALKRISIND,27-Mar-2025,2025-03-27,3080.00,CE,0.00,0.00,0.00,117.55,47.35,0,0.00,0,0,06-JAN-2025
OPTSTK,BALKRISIND,27-Feb-2025,2025-02-27,3080.00,PE,0.00,0.00,0.00,298.55,352.00,0,0.00,0,0,06-JAN-2025
OPTSTK,BALKRISIND,30-Jan-2025,2025-01-30,3080.00,PE,0.00,0.00,0.00,276.00,348.25,0,0.00,0,0,06-JAN-2025
OPTSTK,SUNPHARMA,30-Jan-2025,2025-01-30,1660.00,PE,0.00,0.00,0.00,26.70,0.25,0,0.00,0,0,06-JAN-2025
OPTSTK,BALKRISIND,30-Jan-2025,2025-01-30,2850.00,PE,123.05,159.25,123.05,158.00,158.00,9,80.67825,14700,-600,06-JAN-2025
OPTSTK,BALKRISIND,27-Mar-2025,2025-03-27,2640.00,CE,0.00,0.00,0.00,325.65,213.60,0,0.00,0,0,06-JAN-2025
OPTSTK,BALKRISIND,27-Mar-2025,2025-03-27,2600.00,PE,0.00,0.00,0.00,80.60,76.95,0,0.00,0,0,06-JAN-2025
OPTSTK,BALKRISIND,27-Feb-2025,2025-02-27,3280.00,PE,0.00,0.00,0.00,454.25,532.85,0,0.00,0,0,06-JAN-2025
OPTSTK,BALKRISIND,27-Mar-2025,2025-03-27,3280.00,CE,0.00,0.00,0.00,67.70,20.10,0,0.00,0,0,06-JAN-2025
OPTSTK,BALKRISIND,27-Feb-2025,2025-02-27,2600.00,PE,0.00,0.00,0.00,115.80,56.65,0,0.00,0,0,06-JAN-2025
OPTSTK,BALKRISIND,27-Mar-2025,2025-03-27,2600.00,CE,0.00,0.00,0.00,352.30,238.30,0,0.00,0,0,06-JAN-2025
OPTSTK,SUNPHARMA,30-Jan-2025,2025-01-30,2080.00,CE,1.15,1.45,1.00,1.40,1.40,192,1398.57567,122850,13650,06-JAN-2025
OPTSTK,SUNPHARMA,27-Feb-2025,2025-02-27,1800.00,CE,0.00,0.00,0.00,63.30,89.10,0,0.00,0,0,06-JAN-2025
OPTSTK,SUNPHARMA,27-Feb-2025,2025-02-27,2080.00,PE,0.00,0.00,0.00,315.25,216.10,0,0.00,0,0,06-JAN-2025
OPTSTK,SUNPHARMA,27-Feb-2025,2025-02-27,1740.00,PE,0.00,0.00,0.00,21.55,10.35,0,0.00,0,0,06-JAN-2025
OPTSTK,SUNPHARMA,27-Feb-2025,2025-02-27,1740.00,CE,0.00,0.00,0.00,144.70,134.40,0,0.00,0,0,06-JAN-2025
OPTSTK,SUNPHARMA,27-Mar-2025,2025-03-27,2080.00,PE,0.00,0.00,0.00,221.35,211.40,0,0.00,0,0,06-JAN-2025
OPTSTK,SUNPHARMA,27-Feb-2025,2025-02-27,1880.00,CE,0.00,0.00,0.00,36.70,44.45,0,0.00,0,0,06-JAN-2025
OPTSTK,SUNPHARMA,27-Mar-2025,2025-03-27,1880.00,CE,0.00,0.00,0.00,79.20,61.15,0,0.00,0,0,06-JAN-2025
OPTSTK,BALKRISIND,27-Feb-2025,2025-02-27,2940.00,CE,0.00,0.00,0.00,128.35,51.25,0,0.00,0,0,06-JAN-2025
OPTSTK,BALKRISIND,27-Feb-2025,2025-02-27,2940.00,PE,0.00,0.00,0.00,206.80,239.90,0,0.00,0,0,06-JAN-2025
OPTSTK,BALKRISIND,30-Jan-2025,2025-01-30,2840.00,CE,90.15,90.15,45.35,46.50,40.70,49,426.3897,7500,4200,06-JAN-2025
OPTSTK,BALKRISIND,30-Jan-2025,2025-01-30,2780.00,CE,87.35,89.70,65.90,68.40,68.40,29,248.72145,2400,2400,06-JAN-2025
OPTSTK,BALKRISIND,27-Feb-2025,2025-02-27,2640.00,CE,0.00,0.00,0.00,288.55,179.00,0,0.00,0,0,06-JAN-2025
OPTSTK,BALKRISIND,27-Mar-2025,2025-03-27,3200.00,PE,0.00,0.00,0.00,402.55,458.45,0,0.00,0,0,06-JAN-2025
OPTSTK,BALKRISIND,27-Feb-2025,2025-02-27,3200.00,CE,0.00,0.00,0.00,60.80,12.30,0,0.00,0,0,06-JAN-2025
OPTSTK,BALKRISIND,30-Jan-2025,2025-01-30,3200.00,PE,0.00,0.00,0.00,400.30,464.05,0,0.00,0,0,06-JAN-2025
OPTSTK,BALKRISIND,30-Jan-2025,2025-01-30,3160.00,PE,0.00,0.00,0.00,341.05,425.00,0,0.00,0,0,06-JAN-2025
OPTSTK,HCLTECH,27-Mar-2025,2025-03-27,2320.00,PE,0.00,0.00,0.00,387.85,338.95,0,0.00,0,0,06-JAN-2025
OPTSTK,PAYTM,30-Jan-2025,2025-01-30,880.00,PE,7.00,12.55,6.40,11.20,11.20,360,2079.83165,235300,18200,06-JAN-2025
OPTSTK,PAYTM,30-Jan-2025,2025-01-30,880.00,CE,124.55,124.55,115.60,115.60,112.30,5,32.528925,16900,3250,06-JAN-2025
OPTSTK,HCLTECH,27-Feb-2025,2025-02-27,1900.00,PE,42.95,49.50,42.95,48.90,34.30,10,68.10405,4200,2100,06-JAN-2025
OPTSTK,HCLTECH,27-Feb-2025,2025-02-27,1900.00,CE,0.00,0.00,0.00,90.00,105.55,0,0.00,1750,0,06-JAN-2025
OPTSTK,PAYTM,30-Jan-2025,2025-01-30,1100.00,PE,117.50,137.20,116.45,137.20,142.80,7,55.691025,81250,1300,06-JAN-2025
OPTSTK,PAYTM,30-Jan-2025,2025-01-30,920.00,CE,91.30,91.60,72.80,72.80,85.25,31,201.6768,56550,5200,06-JAN-2025
OPTSTK,PAYTM,30-Jan-2025,2025-01-30,920.00,PE,17.15,23.40,12.95,21.25,21.25,460,2801.48147,518050,35750,06-JAN-2025
FUTSTK,HCLTECH,27-Mar-2025,2025-03-27,,,1978.00,1987.00,1950.00,1967.35,1967.35,39,267.961575,31500,1750,06-JAN-2025
OPTSTK,PAYTM,27-Feb-2025,2025-02-27,920.00,PE,0.00,0.00,0.00,117.25,54.50,0,0.00,0,0,06-JAN-2025
OPTSTK,HCLTECH,30-Jan-2025,2025-01-30,1800.00,PE,9.70,12.45,7.00,10.70,10.70,918,5815.13625,308000,18900,06-JAN-2025
OPTSTK,HCLTECH,30-Jan-2025,2025-01-30,1980.00,PE,68.50,82.25,57.15,71.05,71.05,292,2093.39777,68950,-3850,06-JAN-2025
OPTSTK,HCLTECH,27-Feb-2025,2025-02-27,1980.00,CE,0.00,0.00,0.00,59.50,61.10,0,0.00,0,0,06-JAN-2025
OPTSTK,PAYTM,30-Jan-2025,2025-01-30,1020.00,CE,31.55,36.20,23.80,24.85,24.85,1204,8220.74402,718900,-24050,06-JAN-2025
OPTSTK,PAYTM,27-Feb-2025,2025-02-27,1020.00,PE,0.00,0.00,0.00,116.75,106.55,0,0.00,0,0,06-JAN-2025
OPTSTK,PAYTM,30-Jan-2025,2025-01-30,1200.00,PE,0.00,0.00,0.00,293.05,230.90,0,0.00,0,0,06-JAN-2025
FUTSTK,HCLTECH,30-Jan-2025,2025-01-30,,,1942.00,1965.95,1924.65,1943.50,1943.50,9570,65124.0632,12082350,-308700,06-JAN-2025
OPTSTK,PAYTM,27-Mar-2025,2025-03-27,1120.00,PE,0.00,0.00,0.00,197.35,189.50,0,0.00,0,0,06-JAN-2025
OPTSTK,HCLTECH,30-Jan-2025,2025-01-30,2160.00,CE,4.30,4.85,3.15,4.05,4.05,582,4407.85065,177100,15050,06-JAN-2025
OPTSTK,HCLTECH,27-Mar-2025,2025-03-27,2000.00,CE,0.00,0.00,0.00,72.60,72.30,0,0.00,0,0,06-JAN-2025
OPTSTK,HCLTECH,27-Feb-2025,2025-02-27,1920.00,PE,0.00,0.00,0.00,123.85,41.55,0,0.00,0,0,06-JAN-2025
OPTSTK,HCLTECH,27-Feb-2025,2025-02-27,1920.00,CE,0.00,0.00,0.00,79.40,93.00,0,0.00,0,0,06-JAN-2025
OPTSTK,HCLTECH,27-Feb-2025,2025-02-27,2200.00,PE,0.00,0.00,0.00,334.90,233.50,0,0.00,0,0,06-JAN-2025
OPTSTK,HCLTECH,30-Jan-2025,2025-01-30,1760.00,CE,0.00,0.00,0.00,163.10,201.95,0,0.00,3500,0,06-JAN-2025
OPTSTK,HCLTECH,27-Mar-2025,2025-03-27,1760.00,CE,0.00,0.00,0.00,205.15,230.65,0,0.00,0,0,06-JAN-2025
OPTSTK,HCLTECH,27-Feb-2025,2025-02-27,2160.00,PE,0.00,0.00,0.00,300.25,198.10,0,0.00,0,0,06-JAN-2025
OPTSTK,PAYTM,30-Jan-2025,2025-01-30,1120.00,CE,7.50,9.20,5.70,6.00,6.00,568,4162.49925,325650,29900,06-JAN-2025
OPTSTK,HCLTECH,27-Feb-2025,2025-02-27,1740.00,PE,0.00,0.00,0.00,18.95,4.45,0,0.00,0,0,06-JAN-2025
OPTSTK,PAYTM,30-Jan-2025,2025-01-30,800.00,PE,1.60,3.25,1.55,2.85,2.85,256,1335.30312,204100,-33150,06-JAN-2025
OPTSTK,PAYTM,27-Mar-2025,2025-03-27,800.00,CE,0.00,0.00,0.00,259.50,209.65,0,0.00,0,0,06-JAN-2025
OPTSTK,HCLTECH,27-Feb-2025,2025-02-27,2160.00,CE,0.00,0.00,0.00,20.15,11.80,0,0.00,0,0,06-JAN-2025
OPTSTK,PAYTM,30-Jan-2025,2025-01-30,940.00,CE,81.95,82.00,63.00,63.00,73.40,30,197.7378,119600,1950,06-JAN-2025
OPTSTK,PIDILITIND,27-Feb-2025,2025-02-27,3080.00,PE,0.00,0.00,0.00,139.85,190.70,0,0.00,0,0,06-JAN-2025
OPTSTK,PIDILITIND,27-Mar-2025,2025-03-27,3080.00,CE,0.00,0.00,0.00,105.75,58.05,0,0.00,0,0,06-JAN-2025
OPTSTK,PIDILITIND,27-Feb-2025,2025-02-27,3080.00,CE,0.00,0.00,0.00,159.30,34.90,0,0.00,0,0,06-JAN-2025
OPTSTK,PIDILITIND,27-Mar-2025,2025-03-27,3080.00,PE,0.00,0.00,0.00,197.65,198.05,0,0.00,0,0,06-JAN-2025
OPTSTK,PIDILITIND,30-Jan-2025,2025-01-30,3080.00,PE,0.00,0.00,0.00,189.60,182.85,0,0.00,250,0,06-JAN-2025
OPTSTK,PIDILITIND,30-Jan-2025,2025-01-30,3080.00,CE,19.00,19.30,15.05,17.05,11.20,44,340.667625,20250,-4750,06-JAN-2025
OPTSTK,PIDILITIND,30-Jan-2025,2025-01-30,3040.00,PE,0.00,0.00,0.00,128.15,149.45,0,0.00,1000,0,06-JAN-2025
OPTSTK,PIDILITIND,27-Feb-2025,2025-02-27,3040.00,CE,0.00,0.00,0.00,179.65,45.45,0,0.00,0,0,06-JAN-2025
OPTSTK,PIDILITIND,27-Mar-2025,2025-03-27,3040.00,CE,0.00,0.00,0.00,121.40,70.65,0,0.00,0,0,06-JAN-2025
OPTSTK,PIDILITIND,30-Jan-2025,2025-01-30,2600.00,PE,6.70,7.00,5.65,6.50,6.50,99,645.08475,22750,-250,06-JAN-2025
OPTSTK,PIDILITIND,27-Feb-2025,2025-02-27,3280.00,CE,0.00,0.00,0.00,81.60,7.45,0,0.00,0,0,06-JAN-2025
OPTSTK,PIDILITIND,27-Mar-2025,2025-03-27,2640.00,PE,0.00,0.00,0.00,28.80,18.20,0,0.00,0,0,06-JAN-2025
FUTSTK,PIDILITIND,30-Jan-2025,2025-01-30,,,2940.10,2949.70,2879.60,2906.15,2906.15,1451,10550.4522,3233000,35500,06-JAN-2025
OPTSTK,PIDILITIND,30-Jan-2025,2025-01-30,2400.00,PE,0.00,0.00,0.00,1.20,0.05,0,0.00,0,0,06-JAN-2025
OPTSTK,PIDILITIND,30-Jan-2025,2025-01-30,2960.00,PE,91.00,117.50,91.00,111.30,91.45,24,183.687375,10750,-1000,06-JAN-2025
OPTSTK,PIDILITIND,27-Feb-2025,2025-02-27,2840.00,PE,0.00,0.00,0.00,50.80,54.00,0,0.00,0,0,06-JAN-2025
OPTSTK,PIDILITIND,27-Feb-2025,2025-02-27,2840.00,CE,0.00,0.00,0.00,305.90,135.95,0,0.00,0,0,06-JAN-2025
OPTSTK,PIDILITIND,30-Jan-2025,2025-01-30,2840.00,PE,37.55,53.45,37.55,49.85,49.85,56,403.960375,22750,250,06-JAN-2025
OPTSTK,PIDILITIND,30-Jan-2025,2025-01-30,2780.00,PE,25.05,34.50,23.45,31.95,16.70,69,484.558125,9500,6000,06-JAN-2025
OPTSTK,PIDILITIND,27-Feb-2025,2025-02-27,2480.00,CE,0.00,0.00,0.00,613.40,439.85,0,0.00,0,0,06-JAN-2025
OPTSTK,PIDILITIND,30-Jan-2025,2025-01-30,3160.00,PE,0.00,0.00,0.00,134.75,255.30,0,0.00,0,0,06-JAN-2025
OPTSTK,PIDILITIND,30-Jan-2025,2025-01-30,3160.00,CE,9.85,9.85,7.30,7.75,4.05,57,451.435875,26000,-7750,06-JAN-2025
OPTSTK,PIDILITIND,27-Feb-2025,2025-02-27,3160.00,CE,0.00,0.00,0.00,123.60,19.70,0,0.00,0,0,06-JAN-2025
OPTSTK,PIDILITIND,27-Feb-2025,2025-02-27,2980.00,CE,0.00,0.00,0.00,115.80,65.65,0,0.00,0,0,06-JAN-2025
OPTSTK,PIDILITIND,27-Feb-2025,2025-02-27,2980.00,PE,0.00,0.00,0.00,125.95,122.35,0,0.00,0,0,06-JAN-2025
OPTSTK,PIDILITIND,30-Jan-2025,2025-01-30,2900.00,CE,93.15,100.45,65.45,79.80,79.80,421,3133.50362,60500,4000,06-JAN-2025
OPTSTK,PIDILITIND,27-Feb-2025,2025-02-27,2900.00,PE,0.00,0.00,0.00,87.95,79.15,0,0.00,0,0,06-JAN-2025
OPTSTK,PIDILITIND,27-Feb-2025,2025-02-27,2900.00,CE,0.00,0.00,0.00,110.00,101.65,0,0.00,500,0,06-JAN-2025
OPTSTK,PIDILITIND,27-Feb-2025,2025-02-27,2680.00,PE,0.00,0.00,0.00,20.55,14.65,0,0.00,0,0,06-JAN-2025
OPTSTK,PIDILITIND,27-Feb-2025,2025-02-27,3200.00,CE,0.00,0.00,0.00,108.10,14.45,0,0.00,0,0,06-JAN-2025
OPTSTK,PIDILITIND,30-Jan-2025,2025-01-30,2680.00,PE,9.05,14.30,9.05,13.80,13.80,9,60.552125,7250,-250,06-JAN-2025
OPTSTK,JSL,27-Feb-2025,2025-02-27,690.00,CE,0.00,0.00,0.00,84.50,30.65,0,0.00,0,0,06-JAN-2025
OPTSTK,JSL,30-Jan-2025,2025-01-30,600.00,CE,0.00,0.00,0.00,101.40,71.45,0,0.00,1550,0,06-JAN-2025
OPTSTK,AXISBANK,30-Jan-2025,2025-01-30,1190.00,CE,2.80,2.80,1.70,1.75,1.75,455,3389.94656,350000,83750,06-JAN-2025
OPTSTK,JSL,30-Jan-2025,2025-01-30,750.00,CE,3.15,3.70,2.75,2.85,2.85,79,461.112212,72850,-2325,06-JAN-2025
OPTSTK,SRF,30-Jan-2025,2025-01-30,2040.00,PE,3.60,6.75,3.30,6.20,6.20,83,636.488062,27750,5250,06-JAN-2025
OPTSTK,JSL,30-Jan-2025,2025-01-30,670.00,CE,24.00,25.40,21.40,21.40,25.10,8,43.06985,6200,0,06-JAN-2025
OPTSTK,JSL,27-Feb-2025,2025-02-27,670.00,CE,0.00,0.00,0.00,97.20,39.20,0,0.00,0,0,06-JAN-2025
OPTSTK,SRF,30-Jan-2025,2025-01-30,2180.00,PE,19.00,29.90,15.55,29.60,29.60,122,1007.3925,46875,-3000,06-JAN-2025
OPTSTK,SRF,27-Feb-2025,2025-02-27,2180.00,CE,0.00,0.00,0.00,174.20,155.80,0,0.00,0,0,06-JAN-2025
OPTSTK,SRF,27-Feb-2025,2025-02-27,2420.00,CE,0.00,0.00,0.00,64.05,41.05,0,0.00,0,0,06-JAN-2025
OPTSTK,JSL,30-Jan-2025,2025-01-30,680.00,CE,20.95,21.10,17.40,17.70,17.70,10,54.181025,6975,0,06-JAN-2025
OPTSTK,SRF,30-Jan-2025,2025-01-30,2420.00,CE,19.10,20.70,13.45,15.75,15.75,128,1169.90737,36750,5250,06-JAN-2025
OPTSTK,AXISBANK,27-Feb-2025,2025-02-27,1260.00,PE,0.00,0.00,0.00,133.85,186.15,0,0.00,0,0,06-JAN-2025
OPTSTK,AXISBANK,30-Jan-2025,2025-01-30,1260.00,PE,0.00,0.00,0.00,188.05,191.10,0,0.00,2500,0,06-JAN-2025
OPTSTK,SRF,27-Feb-2025,2025-02-27,2020.00,CE,0.00,0.00,0.00,289.95,284.65,0,0.00,0,0,06-JAN-2025
OPTSTK,SRF,30-Jan-2025,2025-01-30,2200.00,PE,24.95,36.70,19.65,33.85,33.85,1537,12849.5810,292875,173625,06-JAN-2025
OPTSTK,AXISBANK,27-Feb-2025,2025-02-27,1060.00,PE,22.00,30.00,22.00,27.95,31.65,7,47.55625,12500,625,06-JAN-2025
OPTSTK,AXISBANK,30-Jan-2025,2025-01-30,1060.00,CE,45.85,45.90,30.50,32.20,32.20,771,5274.99781,219375,3125,06-JAN-2025
OPTSTK,SRF,27-Mar-2025,2025-03-27,2120.00,PE,0.00,0.00,0.00,60.20,34.35,0,0.00,0,0,06-JAN-2025
OPTSTK,SRF,27-Mar-2025,2025-03-27,2120.00,CE,0.00,0.00,0.00,240.65,222.90,0,0.00,0,0,06-JAN-2025
OPTSTK,JSL,27-Mar-2025,2025-03-27,820.00,PE,0.00,0.00,0.00,112.15,153.45,0,0.00,0,0,06-JAN-2025
OPTSTK,JSL,27-Mar-2025,2025-03-27,820.00,CE,0.00,0.00,0.00,40.85,9.65,0,0.00,0,0,06-JAN-2025
OPTSTK,JSL,30-Jan-2025,2025-01-30,710.00,PE,43.65,55.05,43.65,54.65,54.65,4,23.6189,6975,1550,06-JAN-2025
OPTSTK,SRF,30-Jan-2025,2025-01-30,2680.00,PE,0.00,0.00,0.00,389.00,391.10,0,0.00,1125,0,06-JAN-2025
OPTSTK,AXISBANK,27-Feb-2025,2025-02-27,970.00,CE,0.00,0.00,0.00,129.55,108.65,0,0.00,0,0,06-JAN-2025
OPTSTK,AXISBANK,27-Feb-2025,2025-02-27,970.00,PE,0.00,0.00,0.00,10.70,5.95,0,0.00,0,0,06-JAN-2025
OPTSTK,AXISBANK,30-Jan-2025,2025-01-30,970.00,CE,0.00,0.00,0.00,179.60,99.25,0,0.00,0,0,06-JAN-2025
OPTSTK,AXISBANK,30-Jan-2025,2025-01-30,970.00,PE,1.40,4.10,1.30,3.50,3.50,529,3216.4375,253750,26875,06-JAN-2025
OPTSTK,AXISBANK,30-Jan-2025,2025-01-30,1010.00,PE,4.45,10.15,4.00,8.95,8.95,693,4405.02656,251875,3125,06-JAN-2025
OPTSTK,AXISBANK,30-Jan-2025,2025-01-30,1300.00,PE,0.00,0.00,0.00,235.60,230.85,0,0.00,87500,0,06-JAN-2025
OPTSTK,JSL,30-Jan-2025,2025-01-30,770.00,PE,0.00,0.00,0.00,95.35,104.85,0,0.00,0,0,06-JAN-2025
OPTSTK,SRF,30-Jan-2025,2025-01-30,2060.00,PE,4.25,8.75,3.65,8.35,8.35,82,635.230312,25500,1125,06-JAN-2025
OPTSTK,LTIM,30-Jan-2025,2025-01-30,6500.00,CE,20.20,31.00,18.05,19.10,19.10,1755,17176.4580,119550,-25050,06-JAN-2025
OPTSTK,LTIM,30-Jan-2025,2025-01-30,5250.00,PE,30.35,38.00,22.25,38.00,18.15,36,285.1503,14700,750,06-JAN-2025
OPTSTK,LTIM,27-Feb-2025,2025-02-27,4600.00,PE,0.00,0.00,0.00,9.10,2.75,0,0.00,0,0,06-JAN-2025
OPTSTK,LTIM,30-Jan-2025,2025-01-30,4600.00,PE,0.00,0.00,0.00,4.50,0.10,0,0.00,1500,0,06-JAN-2025
OPTSTK,LTIM,27-Feb-2025,2025-02-27,4600.00,CE,0.00,0.00,0.00,1651.80,1178.10,0,0.00,0,0,06-JAN-2025
OPTSTK,LTIM,30-Jan-2025,2025-01-30,4800.00,CE,0.00,0.00,0.00,1045.65,953.20,0,0.00,0,0,06-JAN-2025
OPTSTK,LTIM,30-Jan-2025,2025-01-30,5150.00,PE,20.90,32.25,16.75,30.25,30.25,48,372.798,12300,5250,06-JAN-2025
OPTSTK,LTIM,30-Jan-2025,2025-01-30,6700.00,CE,16.00,17.80,10.30,11.30,11.30,185,1863.26887,27150,1650,06-JAN-2025
OPTSTK,LTIM,30-Jan-2025,2025-01-30,5200.00,CE,629.55,678.30,613.20,613.80,567.85,8,70.0047,2250,450,06-JAN-2025
OPTSTK,LTIM,27-Mar-2025,2025-03-27,5200.00,PE,0.00,0.00,0.00,128.25,76.30,0,0.00,0,0,06-JAN-2025
OPTSTK,LTIM,30-Jan-2025,2025-01-30,4700.00,PE,4.00,5.40,3.00,4.35,4.35,17,119.96025,33300,-150,06-JAN-2025
OPTSTK,LTIM,30-Jan-2025,2025-01-30,6400.00,CE,26.30,42.30,24.55,25.85,25.85,396,3821.57932,29700,-2550,06-JAN-2025
OPTSTK,LTIM,30-Jan-2025,2025-01-30,6250.00,CE,36.00,46.00,36.00,41.30,41.30,14,132.138975,14250,0,06-JAN-2025
OPTSTK,LTIM,27-Mar-2025,2025-03-27,4400.00,CE,0.00,0.00,0.00,1447.05,1399.65,0,0.00,0,0,06-JAN-2025
OPTSTK,LTIM,27-Feb-2025,2025-02-27,5500.00,CE,0.00,0.00,0.00,868.70,403.10,0,0.00,0,0,06-JAN-2025
OPTSTK,LTIM,30-Jan-2025,2025-01-30,6600.00,CE,16.55,23.45,13.60,14.90,14.90,972,9650.34915,89850,-8100,06-JAN-2025
OPTSTK,LTIM,27-Feb-2025,2025-02-27,6600.00,CE,0.00,0.00,0.00,266.90,32.45,0,0.00,0,0,06-JAN-2025
OPTSTK,LTIM,30-Jan-2025,2025-01-30,4600.00,CE,0.00,0.00,0.00,1220.65,1151.75,0,0.00,0,0,06-JAN-2025
OPTSTK,LTIM,30-Jan-2025,2025-01-30,5500.00,CE,416.95,440.00,332.40,332.40,318.95,21,185.932425,20850,300,06-JAN-2025
OPTSTK,LTIM,27-Feb-2025,2025-02-27,5500.00,PE,113.00,135.00,113.00,135.00,119.15,3,25.302,450,450,06-JAN-2025
OPTSTK,LTIM,30-Jan-2025,2025-01-30,6000.00,PE,277.35,344.75,239.60,343.65,343.65,140,1319.47927,45150,600,06-JAN-2025
OPTSTK,LTIM,27-Mar-2025,2025-03-27,5600.00,PE,0.00,0.00,0.00,263.45,197.95,0,0.00,0,0,06-JAN-2025
OPTSTK,LTIM,30-Jan-2025,2025-01-30,5600.00,PE,85.60,131.00,71.15,126.85,126.85,853,7288.96875,74850,5850,06-JAN-2025
OPTSTK,LTIM,30-Jan-2025,2025-01-30,5000.00,PE,10.70,17.65,9.15,16.35,16.35,350,2632.41292,40650,4500,06-JAN-2025
OPTSTK,LTIM,30-Jan-2025,2025-01-30,5000.00,CE,0.00,0.00,0.00,685.05,756.90,0,0.00,450,0,06-JAN-2025
OPTSTK,LTIM,27-Feb-2025,2025-02-27,5000.00,CE,0.00,0.00,0.00,1282.55,800.15,0,0.00,0,0,06-JAN-2025
OPTSTK,LTIM,30-Jan-2025,2025-01-30,6550.00,CE,0.00,0.00,0.00,13.35,6.10,0,0.00,2400,0,06-JAN-2025
OPTSTK,LTIM,27-Feb-2025,2025-02-27,6000.00,PE,0.00,0.00,0.00,269.20,364.70,0,0.00,0,0,06-JAN-2025
OPTSTK,LTIM,30-Jan-2025,2025-01-30,6100.00,CE,74.95,104.50,64.15,68.15,68.15,1041,9660.57232,66300,21900,06-JAN-2025
OPTSTK,LTIM,27-Feb-2025,2025-02-27,5600.00,PE,0.00,0.00,0.00,134.45,155.35,0,0.00,0,0,06-JAN-2025
OPTSTK,LTIM,30-Jan-2025,2025-01-30,5600.00,CE,340.60,365.05,269.00,284.15,251.00,58,515.69925,28200,-2100,06-JAN-2025
OPTSTK,LTIM,30-Jan-2025,2025-01-30,6850.00,CE,0.00,0.00,0.00,35.00,1.10,0,0.00,450,0,06-JAN-2025
OPTSTK,BANKBARODA,30-Jan-2025,2025-01-30,252.50,PE,15.95,24.75,15.95,24.70,24.85,21,168.405412,324675,-20475,06-JAN-2025
OPTSTK,BANKBARODA,30-Jan-2025,2025-01-30,252.50,CE,2.95,2.95,1.15,1.20,1.20,772,5734.33087,1199250,-26325,06-JAN-2025
OPTSTK,BANKBARODA,27-Feb-2025,2025-02-27,252.50,PE,0.00,0.00,0.00,18.30,26.50,0,0.00,0,0,06-JAN-2025
OPTSTK,BANKBARODA,30-Jan-2025,2025-01-30,237.50,PE,5.40,13.10,5.35,12.70,12.70,709,5120.95398,1044225,99450,06-JAN-2025
OPTSTK,BANKBARODA,30-Jan-2025,2025-01-30,215.00,PE,1.30,3.05,1.05,2.80,2.80,1146,7280.16851,900900,292500,06-JAN-2025
OPTSTK,BANKBARODA,30-Jan-2025,2025-01-30,257.50,PE,22.90,22.90,22.70,22.70,29.35,2,16.39755,251550,-5850,06-JAN-2025
OPTSTK,BANKBARODA,30-Jan-2025,2025-01-30,245.00,CE,5.75,5.75,2.05,2.15,2.15,3851,27911.754,5420025,1661400,06-JAN-2025
OPTSTK,BANKBARODA,27-Mar-2025,2025-03-27,210.00,PE,0.00,0.00,0.00,4.95,5.95,0,0.00,0,0,06-JAN-2025
OPTSTK,BANKBARODA,27-Feb-2025,2025-02-27,210.00,PE,2.50,4.15,2.50,4.05,4.05,85,529.876912,93600,84825,06-JAN-2025
OPTSTK,BANKBARODA,27-Feb-2025,2025-02-27,207.50,CE,0.00,0.00,0.00,44.55,25.85,0,0.00,0,0,06-JAN-2025
OPTSTK,BANKBARODA,30-Jan-2025,2025-01-30,207.50,PE,1.30,1.60,1.10,1.45,1.45,57,348.218325,61425,61425,06-JAN-2025
OPTSTK,BANKBARODA,27-Mar-2025,2025-03-27,240.00,PE,0.00,0.00,0.00,14.75,19.60,0,0.00,0,0,06-JAN-2025
OPTSTK,BANKBARODA,30-Jan-2025,2025-01-30,240.00,CE,7.85,8.20,3.10,3.25,3.25,6966,49737.7895,6914700,4112550,06-JAN-2025
OPTSTK,BANKBARODA,30-Jan-2025,2025-01-30,272.50,CE,0.45,0.45,0.25,0.25,0.25,143,1141.2648,137475,-73125,06-JAN-2025
OPTSTK,BANKBARODA,30-Jan-2025,2025-01-30,197.50,PE,0.00,0.00,0.00,1.45,0.35,0,0.00,0,0,06-JAN-2025
OPTSTK,BANKBARODA,30-Jan-2025,2025-01-30,300.00,PE,0.00,0.00,0.00,57.50,70.75,0,0.00,234000,0,06-JAN-2025
OPTSTK,BANKBARODA,30-Jan-2025,2025-01-30,260.00,PE,26.00,32.00,25.35,31.55,31.55,65,551.399062,4794075,-14625,06-JAN-2025
OPTSTK,BANKBARODA,27-Feb-2025,2025-02-27,260.00,CE,4.45,4.45,2.65,2.80,2.80,104,799.810537,342225,131625,06-JAN-2025
OPTSTK,BANKBARODA,30-Jan-2025,2025-01-30,272.50,PE,0.00,0.00,0.00,24.90,43.55,0,0.00,2925,0,06-JAN-2025
OPTSTK,BANKBARODA,30-Jan-2025,2025-01-30,215.00,CE,19.50,20.55,16.15,16.20,16.20,20,136.424925,29250,17550,06-JAN-2025
OPTSTK,BANKBARODA,27-Feb-2025,2025-02-27,237.50,PE,0.00,0.00,0.00,7.30,16.05,0,0.00,29250,0,06-JAN-2025
OPTSTK,BANKBARODA,27-Mar-2025,2025-03-27,215.00,PE,0.00,0.00,0.00,6.10,7.55,0,0.00,0,0,06-JAN-2025
OPTSTK,BANKBARODA,30-Jan-2025,2025-01-30,237.50,CE,8.95,8.95,3.85,3.95,3.95,1160,8231.28783,1251900,780975,06-JAN-2025
OPTSTK,BANKBARODA,30-Jan-2025,2025-01-30,240.00,PE,5.85,14.90,5.85,14.50,14.50,2058,15113.475,5136300,216450,06-JAN-2025
OPTSTK,BANKBARODA,27-Mar-2025,2025-03-27,240.00,CE,0.00,0.00,0.00,25.80,11.10,0,0.00,0,0,06-JAN-2025
OPTSTK,BANKBARODA,30-Jan-2025,2025-01-30,220.00,CE,19.75,19.75,12.50,12.75,12.75,300,2054.59605,383175,236925,06-JAN-2025
OPTSTK,BANKBARODA,27-Feb-2025,2025-02-27,220.00,PE,3.75,7.00,3.75,7.00,7.00,93,613.137037,195975,26325,06-JAN-2025
OPTSTK,BANKBARODA,27-Mar-2025,2025-03-27,220.00,PE,0.00,0.00,0.00,7.45,9.45,0,0.00,0,0,06-JAN-2025
OPTSTK,BANKBARODA,27-Feb-2025,2025-02-27,230.00,CE,12.90,13.20,11.10,11.25,11.25,50,353.973262,114075,114075,06-JAN-2025
OPTSTK,BANKBARODA,27-Mar-2025,2025-03-27,230.00,CE,0.00,0.00,0.00,31.55,15.30,0,0.00,0,0,06-JAN-2025
OPTSTK,DEEPAKNTR,27-Feb-2025,2025-02-27,2800.00,CE,0.00,0.00,0.00,186.00,18.75,0,0.00,0,0,06-JAN-2025
OPTSTK,DEEPAKNTR,27-Mar-2025,2025-03-27,2800.00,CE,0.00,0.00,0.00,122.35,38.20,0,0.00,0,0,06-JAN-2025
OPTSTK,CHOLAFIN,30-Jan-2025,2025-01-30,1080.00,CE,0.00,0.00,0.00,232.75,219.45,0,0.00,0,0,06-JAN-2025
OPTSTK,DEEPAKNTR,27-Feb-2025,2025-02-27,2400.00,PE,78.75,88.00,78.75,88.00,88.00,4,29.79945,900,600,06-JAN-2025
OPTSTK,DEEPAKNTR,30-Jan-2025,2025-01-30,2400.00,PE,48.05,58.85,38.15,55.40,55.40,836,6140.79675,82500,3600,06-JAN-2025
OPTSTK,CHOLAFIN,27-Feb-2025,2025-02-27,1280.00,PE,0.00,0.00,0.00,90.35,51.00,0,0.00,0,0,06-JAN-2025
OPTSTK,DEEPAKNTR,30-Jan-2025,2025-01-30,2850.00,PE,0.00,0.00,0.00,233.85,418.35,0,0.00,0,0,06-JAN-2025
OPTSTK,CHOLAFIN,27-Mar-2025,2025-03-27,1280.00,PE,0.00,0.00,0.00,130.60,62.95,0,0.00,0,0,06-JAN-2025
OPTSTK,CHOLAFIN,27-Feb-2025,2025-02-27,1460.00,CE,0.00,0.00,0.00,11.40,17.20,0,0.00,0,0,06-JAN-2025
OPTSTK,DEEPAKNTR,30-Jan-2025,2025-01-30,3000.00,PE,0.00,0.00,0.00,475.50,566.10,0,0.00,10500,0,06-JAN-2025
OPTSTK,DEEPAKNTR,30-Jan-2025,2025-01-30,3000.00,CE,1.50,1.50,1.25,1.25,0.30,4,36.0171,18600,0,06-JAN-2025
OPTSTK,DEEPAKNTR,27-Mar-2025,2025-03-27,2000.00,CE,0.00,0.00,0.00,621.70,461.70,0,0.00,0,0,06-JAN-2025
OPTSTK,DEEPAKNTR,27-Feb-2025,2025-02-27,2350.00,PE,0.00,0.00,0.00,58.65,70.90,0,0.00,0,0,06-JAN-2025
OPTSTK,CHOLAFIN,30-Jan-2025,2025-01-30,1140.00,PE,2.00,4.05,1.85,3.45,3.45,606,4329.40968,231250,17500,06-JAN-2025
OPTSTK,CHOLAFIN,27-Feb-2025,2025-02-27,1140.00,CE,0.00,0.00,0.00,109.40,175.40,0,0.00,0,0,06-JAN-2025
OPTSTK,DEEPAKNTR,27-Mar-2025,2025-03-27,2300.00,PE,0.00,0.00,0.00,65.60,72.75,0,0.00,0,0,06-JAN-2025
OPTSTK,DEEPAKNTR,27-Mar-2025,2025-03-27,2800.00,PE,0.00,0.00,0.00,300.50,376.15,0,0.00,0,0,06-JAN-2025
OPTSTK,DEEPAKNTR,30-Jan-2025,2025-01-30,2800.00,CE,4.15,5.50,3.80,4.20,4.20,405,3407.709,99300,-6900,06-JAN-2025
OPTSTK,CHOLAFIN,27-Mar-2025,2025-03-27,1400.00,PE,0.00,0.00,0.00,216.85,131.55,0,0.00,0,0,06-JAN-2025
OPTSTK,CHOLAFIN,30-Jan-2025,2025-01-30,1400.00,CE,16.50,21.40,8.10,9.15,9.15,2028,17903.6181,381250,-31250,06-JAN-2025
OPTSTK,DEEPAKNTR,27-Mar-2025,2025-03-27,2700.00,CE,0.00,0.00,0.00,157.85,57.85,0,0.00,0,0,06-JAN-2025
OPTSTK,CHOLAFIN,30-Jan-2025,2025-01-30,1160.00,PE,2.95,5.65,2.50,4.60,4.60,534,3884.00843,267500,-21875,06-JAN-2025
OPTSTK,DEEPAKNTR,27-Feb-2025,2025-02-27,2300.00,PE,46.85,51.70,46.85,50.00,53.20,4,28.1952,1800,1200,06-JAN-2025
OPTSTK,DEEPAKNTR,27-Feb-2025,2025-02-27,2600.00,CE,0.00,0.00,0.00,80.00,55.90,0,0.00,300,0,06-JAN-2025
OPTSTK,DEEPAKNTR,27-Mar-2025,2025-03-27,2600.00,CE,0.00,0.00,0.00,200.85,85.25,0,0.00,0,0,06-JAN-2025
OPTSTK,DEEPAKNTR,27-Feb-2025,2025-02-27,2600.00,PE,0.00,0.00,0.00,110.00,210.10,0,0.00,300,0,06-JAN-2025
OPTSTK,CHOLAFIN,30-Jan-2025,2025-01-30,1240.00,CE,106.00,106.00,70.25,75.10,75.10,54,446.372812,176875,-8750,06-JAN-2025
OPTSTK,CHOLAFIN,30-Jan-2025,2025-01-30,1360.00,PE,50.00,84.60,46.55,75.00,75.00,86,764.425312,86875,20000,06-JAN-2025
OPTSTK,CHOLAFIN,27-Mar-2025,2025-03-27,1360.00,PE,0.00,0.00,0.00,186.15,105.75,0,0.00,0,0,06-JAN-2025
OPTSTK,CHOLAFIN,27-Feb-2025,2025-02-27,1360.00,PE,0.00,0.00,0.00,136.10,95.05,0,0.00,0,0,06-JAN-2025
OPTSTK,DEEPAKNTR,27-Feb-2025,2025-02-27,3000.00,PE,0.00,0.00,0.00,355.35,555.60,0,0.00,0,0,06-JAN-2025
OPTSTK,GAIL,27-Feb-2025,2025-02-27,187.50,PE,0.00,0.00,0.00,8.35,10.55,0,0.00,0,0,06-JAN-2025
OPTSTK,GAIL,30-Jan-2025,2025-01-30,180.00,PE,2.00,4.40,1.95,4.10,4.10,1851,7976.09857,1952850,162150,06-JAN-2025
OPTSTK,GAIL,30-Jan-2025,2025-01-30,230.00,CE,0.25,0.25,0.15,0.20,0.20,181,979.1322,1313650,-23500,06-JAN-2025
OPTSTK,GAIL,30-Jan-2025,2025-01-30,230.00,PE,0.00,0.00,0.00,33.00,44.40,0,0.00,538150,0,06-JAN-2025
OPTSTK,GAIL,27-Feb-2025,2025-02-27,220.00,PE,0.00,0.00,0.00,28.00,34.70,0,0.00,2350,0,06-JAN-2025
OPTSTK,GAIL,27-Feb-2025,2025-02-27,220.00,CE,1.20,1.20,1.20,1.20,1.20,1,5.1982,79900,0,06-JAN-2025
OPTSTK,GAIL,30-Jan-2025,2025-01-30,220.00,PE,31.20,31.20,31.20,31.20,34.60,1,5.9032,1250200,-2350,06-JAN-2025
OPTSTK,GAIL,27-Feb-2025,2025-02-27,215.00,CE,0.00,0.00,0.00,11.70,2.00,0,0.00,0,0,06-JAN-2025
OPTSTK,GAIL,30-Jan-2025,2025-01-30,215.00,CE,0.85,0.85,0.45,0.50,0.50,543,2750.33777,1252550,-37600,06-JAN-2025
OPTSTK,GAIL,30-Jan-2025,2025-01-30,192.50,CE,5.25,5.35,3.30,3.50,3.50,1425,6585.40617,1304250,166850,06-JAN-2025
OPTSTK,GAIL,30-Jan-2025,2025-01-30,212.50,CE,0.95,0.95,0.55,0.60,0.60,363,1818.4112,486450,-14100,06-JAN-2025
OPTSTK,GAIL,27-Feb-2025,2025-02-27,172.50,CE,0.00,0.00,0.00,31.05,18.05,0,0.00,0,0,06-JAN-2025
OPTSTK,GAIL,30-Jan-2025,2025-01-30,177.50,CE,14.30,14.30,10.55,10.80,10.80,66,293.52205,84600,49350,06-JAN-2025
OPTSTK,GAIL,27-Feb-2025,2025-02-27,160.00,PE,0.00,0.00,0.00,3.15,1.50,0,0.00,0,0,06-JAN-2025
OPTSTK,GAIL,27-Mar-2025,2025-03-27,160.00,PE,0.00,0.00,0.00,2.80,2.65,0,0.00,0,0,06-JAN-2025
OPTSTK,GAIL,30-Jan-2025,2025-01-30,190.00,PE,5.45,9.50,5.35,9.10,9.10,1596,7402.43537,2516850,227950,06-JAN-2025
OPTSTK,GAIL,27-Mar-2025,2025-03-27,200.00,CE,0.00,0.00,0.00,17.55,7.50,0,0.00,0,0,06-JAN-2025
OPTSTK,GAIL,27-Feb-2025,2025-02-27,172.50,PE,0.00,0.00,0.00,3.75,4.25,0,0.00,0,0,06-JAN-2025
OPTSTK,GAIL,30-Jan-2025,2025-01-30,172.50,CE,18.75,18.75,15.20,15.20,15.20,27,120.3905,44650,28200,06-JAN-2025
OPTSTK,GAIL,27-Mar-2025,2025-03-27,215.00,CE,0.00,0.00,0.00,11.60,3.85,0,0.00,0,0,06-JAN-2025
OPTSTK,GAIL,30-Jan-2025,2025-01-30,215.00,PE,0.00,0.00,0.00,21.95,29.80,0,0.00,401850,0,06-JAN-2025
OPTSTK,GAIL,30-Jan-2025,2025-01-30,232.50,CE,0.00,0.00,0.00,0.15,0.05,0,0.00,2350,0,06-JAN-2025
OPTSTK,GAIL,27-Feb-2025,2025-02-27,205.00,PE,0.00,0.00,0.00,19.95,22.15,0,0.00,0,0,06-JAN-2025
OPTSTK,GAIL,27-Feb-2025,2025-02-27,212.50,PE,0.00,0.00,0.00,21.45,28.20,0,0.00,0,0,06-JAN-2025
OPTSTK,GAIL,27-Feb-2025,2025-02-27,175.00,PE,4.50,4.50,4.50,4.50,5.05,4,16.873,14100,9400,06-JAN-2025
OPTSTK,GAIL,27-Mar-2025,2025-03-27,175.00,PE,0.00,0.00,0.00,6.20,6.80,0,0.00,0,0,06-JAN-2025
OPTSTK,GAIL,27-Mar-2025,2025-03-27,175.00,CE,0.00,0.00,0.00,32.00,19.05,0,0.00,0,0,06-JAN-2025
OPTSTK,GAIL,27-Feb-2025,2025-02-27,175.00,CE,0.00,0.00,0.00,31.60,16.35,0,0.00,0,0,06-JAN-2025
OPTSTK,GAIL,30-Jan-2025,2025-01-30,175.00,PE,1.20,2.75,1.20,2.50,2.50,968,4028.26307,730850,84600,06-JAN-2025
OPTSTK,GAIL,30-Jan-2025,2025-01-30,227.50,CE,0.20,0.95,0.20,0.20,0.10,59,315.8259,225600,-4700,06-JAN-2025
OPTSTK,GAIL,30-Jan-2025,2025-01-30,222.50,CE,0.00,0.00,0.00,0.40,0.15,0,0.00,105750,0,06-JAN-2025
OPTSTK,GAIL,27-Feb-2025,2025-02-27,177.50,CE,0.00,0.00,0.00,27.40,14.80,0,0.00,0,0,06-JAN-2025
OPTSTK,GAIL,30-Jan-2025,2025-01-30,187.50,CE,7.60,7.90,5.00,5.25,5.25,671,3051.07902,559300,392450,06-JAN-2025
OPTSTK,ULTRACEMCO,27-Mar-2025,2025-03-27,10200.00,PE,0.00,0.00,0.00,122.80,56.35,0,0.00,0,0,06-JAN-2025
OPTSTK,ULTRACEMCO,30-Jan-2025,2025-01-30,10200.00,CE,0.00,0.00,0.00,1236.40,1352.50,0,0.00,0,0,06-JAN-2025
OPTSTK,VOLTAS,30-Jan-2025,2025-01-30,1660.00,PE,6.00,13.75,6.00,11.50,11.50,306,1533.6546,64500,17400,06-JAN-2025
OPTSTK,VOLTAS,27-Feb-2025,2025-02-27,1620.00,PE,0.00,0.00,0.00,52.75,19.70,0,0.00,0,0,06-JAN-2025
OPTSTK,ULTRACEMCO,30-Jan-2025,2025-01-30,11500.00,CE,490.00,505.05,295.00,315.15,315.15,1203,7122.57737,65650,-800,06-JAN-2025
OPTSTK,ULTRACEMCO,27-Feb-2025,2025-02-27,11500.00,CE,0.00,0.00,0.00,567.60,452.65,0,0.00,0,0,06-JAN-2025
OPTSTK,ULTRACEMCO,30-Jan-2025,2025-01-30,11500.00,PE,145.05,280.75,128.00,260.80,260.80,2249,13176.2196,46000,-7250,06-JAN-2025
OPTSTK,ULTRACEMCO,27-Feb-2025,2025-02-27,11500.00,PE,0.00,0.00,0.00,462.75,339.00,0,0.00,0,0,06-JAN-2025
OPTSTK,VOLTAS,30-Jan-2025,2025-01-30,1640.00,PE,3.80,10.40,3.80,9.40,9.40,178,880.21125,80700,3900,06-JAN-2025
OPTSTK,VOLTAS,27-Feb-2025,2025-02-27,1920.00,PE,0.00,0.00,0.00,280.10,161.05,0,0.00,0,0,06-JAN-2025
OPTSTK,VOLTAS,30-Jan-2025,2025-01-30,1500.00,PE,1.65,1.95,1.35,1.85,1.85,42,189.20415,32700,2400,06-JAN-2025
OPTSTK,VOLTAS,27-Mar-2025,2025-03-27,1840.00,PE,0.00,0.00,0.00,179.40,120.80,0,0.00,0,0,06-JAN-2025
OPTSTK,VOLTAS,27-Feb-2025,2025-02-27,1960.00,PE,0.00,0.00,0.00,312.05,191.65,0,0.00,0,0,06-JAN-2025
OPTSTK,VOLTAS,30-Jan-2025,2025-01-30,1680.00,CE,134.60,134.75,120.70,120.70,120.20,6,32.6052,34800,900,06-JAN-2025
OPTSTK,VOLTAS,30-Jan-2025,2025-01-30,1680.00,PE,9.05,17.55,7.90,15.40,15.40,466,2368.4853,95400,5400,06-JAN-2025
OPTSTK,VOLTAS,30-Jan-2025,2025-01-30,1820.00,CE,55.50,55.60,31.35,33.75,33.75,1331,7424.89875,91800,-3300,06-JAN-2025
OPTSTK,VOLTAS,27-Feb-2025,2025-02-27,2080.00,CE,0.00,0.00,0.00,19.00,9.90,0,0.00,0,0,06-JAN-2025
OPTSTK,VOLTAS,30-Jan-2025,2025-01-30,1600.00,PE,3.55,6.50,3.20,5.55,5.55,512,2465.15415,68400,1200,06-JAN-2025
OPTSTK,VOLTAS,27-Feb-2025,2025-02-27,1600.00,CE,0.00,0.00,0.00,157.85,207.25,0,0.00,0,0,06-JAN-2025
OPTSTK,ULTRACEMCO,27-Mar-2025,2025-03-27,12600.00,CE,0.00,0.00,0.00,288.30,178.10,0,0.00,0,0,06-JAN-2025
OPTSTK,ULTRACEMCO,30-Jan-2025,2025-01-30,9800.00,PE,6.20,8.50,6.20,7.50,7.50,3,14.71125,9800,0,06-JAN-2025
OPTSTK,VOLTAS,27-Feb-2025,2025-02-27,1880.00,PE,0.00,0.00,0.00,249.35,132.80,0,0.00,0,0,06-JAN-2025
OPTSTK,VOLTAS,27-Feb-2025,2025-02-27,2040.00,CE,0.00,0.00,0.00,23.30,13.95,0,0.00,0,0,06-JAN-2025
OPTSTK,ULTRACEMCO,27-Mar-2025,2025-03-27,10000.00,CE,0.00,0.00,0.00,1732.75,1687.75,0,0.00,0,0,06-JAN-2025
OPTSTK,ULTRACEMCO,27-Mar-2025,2025-03-27,10000.00,PE,0.00,0.00,0.00,91.50,37.30,0,0.00,0,0,06-JAN-2025
OPTSTK,ULTRACEMCO,30-Jan-2025,2025-01-30,10000.00,CE,1545.85,1545.85,1544.55,1544.55,1549.25,2,11.5452,2000,0,06-JAN-2025
OPTSTK,ULTRACEMCO,30-Jan-2025,2025-01-30,10000.00,PE,8.95,16.40,8.95,15.10,15.10,100,500.594375,15500,1150,06-JAN-2025
OPTSTK,ULTRACEMCO,30-Jan-2025,2025-01-30,13400.00,PE,0.00,0.00,0.00,2168.25,1838.35,0,0.00,0,0,06-JAN-2025
OPTSTK,VOLTAS,27-Feb-2025,2025-02-27,1560.00,CE,0.00,0.00,0.00,181.20,241.05,0,0.00,0,0,06-JAN-2025
OPTSTK,VOLTAS,27-Feb-2025,2025-02-27,1560.00,PE,0.00,0.00,0.00,65.85,10.15,0,0.00,0,0,06-JAN-2025
OPTSTK,VOLTAS,27-Mar-2025,2025-03-27,1960.00,PE,0.00,0.00,0.00,263.70,199.95,0,0.00,0,0,06-JAN-2025
OPTSTK,CHAMBLFERT,30-Jan-2025,2025-01-30,520.00,CE,9.30,9.30,4.15,4.50,4.50,534,5336.8891,750500,150100,06-JAN-2025
OPTSTK,CHAMBLFERT,27-Mar-2025,2025-03-27,400.00,PE,0.00,0.00,0.00,10.05,7.10,0,0.00,0,0,06-JAN-2025
OPTSTK,CHAMBLFERT,27-Feb-2025,2025-02-27,550.00,CE,0.00,0.00,0.00,11.95,9.65,0,0.00,15200,0,06-JAN-2025
OPTSTK,CHAMBLFERT,30-Jan-2025,2025-01-30,480.00,PE,7.00,16.25,7.00,15.20,15.20,220,2058.8267,454100,9500,06-JAN-2025
OPTSTK,CHAMBLFERT,30-Jan-2025,2025-01-30,480.00,CE,25.00,25.00,16.05,17.30,17.30,58,548.8549,152000,64600,06-JAN-2025
OPTSTK,CHAMBLFERT,27-Mar-2025,2025-03-27,480.00,CE,0.00,0.00,0.00,64.70,40.65,0,0.00,0,0,06-JAN-2025
OPTSTK,CHAMBLFERT,27-Mar-2025,2025-03-27,480.00,PE,0.00,0.00,0.00,35.60,34.00,0,0.00,0,0,06-JAN-2025
OPTSTK,CHAMBLFERT,27-Mar-2025,2025-03-27,460.00,PE,0.00,0.00,0.00,27.30,24.80,0,0.00,0,0,06-JAN-2025
OPTSTK,CHAMBLFERT,27-Feb-2025,2025-02-27,460.00,PE,0.00,0.00,0.00,29.30,19.05,0,0.00,0,0,06-JAN-2025
OPTSTK,CHAMBLFERT,27-Feb-2025,2025-02-27,450.00,PE,0.00,0.00,0.00,17.65,15.30,0,0.00,0,0,06-JAN-2025
OPTSTK,CHAMBLFERT,27-Mar-2025,2025-03-27,600.00,CE,0.00,0.00,0.00,21.35,7.65,0,0.00,0,0,06-JAN-2025
OPTSTK,CHAMBLFERT,27-Mar-2025,2025-03-27,460.00,CE,0.00,0.00,0.00,76.00,51.15,0,0.00,0,0,06-JAN-2025
OPTSTK,CHAMBLFERT,27-Mar-2025,2025-03-27,600.00,PE,0.00,0.00,0.00,110.10,119.25,0,0.00,0,0,06-JAN-2025
OPTSTK,CHAMBLFERT,27-Feb-2025,2025-02-27,550.00,PE,0.00,0.00,0.00,68.25,74.75,0,0.00,0,0,06-JAN-2025
OPTSTK,CHAMBLFERT,30-Jan-2025,2025-01-30,530.00,PE,41.70,51.75,41.70,51.10,51.10,6,65.8768,172900,1900,06-JAN-2025
OPTSTK,CHAMBLFERT,30-Jan-2025,2025-01-30,590.00,CE,0.50,0.55,0.40,0.40,0.65,19,213.17335,201400,3800,06-JAN-2025
OPTSTK,CHAMBLFERT,27-Mar-2025,2025-03-27,540.00,PE,0.00,0.00,0.00,68.00,71.15,0,0.00,0,0,06-JAN-2025
OPTSTK,CHAMBLFERT,30-Jan-2025,2025-01-30,460.00,PE,3.15,8.30,3.05,7.75,7.75,337,2980.758,353400,58900,06-JAN-2025
OPTSTK,CHAMBLFERT,27-Mar-2025,2025-03-27,400.00,CE,0.00,0.00,0.00,117.65,92.55,0,0.00,0,0,06-JAN-2025
OPTSTK,CHAMBLFERT,27-Feb-2025,2025-02-27,470.00,CE,0.00,0.00,0.00,61.05,37.40,0,0.00,0,0,06-JAN-2025
OPTSTK,CHAMBLFERT,27-Feb-2025,2025-02-27,510.00,CE,0.00,0.00,0.00,40.40,19.95,0,0.00,0,0,06-JAN-2025
OPTSTK,CHAMBLFERT,30-Jan-2025,2025-01-30,440.00,CE,0.00,0.00,0.00,77.65,47.05,0,0.00,0,0,06-JAN-2025
OPTSTK,CHAMBLFERT,30-Jan-2025,2025-01-30,440.00,PE,1.10,3.65,1.10,3.35,3.35,329,2764.85055,260300,-30400,06-JAN-2025
OPTSTK,CHAMBLFERT,27-Feb-2025,2025-02-27,580.00,PE,0.00,0.00,0.00,98.05,100.10,0,0.00,0,0,06-JAN-2025
OPTSTK,CHAMBLFERT,30-Jan-2025,2025-01-30,540.00,CE,4.00,4.05,2.00,2.10,2.10,312,3217.09805,786600,-22800,06-JAN-2025
OPTSTK,CHAMBLFERT,27-Feb-2025,2025-02-27,440.00,PE,0.00,0.00,0.00,22.05,12.10,0,0.00,0,0,06-JAN-2025
OPTSTK,CHAMBLFERT,27-Feb-2025,2025-02-27,440.00,CE,0.00,0.00,0.00,88.00,55.90,0,0.00,0,0,06-JAN-2025
OPTSTK,CHAMBLFERT,30-Jan-2025,2025-01-30,620.00,CE,0.00,0.00,0.00,0.35,0.20,0,0.00,17100,0,06-JAN-2025
OPTSTK,CHAMBLFERT,27-Mar-2025,2025-03-27,560.00,PE,0.00,0.00,0.00,81.10,86.20,0,0.00,0,0,06-JAN-2025
OPTSTK,CHAMBLFERT,27-Feb-2025,2025-02-27,480.00,PE,0.00,0.00,0.00,37.85,28.05,0,0.00,0,0,06-JAN-2025
OPTSTK,CHAMBLFERT,27-Feb-2025,2025-02-27,560.00,PE,0.00,0.00,0.00,83.95,82.95,0,0.00,0,0,06-JAN-2025
OPTSTK,APOLLOHOSP,27-Feb-2025,2025-02-27,6500.00,CE,0.00,0.00,0.00,647.35,1004.05,0,0.00,0,0,06-JAN-2025
OPTSTK,APOLLOHOSP,30-Jan-2025,2025-01-30,6500.00,CE,0.00,0.00,0.00,803.45,959.30,0,0.00,1000,0,06-JAN-2025
OPTSTK,APOLLOHOSP,30-Jan-2025,2025-01-30,8200.00,CE,8.85,28.00,8.00,22.45,22.45,1095,11249.4245,17750,11125,06-JAN-2025
OPTSTK,APOLLOHOSP,27-Mar-2025,2025-03-27,8200.00,CE,0.00,0.00,0.00,141.45,105.05,0,0.00,0,0,06-JAN-2025
OPTSTK,APOLLOHOSP,30-Jan-2025,2025-01-30,7350.00,CE,155.00,276.55,152.10,250.05,250.05,1883,17771.1248,44625,-8250,06-JAN-2025
OPTSTK,APOLLOHOSP,27-Feb-2025,2025-02-27,7350.00,PE,0.00,0.00,0.00,333.60,188.00,0,0.00,0,0,06-JAN-2025
OPTSTK,APOLLOHOSP,30-Jan-2025,2025-01-30,7350.00,PE,152.90,169.00,124.35,131.80,131.80,1425,13349.3281,50250,13500,06-JAN-2025
OPTSTK,APOLLOHOSP,27-Mar-2025,2025-03-27,7800.00,CE,0.00,0.00,0.00,244.95,213.75,0,0.00,0,0,06-JAN-2025
OPTSTK,APOLLOHOSP,30-Jan-2025,2025-01-30,7800.00,PE,0.00,0.00,0.00,791.50,395.60,0,0.00,0,0,06-JAN-2025
OPTSTK,APOLLOHOSP,27-Feb-2025,2025-02-27,7800.00,PE,0.00,0.00,0.00,943.00,437.70,0,0.00,0,0,06-JAN-2025
OPTSTK,APOLLOHOSP,30-Jan-2025,2025-01-30,7450.00,PE,211.00,218.50,166.50,176.30,176.30,363,3462.63975,21250,6250,06-JAN-2025
OPTSTK,APOLLOHOSP,27-Feb-2025,2025-02-27,6600.00,PE,0.00,0.00,0.00,224.20,19.20,0,0.00,0,0,06-JAN-2025
OPTSTK,APOLLOHOSP,27-Mar-2025,2025-03-27,6600.00,CE,0.00,0.00,0.00,891.85,965.65,0,0.00,0,0,06-JAN-2025
OPTSTK,APOLLOHOSP,30-Jan-2025,2025-01-30,7400.00,PE,186.40,194.50,144.25,153.45,153.45,2415,22837.1785,62125,17625,06-JAN-2025
OPTSTK,APOLLOHOSP,27-Mar-2025,2025-03-27,7400.00,CE,0.00,0.00,0.00,400.45,391.15,0,0.00,0,0,06-JAN-2025
OPTSTK,APOLLOHOSP,27-Feb-2025,2025-02-27,7400.00,CE,0.00,0.00,0.00,222.25,309.75,0,0.00,0,0,06-JAN-2025
OPTSTK,APOLLOHOSP,30-Jan-2025,2025-01-30,6700.00,PE,16.50,17.80,9.70,15.60,15.60,304,2551.652,25250,3750,06-JAN-2025
OPTSTK,APOLLOHOSP,27-Mar-2025,2025-03-27,6700.00,CE,0.00,0.00,0.00,817.90,880.35,0,0.00,0,0,06-JAN-2025
OPTSTK,APOLLOHOSP,30-Jan-2025,2025-01-30,7600.00,PE,290.05,320.00,254.00,258.80,258.80,28,275.96275,3625,2000,06-JAN-2025
OPTSTK,APOLLOHOSP,27-Mar-2025,2025-03-27,7600.00,CE,0.00,0.00,0.00,315.60,293.00,0,0.00,0,0,06-JAN-2025
OPTSTK,APOLLOHOSP,30-Jan-2025,2025-01-30,7900.00,CE,20.00,66.00,18.65,56.15,56.15,1165,11562.4817,75125,13500,06-JAN-2025
OPTSTK,APOLLOHOSP,27-Feb-2025,2025-02-27,7800.00,CE,159.00,160.05,153.00,158.05,158.05,4,39.7900625,375,375,06-JAN-2025
OPTSTK,APOLLOHOSP,27-Mar-2025,2025-03-27,7800.00,PE,0.00,0.00,0.00,642.95,470.05,0,0.00,0,0,06-JAN-2025
OPTSTK,APOLLOHOSP,30-Jan-2025,2025-01-30,7800.00,CE,33.30,88.00,27.95,76.25,76.25,3095,30401.132,58875,24250,06-JAN-2025
OPTSTK,APOLLOHOSP,27-Feb-2025,2025-02-27,6400.00,PE,0.00,0.00,0.00,158.00,8.10,0,0.00,0,0,06-JAN-2025
OPTSTK,APOLLOHOSP,27-Mar-2025,2025-03-27,8200.00,PE,0.00,0.00,0.00,932.20,755.45,0,0.00,0,0,06-JAN-2025
OPTSTK,APOLLOHOSP,27-Feb-2025,2025-02-27,6850.00,PE,0.00,0.00,0.00,134.45,47.70,0,0.00,0,0,06-JAN-2025
OPTSTK,APOLLOHOSP,30-Jan-2025,2025-01-30,6850.00,CE,0.00,0.00,0.00,360.60,623.50,0,0.00,0,0,06-JAN-2025
OPTSTK,APOLLOHOSP,27-Feb-2025,2025-02-27,6850.00,CE,0.00,0.00,0.00,631.45,692.40,0,0.00,0,0,06-JAN-2025
OPTSTK,APOLLOHOSP,30-Jan-2025,2025-01-30,6850.00,PE,20.00,30.95,20.00,25.65,25.65,149,1280.64356,12625,750,06-JAN-2025
OPTSTK,APOLLOHOSP,27-Mar-2025,2025-03-27,7100.00,PE,0.00,0.00,0.00,266.95,141.20,0,0.00,0,0,06-JAN-2025
OPTSTK,INDUSTOWER,27-Feb-2025,2025-02-27,400.00,CE,0.00,0.00,0.00,2.00,2.60,0,0.00,3400,0,06-JAN-2025
OPTSTK,INDUSTOWER,27-Feb-2025,2025-02-27,280.00,CE,0.00,0.00,0.00,79.50,55.00,0,0.00,0,0,06-JAN-2025
OPTSTK,INDUSTOWER,30-Jan-2025,2025-01-30,280.00,CE,0.00,0.00,0.00,73.50,51.60,0,0.00,0,0,06-JAN-2025
OPTSTK,INDUSTOWER,27-Mar-2025,2025-03-27,280.00,CE,0.00,0.00,0.00,65.55,58.55,0,0.00,0,0,06-JAN-2025
OPTSTK,INDUSTOWER,30-Jan-2025,2025-01-30,390.00,PE,0.00,0.00,0.00,43.45,59.20,0,0.00,88400,0,06-JAN-2025
OPTSTK,INDUSTOWER,27-Mar-2025,2025-03-27,390.00,PE,0.00,0.00,0.00,64.30,61.60,0,0.00,0,0,06-JAN-2025
OPTSTK,INDUSTOWER,27-Mar-2025,2025-03-27,390.00,CE,0.00,0.00,0.00,13.70,7.15,0,0.00,0,0,06-JAN-2025
OPTSTK,INDUSTOWER,30-Jan-2025,2025-01-30,390.00,CE,1.00,1.00,0.50,0.50,0.50,219,1454.3738,535500,-17000,06-JAN-2025
OPTSTK,INDUSTOWER,27-Feb-2025,2025-02-27,335.00,CE,0.00,0.00,0.00,26.25,18.25,0,0.00,0,0,06-JAN-2025
OPTSTK,INDUSTOWER,30-Jan-2025,2025-01-30,335.00,CE,14.75,14.75,8.80,9.15,9.15,469,2754.73695,477700,164900,06-JAN-2025
OPTSTK,INDUSTOWER,27-Feb-2025,2025-02-27,280.00,PE,0.00,0.00,0.00,6.20,2.55,0,0.00,0,0,06-JAN-2025
OPTSTK,INDUSTOWER,27-Mar-2025,2025-03-27,280.00,PE,0.00,0.00,0.00,8.15,4.65,0,0.00,0,0,06-JAN-2025
OPTSTK,INDUSTOWER,27-Feb-2025,2025-02-27,305.00,CE,0.00,0.00,0.00,43.05,35.45,0,0.00,0,0,06-JAN-2025
OPTSTK,INDUSTOWER,30-Jan-2025,2025-01-30,305.00,PE,1.80,3.45,1.50,3.30,3.30,80,418.17535,107100,30600,06-JAN-2025
OPTSTK,INDUSTOWER,30-Jan-2025,2025-01-30,300.00,PE,1.10,2.70,1.10,2.55,2.55,494,2536.72895,1149200,166600,06-JAN-2025
OPTSTK,INDUSTOWER,30-Jan-2025,2025-01-30,330.00,CE,18.30,18.60,11.10,11.75,11.75,661,3850.6003,623900,294100,06-JAN-2025
OPTSTK,INDUSTOWER,30-Jan-2025,2025-01-30,325.00,CE,19.75,19.95,14.10,14.45,14.45,110,637.5272,108800,64600,06-JAN-2025
OPTSTK,INDUSTOWER,30-Jan-2025,2025-01-30,295.00,PE,1.00,2.10,1.00,2.00,2.00,96,484.211,124100,71400,06-JAN-2025
OPTSTK,INDUSTOWER,30-Jan-2025,2025-01-30,375.00,PE,37.75,37.85,37.55,37.55,45.30,5,35.0846,23800,1700,06-JAN-2025
OPTSTK,INDUSTOWER,30-Jan-2025,2025-01-30,315.00,CE,27.95,27.95,20.75,21.10,21.10,21,120.5793,62900,23800,06-JAN-2025
OPTSTK,INDUSTOWER,27-Mar-2025,2025-03-27,320.00,CE,0.00,0.00,0.00,39.80,31.20,0,0.00,0,0,06-JAN-2025
OPTSTK,INDUSTOWER,27-Feb-2025,2025-02-27,310.00,CE,0.00,0.00,0.00,39.85,32.10,0,0.00,0,0,06-JAN-2025
OPTSTK,INDUSTOWER,30-Jan-2025,2025-01-30,310.00,CE,30.55,30.55,25.70,25.70,25.95,9,51.6205,25500,11900,06-JAN-2025
OPTSTK,INDUSTOWER,30-Jan-2025,2025-01-30,375.00,CE,2.05,2.05,0.95,1.05,1.05,254,1624.3313,394400,173400,06-JAN-2025
OPTSTK,INDUSTOWER,27-Mar-2025,2025-03-27,260.00,PE,0.00,0.00,0.00,4.30,1.95,0,0.00,0,0,06-JAN-2025
OPTSTK,INDUSTOWER,27-Feb-2025,2025-02-27,295.00,CE,0.00,0.00,0.00,49.90,42.75,0,0.00,0,0,06-JAN-2025
OPTSTK,INDUSTOWER,30-Jan-2025,2025-01-30,295.00,CE,39.80,39.80,37.10,37.45,37.45,13,73.71795,17000,17000,06-JAN-2025
OPTSTK,INDUSTOWER,30-Jan-2025,2025-01-30,340.00,CE,13.30,13.55,6.80,7.15,7.15,1900,11253.2052,2755700,-491300,06-JAN-2025
OPTSTK,INDUSTOWER,27-Feb-2025,2025-02-27,340.00,CE,19.60,19.60,16.90,16.90,16.10,3,18.2699,8500,1700,06-JAN-2025
OPTSTK,INDUSTOWER,30-Jan-2025,2025-01-30,320.00,CE,21.95,21.95,17.00,17.45,17.45,62,356.66765,368900,-13600,06-JAN-2025
OPTSTK,INDUSTOWER,27-Feb-2025,2025-02-27,345.00,CE,0.00,0.00,0.00,21.90,14.15,0,0.00,0,0,06-JAN-2025
OPTSTK,HINDUNILVR,30-Jan-2025,2025-01-30,2320.00,PE,15.95,29.45,15.10,26.80,26.80,875,6152.6373,173400,51600,06-JAN-2025
OPTSTK,HINDUNILVR,27-Feb-2025,2025-02-27,2220.00,CE,0.00,0.00,0.00,176.50,190.60,0,0.00,0,0,06-JAN-2025
OPTSTK,RBLBANK,27-Feb-2025,2025-02-27,130.00,CE,0.00,0.00,0.00,34.25,38.65,0,0.00,0,0,06-JAN-2025
OPTSTK,RBLBANK,30-Jan-2025,2025-01-30,132.50,PE,0.00,0.00,0.00,8.00,0.10,0,0.00,57500,0,06-JAN-2025
OPTSTK,HINDUNILVR,27-Mar-2025,2025-03-27,2280.00,CE,0.00,0.00,0.00,161.45,165.35,0,0.00,0,0,06-JAN-2025
OPTSTK,RBLBANK,30-Jan-2025,2025-01-30,210.00,CE,0.00,0.00,0.00,0.10,0.15,0,0.00,7500,0,06-JAN-2025
OPTSTK,HINDUNILVR,27-Feb-2025,2025-02-27,2620.00,CE,0.00,0.00,0.00,18.40,10.85,0,0.00,0,0,06-JAN-2025
OPTSTK,RBLBANK,27-Feb-2025,2025-02-27,155.00,CE,0.00,0.00,0.00,18.85,18.50,0,0.00,0,0,06-JAN-2025
OPTSTK,RBLBANK,27-Mar-2025,2025-03-27,155.00,PE,0.00,0.00,0.00,12.00,7.20,0,0.00,0,0,06-JAN-2025
OPTSTK,HINDUNILVR,27-Feb-2025,2025-02-27,2500.00,CE,32.05,34.10,29.10,31.65,31.65,50,379.99125,25500,8400,06-JAN-2025
OPTSTK,HINDUNILVR,30-Jan-2025,2025-01-30,2440.00,PE,70.05,89.00,70.05,83.95,83.95,156,1179.9747,42300,-300,06-JAN-2025
OPTSTK,HINDUNILVR,30-Jan-2025,2025-01-30,2440.00,CE,38.05,40.40,24.75,28.20,28.20,1006,7452.37905,125400,17100,06-JAN-2025
OPTSTK,RBLBANK,30-Jan-2025,2025-01-30,170.00,CE,3.00,3.95,2.05,2.50,2.50,61,263.96125,3707500,-152500,06-JAN-2025
OPTSTK,RBLBANK,27-Mar-2025,2025-03-27,170.00,CE,0.00,0.00,0.00,15.20,13.30,0,0.00,0,0,06-JAN-2025
OPTSTK,HINDUNILVR,30-Jan-2025,2025-01-30,2800.00,CE,0.85,0.90,0.25,0.75,0.05,18,151.23675,57000,-300,06-JAN-2025
OPTSTK,HINDUNILVR,27-Feb-2025,2025-02-27,2600.00,CE,12.55,18.00,12.55,18.00,13.25,6,47.0913,4500,1800,06-JAN-2025
OPTSTK,HINDUNILVR,27-Mar-2025,2025-03-27,2600.00,PE,0.00,0.00,0.00,257.55,212.45,0,0.00,0,0,06-JAN-2025
OPTSTK,RBLBANK,27-Mar-2025,2025-03-27,145.00,CE,0.00,0.00,0.00,28.00,28.05,0,0.00,0,0,06-JAN-2025
OPTSTK,RBLBANK,30-Jan-2025,2025-01-30,145.00,PE,1.80,1.80,1.30,1.65,0.80,12,43.96,1305000,-30000,06-JAN-2025
OPTSTK,HINDUNILVR,30-Jan-2025,2025-01-30,2640.00,CE,3.55,3.55,2.35,2.65,2.65,183,1450.90815,66300,5700,06-JAN-2025
OPTSTK,HINDUNILVR,27-Feb-2025,2025-02-27,2500.00,PE,0.00,0.00,0.00,177.50,132.85,0,0.00,0,0,06-JAN-2025
OPTSTK,HINDUNILVR,27-Feb-2025,2025-02-27,2040.00,CE,0.00,0.00,0.00,463.40,356.60,0,0.00,0,0,06-JAN-2025
OPTSTK,HINDUNILVR,30-Jan-2025,2025-01-30,2040.00,PE,1.55,3.00,0.50,0.90,0.05,23,140.85345,12600,-900,06-JAN-2025
OPTSTK,RBLBANK,27-Feb-2025,2025-02-27,167.50,CE,0.00,0.00,0.00,12.95,11.40,0,0.00,0,0,06-JAN-2025
OPTSTK,RBLBANK,30-Jan-2025,2025-01-30,167.50,CE,3.40,5.35,3.30,3.55,7.50,7,29.96375,317500,-17500,06-JAN-2025
OPTSTK,RBLBANK,27-Feb-2025,2025-02-27,167.50,PE,0.00,0.00,0.00,15.95,10.50,0,0.00,0,0,06-JAN-2025
OPTSTK,RBLBANK,30-Jan-2025,2025-01-30,167.50,PE,0.00,0.00,0.00,12.85,7.45,0,0.00,85000,0,06-JAN-2025
OPTSTK,HINDUNILVR,30-Jan-2025,2025-01-30,2540.00,CE,11.35,11.65,7.00,8.25,8.25,888,6788.3811,91200,-6300,06-JAN-2025
OPTSTK,RBLBANK,30-Jan-2025,2025-01-30,182.50,CE,0.00,0.00,0.00,0.85,2.50,0,0.00,175000,0,06-JAN-2025
OPTSTK,RBLBANK,30-Jan-2025,2025-01-30,145.00,CE,18.00,18.00,18.00,18.00,23.25,1,4.075,115000,-2500,06-JAN-2025
FUTSTK,HINDUNILVR,27-Feb-2025,2025-02-27,,,2431.05,2433.00,2389.00,2399.75,2399.75,170,1226.7078,371700,4500,06-JAN-2025
OPTSTK,MCX,30-Jan-2025,2025-01-30,6500.00,PE,449.45,720.00,449.40,720.00,720.00,93,661.2355,24100,-4400,06-JAN-2025
OPTSTK,MCX,27-Mar-2025,2025-03-27,5800.00,PE,0.00,0.00,0.00,294.50,376.25,0,0.00,0,0,06-JAN-2025
OPTSTK,MCX,30-Jan-2025,2025-01-30,5800.00,PE,105.05,238.00,101.55,227.65,227.65,1864,11178.285,53100,25200,06-JAN-2025
OPTSTK,MCX,27-Mar-2025,2025-03-27,5800.00,CE,0.00,0.00,0.00,951.90,474.70,0,0.00,0,0,06-JAN-2025
OPTSTK,CESC,30-Jan-2025,2025-01-30,220.00,PE,0.00,0.00,0.00,45.45,43.00,0,0.00,0,0,06-JAN-2025
FUTSTK,CESC,30-Jan-2025,2025-01-30,,,188.04,188.06,175.01,175.55,175.55,2581,13555.7469,9532575,-573300,06-JAN-2025
OPTSTK,MCX,30-Jan-2025,2025-01-30,7000.00,CE,37.05,38.30,15.00,16.05,16.05,1656,11628.8209,131300,7400,06-JAN-2025
OPTSTK,MCX,27-Mar-2025,2025-03-27,7000.00,PE,0.00,0.00,0.00,913.65,1195.30,0,0.00,0,0,06-JAN-2025
OPTSTK,MCX,27-Feb-2025,2025-02-27,6100.00,PE,0.00,0.00,0.00,335.30,477.30,0,0.00,0,0,06-JAN-2025
OPTSTK,MCX,30-Jan-2025,2025-01-30,5700.00,PE,74.35,189.60,74.35,181.30,181.30,644,3758.13015,28000,-1000,06-JAN-2025
OPTSTK,MCX,30-Jan-2025,2025-01-30,6800.00,PE,752.05,964.35,752.05,958.45,974.85,56,433.77095,5600,-1200,06-JAN-2025
OPTSTK,MCX,27-Feb-2025,2025-02-27,6800.00,PE,0.00,0.00,0.00,931.00,1000.60,0,0.00,0,0,06-JAN-2025
OPTSTK,MCX,27-Feb-2025,2025-02-27,6200.00,CE,0.00,0.00,0.00,581.55,214.40,0,0.00,0,0,06-JAN-2025
OPTSTK,MCX,30-Jan-2025,2025-01-30,6200.00,PE,261.30,477.30,253.95,472.30,472.30,548,3583.049,25500,-5100,06-JAN-2025
OPTSTK,CESC,30-Jan-2025,2025-01-30,185.00,PE,6.80,13.70,6.80,13.55,13.55,125,713.037487,617175,-81900,06-JAN-2025
OPTSTK,CESC,27-Feb-2025,2025-02-27,205.00,CE,0.00,0.00,0.00,7.40,2.45,0,0.00,0,0,06-JAN-2025
OPTSTK,CESC,30-Jan-2025,2025-01-30,205.00,PE,0.00,0.00,0.00,15.45,28.55,0,0.00,2925,0,06-JAN-2025
OPTSTK,CESC,27-Feb-2025,2025-02-27,205.00,PE,0.00,0.00,0.00,34.35,29.35,0,0.00,0,0,06-JAN-2025
OPTSTK,CESC,30-Jan-2025,2025-01-30,205.00,CE,1.85,1.85,0.85,0.90,0.90,196,1182.5658,397800,102375,06-JAN-2025
OPTSTK,CESC,27-Feb-2025,2025-02-27,160.00,CE,0.00,0.00,0.00,25.75,21.00,0,0.00,0,0,06-JAN-2025
OPTSTK,MCX,27-Mar-2025,2025-03-27,5400.00,CE,0.00,0.00,0.00,1223.30,701.55,0,0.00,0,0,06-JAN-2025
OPTSTK,MCX,27-Mar-2025,2025-03-27,5400.00,PE,0.00,0.00,0.00,173.15,208.95,0,0.00,0,0,06-JAN-2025
OPTSTK,MCX,27-Feb-2025,2025-02-27,7000.00,PE,0.00,0.00,0.00,1070.85,1174.35,0,0.00,0,0,06-JAN-2025
OPTSTK,MCX,30-Jan-2025,2025-01-30,7000.00,PE,0.00,0.00,0.00,760.00,1165.00,0,0.00,8300,0,06-JAN-2025
OPTSTK,CESC,30-Jan-2025,2025-01-30,217.50,CE,0.50,0.50,0.25,0.35,0.35,26,165.680775,99450,-20475,06-JAN-2025
OPTSTK,MCX,27-Mar-2025,2025-03-27,7000.00,CE,0.00,0.00,0.00,392.70,111.40,0,0.00,0,0,06-JAN-2025
FUTSTK,MCX,30-Jan-2025,2025-01-30,,,6181.15,6208.10,5808.00,5832.60,5832.60,7210,42900.321,1430300,51100,06-JAN-2025
OPTSTK,CESC,27-Mar-2025,2025-03-27,160.00,CE,0.00,0.00,0.00,33.35,23.50,0,0.00,0,0,06-JAN-2025
OPTSTK,MCX,27-Feb-2025,2025-02-27,6000.00,CE,320.00,322.00,280.00,280.00,280.00,5,31.562,300,300,06-JAN-2025
OPTSTK,MCX,27-Feb-2025,2025-02-27,5200.00,CE,0.00,0.00,0.00,1169.05,758.35,0,0.00,0,0,06-JAN-2025
OPTSTK,MCX,30-Jan-2025,2025-01-30,5100.00,PE,0.00,0.00,0.00,94.90,22.95,0,0.00,0,0,06-JAN-2025
OPTSTK,MCX,27-Feb-2025,2025-02-27,6900.00,CE,0.00,0.00,0.00,314.95,65.85,0,0.00,0,0,06-JAN-2025
OPTSTK,MCX,27-Mar-2025,2025-03-27,6400.00,CE,0.00,0.00,0.00,626.05,241.50,0,0.00,0,0,06-JAN-2025
OPTSTK,VEDL,27-Mar-2025,2025-03-27,460.00,PE,0.00,0.00,0.00,33.00,35.05,0,0.00,0,0,06-JAN-2025
OPTSTK,VEDL,30-Jan-2025,2025-01-30,460.00,PE,15.15,25.50,15.00,24.05,24.05,1198,6612.0745,1987200,-162150,06-JAN-2025
OPTSTK,VEDL,27-Mar-2025,2025-03-27,480.00,CE,0.00,0.00,0.00,32.85,17.00,0,0.00,0,0,06-JAN-2025
OPTSTK,VEDL,30-Jan-2025,2025-01-30,450.00,CE,18.50,18.65,11.65,12.25,12.25,3375,18010.5306,1800900,608350,06-JAN-2025
OPTSTK,VEDL,27-Feb-2025,2025-02-27,450.00,PE,17.40,19.00,17.40,19.00,25.10,2,10.7686,39100,0,06-JAN-2025
OPTSTK,VEDL,30-Jan-2025,2025-01-30,500.00,CE,3.25,3.40,1.80,1.90,1.90,4608,26615.4740,6757400,-82800,06-JAN-2025
OPTSTK,VEDL,30-Jan-2025,2025-01-30,540.00,PE,0.00,0.00,0.00,86.00,95.55,0,0.00,85100,0,06-JAN-2025
OPTSTK,VEDL,30-Jan-2025,2025-01-30,420.00,CE,40.00,40.00,29.75,30.65,30.65,47,244.821775,102350,-13800,06-JAN-2025
OPTSTK,VEDL,30-Jan-2025,2025-01-30,580.00,PE,0.00,0.00,0.00,115.25,135.15,0,0.00,33350,0,06-JAN-2025
OPTSTK,VEDL,27-Feb-2025,2025-02-27,420.00,PE,6.65,10.50,6.65,10.00,10.00,27,132.972775,46000,13800,06-JAN-2025
OPTSTK,VEDL,27-Feb-2025,2025-02-27,400.00,CE,51.50,52.00,51.40,51.40,52.40,10,51.93055,11500,11500,06-JAN-2025
OPTSTK,VEDL,30-Jan-2025,2025-01-30,490.00,CE,4.05,4.35,2.55,2.65,2.65,2592,14698.5001,1991800,104650,06-JAN-2025
OPTSTK,VEDL,30-Jan-2025,2025-01-30,490.00,PE,39.10,49.05,37.25,48.20,48.20,131,806.916475,937250,-71300,06-JAN-2025
OPTSTK,VEDL,30-Jan-2025,2025-01-30,420.00,PE,3.20,7.00,3.15,6.40,6.40,2230,10902.2995,1289150,18400,06-JAN-2025
OPTSTK,VEDL,30-Jan-2025,2025-01-30,510.00,CE,2.30,2.40,1.30,1.40,1.40,1322,7778.11297,1572050,225400,06-JAN-2025
OPTSTK,VEDL,27-Feb-2025,2025-02-27,510.00,PE,58.00,58.00,58.00,58.00,67.95,1,6.532,3450,1150,06-JAN-2025
OPTSTK,VEDL,30-Jan-2025,2025-01-30,510.00,PE,55.20,67.15,55.05,67.15,66.60,63,412.331925,653200,16100,06-JAN-2025
OPTSTK,VEDL,27-Feb-2025,2025-02-27,520.00,PE,0.00,0.00,0.00,75.70,76.60,0,0.00,0,0,06-JAN-2025
OPTSTK,VEDL,30-Jan-2025,2025-01-30,520.00,PE,67.40,77.30,67.40,77.30,76.10,2,13.62405,864800,1150,06-JAN-2025
OPTSTK,VEDL,27-Mar-2025,2025-03-27,440.00,CE,0.00,0.00,0.00,52.35,33.20,0,0.00,0,0,06-JAN-2025
OPTSTK,VEDL,30-Jan-2025,2025-01-30,440.00,PE,6.40,14.15,6.40,12.90,12.90,3481,18055.0178,2135550,217350,06-JAN-2025
OPTSTK,VEDL,27-Feb-2025,2025-02-27,420.00,CE,0.00,0.00,0.00,37.80,38.15,0,0.00,1150,0,06-JAN-2025
OPTSTK,VEDL,27-Mar-2025,2025-03-27,420.00,CE,0.00,0.00,0.00,64.65,44.45,0,0.00,0,0,06-JAN-2025
FUTSTK,VEDL,27-Mar-2025,2025-03-27,,,460.05,461.30,445.65,447.55,447.55,101,525.493075,186300,52900,06-JAN-2025
OPTSTK,VEDL,30-Jan-2025,2025-01-30,480.00,PE,29.55,40.45,29.00,39.40,39.40,97,575.00345,869400,-31050,06-JAN-2025
OPTSTK,VEDL,27-Mar-2025,2025-03-27,480.00,PE,0.00,0.00,0.00,43.75,47.65,0,0.00,0,0,06-JAN-2025
OPTSTK,VEDL,27-Feb-2025,2025-02-27,450.00,CE,22.20,24.70,18.90,19.05,19.05,42,227.314175,64400,9200,06-JAN-2025
OPTSTK,VEDL,30-Jan-2025,2025-01-30,450.00,PE,10.55,19.15,10.25,18.00,18.00,3830,20466.2274,2096450,110400,06-JAN-2025
OPTSTK,VEDL,27-Mar-2025,2025-03-27,420.00,PE,0.00,0.00,0.00,16.60,16.00,0,0.00,0,0,06-JAN-2025
OPTSTK,VEDL,30-Jan-2025,2025-01-30,430.00,PE,4.50,10.00,4.50,9.20,9.20,2422,12184.2235,1213250,143750,06-JAN-2025
OPTSTK,VEDL,30-Jan-2025,2025-01-30,470.00,CE,10.50,10.95,5.45,5.75,5.75,4321,23696.2485,3430450,556600,06-JAN-2025
OPTSTK,VEDL,27-Feb-2025,2025-02-27,500.00,CE,7.10,7.15,5.40,5.70,5.70,95,552.810175,243800,42550,06-JAN-2025
OPTSTK,BHARTIARTL,27-Feb-2025,2025-02-27,1660.00,CE,31.00,32.00,31.00,32.00,30.55,2,16.06925,950,950,06-JAN-2025
OPTSTK,BHARTIARTL,27-Mar-2025,2025-03-27,1640.00,PE,0.00,0.00,0.00,91.40,80.95,0,0.00,0,0,06-JAN-2025
OPTSTK,BHARTIARTL,27-Feb-2025,2025-02-27,1640.00,CE,0.00,0.00,0.00,46.00,37.55,0,0.00,950,0,06-JAN-2025
OPTSTK,BHARTIARTL,30-Jan-2025,2025-01-30,1640.00,PE,51.90,74.85,44.40,61.15,61.15,995,8020.26527,342000,9975,06-JAN-2025
OPTSTK,BHARTIARTL,27-Mar-2025,2025-03-27,1640.00,CE,0.00,0.00,0.00,80.50,53.40,0,0.00,0,0,06-JAN-2025
OPTSTK,BHARTIARTL,30-Jan-2025,2025-01-30,1400.00,PE,1.10,1.90,0.85,1.45,1.45,1303,8672.78892,424175,33725,06-JAN-2025
OPTSTK,BHARTIARTL,27-Feb-2025,2025-02-27,1420.00,CE,0.00,0.00,0.00,207.15,186.05,0,0.00,0,0,06-JAN-2025
OPTSTK,BHARTIARTL,27-Feb-2025,2025-02-27,1420.00,PE,0.00,0.00,0.00,9.85,4.05,0,0.00,0,0,06-JAN-2025
OPTSTK,BHARTIARTL,30-Jan-2025,2025-01-30,1420.00,PE,1.00,2.80,1.00,2.05,2.05,708,4782.03898,194275,6175,06-JAN-2025
OPTSTK,BHARTIARTL,30-Jan-2025,2025-01-30,1540.00,PE,11.00,22.35,9.20,16.10,16.10,1532,11319.0455,303525,57000,06-JAN-2025
OPTSTK,BHARTIARTL,27-Mar-2025,2025-03-27,1560.00,PE,0.00,0.00,0.00,54.25,42.20,0,0.00,0,0,06-JAN-2025
OPTSTK,BHARTIARTL,27-Feb-2025,2025-02-27,1580.00,CE,67.45,67.45,67.45,67.45,65.20,1,7.8253875,475,475,06-JAN-2025
OPTSTK,BHARTIARTL,30-Jan-2025,2025-01-30,1720.00,CE,5.20,5.85,3.60,4.30,4.30,1287,10542.8869,431775,-15200,06-JAN-2025
OPTSTK,BHARTIARTL,27-Feb-2025,2025-02-27,1720.00,CE,0.00,0.00,0.00,34.35,15.50,0,0.00,0,0,06-JAN-2025
OPTSTK,BHARTIARTL,27-Feb-2025,2025-02-27,1720.00,PE,0.00,0.00,0.00,162.95,130.60,0,0.00,0,0,06-JAN-2025
FUTSTK,BHARTIARTL,27-Feb-2025,2025-02-27,,,1623.10,1627.60,1585.35,1604.75,1604.75,448,3422.84382,363375,45600,06-JAN-2025
OPTSTK,BHARTIARTL,30-Jan-2025,2025-01-30,1600.00,PE,40.00,49.80,24.80,37.80,37.80,5043,39166.4589,547200,-169575,06-JAN-2025
OPTSTK,BHARTIARTL,27-Feb-2025,2025-02-27,1400.00,CE,0.00,0.00,0.00,201.85,204.50,0,0.00,0,0,06-JAN-2025
OPTSTK,BHARTIARTL,30-Jan-2025,2025-01-30,1400.00,CE,0.00,0.00,0.00,198.45,194.90,0,0.00,24225,0,06-JAN-2025
OPTSTK,BHARTIARTL,30-Jan-2025,2025-01-30,1680.00,CE,8.90,11.50,6.70,8.40,8.40,1784,14311.5942,530575,-17575,06-JAN-2025
OPTSTK,BHARTIARTL,27-Mar-2025,2025-03-27,1480.00,CE,0.00,0.00,0.00,174.80,148.30,0,0.00,0,0,06-JAN-2025
OPTSTK,BHARTIARTL,27-Mar-2025,2025-03-27,1760.00,CE,0.00,0.00,0.00,39.05,19.05,0,0.00,0,0,06-JAN-2025
OPTSTK,BHARTIARTL,27-Feb-2025,2025-02-27,1760.00,CE,0.00,0.00,0.00,25.65,9.30,0,0.00,0,0,06-JAN-2025
OPTSTK,BHARTIARTL,30-Jan-2025,2025-01-30,1760.00,PE,0.00,0.00,0.00,154.95,165.45,0,0.00,3800,0,06-JAN-2025
OPTSTK,BHARTIARTL,30-Jan-2025,2025-01-30,1440.00,PE,1.95,4.00,1.30,2.85,2.85,787,5393.15641,336300,3325,06-JAN-2025
OPTSTK,BHARTIARTL,30-Jan-2025,2025-01-30,1780.00,CE,2.20,2.25,1.45,1.90,1.90,247,2090.55195,154375,5225,06-JAN-2025
OPTSTK,BHARTIARTL,27-Feb-2025,2025-02-27,1500.00,PE,16.65,20.00,16.60,18.00,18.00,9,64.8942625,3800,3800,06-JAN-2025
OPTSTK,BHARTIARTL,27-Feb-2025,2025-02-27,1500.00,CE,0.00,0.00,0.00,143.45,118.20,0,0.00,0,0,06-JAN-2025
OPTSTK,BHARTIARTL,27-Feb-2025,2025-02-27,1840.00,PE,0.00,0.00,0.00,260.15,236.95,0,0.00,0,0,06-JAN-2025
OPTSTK,BHARTIARTL,27-Mar-2025,2025-03-27,1440.00,PE,0.00,0.00,0.00,19.60,10.95,0,0.00,0,0,06-JAN-2025
OPTSTK,BHARTIARTL,27-Feb-2025,2025-02-27,1700.00,CE,23.00,26.00,18.00,22.05,22.05,99,809.697825,68400,26125,06-JAN-2025
OPTSTK,GNFC,27-Feb-2025,2025-02-27,600.00,CE,11.00,11.00,9.05,9.05,9.45,14,110.9966,24700,14300,06-JAN-2025
OPTSTK,GNFC,27-Feb-2025,2025-02-27,460.00,PE,0.00,0.00,0.00,3.50,3.25,0,0.00,0,0,06-JAN-2025
OPTSTK,GNFC,27-Feb-2025,2025-02-27,660.00,CE,0.00,0.00,0.00,37.40,2.35,0,0.00,0,0,06-JAN-2025
OPTSTK,GNFC,27-Feb-2025,2025-02-27,500.00,CE,0.00,0.00,0.00,131.65,53.20,0,0.00,0,0,06-JAN-2025
OPTSTK,GNFC,27-Feb-2025,2025-02-27,540.00,PE,0.00,0.00,0.00,17.00,26.80,0,0.00,0,0,06-JAN-2025
OPTSTK,GNFC,30-Jan-2025,2025-01-30,480.00,PE,0.55,1.90,0.55,1.75,1.75,409,2559.04675,326300,18200,06-JAN-2025
OPTSTK,GNFC,30-Jan-2025,2025-01-30,640.00,PE,0.00,0.00,0.00,45.90,100.30,0,0.00,1300,0,06-JAN-2025
OPTSTK,GNFC,30-Jan-2025,2025-01-30,740.00,CE,0.00,0.00,0.00,0.15,0.05,0,0.00,50700,0,06-JAN-2025
OPTSTK,GNFC,30-Jan-2025,2025-01-30,670.00,PE,0.00,0.00,0.00,96.80,129.70,0,0.00,16900,0,06-JAN-2025
OPTSTK,GNFC,27-Feb-2025,2025-02-27,680.00,CE,0.00,0.00,0.00,30.90,1.40,0,0.00,0,0,06-JAN-2025
OPTSTK,GNFC,30-Jan-2025,2025-01-30,720.00,PE,0.00,0.00,0.00,123.00,179.35,0,0.00,2600,0,06-JAN-2025
OPTSTK,GNFC,27-Feb-2025,2025-02-27,560.00,CE,0.00,0.00,0.00,35.00,20.80,0,0.00,1300,0,06-JAN-2025
FUTSTK,GNFC,30-Jan-2025,2025-01-30,,,570.00,570.00,537.45,539.25,539.25,1925,13747.0437,5904600,-98800,06-JAN-2025
OPTSTK,GNFC,30-Jan-2025,2025-01-30,640.00,CE,1.20,1.20,0.60,0.60,0.60,93,774.73565,146900,-27300,06-JAN-2025
OPTSTK,GNFC,30-Jan-2025,2025-01-30,570.00,PE,20.90,38.45,20.90,37.35,38.20,42,326.9448,267800,2600,06-JAN-2025
OPTSTK,GNFC,27-Feb-2025,2025-02-27,570.00,PE,0.00,0.00,0.00,32.65,44.40,0,0.00,0,0,06-JAN-2025
OPTSTK,GNFC,27-Feb-2025,2025-02-27,490.00,PE,0.00,0.00,0.00,7.25,8.40,0,0.00,0,0,06-JAN-2025
OPTSTK,GNFC,30-Jan-2025,2025-01-30,490.00,PE,0.00,0.00,0.00,3.75,3.20,0,0.00,0,0,06-JAN-2025
OPTSTK,GNFC,27-Feb-2025,2025-02-27,590.00,CE,0.00,0.00,0.00,35.90,11.65,0,0.00,0,0,06-JAN-2025
OPTSTK,GNFC,30-Jan-2025,2025-01-30,650.00,CE,0.70,0.85,0.35,0.40,0.40,162,1369.9946,655200,-66300,06-JAN-2025
OPTSTK,GNFC,30-Jan-2025,2025-01-30,630.00,PE,0.00,0.00,0.00,46.95,90.65,0,0.00,0,0,06-JAN-2025
OPTSTK,GNFC,27-Feb-2025,2025-02-27,600.00,PE,0.00,0.00,0.00,38.65,66.30,0,0.00,0,0,06-JAN-2025
OPTSTK,GNFC,27-Feb-2025,2025-02-27,500.00,PE,9.50,9.95,9.50,9.95,11.00,2,13.25285,2600,2600,06-JAN-2025
OPTSTK,GNFC,30-Jan-2025,2025-01-30,660.00,CE,0.00,0.00,0.00,41.30,0.20,0,0.00,0,0,06-JAN-2025
OPTSTK,GNFC,30-Jan-2025,2025-01-30,680.00,PE,0.00,0.00,0.00,125.65,139.60,0,0.00,66300,0,06-JAN-2025
OPTSTK,GNFC,27-Feb-2025,2025-02-27,550.00,PE,0.00,0.00,0.00,23.95,32.10,0,0.00,0,0,06-JAN-2025
OPTSTK,GNFC,27-Feb-2025,2025-02-27,480.00,CE,0.00,0.00,0.00,148.45,68.30,0,0.00,0,0,06-JAN-2025
OPTSTK,GNFC,30-Jan-2025,2025-01-30,580.00,PE,27.50,46.50,27.50,45.10,45.10,73,592.072,235300,-29900,06-JAN-2025
OPTSTK,GNFC,27-Feb-2025,2025-02-27,580.00,PE,0.00,0.00,0.00,30.15,51.25,0,0.00,0,0,06-JAN-2025
OPTSTK,GNFC,30-Jan-2025,2025-01-30,500.00,PE,1.60,4.40,1.50,3.80,3.80,314,2053.75235,301600,0,06-JAN-2025
OPTSTK,GNFC,30-Jan-2025,2025-01-30,500.00,CE,0.00,0.00,0.00,60.15,44.65,0,0.00,3900,0,06-JAN-2025
OPTSTK,GNFC,30-Jan-2025,2025-01-30,550.00,CE,19.50,19.60,11.50,11.95,11.95,231,1695.56465,179400,98800,06-JAN-2025
OPTSTK,GNFC,27-Feb-2025,2025-02-27,550.00,CE,0.00,0.00,0.00,56.35,24.85,0,0.00,0,0,06-JAN-2025
OPTSTK,PAGEIND,30-Jan-2025,2025-01-30,45500.00,PE,364.40,364.40,304.95,360.00,272.30,13,89.40432,915,135,06-JAN-2025
OPTSTK,PAGEIND,30-Jan-2025,2025-01-30,45500.00,CE,0.00,0.00,0.00,2141.15,2973.50,0,0.00,0,0,06-JAN-2025
OPTSTK,PAGEIND,27-Feb-2025,2025-02-27,45500.00,CE,0.00,0.00,0.00,3443.85,3549.70,0,0.00,0,0,06-JAN-2025
OPTSTK,PAGEIND,30-Jan-2025,2025-01-30,50000.00,CE,430.00,519.95,381.05,479.40,479.40,701,5304.78412,6525,1095,06-JAN-2025
OPTSTK,PAGEIND,27-Feb-2025,2025-02-27,51500.00,CE,0.00,0.00,0.00,926.25,682.45,0,0.00,0,0,06-JAN-2025
OPTSTK,PAGEIND,30-Jan-2025,2025-01-30,51500.00,PE,0.00,0.00,0.00,3481.95,3498.60,0,0.00,45,0,06-JAN-2025
OPTSTK,PAGEIND,30-Jan-2025,2025-01-30,43000.00,PE,0.00,0.00,0.00,145.00,35.65,0,0.00,1035,0,06-JAN-2025
OPTSTK,PAGEIND,27-Feb-2025,2025-02-27,43000.00,CE,0.00,0.00,0.00,4062.10,5594.55,0,0.00,0,0,06-JAN-2025
OPTSTK,PAGEIND,30-Jan-2025,2025-01-30,43000.00,CE,0.00,0.00,0.00,4422.10,5225.80,0,0.00,60,0,06-JAN-2025
OPTSTK,PAGEIND,27-Mar-2025,2025-03-27,43000.00,CE,0.00,0.00,0.00,5696.10,5979.10,0,0.00,0,0,06-JAN-2025
OPTSTK,PAGEIND,27-Mar-2025,2025-03-27,43000.00,PE,0.00,0.00,0.00,836.15,347.90,0,0.00,0,0,06-JAN-2025
OPTSTK,PAGEIND,27-Feb-2025,2025-02-27,48500.00,PE,0.00,0.00,0.00,2699.50,1765.25,0,0.00,0,0,06-JAN-2025
OPTSTK,PAGEIND,30-Jan-2025,2025-01-30,54000.00,PE,0.00,0.00,0.00,4500.00,5802.95,0,0.00,15,0,06-JAN-2025
OPTSTK,PAGEIND,27-Mar-2025,2025-03-27,54000.00,PE,0.00,0.00,0.00,6772.20,5770.45,0,0.00,0,0,06-JAN-2025
OPTSTK,PAGEIND,30-Jan-2025,2025-01-30,41000.00,PE,0.00,0.00,0.00,1206.30,3.85,0,0.00,0,0,06-JAN-2025
OPTSTK,PAGEIND,27-Feb-2025,2025-02-27,50500.00,PE,0.00,0.00,0.00,3971.65,2969.95,0,0.00,0,0,06-JAN-2025
OPTSTK,PAGEIND,27-Mar-2025,2025-03-27,40000.00,CE,0.00,0.00,0.00,8115.90,8668.25,0,0.00,0,0,06-JAN-2025
FUTSTK,PAGEIND,30-Jan-2025,2025-01-30,,,47799.40,48299.90,47700.00,48050.65,48050.65,2981,21468.6280,178965,-2415,06-JAN-2025
FUTSTK,PAGEIND,27-Mar-2025,2025-03-27,,,48500.00,48500.00,48500.00,48500.00,48500.00,1,7.275,105,15,06-JAN-2025
OPTSTK,PAGEIND,27-Feb-2025,2025-02-27,50000.00,PE,0.00,0.00,0.00,5416.95,2637.75,0,0.00,0,0,06-JAN-2025
OPTSTK,PAGEIND,30-Jan-2025,2025-01-30,40000.00,PE,0.00,0.00,0.00,20.10,1.00,0,0.00,120,0,06-JAN-2025
OPTSTK,PAGEIND,27-Mar-2025,2025-03-27,40000.00,PE,0.00,0.00,0.00,310.15,81.15,0,0.00,0,0,06-JAN-2025
OPTSTK,PAGEIND,30-Jan-2025,2025-01-30,43500.00,PE,0.00,0.00,0.00,98.65,56.95,0,0.00,390,0,06-JAN-2025
OPTSTK,PAGEIND,30-Jan-2025,2025-01-30,49500.00,PE,2066.35,2066.40,2066.35,2066.40,1950.00,2,15.4699125,45,30,06-JAN-2025
OPTSTK,PAGEIND,27-Feb-2025,2025-02-27,52000.00,PE,0.00,0.00,0.00,6977.15,4075.00,0,0.00,0,0,06-JAN-2025
OPTSTK,PAGEIND,27-Mar-2025,2025-03-27,52000.00,PE,0.00,0.00,0.00,5243.80,4218.85,0,0.00,0,0,06-JAN-2025
OPTSTK,PAGEIND,27-Feb-2025,2025-02-27,52000.00,CE,0.00,0.00,0.00,730.95,572.35,0,0.00,0,0,06-JAN-2025
OPTSTK,PAGEIND,27-Mar-2025,2025-03-27,52000.00,CE,0.00,0.00,0.00,1266.25,982.20,0,0.00,0,0,06-JAN-2025
OPTSTK,PAGEIND,30-Jan-2025,2025-01-30,52000.00,PE,0.00,0.00,0.00,4200.05,3936.35,0,0.00,15,0,06-JAN-2025
OPTSTK,PAGEIND,27-Mar-2025,2025-03-27,50000.00,PE,0.00,0.00,0.00,3887.40,2885.15,0,0.00,0,0,06-JAN-2025
OPTSTK,PAGEIND,27-Mar-2025,2025-03-27,50000.00,CE,0.00,0.00,0.00,1873.75,1619.10,0,0.00,0,0,06-JAN-2025
OPTSTK,PAGEIND,27-Feb-2025,2025-02-27,51500.00,PE,0.00,0.00,0.00,4697.20,3689.90,0,0.00,0,0,06-JAN-2025
OPTSTK,TECHM,30-Jan-2025,2025-01-30,1660.00,PE,29.20,39.00,25.00,37.30,37.30,552,5610.7245,116400,-44400,06-JAN-2025
OPTSTK,INDHOTEL,27-Mar-2025,2025-03-27,880.00,PE,0.00,0.00,0.00,61.50,61.40,0,0.00,0,0,06-JAN-2025
OPTSTK,TECHM,30-Jan-2025,2025-01-30,1620.00,CE,96.00,96.00,93.25,93.25,89.80,2,20.5755,13200,600,06-JAN-2025
OPTSTK,ABBOTINDIA,30-Jan-2025,2025-01-30,34500.00,PE,0.00,0.00,0.00,5129.30,4400.90,0,0.00,0,0,06-JAN-2025
OPTSTK,TECHM,27-Feb-2025,2025-02-27,1500.00,CE,0.00,0.00,0.00,232.00,207.65,0,0.00,0,0,06-JAN-2025
OPTSTK,TECHM,27-Mar-2025,2025-03-27,1840.00,PE,0.00,0.00,0.00,169.30,162.35,0,0.00,0,0,06-JAN-2025
OPTSTK,TECHM,30-Jan-2025,2025-01-30,1840.00,CE,8.10,9.40,6.75,7.00,7.00,352,3902.3316,177000,-11400,06-JAN-2025
OPTSTK,TECHM,27-Feb-2025,2025-02-27,2000.00,PE,0.00,0.00,0.00,280.15,298.20,0,0.00,0,0,06-JAN-2025
OPTSTK,INDHOTEL,27-Mar-2025,2025-03-27,960.00,PE,0.00,0.00,0.00,110.10,117.45,0,0.00,0,0,06-JAN-2025
OPTSTK,INDHOTEL,27-Mar-2025,2025-03-27,960.00,CE,0.00,0.00,0.00,35.75,15.80,0,0.00,0,0,06-JAN-2025
OPTSTK,TECHM,27-Feb-2025,2025-02-27,1960.00,CE,0.00,0.00,0.00,36.85,5.85,0,0.00,0,0,06-JAN-2025
OPTSTK,TECHM,27-Feb-2025,2025-02-27,1960.00,PE,0.00,0.00,0.00,248.15,260.80,0,0.00,0,0,06-JAN-2025
OPTSTK,ABBOTINDIA,27-Feb-2025,2025-02-27,26750.00,PE,0.00,0.00,0.00,389.95,68.75,0,0.00,0,0,06-JAN-2025
OPTSTK,ABBOTINDIA,27-Feb-2025,2025-02-27,26750.00,CE,0.00,0.00,0.00,2572.30,3525.15,0,0.00,0,0,06-JAN-2025
OPTSTK,ABBOTINDIA,27-Feb-2025,2025-02-27,33000.00,CE,0.00,0.00,0.00,177.85,189.15,0,0.00,0,0,06-JAN-2025
OPTSTK,ABBOTINDIA,30-Jan-2025,2025-01-30,33000.00,CE,45.40,102.95,28.05,95.45,95.45,129,853.6613,2580,1140,06-JAN-2025
OPTSTK,ABBOTINDIA,27-Feb-2025,2025-02-27,33000.00,PE,0.00,0.00,0.00,5204.35,2922.90,0,0.00,0,0,06-JAN-2025
FUTSTK,INDHOTEL,27-Mar-2025,2025-03-27,,,881.00,883.00,855.05,861.40,861.40,55,475.3085,43000,1000,06-JAN-2025
OPTSTK,TECHM,27-Mar-2025,2025-03-27,1600.00,CE,0.00,0.00,0.00,176.05,145.40,0,0.00,0,0,06-JAN-2025
OPTSTK,ABBOTINDIA,30-Jan-2025,2025-01-30,30250.00,PE,0.00,0.00,0.00,2861.20,754.30,0,0.00,0,0,06-JAN-2025
OPTSTK,ABBOTINDIA,27-Feb-2025,2025-02-27,30250.00,PE,0.00,0.00,0.00,1984.05,985.95,0,0.00,0,0,06-JAN-2025
OPTSTK,ABBOTINDIA,27-Feb-2025,2025-02-27,26500.00,PE,0.00,0.00,0.00,809.65,52.50,0,0.00,0,0,06-JAN-2025
OPTSTK,ABBOTINDIA,30-Jan-2025,2025-01-30,26500.00,CE,0.00,0.00,0.00,3365.00,3573.95,0,0.00,0,0,06-JAN-2025
OPTSTK,INDHOTEL,30-Jan-2025,2025-01-30,700.00,PE,0.40,1.40,0.40,1.10,1.10,617,4325.5035,250000,173000,06-JAN-2025
OPTSTK,TECHM,27-Feb-2025,2025-02-27,1800.00,CE,34.40,35.40,28.15,32.90,29.85,28,307.5822,21600,2400,06-JAN-2025
OPTSTK,TECHM,30-Jan-2025,2025-01-30,1780.00,PE,91.75,91.75,91.75,91.75,100.85,1,11.2305,13800,0,06-JAN-2025
OPTSTK,INDHOTEL,27-Feb-2025,2025-02-27,810.00,CE,0.00,0.00,0.00,92.30,62.75,0,0.00,0,0,06-JAN-2025
OPTSTK,ABBOTINDIA,30-Jan-2025,2025-01-30,26000.00,CE,0.00,0.00,0.00,3756.75,4067.70,0,0.00,0,0,06-JAN-2025
OPTSTK,ABBOTINDIA,30-Jan-2025,2025-01-30,26000.00,PE,0.00,0.00,0.00,22.55,2.15,0,0.00,300,0,06-JAN-2025
OPTSTK,INDHOTEL,27-Feb-2025,2025-02-27,1000.00,CE,0.00,0.00,0.00,8.80,4.10,0,0.00,0,0,06-JAN-2025
OPTSTK,INDHOTEL,27-Mar-2025,2025-03-27,1000.00,CE,0.00,0.00,0.00,25.65,9.50,0,0.00,0,0,06-JAN-2025
OPTSTK,INDHOTEL,30-Jan-2025,2025-01-30,1000.00,PE,0.00,0.00,0.00,306.55,151.80,0,0.00,0,0,06-JAN-2025
OPTSTK,GRASIM,27-Mar-2025,2025-03-27,2320.00,PE,0.00,0.00,0.00,54.00,36.45,0,0.00,0,0,06-JAN-2025
OPTSTK,GRASIM,30-Jan-2025,2025-01-30,2320.00,CE,0.00,0.00,0.00,136.15,160.60,0,0.00,750,0,06-JAN-2025
OPTSTK,GRASIM,30-Jan-2025,2025-01-30,3080.00,CE,0.00,0.00,0.00,0.80,0.05,0,0.00,10500,0,06-JAN-2025
OPTSTK,JSWSTEEL,27-Feb-2025,2025-02-27,880.00,CE,0.00,0.00,0.00,113.95,51.60,0,0.00,0,0,06-JAN-2025
OPTSTK,GRASIM,30-Jan-2025,2025-01-30,2460.00,CE,97.40,100.95,55.10,60.15,60.15,192,1213.06037,32000,-1750,06-JAN-2025
OPTSTK,GRASIM,30-Jan-2025,2025-01-30,2460.00,PE,28.00,57.60,25.75,53.25,53.25,638,3990.4115,50000,1000,06-JAN-2025
OPTSTK,GRASIM,27-Feb-2025,2025-02-27,2220.00,CE,0.00,0.00,0.00,309.25,270.60,0,0.00,0,0,06-JAN-2025
OPTSTK,GRASIM,30-Jan-2025,2025-01-30,2220.00,CE,0.00,0.00,0.00,388.70,252.10,0,0.00,0,0,06-JAN-2025
OPTSTK,GRASIM,30-Jan-2025,2025-01-30,2220.00,PE,0.00,0.00,0.00,7.15,1.75,0,0.00,7750,0,06-JAN-2025
OPTSTK,ICICIBANK,27-Feb-2025,2025-02-27,1500.00,PE,0.00,0.00,0.00,198.40,222.15,0,0.00,0,0,06-JAN-2025
OPTSTK,ICICIBANK,30-Jan-2025,2025-01-30,1500.00,CE,0.45,0.55,0.40,0.55,0.55,212,2226.77875,360500,-700,06-JAN-2025
OPTSTK,GRASIM,30-Jan-2025,2025-01-30,2620.00,CE,19.00,21.85,8.55,9.30,9.30,223,1467.66562,53500,8500,06-JAN-2025
OPTSTK,ICICIBANK,30-Jan-2025,2025-01-30,1430.00,PE,0.00,0.00,0.00,96.80,159.80,0,0.00,700,0,06-JAN-2025
OPTSTK,JSWSTEEL,27-Feb-2025,2025-02-27,960.00,PE,60.00,64.15,60.00,64.15,66.80,27,186.1353,18225,18225,06-JAN-2025
OPTSTK,GRASIM,27-Feb-2025,2025-02-27,2260.00,CE,0.00,0.00,0.00,276.60,235.85,0,0.00,0,0,06-JAN-2025
OPTSTK,JSWSTEEL,30-Jan-2025,2025-01-30,900.00,CE,34.55,34.60,27.30,28.35,28.35,672,4221.84723,267300,47925,06-JAN-2025
OPTSTK,GRASIM,27-Mar-2025,2025-03-27,2600.00,PE,0.00,0.00,0.00,177.45,164.65,0,0.00,0,0,06-JAN-2025
OPTSTK,ICICIBANK,30-Jan-2025,2025-01-30,1120.00,CE,0.00,0.00,0.00,152.50,149.20,0,0.00,9100,0,06-JAN-2025
OPTSTK,ICICIBANK,30-Jan-2025,2025-01-30,1160.00,CE,0.00,0.00,0.00,175.50,110.20,0,0.00,1400,0,06-JAN-2025
OPTSTK,ICICIBANK,27-Mar-2025,2025-03-27,1160.00,CE,0.00,0.00,0.00,168.85,129.30,0,0.00,0,0,06-JAN-2025
OPTSTK,ICICIBANK,30-Jan-2025,2025-01-30,1360.00,CE,3.65,4.80,3.50,4.15,4.15,1314,12547.4072,917700,143500,06-JAN-2025
OPTSTK,ICICIBANK,27-Mar-2025,2025-03-27,1360.00,CE,0.00,0.00,0.00,46.15,19.90,0,0.00,0,0,06-JAN-2025
OPTSTK,GRASIM,30-Jan-2025,2025-01-30,2660.00,PE,0.00,0.00,0.00,134.05,195.00,0,0.00,1000,0,06-JAN-2025
OPTSTK,GRASIM,27-Feb-2025,2025-02-27,2080.00,CE,0.00,0.00,0.00,534.35,401.80,0,0.00,0,0,06-JAN-2025
OPTSTK,ICICIBANK,27-Feb-2025,2025-02-27,1160.00,PE,0.00,0.00,0.00,12.90,4.50,0,0.00,0,0,06-JAN-2025
OPTSTK,ICICIBANK,27-Feb-2025,2025-02-27,1290.00,PE,0.00,0.00,0.00,37.00,45.55,0,0.00,0,0,06-JAN-2025
OPTSTK,ICICIBANK,30-Jan-2025,2025-01-30,1290.00,PE,37.10,45.35,32.50,41.20,41.20,657,6107.69355,461300,-79100,06-JAN-2025
OPTSTK,JSWSTEEL,30-Jan-2025,2025-01-30,1010.00,CE,2.70,2.80,2.25,2.35,2.35,243,1660.65153,129600,-6075,06-JAN-2025
OPTSTK,ICICIBANK,30-Jan-2025,2025-01-30,1250.00,CE,42.95,48.05,38.70,41.60,41.60,981,8876.69405,305200,45500,06-JAN-2025
OPTSTK,GRASIM,30-Jan-2025,2025-01-30,2640.00,PE,137.05,185.50,137.05,185.50,177.25,12,84.150375,3000,1500,06-JAN-2025
OPTSTK,GRASIM,27-Mar-2025,2025-03-27,2640.00,CE,0.00,0.00,0.00,91.90,51.25,0,0.00,0,0,06-JAN-2025
OPTSTK,GRASIM,27-Feb-2025,2025-02-27,2420.00,PE,0.00,0.00,0.00,71.85,55.00,0,0.00,0,0,06-JAN-2025
OPTSTK,AUROPHARMA,30-Jan-2025,2025-01-30,1220.00,CE,111.00,111.80,105.30,111.05,104.10,4,29.255325,14850,550,06-JAN-2025
OPTSTK,AUROPHARMA,30-Jan-2025,2025-01-30,1340.00,PE,43.00,53.30,39.50,46.15,46.15,234,1784.4739,199650,-2200,06-JAN-2025
OPTSTK,AUROPHARMA,30-Jan-2025,2025-01-30,1520.00,CE,1.90,2.10,1.15,1.75,1.75,177,1481.20555,276100,-4950,06-JAN-2025
OPTSTK,AUROPHARMA,27-Feb-2025,2025-02-27,1520.00,PE,0.00,0.00,0.00,154.00,198.75,0,0.00,550,0,06-JAN-2025
OPTSTK,AUROPHARMA,30-Jan-2025,2025-01-30,1520.00,PE,197.00,197.00,197.00,197.00,201.20,1,9.4435,19250,-550,06-JAN-2025
FUTSTK,AUROPHARMA,27-Feb-2025,2025-02-27,,,1329.55,1335.30,1318.40,1326.10,1326.10,166,1209.14337,132000,-7150,06-JAN-2025
OPTSTK,AUROPHARMA,27-Feb-2025,2025-02-27,1300.00,CE,0.00,0.00,0.00,55.60,66.80,0,0.00,0,0,06-JAN-2025
OPTSTK,AUROPHARMA,27-Feb-2025,2025-02-27,1200.00,CE,0.00,0.00,0.00,113.10,135.60,0,0.00,0,0,06-JAN-2025
OPTSTK,AUROPHARMA,27-Feb-2025,2025-02-27,1480.00,PE,0.00,0.00,0.00,140.00,163.30,0,0.00,550,0,06-JAN-2025
OPTSTK,AUROPHARMA,27-Feb-2025,2025-02-27,1160.00,CE,0.00,0.00,0.00,137.65,169.65,0,0.00,0,0,06-JAN-2025
OPTSTK,AUROPHARMA,30-Jan-2025,2025-01-30,1160.00,PE,3.10,3.45,2.70,2.95,2.95,47,300.6498,78650,10450,06-JAN-2025
OPTSTK,AUROPHARMA,27-Mar-2025,2025-03-27,1160.00,PE,0.00,0.00,0.00,32.65,10.95,0,0.00,0,0,06-JAN-2025
OPTSTK,AUROPHARMA,27-Mar-2025,2025-03-27,1200.00,PE,0.00,0.00,0.00,45.90,18.35,0,0.00,0,0,06-JAN-2025
OPTSTK,AUROPHARMA,27-Mar-2025,2025-03-27,1400.00,PE,0.00,0.00,0.00,157.15,106.80,0,0.00,0,0,06-JAN-2025
OPTSTK,AUROPHARMA,27-Feb-2025,2025-02-27,1400.00,CE,0.00,0.00,0.00,34.45,26.00,0,0.00,0,0,06-JAN-2025
OPTSTK,AUROPHARMA,27-Feb-2025,2025-02-27,1080.00,PE,0.00,0.00,0.00,17.70,1.05,0,0.00,0,0,06-JAN-2025
OPTSTK,AUROPHARMA,27-Mar-2025,2025-03-27,1520.00,PE,0.00,0.00,0.00,252.80,198.80,0,0.00,0,0,06-JAN-2025
OPTSTK,AUROPHARMA,27-Mar-2025,2025-03-27,1240.00,CE,0.00,0.00,0.00,100.90,119.80,0,0.00,0,0,06-JAN-2025
OPTSTK,AUROPHARMA,27-Feb-2025,2025-02-27,1240.00,CE,0.00,0.00,0.00,91.60,104.95,0,0.00,0,0,06-JAN-2025
OPTSTK,AUROPHARMA,30-Jan-2025,2025-01-30,1420.00,PE,0.00,0.00,0.00,96.50,107.95,0,0.00,7700,0,06-JAN-2025
OPTSTK,AUROPHARMA,27-Feb-2025,2025-02-27,1180.00,PE,0.00,0.00,0.00,29.60,8.20,0,0.00,0,0,06-JAN-2025
OPTSTK,AUROPHARMA,30-Jan-2025,2025-01-30,1180.00,CE,0.00,0.00,0.00,132.45,140.10,0,0.00,4400,0,06-JAN-2025
OPTSTK,AUROPHARMA,27-Feb-2025,2025-02-27,1440.00,CE,0.00,0.00,0.00,26.10,16.70,0,0.00,0,0,06-JAN-2025
OPTSTK,AUROPHARMA,30-Jan-2025,2025-01-30,1440.00,CE,6.40,6.80,4.30,5.95,5.95,606,4816.80595,155650,17600,06-JAN-2025
OPTSTK,AUROPHARMA,30-Jan-2025,2025-01-30,1460.00,PE,0.00,0.00,0.00,120.10,143.85,0,0.00,4950,0,06-JAN-2025
OPTSTK,AUROPHARMA,27-Feb-2025,2025-02-27,1120.00,PE,0.00,0.00,0.00,26.70,2.60,0,0.00,0,0,06-JAN-2025
OPTSTK,AUROPHARMA,30-Jan-2025,2025-01-30,1560.00,PE,0.00,0.00,0.00,179.85,240.55,0,0.00,0,0,06-JAN-2025
OPTSTK,AUROPHARMA,27-Feb-2025,2025-02-27,1420.00,CE,0.00,0.00,0.00,21.10,20.95,0,0.00,0,0,06-JAN-2025
OPTSTK,AUROPHARMA,30-Jan-2025,2025-01-30,1420.00,CE,8.30,9.15,5.90,7.95,7.95,654,5133.50117,147950,7700,06-JAN-2025
OPTSTK,AUROPHARMA,27-Feb-2025,2025-02-27,1560.00,PE,0.00,0.00,0.00,304.10,235.80,0,0.00,0,0,06-JAN-2025
OPTSTK,AUROPHARMA,27-Feb-2025,2025-02-27,1380.00,PE,0.00,0.00,0.00,136.25,86.05,0,0.00,0,0,06-JAN-2025
OPTSTK,BATAINDIA,27-Feb-2025,2025-02-27,1660.00,PE,0.00,0.00,0.00,274.00,221.95,0,0.00,0,0,06-JAN-2025
OPTSTK,BATAINDIA,30-Jan-2025,2025-01-30,1660.00,PE,0.00,0.00,0.00,280.30,228.75,0,0.00,0,0,06-JAN-2025
OPTSTK,INDIGO,30-Jan-2025,2025-01-30,5200.00,PE,0.00,0.00,0.00,1094.30,910.65,0,0.00,0,0,06-JAN-2025
OPTSTK,INDIGO,27-Mar-2025,2025-03-27,4500.00,CE,0.00,0.00,0.00,495.55,166.20,0,0.00,0,0,06-JAN-2025
OPTSTK,INDIGO,30-Jan-2025,2025-01-30,4500.00,PE,119.60,291.35,105.80,269.00,269.00,1692,11932.2162,158400,1800,06-JAN-2025
OPTSTK,INDIGO,27-Feb-2025,2025-02-27,4500.00,CE,0.00,0.00,0.00,282.65,114.05,0,0.00,0,0,06-JAN-2025
OPTSTK,BATAINDIA,30-Jan-2025,2025-01-30,1440.00,PE,33.75,52.00,22.15,47.20,47.20,584,3236.02743,56625,15000,06-JAN-2025
OPTSTK,BATAINDIA,27-Feb-2025,2025-02-27,1680.00,PE,0.00,0.00,0.00,292.45,241.20,0,0.00,0,0,06-JAN-2025
OPTSTK,BATAINDIA,30-Jan-2025,2025-01-30,1680.00,PE,0.00,0.00,0.00,298.85,248.60,0,0.00,0,0,06-JAN-2025
OPTSTK,BATAINDIA,27-Feb-2025,2025-02-27,1530.00,CE,0.00,0.00,0.00,10.80,14.95,0,0.00,0,0,06-JAN-2025
OPTSTK,BATAINDIA,27-Feb-2025,2025-02-27,1160.00,CE,0.00,0.00,0.00,228.40,275.25,0,0.00,0,0,06-JAN-2025
OPTSTK,BATAINDIA,30-Jan-2025,2025-01-30,1600.00,CE,4.00,6.10,2.15,2.50,2.50,1349,8114.40956,214125,87375,06-JAN-2025
OPTSTK,BATAINDIA,30-Jan-2025,2025-01-30,1290.00,CE,0.00,0.00,0.00,109.70,140.55,0,0.00,0,0,06-JAN-2025
OPTSTK,INDIGO,27-Mar-2025,2025-03-27,5100.00,CE,0.00,0.00,0.00,217.05,37.55,0,0.00,0,0,06-JAN-2025
OPTSTK,INDIGO,30-Jan-2025,2025-01-30,4000.00,CE,460.00,460.00,305.60,321.15,321.15,63,410.718375,7800,3450,06-JAN-2025
OPTSTK,BATAINDIA,27-Feb-2025,2025-02-27,1360.00,CE,0.00,0.00,0.00,81.10,93.25,0,0.00,0,0,06-JAN-2025
OPTSTK,BATAINDIA,27-Feb-2025,2025-02-27,1300.00,PE,0.00,0.00,0.00,17.25,5.55,0,0.00,1875,0,06-JAN-2025
OPTSTK,INDIGO,27-Feb-2025,2025-02-27,4450.00,PE,0.00,0.00,0.00,131.85,271.65,0,0.00,0,0,06-JAN-2025
OPTSTK,INDIGO,30-Jan-2025,2025-01-30,4450.00,CE,140.90,142.85,55.70,61.70,61.70,946,6436.40362,34200,20550,06-JAN-2025
OPTSTK,INDIGO,27-Feb-2025,2025-02-27,4700.00,CE,75.00,75.00,58.00,58.00,62.15,6,42.868575,600,300,06-JAN-2025
OPTSTK,INDIGO,30-Jan-2025,2025-01-30,5150.00,CE,4.05,4.10,3.55,3.80,0.90,37,286.040475,7350,-1800,06-JAN-2025
OPTSTK,INDIGO,30-Jan-2025,2025-01-30,4700.00,CE,45.05,45.05,17.30,18.95,18.95,2997,21237.5804,333900,32250,06-JAN-2025
OPTSTK,INDIGO,27-Feb-2025,2025-02-27,4700.00,PE,420.75,420.75,420.75,420.75,450.25,1,7.681125,150,0,06-JAN-2025
OPTSTK,INDIGO,30-Jan-2025,2025-01-30,4900.00,CE,13.30,14.50,7.75,8.15,8.15,1676,12342.0944,96300,-16650,06-JAN-2025
OPTSTK,INDIGO,27-Feb-2025,2025-02-27,4900.00,CE,0.00,0.00,0.00,170.00,31.50,0,0.00,150,0,06-JAN-2025
OPTSTK,BATAINDIA,27-Feb-2025,2025-02-27,1430.00,CE,0.00,0.00,0.00,31.85,49.60,0,0.00,0,0,06-JAN-2025
OPTSTK,BATAINDIA,27-Feb-2025,2025-02-27,1430.00,PE,0.00,0.00,0.00,93.50,41.95,0,0.00,0,0,06-JAN-2025
OPTSTK,BATAINDIA,27-Feb-2025,2025-02-27,1560.00,PE,0.00,0.00,0.00,186.30,130.80,0,0.00,0,0,06-JAN-2025
OPTSTK,INDIGO,30-Jan-2025,2025-01-30,3800.00,PE,6.05,24.65,5.00,21.55,21.55,2217,12693.3597,44250,33150,06-JAN-2025
OPTSTK,BATAINDIA,27-Feb-2025,2025-02-27,1600.00,CE,0.00,0.00,0.00,11.40,5.20,0,0.00,0,0,06-JAN-2025
OPTSTK,BATAINDIA,27-Feb-2025,2025-02-27,1290.00,CE,0.00,0.00,0.00,101.25,150.85,0,0.00,0,0,06-JAN-2025
FUTSTK,INDIGO,27-Mar-2025,2025-03-27,,,4551.60,4551.60,4315.00,4325.75,4325.75,63,413.800875,15300,3000,06-JAN-2025
OPTSTK,UNIONBANK,30-Jan-2025,2025-01-30,111.00,CE,7.85,7.90,6.25,6.75,6.90,18,94.000275,39825,30975,06-JAN-2025
OPTSTK,UNIONBANK,27-Feb-2025,2025-02-27,111.00,CE,0.00,0.00,0.00,14.20,9.25,0,0.00,0,0,06-JAN-2025
OPTSTK,UNIONBANK,30-Jan-2025,2025-01-30,111.00,PE,1.85,4.05,1.85,3.50,3.50,99,499.89225,207975,110625,06-JAN-2025
OPTSTK,ITC,27-Feb-2025,2025-02-27,495.00,CE,0.00,0.00,0.00,0.05,1.45,0,0.00,0,-33600,06-JAN-2025
OPTSTK,UNIONBANK,27-Feb-2025,2025-02-27,120.00,PE,7.65,11.20,7.65,11.20,9.10,4,22.8861,22125,13275,06-JAN-2025
OPTSTK,UNIONBANK,30-Jan-2025,2025-01-30,130.00,CE,2.60,2.60,0.70,0.80,0.80,1812,10496.6287,3659475,902700,06-JAN-2025
OPTSTK,ITC,27-Feb-2025,2025-02-27,460.00,CE,11.00,12.10,9.75,10.40,10.40,20,150.6048,22400,14400,06-JAN-2025
OPTSTK,UNIONBANK,27-Feb-2025,2025-02-27,135.00,PE,0.00,0.00,0.00,18.35,20.40,0,0.00,0,0,06-JAN-2025
OPTSTK,UNIONBANK,27-Feb-2025,2025-02-27,102.00,CE,0.00,0.00,0.00,24.40,15.35,0,0.00,0,0,06-JAN-2025
OPTSTK,UNIONBANK,27-Mar-2025,2025-03-27,102.00,PE,0.00,0.00,0.00,3.25,2.65,0,0.00,0,0,06-JAN-2025
OPTSTK,UNIONBANK,30-Jan-2025,2025-01-30,102.00,PE,0.45,1.20,0.45,1.10,1.10,157,714.409612,336300,318600,06-JAN-2025
OPTSTK,UNIONBANK,30-Jan-2025,2025-01-30,102.00,CE,0.00,0.00,0.00,22.85,13.75,0,0.00,0,0,06-JAN-2025
OPTSTK,UNIONBANK,30-Jan-2025,2025-01-30,115.00,CE,6.30,6.40,4.20,4.50,4.50,1274,6750.43485,1805400,1703625,06-JAN-2025
OPTSTK,UNIONBANK,30-Jan-2025,2025-01-30,141.00,CE,0.30,0.30,0.30,0.30,0.10,2,12.50505,128325,4425,06-JAN-2025
OPTSTK,ITC,30-Jan-2025,2025-01-30,490.00,CE,1.85,2.25,0.90,1.00,1.00,3688,28984.4224,1288000,-3601600,06-JAN-2025
OPTSTK,ITC,27-Mar-2025,2025-03-27,490.00,PE,0.00,0.00,0.00,23.50,44.35,0,0.00,0,0,06-JAN-2025
OPTSTK,UNIONBANK,30-Jan-2025,2025-01-30,125.00,CE,4.55,4.75,1.30,1.45,1.45,3168,17766.9568,8226075,2482425,06-JAN-2025
OPTSTK,UNIONBANK,27-Feb-2025,2025-02-27,119.00,CE,0.00,0.00,0.00,9.75,5.35,0,0.00,0,0,06-JAN-2025
OPTSTK,UNIONBANK,27-Feb-2025,2025-02-27,119.00,PE,0.00,0.00,0.00,8.20,8.50,0,0.00,0,0,06-JAN-2025
OPTSTK,UNIONBANK,30-Jan-2025,2025-01-30,119.00,CE,5.30,5.30,2.70,2.90,2.90,106,573.752137,318600,92925,06-JAN-2025
OPTSTK,UNIONBANK,30-Jan-2025,2025-01-30,119.00,PE,5.00,8.50,5.00,8.45,6.75,67,371.883637,500025,-4425,06-JAN-2025
OPTSTK,UNIONBANK,30-Jan-2025,2025-01-30,103.00,PE,1.15,1.25,1.15,1.20,1.20,16,73.795725,35400,35400,06-JAN-2025
OPTSTK,UNIONBANK,27-Feb-2025,2025-02-27,120.00,CE,6.05,6.05,4.20,4.40,4.40,52,286.994437,199125,168150,06-JAN-2025
OPTSTK,UNIONBANK,27-Feb-2025,2025-02-27,131.00,PE,0.00,0.00,0.00,15.45,17.05,0,0.00,0,0,06-JAN-2025
OPTSTK,UNIONBANK,30-Jan-2025,2025-01-30,133.00,CE,1.50,1.50,0.50,0.50,0.50,113,668.144025,500025,115050,06-JAN-2025
OPTSTK,UNIONBANK,30-Jan-2025,2025-01-30,133.00,PE,0.00,0.00,0.00,9.50,18.10,0,0.00,53100,0,06-JAN-2025
OPTSTK,UNIONBANK,27-Feb-2025,2025-02-27,125.00,CE,5.00,5.00,2.95,2.95,2.95,7,39.900225,26550,13275,06-JAN-2025
FUTSTK,ITC,27-Mar-2025,2025-03-27,,,461.65,462.90,443.35,445.90,445.90,330,2397.2136,340800,280000,06-JAN-2025
OPTSTK,ITC,27-Mar-2025,2025-03-27,440.00,PE,0.00,0.00,0.00,0.05,12.30,0,0.00,0,-64000,06-JAN-2025
OPTSTK,ITC,27-Mar-2025,2025-03-27,490.00,CE,0.00,0.00,0.00,0.05,4.20,0,0.00,0,-9600,06-JAN-2025
OPTSTK,ITC,30-Jan-2025,2025-01-30,480.00,PE,22.65,38.80,18.95,37.25,37.25,154,1244.84,134400,-6467200,06-JAN-2025
OPTSTK,ITC,27-Feb-2025,2025-02-27,480.00,PE,0.00,0.00,0.00,0.10,36.00,0,0.00,0,-465600,06-JAN-2025
OPTSTK,SJVN,30-Jan-2025,2025-01-30,125.00,PE,18.60,18.65,18.60,18.65,22.05,2,13.5725625,33075,-4725,06-JAN-2025
OPTSTK,SJVN,27-Feb-2025,2025-02-27,125.00,CE,1.60,1.60,1.40,1.40,1.80,3,17.9361,231525,-4725,06-JAN-2025
OPTSTK,SJVN,27-Feb-2025,2025-02-27,112.50,CE,0.00,0.00,0.00,9.75,4.45,0,0.00,0,0,06-JAN-2025
OPTSTK,SJVN,30-Jan-2025,2025-01-30,117.50,CE,1.15,1.15,0.75,0.75,0.75,79,441.981225,793800,14175,06-JAN-2025
OPTSTK,SJVN,30-Jan-2025,2025-01-30,127.50,CE,0.00,0.00,0.00,0.50,0.30,0,0.00,174825,0,06-JAN-2025
OPTSTK,SJVN,27-Mar-2025,2025-03-27,115.00,CE,0.00,0.00,0.00,11.15,5.65,0,0.00,0,0,06-JAN-2025
OPTSTK,SJVN,30-Jan-2025,2025-01-30,120.00,PE,13.85,16.30,13.85,16.30,17.45,3,19.1669625,189000,0,06-JAN-2025
OPTSTK,SJVN,30-Jan-2025,2025-01-30,90.00,PE,0.40,1.05,0.40,0.95,0.95,199,852.382912,1006425,103950,06-JAN-2025
OPTSTK,SJVN,27-Mar-2025,2025-03-27,90.00,CE,0.00,0.00,0.00,24.60,17.70,0,0.00,0,0,06-JAN-2025
OPTSTK,SJVN,27-Feb-2025,2025-02-27,87.50,CE,0.00,0.00,0.00,24.70,17.95,0,0.00,0,0,06-JAN-2025
OPTSTK,SJVN,27-Feb-2025,2025-02-27,87.50,PE,0.00,0.00,0.00,2.25,1.75,0,0.00,0,0,06-JAN-2025
OPTSTK,SJVN,30-Jan-2025,2025-01-30,87.50,PE,0.00,0.00,0.00,1.40,0.55,0,0.00,0,0,06-JAN-2025
OPTSTK,SJVN,30-Jan-2025,2025-01-30,87.50,CE,0.00,0.00,0.00,32.95,16.30,0,0.00,0,0,06-JAN-2025
OPTSTK,SJVN,27-Mar-2025,2025-03-27,110.00,CE,0.00,0.00,0.00,13.20,7.30,0,0.00,0,0,06-JAN-2025
OPTSTK,SJVN,30-Jan-2025,2025-01-30,110.00,CE,4.05,4.05,1.75,1.85,1.85,1201,6374.88022,3713850,883575,06-JAN-2025
OPTSTK,SJVN,27-Feb-2025,2025-02-27,120.00,CE,0.00,0.00,0.00,2.80,2.65,0,0.00,94500,0,06-JAN-2025
OPTSTK,SJVN,27-Feb-2025,2025-02-27,100.00,CE,0.00,0.00,0.00,25.30,9.65,0,0.00,0,0,06-JAN-2025
OPTSTK,SJVN,27-Feb-2025,2025-02-27,95.00,PE,0.00,0.00,0.00,4.10,3.80,0,0.00,0,0,06-JAN-2025
OPTSTK,SJVN,27-Mar-2025,2025-03-27,95.00,CE,0.00,0.00,0.00,21.30,14.50,0,0.00,0,0,06-JAN-2025
OPTSTK,SJVN,27-Feb-2025,2025-02-27,95.00,CE,0.00,0.00,0.00,28.75,12.60,0,0.00,0,0,06-JAN-2025
OPTSTK,SJVN,30-Jan-2025,2025-01-30,95.00,CE,10.40,10.40,8.80,9.05,9.05,25,123.100425,75600,75600,06-JAN-2025
OPTSTK,SJVN,30-Jan-2025,2025-01-30,95.00,PE,0.85,2.10,0.80,2.00,2.00,318,1450.27496,812700,198450,06-JAN-2025
OPTSTK,SJVN,27-Mar-2025,2025-03-27,95.00,PE,0.00,0.00,0.00,5.70,5.25,0,0.00,0,0,06-JAN-2025
OPTSTK,SJVN,27-Mar-2025,2025-03-27,80.00,CE,0.00,0.00,0.00,32.20,25.35,0,0.00,0,0,06-JAN-2025
OPTSTK,SJVN,27-Mar-2025,2025-03-27,80.00,PE,0.00,0.00,0.00,1.90,1.35,0,0.00,0,0,06-JAN-2025
OPTSTK,SJVN,30-Jan-2025,2025-01-30,102.50,CE,5.50,5.60,4.15,4.35,4.35,132,667.569262,406350,330750,06-JAN-2025
OPTSTK,SJVN,30-Jan-2025,2025-01-30,112.50,CE,3.00,3.00,1.30,1.40,1.40,305,1646.57508,1460025,174825,06-JAN-2025
OPTSTK,SJVN,30-Jan-2025,2025-01-30,130.00,PE,0.00,0.00,0.00,20.85,26.80,0,0.00,33075,0,06-JAN-2025
OPTSTK,SJVN,27-Feb-2025,2025-02-27,130.00,CE,0.00,0.00,0.00,10.60,1.25,0,0.00,0,0,06-JAN-2025
OPTSTK,SJVN,27-Feb-2025,2025-02-27,105.00,PE,0.00,0.00,0.00,7.30,8.35,0,0.00,0,0,06-JAN-2025
OPTSTK,SJVN,27-Mar-2025,2025-03-27,105.00,CE,0.00,0.00,0.00,15.60,9.30,0,0.00,0,0,06-JAN-2025
OPTSTK,SJVN,30-Jan-2025,2025-01-30,105.00,PE,2.90,6.50,2.60,6.30,6.30,749,3870.19316,1819125,278775,06-JAN-2025
OPTSTK,SJVN,27-Feb-2025,2025-02-27,117.50,CE,0.00,0.00,0.00,7.85,3.15,0,0.00,0,0,06-JAN-2025
OPTSTK,CROMPTON,30-Jan-2025,2025-01-30,385.00,PE,12.00,19.65,12.00,18.95,18.95,88,635.6277,95400,-5400,06-JAN-2025
OPTSTK,CROMPTON,27-Mar-2025,2025-03-27,370.00,CE,0.00,0.00,0.00,44.55,23.80,0,0.00,0,0,06-JAN-2025
OPTSTK,CROMPTON,30-Jan-2025,2025-01-30,460.00,PE,0.00,0.00,0.00,61.30,87.05,0,0.00,7200,0,06-JAN-2025
OPTSTK,CROMPTON,27-Mar-2025,2025-03-27,460.00,PE,0.00,0.00,0.00,67.45,84.25,0,0.00,0,0,06-JAN-2025
OPTSTK,CROMPTON,27-Mar-2025,2025-03-27,330.00,CE,0.00,0.00,0.00,73.95,50.30,0,0.00,0,0,06-JAN-2025
OPTSTK,CROMPTON,30-Jan-2025,2025-01-30,355.00,CE,21.85,21.85,21.85,21.85,21.95,1,6.7833,5400,0,06-JAN-2025
OPTSTK,CROMPTON,27-Feb-2025,2025-02-27,355.00,PE,0.00,0.00,0.00,6.75,8.35,0,0.00,0,0,06-JAN-2025
OPTSTK,CROMPTON,27-Mar-2025,2025-03-27,410.00,CE,0.00,0.00,0.00,23.80,8.95,0,0.00,0,0,06-JAN-2025
OPTSTK,CROMPTON,27-Mar-2025,2025-03-27,400.00,PE,0.00,0.00,0.00,27.35,34.85,0,0.00,0,0,06-JAN-2025
OPTSTK,CROMPTON,27-Mar-2025,2025-03-27,430.00,CE,0.00,0.00,0.00,16.70,5.05,0,0.00,0,0,06-JAN-2025
OPTSTK,CROMPTON,30-Jan-2025,2025-01-30,430.00,PE,0.00,0.00,0.00,34.00,57.50,0,0.00,5400,0,06-JAN-2025
OPTSTK,CROMPTON,27-Mar-2025,2025-03-27,340.00,PE,0.00,0.00,0.00,6.10,6.70,0,0.00,0,0,06-JAN-2025
OPTSTK,CROMPTON,30-Jan-2025,2025-01-30,435.00,PE,0.00,0.00,0.00,38.00,62.35,0,0.00,3600,0,06-JAN-2025
OPTSTK,CROMPTON,27-Feb-2025,2025-02-27,380.00,CE,18.00,18.00,17.70,17.70,14.20,2,14.3226,3600,-1800,06-JAN-2025
OPTSTK,CROMPTON,27-Feb-2025,2025-02-27,310.00,PE,0.00,0.00,0.00,1.50,0.75,0,0.00,0,0,06-JAN-2025
OPTSTK,CROMPTON,30-Jan-2025,2025-01-30,310.00,PE,0.00,0.00,0.00,2.25,0.05,0,0.00,0,0,06-JAN-2025
OPTSTK,CROMPTON,30-Jan-2025,2025-01-30,400.00,PE,26.30,29.00,21.90,28.65,30.10,20,152.892,151200,-3600,06-JAN-2025
OPTSTK,CROMPTON,27-Mar-2025,2025-03-27,400.00,CE,0.00,0.00,0.00,28.15,11.70,0,0.00,0,0,06-JAN-2025
OPTSTK,CROMPTON,27-Feb-2025,2025-02-27,395.00,CE,0.00,0.00,0.00,24.85,8.85,0,0.00,0,0,06-JAN-2025
OPTSTK,CROMPTON,30-Jan-2025,2025-01-30,395.00,CE,5.20,6.30,3.75,4.35,4.35,355,2555.7075,104400,-27000,06-JAN-2025
OPTSTK,CROMPTON,27-Feb-2025,2025-02-27,395.00,PE,0.00,0.00,0.00,21.30,29.10,0,0.00,0,0,06-JAN-2025
OPTSTK,CROMPTON,27-Feb-2025,2025-02-27,340.00,CE,0.00,0.00,0.00,77.50,38.50,0,0.00,0,0,06-JAN-2025
OPTSTK,CROMPTON,27-Feb-2025,2025-02-27,360.00,PE,0.00,0.00,0.00,8.70,10.15,0,0.00,0,0,06-JAN-2025
OPTSTK,CROMPTON,27-Feb-2025,2025-02-27,335.00,PE,0.00,0.00,0.00,3.15,3.35,0,0.00,0,0,06-JAN-2025
OPTSTK,CROMPTON,27-Feb-2025,2025-02-27,320.00,CE,0.00,0.00,0.00,94.70,55.45,0,0.00,0,0,06-JAN-2025
OPTSTK,CROMPTON,30-Jan-2025,2025-01-30,450.00,PE,0.00,0.00,0.00,74.50,77.15,0,0.00,18000,0,06-JAN-2025
OPTSTK,CROMPTON,27-Feb-2025,2025-02-27,375.00,PE,0.00,0.00,0.00,12.70,16.90,0,0.00,0,0,06-JAN-2025
OPTSTK,CROMPTON,30-Jan-2025,2025-01-30,385.00,CE,6.45,10.40,6.35,7.10,7.10,870,6159.7935,293400,-55800,06-JAN-2025
OPTSTK,CROMPTON,30-Jan-2025,2025-01-30,435.00,CE,0.55,0.55,0.50,0.50,0.25,8,62.7174,36000,1800,06-JAN-2025
OPTSTK,CROMPTON,27-Feb-2025,2025-02-27,435.00,PE,0.00,0.00,0.00,46.30,61.80,0,0.00,0,0,06-JAN-2025
OPTSTK,CROMPTON,27-Feb-2025,2025-02-27,480.00,PE,0.00,0.00,0.00,75.00,104.70,0,0.00,1800,0,06-JAN-2025
OPTSTK,CROMPTON,27-Mar-2025,2025-03-27,300.00,CE,0.00,0.00,0.00,100.30,76.35,0,0.00,0,0,06-JAN-2025
OPTSTK,BANKINDIA,30-Jan-2025,2025-01-30,111.00,PE,9.15,10.25,8.75,10.25,11.45,10,58.1123,130275,-4825,06-JAN-2025
OPTSTK,BANKINDIA,30-Jan-2025,2025-01-30,111.00,CE,1.25,1.25,0.85,0.85,0.75,53,286.484375,694800,91675,06-JAN-2025
OPTSTK,BANKINDIA,27-Feb-2025,2025-02-27,111.00,PE,0.00,0.00,0.00,11.55,12.30,0,0.00,0,0,06-JAN-2025
OPTSTK,BANKINDIA,27-Feb-2025,2025-02-27,85.00,CE,0.00,0.00,0.00,20.45,16.35,0,0.00,0,0,06-JAN-2025
OPTSTK,BANKINDIA,30-Jan-2025,2025-01-30,85.00,PE,0.50,0.50,0.50,0.50,0.50,2,8.25075,9650,9650,06-JAN-2025
OPTSTK,BANKINDIA,30-Jan-2025,2025-01-30,85.00,CE,0.00,0.00,0.00,28.50,15.35,0,0.00,0,0,06-JAN-2025
OPTSTK,BANKINDIA,27-Feb-2025,2025-02-27,85.00,PE,0.00,0.00,0.00,1.20,0.70,0,0.00,0,0,06-JAN-2025
OPTSTK,BANKINDIA,30-Jan-2025,2025-01-30,103.00,CE,4.80,4.80,2.60,2.65,2.65,118,606.200937,815425,173700,06-JAN-2025
OPTSTK,BANKINDIA,27-Mar-2025,2025-03-27,120.00,CE,0.00,0.00,0.00,4.20,1.70,0,0.00,0,0,06-JAN-2025
OPTSTK,BANDHANBNK,27-Mar-2025,2025-03-27,130.00,CE,0.00,0.00,0.00,36.70,26.05,0,0.00,0,0,06-JAN-2025
OPTSTK,BANDHANBNK,30-Jan-2025,2025-01-30,135.00,CE,19.70,20.25,18.40,18.40,18.00,12,51.9778,22400,22400,06-JAN-2025
OPTSTK,BANKINDIA,27-Mar-2025,2025-03-27,96.00,CE,0.00,0.00,0.00,14.00,9.70,0,0.00,0,0,06-JAN-2025
OPTSTK,BANKINDIA,30-Jan-2025,2025-01-30,95.00,PE,0.80,2.65,0.80,2.35,2.35,653,3052.18402,2644100,-125450,06-JAN-2025
OPTSTK,BANKINDIA,27-Feb-2025,2025-02-27,95.00,PE,4.00,4.00,4.00,4.00,3.05,1,4.77675,9650,0,06-JAN-2025
OPTSTK,BANKINDIA,27-Feb-2025,2025-02-27,95.00,CE,0.00,0.00,0.00,12.95,8.80,0,0.00,0,0,06-JAN-2025
OPTSTK,BANKINDIA,30-Jan-2025,2025-01-30,95.00,CE,9.85,9.85,6.80,6.85,6.85,19,94.4180125,67550,9650,06-JAN-2025
OPTSTK,BANKINDIA,27-Feb-2025,2025-02-27,90.00,PE,1.85,2.00,1.85,2.00,1.60,5,22.1757,28950,24125,06-JAN-2025
OPTSTK,BANKINDIA,27-Mar-2025,2025-03-27,114.00,PE,0.00,0.00,0.00,14.60,15.30,0,0.00,0,0,06-JAN-2025
OPTSTK,BANKINDIA,27-Feb-2025,2025-02-27,114.00,CE,0.00,0.00,0.00,10.15,1.55,0,0.00,0,0,06-JAN-2025
OPTSTK,BANKINDIA,27-Feb-2025,2025-02-27,114.00,PE,0.00,0.00,0.00,10.20,14.70,0,0.00,0,0,06-JAN-2025
OPTSTK,BANKINDIA,30-Jan-2025,2025-01-30,114.00,CE,0.75,0.75,0.65,0.65,0.45,2,11.06855,67550,0,06-JAN-2025
OPTSTK,BANKINDIA,30-Jan-2025,2025-01-30,114.00,PE,0.00,0.00,0.00,8.00,14.10,0,0.00,4825,0,06-JAN-2025
OPTSTK,BANKINDIA,27-Mar-2025,2025-03-27,114.00,CE,0.00,0.00,0.00,5.85,2.75,0,0.00,0,0,06-JAN-2025
OPTSTK,BANKINDIA,30-Jan-2025,2025-01-30,100.00,PE,1.75,4.95,1.75,4.55,4.55,1161,5796.23631,2156775,24125,06-JAN-2025
OPTSTK,BANKINDIA,27-Mar-2025,2025-03-27,100.00,CE,0.00,0.00,0.00,11.70,7.55,0,0.00,0,0,06-JAN-2025
OPTSTK,BANDHANBNK,27-Mar-2025,2025-03-27,155.00,PE,0.00,0.00,0.00,10.60,11.75,0,0.00,0,0,06-JAN-2025
OPTSTK,BANKINDIA,27-Feb-2025,2025-02-27,107.00,CE,0.00,0.00,0.00,6.60,3.20,0,0.00,0,0,06-JAN-2025
OPTSTK,BANKINDIA,30-Jan-2025,2025-01-30,107.00,CE,3.15,3.80,1.45,1.55,1.55,215,1130.37687,714100,226775,06-JAN-2025
OPTSTK,BANKINDIA,30-Jan-2025,2025-01-30,107.00,PE,6.30,9.45,6.30,8.85,8.85,9,49.8880875,342575,14475,06-JAN-2025
OPTSTK,BANKINDIA,30-Jan-2025,2025-01-30,88.00,PE,0.60,0.75,0.60,0.75,0.35,10,42.7760375,28950,28950,06-JAN-2025
OPTSTK,BANKINDIA,27-Mar-2025,2025-03-27,88.00,PE,0.00,0.00,0.00,2.60,1.95,0,0.00,0,0,06-JAN-2025
OPTSTK,BANDHANBNK,30-Jan-2025,2025-01-30,182.50,CE,0.60,0.60,0.40,0.45,0.45,88,450.9414,355600,224000,06-JAN-2025
OPTSTK,POWERGRID,27-Feb-2025,2025-02-27,370.00,CE,0.00,0.00,0.00,12.05,0.60,0,0.00,0,0,06-JAN-2025
OPTSTK,POWERGRID,30-Jan-2025,2025-01-30,370.00,PE,0.00,0.00,0.00,58.50,62.40,0,0.00,19800,0,06-JAN-2025
OPTSTK,POWERGRID,27-Feb-2025,2025-02-27,295.00,PE,0.00,0.00,0.00,9.00,6.75,0,0.00,0,0,06-JAN-2025
OPTSTK,POWERGRID,27-Mar-2025,2025-03-27,240.00,PE,0.00,0.00,0.00,1.00,0.30,0,0.00,0,0,06-JAN-2025
OPTSTK,POWERGRID,30-Jan-2025,2025-01-30,305.00,CE,12.45,12.45,8.25,9.05,9.05,295,1669.0365,201600,25200,06-JAN-2025
OPTSTK,POWERGRID,30-Jan-2025,2025-01-30,300.00,PE,1.80,4.85,1.80,4.40,4.40,2272,12391.7544,1382400,82800,06-JAN-2025
OPTSTK,POWERGRID,30-Jan-2025,2025-01-30,260.00,PE,0.25,0.30,0.25,0.30,0.30,4,18.7407,138600,5400,06-JAN-2025
FUTSTK,POWERGRID,27-Feb-2025,2025-02-27,,,313.80,314.25,304.65,305.95,305.95,213,1182.5271,1773000,135000,06-JAN-2025
OPTSTK,POWERGRID,27-Feb-2025,2025-02-27,260.00,PE,0.00,0.00,0.00,1.35,0.60,0,0.00,0,0,06-JAN-2025
OPTSTK,POWERGRID,27-Mar-2025,2025-03-27,260.00,CE,0.00,0.00,0.00,57.90,51.25,0,0.00,0,0,06-JAN-2025
OPTSTK,POWERGRID,27-Mar-2025,2025-03-27,330.00,CE,0.00,0.00,0.00,15.10,8.50,0,0.00,0,0,06-JAN-2025
OPTSTK,POWERGRID,27-Mar-2025,2025-03-27,330.00,PE,0.00,0.00,0.00,28.85,27.65,0,0.00,0,0,06-JAN-2025
OPTSTK,POWERGRID,30-Jan-2025,2025-01-30,295.00,PE,1.30,3.40,1.30,3.10,3.10,747,3998.6082,867600,61200,06-JAN-2025
OPTSTK,POWERGRID,30-Jan-2025,2025-01-30,355.00,CE,0.40,0.40,0.30,0.30,0.20,27,172.6893,171000,-19800,06-JAN-2025
OPTSTK,POWERGRID,27-Mar-2025,2025-03-27,360.00,PE,0.00,0.00,0.00,50.20,51.40,0,0.00,0,0,06-JAN-2025
OPTSTK,POWERGRID,30-Jan-2025,2025-01-30,275.00,CE,0.00,0.00,0.00,63.60,32.75,0,0.00,0,0,06-JAN-2025
OPTSTK,POWERGRID,30-Jan-2025,2025-01-30,260.00,CE,0.00,0.00,0.00,67.65,47.20,0,0.00,0,0,06-JAN-2025
OPTSTK,POWERGRID,30-Jan-2025,2025-01-30,360.00,CE,0.35,0.35,0.20,0.20,0.20,100,648.4482,545400,3600,06-JAN-2025
OPTSTK,POWERGRID,27-Feb-2025,2025-02-27,275.00,CE,0.00,0.00,0.00,42.45,35.65,0,0.00,0,0,06-JAN-2025
OPTSTK,POWERGRID,27-Feb-2025,2025-02-27,315.00,CE,0.00,0.00,0.00,17.00,10.10,0,0.00,0,0,06-JAN-2025
OPTSTK,POWERGRID,30-Jan-2025,2025-01-30,315.00,PE,5.65,12.30,5.65,11.65,11.65,844,4917.6252,405000,-176400,06-JAN-2025
OPTSTK,POWERGRID,27-Mar-2025,2025-03-27,380.00,PE,0.00,0.00,0.00,66.80,69.55,0,0.00,0,0,06-JAN-2025
OPTSTK,POWERGRID,30-Jan-2025,2025-01-30,380.00,PE,0.00,0.00,0.00,63.70,72.35,0,0.00,14400,0,06-JAN-2025
OPTSTK,POWERGRID,27-Mar-2025,2025-03-27,350.00,PE,0.00,0.00,0.00,42.55,42.90,0,0.00,0,0,06-JAN-2025
OPTSTK,POWERGRID,27-Feb-2025,2025-02-27,350.00,PE,0.00,0.00,0.00,24.00,42.60,0,0.00,1800,0,06-JAN-2025
OPTSTK,POWERGRID,30-Jan-2025,2025-01-30,350.00,PE,35.90,39.85,34.85,39.00,42.75,5,34.8201,270000,1800,06-JAN-2025
OPTSTK,POWERGRID,27-Feb-2025,2025-02-27,300.00,PE,5.85,8.80,5.85,8.75,8.75,12,66.3894,102600,3600,06-JAN-2025
OPTSTK,POWERGRID,27-Mar-2025,2025-03-27,300.00,PE,0.00,0.00,0.00,13.40,10.90,0,0.00,0,0,06-JAN-2025
OPTSTK,POWERGRID,27-Feb-2025,2025-02-27,320.00,CE,0.00,0.00,0.00,33.35,8.25,0,0.00,0,0,06-JAN-2025
OPTSTK,POWERGRID,27-Mar-2025,2025-03-27,320.00,PE,0.00,0.00,0.00,22.95,21.15,0,0.00,0,0,06-JAN-2025
OPTSTK,POWERGRID,27-Mar-2025,2025-03-27,280.00,CE,0.00,0.00,0.00,42.20,34.65,0,0.00,0,0,06-JAN-2025
OPTSTK,POWERGRID,30-Jan-2025,2025-01-30,280.00,PE,0.40,1.15,0.40,1.10,1.10,337,1703.2266,662400,61200,06-JAN-2025
OPTSTK,CANFINHOME,27-Feb-2025,2025-02-27,860.00,PE,0.00,0.00,0.00,76.30,156.05,0,0.00,0,0,06-JAN-2025
OPTSTK,CANFINHOME,30-Jan-2025,2025-01-30,920.00,PE,0.00,0.00,0.00,192.50,218.20,0,0.00,975,0,06-JAN-2025
OPTSTK,CANFINHOME,27-Feb-2025,2025-02-27,760.00,CE,0.00,0.00,0.00,105.65,14.40,0,0.00,0,0,06-JAN-2025
OPTSTK,CANFINHOME,30-Jan-2025,2025-01-30,940.00,CE,0.00,0.00,0.00,0.45,0.05,0,0.00,975,0,06-JAN-2025
OPTSTK,CANFINHOME,30-Jan-2025,2025-01-30,670.00,PE,5.00,13.40,4.95,12.00,12.00,1025,6818.88041,349050,251550,06-JAN-2025
OPTSTK,CANFINHOME,30-Jan-2025,2025-01-30,670.00,CE,41.70,44.50,41.65,42.85,42.85,8,55.597425,5850,3900,06-JAN-2025
OPTSTK,CANFINHOME,30-Jan-2025,2025-01-30,780.00,CE,6.40,6.40,2.80,3.00,3.00,409,3127.12968,213525,-27300,06-JAN-2025
OPTSTK,CANFINHOME,27-Feb-2025,2025-02-27,780.00,CE,0.00,0.00,0.00,93.25,10.15,0,0.00,0,0,06-JAN-2025
OPTSTK,CANFINHOME,27-Feb-2025,2025-02-27,740.00,PE,0.00,0.00,0.00,21.40,55.20,0,0.00,975,0,06-JAN-2025
OPTSTK,CANFINHOME,30-Jan-2025,2025-01-30,810.00,CE,2.00,2.00,1.20,1.30,1.30,159,1258.14195,96525,-5850,06-JAN-2025
OPTSTK,CANFINHOME,27-Feb-2025,2025-02-27,640.00,CE,0.00,0.00,0.00,198.70,73.85,0,0.00,0,0,06-JAN-2025
OPTSTK,CANFINHOME,30-Jan-2025,2025-01-30,640.00,PE,1.70,5.95,1.70,5.35,5.35,296,1859.90902,342225,-87750,06-JAN-2025
OPTSTK,CANFINHOME,30-Jan-2025,2025-01-30,700.00,PE,10.40,25.75,10.25,23.35,23.35,1202,8449.31197,421200,13650,06-JAN-2025
OPTSTK,CANFINHOME,27-Feb-2025,2025-02-27,880.00,CE,0.00,0.00,0.00,46.10,1.30,0,0.00,0,0,06-JAN-2025
OPTSTK,CANFINHOME,30-Jan-2025,2025-01-30,880.00,CE,0.60,0.60,0.55,0.55,0.05,2,17.1712125,160875,0,06-JAN-2025
OPTSTK,CANFINHOME,30-Jan-2025,2025-01-30,740.00,CE,18.70,18.85,8.50,9.35,9.35,681,4998.96978,369525,50700,06-JAN-2025
OPTSTK,CANFINHOME,27-Feb-2025,2025-02-27,660.00,CE,0.00,0.00,0.00,181.30,59.50,0,0.00,0,0,06-JAN-2025
OPTSTK,CANFINHOME,27-Feb-2025,2025-02-27,790.00,PE,0.00,0.00,0.00,81.10,93.10,0,0.00,0,0,06-JAN-2025
OPTSTK,CANFINHOME,27-Feb-2025,2025-02-27,760.00,PE,0.00,0.00,0.00,30.10,69.40,0,0.00,0,0,06-JAN-2025
OPTSTK,CANFINHOME,27-Feb-2025,2025-02-27,840.00,CE,0.00,0.00,0.00,62.10,3.10,0,0.00,0,0,06-JAN-2025
OPTSTK,CANFINHOME,27-Feb-2025,2025-02-27,730.00,PE,0.00,0.00,0.00,44.45,48.65,0,0.00,0,0,06-JAN-2025
OPTSTK,CANFINHOME,27-Feb-2025,2025-02-27,600.00,CE,0.00,0.00,0.00,235.05,106.95,0,0.00,0,0,06-JAN-2025
OPTSTK,CANFINHOME,30-Jan-2025,2025-01-30,800.00,PE,78.00,85.50,75.25,85.50,100.15,4,34.2629625,202800,975,06-JAN-2025
OPTSTK,CANFINHOME,30-Jan-2025,2025-01-30,850.00,CE,1.10,1.10,0.65,0.70,0.70,40,331.781775,156975,7800,06-JAN-2025
OPTSTK,CANFINHOME,30-Jan-2025,2025-01-30,790.00,PE,90.00,90.00,90.00,90.00,90.80,1,8.58,18525,0,06-JAN-2025
OPTSTK,CANFINHOME,27-Feb-2025,2025-02-27,690.00,CE,0.00,0.00,0.00,69.25,41.25,0,0.00,0,0,06-JAN-2025
OPTSTK,CANFINHOME,30-Jan-2025,2025-01-30,690.00,PE,10.20,20.90,8.40,18.95,18.95,279,1924.76261,248625,28275,06-JAN-2025
OPTSTK,CANFINHOME,30-Jan-2025,2025-01-30,620.00,PE,2.00,3.45,2.00,2.85,2.85,231,1402.45706,153075,153075,06-JAN-2025
OPTSTK,CANFINHOME,30-Jan-2025,2025-01-30,830.00,PE,0.00,0.00,0.00,51.65,129.05,0,0.00,0,0,06-JAN-2025
OPTSTK,CANFINHOME,30-Jan-2025,2025-01-30,830.00,CE,1.50,1.55,0.80,0.80,0.50,57,461.980837,77025,8775,06-JAN-2025
FUTSTK,CANFINHOME,27-Feb-2025,2025-02-27,,,734.30,734.30,700.80,703.30,703.30,160,1114.91835,229125,25350,06-JAN-2025
OPTSTK,HAVELLS,27-Feb-2025,2025-02-27,1580.00,CE,0.00,0.00,0.00,149.55,108.05,0,0.00,0,0,06-JAN-2025
OPTSTK,HAVELLS,27-Mar-2025,2025-03-27,1840.00,PE,0.00,0.00,0.00,179.20,188.55,0,0.00,0,0,06-JAN-2025
OPTSTK,HAVELLS,30-Jan-2025,2025-01-30,1440.00,CE,0.00,0.00,0.00,243.95,212.90,0,0.00,0,0,06-JAN-2025
OPTSTK,HAVELLS,27-Feb-2025,2025-02-27,1660.00,CE,0.00,0.00,0.00,99.95,61.20,0,0.00,0,0,06-JAN-2025
OPTSTK,HAVELLS,27-Feb-2025,2025-02-27,1660.00,PE,0.00,0.00,0.00,58.00,59.20,0,0.00,500,0,06-JAN-2025
OPTSTK,HAVELLS,27-Feb-2025,2025-02-27,1400.00,CE,0.00,0.00,0.00,349.35,261.15,0,0.00,0,0,06-JAN-2025
OPTSTK,HAVELLS,30-Jan-2025,2025-01-30,1540.00,CE,140.70,140.70,140.70,140.70,119.20,1,8.4035,500,0,06-JAN-2025
OPTSTK,HAVELLS,30-Jan-2025,2025-01-30,1560.00,CE,113.70,113.70,113.65,113.65,102.45,2,16.73675,3000,0,06-JAN-2025
OPTSTK,HAVELLS,27-Mar-2025,2025-03-27,1560.00,CE,0.00,0.00,0.00,182.65,139.45,0,0.00,0,0,06-JAN-2025
OPTSTK,HAVELLS,30-Jan-2025,2025-01-30,1860.00,CE,4.05,5.10,3.35,3.55,3.55,118,1099.708,46500,-14000,06-JAN-2025
OPTSTK,HAVELLS,30-Jan-2025,2025-01-30,1600.00,PE,13.00,33.30,13.00,30.45,30.45,1192,9687.267,258500,142500,06-JAN-2025
OPTSTK,HAVELLS,27-Feb-2025,2025-02-27,1360.00,PE,0.00,0.00,0.00,4.05,0.70,0,0.00,0,0,06-JAN-2025
OPTSTK,HAVELLS,27-Mar-2025,2025-03-27,1800.00,PE,0.00,0.00,0.00,151.90,157.40,0,0.00,0,0,06-JAN-2025
OPTSTK,HAVELLS,30-Jan-2025,2025-01-30,1800.00,PE,105.65,146.35,105.65,144.10,150.20,6,58.15725,38500,-500,06-JAN-2025
OPTSTK,HAVELLS,30-Jan-2025,2025-01-30,1780.00,CE,14.60,14.60,9.75,10.45,10.45,317,2839.36125,43500,-10000,06-JAN-2025
OPTSTK,HAVELLS,27-Feb-2025,2025-02-27,1740.00,CE,0.00,0.00,0.00,62.70,30.55,0,0.00,0,0,06-JAN-2025
OPTSTK,HAVELLS,30-Jan-2025,2025-01-30,1460.00,PE,3.25,6.10,2.95,5.95,5.95,99,724.854,37500,-6000,06-JAN-2025
OPTSTK,HAVELLS,27-Mar-2025,2025-03-27,1760.00,CE,0.00,0.00,0.00,74.90,40.55,0,0.00,0,0,06-JAN-2025
OPTSTK,HAVELLS,27-Feb-2025,2025-02-27,1360.00,CE,0.00,0.00,0.00,386.15,299.80,0,0.00,0,0,06-JAN-2025
OPTSTK,HAVELLS,27-Mar-2025,2025-03-27,1800.00,CE,0.00,0.00,0.00,60.80,29.95,0,0.00,0,0,06-JAN-2025
OPTSTK,HAVELLS,27-Feb-2025,2025-02-27,1800.00,PE,0.00,0.00,0.00,129.20,153.35,0,0.00,0,0,06-JAN-2025
OPTSTK,HAVELLS,27-Mar-2025,2025-03-27,1880.00,CE,0.00,0.00,0.00,38.95,15.40,0,0.00,0,0,06-JAN-2025
OPTSTK,HAVELLS,27-Mar-2025,2025-03-27,1640.00,PE,0.00,0.00,0.00,65.85,59.90,0,0.00,0,0,06-JAN-2025
OPTSTK,HAVELLS,30-Jan-2025,2025-01-30,1640.00,PE,20.15,49.45,18.80,46.05,46.05,1005,8426.181,167500,76500,06-JAN-2025
OPTSTK,HAVELLS,27-Feb-2025,2025-02-27,1640.00,CE,0.00,0.00,0.00,160.50,71.35,0,0.00,0,0,06-JAN-2025
OPTSTK,HAVELLS,30-Jan-2025,2025-01-30,1500.00,PE,3.95,9.80,3.95,8.35,8.35,280,2110.45775,80000,19000,06-JAN-2025
OPTSTK,HAVELLS,27-Feb-2025,2025-02-27,1840.00,PE,0.00,0.00,0.00,154.10,187.00,0,0.00,0,0,06-JAN-2025
OPTSTK,HAVELLS,30-Jan-2025,2025-01-30,1840.00,CE,7.00,7.00,4.25,4.70,4.70,192,1771.373,40000,3000,06-JAN-2025
OPTSTK,HAVELLS,27-Mar-2025,2025-03-27,1440.00,PE,0.00,0.00,0.00,13.35,7.80,0,0.00,0,0,06-JAN-2025
OPTSTK,HAVELLS,27-Feb-2025,2025-02-27,2000.00,PE,0.00,0.00,0.00,273.05,336.10,0,0.00,0,0,06-JAN-2025
OPTSTK,HAVELLS,27-Feb-2025,2025-02-27,1960.00,PE,0.00,0.00,0.00,240.85,297.50,0,0.00,0,0,06-JAN-2025
OPTSTK,HAVELLS,27-Feb-2025,2025-02-27,1580.00,PE,0.00,0.00,0.00,33.35,26.85,0,0.00,0,0,06-JAN-2025
OPTSTK,IRFC,27-Feb-2025,2025-02-27,130.00,CE,0.00,0.00,0.00,32.55,20.45,0,0.00,0,0,06-JAN-2025
OPTSTK,DELHIVERY,27-Mar-2025,2025-03-27,370.00,CE,0.00,0.00,0.00,22.80,10.85,0,0.00,0,0,06-JAN-2025
OPTSTK,IRFC,27-Mar-2025,2025-03-27,135.00,CE,0.00,0.00,0.00,24.30,19.75,0,0.00,0,0,06-JAN-2025
OPTSTK,IRFC,30-Jan-2025,2025-01-30,135.00,PE,1.30,3.15,1.25,2.95,2.95,613,2966.7528,1075125,303150,06-JAN-2025
OPTSTK,IRFC,27-Feb-2025,2025-02-27,135.00,CE,14.80,14.80,14.80,14.80,17.10,1,5.28045,7050,3525,06-JAN-2025
OPTSTK,DELHIVERY,27-Feb-2025,2025-02-27,310.00,PE,0.00,0.00,0.00,8.20,5.25,0,0.00,1525,0,06-JAN-2025
OPTSTK,DELHIVERY,27-Feb-2025,2025-02-27,310.00,CE,0.00,0.00,0.00,49.25,35.75,0,0.00,0,0,06-JAN-2025
OPTSTK,IRFC,27-Feb-2025,2025-02-27,147.50,PE,0.00,0.00,0.00,13.50,11.00,0,0.00,0,0,06-JAN-2025
OPTSTK,IRFC,30-Jan-2025,2025-01-30,147.50,PE,4.80,8.65,4.20,8.20,8.20,119,645.679537,528750,-63450,06-JAN-2025
OPTSTK,IRFC,30-Jan-2025,2025-01-30,147.50,CE,9.45,9.85,4.85,5.10,5.10,207,1118.2851,585150,59925,06-JAN-2025
OPTSTK,IRFC,27-Feb-2025,2025-02-27,147.50,CE,0.00,0.00,0.00,14.70,10.30,0,0.00,0,0,06-JAN-2025
OPTSTK,IRFC,30-Jan-2025,2025-01-30,152.50,CE,6.80,6.95,3.25,3.45,3.45,558,3092.23927,831900,123375,06-JAN-2025
OPTSTK,DELHIVERY,30-Jan-2025,2025-01-30,320.00,PE,4.70,7.50,4.70,5.70,5.70,359,1782.51378,407175,-131150,06-JAN-2025
OPTSTK,DELHIVERY,30-Jan-2025,2025-01-30,320.00,CE,21.00,22.00,18.70,20.90,20.90,42,218.131425,15250,12200,06-JAN-2025
OPTSTK,IRFC,30-Jan-2025,2025-01-30,125.00,PE,0.55,1.30,0.50,1.20,1.20,181,803.84805,1226700,74025,06-JAN-2025
OPTSTK,IRFC,27-Mar-2025,2025-03-27,125.00,CE,0.00,0.00,0.00,30.50,26.35,0,0.00,0,0,06-JAN-2025
OPTSTK,DELHIVERY,27-Mar-2025,2025-03-27,350.00,PE,0.00,0.00,0.00,24.30,25.00,0,0.00,0,0,06-JAN-2025
OPTSTK,DELHIVERY,27-Feb-2025,2025-02-27,350.00,PE,0.00,0.00,0.00,26.80,22.05,0,0.00,0,0,06-JAN-2025
OPTSTK,DELHIVERY,27-Mar-2025,2025-03-27,330.00,PE,0.00,0.00,0.00,15.65,14.90,0,0.00,0,0,06-JAN-2025
OPTSTK,DELHIVERY,27-Mar-2025,2025-03-27,330.00,CE,0.00,0.00,0.00,42.55,27.30,0,0.00,0,0,06-JAN-2025
OPTSTK,IRFC,30-Jan-2025,2025-01-30,120.00,PE,0.35,0.85,0.35,0.75,0.75,179,761.419387,1064550,74025,06-JAN-2025
OPTSTK,DELHIVERY,27-Feb-2025,2025-02-27,325.00,PE,0.00,0.00,0.00,10.50,9.80,0,0.00,0,0,06-JAN-2025
OPTSTK,DELHIVERY,30-Jan-2025,2025-01-30,325.00,CE,17.15,18.40,14.70,17.60,17.60,35,182.330525,39650,15250,06-JAN-2025
OPTSTK,DELHIVERY,30-Jan-2025,2025-01-30,325.00,PE,6.35,9.30,6.25,7.45,7.45,57,288.971487,73200,12200,06-JAN-2025
OPTSTK,IRFC,30-Jan-2025,2025-01-30,125.00,CE,23.60,23.60,21.00,21.00,21.80,3,15.548775,56400,0,06-JAN-2025
OPTSTK,IRFC,27-Mar-2025,2025-03-27,125.00,PE,0.00,0.00,0.00,6.40,4.10,0,0.00,0,0,06-JAN-2025
OPTSTK,IRFC,27-Feb-2025,2025-02-27,125.00,PE,0.00,0.00,0.00,5.35,2.55,0,0.00,0,0,06-JAN-2025
OPTSTK,DELHIVERY,27-Feb-2025,2025-02-27,360.00,CE,0.00,0.00,0.00,22.25,9.45,0,0.00,0,0,06-JAN-2025
OPTSTK,IRFC,27-Feb-2025,2025-02-27,157.50,PE,0.00,0.00,0.00,19.30,17.10,0,0.00,0,0,06-JAN-2025
OPTSTK,IRFC,27-Feb-2025,2025-02-27,157.50,CE,0.00,0.00,0.00,10.65,6.50,0,0.00,0,0,06-JAN-2025
OPTSTK,DELHIVERY,27-Feb-2025,2025-02-27,365.00,PE,0.00,0.00,0.00,28.75,32.00,0,0.00,0,0,06-JAN-2025
OPTSTK,DELHIVERY,27-Feb-2025,2025-02-27,365.00,CE,0.00,0.00,0.00,19.25,8.05,0,0.00,0,0,06-JAN-2025
OPTSTK,HINDPETRO,27-Feb-2025,2025-02-27,445.00,CE,0.00,0.00,0.00,24.25,6.80,0,0.00,0,0,06-JAN-2025
OPTSTK,HINDPETRO,30-Jan-2025,2025-01-30,335.00,PE,0.00,0.00,0.00,10.35,1.00,0,0.00,0,0,06-JAN-2025
OPTSTK,HINDPETRO,27-Feb-2025,2025-02-27,385.00,CE,0.00,0.00,0.00,54.45,26.75,0,0.00,0,0,06-JAN-2025
OPTSTK,HINDPETRO,27-Feb-2025,2025-02-27,370.00,PE,9.60,9.60,9.60,9.60,12.85,1,7.6869,6075,2025,06-JAN-2025
OPTSTK,HINDPETRO,27-Mar-2025,2025-03-27,370.00,CE,0.00,0.00,0.00,71.10,41.45,0,0.00,0,0,06-JAN-2025
OPTSTK,HINDPETRO,27-Mar-2025,2025-03-27,460.00,CE,0.00,0.00,0.00,26.45,8.75,0,0.00,0,0,06-JAN-2025
OPTSTK,HINDPETRO,27-Feb-2025,2025-02-27,460.00,PE,0.00,0.00,0.00,85.60,71.25,0,0.00,0,0,06-JAN-2025
OPTSTK,HINDPETRO,30-Jan-2025,2025-01-30,330.00,PE,0.65,1.05,0.65,0.95,0.95,437,2928.09228,694575,645975,06-JAN-2025
OPTSTK,HINDPETRO,30-Jan-2025,2025-01-30,355.00,PE,2.40,3.65,1.95,3.40,3.40,150,1086.72536,176175,74925,06-JAN-2025
OPTSTK,HINDPETRO,27-Feb-2025,2025-02-27,355.00,PE,0.00,0.00,0.00,7.25,8.10,0,0.00,0,0,06-JAN-2025
OPTSTK,HINDPETRO,30-Jan-2025,2025-01-30,355.00,CE,0.00,0.00,0.00,46.30,38.90,0,0.00,0,0,06-JAN-2025
OPTSTK,HINDPETRO,30-Jan-2025,2025-01-30,410.00,PE,12.50,27.10,12.45,26.80,26.80,401,3486.22886,769500,-16200,06-JAN-2025
OPTSTK,HINDPETRO,27-Mar-2025,2025-03-27,400.00,CE,40.00,40.00,40.00,40.00,26.15,1,8.91,2025,2025,06-JAN-2025
OPTSTK,HINDPETRO,30-Jan-2025,2025-01-30,405.00,CE,15.65,16.20,8.55,8.75,8.75,561,4729.97171,376650,196425,06-JAN-2025
OPTSTK,HINDPETRO,27-Mar-2025,2025-03-27,430.00,PE,0.00,0.00,0.00,40.70,50.35,0,0.00,0,0,06-JAN-2025
OPTSTK,HINDPETRO,27-Mar-2025,2025-03-27,480.00,CE,0.00,0.00,0.00,20.55,5.80,0,0.00,0,0,06-JAN-2025
OPTSTK,HINDPETRO,27-Feb-2025,2025-02-27,435.00,PE,0.00,0.00,0.00,38.35,50.75,0,0.00,0,0,06-JAN-2025
OPTSTK,HINDPETRO,27-Feb-2025,2025-02-27,455.00,PE,0.00,0.00,0.00,50.80,66.95,0,0.00,0,0,06-JAN-2025
OPTSTK,HINDPETRO,30-Jan-2025,2025-01-30,380.00,CE,26.20,27.70,19.85,20.60,20.60,61,497.804737,194400,46575,06-JAN-2025
OPTSTK,HINDPETRO,27-Feb-2025,2025-02-27,400.00,PE,21.60,21.60,21.60,21.60,27.00,1,8.5374,34425,0,06-JAN-2025
OPTSTK,HINDPETRO,27-Feb-2025,2025-02-27,400.00,CE,20.35,21.40,16.85,16.85,19.75,16,135.880537,38475,20250,06-JAN-2025
OPTSTK,HINDPETRO,30-Jan-2025,2025-01-30,395.00,CE,22.40,22.40,12.25,12.60,12.60,403,3342.95201,212625,159975,06-JAN-2025
OPTSTK,HINDPETRO,30-Jan-2025,2025-01-30,340.00,PE,0.45,1.70,0.45,1.70,1.70,455,3144.36431,848475,91125,06-JAN-2025
OPTSTK,HINDPETRO,27-Feb-2025,2025-02-27,345.00,CE,0.00,0.00,0.00,84.05,52.90,0,0.00,0,0,06-JAN-2025
OPTSTK,HINDPETRO,30-Jan-2025,2025-01-30,345.00,CE,0.00,0.00,0.00,52.65,47.35,0,0.00,0,0,06-JAN-2025
OPTSTK,HINDPETRO,27-Feb-2025,2025-02-27,360.00,PE,0.00,0.00,0.00,23.55,9.50,0,0.00,0,0,06-JAN-2025
OPTSTK,HINDPETRO,30-Jan-2025,2025-01-30,320.00,PE,0.30,0.60,0.30,0.60,0.60,22,142.785787,85050,12150,06-JAN-2025
OPTSTK,HINDPETRO,30-Jan-2025,2025-01-30,450.00,PE,0.00,0.00,0.00,37.00,60.65,0,0.00,64800,0,06-JAN-2025
OPTSTK,HINDPETRO,27-Feb-2025,2025-02-27,375.00,CE,0.00,0.00,0.00,61.20,32.30,0,0.00,0,0,06-JAN-2025
OPTSTK,HINDPETRO,30-Jan-2025,2025-01-30,375.00,CE,29.15,29.15,23.60,23.60,24.35,3,24.439725,10125,-2025,06-JAN-2025
OPTSTK,HINDPETRO,27-Feb-2025,2025-02-27,375.00,PE,0.00,0.00,0.00,12.20,14.80,0,0.00,0,0,06-JAN-2025
OPTSTK,HINDPETRO,30-Jan-2025,2025-01-30,385.00,PE,5.20,12.60,4.75,12.30,12.30,392,3128.16633,232875,72900,06-JAN-2025
OPTSTK,HDFCBANK,27-Mar-2025,2025-03-27,1600.00,PE,11.00,19.15,11.00,18.60,18.60,9,80.03435,4950,4400,06-JAN-2025
OPTSTK,HDFCBANK,27-Mar-2025,2025-03-27,1920.00,CE,0.00,0.00,0.00,52.10,14.05,0,0.00,0,0,06-JAN-2025
OPTSTK,HDFCBANK,27-Feb-2025,2025-02-27,1560.00,CE,0.00,0.00,0.00,272.45,171.50,0,0.00,0,0,06-JAN-2025
OPTSTK,HDFCBANK,30-Jan-2025,2025-01-30,1890.00,PE,0.00,0.00,0.00,106.60,172.60,0,0.00,36850,0,06-JAN-2025
OPTSTK,HDFCBANK,30-Jan-2025,2025-01-30,2000.00,PE,272.00,283.00,272.00,283.00,280.70,2,25.0525,224950,0,06-JAN-2025
OPTSTK,APOLLOTYRE,30-Jan-2025,2025-01-30,440.00,CE,0.00,0.00,0.00,81.45,63.20,0,0.00,0,0,06-JAN-2025
OPTSTK,APOLLOTYRE,27-Mar-2025,2025-03-27,440.00,CE,0.00,0.00,0.00,114.05,71.95,0,0.00,0,0,06-JAN-2025
OPTSTK,APOLLOTYRE,27-Feb-2025,2025-02-27,520.00,PE,0.00,0.00,0.00,16.00,30.10,0,0.00,1700,0,06-JAN-2025
OPTSTK,APOLLOTYRE,30-Jan-2025,2025-01-30,570.00,CE,1.55,1.55,0.75,0.85,0.85,383,3717.36025,442000,-100300,06-JAN-2025
OPTSTK,HDFCBANK,27-Feb-2025,2025-02-27,1760.00,CE,56.30,59.90,37.75,39.05,39.05,191,1898.16522,74800,44000,06-JAN-2025
OPTSTK,HDFCBANK,30-Jan-2025,2025-01-30,1880.00,PE,141.00,164.35,141.00,164.35,163.05,7,78.407725,65450,-2750,06-JAN-2025
OPTSTK,APOLLOTYRE,30-Jan-2025,2025-01-30,600.00,CE,0.50,0.55,0.35,0.40,0.40,62,632.859,833000,-10200,06-JAN-2025
OPTSTK,HDFCBANK,27-Feb-2025,2025-02-27,1620.00,PE,18.00,18.00,18.00,18.00,15.60,1,9.009,550,550,06-JAN-2025
OPTSTK,HDFCBANK,30-Jan-2025,2025-01-30,1620.00,CE,0.00,0.00,0.00,190.00,103.90,0,0.00,550,0,06-JAN-2025
OPTSTK,APOLLOTYRE,30-Jan-2025,2025-01-30,460.00,PE,1.45,3.20,1.20,3.00,3.00,564,4432.036,290700,28900,06-JAN-2025
OPTSTK,APOLLOTYRE,27-Mar-2025,2025-03-27,460.00,CE,0.00,0.00,0.00,97.15,56.25,0,0.00,0,0,06-JAN-2025
OPTSTK,HDFCBANK,27-Mar-2025,2025-03-27,1800.00,PE,0.00,0.00,0.00,68.95,104.45,0,0.00,4400,0,06-JAN-2025
OPTSTK,HDFCBANK,27-Feb-2025,2025-02-27,2080.00,CE,1.65,1.70,1.65,1.65,0.50,3,34.3475,1650,1650,06-JAN-2025
OPTSTK,HDFCBANK,30-Jan-2025,2025-01-30,1740.00,PE,40.00,52.50,24.85,49.30,49.30,8283,80989.1799,751300,-9350,06-JAN-2025
OPTSTK,HDFCBANK,27-Feb-2025,2025-02-27,2080.00,PE,0.00,0.00,0.00,269.05,350.05,0,0.00,0,0,06-JAN-2025
OPTSTK,APOLLOTYRE,30-Jan-2025,2025-01-30,540.00,CE,5.10,5.10,2.25,2.50,2.50,1037,9575.83735,1094800,229500,06-JAN-2025
OPTSTK,APOLLOTYRE,27-Feb-2025,2025-02-27,550.00,CE,0.00,0.00,0.00,30.95,7.30,0,0.00,0,0,06-JAN-2025
OPTSTK,APOLLOTYRE,30-Jan-2025,2025-01-30,550.00,CE,3.10,3.10,1.50,1.70,1.70,1265,11873.5701,1166200,98600,06-JAN-2025
OPTSTK,APOLLOTYRE,27-Feb-2025,2025-02-27,550.00,PE,0.00,0.00,0.00,31.85,51.30,0,0.00,0,0,06-JAN-2025
OPTSTK,HDFCBANK,27-Feb-2025,2025-02-27,1940.00,CE,0.00,0.00,0.00,48.70,4.55,0,0.00,0,0,06-JAN-2025
OPTSTK,HDFCBANK,30-Jan-2025,2025-01-30,1720.00,PE,25.00,41.80,18.25,38.80,38.80,7254,69894.1669,566500,100650,06-JAN-2025
OPTSTK,HDFCBANK,27-Feb-2025,2025-02-27,1680.00,PE,18.85,33.80,17.60,31.35,31.35,126,1184.3579,52250,34100,06-JAN-2025
OPTSTK,HDFCBANK,30-Jan-2025,2025-01-30,1820.00,PE,75.05,109.70,69.05,107.25,107.25,134,1410.66475,568700,-6050,06-JAN-2025
OPTSTK,APOLLOTYRE,27-Feb-2025,2025-02-27,440.00,CE,0.00,0.00,0.00,86.45,67.45,0,0.00,0,0,06-JAN-2025
OPTSTK,HDFCBANK,27-Feb-2025,2025-02-27,1900.00,CE,9.00,13.40,7.95,8.30,8.30,382,4012.61492,342650,48400,06-JAN-2025
OPTSTK,HDFCBANK,27-Feb-2025,2025-02-27,1860.00,PE,0.00,0.00,0.00,85.30,144.95,0,0.00,550,0,06-JAN-2025
OPTSTK,M&M,27-Feb-2025,2025-02-27,2850.00,PE,0.00,0.00,0.00,102.35,37.85,0,0.00,0,0,06-JAN-2025
OPTSTK,M&M,30-Jan-2025,2025-01-30,3050.00,CE,206.95,217.00,115.65,121.20,121.20,846,4721.71402,233800,-22925,06-JAN-2025
OPTSTK,M&M,27-Feb-2025,2025-02-27,3050.00,CE,190.15,190.15,190.15,190.15,185.75,1,5.6702625,175,175,06-JAN-2025
OPTSTK,M&M,27-Feb-2025,2025-02-27,2900.00,CE,0.00,0.00,0.00,200.00,283.25,0,0.00,175,0,06-JAN-2025
OPTSTK,M&M,27-Feb-2025,2025-02-27,2900.00,PE,48.20,54.00,45.35,54.00,54.00,39,201.297687,13650,1050,06-JAN-2025
OPTSTK,M&M,27-Mar-2025,2025-03-27,3000.00,CE,0.00,0.00,0.00,225.45,255.95,0,0.00,0,0,06-JAN-2025
OPTSTK,M&M,27-Feb-2025,2025-02-27,3400.00,PE,0.00,0.00,0.00,511.55,313.50,0,0.00,0,0,06-JAN-2025
OPTSTK,M&M,27-Feb-2025,2025-02-27,2500.00,CE,0.00,0.00,0.00,491.90,632.40,0,0.00,0,0,06-JAN-2025
OPTSTK,M&M,30-Jan-2025,2025-01-30,2500.00,PE,1.30,2.50,1.25,1.85,1.85,111,486.015425,124425,-4025,06-JAN-2025
OPTSTK,M&M,30-Jan-2025,2025-01-30,2800.00,CE,347.00,347.00,315.00,315.00,315.00,2,10.9585,20125,-350,06-JAN-2025
OPTSTK,M&M,30-Jan-2025,2025-01-30,3700.00,CE,4.40,5.65,2.50,2.70,2.70,1544,10007.3607,89250,32025,06-JAN-2025
OPTSTK,M&M,27-Feb-2025,2025-02-27,3700.00,PE,0.00,0.00,0.00,765.50,571.45,0,0.00,0,0,06-JAN-2025
OPTSTK,M&M,27-Feb-2025,2025-02-27,3250.00,CE,0.00,0.00,0.00,130.15,94.10,0,0.00,175,0,06-JAN-2025
OPTSTK,M&M,30-Jan-2025,2025-01-30,2700.00,CE,432.00,432.00,432.00,432.00,420.35,1,5.481,23800,0,06-JAN-2025
OPTSTK,M&M,27-Feb-2025,2025-02-27,2700.00,CE,0.00,0.00,0.00,349.25,446.05,0,0.00,0,0,06-JAN-2025
OPTSTK,M&M,27-Mar-2025,2025-03-27,3500.00,PE,0.00,0.00,0.00,528.60,404.45,0,0.00,0,0,06-JAN-2025
OPTSTK,M&M,27-Feb-2025,2025-02-27,3500.00,PE,0.00,0.00,0.00,592.80,394.10,0,0.00,0,0,06-JAN-2025
OPTSTK,M&M,30-Jan-2025,2025-01-30,3400.00,PE,201.00,298.00,190.60,294.00,296.05,31,196.723712,9100,1050,06-JAN-2025
OPTSTK,M&M,27-Feb-2025,2025-02-27,3400.00,CE,72.85,74.55,50.00,50.05,51.70,63,381.325087,8750,-3850,06-JAN-2025
OPTSTK,M&M,27-Mar-2025,2025-03-27,3400.00,PE,0.00,0.00,0.00,450.80,329.50,0,0.00,0,0,06-JAN-2025
OPTSTK,M&M,27-Feb-2025,2025-02-27,3250.00,PE,0.00,0.00,0.00,322.75,207.30,0,0.00,0,0,06-JAN-2025
OPTSTK,M&M,30-Jan-2025,2025-01-30,3700.00,PE,0.00,0.00,0.00,837.25,579.20,0,0.00,0,0,06-JAN-2025
OPTSTK,M&M,30-Jan-2025,2025-01-30,3200.00,PE,85.30,144.30,66.05,136.80,136.80,5678,32756.1222,189000,-12600,06-JAN-2025
OPTSTK,M&M,27-Mar-2025,2025-03-27,3100.00,PE,0.00,0.00,0.00,249.60,149.15,0,0.00,0,0,06-JAN-2025
OPTSTK,M&M,27-Feb-2025,2025-02-27,3000.00,PE,55.10,80.80,50.50,75.25,75.25,51,273.737187,11725,6650,06-JAN-2025
OPTSTK,M&M,27-Feb-2025,2025-02-27,2850.00,CE,0.00,0.00,0.00,263.75,320.85,0,0.00,0,0,06-JAN-2025
OPTSTK,M&M,30-Jan-2025,2025-01-30,2700.00,PE,3.75,11.00,2.95,6.65,6.65,1517,7182.11418,154175,14350,06-JAN-2025
OPTSTK,M&M,27-Feb-2025,2025-02-27,2700.00,PE,0.00,0.00,0.00,101.90,14.55,0,0.00,0,0,06-JAN-2025
OPTSTK,M&M,27-Mar-2025,2025-03-27,3600.00,PE,0.00,0.00,0.00,610.65,485.10,0,0.00,0,0,06-JAN-2025
OPTSTK,M&M,30-Jan-2025,2025-01-30,2800.00,PE,6.60,12.30,5.20,11.40,11.40,2413,11860.0916,264950,-41475,06-JAN-2025
OPTSTK,M&M,27-Mar-2025,2025-03-27,3600.00,CE,0.00,0.00,0.00,51.30,43.70,0,0.00,0,0,06-JAN-2025
OPTSTK,M&M,30-Jan-2025,2025-01-30,2850.00,CE,339.80,339.80,292.40,298.20,282.10,9,49.673925,18725,-525,06-JAN-2025
OPTSTK,M&M,27-Mar-2025,2025-03-27,3400.00,CE,0.00,0.00,0.00,87.85,85.15,0,0.00,0,0,06-JAN-2025
OPTSTK,TRENT,30-Jan-2025,2025-01-30,7600.00,PE,498.00,656.15,498.00,629.10,629.10,27,220.0319,15700,0,06-JAN-2025
OPTSTK,TRENT,30-Jan-2025,2025-01-30,7900.00,PE,0.00,0.00,0.00,1198.05,894.45,0,0.00,0,0,06-JAN-2025
OPTSTK,TRENT,27-Mar-2025,2025-03-27,7800.00,CE,0.00,0.00,0.00,344.55,203.05,0,0.00,0,0,06-JAN-2025
OPTSTK,TRENT,27-Feb-2025,2025-02-27,7800.00,CE,139.75,145.00,137.25,145.00,145.00,3,23.822,300,100,06-JAN-2025
OPTSTK,TRENT,27-Feb-2025,2025-02-27,7800.00,PE,0.00,0.00,0.00,1163.15,848.35,0,0.00,0,0,06-JAN-2025
OPTSTK,TRENT,30-Jan-2025,2025-01-30,6400.00,PE,18.85,64.40,17.95,53.75,53.75,888,5720.62995,32400,-100,06-JAN-2025
OPTSTK,TRENT,30-Jan-2025,2025-01-30,8200.00,CE,34.70,34.70,14.10,16.10,16.10,1808,14861.4546,79300,-18600,06-JAN-2025
OPTSTK,TRENT,27-Feb-2025,2025-02-27,8200.00,PE,0.00,0.00,0.00,1476.60,1183.40,0,0.00,0,0,06-JAN-2025
FUTSTK,TRENT,27-Mar-2025,2025-03-27,,,7390.00,7397.20,7067.50,7097.20,7097.20,91,655.05755,10600,3000,06-JAN-2025
OPTSTK,TRENT,30-Jan-2025,2025-01-30,7100.00,PE,136.30,313.95,121.25,284.70,284.70,3027,22176.8620,63800,4400,06-JAN-2025
OPTSTK,TRENT,30-Jan-2025,2025-01-30,8400.00,PE,0.00,0.00,0.00,1344.15,1369.70,0,0.00,0,0,06-JAN-2025
OPTSTK,TRENT,27-Mar-2025,2025-03-27,8400.00,CE,0.00,0.00,0.00,199.00,92.75,0,0.00,0,0,06-JAN-2025
OPTSTK,TRENT,27-Feb-2025,2025-02-27,7100.00,PE,0.00,0.00,0.00,448.30,378.50,0,0.00,0,0,06-JAN-2025
OPTSTK,TRENT,27-Feb-2025,2025-02-27,6900.00,CE,0.00,0.00,0.00,603.20,444.50,0,0.00,0,0,06-JAN-2025
OPTSTK,TRENT,30-Jan-2025,2025-01-30,6900.00,PE,81.05,214.00,70.85,191.95,191.95,2299,16234.3098,63200,-800,06-JAN-2025
OPTSTK,TRENT,30-Jan-2025,2025-01-30,7500.00,PE,334.60,596.90,315.05,569.95,569.95,221,1758.00855,38300,1500,06-JAN-2025
OPTSTK,TRENT,27-Feb-2025,2025-02-27,7500.00,CE,235.90,235.90,207.35,218.00,218.00,5,38.6059,600,0,06-JAN-2025
OPTSTK,TRENT,27-Feb-2025,2025-02-27,7200.00,CE,475.00,475.00,314.95,345.65,345.65,97,736.65375,8000,5400,06-JAN-2025
OPTSTK,TRENT,27-Mar-2025,2025-03-27,7200.00,CE,0.00,0.00,0.00,500.00,403.75,0,0.00,100,0,06-JAN-2025
OPTSTK,TRENT,27-Feb-2025,2025-02-27,6200.00,CE,0.00,0.00,0.00,921.80,926.60,0,0.00,0,0,06-JAN-2025
OPTSTK,TRENT,27-Feb-2025,2025-02-27,6200.00,PE,0.00,0.00,0.00,60.00,68.95,0,0.00,1000,0,06-JAN-2025
OPTSTK,TRENT,30-Jan-2025,2025-01-30,6200.00,CE,0.00,0.00,0.00,1020.00,845.60,0,0.00,100,0,06-JAN-2025
OPTSTK,TRENT,27-Mar-2025,2025-03-27,6400.00,PE,0.00,0.00,0.00,237.40,165.20,0,0.00,0,0,06-JAN-2025
OPTSTK,TRENT,30-Jan-2025,2025-01-30,7100.00,CE,374.25,381.55,192.95,211.95,211.95,2598,19051.2984,86100,30400,06-JAN-2025
OPTSTK,TRENT,30-Jan-2025,2025-01-30,8400.00,CE,18.00,21.60,9.20,11.15,11.15,939,7899.91355,29200,12400,06-JAN-2025
OPTSTK,TRENT,27-Mar-2025,2025-03-27,7200.00,PE,500.00,500.00,500.00,500.00,499.70,1,7.7,100,100,06-JAN-2025
OPTSTK,TRENT,30-Jan-2025,2025-01-30,7200.00,CE,317.05,329.50,156.10,170.95,170.95,5027,37251.0166,120700,52500,06-JAN-2025
OPTSTK,TRENT,30-Jan-2025,2025-01-30,7200.00,PE,169.95,377.20,160.00,352.35,352.35,4213,31342.3096,83000,13400,06-JAN-2025
OPTSTK,TRENT,30-Jan-2025,2025-01-30,6500.00,CE,600.00,604.25,568.00,568.00,587.30,5,35.44725,2500,100,06-JAN-2025
OPTSTK,TRENT,30-Jan-2025,2025-01-30,7500.00,CE,174.05,183.20,78.85,86.65,86.65,7956,60580.6542,249200,36100,06-JAN-2025
OPTSTK,TRENT,27-Feb-2025,2025-02-27,7300.00,CE,309.20,309.20,275.00,275.00,275.00,2,15.1842,200,100,06-JAN-2025
OPTSTK,TRENT,30-Jan-2025,2025-01-30,7300.00,CE,260.30,273.45,124.40,137.25,137.25,5400,40409.8352,109200,18700,06-JAN-2025
OPTSTK,FEDERALBNK,27-Mar-2025,2025-03-27,200.00,CE,12.00,12.00,11.95,11.95,10.45,2,21.1975,15000,5000,06-JAN-2025
OPTSTK,FEDERALBNK,27-Feb-2025,2025-02-27,222.50,PE,0.00,0.00,0.00,25.65,24.50,0,0.00,0,0,06-JAN-2025
OPTSTK,FEDERALBNK,30-Jan-2025,2025-01-30,207.50,PE,6.85,13.35,6.60,11.90,11.90,293,3180.0225,570000,10000,06-JAN-2025
OPTSTK,FEDERALBNK,27-Feb-2025,2025-02-27,200.00,PE,8.65,8.65,8.65,8.65,8.55,1,10.4325,5000,5000,06-JAN-2025
OPTSTK,FEDERALBNK,30-Jan-2025,2025-01-30,200.00,CE,9.85,9.85,4.90,5.80,5.80,1884,19436.475,3685000,265000,06-JAN-2025
OPTSTK,FEDERALBNK,27-Mar-2025,2025-03-27,210.00,CE,0.00,0.00,0.00,9.45,6.45,0,0.00,0,0,06-JAN-2025
OPTSTK,FEDERALBNK,30-Jan-2025,2025-01-30,210.00,PE,8.05,15.35,8.05,13.60,13.60,279,3082.295,2110000,-65000,06-JAN-2025
OPTSTK,FEDERALBNK,27-Mar-2025,2025-03-27,170.00,CE,0.00,0.00,0.00,33.15,31.20,0,0.00,0,0,06-JAN-2025
OPTSTK,FEDERALBNK,27-Feb-2025,2025-02-27,187.50,CE,0.00,0.00,0.00,17.90,15.25,0,0.00,0,0,06-JAN-2025
OPTSTK,FEDERALBNK,27-Feb-2025,2025-02-27,187.50,PE,2.30,2.30,2.30,2.30,3.45,1,9.49,60000,5000,06-JAN-2025
OPTSTK,FEDERALBNK,30-Jan-2025,2025-01-30,187.50,CE,18.90,18.90,12.50,13.60,13.60,34,343.035,170000,5000,06-JAN-2025
OPTSTK,FEDERALBNK,30-Jan-2025,2025-01-30,212.50,PE,9.95,17.30,9.95,15.40,15.40,61,687.4475,255000,-20000,06-JAN-2025
OPTSTK,FEDERALBNK,27-Feb-2025,2025-02-27,197.50,CE,0.00,0.00,0.00,12.10,9.20,0,0.00,0,0,06-JAN-2025
OPTSTK,FEDERALBNK,27-Feb-2025,2025-02-27,197.50,PE,0.00,0.00,0.00,9.45,7.25,0,0.00,0,0,06-JAN-2025
OPTSTK,FEDERALBNK,30-Jan-2025,2025-01-30,197.50,CE,10.10,10.90,6.00,7.00,7.00,377,3862.6725,660000,125000,06-JAN-2025
OPTSTK,FEDERALBNK,30-Jan-2025,2025-01-30,222.50,CE,1.55,1.55,0.50,0.65,0.65,479,5348.7075,835000,150000,06-JAN-2025
OPTSTK,FEDERALBNK,27-Feb-2025,2025-02-27,205.00,PE,0.00,0.00,0.00,9.25,11.40,0,0.00,0,0,06-JAN-2025
OPTSTK,FEDERALBNK,27-Feb-2025,2025-02-27,205.00,CE,8.95,8.95,6.10,6.20,5.90,12,127.265,55000,10000,06-JAN-2025
OPTSTK,FEDERALBNK,27-Mar-2025,2025-03-27,205.00,PE,0.00,0.00,0.00,15.00,12.70,0,0.00,0,0,06-JAN-2025
OPTSTK,FEDERALBNK,30-Jan-2025,2025-01-30,205.00,CE,6.70,6.85,3.15,3.80,3.80,2199,23049.055,2445000,125000,06-JAN-2025
OPTSTK,FEDERALBNK,30-Jan-2025,2025-01-30,170.00,PE,0.20,0.50,0.20,0.40,0.40,360,3067.39,1215000,460000,06-JAN-2025
OPTSTK,FEDERALBNK,27-Mar-2025,2025-03-27,195.00,PE,0.00,0.00,0.00,9.90,7.60,0,0.00,0,0,06-JAN-2025
OPTSTK,FEDERALBNK,27-Feb-2025,2025-02-27,185.00,CE,0.00,0.00,0.00,32.60,17.05,0,0.00,0,0,06-JAN-2025
OPTSTK,FEDERALBNK,27-Mar-2025,2025-03-27,205.00,CE,0.00,0.00,0.00,11.40,8.25,0,0.00,0,0,06-JAN-2025
OPTSTK,FEDERALBNK,27-Feb-2025,2025-02-27,217.50,PE,0.00,0.00,0.00,21.85,20.35,0,0.00,0,0,06-JAN-2025
OPTSTK,FEDERALBNK,27-Mar-2025,2025-03-27,185.00,CE,0.00,0.00,0.00,22.05,19.30,0,0.00,0,0,06-JAN-2025
OPTSTK,FEDERALBNK,30-Jan-2025,2025-01-30,185.00,PE,0.85,2.45,0.70,1.85,1.85,999,9323.625,1710000,-330000,06-JAN-2025
OPTSTK,FEDERALBNK,27-Feb-2025,2025-02-27,185.00,PE,0.00,0.00,0.00,1.45,2.75,0,0.00,65000,0,06-JAN-2025
OPTSTK,FEDERALBNK,30-Jan-2025,2025-01-30,165.00,CE,0.00,0.00,0.00,43.10,33.30,0,0.00,0,0,06-JAN-2025
OPTSTK,FEDERALBNK,30-Jan-2025,2025-01-30,165.00,PE,0.15,0.25,0.15,0.20,0.20,154,1272.295,730000,680000,06-JAN-2025
OPTSTK,FEDERALBNK,27-Feb-2025,2025-02-27,220.00,PE,0.00,0.00,0.00,16.70,22.40,0,0.00,0,0,06-JAN-2025
OPTSTK,TATACOMM,30-Jan-2025,2025-01-30,1960.00,CE,3.20,3.40,2.10,2.30,1.15,31,152.118375,10750,-1750,06-JAN-2025
OPTSTK,TATACOMM,30-Jan-2025,2025-01-30,1580.00,CE,0.00,0.00,0.00,159.10,127.85,0,0.00,1750,0,06-JAN-2025
OPTSTK,TATACOMM,30-Jan-2025,2025-01-30,1500.00,PE,3.20,6.25,3.20,5.95,5.95,95,357.44575,65500,2000,06-JAN-2025
OPTSTK,TATACOMM,30-Jan-2025,2025-01-30,1560.00,PE,5.00,12.65,4.95,11.65,11.65,247,968.751875,20500,-1500,06-JAN-2025
OPTSTK,TATACOMM,27-Feb-2025,2025-02-27,1560.00,PE,0.00,0.00,0.00,36.00,18.75,0,0.00,0,0,06-JAN-2025
OPTSTK,TATACOMM,30-Jan-2025,2025-01-30,1960.00,PE,0.00,0.00,0.00,219.00,261.25,0,0.00,5000,0,06-JAN-2025
OPTSTK,TATACOMM,27-Mar-2025,2025-03-27,1680.00,PE,0.00,0.00,0.00,76.95,70.90,0,0.00,0,0,06-JAN-2025
OPTSTK,TATACOMM,27-Feb-2025,2025-02-27,1820.00,CE,0.00,0.00,0.00,70.35,31.10,0,0.00,0,0,06-JAN-2025
OPTSTK,TATACOMM,27-Feb-2025,2025-02-27,2040.00,PE,0.00,0.00,0.00,296.20,333.05,0,0.00,0,0,06-JAN-2025
OPTSTK,TATACOMM,30-Jan-2025,2025-01-30,1640.00,PE,15.30,31.45,14.85,29.00,29.00,346,1439.93725,34250,4000,06-JAN-2025
OPTSTK,TATACOMM,30-Jan-2025,2025-01-30,1640.00,CE,90.70,100.95,90.70,100.80,82.55,3,13.031125,5250,500,06-JAN-2025
OPTSTK,TATACOMM,30-Jan-2025,2025-01-30,1840.00,CE,15.15,20.00,8.90,9.75,9.75,861,3988.03387,57250,-11500,06-JAN-2025
OPTSTK,TATACOMM,27-Feb-2025,2025-02-27,1840.00,PE,0.00,0.00,0.00,154.50,157.50,0,0.00,0,0,06-JAN-2025
OPTSTK,TATACOMM,30-Jan-2025,2025-01-30,1720.00,CE,61.60,68.50,38.00,41.55,41.55,481,2126.85537,117750,500,06-JAN-2025
OPTSTK,TATACOMM,27-Feb-2025,2025-02-27,1720.00,CE,0.00,0.00,0.00,147.30,65.70,0,0.00,0,0,06-JAN-2025
OPTSTK,TATACOMM,30-Jan-2025,2025-01-30,1720.00,PE,38.60,67.75,35.65,63.85,63.85,484,2144.36075,75500,4500,06-JAN-2025
OPTSTK,TATACOMM,27-Feb-2025,2025-02-27,1720.00,PE,0.00,0.00,0.00,91.20,78.05,0,0.00,0,0,06-JAN-2025
OPTSTK,TATACOMM,27-Mar-2025,2025-03-27,1720.00,CE,0.00,0.00,0.00,138.85,86.95,0,0.00,0,0,06-JAN-2025
OPTSTK,TATACOMM,27-Feb-2025,2025-02-27,1480.00,CE,0.00,0.00,0.00,311.70,232.20,0,0.00,0,0,06-JAN-2025
OPTSTK,TATACOMM,30-Jan-2025,2025-01-30,1600.00,CE,106.35,106.35,106.35,106.35,111.70,1,4.265875,7750,250,06-JAN-2025
OPTSTK,TATACOMM,27-Feb-2025,2025-02-27,1740.00,PE,0.00,0.00,0.00,89.40,89.35,0,0.00,0,0,06-JAN-2025
OPTSTK,TATACOMM,30-Jan-2025,2025-01-30,1740.00,CE,50.60,57.70,30.25,33.00,33.00,694,3092.17675,73500,10750,06-JAN-2025
OPTSTK,TATACOMM,27-Feb-2025,2025-02-27,1860.00,CE,0.00,0.00,0.00,56.80,22.20,0,0.00,0,0,06-JAN-2025
OPTSTK,TATACOMM,30-Jan-2025,2025-01-30,1760.00,CE,42.25,48.35,23.75,26.10,26.10,613,2748.66825,96250,1500,06-JAN-2025
OPTSTK,TATACOMM,30-Jan-2025,2025-01-30,1800.00,CE,27.15,31.85,14.55,16.20,16.20,1620,7377.52225,310500,-40750,06-JAN-2025
OPTSTK,TATACOMM,27-Mar-2025,2025-03-27,1800.00,PE,0.00,0.00,0.00,135.80,137.80,0,0.00,0,0,06-JAN-2025
OPTSTK,TATACOMM,27-Feb-2025,2025-02-27,1780.00,PE,0.00,0.00,0.00,110.55,114.40,0,0.00,0,0,06-JAN-2025
OPTSTK,TATACOMM,30-Jan-2025,2025-01-30,1780.00,CE,32.95,38.00,19.15,20.75,20.75,405,1830.3115,29000,-1500,06-JAN-2025
OPTSTK,TATACOMM,30-Jan-2025,2025-01-30,2120.00,CE,0.75,0.75,0.70,0.70,0.05,5,26.509125,22000,0,06-JAN-2025
OPTSTK,TATACOMM,27-Feb-2025,2025-02-27,2000.00,CE,0.00,0.00,0.00,46.05,5.80,0,0.00,0,0,06-JAN-2025
OPTSTK,TATACOMM,27-Feb-2025,2025-02-27,1920.00,CE,0.00,0.00,0.00,66.05,12.85,0,0.00,0,0,06-JAN-2025
OPTSTK,ADANIENT,27-Feb-2025,2025-02-27,2320.00,CE,0.00,0.00,0.00,397.35,293.20,0,0.00,0,0,06-JAN-2025
OPTSTK,ADANIENT,27-Mar-2025,2025-03-27,2320.00,PE,0.00,0.00,0.00,240.45,155.05,0,0.00,0,0,06-JAN-2025
OPTSTK,ADANIENT,30-Jan-2025,2025-01-30,2280.00,PE,18.20,32.85,17.60,30.90,30.90,96,664.6815,54600,-5100,06-JAN-2025
OPTSTK,ADANIENT,30-Jan-2025,2025-01-30,2220.00,PE,17.60,26.85,16.45,24.05,24.05,152,1022.82465,136800,-16500,06-JAN-2025
OPTSTK,ADANIENT,27-Feb-2025,2025-02-27,2160.00,PE,0.00,0.00,0.00,168.70,64.15,0,0.00,0,0,06-JAN-2025
OPTSTK,ADANIENT,30-Jan-2025,2025-01-30,2440.00,CE,163.80,163.80,113.25,114.00,114.00,57,438.15315,97500,-4500,06-JAN-2025
OPTSTK,ADANIENT,30-Jan-2025,2025-01-30,2260.00,PE,18.80,31.60,18.80,28.90,28.90,195,1337.0805,84300,3000,06-JAN-2025
OPTSTK,ADANIENT,30-Jan-2025,2025-01-30,2800.00,PE,245.00,324.85,245.00,323.35,323.35,83,770.57895,2753100,-3000,06-JAN-2025
OPTSTK,ADANIENT,30-Jan-2025,2025-01-30,2640.00,CE,62.40,62.40,31.50,33.95,33.95,793,6373.8639,149100,-46800,06-JAN-2025
OPTSTK,ADANIENT,27-Mar-2025,2025-03-27,2600.00,CE,149.00,149.00,149.00,149.00,210.05,1,8.247,2700,-300,06-JAN-2025
OPTSTK,ADANIENT,30-Jan-2025,2025-01-30,2600.00,CE,74.40,77.10,41.00,44.50,44.50,4971,39556.497,914700,79200,06-JAN-2025
OPTSTK,ADANIENT,30-Jan-2025,2025-01-30,2600.00,PE,100.00,163.45,91.40,156.25,156.25,1284,10497.2691,430500,-37200,06-JAN-2025
OPTSTK,ADANIENT,27-Mar-2025,2025-03-27,2600.00,PE,190.00,190.00,190.00,190.00,297.45,2,16.74,600,600,06-JAN-2025
OPTSTK,ADANIENT,30-Jan-2025,2025-01-30,2080.00,PE,11.45,15.00,11.45,15.00,14.25,16,100.4577,42900,-900,06-JAN-2025
OPTSTK,ADANIENT,30-Jan-2025,2025-01-30,2080.00,CE,0.00,0.00,0.00,936.80,417.85,0,0.00,0,0,06-JAN-2025
OPTSTK,ADANIENT,30-Jan-2025,2025-01-30,3000.00,CE,7.25,7.25,4.05,4.60,4.60,1300,11719.6512,834000,-73500,06-JAN-2025
OPTSTK,ADANIENT,30-Jan-2025,2025-01-30,1800.00,PE,3.45,5.40,3.00,4.70,4.70,109,589.9005,92100,5700,06-JAN-2025
OPTSTK,ADANIENT,30-Jan-2025,2025-01-30,2040.00,CE,0.00,0.00,0.00,300.60,453.80,0,0.00,0,0,06-JAN-2025
OPTSTK,ADANIENT,27-Feb-2025,2025-02-27,2040.00,CE,0.00,0.00,0.00,559.30,491.35,0,0.00,0,0,06-JAN-2025
OPTSTK,ADANIENT,27-Feb-2025,2025-02-27,2260.00,CE,0.00,0.00,0.00,338.85,330.60,0,0.00,0,0,06-JAN-2025
OPTSTK,ADANIENT,27-Feb-2025,2025-02-27,2540.00,PE,0.00,0.00,0.00,317.60,222.30,0,0.00,0,0,06-JAN-2025
OPTSTK,ADANIENT,30-Jan-2025,2025-01-30,2540.00,PE,70.15,123.70,65.00,117.25,117.25,1646,12997.7418,151500,-18900,06-JAN-2025
FUTSTK,ADANIENT,27-Feb-2025,2025-02-27,,,2585.30,2598.10,2490.40,2501.90,2501.90,479,3638.0898,323400,1500,06-JAN-2025
OPTSTK,ADANIENT,27-Feb-2025,2025-02-27,2640.00,PE,0.00,0.00,0.00,415.60,282.70,0,0.00,0,0,06-JAN-2025
OPTSTK,ADANIENT,27-Feb-2025,2025-02-27,2640.00,CE,0.00,0.00,0.00,150.00,142.35,0,0.00,900,0,06-JAN-2025
OPTSTK,ADANIENT,27-Mar-2025,2025-03-27,2640.00,CE,0.00,0.00,0.00,230.60,194.90,0,0.00,0,0,06-JAN-2025
OPTSTK,ADANIENT,27-Feb-2025,2025-02-27,2960.00,PE,0.00,0.00,0.00,392.00,518.25,0,0.00,600,0,06-JAN-2025
OPTSTK,ADANIENT,27-Mar-2025,2025-03-27,2960.00,CE,0.00,0.00,0.00,142.45,103.35,0,0.00,0,0,06-JAN-2025
OPTSTK,ADANIENT,30-Jan-2025,2025-01-30,2960.00,PE,455.00,460.65,455.00,460.65,490.40,2,20.50695,280800,600,06-JAN-2025
OPTSTK,ADANIENT,27-Mar-2025,2025-03-27,2000.00,CE,0.00,0.00,0.00,548.05,558.40,0,0.00,0,0,06-JAN-2025
OPTSTK,ADANIENT,30-Jan-2025,2025-01-30,2320.00,PE,0.00,0.00,0.00,20.15,64.80,0,0.00,40800,0,06-JAN-2025
OPTSTK,HINDCOPPER,27-Mar-2025,2025-03-27,230.00,CE,0.00,0.00,0.00,50.10,25.40,0,0.00,0,0,06-JAN-2025
OPTSTK,HINDCOPPER,30-Jan-2025,2025-01-30,220.00,PE,1.40,3.50,1.25,3.20,3.20,435,2564.4368,506150,140450,06-JAN-2025
OPTSTK,HINDCOPPER,27-Feb-2025,2025-02-27,220.00,PE,0.00,0.00,0.00,8.20,8.95,0,0.00,0,0,06-JAN-2025
OPTSTK,GODREJPROP,27-Feb-2025,2025-02-27,2900.00,CE,0.00,0.00,0.00,85.50,60.70,0,0.00,3150,0,06-JAN-2025
OPTSTK,GODREJPROP,30-Jan-2025,2025-01-30,2900.00,PE,178.75,288.80,165.70,288.80,292.75,63,446.27985,73125,-2250,06-JAN-2025
OPTSTK,GODREJPROP,30-Jan-2025,2025-01-30,2900.00,CE,41.00,44.80,17.45,18.70,18.70,1563,10293.966,234675,33075,06-JAN-2025
OPTSTK,HINDCOPPER,30-Jan-2025,2025-01-30,320.00,PE,0.00,0.00,0.00,70.35,83.00,0,0.00,60950,0,06-JAN-2025
OPTSTK,HINDCOPPER,30-Jan-2025,2025-01-30,295.00,CE,0.30,0.40,0.30,0.40,0.45,12,93.9107,119250,-2650,06-JAN-2025
OPTSTK,HINDCOPPER,27-Feb-2025,2025-02-27,250.00,PE,0.00,0.00,0.00,17.80,24.00,0,0.00,0,0,06-JAN-2025
OPTSTK,HINDCOPPER,27-Feb-2025,2025-02-27,250.00,CE,0.00,0.00,0.00,47.15,12.05,0,0.00,0,0,06-JAN-2025
OPTSTK,HINDCOPPER,30-Jan-2025,2025-01-30,235.00,CE,10.60,10.60,8.50,9.50,9.50,84,544.284825,100700,98050,06-JAN-2025
OPTSTK,GODREJPROP,27-Mar-2025,2025-03-27,3200.00,PE,0.00,0.00,0.00,438.40,575.35,0,0.00,0,0,06-JAN-2025
OPTSTK,HINDCOPPER,27-Feb-2025,2025-02-27,205.00,CE,0.00,0.00,0.00,64.40,37.15,0,0.00,0,0,06-JAN-2025
OPTSTK,HINDCOPPER,27-Feb-2025,2025-02-27,205.00,PE,0.00,0.00,0.00,3.65,4.50,0,0.00,0,0,06-JAN-2025
OPTSTK,HINDCOPPER,30-Jan-2025,2025-01-30,315.00,CE,0.00,0.00,0.00,0.20,0.10,0,0.00,174900,0,06-JAN-2025
OPTSTK,HINDCOPPER,30-Jan-2025,2025-01-30,250.00,PE,10.95,17.55,9.65,16.95,16.95,273,1910.11602,1067950,-92750,06-JAN-2025
OPTSTK,HINDCOPPER,30-Jan-2025,2025-01-30,285.00,CE,1.55,1.55,0.65,0.70,0.70,36,272.776425,336550,23850,06-JAN-2025
OPTSTK,HINDCOPPER,27-Feb-2025,2025-02-27,285.00,PE,0.00,0.00,0.00,35.65,50.50,0,0.00,0,0,06-JAN-2025
OPTSTK,GODREJPROP,27-Feb-2025,2025-02-27,2300.00,CE,0.00,0.00,0.00,610.70,369.10,0,0.00,0,0,06-JAN-2025
OPTSTK,GODREJPROP,30-Jan-2025,2025-01-30,2700.00,CE,126.00,135.00,60.95,65.10,65.10,1345,8418.93378,105975,76725,06-JAN-2025
OPTSTK,GODREJPROP,27-Feb-2025,2025-02-27,2750.00,PE,0.00,0.00,0.00,147.35,212.20,0,0.00,0,0,06-JAN-2025
OPTSTK,GODREJPROP,30-Jan-2025,2025-01-30,2750.00,CE,98.75,106.50,46.00,48.50,48.50,1298,8238.37601,90450,37350,06-JAN-2025
OPTSTK,HINDCOPPER,30-Jan-2025,2025-01-30,255.00,PE,13.30,21.50,13.10,20.95,20.95,118,849.811275,270300,15900,06-JAN-2025
OPTSTK,HINDCOPPER,30-Jan-2025,2025-01-30,270.00,PE,25.00,35.10,25.00,34.20,34.20,43,345.622275,413400,-66250,06-JAN-2025
OPTSTK,HINDCOPPER,30-Jan-2025,2025-01-30,300.00,CE,0.70,0.70,0.45,0.50,0.50,338,2691.90047,2006050,100700,06-JAN-2025
OPTSTK,HINDCOPPER,27-Feb-2025,2025-02-27,220.00,CE,0.00,0.00,0.00,67.05,26.70,0,0.00,0,0,06-JAN-2025
OPTSTK,GODREJPROP,27-Feb-2025,2025-02-27,3200.00,PE,0.00,0.00,0.00,405.00,570.50,0,0.00,450,0,06-JAN-2025
OPTSTK,GODREJPROP,27-Feb-2025,2025-02-27,2950.00,PE,0.00,0.00,0.00,247.35,355.65,0,0.00,0,0,06-JAN-2025
OPTSTK,GODREJPROP,30-Jan-2025,2025-01-30,2950.00,PE,274.35,274.35,274.35,274.35,336.30,1,7.2547875,1800,225,06-JAN-2025
OPTSTK,HINDCOPPER,30-Jan-2025,2025-01-30,230.00,PE,2.80,6.30,2.60,5.80,5.80,928,5773.56825,938100,291500,06-JAN-2025
OPTSTK,HINDCOPPER,27-Feb-2025,2025-02-27,230.00,CE,0.00,0.00,0.00,59.90,20.90,0,0.00,0,0,06-JAN-2025
OPTSTK,PVRINOX,27-Feb-2025,2025-02-27,1460.00,CE,0.00,0.00,0.00,37.05,6.10,0,0.00,0,0,06-JAN-2025
OPTSTK,PVRINOX,30-Jan-2025,2025-01-30,1460.00,CE,5.35,5.35,2.95,3.15,3.15,275,1638.01382,52910,8954,06-JAN-2025
OPTSTK,PVRINOX,27-Feb-2025,2025-02-27,1260.00,PE,0.00,0.00,0.00,35.85,52.65,0,0.00,0,0,06-JAN-2025
OPTSTK,PVRINOX,30-Jan-2025,2025-01-30,1280.00,CE,51.35,52.65,27.75,31.05,31.05,545,2916.43583,40700,13431,06-JAN-2025
OPTSTK,PVRINOX,30-Jan-2025,2025-01-30,1280.00,PE,28.95,61.00,27.00,52.10,52.10,447,2414.86612,55352,2035,06-JAN-2025
OPTSTK,PVRINOX,30-Jan-2025,2025-01-30,1360.00,PE,82.50,117.00,78.90,112.50,112.50,133,797.187644,80179,-5291,06-JAN-2025
OPTSTK,PVRINOX,30-Jan-2025,2025-01-30,1560.00,CE,1.65,2.10,1.60,1.60,0.05,14,88.984445,34595,-4477,06-JAN-2025
FUTSTK,PVRINOX,27-Feb-2025,2025-02-27,,,1320.80,1320.85,1255.65,1265.60,1265.60,381,1983.14453,281644,24013,06-JAN-2025
OPTSTK,PVRINOX,30-Jan-2025,2025-01-30,1180.00,CE,0.00,0.00,0.00,355.90,85.75,0,0.00,0,0,06-JAN-2025
OPTSTK,PVRINOX,30-Jan-2025,2025-01-30,1180.00,PE,4.75,17.00,4.75,14.00,14.00,647,3140.59494,63492,3663,06-JAN-2025
OPTSTK,PVRINOX,30-Jan-2025,2025-01-30,1220.00,CE,77.80,77.80,56.95,63.75,63.75,43,224.721997,6919,6919,06-JAN-2025
OPTSTK,PVRINOX,30-Jan-2025,2025-01-30,1340.00,PE,59.55,96.60,59.55,94.00,94.00,105,607.283886,120879,-15466,06-JAN-2025
OPTSTK,PVRINOX,30-Jan-2025,2025-01-30,1220.00,PE,11.15,30.35,11.15,25.10,25.10,727,3674.09929,94017,60643,06-JAN-2025
OPTSTK,PVRINOX,30-Jan-2025,2025-01-30,1520.00,PE,0.00,0.00,0.00,181.50,262.70,0,0.00,1628,0,06-JAN-2025
OPTSTK,PVRINOX,30-Jan-2025,2025-01-30,1400.00,CE,12.75,13.20,5.85,6.20,6.20,2043,11703.5119,565730,124542,06-JAN-2025
OPTSTK,PVRINOX,27-Feb-2025,2025-02-27,1300.00,PE,53.55,83.00,53.55,83.00,83.00,10,55.4681985,4884,3256,06-JAN-2025
OPTSTK,PVRINOX,30-Jan-2025,2025-01-30,1300.00,CE,45.95,48.00,21.40,23.80,23.80,1875,10140.0380,288563,-19943,06-JAN-2025
OPTSTK,PVRINOX,27-Feb-2025,2025-02-27,1200.00,PE,0.00,0.00,0.00,6.10,27.40,0,0.00,0,0,06-JAN-2025
OPTSTK,PVRINOX,30-Jan-2025,2025-01-30,1200.00,PE,7.50,22.90,6.65,19.00,19.00,1513,7493.42372,238909,50875,06-JAN-2025
OPTSTK,PVRINOX,27-Feb-2025,2025-02-27,1200.00,CE,0.00,0.00,0.00,346.90,89.55,0,0.00,0,0,06-JAN-2025
OPTSTK,PVRINOX,30-Jan-2025,2025-01-30,1620.00,CE,0.00,0.00,0.00,55.00,0.05,0,0.00,1221,0,06-JAN-2025
OPTSTK,PVRINOX,27-Feb-2025,2025-02-27,1440.00,PE,0.00,0.00,0.00,53.35,183.45,0,0.00,0,0,06-JAN-2025
OPTSTK,PVRINOX,30-Jan-2025,2025-01-30,1440.00,PE,0.00,0.00,0.00,127.40,184.15,0,0.00,9768,0,06-JAN-2025
OPTSTK,PVRINOX,30-Jan-2025,2025-01-30,1200.00,CE,102.00,108.50,69.55,76.75,76.75,178,927.567448,49654,48433,06-JAN-2025
OPTSTK,PVRINOX,27-Feb-2025,2025-02-27,1440.00,CE,0.00,0.00,0.00,158.45,7.95,0,0.00,0,0,06-JAN-2025
OPTSTK,PVRINOX,27-Feb-2025,2025-02-27,1240.00,PE,49.95,49.95,49.95,49.95,43.10,1,5.2500965,1628,407,06-JAN-2025
OPTSTK,PVRINOX,30-Jan-2025,2025-01-30,1240.00,CE,73.40,73.45,45.60,51.00,51.00,318,1674.73560,74888,54131,06-JAN-2025
OPTSTK,PVRINOX,27-Feb-2025,2025-02-27,1340.00,PE,0.00,0.00,0.00,68.65,102.10,0,0.00,0,0,06-JAN-2025
OPTSTK,PVRINOX,30-Jan-2025,2025-01-30,1520.00,CE,2.80,2.85,1.75,2.15,2.15,18,111.537129,28897,1628,06-JAN-2025
OPTSTK,PVRINOX,30-Jan-2025,2025-01-30,1160.00,PE,2.95,12.45,2.80,10.55,10.55,1238,5889.43692,135938,-26455,06-JAN-2025
OPTSTK,PVRINOX,30-Jan-2025,2025-01-30,1380.00,PE,88.20,88.20,88.20,88.20,127.85,1,5.975574,40293,0,06-JAN-2025
OPTSTK,POLYCAB,30-Jan-2025,2025-01-30,6500.00,CE,0.00,0.00,0.00,705.00,542.55,0,0.00,625,0,06-JAN-2025
OPTSTK,POLYCAB,30-Jan-2025,2025-01-30,8600.00,PE,0.00,0.00,0.00,1689.90,1615.45,0,0.00,0,0,06-JAN-2025
FUTSTK,POLYCAB,30-Jan-2025,2025-01-30,,,7293.40,7293.40,6960.00,6982.75,6982.75,5653,50115.2181,1582250,90000,06-JAN-2025
OPTSTK,POLYCAB,27-Mar-2025,2025-03-27,7000.00,PE,0.00,0.00,0.00,434.50,407.15,0,0.00,0,0,06-JAN-2025
OPTSTK,POLYCAB,30-Jan-2025,2025-01-30,7000.00,PE,149.00,255.55,131.05,245.60,245.60,1428,12842.7851,64500,125,06-JAN-2025
OPTSTK,POLYCAB,27-Feb-2025,2025-02-27,8100.00,PE,0.00,0.00,0.00,1041.30,1134.20,0,0.00,0,0,06-JAN-2025
OPTSTK,POLYCAB,27-Feb-2025,2025-02-27,8100.00,CE,0.00,0.00,0.00,187.45,59.85,0,0.00,0,0,06-JAN-2025
OPTSTK,POLYCAB,27-Mar-2025,2025-03-27,7000.00,CE,0.00,0.00,0.00,705.50,458.05,0,0.00,0,0,06-JAN-2025
OPTSTK,POLYCAB,30-Jan-2025,2025-01-30,7000.00,CE,316.00,316.00,224.10,233.20,233.20,316,2867.21018,23000,7375,06-JAN-2025
OPTSTK,POLYCAB,27-Feb-2025,2025-02-27,7000.00,PE,242.00,289.60,242.00,289.60,341.95,6,54.407,2250,-125,06-JAN-2025
OPTSTK,POLYCAB,27-Feb-2025,2025-02-27,7000.00,CE,0.00,0.00,0.00,722.45,357.00,0,0.00,0,0,06-JAN-2025
OPTSTK,POLYCAB,30-Jan-2025,2025-01-30,7600.00,CE,92.45,94.95,48.60,51.80,51.80,904,8666.00081,58750,15500,06-JAN-2025
OPTSTK,POLYCAB,30-Jan-2025,2025-01-30,6000.00,CE,0.00,0.00,0.00,1182.00,983.35,0,0.00,3250,0,06-JAN-2025
OPTSTK,POLYCAB,27-Feb-2025,2025-02-27,7600.00,PE,0.00,0.00,0.00,768.20,724.70,0,0.00,0,0,06-JAN-2025
OPTSTK,POLYCAB,30-Jan-2025,2025-01-30,6400.00,PE,28.45,59.10,28.45,55.85,55.85,144,1159.96056,31375,-1250,06-JAN-2025
OPTSTK,POLYCAB,30-Jan-2025,2025-01-30,6000.00,PE,10.80,21.00,10.80,19.95,19.95,100,752.01925,10375,750,06-JAN-2025
OPTSTK,POLYCAB,27-Mar-2025,2025-03-27,6000.00,CE,0.00,0.00,0.00,1369.35,1114.85,0,0.00,0,0,06-JAN-2025
OPTSTK,POLYCAB,30-Jan-2025,2025-01-30,7600.00,PE,480.00,672.35,470.60,662.00,662.00,223,2265.74493,24750,21625,06-JAN-2025
OPTSTK,POLYCAB,27-Feb-2025,2025-02-27,8000.00,CE,0.00,0.00,0.00,90.00,72.15,0,0.00,1250,0,06-JAN-2025
OPTSTK,POLYCAB,30-Jan-2025,2025-01-30,8000.00,CE,29.85,32.45,16.35,17.50,17.50,637,6388.08687,64625,-500,06-JAN-2025
OPTSTK,POLYCAB,27-Mar-2025,2025-03-27,8000.00,PE,0.00,0.00,0.00,1019.85,1072.15,0,0.00,0,0,06-JAN-2025
OPTSTK,POLYCAB,27-Mar-2025,2025-03-27,8000.00,CE,0.00,0.00,0.00,308.90,137.70,0,0.00,0,0,06-JAN-2025
OPTSTK,POLYCAB,27-Feb-2025,2025-02-27,8600.00,CE,0.00,0.00,0.00,36.00,21.85,0,0.00,125,0,06-JAN-2025
OPTSTK,POLYCAB,27-Mar-2025,2025-03-27,7800.00,PE,0.00,0.00,0.00,883.35,916.70,0,0.00,0,0,06-JAN-2025
OPTSTK,POLYCAB,27-Feb-2025,2025-02-27,7800.00,PE,0.00,0.00,0.00,895.10,880.75,0,0.00,0,0,06-JAN-2025
OPTSTK,POLYCAB,27-Feb-2025,2025-02-27,7800.00,CE,117.15,117.70,79.75,79.80,103.50,9,88.9494375,2125,-1125,06-JAN-2025
OPTSTK,POLYCAB,27-Feb-2025,2025-02-27,6000.00,PE,0.00,0.00,0.00,124.30,42.05,0,0.00,0,0,06-JAN-2025
OPTSTK,POLYCAB,27-Mar-2025,2025-03-27,6000.00,PE,0.00,0.00,0.00,116.40,78.65,0,0.00,0,0,06-JAN-2025
OPTSTK,POLYCAB,30-Jan-2025,2025-01-30,6300.00,PE,22.00,45.00,22.00,42.15,42.15,61,483.155625,10375,2875,06-JAN-2025
OPTSTK,POLYCAB,27-Mar-2025,2025-03-27,8200.00,CE,0.00,0.00,0.00,257.70,104.60,0,0.00,0,0,06-JAN-2025
OPTSTK,POLYCAB,30-Jan-2025,2025-01-30,8200.00,CE,17.10,18.00,10.10,10.40,10.40,62,636.555375,19250,1875,06-JAN-2025
OPTSTK,POLYCAB,27-Mar-2025,2025-03-27,8200.00,PE,0.00,0.00,0.00,1165.00,1236.10,0,0.00,0,0,06-JAN-2025
OPTSTK,AMBUJACEM,30-Jan-2025,2025-01-30,595.00,PE,0.00,0.00,0.00,56.15,65.35,0,0.00,0,0,06-JAN-2025
OPTSTK,TVSMOTOR,27-Mar-2025,2025-03-27,2320.00,CE,0.00,0.00,0.00,241.05,191.50,0,0.00,0,0,06-JAN-2025
OPTSTK,TVSMOTOR,27-Feb-2025,2025-02-27,2320.00,PE,0.00,0.00,0.00,62.80,47.35,0,0.00,0,0,06-JAN-2025
OPTSTK,AMBUJACEM,27-Feb-2025,2025-02-27,595.00,CE,0.00,0.00,0.00,24.45,9.45,0,0.00,0,0,06-JAN-2025
OPTSTK,AMBUJACEM,30-Jan-2025,2025-01-30,595.00,CE,2.40,2.40,1.05,1.15,1.15,144,773.00235,74700,-11700,06-JAN-2025
OPTSTK,AMBUJACEM,27-Feb-2025,2025-02-27,595.00,PE,0.00,0.00,0.00,63.20,68.85,0,0.00,0,0,06-JAN-2025
OPTSTK,AMBUJACEM,27-Feb-2025,2025-02-27,495.00,CE,0.00,0.00,0.00,74.80,51.90,0,0.00,0,0,06-JAN-2025
OPTSTK,AMBUJACEM,30-Jan-2025,2025-01-30,600.00,CE,2.00,2.05,0.80,0.95,0.95,1135,6140.4273,1406700,-157500,06-JAN-2025
OPTSTK,TVSMOTOR,30-Jan-2025,2025-01-30,2460.00,CE,90.20,90.20,56.00,59.15,59.15,103,911.940575,34650,-2800,06-JAN-2025
OPTSTK,TVSMOTOR,27-Feb-2025,2025-02-27,2040.00,CE,0.00,0.00,0.00,433.30,396.70,0,0.00,0,0,06-JAN-2025
OPTSTK,TVSMOTOR,27-Feb-2025,2025-02-27,2180.00,PE,0.00,0.00,0.00,27.00,15.35,0,0.00,0,0,06-JAN-2025
OPTSTK,AMBUJACEM,27-Feb-2025,2025-02-27,535.00,CE,0.00,0.00,0.00,49.90,28.80,0,0.00,0,0,06-JAN-2025
OPTSTK,AMBUJACEM,30-Jan-2025,2025-01-30,535.00,CE,22.85,22.95,13.25,14.05,14.05,342,1694.22345,94500,45900,06-JAN-2025
OPTSTK,TVSMOTOR,30-Jan-2025,2025-01-30,2180.00,PE,6.35,6.35,3.85,6.10,4.00,5,38.2445,28000,-350,06-JAN-2025
OPTSTK,TVSMOTOR,27-Feb-2025,2025-02-27,2180.00,CE,0.00,0.00,0.00,312.90,270.00,0,0.00,0,0,06-JAN-2025
OPTSTK,TVSMOTOR,30-Jan-2025,2025-01-30,2180.00,CE,0.00,0.00,0.00,285.65,247.45,0,0.00,0,0,06-JAN-2025
OPTSTK,TVSMOTOR,30-Jan-2025,2025-01-30,2550.00,CE,47.10,50.20,26.15,27.65,27.65,299,2707.6644,75950,5600,06-JAN-2025
OPTSTK,TVSMOTOR,27-Mar-2025,2025-03-27,2200.00,PE,0.00,0.00,0.00,45.20,30.50,0,0.00,0,0,06-JAN-2025
OPTSTK,TVSMOTOR,27-Feb-2025,2025-02-27,2200.00,PE,20.00,20.00,20.00,20.00,18.40,2,15.54,2100,700,06-JAN-2025
OPTSTK,TVSMOTOR,30-Jan-2025,2025-01-30,2200.00,PE,5.00,12.60,4.35,11.65,11.65,478,3695.2342,104300,9100,06-JAN-2025
OPTSTK,TVSMOTOR,30-Jan-2025,2025-01-30,2450.00,CE,102.20,102.20,57.05,59.70,59.70,363,3202.99,104650,14350,06-JAN-2025
OPTSTK,TVSMOTOR,30-Jan-2025,2025-01-30,2900.00,PE,0.00,0.00,0.00,438.50,473.60,0,0.00,1400,0,06-JAN-2025
OPTSTK,TVSMOTOR,27-Mar-2025,2025-03-27,2120.00,PE,0.00,0.00,0.00,28.85,16.90,0,0.00,0,0,06-JAN-2025
OPTSTK,TVSMOTOR,27-Mar-2025,2025-03-27,2120.00,CE,0.00,0.00,0.00,385.65,341.85,0,0.00,0,0,06-JAN-2025
OPTSTK,AMBUJACEM,27-Feb-2025,2025-02-27,510.00,PE,9.00,13.00,9.00,13.00,17.45,6,28.1835,9900,0,06-JAN-2025
OPTSTK,TVSMOTOR,27-Mar-2025,2025-03-27,2680.00,CE,0.00,0.00,0.00,79.95,43.20,0,0.00,0,0,06-JAN-2025
OPTSTK,TVSMOTOR,30-Jan-2025,2025-01-30,2680.00,CE,15.90,16.00,8.05,8.60,8.60,34,320.299525,21350,-350,06-JAN-2025
OPTSTK,TVSMOTOR,30-Jan-2025,2025-01-30,2250.00,PE,9.45,19.20,9.45,18.45,18.45,93,737.259775,40950,4200,06-JAN-2025
OPTSTK,TVSMOTOR,30-Jan-2025,2025-01-30,3000.00,PE,0.00,0.00,0.00,512.00,572.95,0,0.00,2800,0,06-JAN-2025
OPTSTK,TVSMOTOR,30-Jan-2025,2025-01-30,2740.00,CE,9.15,9.15,4.50,4.80,4.80,34,326.777675,8750,5600,06-JAN-2025
OPTSTK,TVSMOTOR,27-Feb-2025,2025-02-27,2740.00,CE,0.00,0.00,0.00,40.40,15.40,0,0.00,0,0,06-JAN-2025
OPTSTK,TVSMOTOR,27-Feb-2025,2025-02-27,2740.00,PE,0.00,0.00,0.00,307.50,315.35,0,0.00,0,0,06-JAN-2025
OPTSTK,CONCOR,27-Mar-2025,2025-03-27,880.00,CE,0.00,0.00,0.00,31.20,15.05,0,0.00,0,0,06-JAN-2025
OPTSTK,CONCOR,30-Jan-2025,2025-01-30,870.00,PE,0.00,0.00,0.00,79.25,104.75,0,0.00,8000,0,06-JAN-2025
OPTSTK,CONCOR,27-Feb-2025,2025-02-27,860.00,PE,105.00,105.00,105.00,105.00,99.10,1,9.65,0,-1000,06-JAN-2025
OPTSTK,CONCOR,30-Jan-2025,2025-01-30,830.00,CE,5.55,6.10,3.70,4.60,4.60,525,4381.204,231000,15000,06-JAN-2025
OPTSTK,CONCOR,30-Jan-2025,2025-01-30,920.00,CE,0.40,0.50,0.40,0.45,0.45,15,138.064,99000,11000,06-JAN-2025
OPTSTK,CONCOR,27-Feb-2025,2025-02-27,840.00,PE,0.00,0.00,0.00,69.85,83.30,0,0.00,0,0,06-JAN-2025
OPTSTK,CONCOR,27-Feb-2025,2025-02-27,700.00,CE,0.00,0.00,0.00,150.75,82.05,0,0.00,0,0,06-JAN-2025
OPTSTK,CONCOR,27-Feb-2025,2025-02-27,700.00,PE,0.00,0.00,0.00,16.90,11.75,0,0.00,0,0,06-JAN-2025
OPTSTK,CONCOR,27-Mar-2025,2025-03-27,700.00,CE,0.00,0.00,0.00,113.80,91.55,0,0.00,0,0,06-JAN-2025
OPTSTK,CONCOR,30-Jan-2025,2025-01-30,700.00,PE,2.20,5.90,2.20,5.15,5.15,394,2776.812,326000,21000,06-JAN-2025
OPTSTK,CONCOR,27-Mar-2025,2025-03-27,840.00,PE,0.00,0.00,0.00,91.55,88.15,0,0.00,0,0,06-JAN-2025
OPTSTK,CONCOR,30-Jan-2025,2025-01-30,980.00,CE,0.00,0.00,0.00,0.35,0.05,0,0.00,7000,0,06-JAN-2025
OPTSTK,CONCOR,27-Feb-2025,2025-02-27,800.00,CE,25.65,25.65,16.80,17.30,17.30,31,254.3515,28000,11000,06-JAN-2025
OPTSTK,CONCOR,30-Jan-2025,2025-01-30,940.00,PE,0.00,0.00,0.00,157.00,172.45,0,0.00,60000,0,06-JAN-2025
OPTSTK,CONCOR,30-Jan-2025,2025-01-30,850.00,PE,89.95,90.00,89.95,90.00,86.55,2,18.7995,211000,-2000,06-JAN-2025
OPTSTK,CONCOR,30-Jan-2025,2025-01-30,700.00,CE,70.00,73.00,68.70,70.40,70.40,5,38.516,12000,3000,06-JAN-2025
OPTSTK,CONCOR,27-Mar-2025,2025-03-27,700.00,PE,0.00,0.00,0.00,24.80,17.70,0,0.00,0,0,06-JAN-2025
OPTSTK,CONCOR,30-Jan-2025,2025-01-30,670.00,PE,2.50,2.75,2.15,2.50,2.50,22,147.9745,64000,13000,06-JAN-2025
OPTSTK,CONCOR,27-Feb-2025,2025-02-27,820.00,CE,0.00,0.00,0.00,75.50,20.05,0,0.00,0,0,06-JAN-2025
OPTSTK,CONCOR,27-Mar-2025,2025-03-27,820.00,PE,0.00,0.00,0.00,79.15,74.45,0,0.00,0,0,06-JAN-2025
OPTSTK,CONCOR,27-Mar-2025,2025-03-27,820.00,CE,0.00,0.00,0.00,50.30,30.05,0,0.00,0,0,06-JAN-2025
OPTSTK,CONCOR,27-Feb-2025,2025-02-27,770.00,CE,0.00,0.00,0.00,59.90,38.95,0,0.00,0,0,06-JAN-2025
OPTSTK,CONCOR,30-Jan-2025,2025-01-30,890.00,CE,0.00,0.00,0.00,1.35,1.20,0,0.00,60000,0,06-JAN-2025
OPTSTK,CONCOR,27-Feb-2025,2025-02-27,720.00,CE,0.00,0.00,0.00,135.95,67.75,0,0.00,0,0,06-JAN-2025
OPTSTK,CONCOR,27-Mar-2025,2025-03-27,720.00,PE,0.00,0.00,0.00,31.30,23.90,0,0.00,0,0,06-JAN-2025
OPTSTK,CONCOR,27-Feb-2025,2025-02-27,880.00,PE,0.00,0.00,0.00,93.20,115.85,0,0.00,0,0,06-JAN-2025
OPTSTK,CONCOR,30-Jan-2025,2025-01-30,850.00,CE,2.95,3.60,2.10,2.55,2.55,720,6138.3295,726000,-76000,06-JAN-2025
OPTSTK,CONCOR,30-Jan-2025,2025-01-30,980.00,PE,0.00,0.00,0.00,195.00,212.10,0,0.00,5000,0,06-JAN-2025
OPTSTK,CONCOR,30-Jan-2025,2025-01-30,720.00,CE,63.60,63.60,52.90,52.90,55.30,2,15.565,4000,1000,06-JAN-2025
OPTSTK,CONCOR,27-Feb-2025,2025-02-27,810.00,CE,0.00,0.00,0.00,41.90,23.10,0,0.00,0,0,06-JAN-2025
OPTSTK,CONCOR,27-Feb-2025,2025-02-27,780.00,PE,0.00,0.00,0.00,41.60,43.35,0,0.00,0,0,06-JAN-2025
OPTSTK,CONCOR,27-Mar-2025,2025-03-27,780.00,PE,0.00,0.00,0.00,57.00,50.40,0,0.00,0,0,06-JAN-2025
OPTSTK,ONGC,30-Jan-2025,2025-01-30,264.00,CE,5.20,5.20,2.55,3.20,3.20,3077,15832.9700,2872100,2098250,06-JAN-2025
OPTSTK,ONGC,27-Feb-2025,2025-02-27,252.50,PE,0.00,0.00,0.00,21.10,10.85,0,0.00,0,0,06-JAN-2025
OPTSTK,ONGC,30-Jan-2025,2025-01-30,252.50,CE,11.25,11.25,6.65,8.00,8.00,1110,5578.39878,1264725,-3850,06-JAN-2025
OPTSTK,ONGC,30-Jan-2025,2025-01-30,252.50,PE,3.55,6.75,3.55,5.50,5.50,2368,11752.0277,689150,-88550,06-JAN-2025
OPTSTK,ONGC,27-Feb-2025,2025-02-27,252.50,CE,0.00,0.00,0.00,12.05,15.10,0,0.00,0,0,06-JAN-2025
OPTSTK,ONGC,30-Jan-2025,2025-01-30,215.00,CE,0.00,0.00,0.00,20.65,40.50,0,0.00,3850,0,06-JAN-2025
OPTSTK,ONGC,27-Mar-2025,2025-03-27,215.00,CE,0.00,0.00,0.00,36.10,44.80,0,0.00,0,0,06-JAN-2025
OPTSTK,ONGC,27-Feb-2025,2025-02-27,215.00,PE,0.00,0.00,0.00,4.95,1.10,0,0.00,0,0,06-JAN-2025
OPTSTK,JUBLFOOD,27-Feb-2025,2025-02-27,690.00,CE,0.00,0.00,0.00,53.05,89.55,0,0.00,0,0,06-JAN-2025
OPTSTK,JUBLFOOD,27-Mar-2025,2025-03-27,600.00,PE,0.00,0.00,0.00,9.50,1.10,0,0.00,0,0,06-JAN-2025
OPTSTK,ONGC,30-Jan-2025,2025-01-30,257.50,CE,8.20,8.20,4.50,5.50,5.50,4101,20793.3870,1195425,127050,06-JAN-2025
OPTSTK,JUBLFOOD,30-Jan-2025,2025-01-30,750.00,CE,35.55,54.00,32.00,36.40,36.40,937,9283.84187,383750,-110000,06-JAN-2025
OPTSTK,ONGC,30-Jan-2025,2025-01-30,210.00,PE,0.25,0.30,0.25,0.25,0.10,46,186.207175,433125,-34650,06-JAN-2025
OPTSTK,ONGC,27-Mar-2025,2025-03-27,210.00,CE,0.00,0.00,0.00,39.70,49.10,0,0.00,0,0,06-JAN-2025
OPTSTK,ONGC,30-Jan-2025,2025-01-30,277.50,PE,20.70,20.70,20.50,20.55,24.05,3,17.2143125,5775,5775,06-JAN-2025
OPTSTK,ONGC,27-Mar-2025,2025-03-27,240.00,PE,0.00,0.00,0.00,16.65,8.20,0,0.00,0,0,06-JAN-2025
OPTSTK,ONGC,30-Jan-2025,2025-01-30,295.00,PE,0.00,0.00,0.00,44.30,39.85,0,0.00,0,0,06-JAN-2025
OPTSTK,ONGC,27-Feb-2025,2025-02-27,295.00,CE,0.00,0.00,0.00,2.65,2.45,0,0.00,0,0,06-JAN-2025
OPTSTK,JUBLFOOD,30-Jan-2025,2025-01-30,700.00,CE,81.85,96.00,68.25,75.35,75.35,156,1525.71,326250,-20000,06-JAN-2025
OPTSTK,JUBLFOOD,27-Mar-2025,2025-03-27,700.00,PE,0.00,0.00,0.00,41.35,12.90,0,0.00,0,0,06-JAN-2025
OPTSTK,JUBLFOOD,30-Jan-2025,2025-01-30,810.00,PE,40.20,54.90,33.75,49.65,49.65,69,733.41375,27500,26250,06-JAN-2025
OPTSTK,JUBLFOOD,30-Jan-2025,2025-01-30,800.00,PE,35.00,47.00,27.30,42.40,42.40,793,8256.40437,160000,106250,06-JAN-2025
OPTSTK,ONGC,30-Jan-2025,2025-01-30,272.50,CE,2.70,2.70,1.25,1.55,1.55,878,4635.20172,342650,223300,06-JAN-2025
OPTSTK,ONGC,27-Feb-2025,2025-02-27,272.50,CE,0.00,0.00,0.00,6.20,7.00,0,0.00,0,0,06-JAN-2025
OPTSTK,ONGC,27-Feb-2025,2025-02-27,272.50,PE,0.00,0.00,0.00,35.05,22.55,0,0.00,0,0,06-JAN-2025
OPTSTK,ONGC,30-Jan-2025,2025-01-30,290.00,CE,0.80,0.80,0.35,0.45,0.45,3852,21540.2831,1489950,-144375,06-JAN-2025
OPTSTK,ONGC,30-Jan-2025,2025-01-30,300.00,CE,0.50,0.75,0.25,0.35,0.35,6196,35828.7525,4608450,1622775,06-JAN-2025
OPTSTK,ONGC,27-Mar-2025,2025-03-27,260.00,PE,0.00,0.00,0.00,28.10,17.10,0,0.00,0,0,06-JAN-2025
OPTSTK,ONGC,27-Feb-2025,2025-02-27,260.00,PE,13.00,14.80,12.90,14.80,14.70,3,15.798475,157850,3850,06-JAN-2025
OPTSTK,ONGC,27-Mar-2025,2025-03-27,260.00,CE,0.00,0.00,0.00,13.05,15.25,0,0.00,0,0,06-JAN-2025
OPTSTK,ONGC,30-Jan-2025,2025-01-30,272.50,PE,17.90,20.35,17.70,19.00,19.00,63,353.396312,34650,30800,06-JAN-2025
FUTSTK,JUBLFOOD,27-Feb-2025,2025-02-27,,,777.25,792.85,760.80,768.10,768.10,516,5016.93437,282500,52500,06-JAN-2025
OPTSTK,BSOFT,27-Feb-2025,2025-02-27,600.00,PE,0.00,0.00,0.00,39.00,60.05,0,0.00,1000,0,06-JAN-2025
OPTSTK,BSOFT,30-Jan-2025,2025-01-30,600.00,CE,4.65,5.80,3.85,4.20,4.20,1214,7341.5675,627000,-38000,06-JAN-2025
OPTSTK,BSOFT,27-Feb-2025,2025-02-27,460.00,CE,0.00,0.00,0.00,144.95,92.05,0,0.00,0,0,06-JAN-2025
OPTSTK,BSOFT,27-Mar-2025,2025-03-27,580.00,CE,0.00,0.00,0.00,47.05,23.95,0,0.00,0,0,06-JAN-2025
OPTSTK,BSOFT,30-Jan-2025,2025-01-30,540.00,CE,28.80,30.10,23.40,23.70,23.70,45,254.6585,61000,12000,06-JAN-2025
OPTSTK,BSOFT,30-Jan-2025,2025-01-30,480.00,PE,2.00,2.65,1.60,2.55,2.55,231,1113.6035,426000,17000,06-JAN-2025
OPTSTK,BSOFT,30-Jan-2025,2025-01-30,480.00,CE,0.00,0.00,0.00,93.65,68.65,0,0.00,0,0,06-JAN-2025
OPTSTK,BSOFT,27-Feb-2025,2025-02-27,640.00,CE,0.00,0.00,0.00,35.30,4.50,0,0.00,0,0,06-JAN-2025
OPTSTK,BSOFT,30-Jan-2025,2025-01-30,640.00,CE,1.50,1.60,1.20,1.30,1.30,97,622.082,100000,-26000,06-JAN-2025
OPTSTK,BSOFT,30-Jan-2025,2025-01-30,700.00,PE,0.00,0.00,0.00,136.65,151.70,0,0.00,56000,0,06-JAN-2025
OPTSTK,BSOFT,30-Jan-2025,2025-01-30,570.00,PE,27.30,31.20,27.00,30.50,32.50,9,53.998,235000,-5000,06-JAN-2025
OPTSTK,BSOFT,27-Feb-2025,2025-02-27,580.00,PE,0.00,0.00,0.00,39.00,45.65,0,0.00,7000,0,06-JAN-2025
OPTSTK,BSOFT,30-Jan-2025,2025-01-30,540.00,PE,12.50,16.05,10.80,15.30,15.30,470,2602.4865,204000,-27000,06-JAN-2025
OPTSTK,BSOFT,30-Jan-2025,2025-01-30,570.00,CE,13.00,14.25,10.00,10.60,10.60,673,3915.8575,350000,-6000,06-JAN-2025
OPTSTK,BSOFT,30-Jan-2025,2025-01-30,680.00,CE,0.70,0.75,0.45,0.60,0.60,408,2776.7105,1359000,-102000,06-JAN-2025
OPTSTK,BSOFT,27-Feb-2025,2025-02-27,680.00,PE,0.00,0.00,0.00,100.25,129.90,0,0.00,0,0,06-JAN-2025
OPTSTK,BSOFT,27-Feb-2025,2025-02-27,510.00,PE,0.00,0.00,0.00,12.55,11.50,0,0.00,0,0,06-JAN-2025
OPTSTK,BSOFT,30-Jan-2025,2025-01-30,510.00,CE,44.65,44.65,44.60,44.60,42.90,2,11.0925,7000,2000,06-JAN-2025
OPTSTK,BSOFT,27-Mar-2025,2025-03-27,560.00,CE,0.00,0.00,0.00,56.80,31.75,0,0.00,0,0,06-JAN-2025
OPTSTK,BSOFT,27-Mar-2025,2025-03-27,520.00,CE,0.00,0.00,0.00,80.30,52.60,0,0.00,0,0,06-JAN-2025
OPTSTK,BSOFT,30-Jan-2025,2025-01-30,610.00,CE,4.00,4.20,2.85,3.10,3.10,428,2625.1885,258000,47000,06-JAN-2025
OPTSTK,BSOFT,30-Jan-2025,2025-01-30,610.00,PE,55.00,64.95,55.00,64.95,64.70,7,46.7035,18000,-4000,06-JAN-2025
FUTSTK,BSOFT,30-Jan-2025,2025-01-30,,,554.95,559.80,546.65,548.10,548.10,2549,14078.9215,11095000,-314000,06-JAN-2025
FUTSTK,BSOFT,27-Feb-2025,2025-02-27,,,556.45,563.15,550.35,551.90,551.90,231,1282.494,672000,53000,06-JAN-2025
OPTSTK,BSOFT,27-Mar-2025,2025-03-27,640.00,PE,0.00,0.00,0.00,83.55,94.55,0,0.00,0,0,06-JAN-2025
OPTSTK,BSOFT,27-Feb-2025,2025-02-27,660.00,CE,0.00,0.00,0.00,29.00,2.75,0,0.00,0,0,06-JAN-2025
OPTSTK,BSOFT,27-Feb-2025,2025-02-27,600.00,CE,0.00,0.00,0.00,51.20,11.05,0,0.00,0,0,06-JAN-2025
OPTSTK,BSOFT,27-Mar-2025,2025-03-27,600.00,PE,0.00,0.00,0.00,57.55,63.65,0,0.00,0,0,06-JAN-2025
OPTSTK,BSOFT,27-Feb-2025,2025-02-27,570.00,PE,0.00,0.00,0.00,35.05,39.15,0,0.00,0,0,06-JAN-2025
OPTSTK,BSOFT,27-Feb-2025,2025-02-27,550.00,PE,0.00,0.00,0.00,25.95,27.70,0,0.00,0,0,06-JAN-2025
OPTSTK,BSOFT,30-Jan-2025,2025-01-30,590.00,PE,38.30,45.65,38.15,45.65,47.55,8,50.4785,62000,-2000,06-JAN-2025
OPTSTK,BSOFT,27-Mar-2025,2025-03-27,600.00,CE,0.00,0.00,0.00,38.65,17.70,0,0.00,0,0,06-JAN-2025
OPTSTK,BSOFT,27-Feb-2025,2025-02-27,620.00,CE,0.00,0.00,0.00,42.70,7.15,0,0.00,0,0,06-JAN-2025
OPTSTK,SBIN,27-Feb-2025,2025-02-27,880.00,CE,6.55,6.60,5.00,5.10,5.10,127,843.728625,177000,21000,06-JAN-2025
OPTSTK,SBIN,27-Mar-2025,2025-03-27,860.00,CE,0.00,0.00,0.00,39.80,15.25,0,0.00,0,0,06-JAN-2025
OPTSTK,SBIN,27-Feb-2025,2025-02-27,830.00,CE,18.55,18.55,12.90,13.40,13.40,37,234.315375,24000,18000,06-JAN-2025
OPTSTK,SBIN,30-Jan-2025,2025-01-30,920.00,CE,0.75,0.75,0.45,0.55,0.55,389,2685.68362,831750,-49500,06-JAN-2025
OPTSTK,SBIN,27-Mar-2025,2025-03-27,700.00,CE,0.00,0.00,0.00,135.05,95.65,0,0.00,0,0,06-JAN-2025
OPTSTK,SBIN,27-Mar-2025,2025-03-27,840.00,CE,18.00,18.25,15.55,18.05,20.30,9,57.89925,6750,5250,06-JAN-2025
OPTSTK,SBIN,27-Feb-2025,2025-02-27,710.00,CE,0.00,0.00,0.00,118.80,80.05,0,0.00,0,0,06-JAN-2025
OPTSTK,SBIN,27-Feb-2025,2025-02-27,850.00,PE,59.00,76.00,59.00,71.50,71.50,11,75.8295,36000,3750,06-JAN-2025
OPTSTK,SBIN,27-Feb-2025,2025-02-27,850.00,CE,12.00,12.00,9.00,9.15,9.15,444,2865.12975,356250,185250,06-JAN-2025
OPTSTK,SBIN,27-Mar-2025,2025-03-27,860.00,PE,0.00,0.00,0.00,71.80,86.20,0,0.00,0,0,06-JAN-2025
OPTSTK,SBIN,30-Jan-2025,2025-01-30,860.00,PE,71.65,85.00,69.10,81.75,81.75,38,267.74175,449250,-8250,06-JAN-2025
OPTSTK,SBIN,30-Jan-2025,2025-01-30,830.00,PE,39.95,58.00,39.95,54.30,54.30,288,1900.93087,1130250,-58500,06-JAN-2025
OPTSTK,SBIN,27-Mar-2025,2025-03-27,920.00,PE,0.00,0.00,0.00,113.00,136.00,0,0.00,0,0,06-JAN-2025
OPTSTK,SBIN,27-Mar-2025,2025-03-27,920.00,CE,0.00,0.00,0.00,22.10,5.90,0,0.00,0,0,06-JAN-2025
OPTSTK,SBIN,27-Feb-2025,2025-02-27,820.00,CE,21.15,22.05,15.70,16.00,16.00,322,2022.52725,201750,107250,06-JAN-2025
OPTSTK,SBIN,30-Jan-2025,2025-01-30,760.00,PE,6.60,13.80,6.15,11.70,11.70,9002,52029.306,1606500,-63750,06-JAN-2025
OPTSTK,SBIN,30-Jan-2025,2025-01-30,770.00,PE,8.75,17.85,8.15,15.35,15.35,10599,62300.0853,1520250,98250,06-JAN-2025
OPTSTK,SBIN,27-Feb-2025,2025-02-27,890.00,PE,0.00,0.00,0.00,86.70,109.60,0,0.00,0,0,06-JAN-2025
OPTSTK,SBIN,30-Jan-2025,2025-01-30,950.00,CE,0.45,0.45,0.20,0.35,0.35,757,5395.31925,502500,-141750,06-JAN-2025
OPTSTK,SBIN,27-Mar-2025,2025-03-27,880.00,CE,11.00,11.00,9.15,10.95,10.95,7,46.723125,5250,750,06-JAN-2025
OPTSTK,SBIN,30-Jan-2025,2025-01-30,850.00,PE,58.50,76.10,57.20,72.00,72.00,281,1931.19675,2018250,-84000,06-JAN-2025
OPTSTK,SBIN,30-Jan-2025,2025-01-30,850.00,CE,4.65,4.65,2.30,2.50,2.50,24453,156396.304,7922250,-2819250,06-JAN-2025
OPTSTK,SBIN,27-Feb-2025,2025-02-27,680.00,PE,0.00,0.00,0.00,5.20,2.90,0,0.00,0,0,06-JAN-2025
OPTSTK,SBIN,30-Jan-2025,2025-01-30,810.00,CE,14.65,15.20,7.90,8.40,8.40,9989,61447.3732,4370250,528750,06-JAN-2025
OPTSTK,SBIN,27-Mar-2025,2025-03-27,780.00,CE,0.00,0.00,0.00,78.30,43.50,0,0.00,0,0,06-JAN-2025
OPTSTK,SBIN,30-Jan-2025,2025-01-30,780.00,CE,31.70,31.70,18.45,19.85,19.85,9630,57898.4013,1656000,806250,06-JAN-2025
OPTSTK,SBIN,27-Feb-2025,2025-02-27,960.00,PE,0.00,0.00,0.00,81.00,175.25,0,0.00,750,0,06-JAN-2025
OPTSTK,SBIN,27-Mar-2025,2025-03-27,780.00,PE,25.00,32.85,25.00,32.85,35.65,5,30.331125,13500,0,06-JAN-2025
OPTSTK,SBIN,30-Jan-2025,2025-01-30,780.00,PE,11.10,22.60,11.10,19.45,19.45,16655,99578.7273,2337750,225000,06-JAN-2025
OPTSTK,SBIN,30-Jan-2025,2025-01-30,900.00,CE,1.10,1.10,0.65,0.75,0.75,4449,30056.9542,5559750,247500,06-JAN-2025
OPTSTK,SBIN,27-Mar-2025,2025-03-27,840.00,PE,0.00,0.00,0.00,60.05,71.55,0,0.00,0,0,06-JAN-2025
FUTSTK,SBIN,27-Feb-2025,2025-02-27,,,807.35,807.50,780.40,784.55,784.55,3088,18275.7735,4037250,1018500,06-JAN-2025
OPTSTK,RECLTD,27-Mar-2025,2025-03-27,600.00,PE,0.00,0.00,0.00,101.75,96.50,0,0.00,0,0,06-JAN-2025
OPTSTK,JKCEMENT,27-Mar-2025,2025-03-27,5200.00,CE,0.00,0.00,0.00,123.05,92.15,0,0.00,0,0,06-JAN-2025
OPTSTK,JKCEMENT,27-Mar-2025,2025-03-27,5200.00,PE,0.00,0.00,0.00,634.15,514.05,0,0.00,0,0,06-JAN-2025
OPTSTK,BIOCON,27-Feb-2025,2025-02-27,370.00,CE,0.00,0.00,0.00,15.50,15.15,0,0.00,2500,0,06-JAN-2025
OPTSTK,BIOCON,30-Jan-2025,2025-01-30,370.00,CE,11.95,13.15,6.75,7.30,7.30,1293,12279.0937,1307500,-147500,06-JAN-2025
OPTSTK,RECLTD,30-Jan-2025,2025-01-30,460.00,PE,1.45,4.80,1.45,4.30,4.30,1411,6535.0135,835000,27000,06-JAN-2025
OPTSTK,RECLTD,27-Mar-2025,2025-03-27,460.00,CE,0.00,0.00,0.00,93.30,77.50,0,0.00,0,0,06-JAN-2025
OPTSTK,RECLTD,30-Jan-2025,2025-01-30,460.00,CE,64.80,64.80,57.60,58.30,58.30,6,31.252,53000,4000,06-JAN-2025
OPTSTK,RECLTD,27-Feb-2025,2025-02-27,460.00,CE,0.00,0.00,0.00,101.75,69.30,0,0.00,0,0,06-JAN-2025
OPTSTK,JKCEMENT,27-Mar-2025,2025-03-27,4500.00,PE,0.00,0.00,0.00,212.70,121.15,0,0.00,0,0,06-JAN-2025
OPTSTK,JKCEMENT,30-Jan-2025,2025-01-30,4500.00,PE,54.00,72.85,54.00,68.25,68.25,144,822.19075,20750,1500,06-JAN-2025
OPTSTK,JKCEMENT,30-Jan-2025,2025-01-30,3900.00,PE,0.00,0.00,0.00,11.00,0.25,0,0.00,1625,0,06-JAN-2025
OPTSTK,RECLTD,30-Jan-2025,2025-01-30,580.00,PE,52.00,63.60,51.45,63.60,70.05,24,152.407,403000,8000,06-JAN-2025
OPTSTK,RECLTD,27-Mar-2025,2025-03-27,580.00,CE,0.00,0.00,0.00,37.50,22.65,0,0.00,0,0,06-JAN-2025
OPTSTK,RECLTD,27-Mar-2025,2025-03-27,500.00,CE,0.00,0.00,0.00,70.30,53.65,0,0.00,0,0,06-JAN-2025
OPTSTK,RECLTD,30-Jan-2025,2025-01-30,540.00,CE,18.60,19.10,9.10,9.80,9.80,5169,28578.482,1874000,252000,06-JAN-2025
OPTSTK,RECLTD,30-Jan-2025,2025-01-30,540.00,PE,18.25,37.70,18.00,35.45,35.45,1626,9199.875,753000,-32000,06-JAN-2025
OPTSTK,JKCEMENT,27-Feb-2025,2025-02-27,4450.00,CE,0.00,0.00,0.00,356.20,368.65,0,0.00,0,0,06-JAN-2025
OPTSTK,JKCEMENT,27-Feb-2025,2025-02-27,5100.00,PE,0.00,0.00,0.00,907.10,420.35,0,0.00,0,0,06-JAN-2025
OPTSTK,JKCEMENT,27-Mar-2025,2025-03-27,5100.00,CE,0.00,0.00,0.00,147.50,117.10,0,0.00,0,0,06-JAN-2025
OPTSTK,JKCEMENT,27-Mar-2025,2025-03-27,5100.00,PE,0.00,0.00,0.00,560.40,440.45,0,0.00,0,0,06-JAN-2025
OPTSTK,JKCEMENT,30-Jan-2025,2025-01-30,4000.00,CE,0.00,0.00,0.00,644.05,720.30,0,0.00,125,0,06-JAN-2025
OPTSTK,JKCEMENT,27-Mar-2025,2025-03-27,4000.00,CE,0.00,0.00,0.00,729.00,780.85,0,0.00,0,0,06-JAN-2025
OPTSTK,RECLTD,30-Jan-2025,2025-01-30,570.00,PE,39.85,61.60,39.85,61.60,61.70,77,476.491,510000,-19000,06-JAN-2025
OPTSTK,RECLTD,30-Jan-2025,2025-01-30,570.00,CE,8.15,8.15,3.65,3.80,3.80,3168,18211.806,1560000,254000,06-JAN-2025
FUTSTK,JKCEMENT,27-Feb-2025,2025-02-27,,,4757.80,4766.85,4683.85,4709.60,4747.20,20,117.872312,1875,500,06-JAN-2025
OPTSTK,RECLTD,30-Jan-2025,2025-01-30,640.00,CE,0.80,0.85,0.55,0.60,0.60,127,813.752,361000,-5000,06-JAN-2025
OPTSTK,JKCEMENT,30-Jan-2025,2025-01-30,4450.00,PE,44.00,55.65,43.50,45.40,34.40,14,78.7154375,3750,-125,06-JAN-2025
FUTSTK,JKCEMENT,30-Jan-2025,2025-01-30,,,4763.00,4765.00,4667.00,4693.30,4693.30,2182,12828.6058,841125,-36750,06-JAN-2025
FUTSTK,BIOCON,30-Jan-2025,2025-01-30,,,371.95,374.00,358.35,360.15,360.15,3047,27818.8525,28817500,-267500,06-JAN-2025
OPTSTK,RECLTD,27-Feb-2025,2025-02-27,570.00,CE,0.00,0.00,0.00,12.50,16.75,0,0.00,3000,0,06-JAN-2025
OPTSTK,BIOCON,30-Jan-2025,2025-01-30,395.00,CE,3.60,3.90,1.90,2.00,2.00,108,1073.93875,172500,-7500,06-JAN-2025
OPTSTK,BAJAJ-AUTO,27-Feb-2025,2025-02-27,10200.00,CE,0.00,0.00,0.00,70.50,46.95,0,0.00,675,0,06-JAN-2025
OPTSTK,BAJAJ-AUTO,30-Jan-2025,2025-01-30,8700.00,CE,479.55,512.30,325.90,336.20,336.20,178,1218.17081,27225,-75,06-JAN-2025
OPTSTK,BAJAJ-AUTO,27-Feb-2025,2025-02-27,8700.00,PE,0.00,0.00,0.00,353.05,272.45,0,0.00,0,0,06-JAN-2025
OPTSTK,BAJAJ-AUTO,27-Mar-2025,2025-03-27,8800.00,CE,0.00,0.00,0.00,708.70,536.80,0,0.00,0,0,06-JAN-2025
OPTSTK,BAJAJ-AUTO,27-Feb-2025,2025-02-27,8800.00,PE,200.00,287.05,200.00,287.05,317.30,5,33.91065,2325,0,06-JAN-2025
OPTSTK,BAJAJ-AUTO,27-Feb-2025,2025-02-27,9700.00,PE,0.00,0.00,0.00,934.85,898.65,0,0.00,0,0,06-JAN-2025
FUTSTK,BAJAJ-AUTO,27-Feb-2025,2025-02-27,,,9070.65,9182.35,8886.05,8907.80,8907.80,278,1883.31802,70050,1575,06-JAN-2025
OPTSTK,BAJAJ-AUTO,30-Jan-2025,2025-01-30,7600.00,CE,0.00,0.00,0.00,2407.05,1260.85,0,0.00,0,0,06-JAN-2025
OPTSTK,BAJAJ-AUTO,30-Jan-2025,2025-01-30,8900.00,CE,300.00,371.60,216.05,226.65,226.65,1831,12603.4637,47475,-2400,06-JAN-2025
OPTSTK,BAJAJ-AUTO,30-Jan-2025,2025-01-30,10400.00,PE,0.00,0.00,0.00,1751.15,1533.15,0,0.00,150,0,06-JAN-2025
OPTSTK,BAJAJ-AUTO,30-Jan-2025,2025-01-30,10400.00,CE,12.05,13.50,7.35,8.15,8.15,427,3334.05525,30300,1050,06-JAN-2025
OPTSTK,BAJAJ-AUTO,27-Mar-2025,2025-03-27,10400.00,PE,0.00,0.00,0.00,1511.85,1501.60,0,0.00,0,0,06-JAN-2025
OPTSTK,BAJAJ-AUTO,27-Feb-2025,2025-02-27,8300.00,CE,0.00,0.00,0.00,889.85,737.85,0,0.00,0,0,06-JAN-2025
OPTSTK,BAJAJ-AUTO,30-Jan-2025,2025-01-30,8300.00,PE,35.00,78.00,33.00,73.70,73.70,854,5351.8023,27450,5100,06-JAN-2025
OPTSTK,BAJAJ-AUTO,30-Jan-2025,2025-01-30,8100.00,PE,28.60,48.70,19.10,44.10,44.10,459,2799.47523,16125,-1125,06-JAN-2025
OPTSTK,BAJAJ-AUTO,30-Jan-2025,2025-01-30,8300.00,CE,0.00,0.00,0.00,800.60,620.25,0,0.00,450,0,06-JAN-2025
OPTSTK,BAJAJ-AUTO,27-Mar-2025,2025-03-27,8600.00,CE,0.00,0.00,0.00,818.45,647.50,0,0.00,0,0,06-JAN-2025
OPTSTK,BAJAJ-AUTO,30-Jan-2025,2025-01-30,8500.00,PE,70.05,122.90,53.00,115.35,115.35,1703,10966.6719,74550,-12000,06-JAN-2025
OPTSTK,BAJAJ-AUTO,27-Feb-2025,2025-02-27,8500.00,CE,0.00,0.00,0.00,758.95,600.55,0,0.00,0,0,06-JAN-2025
OPTSTK,BAJAJ-AUTO,30-Jan-2025,2025-01-30,10200.00,CE,19.30,20.95,10.85,11.70,11.70,535,4099.32157,28575,3600,06-JAN-2025
OPTSTK,BAJAJ-AUTO,30-Jan-2025,2025-01-30,10200.00,PE,1160.00,1160.00,1160.00,1160.00,1337.35,1,8.52,450,75,06-JAN-2025
OPTSTK,BAJAJ-AUTO,30-Jan-2025,2025-01-30,8900.00,PE,196.00,281.25,143.40,269.45,269.45,2298,15702.9447,54900,-6525,06-JAN-2025
OPTSTK,BAJAJ-AUTO,27-Feb-2025,2025-02-27,10400.00,CE,52.60,52.60,52.60,52.60,31.70,1,7.83945,75,75,06-JAN-2025
OPTSTK,BAJAJ-AUTO,27-Feb-2025,2025-02-27,10400.00,PE,0.00,0.00,0.00,1423.70,1508.35,0,0.00,0,0,06-JAN-2025
OPTSTK,BAJAJ-AUTO,27-Feb-2025,2025-02-27,8300.00,PE,0.00,0.00,0.00,207.30,134.55,0,0.00,0,0,06-JAN-2025
OPTSTK,BAJAJ-AUTO,30-Jan-2025,2025-01-30,8100.00,CE,0.00,0.00,0.00,785.80,789.85,0,0.00,75,0,06-JAN-2025
OPTSTK,BAJAJ-AUTO,27-Feb-2025,2025-02-27,9100.00,CE,316.85,316.85,316.85,316.85,288.10,1,7.0626375,75,0,06-JAN-2025
OPTSTK,BAJAJ-AUTO,27-Mar-2025,2025-03-27,9800.00,CE,0.00,0.00,0.00,312.80,175.55,0,0.00,0,0,06-JAN-2025
OPTSTK,BAJAJ-AUTO,27-Feb-2025,2025-02-27,9800.00,PE,0.00,0.00,0.00,987.90,979.65,0,0.00,0,0,06-JAN-2025
OPTSTK,BAJAJ-AUTO,27-Feb-2025,2025-02-27,7600.00,CE,0.00,0.00,0.00,1647.30,1321.35,0,0.00,0,0,06-JAN-2025
OPTSTK,BAJAJ-AUTO,27-Mar-2025,2025-03-27,8000.00,PE,0.00,0.00,0.00,188.15,117.20,0,0.00,0,0,06-JAN-2025
OPTSTK,PETRONET,27-Feb-2025,2025-02-27,290.00,PE,0.00,0.00,0.00,6.85,2.00,0,0.00,0,0,06-JAN-2025
OPTSTK,PETRONET,27-Feb-2025,2025-02-27,300.00,CE,0.00,0.00,0.00,42.95,34.90,0,0.00,0,0,06-JAN-2025
OPTSTK,PETRONET,27-Mar-2025,2025-03-27,300.00,CE,0.00,0.00,0.00,55.75,38.50,0,0.00,0,0,06-JAN-2025
OPTSTK,PETRONET,30-Jan-2025,2025-01-30,300.00,PE,1.30,1.85,1.10,1.60,1.60,612,2768.3445,793500,-121500,06-JAN-2025
OPTSTK,PETRONET,27-Mar-2025,2025-03-27,300.00,PE,0.00,0.00,0.00,4.20,5.70,0,0.00,7500,0,06-JAN-2025
OPTSTK,PETRONET,27-Feb-2025,2025-02-27,345.00,PE,0.00,0.00,0.00,17.85,22.65,0,0.00,0,0,06-JAN-2025
FUTSTK,PETRONET,30-Jan-2025,2025-01-30,,,330.05,332.00,324.65,329.50,329.50,3111,15312.1852,32499000,-343500,06-JAN-2025
OPTSTK,PETRONET,27-Feb-2025,2025-02-27,280.00,PE,0.00,0.00,0.00,4.70,1.00,0,0.00,0,0,06-JAN-2025
OPTSTK,PETRONET,27-Mar-2025,2025-03-27,280.00,CE,0.00,0.00,0.00,72.30,54.65,0,0.00,0,0,06-JAN-2025
OPTSTK,PETRONET,27-Mar-2025,2025-03-27,320.00,PE,0.00,0.00,0.00,10.80,12.15,0,0.00,0,0,06-JAN-2025
OPTSTK,PETRONET,27-Mar-2025,2025-03-27,260.00,PE,0.00,0.00,0.00,0.90,0.60,0,0.00,0,0,06-JAN-2025
OPTSTK,PETRONET,30-Jan-2025,2025-01-30,295.00,PE,1.05,1.30,1.05,1.15,1.15,73,324.28125,156000,-28500,06-JAN-2025
OPTSTK,PETRONET,30-Jan-2025,2025-01-30,400.00,CE,0.15,0.20,0.10,0.10,0.10,45,270.08775,693000,-4500,06-JAN-2025
OPTSTK,PETRONET,30-Jan-2025,2025-01-30,340.00,CE,5.05,5.05,3.25,4.70,4.70,1407,7260.88425,2637000,-286500,06-JAN-2025
OPTSTK,PETRONET,30-Jan-2025,2025-01-30,335.00,PE,10.60,14.25,10.60,11.90,11.90,119,619.548,1501500,-21000,06-JAN-2025
OPTSTK,PETRONET,30-Jan-2025,2025-01-30,335.00,CE,7.15,7.15,4.55,6.50,6.50,1309,6688.54125,1504500,-357000,06-JAN-2025
OPTSTK,PETRONET,30-Jan-2025,2025-01-30,320.00,PE,4.60,6.55,4.10,5.20,5.20,885,4319.60775,1557000,-105000,06-JAN-2025
OPTSTK,PETRONET,30-Jan-2025,2025-01-30,320.00,CE,14.40,15.55,11.35,14.80,14.80,293,1466.01975,243000,-7500,06-JAN-2025
OPTSTK,PETRONET,27-Mar-2025,2025-03-27,290.00,CE,0.00,0.00,0.00,63.80,46.25,0,0.00,0,0,06-JAN-2025
OPTSTK,PETRONET,27-Feb-2025,2025-02-27,290.00,CE,0.00,0.00,0.00,50.05,43.15,0,0.00,0,0,06-JAN-2025
OPTSTK,PETRONET,30-Jan-2025,2025-01-30,305.00,CE,25.65,25.65,25.15,25.15,26.70,2,9.912,10500,3000,06-JAN-2025
OPTSTK,PETRONET,27-Feb-2025,2025-02-27,305.00,PE,0.00,0.00,0.00,4.05,4.75,0,0.00,3000,0,06-JAN-2025
OPTSTK,PETRONET,27-Mar-2025,2025-03-27,360.00,CE,0.00,0.00,0.00,20.15,8.70,0,0.00,0,0,06-JAN-2025
OPTSTK,PETRONET,27-Feb-2025,2025-02-27,285.00,PE,0.00,0.00,0.00,1.70,1.45,0,0.00,0,0,06-JAN-2025
OPTSTK,PETRONET,27-Feb-2025,2025-02-27,285.00,CE,0.00,0.00,0.00,65.00,47.55,0,0.00,0,0,06-JAN-2025
OPTSTK,PETRONET,27-Feb-2025,2025-02-27,340.00,PE,0.00,0.00,0.00,26.85,19.50,0,0.00,0,0,06-JAN-2025
OPTSTK,PETRONET,30-Jan-2025,2025-01-30,370.00,CE,0.65,0.65,0.45,0.60,0.60,208,1156.0755,676500,-36000,06-JAN-2025
OPTSTK,PETRONET,30-Jan-2025,2025-01-30,370.00,PE,0.00,0.00,0.00,35.65,40.75,0,0.00,7500,0,06-JAN-2025
OPTSTK,PETRONET,30-Jan-2025,2025-01-30,360.00,CE,1.30,1.30,0.90,1.20,1.20,602,3259.95525,1429500,84000,06-JAN-2025
OPTSTK,PETRONET,27-Mar-2025,2025-03-27,370.00,CE,0.00,0.00,0.00,16.45,6.40,0,0.00,0,0,06-JAN-2025
OPTSTK,PETRONET,27-Feb-2025,2025-02-27,390.00,CE,0.00,0.00,0.00,6.90,1.35,0,0.00,0,0,06-JAN-2025
OPTSTK,PETRONET,27-Mar-2025,2025-03-27,400.00,CE,0.00,0.00,0.00,8.45,2.25,0,0.00,0,0,06-JAN-2025
OPTSTK,EICHERMOT,27-Feb-2025,2025-02-27,5550.00,CE,0.00,0.00,0.00,45.90,111.50,0,0.00,0,0,06-JAN-2025
OPTSTK,EICHERMOT,30-Jan-2025,2025-01-30,5550.00,CE,55.05,55.05,29.35,38.15,38.15,364,3561.5251,24325,6125,06-JAN-2025
OPTSTK,KEI,30-Jan-2025,2025-01-30,5200.00,CE,5.00,9.85,5.00,6.00,3.45,16,124.937175,3600,-1650,06-JAN-2025
OPTSTK,EICHERMOT,30-Jan-2025,2025-01-30,5200.00,PE,75.00,114.95,62.50,91.55,91.55,3420,31661.8067,153125,-54775,06-JAN-2025
OPTSTK,TORNTPHARM,30-Jan-2025,2025-01-30,3750.00,PE,0.00,0.00,0.00,522.30,373.80,0,0.00,0,0,06-JAN-2025
OPTSTK,EICHERMOT,27-Feb-2025,2025-02-27,4500.00,CE,0.00,0.00,0.00,524.15,803.00,0,0.00,0,0,06-JAN-2025
OPTSTK,EICHERMOT,30-Jan-2025,2025-01-30,4500.00,PE,4.75,6.25,3.55,4.90,4.90,612,4824.58226,63700,-7350,06-JAN-2025
OPTSTK,TORNTPHARM,27-Feb-2025,2025-02-27,3150.00,CE,0.00,0.00,0.00,355.90,273.10,0,0.00,0,0,06-JAN-2025
OPTSTK,TORNTPHARM,30-Jan-2025,2025-01-30,3150.00,PE,13.00,20.40,13.00,20.00,20.00,50,395.77825,16000,5250,06-JAN-2025
OPTSTK,TORNTPHARM,30-Jan-2025,2025-01-30,3350.00,PE,54.55,77.65,54.55,76.25,76.25,113,965.415125,28250,0,06-JAN-2025
OPTSTK,TORNTPHARM,27-Feb-2025,2025-02-27,3350.00,PE,0.00,0.00,0.00,107.10,94.65,0,0.00,0,0,06-JAN-2025
OPTSTK,EICHERMOT,27-Mar-2025,2025-03-27,5100.00,PE,0.00,0.00,0.00,404.70,155.25,0,0.00,0,0,06-JAN-2025
OPTSTK,EICHERMOT,27-Feb-2025,2025-02-27,5100.00,CE,0.00,0.00,0.00,350.60,318.40,0,0.00,700,0,06-JAN-2025
OPTSTK,KEI,27-Feb-2025,2025-02-27,4600.00,PE,0.00,0.00,0.00,520.60,428.20,0,0.00,0,0,06-JAN-2025
OPTSTK,KEI,27-Feb-2025,2025-02-27,4000.00,PE,0.00,0.00,0.00,219.85,114.40,0,0.00,0,0,06-JAN-2025
OPTSTK,EICHERMOT,30-Jan-2025,2025-01-30,4800.00,CE,563.10,575.10,493.00,493.00,483.85,20,186.837962,55650,-2800,06-JAN-2025
OPTSTK,KEI,27-Feb-2025,2025-02-27,4700.00,PE,0.00,0.00,0.00,519.15,501.05,0,0.00,0,0,06-JAN-2025
OPTSTK,EICHERMOT,27-Feb-2025,2025-02-27,4700.00,CE,0.00,0.00,0.00,399.85,621.85,0,0.00,0,0,06-JAN-2025
FUTSTK,TORNTPHARM,27-Feb-2025,2025-02-27,,,3420.70,3430.60,3370.10,3381.10,3381.10,48,407.79275,9500,2250,06-JAN-2025
OPTSTK,TORNTPHARM,27-Feb-2025,2025-02-27,3350.00,CE,0.00,0.00,0.00,220.45,139.50,0,0.00,0,0,06-JAN-2025
OPTSTK,EICHERMOT,27-Mar-2025,2025-03-27,5700.00,PE,0.00,0.00,0.00,855.70,488.55,0,0.00,0,0,06-JAN-2025
OPTSTK,EICHERMOT,30-Jan-2025,2025-01-30,5700.00,PE,0.00,0.00,0.00,780.30,447.30,0,0.00,0,0,06-JAN-2025
FUTSTK,KEI,27-Mar-2025,2025-03-27,,,0.00,0.00,0.00,4399.75,4317.50,0,0.00,0,0,06-JAN-2025
OPTSTK,EICHERMOT,30-Jan-2025,2025-01-30,5150.00,PE,51.90,92.85,50.00,73.25,73.25,792,7237.52855,70175,-18725,06-JAN-2025
OPTSTK,EICHERMOT,27-Mar-2025,2025-03-27,4700.00,PE,0.00,0.00,0.00,194.95,48.55,0,0.00,0,0,06-JAN-2025
OPTSTK,TORNTPHARM,30-Jan-2025,2025-01-30,3200.00,PE,23.15,30.55,19.95,28.35,28.35,57,459.47225,22750,0,06-JAN-2025
OPTSTK,KEI,27-Feb-2025,2025-02-27,4100.00,PE,0.00,0.00,0.00,195.25,150.60,0,0.00,0,0,06-JAN-2025
OPTSTK,EICHERMOT,27-Feb-2025,2025-02-27,4100.00,CE,0.00,0.00,0.00,830.40,1190.05,0,0.00,0,0,06-JAN-2025
OPTSTK,EICHERMOT,30-Jan-2025,2025-01-30,4350.00,PE,2.90,4.00,2.90,4.00,0.20,4,30.4742375,7000,0,06-JAN-2025
OPTSTK,TORNTPHARM,27-Feb-2025,2025-02-27,3400.00,PE,0.00,0.00,0.00,262.15,118.90,0,0.00,0,0,06-JAN-2025
OPTSTK,TORNTPHARM,30-Jan-2025,2025-01-30,2900.00,PE,0.00,0.00,0.00,3.15,0.30,0,0.00,250,0,06-JAN-2025
OPTSTK,DABUR,27-Feb-2025,2025-02-27,520.00,PE,0.00,0.00,0.00,20.35,22.40,0,0.00,0,0,06-JAN-2025
OPTSTK,DABUR,30-Jan-2025,2025-01-30,520.00,CE,12.85,13.85,5.75,6.85,6.85,2668,17589.7068,852500,326250,06-JAN-2025
OPTSTK,DABUR,27-Mar-2025,2025-03-27,520.00,PE,0.00,0.00,0.00,28.80,24.80,0,0.00,0,0,06-JAN-2025
OPTSTK,DABUR,30-Jan-2025,2025-01-30,420.00,PE,0.00,0.00,0.00,0.20,0.05,0,0.00,2500,0,06-JAN-2025
OPTSTK,DABUR,27-Mar-2025,2025-03-27,420.00,CE,0.00,0.00,0.00,94.65,91.50,0,0.00,0,0,06-JAN-2025
OPTSTK,DABUR,27-Feb-2025,2025-02-27,490.00,CE,0.00,0.00,0.00,54.80,27.95,0,0.00,0,0,06-JAN-2025
OPTSTK,DABUR,27-Feb-2025,2025-02-27,570.00,PE,0.00,0.00,0.00,48.60,61.50,0,0.00,0,0,06-JAN-2025
OPTSTK,DABUR,27-Feb-2025,2025-02-27,455.00,PE,0.00,0.00,0.00,3.55,1.55,0,0.00,0,0,06-JAN-2025
OPTSTK,DABUR,27-Mar-2025,2025-03-27,480.00,PE,0.00,0.00,0.00,11.65,8.00,0,0.00,0,0,06-JAN-2025
OPTSTK,DABUR,30-Jan-2025,2025-01-30,600.00,CE,0.55,0.55,0.20,0.25,0.25,390,2926.44187,346250,-62500,06-JAN-2025
OPTSTK,DABUR,27-Feb-2025,2025-02-27,600.00,PE,91.70,91.70,88.00,88.00,89.80,2,17.24625,0,0,06-JAN-2025
OPTSTK,DABUR,30-Jan-2025,2025-01-30,455.00,CE,0.00,0.00,0.00,78.55,52.15,0,0.00,0,0,06-JAN-2025
OPTSTK,DABUR,30-Jan-2025,2025-01-30,515.00,PE,9.00,19.25,9.00,17.30,17.30,523,3463.24562,191250,-33750,06-JAN-2025
OPTSTK,DABUR,27-Feb-2025,2025-02-27,550.00,CE,6.00,6.35,5.05,5.50,4.20,47,326.380625,50000,7500,06-JAN-2025
OPTSTK,DABUR,27-Mar-2025,2025-03-27,480.00,CE,0.00,0.00,0.00,45.95,39.90,0,0.00,0,0,06-JAN-2025
OPTSTK,DABUR,27-Mar-2025,2025-03-27,490.00,PE,0.00,0.00,0.00,15.05,11.10,0,0.00,0,0,06-JAN-2025
OPTSTK,DABUR,30-Jan-2025,2025-01-30,590.00,PE,0.00,0.00,0.00,72.00,82.55,0,0.00,2500,0,06-JAN-2025
OPTSTK,DABUR,27-Feb-2025,2025-02-27,450.00,CE,0.00,0.00,0.00,86.95,60.30,0,0.00,0,0,06-JAN-2025
OPTSTK,DABUR,27-Feb-2025,2025-02-27,520.00,CE,16.00,16.00,13.50,15.10,12.25,7,46.745,10000,5000,06-JAN-2025
OPTSTK,DABUR,27-Feb-2025,2025-02-27,505.00,PE,0.00,0.00,0.00,18.25,14.35,0,0.00,0,0,06-JAN-2025
OPTSTK,DABUR,30-Jan-2025,2025-01-30,505.00,PE,7.20,13.60,5.50,11.75,11.75,1390,8965.14062,362500,78750,06-JAN-2025
OPTSTK,DABUR,27-Mar-2025,2025-03-27,420.00,PE,0.00,0.00,0.00,1.45,0.45,0,0.00,0,0,06-JAN-2025
OPTSTK,DABUR,27-Mar-2025,2025-03-27,600.00,CE,0.00,0.00,0.00,4.10,1.50,0,0.00,0,0,06-JAN-2025
OPTSTK,DABUR,30-Jan-2025,2025-01-30,620.00,PE,0.00,0.00,0.00,107.00,112.40,0,0.00,13750,0,06-JAN-2025
OPTSTK,DABUR,27-Mar-2025,2025-03-27,560.00,CE,0.00,0.00,0.00,10.60,5.80,0,0.00,0,0,06-JAN-2025
OPTSTK,DABUR,30-Jan-2025,2025-01-30,560.00,CE,3.00,3.00,0.85,1.00,1.00,757,5309.58562,728750,187500,06-JAN-2025
OPTSTK,DABUR,27-Feb-2025,2025-02-27,510.00,PE,0.00,0.00,0.00,16.35,16.80,0,0.00,0,0,06-JAN-2025
OPTSTK,DABUR,27-Feb-2025,2025-02-27,565.00,PE,0.00,0.00,0.00,57.90,57.00,0,0.00,0,0,06-JAN-2025
OPTSTK,DABUR,27-Feb-2025,2025-02-27,500.00,CE,0.00,0.00,0.00,47.90,21.75,0,0.00,0,0,06-JAN-2025
OPTSTK,DABUR,27-Feb-2025,2025-02-27,530.00,PE,0.00,0.00,0.00,24.95,28.90,0,0.00,0,0,06-JAN-2025
OPTSTK,DABUR,27-Mar-2025,2025-03-27,530.00,PE,0.00,0.00,0.00,34.50,30.85,0,0.00,0,0,06-JAN-2025
OPTSTK,DABUR,30-Jan-2025,2025-01-30,530.00,PE,19.90,30.55,17.90,28.10,28.10,170,1179.76062,202500,11250,06-JAN-2025
OPTSTK,DABUR,30-Jan-2025,2025-01-30,565.00,PE,59.30,59.30,59.30,59.30,57.95,3,23.41125,3750,3750,06-JAN-2025
OPTSTK,ANGELONE,30-Jan-2025,2025-01-30,2600.00,PE,50.05,88.30,27.00,83.80,83.80,3151,16710.4604,206200,-1600,06-JAN-2025
OPTSTK,ANGELONE,27-Feb-2025,2025-02-27,2600.00,CE,0.00,0.00,0.00,522.65,303.75,0,0.00,0,0,06-JAN-2025
OPTSTK,ANGELONE,27-Feb-2025,2025-02-27,2600.00,PE,0.00,0.00,0.00,192.05,126.80,0,0.00,0,0,06-JAN-2025
OPTSTK,ANGELONE,27-Feb-2025,2025-02-27,3100.00,PE,0.00,0.00,0.00,447.55,416.40,0,0.00,0,0,06-JAN-2025
OPTSTK,ANGELONE,30-Jan-2025,2025-01-30,3600.00,CE,8.75,13.80,6.05,7.05,7.05,368,2656.6104,45800,-2400,06-JAN-2025
OPTSTK,ANGELONE,30-Jan-2025,2025-01-30,3600.00,PE,0.00,0.00,0.00,766.10,835.20,0,0.00,0,0,06-JAN-2025
OPTSTK,ANGELONE,30-Jan-2025,2025-01-30,3300.00,PE,410.20,410.20,410.20,410.20,548.90,1,7.4204,18400,0,06-JAN-2025
OPTSTK,ANGELONE,30-Jan-2025,2025-01-30,3300.00,CE,27.00,43.15,17.55,18.60,18.60,2397,15953.039,165000,-41200,06-JAN-2025
OPTSTK,ANGELONE,27-Feb-2025,2025-02-27,3300.00,PE,0.00,0.00,0.00,578.55,574.15,0,0.00,0,0,06-JAN-2025
OPTSTK,ANGELONE,30-Jan-2025,2025-01-30,2850.00,CE,165.00,210.05,91.90,96.85,96.85,1314,7866.2449,78600,29600,06-JAN-2025
OPTSTK,ANGELONE,30-Jan-2025,2025-01-30,2750.00,CE,236.80,236.80,131.00,136.75,136.75,198,1148.4882,16800,13400,06-JAN-2025
OPTSTK,ANGELONE,27-Feb-2025,2025-02-27,3600.00,PE,0.00,0.00,0.00,799.75,837.85,0,0.00,0,0,06-JAN-2025
OPTSTK,ANGELONE,27-Mar-2025,2025-03-27,3400.00,CE,0.00,0.00,0.00,199.90,82.20,0,0.00,0,0,06-JAN-2025
OPTSTK,ANGELONE,27-Feb-2025,2025-02-27,2200.00,CE,0.00,0.00,0.00,794.50,598.30,0,0.00,0,0,06-JAN-2025
OPTSTK,ANGELONE,30-Jan-2025,2025-01-30,3500.00,PE,0.00,0.00,0.00,499.30,738.00,0,0.00,400,0,06-JAN-2025
OPTSTK,ANGELONE,27-Mar-2025,2025-03-27,3600.00,CE,0.00,0.00,0.00,152.75,53.95,0,0.00,0,0,06-JAN-2025
FUTSTK,ANGELONE,27-Feb-2025,2025-02-27,,,2850.00,2988.30,2727.00,2738.70,2738.70,827,4716.8592,113200,6800,06-JAN-2025
OPTSTK,ANGELONE,30-Jan-2025,2025-01-30,2200.00,CE,0.00,0.00,0.00,754.35,566.90,0,0.00,0,0,06-JAN-2025
OPTSTK,ANGELONE,30-Jan-2025,2025-01-30,2950.00,CE,117.10,160.00,64.45,69.65,69.65,2193,13460.1663,77200,2400,06-JAN-2025
OPTSTK,ANGELONE,27-Mar-2025,2025-03-27,2600.00,PE,0.00,0.00,0.00,184.40,167.40,0,0.00,0,0,06-JAN-2025
OPTSTK,ANGELONE,30-Jan-2025,2025-01-30,2450.00,PE,14.00,45.15,14.00,39.40,39.40,410,2033.22,52000,-12600,06-JAN-2025
OPTSTK,ANGELONE,30-Jan-2025,2025-01-30,3050.00,PE,204.45,276.95,199.55,276.95,333.20,23,150.655,16000,0,06-JAN-2025
OPTSTK,ANGELONE,30-Jan-2025,2025-01-30,3050.00,CE,75.00,112.20,45.00,47.15,47.15,1019,6379.0485,91400,2600,06-JAN-2025
FUTSTK,ANGELONE,27-Mar-2025,2025-03-27,,,2902.00,2969.65,2739.00,2751.20,2751.20,102,576.4717,15800,4400,06-JAN-2025
OPTSTK,ANGELONE,27-Feb-2025,2025-02-27,2900.00,CE,126.25,126.25,126.25,126.25,159.75,1,6.0525,200,0,06-JAN-2025
FUTSTK,ANGELONE,30-Jan-2025,2025-01-30,,,2873.80,2985.50,2723.40,2740.70,2740.70,13005,74177.7738,2293000,-93000,06-JAN-2025
OPTSTK,ANGELONE,27-Feb-2025,2025-02-27,3200.00,PE,0.00,0.00,0.00,511.25,493.00,0,0.00,0,0,06-JAN-2025
OPTSTK,ANGELONE,30-Jan-2025,2025-01-30,3200.00,PE,311.00,429.70,311.00,415.50,458.90,7,50.1636,11800,-400,06-JAN-2025
OPTSTK,ANGELONE,30-Jan-2025,2025-01-30,2400.00,PE,26.95,36.70,10.90,33.25,33.25,1255,6083.8574,111200,21600,06-JAN-2025
OPTSTK,ANGELONE,27-Feb-2025,2025-02-27,2700.00,CE,0.00,0.00,0.00,466.50,248.25,0,0.00,0,0,06-JAN-2025
OPTSTK,ANGELONE,30-Jan-2025,2025-01-30,3550.00,CE,9.35,9.35,9.35,9.35,9.35,1,7.1187,18600,0,06-JAN-2025
OPTSTK,SAIL,27-Mar-2025,2025-03-27,120.00,CE,0.00,0.00,0.00,12.00,5.75,0,0.00,0,0,06-JAN-2025
OPTSTK,SAIL,27-Mar-2025,2025-03-27,110.00,PE,0.00,0.00,0.00,7.45,7.80,0,0.00,0,0,06-JAN-2025
OPTSTK,SAIL,27-Mar-2025,2025-03-27,110.00,CE,0.00,0.00,0.00,17.05,9.80,0,0.00,0,0,06-JAN-2025
OPTSTK,SAIL,30-Jan-2025,2025-01-30,145.00,PE,34.50,34.50,33.90,33.90,34.00,57,408.53,3600000,-228000,06-JAN-2025
OPTSTK,SAIL,30-Jan-2025,2025-01-30,100.00,CE,13.00,13.65,11.30,11.65,11.65,57,255.75,200000,84000,06-JAN-2025
OPTSTK,SAIL,30-Jan-2025,2025-01-30,95.00,CE,0.00,0.00,0.00,25.85,16.25,0,0.00,0,0,06-JAN-2025
OPTSTK,SAIL,27-Feb-2025,2025-02-27,95.00,PE,1.35,1.35,1.30,1.30,1.40,2,7.706,0,0,06-JAN-2025
OPTSTK,SAIL,30-Jan-2025,2025-01-30,95.00,PE,0.15,0.45,0.15,0.45,0.45,364,1388.57,1644000,128000,06-JAN-2025
OPTSTK,SAIL,27-Mar-2025,2025-03-27,95.00,PE,0.00,0.00,0.00,2.75,2.35,0,0.00,0,0,06-JAN-2025
OPTSTK,SAIL,27-Mar-2025,2025-03-27,95.00,CE,0.00,0.00,0.00,27.05,19.15,0,0.00,0,0,06-JAN-2025
OPTSTK,SAIL,30-Jan-2025,2025-01-30,132.50,CE,0.30,0.30,0.20,0.25,0.30,114,605.272,796000,76000,06-JAN-2025
OPTSTK,SAIL,30-Jan-2025,2025-01-30,90.00,CE,0.00,0.00,0.00,29.65,20.90,0,0.00,0,0,06-JAN-2025
OPTSTK,SAIL,27-Feb-2025,2025-02-27,102.50,CE,0.00,0.00,0.00,19.75,12.20,0,0.00,0,0,06-JAN-2025
OPTSTK,SAIL,27-Mar-2025,2025-03-27,90.00,PE,1.00,1.00,1.00,1.00,1.40,1,3.64,4000,4000,06-JAN-2025
OPTSTK,SAIL,27-Feb-2025,2025-02-27,90.00,CE,0.00,0.00,0.00,30.00,21.95,0,0.00,0,0,06-JAN-2025
OPTSTK,SAIL,27-Mar-2025,2025-03-27,130.00,PE,0.00,0.00,0.00,18.30,20.90,0,0.00,0,0,06-JAN-2025
OPTSTK,SAIL,30-Jan-2025,2025-01-30,130.00,PE,19.60,20.15,19.05,19.40,19.40,81,484.916,1904000,-60000,06-JAN-2025
OPTSTK,SAIL,27-Feb-2025,2025-02-27,112.50,CE,0.00,0.00,0.00,6.90,6.65,0,0.00,4000,0,06-JAN-2025
OPTSTK,SAIL,30-Jan-2025,2025-01-30,150.00,CE,0.10,0.10,0.05,0.05,0.05,6,36.016,280000,-4000,06-JAN-2025
OPTSTK,SAIL,27-Feb-2025,2025-02-27,117.50,PE,0.00,0.00,0.00,6.55,10.70,0,0.00,16000,0,06-JAN-2025
OPTSTK,SAIL,30-Jan-2025,2025-01-30,117.50,CE,2.75,2.75,1.60,1.75,1.75,1742,8320.512,2884000,596000,06-JAN-2025
OPTSTK,SAIL,30-Jan-2025,2025-01-30,105.00,PE,1.00,2.10,1.00,1.90,1.90,2615,11165.324,2900000,360000,06-JAN-2025
OPTSTK,SAIL,27-Mar-2025,2025-03-27,105.00,CE,0.00,0.00,0.00,20.05,12.50,0,0.00,0,0,06-JAN-2025
OPTSTK,SAIL,30-Jan-2025,2025-01-30,105.00,CE,9.20,9.20,7.40,7.65,7.65,61,275.294,144000,112000,06-JAN-2025
OPTSTK,SAIL,27-Feb-2025,2025-02-27,115.00,CE,5.60,5.70,4.80,5.15,5.65,22,105.89,124000,8000,06-JAN-2025
OPTSTK,SAIL,27-Feb-2025,2025-02-27,120.00,CE,4.00,4.00,3.20,3.30,3.30,26,128.514,192000,12000,06-JAN-2025
OPTSTK,SAIL,27-Feb-2025,2025-02-27,120.00,PE,0.00,0.00,0.00,8.95,12.40,0,0.00,52000,0,06-JAN-2025
FUTSTK,SAIL,30-Jan-2025,2025-01-30,,,114.58,114.58,110.24,110.81,110.81,6442,28687.3364,138824000,-3792000,06-JAN-2025
OPTSTK,SAIL,27-Feb-2025,2025-02-27,90.00,PE,0.00,0.00,0.00,2.10,0.70,0,0.00,0,0,06-JAN-2025
OPTSTK,SAIL,27-Mar-2025,2025-03-27,115.00,PE,0.00,0.00,0.00,9.70,10.50,0,0.00,0,0,06-JAN-2025
OPTSTK,SAIL,30-Jan-2025,2025-01-30,115.00,PE,4.20,7.00,4.20,6.55,6.55,621,3005.802,2652000,-40000,06-JAN-2025
OPTSTK,SAIL,27-Feb-2025,2025-02-27,115.00,PE,6.85,7.05,6.85,7.05,9.15,4,19.52,20000,12000,06-JAN-2025
OPTSTK,SAIL,30-Jan-2025,2025-01-30,140.00,CE,0.10,0.15,0.05,0.10,0.10,74,414.712,3072000,-44000,06-JAN-2025
OPTSTK,BHARATFORG,27-Mar-2025,2025-03-27,1120.00,PE,0.00,0.00,0.00,21.35,17.30,0,0.00,0,0,06-JAN-2025
OPTSTK,BHARATFORG,27-Feb-2025,2025-02-27,1120.00,PE,0.00,0.00,0.00,20.55,10.05,0,0.00,0,0,06-JAN-2025
OPTSTK,BHARATFORG,27-Feb-2025,2025-02-27,1160.00,PE,0.00,0.00,0.00,29.05,17.75,0,0.00,0,0,06-JAN-2025
OPTSTK,BHARATFORG,27-Mar-2025,2025-03-27,1160.00,PE,0.00,0.00,0.00,30.35,26.75,0,0.00,0,0,06-JAN-2025
OPTSTK,BHARATFORG,27-Feb-2025,2025-02-27,1460.00,PE,0.00,0.00,0.00,165.00,195.20,0,0.00,0,0,06-JAN-2025
OPTSTK,BHARATFORG,30-Jan-2025,2025-01-30,1460.00,CE,2.05,2.40,1.60,1.65,1.65,72,526.34,48500,500,06-JAN-2025
OPTSTK,BHARATFORG,27-Feb-2025,2025-02-27,1460.00,CE,0.00,0.00,0.00,37.55,9.85,0,0.00,0,0,06-JAN-2025
OPTSTK,BHARATFORG,30-Jan-2025,2025-01-30,1280.00,PE,25.45,49.85,25.00,45.30,45.30,753,4959.52575,185000,14000,06-JAN-2025
OPTSTK,BHARATFORG,27-Feb-2025,2025-02-27,1280.00,CE,0.00,0.00,0.00,140.40,56.40,0,0.00,0,0,06-JAN-2025
OPTSTK,BHARATFORG,27-Feb-2025,2025-02-27,1480.00,PE,0.00,0.00,0.00,180.95,213.00,0,0.00,0,0,06-JAN-2025
OPTSTK,BHARATFORG,30-Jan-2025,2025-01-30,1160.00,CE,115.15,115.15,104.10,109.05,109.05,8,50.7765,1000,1000,06-JAN-2025
OPTSTK,BHARATFORG,27-Feb-2025,2025-02-27,1440.00,PE,0.00,0.00,0.00,153.95,177.85,0,0.00,0,0,06-JAN-2025
OPTSTK,BHARATFORG,27-Feb-2025,2025-02-27,1080.00,CE,0.00,0.00,0.00,282.70,196.30,0,0.00,0,0,06-JAN-2025
OPTSTK,BHARATFORG,27-Feb-2025,2025-02-27,1360.00,PE,0.00,0.00,0.00,106.35,114.25,0,0.00,0,0,06-JAN-2025
OPTSTK,BHARATFORG,30-Jan-2025,2025-01-30,1440.00,PE,0.00,0.00,0.00,102.25,175.50,0,0.00,8000,0,06-JAN-2025
OPTSTK,BHARATFORG,27-Feb-2025,2025-02-27,1240.00,PE,0.00,0.00,0.00,52.70,44.10,0,0.00,0,0,06-JAN-2025
OPTSTK,BHARATFORG,30-Jan-2025,2025-01-30,1420.00,CE,5.60,5.60,2.70,3.00,3.00,247,1758.1245,125000,-2000,06-JAN-2025
OPTSTK,BHARATFORG,27-Feb-2025,2025-02-27,1380.00,CE,0.00,0.00,0.00,62.25,23.00,0,0.00,0,0,06-JAN-2025
FUTSTK,BHARATFORG,27-Mar-2025,2025-03-27,,,1307.90,1307.95,1272.00,1276.10,1276.10,31,200.42525,13500,3500,06-JAN-2025
OPTSTK,BHARATFORG,27-Mar-2025,2025-03-27,1520.00,PE,0.00,0.00,0.00,218.25,249.05,0,0.00,0,0,06-JAN-2025
OPTSTK,BHARATFORG,27-Mar-2025,2025-03-27,1040.00,PE,0.00,0.00,0.00,9.45,6.05,0,0.00,0,0,06-JAN-2025
OPTSTK,BHARATFORG,27-Mar-2025,2025-03-27,1240.00,CE,0.00,0.00,0.00,151.70,94.00,0,0.00,0,0,06-JAN-2025
OPTSTK,BHARATFORG,27-Mar-2025,2025-03-27,1400.00,PE,0.00,0.00,0.00,134.80,150.90,0,0.00,0,0,06-JAN-2025
OPTSTK,BHARATFORG,27-Feb-2025,2025-02-27,1400.00,PE,0.00,0.00,0.00,129.05,144.70,0,0.00,0,0,06-JAN-2025
OPTSTK,BHARATFORG,27-Feb-2025,2025-02-27,1400.00,CE,0.00,0.00,0.00,83.50,18.80,0,0.00,0,0,06-JAN-2025
OPTSTK,BHARATFORG,30-Jan-2025,2025-01-30,1420.00,PE,0.00,0.00,0.00,131.05,156.80,0,0.00,2000,0,06-JAN-2025
OPTSTK,BHARATFORG,30-Jan-2025,2025-01-30,1180.00,PE,4.45,11.25,4.20,9.85,9.85,174,1033.85525,69000,6000,06-JAN-2025
OPTSTK,BHARATFORG,27-Mar-2025,2025-03-27,1440.00,PE,0.00,0.00,0.00,160.60,181.70,0,0.00,0,0,06-JAN-2025
OPTSTK,BHARATFORG,27-Mar-2025,2025-03-27,1440.00,CE,0.00,0.00,0.00,60.85,23.55,0,0.00,0,0,06-JAN-2025
OPTSTK,BHARATFORG,30-Jan-2025,2025-01-30,1480.00,PE,0.00,0.00,0.00,158.00,213.85,0,0.00,3000,0,06-JAN-2025
OPTSTK,BHARATFORG,27-Feb-2025,2025-02-27,1160.00,CE,0.00,0.00,0.00,219.20,129.55,0,0.00,0,0,06-JAN-2025
OPTSTK,TIINDIA,27-Feb-2025,2025-02-27,3300.00,PE,0.00,0.00,0.00,178.45,103.80,0,0.00,0,0,06-JAN-2025
OPTSTK,TIINDIA,27-Feb-2025,2025-02-27,3400.00,CE,0.00,0.00,0.00,458.45,264.60,0,0.00,0,0,06-JAN-2025
OPTSTK,TIINDIA,30-Jan-2025,2025-01-30,3700.00,PE,0.00,0.00,0.00,145.00,258.35,0,0.00,750,0,06-JAN-2025
FUTSTK,TIINDIA,30-Jan-2025,2025-01-30,,,3595.70,3619.75,3481.00,3498.85,3498.85,1108,5866.1673,594750,38850,06-JAN-2025
OPTSTK,TIINDIA,27-Feb-2025,2025-02-27,3100.00,PE,0.00,0.00,0.00,113.40,48.80,0,0.00,0,0,06-JAN-2025
OPTSTK,TIINDIA,27-Mar-2025,2025-03-27,3100.00,CE,0.00,0.00,0.00,689.30,512.65,0,0.00,0,0,06-JAN-2025
OPTSTK,TIINDIA,27-Feb-2025,2025-02-27,3200.00,PE,0.00,0.00,0.00,143.60,72.70,0,0.00,0,0,06-JAN-2025
OPTSTK,TIINDIA,30-Jan-2025,2025-01-30,3200.00,CE,0.00,0.00,0.00,523.90,334.95,0,0.00,0,0,06-JAN-2025
OPTSTK,TIINDIA,27-Mar-2025,2025-03-27,3100.00,PE,0.00,0.00,0.00,96.45,77.65,0,0.00,0,0,06-JAN-2025
OPTSTK,TIINDIA,30-Jan-2025,2025-01-30,3100.00,CE,0.00,0.00,0.00,596.05,419.55,0,0.00,0,0,06-JAN-2025
OPTSTK,TIINDIA,30-Jan-2025,2025-01-30,4000.00,CE,17.00,17.85,16.00,16.00,15.15,13,78.3276,10800,450,06-JAN-2025
OPTSTK,TIINDIA,27-Feb-2025,2025-02-27,3000.00,PE,0.00,0.00,0.00,87.65,31.15,0,0.00,0,0,06-JAN-2025
OPTSTK,TIINDIA,30-Jan-2025,2025-01-30,3000.00,CE,0.00,0.00,0.00,673.35,510.45,0,0.00,0,0,06-JAN-2025
OPTSTK,TIINDIA,27-Mar-2025,2025-03-27,3900.00,PE,0.00,0.00,0.00,446.95,475.45,0,0.00,0,0,06-JAN-2025
OPTSTK,TIINDIA,30-Jan-2025,2025-01-30,3900.00,PE,0.00,0.00,0.00,341.55,418.65,0,0.00,6600,0,06-JAN-2025
OPTSTK,TIINDIA,27-Feb-2025,2025-02-27,4000.00,PE,0.00,0.00,0.00,553.45,528.35,0,0.00,0,0,06-JAN-2025
OPTSTK,TIINDIA,27-Mar-2025,2025-03-27,3000.00,PE,0.00,0.00,0.00,73.40,55.10,0,0.00,0,0,06-JAN-2025
OPTSTK,TIINDIA,27-Mar-2025,2025-03-27,3000.00,CE,0.00,0.00,0.00,764.50,588.65,0,0.00,0,0,06-JAN-2025
OPTSTK,TIINDIA,30-Jan-2025,2025-01-30,3800.00,CE,48.15,52.30,34.50,39.10,39.10,112,645.3603,30450,4050,06-JAN-2025
OPTSTK,TIINDIA,30-Jan-2025,2025-01-30,3850.00,PE,0.00,0.00,0.00,413.15,376.00,0,0.00,0,0,06-JAN-2025
OPTSTK,TIINDIA,27-Feb-2025,2025-02-27,3850.00,CE,0.00,0.00,0.00,208.90,86.95,0,0.00,0,0,06-JAN-2025
OPTSTK,TIINDIA,30-Jan-2025,2025-01-30,3600.00,PE,130.00,189.80,130.00,189.80,190.95,9,50.65365,12150,300,06-JAN-2025
OPTSTK,TIINDIA,30-Jan-2025,2025-01-30,3500.00,PE,88.15,153.00,88.15,140.00,140.00,31,168.885525,9300,450,06-JAN-2025
OPTSTK,TIINDIA,30-Jan-2025,2025-01-30,3500.00,CE,140.00,148.65,140.00,145.25,145.25,13,71.082375,2250,1950,06-JAN-2025
OPTSTK,TIINDIA,27-Feb-2025,2025-02-27,4100.00,CE,0.00,0.00,0.00,176.40,41.25,0,0.00,0,0,06-JAN-2025
OPTSTK,TIINDIA,30-Jan-2025,2025-01-30,3750.00,PE,0.00,0.00,0.00,350.70,295.60,0,0.00,0,0,06-JAN-2025
OPTSTK,TIINDIA,30-Jan-2025,2025-01-30,3750.00,CE,50.00,55.10,49.15,55.10,51.70,9,51.3075,4500,-300,06-JAN-2025
OPTSTK,TIINDIA,27-Feb-2025,2025-02-27,3000.00,CE,0.00,0.00,0.00,720.65,549.40,0,0.00,0,0,06-JAN-2025
OPTSTK,TIINDIA,30-Jan-2025,2025-01-30,3950.00,PE,0.00,0.00,0.00,480.45,462.70,0,0.00,0,0,06-JAN-2025
OPTSTK,TIINDIA,27-Feb-2025,2025-02-27,3950.00,CE,0.00,0.00,0.00,174.65,65.20,0,0.00,0,0,06-JAN-2025
OPTSTK,TIINDIA,30-Jan-2025,2025-01-30,3350.00,PE,0.00,0.00,0.00,154.80,70.45,0,0.00,0,0,06-JAN-2025
OPTSTK,TIINDIA,30-Jan-2025,2025-01-30,3700.00,CE,78.35,84.65,58.75,62.25,62.25,82,463.317525,16050,2850,06-JAN-2025
OPTSTK,DIVISLAB,27-Feb-2025,2025-02-27,5550.00,PE,0.00,0.00,0.00,129.20,76.45,0,0.00,0,0,06-JAN-2025
OPTSTK,DIVISLAB,30-Jan-2025,2025-01-30,5550.00,CE,376.30,409.35,376.30,409.35,398.90,3,17.81685,200,200,06-JAN-2025
OPTSTK,DIVISLAB,27-Feb-2025,2025-02-27,5550.00,CE,0.00,0.00,0.00,535.50,471.20,0,0.00,0,0,06-JAN-2025
OPTSTK,DIVISLAB,30-Jan-2025,2025-01-30,5450.00,CE,0.00,0.00,0.00,660.30,484.45,0,0.00,0,0,06-JAN-2025
OPTSTK,DIVISLAB,27-Mar-2025,2025-03-27,5200.00,CE,0.00,0.00,0.00,860.10,807.80,0,0.00,0,0,06-JAN-2025
OPTSTK,DIVISLAB,27-Feb-2025,2025-02-27,6150.00,CE,0.00,0.00,0.00,218.95,145.00,0,0.00,0,0,06-JAN-2025
OPTSTK,DIVISLAB,30-Jan-2025,2025-01-30,6150.00,CE,100.05,104.90,58.65,67.50,67.50,777,4836.4145,25300,2000,06-JAN-2025
OPTSTK,DIVISLAB,27-Feb-2025,2025-02-27,6300.00,CE,0.00,0.00,0.00,268.25,100.00,0,0.00,0,0,06-JAN-2025
OPTSTK,DIVISLAB,27-Feb-2025,2025-02-27,5650.00,PE,0.00,0.00,0.00,162.20,104.45,0,0.00,0,0,06-JAN-2025
OPTSTK,DIVISLAB,30-Jan-2025,2025-01-30,6900.00,CE,4.00,4.75,3.00,4.75,4.75,39,269.2436,5000,0,06-JAN-2025
OPTSTK,DIVISLAB,27-Feb-2025,2025-02-27,6900.00,CE,0.00,0.00,0.00,110.20,16.65,0,0.00,0,0,06-JAN-2025
OPTSTK,DIVISLAB,30-Jan-2025,2025-01-30,5700.00,PE,42.15,83.00,40.50,74.65,74.65,1186,6839.56065,56700,-9100,06-JAN-2025
OPTSTK,DIVISLAB,27-Mar-2025,2025-03-27,5700.00,PE,0.00,0.00,0.00,223.60,159.30,0,0.00,0,0,06-JAN-2025
OPTSTK,DIVISLAB,30-Jan-2025,2025-01-30,6800.00,PE,0.00,0.00,0.00,908.10,880.85,0,0.00,0,0,06-JAN-2025
FUTSTK,DIVISLAB,30-Jan-2025,2025-01-30,,,6077.50,6077.50,5870.40,5905.60,5905.60,7633,45286.4377,3117800,-40000,06-JAN-2025
OPTSTK,DIVISLAB,27-Mar-2025,2025-03-27,7000.00,CE,0.00,0.00,0.00,78.80,33.85,0,0.00,0,0,06-JAN-2025
OPTSTK,DIVISLAB,30-Jan-2025,2025-01-30,6100.00,CE,117.35,125.00,69.00,81.60,81.60,2242,13871.3776,101000,18400,06-JAN-2025
OPTSTK,DIVISLAB,27-Feb-2025,2025-02-27,5700.00,PE,0.00,0.00,0.00,206.15,120.85,0,0.00,0,0,06-JAN-2025
OPTSTK,DIVISLAB,27-Feb-2025,2025-02-27,6100.00,PE,0.00,0.00,0.00,387.30,313.00,0,0.00,0,0,06-JAN-2025
OPTSTK,DIVISLAB,27-Mar-2025,2025-03-27,5700.00,CE,0.00,0.00,0.00,513.30,434.60,0,0.00,0,0,06-JAN-2025
OPTSTK,DIVISLAB,30-Jan-2025,2025-01-30,5700.00,CE,310.00,310.00,262.55,291.95,291.95,259,1551.8331,37800,20900,06-JAN-2025
OPTSTK,DIVISLAB,27-Mar-2025,2025-03-27,6800.00,PE,0.00,0.00,0.00,900.60,863.25,0,0.00,0,0,06-JAN-2025
OPTSTK,DIVISLAB,27-Mar-2025,2025-03-27,6400.00,PE,0.00,0.00,0.00,602.65,544.60,0,0.00,0,0,06-JAN-2025
OPTSTK,DIVISLAB,27-Mar-2025,2025-03-27,6100.00,PE,0.00,0.00,0.00,415.40,348.15,0,0.00,0,0,06-JAN-2025
OPTSTK,DIVISLAB,27-Mar-2025,2025-03-27,6100.00,CE,0.00,0.00,0.00,312.30,229.35,0,0.00,0,0,06-JAN-2025
OPTSTK,DIVISLAB,30-Jan-2025,2025-01-30,5000.00,PE,4.40,4.40,2.00,4.30,4.30,47,235.18415,12900,100,06-JAN-2025
OPTSTK,DIVISLAB,30-Jan-2025,2025-01-30,5000.00,CE,0.00,0.00,0.00,875.00,914.35,0,0.00,200,0,06-JAN-2025
OPTSTK,DIVISLAB,27-Feb-2025,2025-02-27,6300.00,PE,0.00,0.00,0.00,502.80,448.15,0,0.00,100,0,06-JAN-2025
OPTSTK,DIVISLAB,27-Mar-2025,2025-03-27,5600.00,CE,0.00,0.00,0.00,574.40,499.60,0,0.00,0,0,06-JAN-2025
OPTSTK,DIVISLAB,30-Jan-2025,2025-01-30,6100.00,PE,191.50,290.80,182.95,273.30,273.30,302,1916.10505,30500,-10300,06-JAN-2025
OPTSTK,DIVISLAB,27-Feb-2025,2025-02-27,6100.00,CE,0.00,0.00,0.00,264.85,163.00,0,0.00,200,0,06-JAN-2025
OPTSTK,DIVISLAB,27-Feb-2025,2025-02-27,5700.00,CE,0.00,0.00,0.00,560.75,367.00,0,0.00,0,0,06-JAN-2025
OPTSTK,HINDALCO,30-Jan-2025,2025-01-30,690.00,CE,0.70,0.70,0.55,0.60,0.25,62,599.459,359800,4200,06-JAN-2025
OPTSTK,HINDALCO,30-Jan-2025,2025-01-30,600.00,CE,13.90,14.00,7.20,7.80,7.80,3903,33300.918,3206000,796600,06-JAN-2025
OPTSTK,HINDALCO,27-Mar-2025,2025-03-27,600.00,CE,0.00,0.00,0.00,68.35,26.40,0,0.00,0,0,06-JAN-2025
OPTSTK,HINDALCO,27-Mar-2025,2025-03-27,600.00,PE,0.00,0.00,0.00,28.75,43.50,0,0.00,0,0,06-JAN-2025
OPTSTK,HINDALCO,27-Feb-2025,2025-02-27,580.00,PE,20.00,25.65,20.00,25.40,27.45,13,109.6333,32200,7000,06-JAN-2025
OPTSTK,HINDALCO,30-Jan-2025,2025-01-30,540.00,PE,2.50,5.25,2.20,4.80,4.80,1273,9693.25,658000,53200,06-JAN-2025
OPTSTK,HINDALCO,27-Mar-2025,2025-03-27,540.00,CE,0.00,0.00,0.00,109.45,57.75,0,0.00,0,0,06-JAN-2025
OPTSTK,HINDALCO,30-Jan-2025,2025-01-30,640.00,PE,50.30,67.00,49.30,65.35,65.35,277,2729.4008,891800,-172200,06-JAN-2025
OPTSTK,HINDALCO,27-Feb-2025,2025-02-27,570.00,CE,0.00,0.00,0.00,79.20,32.05,0,0.00,0,0,06-JAN-2025
OPTSTK,HINDALCO,27-Feb-2025,2025-02-27,570.00,PE,15.30,20.80,15.30,20.80,20.80,2,16.4654,1400,1400,06-JAN-2025
OPTSTK,HINDALCO,30-Jan-2025,2025-01-30,580.00,CE,22.30,24.35,14.20,15.05,15.05,1758,14696.1612,698600,490000,06-JAN-2025
FUTSTK,HINDALCO,27-Feb-2025,2025-02-27,,,604.00,604.00,578.25,580.45,580.45,436,3576.8047,933800,182000,06-JAN-2025
OPTSTK,HINDALCO,30-Jan-2025,2025-01-30,570.00,PE,7.10,14.40,7.00,13.30,13.30,2165,17633.3402,952000,390600,06-JAN-2025
OPTSTK,HINDALCO,30-Jan-2025,2025-01-30,570.00,CE,29.85,30.85,19.20,20.40,20.40,479,3969.4844,198800,103600,06-JAN-2025
OPTSTK,HINDALCO,27-Feb-2025,2025-02-27,670.00,PE,0.00,0.00,0.00,58.95,93.45,0,0.00,0,0,06-JAN-2025
OPTSTK,HINDALCO,27-Mar-2025,2025-03-27,680.00,PE,0.00,0.00,0.00,70.75,102.90,0,0.00,0,0,06-JAN-2025
OPTSTK,HINDALCO,30-Jan-2025,2025-01-30,720.00,CE,0.35,0.40,0.25,0.35,0.35,38,383.2402,274400,-1400,06-JAN-2025
OPTSTK,HINDALCO,27-Feb-2025,2025-02-27,720.00,PE,0.00,0.00,0.00,85.95,140.05,0,0.00,0,0,06-JAN-2025
OPTSTK,HINDALCO,27-Feb-2025,2025-02-27,680.00,CE,0.00,0.00,0.00,43.00,3.10,0,0.00,0,0,06-JAN-2025
OPTSTK,HINDALCO,27-Feb-2025,2025-02-27,650.00,CE,6.50,6.50,5.75,6.00,6.45,14,128.5872,54600,11200,06-JAN-2025
OPTSTK,HINDALCO,30-Jan-2025,2025-01-30,650.00,PE,60.80,77.00,58.50,74.95,74.95,133,1349.0925,866600,-84000,06-JAN-2025
OPTSTK,HINDALCO,30-Jan-2025,2025-01-30,730.00,CE,0.30,0.30,0.30,0.30,0.05,1,10.2242,78400,-1400,06-JAN-2025
OPTSTK,HINDALCO,30-Jan-2025,2025-01-30,520.00,CE,62.00,62.00,57.00,57.00,57.00,4,32.4933,12600,-1400,06-JAN-2025
FUTSTK,HINDALCO,27-Mar-2025,2025-03-27,,,601.00,601.00,581.55,584.15,584.15,113,929.6035,169400,60200,06-JAN-2025
OPTSTK,HINDALCO,30-Jan-2025,2025-01-30,700.00,PE,115.00,115.00,115.00,115.00,122.95,1,11.41,429800,0,06-JAN-2025
OPTSTK,HINDALCO,30-Jan-2025,2025-01-30,710.00,PE,0.00,0.00,0.00,87.50,132.85,0,0.00,8400,0,06-JAN-2025
OPTSTK,HINDALCO,27-Feb-2025,2025-02-27,640.00,PE,0.00,0.00,0.00,30.00,67.90,0,0.00,5600,0,06-JAN-2025
OPTSTK,HINDALCO,30-Jan-2025,2025-01-30,640.00,CE,3.35,3.50,1.95,2.10,2.10,1839,16539.5272,2567600,37800,06-JAN-2025
OPTSTK,HINDALCO,27-Mar-2025,2025-03-27,640.00,PE,0.00,0.00,0.00,47.20,70.60,0,0.00,0,0,06-JAN-2025
OPTSTK,HINDALCO,27-Feb-2025,2025-02-27,640.00,CE,8.55,8.95,7.90,7.90,8.15,11,99.8977,51800,-4200,06-JAN-2025
OPTSTK,HINDALCO,30-Jan-2025,2025-01-30,660.00,PE,72.65,84.85,72.30,83.00,83.95,29,300.0116,354200,-28000,06-JAN-2025
OPTSTK,IEX,30-Jan-2025,2025-01-30,187.50,CE,2.85,3.20,1.65,1.85,1.85,386,2746.90875,476250,22500,06-JAN-2025
OPTSTK,IEX,30-Jan-2025,2025-01-30,210.00,PE,34.00,34.00,34.00,34.00,35.65,1,9.15,562500,-3750,06-JAN-2025
OPTSTK,IEX,27-Mar-2025,2025-03-27,210.00,PE,0.00,0.00,0.00,33.10,35.90,0,0.00,0,0,06-JAN-2025
OPTSTK,IEX,27-Feb-2025,2025-02-27,210.00,PE,32.00,34.50,30.00,33.60,35.55,5,45.51375,3750,3750,06-JAN-2025
OPTSTK,IEX,27-Mar-2025,2025-03-27,155.00,PE,0.00,0.00,0.00,4.70,3.65,0,0.00,0,0,06-JAN-2025
OPTSTK,IEX,27-Feb-2025,2025-02-27,155.00,PE,0.00,0.00,0.00,6.10,2.30,0,0.00,0,0,06-JAN-2025
OPTSTK,IEX,30-Jan-2025,2025-01-30,202.50,CE,0.65,0.65,0.35,0.40,0.40,76,578.54625,142500,37500,06-JAN-2025
OPTSTK,IEX,27-Mar-2025,2025-03-27,170.00,CE,0.00,0.00,0.00,22.80,14.95,0,0.00,0,0,06-JAN-2025
OPTSTK,IEX,27-Feb-2025,2025-02-27,182.50,CE,0.00,0.00,0.00,13.20,6.60,0,0.00,0,0,06-JAN-2025
OPTSTK,IEX,30-Jan-2025,2025-01-30,182.50,CE,4.10,4.95,2.70,3.00,3.00,727,5077.005,843750,172500,06-JAN-2025
OPTSTK,IEX,27-Feb-2025,2025-02-27,182.50,PE,0.00,0.00,0.00,13.25,13.75,0,0.00,0,0,06-JAN-2025
OPTSTK,IEX,27-Feb-2025,2025-02-27,167.50,CE,0.00,0.00,0.00,21.40,13.70,0,0.00,0,0,06-JAN-2025
OPTSTK,IEX,30-Jan-2025,2025-01-30,167.50,CE,13.10,13.75,9.80,10.10,10.10,36,240.40875,63750,33750,06-JAN-2025
OPTSTK,IEX,30-Jan-2025,2025-01-30,215.00,CE,0.20,0.20,0.15,0.15,0.15,30,242.068125,352500,-7500,06-JAN-2025
OPTSTK,IEX,30-Jan-2025,2025-01-30,152.50,PE,0.45,0.70,0.25,0.65,0.50,87,499.216875,663750,30000,06-JAN-2025
OPTSTK,IEX,27-Feb-2025,2025-02-27,180.00,PE,0.00,0.00,0.00,8.40,12.20,0,0.00,3750,0,06-JAN-2025
OPTSTK,IEX,27-Mar-2025,2025-03-27,180.00,PE,0.00,0.00,0.00,14.05,13.95,0,0.00,0,0,06-JAN-2025
FUTSTK,IEX,27-Feb-2025,2025-02-27,,,179.97,180.76,174.09,174.60,174.60,311,2068.20975,1676250,90000,06-JAN-2025
OPTSTK,IEX,30-Jan-2025,2025-01-30,140.00,PE,0.20,0.20,0.15,0.20,0.20,8,42.054375,63750,18750,06-JAN-2025
OPTSTK,IEX,30-Jan-2025,2025-01-30,195.00,CE,1.50,1.60,0.80,0.90,0.90,650,4778.52375,982500,-397500,06-JAN-2025
OPTSTK,IEX,27-Mar-2025,2025-03-27,195.00,CE,0.00,0.00,0.00,11.30,5.35,0,0.00,0,0,06-JAN-2025
OPTSTK,IEX,30-Jan-2025,2025-01-30,185.00,CE,3.55,4.00,2.15,2.35,2.35,1322,9314.69625,2362500,-153750,06-JAN-2025
OPTSTK,IEX,27-Feb-2025,2025-02-27,205.00,PE,0.00,0.00,0.00,33.30,31.10,0,0.00,0,0,06-JAN-2025
OPTSTK,IEX,30-Jan-2025,2025-01-30,160.00,PE,1.00,1.80,0.70,1.70,1.70,647,3913.57687,1053750,105000,06-JAN-2025
OPTSTK,IEX,27-Feb-2025,2025-02-27,160.00,CE,0.00,0.00,0.00,25.50,18.60,0,0.00,0,0,06-JAN-2025
OPTSTK,IEX,30-Jan-2025,2025-01-30,160.00,CE,19.10,19.40,15.25,16.20,16.20,11,73.318125,30000,15000,06-JAN-2025
OPTSTK,IEX,27-Mar-2025,2025-03-27,160.00,PE,0.00,0.00,0.00,6.10,5.05,0,0.00,0,0,06-JAN-2025
OPTSTK,IEX,27-Feb-2025,2025-02-27,160.00,PE,2.10,3.00,2.10,3.00,3.50,5,30.478125,105000,15000,06-JAN-2025
OPTSTK,IEX,30-Jan-2025,2025-01-30,145.00,PE,0.00,0.00,0.00,4.85,0.15,0,0.00,11250,0,06-JAN-2025
OPTSTK,IEX,30-Jan-2025,2025-01-30,157.50,CE,18.55,18.55,17.50,17.50,17.90,2,13.164375,7500,7500,06-JAN-2025
OPTSTK,IEX,27-Feb-2025,2025-02-27,157.50,PE,0.00,0.00,0.00,3.70,2.85,0,0.00,0,0,06-JAN-2025
OPTSTK,IEX,27-Feb-2025,2025-02-27,175.00,CE,0.00,0.00,0.00,17.20,9.70,0,0.00,0,0,06-JAN-2025
OPTSTK,IEX,27-Feb-2025,2025-02-27,187.50,CE,0.00,0.00,0.00,11.05,5.00,0,0.00,0,0,06-JAN-2025
OPTSTK,MARICO,27-Feb-2025,2025-02-27,690.00,PE,0.00,0.00,0.00,62.65,46.35,0,0.00,0,0,06-JAN-2025
OPTSTK,MARICO,27-Mar-2025,2025-03-27,640.00,CE,0.00,0.00,0.00,39.80,39.50,0,0.00,0,0,06-JAN-2025
OPTSTK,MARICO,30-Jan-2025,2025-01-30,640.00,PE,9.95,18.80,9.75,12.55,12.55,2082,16356.4704,276000,-16800,06-JAN-2025
OPTSTK,MARICO,27-Feb-2025,2025-02-27,580.00,CE,0.00,0.00,0.00,85.75,76.60,0,0.00,0,0,06-JAN-2025
OPTSTK,MARICO,30-Jan-2025,2025-01-30,640.00,CE,29.10,29.10,15.50,22.30,22.30,1412,11187.8706,201600,0,06-JAN-2025
FUTSTK,MARICO,27-Mar-2025,2025-03-27,,,0.00,0.00,0.00,662.45,658.00,0,0.00,4800,0,06-JAN-2025
OPTSTK,MARICO,27-Feb-2025,2025-02-27,570.00,CE,0.00,0.00,0.00,76.75,85.60,0,0.00,0,0,06-JAN-2025
OPTSTK,MARICO,30-Jan-2025,2025-01-30,740.00,PE,0.00,0.00,0.00,82.45,88.75,0,0.00,12000,0,06-JAN-2025
OPTSTK,MARICO,27-Feb-2025,2025-02-27,720.00,CE,0.00,0.00,0.00,16.75,5.20,0,0.00,0,0,06-JAN-2025
OPTSTK,MARICO,30-Jan-2025,2025-01-30,560.00,PE,1.15,1.15,0.70,0.90,0.90,51,343.2732,43200,-24000,06-JAN-2025
OPTSTK,MARICO,27-Mar-2025,2025-03-27,560.00,PE,0.00,0.00,0.00,8.35,2.65,0,0.00,0,0,06-JAN-2025
OPTSTK,MARICO,27-Feb-2025,2025-02-27,610.00,CE,0.00,0.00,0.00,48.15,51.90,0,0.00,0,0,06-JAN-2025
OPTSTK,MARICO,30-Jan-2025,2025-01-30,700.00,PE,45.00,62.00,45.00,56.40,51.35,5,45.2712,13200,-1200,06-JAN-2025
OPTSTK,MARICO,27-Mar-2025,2025-03-27,700.00,CE,0.00,0.00,0.00,17.95,14.75,0,0.00,0,0,06-JAN-2025
OPTSTK,MARICO,27-Feb-2025,2025-02-27,710.00,PE,0.00,0.00,0.00,78.05,61.70,0,0.00,0,0,06-JAN-2025
OPTSTK,MARICO,27-Feb-2025,2025-02-27,710.00,CE,0.00,0.00,0.00,9.55,6.85,0,0.00,0,0,06-JAN-2025
OPTSTK,MARICO,27-Mar-2025,2025-03-27,600.00,PE,0.00,0.00,0.00,18.80,8.85,0,0.00,0,0,06-JAN-2025
OPTSTK,MARICO,27-Feb-2025,2025-02-27,600.00,CE,0.00,0.00,0.00,71.25,59.70,0,0.00,0,0,06-JAN-2025
OPTSTK,MARICO,30-Jan-2025,2025-01-30,570.00,CE,0.00,0.00,0.00,87.30,81.15,0,0.00,0,0,06-JAN-2025
OPTSTK,MARICO,30-Jan-2025,2025-01-30,590.00,PE,2.65,3.20,1.70,2.10,2.10,194,1379.3658,187200,-18000,06-JAN-2025
OPTSTK,MARICO,27-Feb-2025,2025-02-27,590.00,PE,0.00,0.00,0.00,11.60,3.95,0,0.00,0,0,06-JAN-2025
OPTSTK,MARICO,30-Jan-2025,2025-01-30,520.00,PE,0.00,0.00,0.00,0.35,0.05,0,0.00,4800,0,06-JAN-2025
OPTSTK,MARICO,27-Feb-2025,2025-02-27,630.00,PE,0.00,0.00,0.00,26.25,13.65,0,0.00,1200,0,06-JAN-2025
OPTSTK,MARICO,27-Feb-2025,2025-02-27,690.00,CE,0.00,0.00,0.00,13.90,11.30,0,0.00,0,0,06-JAN-2025
OPTSTK,MARICO,30-Jan-2025,2025-01-30,690.00,CE,10.10,10.60,2.95,4.65,4.65,1280,10669.6728,216000,2400,06-JAN-2025
OPTSTK,MARICO,27-Feb-2025,2025-02-27,600.00,PE,0.00,0.00,0.00,15.55,5.60,0,0.00,0,0,06-JAN-2025
OPTSTK,MARICO,30-Jan-2025,2025-01-30,620.00,PE,4.30,9.90,4.00,6.35,6.35,1749,13169.2668,475200,-51600,06-JAN-2025
OPTSTK,MARICO,27-Feb-2025,2025-02-27,560.00,PE,0.00,0.00,0.00,6.65,1.15,0,0.00,0,0,06-JAN-2025
OPTSTK,MARICO,30-Jan-2025,2025-01-30,560.00,CE,0.00,0.00,0.00,96.95,90.95,0,0.00,0,0,06-JAN-2025
OPTSTK,MARICO,30-Jan-2025,2025-01-30,500.00,PE,0.00,0.00,0.00,0.20,0.05,0,0.00,10800,0,06-JAN-2025
OPTSTK,MARICO,30-Jan-2025,2025-01-30,760.00,PE,0.00,0.00,0.00,114.15,108.40,0,0.00,0,0,06-JAN-2025
OPTSTK,MARICO,30-Jan-2025,2025-01-30,540.00,PE,0.65,0.65,0.50,0.60,0.05,13,84.3324,70800,-3600,06-JAN-2025
OPTSTK,UBL,30-Jan-2025,2025-01-30,2320.00,CE,6.00,6.00,3.35,3.35,2.15,9,83.6876,14400,400,06-JAN-2025
OPTSTK,HUDCO,30-Jan-2025,2025-01-30,215.00,PE,1.30,3.30,1.05,2.85,2.85,175,921.598212,223100,-2425,06-JAN-2025
OPTSTK,UBL,30-Jan-2025,2025-01-30,2220.00,PE,0.00,0.00,0.00,122.00,144.70,0,0.00,2400,0,06-JAN-2025
OPTSTK,HUDCO,30-Jan-2025,2025-01-30,245.00,CE,12.00,15.80,8.05,8.95,8.95,1043,6467.94787,1258575,618375,06-JAN-2025
OPTSTK,UBL,27-Feb-2025,2025-02-27,2220.00,PE,0.00,0.00,0.00,211.60,153.20,0,0.00,0,0,06-JAN-2025
OPTSTK,HUDCO,27-Mar-2025,2025-03-27,210.00,PE,0.00,0.00,0.00,18.95,10.05,0,0.00,0,0,06-JAN-2025
OPTSTK,UBL,27-Feb-2025,2025-02-27,1960.00,CE,0.00,0.00,0.00,116.05,158.25,0,0.00,0,0,06-JAN-2025
OPTSTK,UBL,27-Feb-2025,2025-02-27,1960.00,PE,0.00,0.00,0.00,107.35,23.75,0,0.00,0,0,06-JAN-2025
FUTSTK,HUDCO,27-Feb-2025,2025-02-27,,,250.09,255.73,239.60,241.99,241.99,507,3058.74877,923925,101850,06-JAN-2025
OPTSTK,HUDCO,27-Mar-2025,2025-03-27,240.00,PE,0.00,0.00,0.00,34.50,22.80,0,0.00,0,0,06-JAN-2025
OPTSTK,UBL,30-Jan-2025,2025-01-30,2040.00,CE,73.45,74.00,73.45,74.00,75.45,10,84.5454,23200,-3600,06-JAN-2025
OPTSTK,UBL,30-Jan-2025,2025-01-30,2180.00,CE,19.70,29.35,16.25,16.45,16.45,50,440.4232,12400,800,06-JAN-2025
OPTSTK,UBL,27-Feb-2025,2025-02-27,2180.00,CE,0.00,0.00,0.00,44.00,41.25,0,0.00,0,0,06-JAN-2025
OPTSTK,UBL,27-Feb-2025,2025-02-27,2180.00,PE,0.00,0.00,0.00,181.55,124.65,0,0.00,0,0,06-JAN-2025
OPTSTK,UBL,30-Jan-2025,2025-01-30,2180.00,PE,0.00,0.00,0.00,120.00,112.10,0,0.00,1200,0,06-JAN-2025
OPTSTK,UBL,27-Feb-2025,2025-02-27,1840.00,CE,0.00,0.00,0.00,183.05,259.05,0,0.00,0,0,06-JAN-2025
OPTSTK,UBL,27-Feb-2025,2025-02-27,2200.00,PE,0.00,0.00,0.00,264.95,138.55,0,0.00,0,0,06-JAN-2025
OPTSTK,UBL,30-Jan-2025,2025-01-30,2200.00,CE,21.95,24.95,11.80,13.50,13.50,258,2288.4574,96400,2800,06-JAN-2025
OPTSTK,HUDCO,27-Feb-2025,2025-02-27,220.00,CE,0.00,0.00,0.00,35.95,31.30,0,0.00,0,0,06-JAN-2025
OPTSTK,UBL,30-Jan-2025,2025-01-30,2060.00,CE,75.30,75.30,55.50,58.55,58.55,33,279.6626,14800,-7600,06-JAN-2025
OPTSTK,HUDCO,27-Feb-2025,2025-02-27,235.00,PE,0.00,0.00,0.00,27.35,16.25,0,0.00,0,0,06-JAN-2025
OPTSTK,UBL,27-Feb-2025,2025-02-27,2320.00,CE,0.00,0.00,0.00,19.75,12.60,0,0.00,0,0,06-JAN-2025
OPTSTK,UBL,30-Jan-2025,2025-01-30,2320.00,PE,0.00,0.00,0.00,212.35,236.10,0,0.00,0,0,06-JAN-2025
OPTSTK,UBL,27-Feb-2025,2025-02-27,2320.00,PE,0.00,0.00,0.00,364.55,234.65,0,0.00,0,0,06-JAN-2025
OPTSTK,HUDCO,27-Feb-2025,2025-02-27,215.00,CE,0.00,0.00,0.00,32.40,34.55,0,0.00,0,0,06-JAN-2025
OPTSTK,HUDCO,30-Jan-2025,2025-01-30,215.00,CE,31.05,36.55,31.05,32.80,29.05,11,66.2037125,65475,-9700,06-JAN-2025
OPTSTK,UBL,27-Feb-2025,2025-02-27,2340.00,CE,0.00,0.00,0.00,15.40,10.40,0,0.00,0,0,06-JAN-2025
OPTSTK,UBL,27-Feb-2025,2025-02-27,2340.00,PE,0.00,0.00,0.00,311.00,252.25,0,0.00,0,0,06-JAN-2025
FUTSTK,UBL,27-Feb-2025,2025-02-27,,,2120.00,2120.00,2054.50,2061.40,2061.40,43,357.8486,15600,2000,06-JAN-2025
OPTSTK,UBL,30-Jan-2025,2025-01-30,1800.00,PE,3.00,3.15,2.55,3.05,3.05,67,483.1768,15200,1600,06-JAN-2025
OPTSTK,HUDCO,30-Jan-2025,2025-01-30,205.00,PE,0.85,1.90,0.60,1.60,1.60,56,280.172375,276450,12125,06-JAN-2025
OPTSTK,HUDCO,30-Jan-2025,2025-01-30,205.00,CE,0.00,0.00,0.00,32.40,37.15,0,0.00,21825,0,06-JAN-2025
OPTSTK,HUDCO,27-Feb-2025,2025-02-27,205.00,PE,0.00,0.00,0.00,12.95,5.45,0,0.00,0,0,06-JAN-2025
OPTSTK,GODREJCP,27-Feb-2025,2025-02-27,1190.00,PE,0.00,0.00,0.00,125.35,67.25,0,0.00,0,0,06-JAN-2025
OPTSTK,GODREJCP,27-Feb-2025,2025-02-27,1190.00,CE,0.00,0.00,0.00,21.50,30.50,0,0.00,0,0,06-JAN-2025
OPTSTK,GODREJCP,30-Jan-2025,2025-01-30,1110.00,PE,19.30,25.95,16.00,18.95,18.95,731,4129.63025,63500,10500,06-JAN-2025
OPTSTK,HDFCAMC,27-Feb-2025,2025-02-27,3900.00,PE,0.00,0.00,0.00,150.10,88.85,0,0.00,0,0,06-JAN-2025
OPTSTK,GODREJCP,27-Feb-2025,2025-02-27,960.00,CE,0.00,0.00,0.00,310.65,192.45,0,0.00,0,0,06-JAN-2025
OPTSTK,INDUSINDBK,30-Jan-2025,2025-01-30,1140.00,CE,3.75,3.75,1.95,2.05,2.05,882,5038.27425,211000,-25000,06-JAN-2025
OPTSTK,GODREJCP,27-Feb-2025,2025-02-27,1140.00,CE,0.00,0.00,0.00,34.95,52.25,0,0.00,0,0,06-JAN-2025
OPTSTK,INDUSINDBK,27-Mar-2025,2025-03-27,1120.00,PE,0.00,0.00,0.00,190.65,151.70,0,0.00,0,0,06-JAN-2025
OPTSTK,INDUSINDBK,30-Jan-2025,2025-01-30,1160.00,PE,0.00,0.00,0.00,136.60,185.45,0,0.00,11500,0,06-JAN-2025
FUTSTK,INDUSINDBK,27-Mar-2025,2025-03-27,,,1015.00,1015.00,979.00,985.75,985.75,200,989.8285,150000,53000,06-JAN-2025
OPTSTK,INDUSINDBK,27-Feb-2025,2025-02-27,1010.00,PE,0.00,0.00,0.00,101.55,65.75,0,0.00,0,0,06-JAN-2025
OPTSTK,HDFCAMC,27-Feb-2025,2025-02-27,4000.00,PE,100.00,100.00,100.00,100.00,124.70,2,12.3,300,300,06-JAN-2025
OPTSTK,HDFCAMC,27-Feb-2025,2025-02-27,4800.00,CE,0.00,0.00,0.00,142.85,25.65,0,0.00,0,0,06-JAN-2025
OPTSTK,HDFCAMC,27-Feb-2025,2025-02-27,4700.00,CE,0.00,0.00,0.00,168.45,36.60,0,0.00,0,0,06-JAN-2025
OPTSTK,GODREJCP,30-Jan-2025,2025-01-30,1010.00,CE,0.00,0.00,0.00,82.05,137.20,0,0.00,9000,0,06-JAN-2025
OPTSTK,GODREJCP,27-Mar-2025,2025-03-27,960.00,CE,0.00,0.00,0.00,147.85,199.70,0,0.00,0,0,06-JAN-2025
OPTSTK,INDUSINDBK,30-Jan-2025,2025-01-30,960.00,CE,48.70,58.00,38.75,42.50,42.50,471,2366.007,640500,-4500,06-JAN-2025
OPTSTK,HDFCAMC,27-Mar-2025,2025-03-27,3900.00,CE,0.00,0.00,0.00,568.50,383.85,0,0.00,0,0,06-JAN-2025
OPTSTK,INDUSINDBK,27-Feb-2025,2025-02-27,960.00,CE,65.00,69.20,58.00,58.80,58.80,33,168.78875,23000,11000,06-JAN-2025
OPTSTK,GODREJCP,27-Feb-2025,2025-02-27,960.00,PE,0.00,0.00,0.00,2.10,1.45,0,0.00,0,0,06-JAN-2025
OPTSTK,HDFCAMC,30-Jan-2025,2025-01-30,3800.00,CE,342.40,342.65,342.40,342.65,346.40,2,12.427575,300,300,06-JAN-2025
OPTSTK,HDFCAMC,27-Feb-2025,2025-02-27,3800.00,CE,0.00,0.00,0.00,597.40,402.10,0,0.00,0,0,06-JAN-2025
OPTSTK,GODREJCP,27-Feb-2025,2025-02-27,1140.00,PE,0.00,0.00,0.00,89.45,39.50,0,0.00,0,0,06-JAN-2025
OPTSTK,INDUSINDBK,30-Jan-2025,2025-01-30,1200.00,PE,202.00,227.45,202.00,227.45,224.85,9,63.62225,298500,1500,06-JAN-2025
OPTSTK,GODREJCP,27-Mar-2025,2025-03-27,1200.00,CE,0.00,0.00,0.00,30.45,39.85,0,0.00,0,0,06-JAN-2025
OPTSTK,GODREJCP,30-Jan-2025,2025-01-30,1170.00,CE,12.20,31.00,10.60,21.55,21.55,1519,9051.02575,72500,33500,06-JAN-2025
OPTSTK,GODREJCP,27-Feb-2025,2025-02-27,1170.00,PE,0.00,0.00,0.00,110.35,55.15,0,0.00,0,0,06-JAN-2025
OPTSTK,GODREJCP,30-Jan-2025,2025-01-30,1170.00,PE,57.10,57.10,41.05,48.15,48.15,94,571.53775,14500,11500,06-JAN-2025
OPTSTK,GODREJCP,27-Feb-2025,2025-02-27,1170.00,CE,0.00,0.00,0.00,26.20,38.20,0,0.00,0,0,06-JAN-2025
OPTSTK,HDFCAMC,30-Jan-2025,2025-01-30,4700.00,PE,0.00,0.00,0.00,438.00,581.40,0,0.00,4950,0,06-JAN-2025
OPTSTK,GODREJCP,27-Feb-2025,2025-02-27,1130.00,PE,0.00,0.00,0.00,83.00,34.95,0,0.00,0,0,06-JAN-2025
OPTSTK,GODREJCP,27-Mar-2025,2025-03-27,1000.00,PE,0.00,0.00,0.00,30.15,7.70,0,0.00,0,0,06-JAN-2025
OPTSTK,YESBANK,30-Jan-2025,2025-01-30,17.00,CE,2.50,2.50,2.25,2.25,2.10,10,50.258,260000,234000,06-JAN-2025
OPTSTK,YESBANK,30-Jan-2025,2025-01-30,26.00,CE,0.05,0.05,0.05,0.05,0.05,11,74.503,5070000,-26000,06-JAN-2025
OPTSTK,YESBANK,30-Jan-2025,2025-01-30,25.00,CE,0.05,0.05,0.05,0.05,0.05,12,78.156,2756000,52000,06-JAN-2025
OPTSTK,YESBANK,30-Jan-2025,2025-01-30,20.00,CE,0.80,0.80,0.45,0.50,0.50,1369,7315.867,26442000,6734000,06-JAN-2025
OPTSTK,YESBANK,27-Mar-2025,2025-03-27,20.00,CE,0.00,0.00,0.00,2.00,1.05,0,0.00,0,0,06-JAN-2025
OPTSTK,YESBANK,27-Feb-2025,2025-02-27,20.00,CE,1.20,1.20,0.85,0.85,0.85,30,164.034,884000,286000,06-JAN-2025
OPTSTK,YESBANK,27-Feb-2025,2025-02-27,20.00,PE,1.20,1.50,1.20,1.50,1.70,7,38.909,520000,156000,06-JAN-2025
OPTSTK,YESBANK,27-Mar-2025,2025-03-27,20.00,PE,0.00,0.00,0.00,1.80,1.90,0,0.00,0,0,06-JAN-2025
OPTSTK,YESBANK,27-Feb-2025,2025-02-27,17.00,CE,0.00,0.00,0.00,3.45,2.40,0,0.00,0,0,06-JAN-2025
OPTSTK,YESBANK,27-Feb-2025,2025-02-27,19.00,PE,0.55,1.15,0.55,1.15,1.10,9,46.54,260000,156000,06-JAN-2025
OPTSTK,YESBANK,27-Mar-2025,2025-03-27,24.00,PE,0.00,0.00,0.00,4.50,4.95,0,0.00,0,0,06-JAN-2025
FUTSTK,YESBANK,30-Jan-2025,2025-01-30,,,19.97,20.12,18.89,18.94,18.94,3545,17760.9978,259220000,13754000,06-JAN-2025
OPTSTK,YESBANK,30-Jan-2025,2025-01-30,16.00,CE,0.00,0.00,0.00,4.75,3.00,0,0.00,0,0,06-JAN-2025
OPTSTK,YESBANK,27-Feb-2025,2025-02-27,16.00,PE,0.20,0.25,0.20,0.25,0.15,29,122.291,754000,754000,06-JAN-2025
OPTSTK,YESBANK,27-Feb-2025,2025-02-27,23.00,PE,0.00,0.00,0.00,3.55,4.05,0,0.00,0,0,06-JAN-2025
OPTSTK,YESBANK,30-Jan-2025,2025-01-30,23.00,CE,0.15,0.15,0.05,0.10,0.10,198,1189.461,11336000,-1924000,06-JAN-2025
OPTSTK,YESBANK,30-Jan-2025,2025-01-30,20.00,PE,0.75,1.55,0.70,1.50,1.50,530,2917.005,15314000,-442000,06-JAN-2025
OPTSTK,YESBANK,30-Jan-2025,2025-01-30,18.00,CE,1.95,1.95,1.45,1.50,1.50,35,178.828,1222000,390000,06-JAN-2025
OPTSTK,YESBANK,30-Jan-2025,2025-01-30,18.00,PE,0.20,0.50,0.20,0.50,0.50,561,2672.449,8918000,2028000,06-JAN-2025
OPTSTK,YESBANK,27-Mar-2025,2025-03-27,18.00,CE,0.00,0.00,0.00,3.05,2.05,0,0.00,0,0,06-JAN-2025
OPTSTK,YESBANK,27-Mar-2025,2025-03-27,14.00,PE,0.00,0.00,0.00,0.15,0.05,0,0.00,0,0,06-JAN-2025
OPTSTK,YESBANK,27-Mar-2025,2025-03-27,14.00,CE,0.00,0.00,0.00,6.20,5.15,0,0.00,0,0,06-JAN-2025
OPTSTK,YESBANK,27-Feb-2025,2025-02-27,16.00,CE,0.00,0.00,0.00,5.00,3.20,0,0.00,0,0,06-JAN-2025
OPTSTK,YESBANK,30-Jan-2025,2025-01-30,16.00,PE,0.05,0.10,0.05,0.10,0.10,63,263.354,2132000,1170000,06-JAN-2025
OPTSTK,YESBANK,27-Mar-2025,2025-03-27,16.00,CE,0.00,0.00,0.00,4.50,3.40,0,0.00,0,0,06-JAN-2025
OPTSTK,YESBANK,27-Mar-2025,2025-03-27,16.00,PE,0.00,0.00,0.00,0.40,0.30,0,0.00,0,0,06-JAN-2025
OPTSTK,YESBANK,27-Feb-2025,2025-02-27,17.00,PE,0.25,0.50,0.25,0.50,0.50,45,202.124,962000,962000,06-JAN-2025
OPTSTK,YESBANK,30-Jan-2025,2025-01-30,21.00,CE,0.40,0.45,0.25,0.25,0.25,1137,6293.742,25012000,7488000,06-JAN-2025
OPTSTK,YESBANK,27-Feb-2025,2025-02-27,21.00,CE,0.75,0.75,0.55,0.55,0.50,4,22.49,338000,26000,06-JAN-2025
OPTSTK,YESBANK,30-Jan-2025,2025-01-30,22.00,PE,2.50,3.20,2.50,3.15,3.05,26,169.221,3432000,52000,06-JAN-2025
OPTSTK,YESBANK,30-Jan-2025,2025-01-30,22.00,CE,0.25,0.25,0.10,0.15,0.15,1281,7381.322,28054000,3042000,06-JAN-2025
OPTSTK,YESBANK,27-Mar-2025,2025-03-27,22.00,CE,0.00,0.00,0.00,1.25,0.50,0,0.00,0,0,06-JAN-2025
OPTSTK,MFSL,30-Jan-2025,2025-01-30,1260.00,CE,1.50,1.95,1.35,1.85,1.15,26,262.3996,34400,-3200,06-JAN-2025
OPTSTK,MFSL,27-Feb-2025,2025-02-27,1100.00,CE,0.00,0.00,0.00,79.80,49.75,0,0.00,0,0,06-JAN-2025
FUTSTK,MFSL,27-Feb-2025,2025-02-27,,,1101.55,1111.45,1091.70,1098.15,1098.15,49,431.5252,35200,5600,06-JAN-2025
OPTSTK,MFSL,30-Jan-2025,2025-01-30,1080.00,PE,27.35,31.35,24.25,28.30,28.30,217,1922.6884,83200,13600,06-JAN-2025
OPTSTK,MFSL,30-Jan-2025,2025-01-30,1020.00,PE,7.45,11.25,7.25,9.90,9.90,133,1095.3792,81600,24000,06-JAN-2025
OPTSTK,MFSL,27-Feb-2025,2025-02-27,1200.00,PE,0.00,0.00,0.00,103.90,112.50,0,0.00,0,0,06-JAN-2025
OPTSTK,MFSL,27-Mar-2025,2025-03-27,1200.00,CE,0.00,0.00,0.00,53.05,27.45,0,0.00,0,0,06-JAN-2025
OPTSTK,MFSL,27-Feb-2025,2025-02-27,1120.00,CE,0.00,0.00,0.00,102.55,40.70,0,0.00,0,0,06-JAN-2025
OPTSTK,MFSL,30-Jan-2025,2025-01-30,1120.00,CE,23.05,26.20,17.80,21.85,21.85,412,3763.4188,132800,-16800,06-JAN-2025
OPTSTK,MFSL,30-Jan-2025,2025-01-30,980.00,PE,5.00,5.45,3.40,4.35,4.35,151,1188.894,63200,40000,06-JAN-2025
OPTSTK,MFSL,30-Jan-2025,2025-01-30,1220.00,CE,3.85,4.10,2.65,3.40,3.40,95,929.7604,41600,-11200,06-JAN-2025
OPTSTK,MFSL,27-Mar-2025,2025-03-27,1240.00,PE,0.00,0.00,0.00,144.30,148.15,0,0.00,0,0,06-JAN-2025
OPTSTK,MFSL,30-Jan-2025,2025-01-30,1240.00,CE,2.90,2.90,1.85,2.25,2.25,133,1321.7736,92800,-5600,06-JAN-2025
OPTSTK,MFSL,27-Feb-2025,2025-02-27,1180.00,PE,0.00,0.00,0.00,95.70,97.25,0,0.00,0,0,06-JAN-2025
OPTSTK,MFSL,27-Feb-2025,2025-02-27,1180.00,CE,0.00,0.00,0.00,44.70,20.85,0,0.00,0,0,06-JAN-2025
OPTSTK,MFSL,30-Jan-2025,2025-01-30,1140.00,PE,61.30,61.30,61.30,61.30,59.05,1,9.6104,20000,-800,06-JAN-2025
OPTSTK,MFSL,30-Jan-2025,2025-01-30,1180.00,CE,8.00,8.30,5.75,7.10,7.10,83,788.2596,40800,20800,06-JAN-2025
OPTSTK,MFSL,30-Jan-2025,2025-01-30,1000.00,PE,6.00,7.80,4.85,6.55,6.55,242,1948.1212,156800,27200,06-JAN-2025
OPTSTK,MFSL,30-Jan-2025,2025-01-30,1100.00,CE,35.00,35.50,25.35,29.80,29.80,274,2475.864,67200,22400,06-JAN-2025
OPTSTK,MFSL,27-Feb-2025,2025-02-27,1100.00,PE,0.00,0.00,0.00,51.80,46.90,0,0.00,0,0,06-JAN-2025
OPTSTK,MFSL,27-Mar-2025,2025-03-27,1160.00,CE,0.00,0.00,0.00,67.95,39.30,0,0.00,0,0,06-JAN-2025
OPTSTK,MFSL,27-Mar-2025,2025-03-27,1280.00,PE,0.00,0.00,0.00,173.85,181.25,0,0.00,0,0,06-JAN-2025
OPTSTK,MFSL,30-Jan-2025,2025-01-30,1300.00,CE,0.55,1.10,0.55,0.95,0.40,22,228.9532,44800,0,06-JAN-2025
OPTSTK,MFSL,27-Feb-2025,2025-02-27,1280.00,PE,0.00,0.00,0.00,156.80,180.90,0,0.00,0,0,06-JAN-2025
OPTSTK,MFSL,27-Feb-2025,2025-02-27,1280.00,CE,0.00,0.00,0.00,40.20,5.45,0,0.00,0,0,06-JAN-2025
OPTSTK,MFSL,27-Mar-2025,2025-03-27,1280.00,CE,0.00,0.00,0.00,31.15,12.35,0,0.00,0,0,06-JAN-2025
OPTSTK,MFSL,30-Jan-2025,2025-01-30,1280.00,CE,1.15,1.35,1.15,1.35,0.65,5,51.2488,76800,-2400,06-JAN-2025
OPTSTK,MFSL,30-Jan-2025,2025-01-30,1200.00,CE,5.50,6.85,3.80,4.95,4.95,488,4704.4152,105600,-39200,06-JAN-2025
OPTSTK,MFSL,30-Jan-2025,2025-01-30,980.00,CE,0.00,0.00,0.00,183.65,118.95,0,0.00,0,0,06-JAN-2025
OPTSTK,MFSL,27-Feb-2025,2025-02-27,980.00,PE,0.00,0.00,0.00,14.00,8.40,0,0.00,0,0,06-JAN-2025
OPTSTK,MFSL,27-Mar-2025,2025-03-27,1040.00,PE,0.00,0.00,0.00,37.95,30.45,0,0.00,0,0,06-JAN-2025
OPTSTK,MFSL,30-Jan-2025,2025-01-30,1040.00,CE,68.00,68.00,68.00,68.00,68.20,1,8.864,800,800,06-JAN-2025
OPTSTK,MPHASIS,27-Feb-2025,2025-02-27,2850.00,CE,0.00,0.00,0.00,228.50,174.90,0,0.00,0,0,06-JAN-2025
OPTSTK,MPHASIS,27-Feb-2025,2025-02-27,2850.00,PE,0.00,0.00,0.00,134.30,100.00,0,0.00,0,0,06-JAN-2025
OPTSTK,MPHASIS,27-Feb-2025,2025-02-27,3150.00,CE,0.00,0.00,0.00,102.70,56.90,0,0.00,0,0,06-JAN-2025
OPTSTK,MPHASIS,27-Feb-2025,2025-02-27,2800.00,CE,0.00,0.00,0.00,334.35,204.35,0,0.00,0,0,06-JAN-2025
OPTSTK,MPHASIS,30-Jan-2025,2025-01-30,3000.00,CE,82.00,82.00,56.00,60.10,60.10,1661,13989.7164,140525,22000,06-JAN-2025
OPTSTK,MPHASIS,27-Feb-2025,2025-02-27,2500.00,CE,0.00,0.00,0.00,546.10,434.80,0,0.00,0,0,06-JAN-2025
OPTSTK,MPHASIS,30-Jan-2025,2025-01-30,3350.00,CE,6.65,6.90,5.10,5.95,5.95,254,2344.2056,65175,-6050,06-JAN-2025
FUTSTK,MPHASIS,27-Feb-2025,2025-02-27,,,2960.00,2960.00,2900.65,2917.50,2917.50,199,1600.79425,68200,2475,06-JAN-2025
OPTSTK,MPHASIS,30-Jan-2025,2025-01-30,3200.00,CE,20.05,20.05,15.25,17.00,17.00,937,8291.20558,160050,56100,06-JAN-2025
OPTSTK,MPHASIS,27-Feb-2025,2025-02-27,2900.00,PE,0.00,0.00,0.00,132.00,123.00,0,0.00,3025,0,06-JAN-2025
OPTSTK,MPHASIS,27-Mar-2025,2025-03-27,2900.00,PE,0.00,0.00,0.00,185.35,148.00,0,0.00,0,0,06-JAN-2025
OPTSTK,MPHASIS,27-Feb-2025,2025-02-27,2900.00,CE,150.05,153.75,150.05,153.75,148.40,2,16.78545,1925,-275,06-JAN-2025
OPTSTK,MPHASIS,30-Jan-2025,2025-01-30,2550.00,PE,7.55,13.15,6.75,12.85,12.85,64,450.197962,28050,4950,06-JAN-2025
OPTSTK,MPHASIS,27-Feb-2025,2025-02-27,2550.00,PE,0.00,0.00,0.00,40.30,19.00,0,0.00,0,0,06-JAN-2025
OPTSTK,MPHASIS,27-Mar-2025,2025-03-27,3200.00,CE,0.00,0.00,0.00,127.40,76.85,0,0.00,0,0,06-JAN-2025
OPTSTK,MPHASIS,27-Feb-2025,2025-02-27,3050.00,CE,0.00,0.00,0.00,136.50,85.80,0,0.00,0,0,06-JAN-2025
OPTSTK,MPHASIS,27-Mar-2025,2025-03-27,2900.00,CE,0.00,0.00,0.00,246.20,188.25,0,0.00,0,0,06-JAN-2025
OPTSTK,MPHASIS,27-Feb-2025,2025-02-27,3000.00,PE,0.00,0.00,0.00,216.10,177.55,0,0.00,0,0,06-JAN-2025
OPTSTK,MPHASIS,30-Jan-2025,2025-01-30,2900.00,CE,110.60,114.70,95.50,103.05,103.05,2257,18653.8167,131175,17600,06-JAN-2025
OPTSTK,MPHASIS,30-Jan-2025,2025-01-30,2900.00,PE,100.45,111.55,86.55,102.60,102.60,860,7090.16935,115500,4675,06-JAN-2025
OPTSTK,MPHASIS,27-Mar-2025,2025-03-27,2500.00,CE,0.00,0.00,0.00,503.15,460.40,0,0.00,0,0,06-JAN-2025
OPTSTK,MPHASIS,30-Jan-2025,2025-01-30,2300.00,CE,0.00,0.00,0.00,644.05,607.95,0,0.00,0,0,06-JAN-2025
OPTSTK,MPHASIS,30-Jan-2025,2025-01-30,2750.00,CE,191.30,191.30,191.30,191.30,191.45,1,8.088575,3300,0,06-JAN-2025
OPTSTK,MPHASIS,30-Jan-2025,2025-01-30,2750.00,PE,36.50,49.50,34.60,47.30,47.30,208,1597.67231,31625,3850,06-JAN-2025
OPTSTK,MPHASIS,27-Feb-2025,2025-02-27,3200.00,PE,0.00,0.00,0.00,333.30,317.45,0,0.00,0,0,06-JAN-2025
OPTSTK,MPHASIS,27-Feb-2025,2025-02-27,3200.00,CE,0.00,0.00,0.00,148.60,45.75,0,0.00,0,0,06-JAN-2025
OPTSTK,MPHASIS,27-Feb-2025,2025-02-27,3150.00,PE,0.00,0.00,0.00,304.75,279.10,0,0.00,0,0,06-JAN-2025
OPTSTK,MPHASIS,27-Feb-2025,2025-02-27,2600.00,PE,0.00,0.00,0.00,64.60,26.60,0,0.00,0,0,06-JAN-2025
OPTSTK,MPHASIS,27-Mar-2025,2025-03-27,2600.00,CE,0.00,0.00,0.00,428.60,379.95,0,0.00,0,0,06-JAN-2025
OPTSTK,MPHASIS,30-Jan-2025,2025-01-30,2850.00,PE,67.35,86.80,65.40,80.60,80.60,274,2206.16261,70675,3575,06-JAN-2025
OPTSTK,MPHASIS,27-Mar-2025,2025-03-27,2400.00,PE,0.00,0.00,0.00,32.00,14.20,0,0.00,0,0,06-JAN-2025
OPTSTK,MPHASIS,27-Feb-2025,2025-02-27,2400.00,PE,0.00,0.00,0.00,27.80,5.85,0,0.00,0,0,06-JAN-2025
OPTSTK,SIEMENS,30-Jan-2025,2025-01-30,6500.00,CE,246.00,276.00,182.25,198.55,198.55,492,2475.51768,27225,5175,06-JAN-2025
OPTSTK,SIEMENS,27-Feb-2025,2025-02-27,6500.00,CE,0.00,0.00,0.00,364.95,341.75,0,0.00,75,0,06-JAN-2025
OPTSTK,SIEMENS,30-Jan-2025,2025-01-30,6500.00,PE,150.80,249.80,123.70,218.60,218.60,1406,7053.39933,63675,-8550,06-JAN-2025
OPTSTK,SHRIRAMFIN,27-Feb-2025,2025-02-27,3200.00,CE,95.55,95.55,77.80,77.80,78.05,2,9.860025,600,150,06-JAN-2025
OPTSTK,SIEMENS,27-Mar-2025,2025-03-27,5800.00,CE,0.00,0.00,0.00,1154.85,872.50,0,0.00,0,0,06-JAN-2025
OPTSTK,SIEMENS,27-Mar-2025,2025-03-27,5800.00,PE,0.00,0.00,0.00,144.55,114.15,0,0.00,0,0,06-JAN-2025
FUTSTK,SIEMENS,27-Mar-2025,2025-03-27,,,6714.00,6714.00,6519.70,6548.85,6548.85,10,49.674525,4575,300,06-JAN-2025
OPTSTK,SHRIRAMFIN,27-Mar-2025,2025-03-27,3000.00,CE,0.00,0.00,0.00,229.15,196.40,0,0.00,0,0,06-JAN-2025
OPTSTK,SIEMENS,27-Feb-2025,2025-02-27,5400.00,PE,0.00,0.00,0.00,24.10,20.80,0,0.00,0,0,06-JAN-2025
OPTSTK,SIEMENS,30-Jan-2025,2025-01-30,7000.00,PE,437.45,603.10,437.40,566.65,566.65,16,90.37215,21675,-75,06-JAN-2025
OPTSTK,SIEMENS,30-Jan-2025,2025-01-30,7000.00,CE,76.20,76.40,47.55,53.00,53.00,2740,14509.9629,236700,18825,06-JAN-2025
OPTSTK,SIEMENS,30-Jan-2025,2025-01-30,6100.00,PE,37.75,89.35,35.00,75.80,75.80,368,1698.48262,21900,2625,06-JAN-2025
OPTSTK,SIEMENS,27-Feb-2025,2025-02-27,6800.00,PE,0.00,0.00,0.00,404.40,478.35,0,0.00,225,0,06-JAN-2025
OPTSTK,SIEMENS,27-Mar-2025,2025-03-27,6200.00,PE,0.00,0.00,0.00,259.40,235.65,0,0.00,0,0,06-JAN-2025
OPTSTK,SIEMENS,27-Feb-2025,2025-02-27,6200.00,PE,0.00,0.00,0.00,102.70,177.35,0,0.00,0,0,06-JAN-2025
OPTSTK,SHRIRAMFIN,30-Jan-2025,2025-01-30,3500.00,CE,10.05,10.15,5.65,5.85,5.85,264,1388.92207,58800,-3750,06-JAN-2025
OPTSTK,SIEMENS,27-Feb-2025,2025-02-27,7000.00,PE,0.00,0.00,0.00,318.20,614.80,0,0.00,0,0,06-JAN-2025
OPTSTK,SIEMENS,27-Mar-2025,2025-03-27,7000.00,CE,0.00,0.00,0.00,461.55,237.50,0,0.00,0,0,06-JAN-2025
OPTSTK,SIEMENS,27-Mar-2025,2025-03-27,7000.00,PE,0.00,0.00,0.00,629.55,661.50,0,0.00,0,0,06-JAN-2025
OPTSTK,SIEMENS,30-Jan-2025,2025-01-30,7600.00,CE,15.80,15.80,11.55,12.80,12.80,168,959.273062,40800,2250,06-JAN-2025
OPTSTK,SIEMENS,27-Feb-2025,2025-02-27,7300.00,CE,0.00,0.00,0.00,253.10,89.65,0,0.00,0,0,06-JAN-2025
OPTSTK,SIEMENS,30-Jan-2025,2025-01-30,7300.00,CE,34.10,34.10,22.30,24.10,24.10,675,3709.39537,48600,-1125,06-JAN-2025
OPTSTK,SIEMENS,27-Feb-2025,2025-02-27,7300.00,PE,0.00,0.00,0.00,756.05,846.60,0,0.00,0,0,06-JAN-2025
OPTSTK,SIEMENS,30-Jan-2025,2025-01-30,7300.00,PE,0.00,0.00,0.00,730.30,818.20,0,0.00,3300,0,06-JAN-2025
OPTSTK,SIEMENS,27-Feb-2025,2025-02-27,5200.00,PE,0.00,0.00,0.00,11.90,9.90,0,0.00,0,0,06-JAN-2025
OPTSTK,SHRIRAMFIN,30-Jan-2025,2025-01-30,2500.00,PE,3.00,6.05,2.95,5.70,5.70,205,769.9671,43650,-2850,06-JAN-2025
OPTSTK,SHRIRAMFIN,27-Feb-2025,2025-02-27,2500.00,PE,0.00,0.00,0.00,43.05,12.75,0,0.00,0,0,06-JAN-2025
OPTSTK,SHRIRAMFIN,30-Jan-2025,2025-01-30,2500.00,CE,0.00,0.00,0.00,718.20,482.55,0,0.00,0,0,06-JAN-2025
OPTSTK,SIEMENS,27-Feb-2025,2025-02-27,7600.00,CE,0.00,0.00,0.00,550.25,49.25,0,0.00,0,0,06-JAN-2025
OPTSTK,SIEMENS,27-Feb-2025,2025-02-27,6400.00,PE,0.00,0.00,0.00,180.00,258.50,0,0.00,450,0,06-JAN-2025
OPTSTK,SHRIRAMFIN,27-Feb-2025,2025-02-27,3400.00,CE,42.75,42.75,39.35,39.35,39.35,3,15.482175,2250,0,06-JAN-2025
OPTSTK,JIOFIN,30-Jan-2025,2025-01-30,370.00,CE,0.40,0.40,0.25,0.30,0.30,37,226.068975,189750,18150,06-JAN-2025
OPTSTK,JIOFIN,27-Feb-2025,2025-02-27,295.00,PE,10.50,10.50,10.50,10.50,11.50,1,5.04075,1650,1650,06-JAN-2025
OPTSTK,JIOFIN,30-Jan-2025,2025-01-30,295.00,CE,16.60,16.80,10.90,11.60,11.60,408,2076.18592,283800,66000,06-JAN-2025
OPTSTK,JIOFIN,30-Jan-2025,2025-01-30,335.00,PE,30.25,39.00,30.10,39.00,37.60,22,133.81335,36300,11550,06-JAN-2025
OPTSTK,JIOFIN,27-Feb-2025,2025-02-27,335.00,CE,0.00,0.00,0.00,9.40,3.25,0,0.00,0,0,06-JAN-2025
OPTSTK,JIOFIN,27-Feb-2025,2025-02-27,280.00,PE,4.25,6.85,4.25,6.80,6.80,258,1213.50487,336600,300300,06-JAN-2025
OPTSTK,JIOFIN,27-Mar-2025,2025-03-27,280.00,PE,0.00,0.00,0.00,9.45,8.10,0,0.00,0,0,06-JAN-2025
OPTSTK,JIOFIN,27-Feb-2025,2025-02-27,295.00,CE,0.00,0.00,0.00,26.30,16.05,0,0.00,0,0,06-JAN-2025
OPTSTK,JIOFIN,27-Feb-2025,2025-02-27,350.00,PE,0.00,0.00,0.00,44.10,51.50,0,0.00,1650,0,06-JAN-2025
OPTSTK,JIOFIN,27-Feb-2025,2025-02-27,350.00,CE,2.80,2.80,2.15,2.35,2.35,16,93.044325,123750,4950,06-JAN-2025
OPTSTK,JIOFIN,27-Mar-2025,2025-03-27,330.00,CE,0.00,0.00,0.00,15.05,7.15,0,0.00,0,0,06-JAN-2025
OPTSTK,JIOFIN,27-Feb-2025,2025-02-27,330.00,PE,0.00,0.00,0.00,23.25,34.25,0,0.00,0,0,06-JAN-2025
OPTSTK,JIOFIN,30-Jan-2025,2025-01-30,330.00,PE,24.95,34.60,24.95,33.90,33.90,56,333.0756,422400,0,06-JAN-2025
OPTSTK,JIOFIN,30-Jan-2025,2025-01-30,325.00,CE,4.00,4.00,2.05,2.25,2.25,1209,6536.68537,1110450,252450,06-JAN-2025
OPTSTK,JIOFIN,27-Feb-2025,2025-02-27,360.00,PE,0.00,0.00,0.00,41.50,60.80,0,0.00,0,0,06-JAN-2025
OPTSTK,JIOFIN,30-Jan-2025,2025-01-30,270.00,PE,0.90,2.00,0.85,1.85,1.85,894,4002.96022,1405800,57750,06-JAN-2025
FUTSTK,JIOFIN,27-Feb-2025,2025-02-27,,,312.00,312.10,298.20,299.40,299.40,932,4674.96067,4994550,480150,06-JAN-2025
OPTSTK,JIOFIN,30-Jan-2025,2025-01-30,345.00,CE,1.05,1.10,0.75,0.80,0.80,237,1352.37795,498300,26400,06-JAN-2025
OPTSTK,JIOFIN,30-Jan-2025,2025-01-30,275.00,CE,33.25,33.25,24.55,24.95,24.95,51,255.483525,54450,49500,06-JAN-2025
FUTSTK,JIOFIN,30-Jan-2025,2025-01-30,,,310.05,310.35,296.00,297.40,297.40,9075,45274.4869,46582800,39600,06-JAN-2025
OPTSTK,JIOFIN,30-Jan-2025,2025-01-30,315.00,PE,12.75,22.20,12.70,21.40,21.40,330,1807.65255,268950,-29700,06-JAN-2025
OPTSTK,JIOFIN,27-Feb-2025,2025-02-27,315.00,CE,10.60,10.60,8.10,8.10,7.75,3,16.043775,14850,0,06-JAN-2025
OPTSTK,JIOFIN,27-Mar-2025,2025-03-27,320.00,PE,0.00,0.00,0.00,27.40,28.45,0,0.00,0,0,06-JAN-2025
OPTSTK,JIOFIN,27-Feb-2025,2025-02-27,320.00,PE,20.00,25.00,20.00,24.90,26.60,8,45.19845,14850,11550,06-JAN-2025
OPTSTK,JIOFIN,27-Feb-2025,2025-02-27,250.00,CE,0.00,0.00,0.00,81.45,49.90,0,0.00,0,0,06-JAN-2025
OPTSTK,JIOFIN,30-Jan-2025,2025-01-30,285.00,CE,22.90,24.15,16.75,17.50,17.50,84,420.65925,94050,57750,06-JAN-2025
OPTSTK,JIOFIN,27-Feb-2025,2025-02-27,285.00,CE,0.00,0.00,0.00,32.55,21.85,0,0.00,0,0,06-JAN-2025
OPTSTK,JIOFIN,27-Feb-2025,2025-02-27,340.00,CE,3.70,3.80,3.15,3.20,2.60,9,50.999025,110550,1650,06-JAN-2025
OPTSTK,JIOFIN,30-Jan-2025,2025-01-30,340.00,CE,1.60,1.70,0.90,1.00,1.00,1075,6050.11275,1955250,334950,06-JAN-2025
OPTSTK,JIOFIN,27-Feb-2025,2025-02-27,340.00,PE,40.20,40.20,40.20,40.20,42.65,1,6.2733,1650,1650,06-JAN-2025
OPTSTK,JIOFIN,27-Feb-2025,2025-02-27,270.00,PE,2.35,4.00,2.35,4.00,4.00,4,18.043575,6600,4950,06-JAN-2025
OPTSTK,TATAMOTORS,30-Jan-2025,2025-01-30,600.00,CE,194.50,195.80,168.10,169.75,169.75,7,30.1686,40700,0,06-JAN-2025
OPTSTK,TATAMOTORS,27-Mar-2025,2025-03-27,600.00,PE,0.00,0.00,0.00,5.15,0.80,0,0.00,0,0,06-JAN-2025
OPTSTK,TATAMOTORS,30-Jan-2025,2025-01-30,750.00,PE,6.80,14.95,5.05,10.95,10.95,18393,76852.7124,3251600,-31350,06-JAN-2025
OPTSTK,TATAMOTORS,30-Jan-2025,2025-01-30,750.00,CE,54.95,55.00,32.35,40.00,40.00,2781,12129.7962,2206050,-75350,06-JAN-2025
OPTSTK,TATAMOTORS,27-Feb-2025,2025-02-27,900.00,PE,110.95,120.00,105.50,120.00,120.00,35,194.8639,28050,-1100,06-JAN-2025
OPTSTK,TATAMOTORS,27-Feb-2025,2025-02-27,810.00,CE,31.45,31.45,21.00,21.00,23.30,14,64.46605,9900,1650,06-JAN-2025
OPTSTK,TATAMOTORS,30-Jan-2025,2025-01-30,810.00,PE,30.60,49.50,28.50,41.05,41.05,1761,8201.82,464200,-85800,06-JAN-2025
OPTSTK,TATAMOTORS,27-Mar-2025,2025-03-27,640.00,PE,0.00,0.00,0.00,11.10,2.70,0,0.00,0,0,06-JAN-2025
OPTSTK,TATAMOTORS,30-Jan-2025,2025-01-30,700.00,CE,95.85,97.30,73.30,82.20,82.20,2301,9962.0664,359150,-221650,06-JAN-2025
OPTSTK,TATAMOTORS,30-Jan-2025,2025-01-30,800.00,CE,20.00,21.90,10.05,13.45,13.45,42783,192046.577,7642800,857450,06-JAN-2025
OPTSTK,TATAMOTORS,27-Feb-2025,2025-02-27,640.00,PE,2.40,2.50,2.25,2.50,1.00,5,17.666275,2750,2200,06-JAN-2025
FUTSTK,TATAMOTORS,27-Mar-2025,2025-03-27,,,804.25,806.30,777.00,788.95,788.95,797,3486.94775,579150,98450,06-JAN-2025
FUTSTK,TATAMOTORS,30-Jan-2025,2025-01-30,,,796.50,800.00,767.25,779.10,779.10,55363,238832.132,99978450,3850,06-JAN-2025
OPTSTK,TATAMOTORS,30-Jan-2025,2025-01-30,740.00,PE,5.15,11.85,4.25,8.75,8.75,13952,57333.8477,2043800,-360250,06-JAN-2025
OPTSTK,TATAMOTORS,30-Jan-2025,2025-01-30,670.00,CE,109.40,110.85,105.95,110.85,109.65,12,51.3931,10450,1650,06-JAN-2025
OPTSTK,TATAMOTORS,27-Mar-2025,2025-03-27,720.00,PE,0.00,0.00,0.00,35.25,15.60,0,0.00,0,0,06-JAN-2025
OPTSTK,TATAMOTORS,27-Feb-2025,2025-02-27,820.00,CE,25.55,26.80,18.75,21.50,21.50,74,342.94865,79750,23100,06-JAN-2025
OPTSTK,TATAMOTORS,27-Mar-2025,2025-03-27,820.00,CE,0.00,0.00,0.00,35.00,29.25,0,0.00,1100,0,06-JAN-2025
OPTSTK,TATAMOTORS,30-Jan-2025,2025-01-30,770.00,CE,39.40,39.90,21.00,27.15,27.15,5953,26144.03,1383250,-138600,06-JAN-2025
OPTSTK,TATAMOTORS,30-Jan-2025,2025-01-30,650.00,PE,0.65,1.45,0.55,1.00,1.00,1469,5258.77137,742500,-155100,06-JAN-2025
OPTSTK,TATAMOTORS,30-Jan-2025,2025-01-30,880.00,CE,2.80,3.45,1.55,1.90,1.90,3280,15916.34,719950,26950,06-JAN-2025
OPTSTK,TATAMOTORS,30-Jan-2025,2025-01-30,870.00,PE,80.05,88.20,77.70,88.20,91.90,13,68.191475,29700,0,06-JAN-2025
OPTSTK,TATAMOTORS,30-Jan-2025,2025-01-30,910.00,PE,0.00,0.00,0.00,110.10,130.20,0,0.00,7700,0,06-JAN-2025
OPTSTK,TATAMOTORS,27-Mar-2025,2025-03-27,860.00,CE,0.00,0.00,0.00,18.10,17.55,0,0.00,0,0,06-JAN-2025
OPTSTK,TATAMOTORS,27-Mar-2025,2025-03-27,700.00,CE,0.00,0.00,0.00,80.90,97.30,0,0.00,0,0,06-JAN-2025
OPTSTK,TATAMOTORS,27-Mar-2025,2025-03-27,700.00,PE,9.00,13.80,9.00,12.05,12.05,8,31.32525,14850,3300,06-JAN-2025
OPTSTK,TATAMOTORS,30-Jan-2025,2025-01-30,710.00,PE,2.50,6.00,2.20,4.25,4.25,2970,11660.3016,882750,71500,06-JAN-2025
OPTSTK,TATAMOTORS,27-Feb-2025,2025-02-27,660.00,PE,2.50,4.85,2.40,4.10,4.10,148,539.829125,81950,13750,06-JAN-2025
OPTSTK,TATAMOTORS,27-Mar-2025,2025-03-27,600.00,CE,0.00,0.00,0.00,156.80,185.90,0,0.00,0,0,06-JAN-2025
OPTSTK,TATAMOTORS,27-Mar-2025,2025-03-27,800.00,PE,43.00,50.00,41.60,50.00,50.00,15,69.8357,9900,4950,06-JAN-2025
OPTSTK,MOTHERSON,30-Jan-2025,2025-01-30,170.00,PE,11.80,16.35,11.80,16.30,16.30,40,263.35675,1011750,10650,06-JAN-2025
OPTSTK,MOTHERSON,27-Mar-2025,2025-03-27,165.00,CE,0.00,0.00,0.00,9.95,6.10,0,0.00,0,0,06-JAN-2025
OPTSTK,MOTHERSON,27-Feb-2025,2025-02-27,185.00,PE,0.00,0.00,0.00,25.90,29.70,0,0.00,0,0,06-JAN-2025
OPTSTK,MOTHERSON,27-Feb-2025,2025-02-27,185.00,CE,0.00,0.00,0.00,6.05,0.80,0,0.00,0,0,06-JAN-2025
OPTSTK,MOTHERSON,27-Feb-2025,2025-02-27,165.00,CE,5.90,5.90,3.85,4.25,4.10,42,252.467125,95850,88750,06-JAN-2025
OPTSTK,MOTHERSON,27-Mar-2025,2025-03-27,180.00,PE,0.00,0.00,0.00,25.75,25.55,0,0.00,0,0,06-JAN-2025
OPTSTK,MOTHERSON,27-Mar-2025,2025-03-27,180.00,CE,0.00,0.00,0.00,5.40,2.50,0,0.00,0,0,06-JAN-2025
OPTSTK,MOTHERSON,30-Jan-2025,2025-01-30,172.50,CE,1.30,1.55,0.75,0.80,0.80,478,2943.04052,504100,-252050,06-JAN-2025
OPTSTK,MOTHERSON,30-Jan-2025,2025-01-30,162.50,CE,3.60,4.50,2.20,2.40,2.40,1092,6418.13375,1562000,528950,06-JAN-2025
OPTSTK,MOTHERSON,27-Feb-2025,2025-02-27,162.50,CE,0.00,0.00,0.00,8.50,4.90,0,0.00,0,0,06-JAN-2025
OPTSTK,MOTHERSON,30-Jan-2025,2025-01-30,130.00,CE,0.00,0.00,0.00,53.80,24.95,0,0.00,0,0,06-JAN-2025
OPTSTK,MOTHERSON,27-Mar-2025,2025-03-27,130.00,CE,0.00,0.00,0.00,31.00,27.40,0,0.00,0,0,06-JAN-2025
OPTSTK,MOTHERSON,27-Feb-2025,2025-02-27,170.00,CE,3.80,3.90,2.70,3.00,3.00,54,331.578875,138450,127800,06-JAN-2025
OPTSTK,MOTHERSON,27-Mar-2025,2025-03-27,170.00,CE,0.00,0.00,0.00,8.15,4.60,0,0.00,0,0,06-JAN-2025
OPTSTK,MOTHERSON,30-Jan-2025,2025-01-30,155.00,PE,3.50,6.00,2.70,5.50,5.50,1365,7728.00032,1917000,-3550,06-JAN-2025
OPTSTK,MOTHERSON,30-Jan-2025,2025-01-30,150.00,PE,1.60,3.70,1.50,3.25,3.25,1086,5889.27782,2548900,127800,06-JAN-2025
OPTSTK,MOTHERSON,30-Jan-2025,2025-01-30,150.00,CE,10.85,11.10,7.55,8.00,8.00,205,1153.4234,493450,92300,06-JAN-2025
OPTSTK,MOTHERSON,27-Feb-2025,2025-02-27,170.00,PE,0.00,0.00,0.00,15.85,16.90,0,0.00,0,0,06-JAN-2025
OPTSTK,MOTHERSON,30-Jan-2025,2025-01-30,177.50,CE,0.95,0.95,0.40,0.45,0.45,176,1112.45817,237850,60350,06-JAN-2025
OPTSTK,MOTHERSON,27-Feb-2025,2025-02-27,172.50,PE,0.00,0.00,0.00,19.10,18.85,0,0.00,0,0,06-JAN-2025
OPTSTK,MOTHERSON,27-Mar-2025,2025-03-27,140.00,PE,0.00,0.00,0.00,4.50,3.05,0,0.00,0,0,06-JAN-2025
OPTSTK,MOTHERSON,27-Feb-2025,2025-02-27,145.00,PE,3.20,3.95,3.20,3.90,3.20,26,137.13295,74550,74550,06-JAN-2025
OPTSTK,MOTHERSON,27-Mar-2025,2025-03-27,145.00,PE,0.00,0.00,0.00,6.05,4.50,0,0.00,0,0,06-JAN-2025
OPTSTK,MOTHERSON,27-Mar-2025,2025-03-27,155.00,CE,0.00,0.00,0.00,14.40,10.20,0,0.00,0,0,06-JAN-2025
OPTSTK,MOTHERSON,30-Jan-2025,2025-01-30,137.50,PE,0.35,0.75,0.35,0.75,0.75,25,122.540675,191700,10650,06-JAN-2025
OPTSTK,MOTHERSON,30-Jan-2025,2025-01-30,190.00,PE,0.00,0.00,0.00,28.55,34.90,0,0.00,468600,0,06-JAN-2025
OPTSTK,MOTHERSON,30-Jan-2025,2025-01-30,172.50,PE,13.90,19.20,13.90,18.65,18.65,22,148.658025,124250,31950,06-JAN-2025
OPTSTK,MOTHERSON,27-Feb-2025,2025-02-27,172.50,CE,0.00,0.00,0.00,5.15,2.30,0,0.00,0,0,06-JAN-2025
OPTSTK,MOTHERSON,30-Jan-2025,2025-01-30,142.50,CE,18.60,18.60,13.40,13.45,13.45,27,150.876775,156200,67450,06-JAN-2025
OPTSTK,MOTHERSON,27-Feb-2025,2025-02-27,175.00,CE,2.10,2.20,1.80,1.85,1.90,16,100.53245,53250,53250,06-JAN-2025
OPTSTK,MOTHERSON,30-Jan-2025,2025-01-30,157.50,PE,4.10,7.45,3.55,6.90,6.90,587,3396.34002,2971350,78100,06-JAN-2025
OPTSTK,ADANIGREEN,30-Jan-2025,2025-01-30,840.00,PE,5.80,12.85,5.05,12.20,12.20,256,816.395062,48375,39750,06-JAN-2025
OPTSTK,ADANIGREEN,30-Jan-2025,2025-01-30,980.00,CE,74.10,76.30,55.70,57.30,57.30,120,467.922,31125,15375,06-JAN-2025
OPTSTK,ADANIGREEN,27-Feb-2025,2025-02-27,1100.00,PE,0.00,0.00,0.00,139.30,156.00,0,0.00,0,0,06-JAN-2025
OPTSTK,ADANIGREEN,30-Jan-2025,2025-01-30,1440.00,CE,5.90,5.90,1.80,3.45,3.45,4,21.6515625,4125,375,06-JAN-2025
OPTSTK,ADANIGREEN,27-Feb-2025,2025-02-27,880.00,PE,0.00,0.00,0.00,49.80,39.20,0,0.00,0,0,06-JAN-2025
OPTSTK,ADANIGREEN,27-Feb-2025,2025-02-27,1260.00,CE,0.00,0.00,0.00,65.60,18.50,0,0.00,0,0,06-JAN-2025
OPTSTK,ADANIGREEN,30-Jan-2025,2025-01-30,1280.00,PE,0.00,0.00,0.00,240.00,294.85,0,0.00,0,0,06-JAN-2025
OPTSTK,ADANIGREEN,30-Jan-2025,2025-01-30,1360.00,CE,2.70,2.75,2.60,2.75,1.15,3,15.3301875,10500,0,06-JAN-2025
OPTSTK,ADANIGREEN,27-Mar-2025,2025-03-27,960.00,CE,0.00,0.00,0.00,212.15,126.70,0,0.00,0,0,06-JAN-2025
OPTSTK,ADANIGREEN,30-Jan-2025,2025-01-30,960.00,PE,22.80,49.90,22.80,47.80,47.80,567,2130.76218,154125,10500,06-JAN-2025
OPTSTK,ADANIGREEN,27-Feb-2025,2025-02-27,1280.00,CE,0.00,0.00,0.00,88.85,16.25,0,0.00,0,0,06-JAN-2025
OPTSTK,ADANIGREEN,27-Feb-2025,2025-02-27,1020.00,CE,0.00,0.00,0.00,153.95,76.40,0,0.00,0,0,06-JAN-2025
OPTSTK,ADANIGREEN,27-Feb-2025,2025-02-27,1120.00,CE,0.00,0.00,0.00,142.90,43.85,0,0.00,0,0,06-JAN-2025
OPTSTK,ADANIGREEN,30-Jan-2025,2025-01-30,1200.00,CE,12.90,13.00,7.25,7.75,7.75,1512,6854.76562,577125,-34500,06-JAN-2025
OPTSTK,ADANIGREEN,30-Jan-2025,2025-01-30,980.00,PE,30.70,59.65,29.00,58.00,58.00,1022,3950.77856,103125,74625,06-JAN-2025
OPTSTK,ADANIGREEN,30-Jan-2025,2025-01-30,1100.00,CE,28.35,32.00,18.30,19.05,19.05,3019,12702.0558,980250,84000,06-JAN-2025
OPTSTK,ADANIGREEN,27-Mar-2025,2025-03-27,1160.00,PE,0.00,0.00,0.00,197.55,215.15,0,0.00,0,0,06-JAN-2025
OPTSTK,ADANIGREEN,30-Jan-2025,2025-01-30,1040.00,PE,56.75,95.50,54.75,93.15,93.15,1009,4250.04656,111375,-22875,06-JAN-2025
OPTSTK,ADANIGREEN,27-Mar-2025,2025-03-27,1240.00,PE,0.00,0.00,0.00,250.80,277.25,0,0.00,0,0,06-JAN-2025
OPTSTK,ADANIGREEN,30-Jan-2025,2025-01-30,1340.00,CE,4.00,4.00,3.00,3.05,1.50,104,523.876125,29250,16125,06-JAN-2025
OPTSTK,ADANIGREEN,27-Mar-2025,2025-03-27,1040.00,CE,0.00,0.00,0.00,171.50,91.95,0,0.00,0,0,06-JAN-2025
OPTSTK,ADANIGREEN,30-Jan-2025,2025-01-30,1160.00,PE,155.90,187.55,153.85,187.55,184.50,7,34.742625,12000,0,06-JAN-2025
OPTSTK,ADANIGREEN,27-Feb-2025,2025-02-27,1260.00,PE,0.00,0.00,0.00,245.55,283.80,0,0.00,0,0,06-JAN-2025
OPTSTK,ADANIGREEN,27-Feb-2025,2025-02-27,1280.00,PE,0.00,0.00,0.00,258.55,301.35,0,0.00,0,0,06-JAN-2025
OPTSTK,ADANIGREEN,30-Jan-2025,2025-01-30,1280.00,CE,5.90,5.90,4.15,4.40,4.40,98,472.167562,36375,4125,06-JAN-2025
OPTSTK,ADANIGREEN,30-Jan-2025,2025-01-30,880.00,PE,10.30,21.00,10.30,20.10,20.10,166,558.046687,66000,10125,06-JAN-2025
OPTSTK,ADANIGREEN,30-Jan-2025,2025-01-30,1240.00,PE,230.35,230.35,230.35,230.35,256.95,3,16.5414375,6750,0,06-JAN-2025
OPTSTK,ADANIGREEN,27-Mar-2025,2025-03-27,960.00,PE,0.00,0.00,0.00,90.55,89.95,0,0.00,0,0,06-JAN-2025
OPTSTK,ADANIGREEN,27-Feb-2025,2025-02-27,980.00,CE,0.00,0.00,0.00,175.25,93.90,0,0.00,0,0,06-JAN-2025
OPTSTK,ADANIGREEN,27-Feb-2025,2025-02-27,1400.00,CE,9.00,9.45,9.00,9.45,7.25,3,15.854625,6000,1125,06-JAN-2025
OPTSTK,ATGL,27-Feb-2025,2025-02-27,670.00,CE,0.00,0.00,0.00,77.60,79.05,0,0.00,0,0,06-JAN-2025
OPTSTK,ATGL,27-Mar-2025,2025-03-27,820.00,CE,0.00,0.00,0.00,43.60,36.40,0,0.00,0,0,06-JAN-2025
OPTSTK,ATGL,27-Feb-2025,2025-02-27,820.00,PE,0.00,0.00,0.00,108.55,131.30,0,0.00,0,0,06-JAN-2025
OPTSTK,ATGL,30-Jan-2025,2025-01-30,820.00,PE,0.00,0.00,0.00,103.35,120.70,0,0.00,775,0,06-JAN-2025
OPTSTK,ATGL,27-Mar-2025,2025-03-27,820.00,PE,0.00,0.00,0.00,176.80,140.55,0,0.00,0,0,06-JAN-2025
OPTSTK,ATGL,30-Jan-2025,2025-01-30,590.00,PE,5.40,7.00,5.40,5.60,5.60,17,78.5571,34875,8525,06-JAN-2025
OPTSTK,ATGL,30-Jan-2025,2025-01-30,640.00,CE,66.60,66.60,66.60,66.60,80.10,1,5.47615,23250,775,06-JAN-2025
OPTSTK,ATGL,27-Mar-2025,2025-03-27,660.00,CE,0.00,0.00,0.00,98.35,99.55,0,0.00,0,0,06-JAN-2025
OPTSTK,ATGL,27-Mar-2025,2025-03-27,720.00,PE,0.00,0.00,0.00,108.25,75.50,0,0.00,0,0,06-JAN-2025
OPTSTK,ATGL,30-Jan-2025,2025-01-30,850.00,CE,2.30,2.75,1.90,2.60,2.60,72,475.5431,55025,-17825,06-JAN-2025
OPTSTK,ATGL,27-Mar-2025,2025-03-27,680.00,PE,0.00,0.00,0.00,85.00,55.00,0,0.00,0,0,06-JAN-2025
OPTSTK,ATGL,27-Feb-2025,2025-02-27,580.00,CE,0.00,0.00,0.00,252.50,140.90,0,0.00,0,0,06-JAN-2025
OPTSTK,ATGL,27-Mar-2025,2025-03-27,780.00,PE,0.00,0.00,0.00,147.75,112.40,0,0.00,0,0,06-JAN-2025
OPTSTK,ATGL,27-Feb-2025,2025-02-27,780.00,CE,0.00,0.00,0.00,125.30,32.90,0,0.00,0,0,06-JAN-2025
OPTSTK,ATGL,30-Jan-2025,2025-01-30,580.00,CE,0.00,0.00,0.00,241.65,129.70,0,0.00,0,0,06-JAN-2025
OPTSTK,ATGL,30-Jan-2025,2025-01-30,900.00,CE,1.65,1.65,1.00,1.45,1.45,113,789.267362,99975,-34875,06-JAN-2025
OPTSTK,ATGL,30-Jan-2025,2025-01-30,840.00,PE,0.00,0.00,0.00,104.65,138.35,0,0.00,0,0,06-JAN-2025
OPTSTK,ATGL,30-Jan-2025,2025-01-30,740.00,PE,48.30,62.00,48.30,62.00,62.00,14,86.0184125,57350,-2325,06-JAN-2025
OPTSTK,ATGL,27-Feb-2025,2025-02-27,790.00,CE,0.00,0.00,0.00,36.10,30.10,0,0.00,0,0,06-JAN-2025
OPTSTK,ATGL,30-Jan-2025,2025-01-30,790.00,PE,0.00,0.00,0.00,74.30,95.70,0,0.00,1550,0,06-JAN-2025
OPTSTK,ATGL,27-Mar-2025,2025-03-27,760.00,PE,0.00,0.00,0.00,134.00,99.30,0,0.00,0,0,06-JAN-2025
OPTSTK,ATGL,30-Jan-2025,2025-01-30,870.00,PE,0.00,0.00,0.00,123.10,165.85,0,0.00,0,0,06-JAN-2025
OPTSTK,ATGL,27-Feb-2025,2025-02-27,870.00,CE,0.00,0.00,0.00,20.65,14.20,0,0.00,0,0,06-JAN-2025
OPTSTK,ATGL,27-Feb-2025,2025-02-27,800.00,CE,0.00,0.00,0.00,115.95,27.50,0,0.00,0,0,06-JAN-2025
OPTSTK,ATGL,30-Jan-2025,2025-01-30,630.00,PE,7.15,13.25,6.80,11.00,11.00,97,480.395762,68975,23250,06-JAN-2025
FUTSTK,ATGL,27-Mar-2025,2025-03-27,,,690.00,690.00,677.80,677.25,677.25,11,58.0723,30225,4650,06-JAN-2025
OPTSTK,ATGL,30-Jan-2025,2025-01-30,750.00,PE,61.65,69.35,61.60,69.35,65.85,4,25.2219875,66650,-2325,06-JAN-2025
OPTSTK,ATGL,27-Mar-2025,2025-03-27,740.00,PE,0.00,0.00,0.00,120.85,87.00,0,0.00,0,0,06-JAN-2025
OPTSTK,ATGL,30-Jan-2025,2025-01-30,740.00,CE,24.45,24.45,12.85,13.30,26.30,101,591.2754,110050,10075,06-JAN-2025
OPTSTK,ATGL,27-Feb-2025,2025-02-27,790.00,PE,0.00,0.00,0.00,144.15,108.75,0,0.00,0,0,06-JAN-2025
OPTSTK,ATGL,27-Feb-2025,2025-02-27,640.00,CE,0.00,0.00,0.00,207.85,97.30,0,0.00,0,0,06-JAN-2025
OPTSTK,ATGL,27-Feb-2025,2025-02-27,660.00,CE,0.00,0.00,0.00,194.15,84.85,0,0.00,0,0,06-JAN-2025
OPTSTK,ATGL,27-Feb-2025,2025-02-27,730.00,CE,0.00,0.00,0.00,53.50,50.10,0,0.00,0,0,06-JAN-2025
OPTSTK,SHREECEM,30-Jan-2025,2025-01-30,24000.00,PE,90.25,205.00,69.70,183.70,64.45,106,639.1252,6400,-225,06-JAN-2025
OPTSTK,SHREECEM,30-Jan-2025,2025-01-30,25500.00,PE,404.85,666.45,329.15,597.10,597.10,223,1449.68446,1625,-475,06-JAN-2025
OPTSTK,SHREECEM,27-Mar-2025,2025-03-27,25000.00,PE,0.00,0.00,0.00,1000.00,594.65,0,0.00,25,0,06-JAN-2025
OPTSTK,SHREECEM,30-Jan-2025,2025-01-30,25000.00,CE,0.00,0.00,0.00,1495.20,1254.75,0,0.00,650,0,06-JAN-2025
OPTSTK,SHREECEM,30-Jan-2025,2025-01-30,25000.00,PE,221.25,479.20,219.85,425.00,425.00,129,817.774262,5750,-25,06-JAN-2025
OPTSTK,SHREECEM,27-Feb-2025,2025-02-27,21500.00,CE,0.00,0.00,0.00,4554.60,4624.30,0,0.00,0,0,06-JAN-2025
OPTSTK,SHREECEM,30-Jan-2025,2025-01-30,23750.00,CE,0.00,0.00,0.00,2462.70,2306.95,0,0.00,0,0,06-JAN-2025
OPTSTK,SHREECEM,30-Jan-2025,2025-01-30,23250.00,PE,0.00,0.00,0.00,262.45,18.55,0,0.00,0,0,06-JAN-2025
OPTSTK,SHREECEM,30-Jan-2025,2025-01-30,23250.00,CE,0.00,0.00,0.00,2849.15,2779.55,0,0.00,0,0,06-JAN-2025
OPTSTK,SHREECEM,27-Feb-2025,2025-02-27,23250.00,CE,0.00,0.00,0.00,3548.30,2976.50,0,0.00,0,0,06-JAN-2025
OPTSTK,SHREECEM,27-Feb-2025,2025-02-27,25500.00,CE,0.00,0.00,0.00,1654.40,1276.00,0,0.00,0,0,06-JAN-2025
OPTSTK,SHREECEM,27-Mar-2025,2025-03-27,25500.00,CE,0.00,0.00,0.00,2169.80,1563.65,0,0.00,0,0,06-JAN-2025
OPTSTK,SHREECEM,30-Jan-2025,2025-01-30,27750.00,PE,0.00,0.00,0.00,2357.65,1840.65,0,0.00,0,0,06-JAN-2025
OPTSTK,SHREECEM,30-Jan-2025,2025-01-30,23000.00,PE,0.00,0.00,0.00,28.30,11.55,0,0.00,2600,0,06-JAN-2025
OPTSTK,SHREECEM,27-Feb-2025,2025-02-27,23000.00,CE,0.00,0.00,0.00,3295.35,3201.45,0,0.00,0,0,06-JAN-2025
OPTSTK,SHREECEM,27-Feb-2025,2025-02-27,23000.00,PE,0.00,0.00,0.00,334.95,73.30,0,0.00,0,0,06-JAN-2025
OPTSTK,SHREECEM,27-Mar-2025,2025-03-27,23000.00,CE,0.00,0.00,0.00,3988.30,3394.80,0,0.00,0,0,06-JAN-2025
OPTSTK,SHREECEM,30-Jan-2025,2025-01-30,27250.00,PE,0.00,0.00,0.00,1472.90,1430.00,0,0.00,50,0,06-JAN-2025
OPTSTK,SHREECEM,27-Feb-2025,2025-02-27,22000.00,CE,0.00,0.00,0.00,4117.25,4140.05,0,0.00,0,0,06-JAN-2025
OPTSTK,SHREECEM,30-Jan-2025,2025-01-30,30750.00,CE,0.00,0.00,0.00,63.85,1.55,0,0.00,125,0,06-JAN-2025
OPTSTK,SHREECEM,27-Feb-2025,2025-02-27,25750.00,PE,0.00,0.00,0.00,792.15,729.55,0,0.00,0,0,06-JAN-2025
OPTSTK,SHREECEM,30-Jan-2025,2025-01-30,30250.00,CE,0.00,0.00,0.00,40.00,3.70,0,0.00,50,0,06-JAN-2025
OPTSTK,SHREECEM,27-Mar-2025,2025-03-27,26500.00,PE,0.00,0.00,0.00,1296.85,1255.70,0,0.00,0,0,06-JAN-2025
OPTSTK,SHREECEM,27-Mar-2025,2025-03-27,26500.00,CE,0.00,0.00,0.00,1618.15,1052.85,0,0.00,0,0,06-JAN-2025
OPTSTK,SHREECEM,27-Feb-2025,2025-02-27,26500.00,PE,0.00,0.00,0.00,1664.85,1109.85,0,0.00,0,0,06-JAN-2025
OPTSTK,SHREECEM,27-Feb-2025,2025-02-27,26500.00,CE,0.00,0.00,0.00,1188.35,771.45,0,0.00,0,0,06-JAN-2025
OPTSTK,SHREECEM,27-Feb-2025,2025-02-27,23500.00,PE,0.00,0.00,0.00,446.55,123.95,0,0.00,0,0,06-JAN-2025
OPTSTK,SHREECEM,30-Jan-2025,2025-01-30,22500.00,CE,0.00,0.00,0.00,3296.20,3511.70,0,0.00,0,0,06-JAN-2025
OPTSTK,SHREECEM,27-Feb-2025,2025-02-27,29000.00,CE,0.00,0.00,0.00,454.30,150.90,0,0.00,0,0,06-JAN-2025
OPTSTK,SHREECEM,30-Jan-2025,2025-01-30,29000.00,CE,75.90,79.70,51.00,51.00,51.00,89,646.728637,2050,425,06-JAN-2025
FUTSTK,SHREECEM,27-Mar-2025,2025-03-27,,,25745.05,25745.05,25300.00,25300.00,26294.15,3,19.197525,375,75,06-JAN-2025
OPTSTK,SHREECEM,27-Feb-2025,2025-02-27,27250.00,PE,0.00,0.00,0.00,1532.15,1581.50,0,0.00,0,0,06-JAN-2025
OPTSTK,ABCAPITAL,27-Feb-2025,2025-02-27,187.50,CE,0.00,0.00,0.00,11.95,5.25,0,0.00,0,0,06-JAN-2025
OPTSTK,SBICARD,30-Jan-2025,2025-01-30,600.00,PE,0.45,0.80,0.30,0.70,0.70,224,1076.1588,233600,11200,06-JAN-2025
OPTSTK,SBICARD,30-Jan-2025,2025-01-30,685.00,CE,63.00,65.00,52.95,55.35,55.35,25,148.3772,75200,-6400,06-JAN-2025
OPTSTK,SBICARD,30-Jan-2025,2025-01-30,750.00,CE,16.00,30.00,12.20,14.55,14.55,8472,52126.6232,856000,148000,06-JAN-2025
OPTSTK,SBICARD,27-Mar-2025,2025-03-27,660.00,PE,0.00,0.00,0.00,21.05,4.85,0,0.00,0,0,06-JAN-2025
OPTSTK,ABCAPITAL,30-Jan-2025,2025-01-30,210.00,PE,0.00,0.00,0.00,25.00,32.95,0,0.00,677700,0,06-JAN-2025
OPTSTK,ABCAPITAL,27-Mar-2025,2025-03-27,210.00,PE,0.00,0.00,0.00,28.95,33.10,0,0.00,0,0,06-JAN-2025
OPTSTK,ABCAPITAL,27-Feb-2025,2025-02-27,155.00,CE,0.00,0.00,0.00,43.80,24.20,0,0.00,0,0,06-JAN-2025
OPTSTK,SBICARD,30-Jan-2025,2025-01-30,855.00,CE,0.00,0.00,0.00,2.25,0.05,0,0.00,0,0,06-JAN-2025
OPTSTK,SBICARD,27-Feb-2025,2025-02-27,625.00,CE,0.00,0.00,0.00,69.30,112.05,0,0.00,0,0,06-JAN-2025
OPTSTK,SBICARD,27-Feb-2025,2025-02-27,625.00,PE,0.00,0.00,0.00,7.25,0.55,0,0.00,0,0,06-JAN-2025
OPTSTK,SBICARD,27-Feb-2025,2025-02-27,795.00,PE,0.00,0.00,0.00,109.15,63.40,0,0.00,0,0,06-JAN-2025
OPTSTK,SBICARD,27-Feb-2025,2025-02-27,675.00,CE,0.00,0.00,0.00,35.80,66.45,0,0.00,0,0,06-JAN-2025
OPTSTK,SBICARD,30-Jan-2025,2025-01-30,675.00,CE,71.55,71.60,66.10,66.10,59.85,8,47.6808,60800,-4000,06-JAN-2025
OPTSTK,SBICARD,27-Mar-2025,2025-03-27,810.00,PE,0.00,0.00,0.00,121.40,76.45,0,0.00,0,0,06-JAN-2025
OPTSTK,SBICARD,30-Jan-2025,2025-01-30,810.00,CE,3.00,7.85,2.10,2.75,2.75,1321,8599.9528,304000,205600,06-JAN-2025
OPTSTK,SBICARD,30-Jan-2025,2025-01-30,805.00,CE,2.40,3.35,2.35,3.35,1.00,14,90.4504,11200,11200,06-JAN-2025
OPTSTK,SBICARD,30-Jan-2025,2025-01-30,640.00,PE,1.50,1.70,0.80,1.40,1.40,330,1692.4452,215200,-27200,06-JAN-2025
OPTSTK,SBICARD,27-Mar-2025,2025-03-27,640.00,CE,0.00,0.00,0.00,65.15,102.55,0,0.00,0,0,06-JAN-2025
FUTSTK,ABCAPITAL,27-Feb-2025,2025-02-27,,,187.21,187.21,177.04,177.76,177.76,252,1224.17541,2116800,99900,06-JAN-2025
OPTSTK,ABCAPITAL,30-Jan-2025,2025-01-30,182.50,PE,4.85,9.70,4.80,9.05,9.05,143,730.56465,332100,62100,06-JAN-2025
OPTSTK,ABCAPITAL,27-Feb-2025,2025-02-27,182.50,PE,0.00,0.00,0.00,10.25,11.50,0,0.00,0,0,06-JAN-2025
OPTSTK,SBICARD,27-Feb-2025,2025-02-27,615.00,PE,0.00,0.00,0.00,5.45,0.30,0,0.00,0,0,06-JAN-2025
OPTSTK,ABCAPITAL,30-Jan-2025,2025-01-30,167.50,CE,12.25,12.55,11.15,11.60,11.60,8,38.75445,13500,13500,06-JAN-2025
OPTSTK,ABCAPITAL,30-Jan-2025,2025-01-30,215.00,PE,0.00,0.00,0.00,29.00,37.85,0,0.00,178200,0,06-JAN-2025
OPTSTK,SBICARD,30-Jan-2025,2025-01-30,670.00,PE,2.55,4.05,1.65,3.35,3.35,968,5208.286,320000,106400,06-JAN-2025
OPTSTK,SBICARD,30-Jan-2025,2025-01-30,825.00,PE,0.00,0.00,0.00,107.25,91.15,0,0.00,0,0,06-JAN-2025
OPTSTK,SBICARD,27-Feb-2025,2025-02-27,825.00,PE,0.00,0.00,0.00,137.00,89.35,0,0.00,0,0,06-JAN-2025
OPTSTK,SBICARD,27-Feb-2025,2025-02-27,825.00,CE,0.00,0.00,0.00,1.55,2.80,0,0.00,0,0,06-JAN-2025
OPTSTK,SBICARD,30-Jan-2025,2025-01-30,825.00,CE,0.00,0.00,0.00,4.50,0.35,0,0.00,0,0,06-JAN-2025
OPTSTK,SBICARD,27-Feb-2025,2025-02-27,675.00,PE,0.00,0.00,0.00,23.15,4.45,0,0.00,0,0,06-JAN-2025
OPTSTK,ABCAPITAL,30-Jan-2025,2025-01-30,180.00,PE,3.00,8.20,3.00,7.50,7.50,1364,6834.6369,1433700,-356400,06-JAN-2025
OPTSTK,BAJFINANCE,30-Jan-2025,2025-01-30,6300.00,PE,4.95,8.55,3.30,7.65,7.65,1187,9355.85406,69875,-15500,06-JAN-2025
OPTSTK,MRF,30-Jan-2025,2025-01-30,141000.00,CE,0.00,0.00,0.00,441.00,15.35,0,0.00,15,0,06-JAN-2025
OPTSTK,MRF,27-Mar-2025,2025-03-27,128000.00,PE,0.00,0.00,0.00,4015.90,6670.90,0,0.00,0,0,06-JAN-2025
OPTSTK,MRF,27-Feb-2025,2025-02-27,128000.00,CE,0.00,0.00,0.00,5335.95,2296.70,0,0.00,0,0,06-JAN-2025
OPTSTK,MRF,30-Jan-2025,2025-01-30,133000.00,CE,700.00,700.00,400.00,463.90,463.90,262,1748.18611,765,475,06-JAN-2025
OPTSTK,BAJFINANCE,30-Jan-2025,2025-01-30,6100.00,PE,1.55,4.95,1.55,4.55,4.55,187,1426.853,29750,-1125,06-JAN-2025
OPTSTK,MRF,27-Feb-2025,2025-02-27,136000.00,PE,0.00,0.00,0.00,12603.90,12443.15,0,0.00,0,0,06-JAN-2025
OPTSTK,MRF,27-Mar-2025,2025-03-27,136000.00,PE,0.00,0.00,0.00,7830.95,12434.10,0,0.00,0,0,06-JAN-2025
OPTSTK,MRF,27-Mar-2025,2025-03-27,142000.00,PE,0.00,0.00,0.00,11640.20,17598.60,0,0.00,0,0,06-JAN-2025
OPTSTK,MRF,30-Jan-2025,2025-01-30,142000.00,PE,0.00,0.00,0.00,18283.50,18505.70,0,0.00,0,0,06-JAN-2025
OPTSTK,BAJFINANCE,27-Mar-2025,2025-03-27,5600.00,PE,0.00,0.00,0.00,34.40,2.65,0,0.00,0,0,06-JAN-2025
OPTSTK,BAJFINANCE,30-Jan-2025,2025-01-30,5600.00,PE,1.55,3.00,1.30,1.95,0.05,80,560.22425,16125,-1000,06-JAN-2025
OPTSTK,MRF,27-Feb-2025,2025-02-27,129500.00,PE,0.00,0.00,0.00,3870.70,7227.10,0,0.00,0,0,06-JAN-2025
OPTSTK,MRF,30-Jan-2025,2025-01-30,129500.00,PE,6030.60,6030.60,6030.60,6030.60,6739.50,1,6.77653,245,0,06-JAN-2025
OPTSTK,MRF,27-Feb-2025,2025-02-27,127500.00,CE,0.00,0.00,0.00,8395.80,2465.65,0,0.00,0,0,06-JAN-2025
OPTSTK,MRF,27-Feb-2025,2025-02-27,127500.00,PE,0.00,0.00,0.00,3093.00,5869.80,0,0.00,0,0,06-JAN-2025
OPTSTK,MRF,27-Mar-2025,2025-03-27,133000.00,CE,0.00,0.00,0.00,6829.50,1919.15,0,0.00,0,0,06-JAN-2025
OPTSTK,BAJFINANCE,27-Mar-2025,2025-03-27,6800.00,PE,0.00,0.00,0.00,88.00,113.40,0,0.00,1500,0,06-JAN-2025
OPTSTK,BAJFINANCE,27-Feb-2025,2025-02-27,6800.00,CE,0.00,0.00,0.00,333.55,687.40,0,0.00,0,0,06-JAN-2025
OPTSTK,MRF,27-Feb-2025,2025-02-27,123000.00,CE,0.00,0.00,0.00,7721.90,4414.70,0,0.00,0,0,06-JAN-2025
OPTSTK,BAJFINANCE,27-Feb-2025,2025-02-27,6800.00,PE,45.00,75.00,44.10,70.90,70.90,53,454.546062,8000,1500,06-JAN-2025
OPTSTK,BAJFINANCE,27-Feb-2025,2025-02-27,7000.00,PE,61.70,122.95,61.70,112.80,112.80,406,3601.01043,37125,17750,06-JAN-2025
OPTSTK,BAJFINANCE,27-Mar-2025,2025-03-27,6200.00,PE,0.00,0.00,0.00,132.70,24.25,0,0.00,0,0,06-JAN-2025
OPTSTK,BAJFINANCE,30-Jan-2025,2025-01-30,8100.00,PE,0.00,0.00,0.00,1512.25,735.05,0,0.00,0,0,06-JAN-2025
OPTSTK,BAJFINANCE,27-Feb-2025,2025-02-27,6200.00,PE,0.00,0.00,0.00,218.30,9.35,0,0.00,0,0,06-JAN-2025
OPTSTK,MRF,30-Jan-2025,2025-01-30,126000.00,CE,0.00,0.00,0.00,5688.30,1576.35,0,0.00,0,0,06-JAN-2025
OPTSTK,BAJFINANCE,30-Jan-2025,2025-01-30,6200.00,CE,1400.00,1400.00,1320.00,1320.00,1177.40,17,161.4,1375,-1750,06-JAN-2025
OPTSTK,MRF,27-Mar-2025,2025-03-27,126000.00,CE,0.00,0.00,0.00,10777.85,4229.20,0,0.00,0,0,06-JAN-2025
OPTSTK,BAJFINANCE,30-Jan-2025,2025-01-30,6500.00,CE,910.00,910.00,910.00,910.00,883.40,1,9.2625,21375,125,06-JAN-2025
OPTSTK,MRF,30-Jan-2025,2025-01-30,124500.00,CE,3295.85,3295.85,2370.65,2527.50,2147.30,9,57.17293,20,20,06-JAN-2025
OPTSTK,MRF,27-Feb-2025,2025-02-27,135000.00,CE,0.00,0.00,0.00,2969.45,743.75,0,0.00,0,0,06-JAN-2025
OPTIDX,NIFTYNXT50,30-Jan-2025,2025-01-30,74300.00,PE,0.00,0.00,0.00,5166.80,7000.80,0,0.00,0,0,06-JAN-2025
OPTIDX,NIFTYNXT50,30-Jan-2025,2025-01-30,74300.00,CE,0.00,0.00,0.00,1992.40,26.65,0,0.00,0,0,06-JAN-2025
OPTIDX,NIFTYNXT50,27-Feb-2025,2025-02-27,74300.00,CE,0.00,0.00,0.00,2240.80,224.85,0,0.00,0,0,06-JAN-2025
OPTIDX,NIFTYNXT50,27-Feb-2025,2025-02-27,65800.00,PE,0.00,0.00,0.00,932.65,1115.40,0,0.00,0,0,06-JAN-2025
OPTIDX,NIFTYNXT50,27-Mar-2025,2025-03-27,65800.00,CE,0.00,0.00,0.00,5316.75,3576.90,0,0.00,0,0,06-JAN-2025
OPTIDX,NIFTYNXT50,27-Mar-2025,2025-03-27,65800.00,PE,0.00,0.00,0.00,1395.55,1413.80,0,0.00,0,0,06-JAN-2025
OPTIDX,NIFTYNXT50,30-Jan-2025,2025-01-30,65800.00,CE,0.00,0.00,0.00,6383.40,2166.05,0,0.00,0,0,06-JAN-2025
OPTIDX,NIFTYNXT50,27-Feb-2025,2025-02-27,65800.00,CE,0.00,0.00,0.00,7018.80,2941.95,0,0.00,0,0,06-JAN-2025
OPTIDX,NIFTYNXT50,30-Jan-2025,2025-01-30,65800.00,PE,0.00,0.00,0.00,1218.95,677.85,0,0.00,0,0,06-JAN-2025
OPTIDX,NIFTYNXT50,30-Jan-2025,2025-01-30,74700.00,PE,0.00,0.00,0.00,5432.60,7392.10,0,0.00,0,0,06-JAN-2025
OPTIDX,NIFTYNXT50,27-Feb-2025,2025-02-27,74700.00,PE,0.00,0.00,0.00,4756.35,7180.10,0,0.00,0,0,06-JAN-2025
OPTIDX,NIFTYNXT50,30-Jan-2025,2025-01-30,74700.00,CE,0.00,0.00,0.00,1865.80,19.75,0,0.00,0,0,06-JAN-2025
OPTIDX,NIFTYNXT50,27-Feb-2025,2025-02-27,74700.00,CE,0.00,0.00,0.00,2099.30,191.80,0,0.00,0,0,06-JAN-2025
OPTIDX,NIFTYNXT50,30-Jan-2025,2025-01-30,70300.00,PE,0.00,0.00,0.00,2890.20,3328.80,0,0.00,0,0,06-JAN-2025
OPTIDX,NIFTYNXT50,27-Feb-2025,2025-02-27,70300.00,CE,0.00,0.00,0.00,4061.95,913.60,0,0.00,0,0,06-JAN-2025
OPTIDX,NIFTYNXT50,30-Jan-2025,2025-01-30,73900.00,PE,0.00,0.00,0.00,4907.50,6611.65,0,0.00,0,0,06-JAN-2025
OPTIDX,NIFTYNXT50,27-Mar-2025,2025-03-27,70300.00,CE,0.00,0.00,0.00,2806.40,1448.95,0,0.00,0,0,06-JAN-2025
OPTIDX,NIFTYNXT50,27-Feb-2025,2025-02-27,73900.00,CE,0.00,0.00,0.00,2389.30,262.75,0,0.00,0,0,06-JAN-2025
OPTIDX,NIFTYNXT50,30-Jan-2025,2025-01-30,70300.00,CE,501.00,550.00,501.00,501.10,336.90,3,21.24521,180,20,06-JAN-2025
OPTIDX,NIFTYNXT50,27-Mar-2025,2025-03-27,70300.00,PE,0.00,0.00,0.00,3305.60,3719.75,0,0.00,0,0,06-JAN-2025
OPTIDX,NIFTYNXT50,27-Feb-2025,2025-02-27,70300.00,PE,0.00,0.00,0.00,2396.50,3544.00,0,0.00,0,0,06-JAN-2025
OPTIDX,NIFTYNXT50,27-Feb-2025,2025-02-27,73900.00,PE,0.00,0.00,0.00,4260.45,6458.70,0,0.00,0,0,06-JAN-2025
OPTIDX,NIFTYNXT50,30-Jan-2025,2025-01-30,73900.00,CE,0.00,0.00,0.00,2125.55,35.70,0,0.00,0,0,06-JAN-2025
OPTIDX,NIFTYNXT50,27-Feb-2025,2025-02-27,72100.00,CE,0.00,0.00,0.00,3148.30,507.45,0,0.00,0,0,06-JAN-2025
OPTIDX,NIFTYNXT50,30-Jan-2025,2025-01-30,72100.00,CE,0.00,0.00,0.00,337.75,119.60,0,0.00,0,0,06-JAN-2025
OPTIDX,NIFTYNXT50,27-Feb-2025,2025-02-27,64200.00,PE,0.00,0.00,0.00,619.10,636.50,0,0.00,0,0,06-JAN-2025
OPTIDX,NIFTYNXT50,27-Feb-2025,2025-02-27,76500.00,PE,0.00,0.00,0.00,5970.65,8860.95,0,0.00,0,0,06-JAN-2025
OPTIDX,NIFTYNXT50,30-Jan-2025,2025-01-30,67000.00,PE,0.00,0.00,0.00,500.00,1157.60,0,0.00,10,0,06-JAN-2025
OPTIDX,NIFTYNXT50,27-Feb-2025,2025-02-27,67000.00,CE,0.00,0.00,0.00,6143.15,2243.00,0,0.00,0,0,06-JAN-2025
OPTIDX,NIFTYNXT50,27-Mar-2025,2025-03-27,67000.00,PE,0.00,0.00,0.00,1805.10,1901.00,0,0.00,0,0,06-JAN-2025
OPTIDX,NIFTYNXT50,30-Jan-2025,2025-01-30,62000.00,PE,0.00,0.00,0.00,466.80,59.80,0,0.00,0,0,06-JAN-2025
OPTIDX,NIFTYNXT50,30-Jan-2025,2025-01-30,62000.00,CE,0.00,0.00,0.00,9359.15,5331.20,0,0.00,0,0,06-JAN-2025
OPTSTK,PERSISTENT,27-Feb-2025,2025-02-27,7100.00,PE,0.00,0.00,0.00,809.65,799.20,0,0.00,0,0,06-JAN-2025
OPTSTK,PERSISTENT,30-Jan-2025,2025-01-30,7500.00,CE,12.30,13.50,11.05,13.15,3.80,10,75.12125,11900,-400,06-JAN-2025
OPTSTK,PERSISTENT,27-Feb-2025,2025-02-27,6100.00,CE,0.00,0.00,0.00,615.95,447.30,0,0.00,0,0,06-JAN-2025
OPTSTK,PERSISTENT,27-Feb-2025,2025-02-27,5600.00,CE,0.00,0.00,0.00,628.70,814.40,0,0.00,0,0,06-JAN-2025
OPTSTK,PERSISTENT,27-Feb-2025,2025-02-27,5600.00,PE,0.00,0.00,0.00,307.05,49.70,0,0.00,0,0,06-JAN-2025
OPTSTK,PERSISTENT,27-Mar-2025,2025-03-27,6000.00,PE,0.00,0.00,0.00,268.10,194.55,0,0.00,0,0,06-JAN-2025
OPTSTK,PERSISTENT,27-Feb-2025,2025-02-27,7300.00,CE,0.00,0.00,0.00,149.00,50.65,0,0.00,0,0,06-JAN-2025
OPTSTK,PERSISTENT,30-Jan-2025,2025-01-30,6700.00,PE,365.20,491.10,365.20,463.45,436.10,53,378.90475,12700,3800,06-JAN-2025
OPTSTK,PERSISTENT,30-Jan-2025,2025-01-30,5200.00,PE,4.10,9.35,3.65,7.15,7.15,204,1062.2545,40200,400,06-JAN-2025
OPTSTK,PERSISTENT,27-Mar-2025,2025-03-27,7600.00,PE,0.00,0.00,0.00,1232.50,1239.10,0,0.00,0,0,06-JAN-2025
OPTSTK,PERSISTENT,30-Jan-2025,2025-01-30,7400.00,PE,0.00,0.00,0.00,1623.70,1062.00,0,0.00,0,0,06-JAN-2025
OPTSTK,PERSISTENT,27-Mar-2025,2025-03-27,7400.00,PE,0.00,0.00,0.00,1076.85,1067.05,0,0.00,0,0,06-JAN-2025
OPTSTK,PERSISTENT,27-Feb-2025,2025-02-27,7400.00,PE,0.00,0.00,0.00,1532.85,1058.40,0,0.00,0,0,06-JAN-2025
OPTSTK,PERSISTENT,30-Jan-2025,2025-01-30,7400.00,CE,17.65,19.75,12.10,14.20,14.20,222,1646.24005,53800,1300,06-JAN-2025
OPTSTK,PERSISTENT,27-Feb-2025,2025-02-27,7400.00,CE,0.00,0.00,0.00,86.95,40.35,0,0.00,0,0,06-JAN-2025
OPTSTK,PERSISTENT,27-Mar-2025,2025-03-27,6600.00,CE,0.00,0.00,0.00,460.35,288.70,0,0.00,0,0,06-JAN-2025
OPTSTK,PERSISTENT,27-Mar-2025,2025-03-27,6600.00,PE,0.00,0.00,0.00,545.35,480.70,0,0.00,0,0,06-JAN-2025
OPTSTK,PERSISTENT,30-Jan-2025,2025-01-30,6600.00,CE,161.95,170.80,112.95,117.35,117.35,865,5829.3614,81300,2200,06-JAN-2025
OPTSTK,PERSISTENT,27-Feb-2025,2025-02-27,6600.00,PE,0.00,0.00,0.00,887.85,430.90,0,0.00,0,0,06-JAN-2025
OPTSTK,PERSISTENT,27-Feb-2025,2025-02-27,5500.00,CE,0.00,0.00,0.00,1044.05,900.00,0,0.00,0,0,06-JAN-2025
OPTSTK,PERSISTENT,30-Jan-2025,2025-01-30,7100.00,PE,0.00,0.00,0.00,863.40,777.15,0,0.00,100,0,06-JAN-2025
OPTSTK,PERSISTENT,27-Feb-2025,2025-02-27,7200.00,CE,0.00,0.00,0.00,111.80,63.15,0,0.00,0,0,06-JAN-2025
OPTSTK,PERSISTENT,27-Feb-2025,2025-02-27,7200.00,PE,0.00,0.00,0.00,1361.30,883.15,0,0.00,0,0,06-JAN-2025
OPTSTK,PERSISTENT,27-Feb-2025,2025-02-27,5400.00,PE,0.00,0.00,0.00,53.85,25.85,0,0.00,700,0,06-JAN-2025
OPTSTK,PERSISTENT,30-Jan-2025,2025-01-30,7000.00,PE,0.00,0.00,0.00,634.75,686.35,0,0.00,1900,0,06-JAN-2025
OPTSTK,PERSISTENT,30-Jan-2025,2025-01-30,7000.00,CE,54.10,61.40,39.20,42.35,42.35,1260,8882.51515,112600,4900,06-JAN-2025
OPTSTK,PERSISTENT,27-Mar-2025,2025-03-27,7000.00,PE,0.00,0.00,0.00,790.45,749.70,0,0.00,0,0,06-JAN-2025
OPTSTK,PERSISTENT,27-Mar-2025,2025-03-27,7000.00,CE,0.00,0.00,0.00,312.65,163.60,0,0.00,0,0,06-JAN-2025
FUTSTK,PERSISTENT,27-Mar-2025,2025-03-27,,,6460.00,6460.00,6350.00,6350.35,6350.35,13,82.8744,2500,500,06-JAN-2025
OPTSTK,PERSISTENT,27-Mar-2025,2025-03-27,5600.00,PE,0.00,0.00,0.00,146.25,85.75,0,0.00,0,0,06-JAN-2025
OPTSTK,PERSISTENT,27-Feb-2025,2025-02-27,7500.00,PE,0.00,0.00,0.00,1122.50,1149.05,0,0.00,0,0,06-JAN-2025
OPTSTK,INFY,27-Feb-2025,2025-02-27,1920.00,PE,0.00,0.00,0.00,50.75,51.10,0,0.00,3200,0,06-JAN-2025
OPTSTK,INFY,27-Mar-2025,2025-03-27,2160.00,CE,0.00,0.00,0.00,35.60,24.25,0,0.00,0,0,06-JAN-2025
OPTSTK,INFY,30-Jan-2025,2025-01-30,2160.00,PE,0.00,0.00,0.00,374.40,214.65,0,0.00,0,0,06-JAN-2025
OPTSTK,INFY,27-Mar-2025,2025-03-27,1680.00,CE,0.00,0.00,0.00,276.50,289.15,0,0.00,0,0,06-JAN-2025
OPTSTK,INFY,30-Jan-2025,2025-01-30,1680.00,CE,0.00,0.00,0.00,156.85,265.55,0,0.00,0,0,06-JAN-2025
OPTSTK,INFY,30-Jan-2025,2025-01-30,1820.00,PE,18.95,18.95,8.75,14.80,14.80,1214,8896.7374,302400,-20400,06-JAN-2025
OPTSTK,INFY,27-Feb-2025,2025-02-27,1740.00,PE,0.00,0.00,0.00,20.80,6.95,0,0.00,0,0,06-JAN-2025
OPTSTK,INFY,27-Mar-2025,2025-03-27,1800.00,PE,0.00,0.00,0.00,46.50,24.05,0,0.00,0,0,06-JAN-2025
OPTSTK,INFY,27-Feb-2025,2025-02-27,1800.00,PE,18.00,20.30,13.90,19.60,19.60,77,560.0406,108400,10000,06-JAN-2025
OPTSTK,INFY,27-Feb-2025,2025-02-27,1740.00,CE,0.00,0.00,0.00,210.00,221.45,0,0.00,0,0,06-JAN-2025
OPTSTK,INFY,27-Feb-2025,2025-02-27,1600.00,CE,0.00,0.00,0.00,299.85,353.75,0,0.00,0,0,06-JAN-2025
OPTSTK,INFY,30-Jan-2025,2025-01-30,1600.00,CE,0.00,0.00,0.00,348.10,344.95,0,0.00,0,0,06-JAN-2025
OPTSTK,INFY,27-Feb-2025,2025-02-27,1980.00,CE,0.00,0.00,0.00,66.95,57.75,0,0.00,0,0,06-JAN-2025
OPTSTK,INFY,30-Jan-2025,2025-01-30,2040.00,CE,18.05,23.90,15.50,17.35,17.35,6134,50506.1818,868000,17600,06-JAN-2025
OPTSTK,INFY,30-Jan-2025,2025-01-30,2040.00,PE,101.00,115.50,87.10,110.00,110.00,273,2342.1836,103200,-16400,06-JAN-2025
OPTSTK,INFY,27-Mar-2025,2025-03-27,2080.00,PE,0.00,0.00,0.00,189.65,154.05,0,0.00,0,0,06-JAN-2025
FUTSTK,INFY,30-Jan-2025,2025-01-30,,,1954.80,1978.45,1938.00,1948.05,1948.05,34316,268074.771,43087600,1033600,06-JAN-2025
FUTSTK,INFY,27-Mar-2025,2025-03-27,,,1987.00,2000.35,1963.00,1969.05,1969.05,67,531.0194,44400,5600,06-JAN-2025
OPTSTK,INFY,30-Jan-2025,2025-01-30,1980.00,PE,62.05,73.80,50.60,69.00,69.00,1921,15707.787,336400,24800,06-JAN-2025
OPTSTK,INFY,30-Jan-2025,2025-01-30,1760.00,CE,207.00,218.20,195.00,195.00,187.80,6,47.2806,120800,-2400,06-JAN-2025
OPTSTK,INFY,27-Feb-2025,2025-02-27,2040.00,CE,40.30,43.45,34.10,37.10,36.10,23,191.2842,39200,2400,06-JAN-2025
OPTSTK,INFY,27-Feb-2025,2025-02-27,2040.00,PE,0.00,0.00,0.00,197.80,118.70,0,0.00,0,0,06-JAN-2025
OPTSTK,INFY,30-Jan-2025,2025-01-30,2180.00,CE,3.30,4.00,2.90,3.25,3.25,652,5694.2694,139200,17200,06-JAN-2025
OPTSTK,INFY,30-Jan-2025,2025-01-30,2020.00,CE,22.75,30.60,19.85,22.25,22.25,2876,23512.5026,632000,60000,06-JAN-2025
OPTSTK,INFY,27-Feb-2025,2025-02-27,2020.00,PE,0.00,0.00,0.00,140.05,105.30,0,0.00,0,0,06-JAN-2025
OPTSTK,INFY,27-Feb-2025,2025-02-27,1700.00,CE,0.00,0.00,0.00,221.00,257.90,0,0.00,400,0,06-JAN-2025
OPTSTK,INFY,27-Mar-2025,2025-03-27,1800.00,CE,0.00,0.00,0.00,186.40,188.35,0,0.00,0,0,06-JAN-2025
OPTSTK,INFY,30-Jan-2025,2025-01-30,1800.00,CE,169.00,180.00,151.00,158.20,150.90,54,423.562,85600,3600,06-JAN-2025
OPTSTK,INFY,27-Feb-2025,2025-02-27,1980.00,PE,0.00,0.00,0.00,84.00,80.95,0,0.00,15600,0,06-JAN-2025
OPTSTK,INFY,30-Jan-2025,2025-01-30,1980.00,CE,36.15,48.45,32.45,36.25,36.25,7295,58924.9062,1522000,17600,06-JAN-2025
OPTSTK,INFY,27-Mar-2025,2025-03-27,2160.00,PE,0.00,0.00,0.00,249.20,214.65,0,0.00,0,0,06-JAN-2025
OPTSTK,INFY,27-Feb-2025,2025-02-27,2000.00,CE,53.00,61.10,47.65,51.15,51.15,103,846.114,57200,-3200,06-JAN-2025
OPTSTK,DIXON,27-Feb-2025,2025-02-27,17750.00,PE,700.00,700.00,700.00,700.00,818.20,1,9.225,700,0,06-JAN-2025
OPTSTK,DIXON,27-Feb-2025,2025-02-27,17750.00,CE,0.00,0.00,0.00,1644.05,1275.80,0,0.00,0,0,06-JAN-2025
OPTSTK,DIXON,30-Jan-2025,2025-01-30,17750.00,CE,1195.50,1282.00,810.55,847.05,847.05,158,1482.82512,12100,300,06-JAN-2025
OPTSTK,DIXON,27-Mar-2025,2025-03-27,20500.00,CE,0.00,0.00,0.00,916.20,552.60,0,0.00,0,0,06-JAN-2025
OPTSTK,DIXON,27-Mar-2025,2025-03-27,20500.00,PE,0.00,0.00,0.00,3007.85,2713.80,0,0.00,0,0,06-JAN-2025
OPTSTK,DIXON,30-Jan-2025,2025-01-30,20500.00,CE,134.95,153.85,78.85,87.25,87.25,1352,13938.0923,51000,450,06-JAN-2025
OPTSTK,DIXON,27-Feb-2025,2025-02-27,20000.00,PE,0.00,0.00,0.00,4388.60,2200.45,0,0.00,0,0,06-JAN-2025
OPTSTK,DIXON,30-Jan-2025,2025-01-30,14750.00,CE,0.00,0.00,0.00,3300.00,3363.90,0,0.00,100,0,06-JAN-2025
OPTSTK,DIXON,30-Jan-2025,2025-01-30,16250.00,PE,68.00,140.30,56.85,132.75,132.75,173,1414.73187,7700,900,06-JAN-2025
OPTSTK,DIXON,27-Feb-2025,2025-02-27,16250.00,CE,0.00,0.00,0.00,2544.85,2248.25,0,0.00,0,0,06-JAN-2025
OPTSTK,DIXON,27-Mar-2025,2025-03-27,17000.00,CE,0.00,0.00,0.00,2371.55,1995.70,0,0.00,0,0,06-JAN-2025
OPTSTK,DIXON,27-Feb-2025,2025-02-27,17000.00,PE,439.40,533.65,439.40,533.65,533.65,20,174.735775,650,400,06-JAN-2025
OPTSTK,DIXON,27-Mar-2025,2025-03-27,17000.00,PE,0.00,0.00,0.00,1026.40,708.30,0,0.00,0,0,06-JAN-2025
FUTSTK,DIXON,27-Feb-2025,2025-02-27,,,18635.45,18890.00,18100.00,18175.30,18175.30,596,5502.12492,46150,1050,06-JAN-2025
OPTSTK,DIXON,30-Jan-2025,2025-01-30,16250.00,CE,0.00,0.00,0.00,1026.45,1974.65,0,0.00,0,0,06-JAN-2025
OPTSTK,DIXON,30-Jan-2025,2025-01-30,19500.00,CE,301.00,375.70,200.00,218.80,218.80,5783,57249.2737,116800,15400,06-JAN-2025
OPTSTK,DIXON,27-Feb-2025,2025-02-27,19500.00,CE,600.00,600.00,558.00,558.00,560.55,2,20.079,300,50,06-JAN-2025
OPTSTK,DIXON,30-Jan-2025,2025-01-30,13500.00,PE,18.00,22.00,16.00,19.20,0.60,60,405.569875,15700,150,06-JAN-2025
OPTSTK,DIXON,30-Jan-2025,2025-01-30,15250.00,PE,27.50,51.80,27.50,49.15,49.15,31,237.1254,9100,-700,06-JAN-2025
OPTSTK,DIXON,30-Jan-2025,2025-01-30,15250.00,CE,0.00,0.00,0.00,2710.10,2881.90,0,0.00,150,0,06-JAN-2025
OPTSTK,DIXON,30-Jan-2025,2025-01-30,16500.00,PE,81.15,180.45,75.75,169.50,169.50,2000,16632.9982,36750,-1350,06-JAN-2025
OPTSTK,DIXON,27-Feb-2025,2025-02-27,19250.00,CE,0.00,0.00,0.00,997.40,637.05,0,0.00,0,0,06-JAN-2025
OPTSTK,DIXON,30-Jan-2025,2025-01-30,20000.00,PE,0.00,0.00,0.00,2082.55,2028.85,0,0.00,4150,0,06-JAN-2025
OPTSTK,DIXON,27-Feb-2025,2025-02-27,18250.00,CE,1139.00,1139.00,1139.00,1139.00,1026.60,1,9.6945,100,-50,06-JAN-2025
OPTSTK,DIXON,30-Jan-2025,2025-01-30,17750.00,PE,345.00,568.30,267.35,534.75,534.75,1480,13418.0087,29600,4000,06-JAN-2025
OPTSTK,DIXON,27-Mar-2025,2025-03-27,21000.00,CE,0.00,0.00,0.00,788.80,446.05,0,0.00,0,0,06-JAN-2025
OPTSTK,DIXON,27-Feb-2025,2025-02-27,21000.00,CE,230.00,230.00,230.00,230.00,242.70,1,10.615,100,50,06-JAN-2025
OPTSTK,DIXON,27-Feb-2025,2025-02-27,19000.00,CE,900.00,900.00,700.00,700.00,700.00,18,177.922,2050,-500,06-JAN-2025
OPTSTK,DIXON,30-Jan-2025,2025-01-30,19000.00,CE,460.05,557.60,313.15,343.10,343.10,9762,94970.3526,185850,20500,06-JAN-2025
OPTSTK,DIXON,27-Mar-2025,2025-03-27,19000.00,PE,0.00,0.00,0.00,2029.30,1688.60,0,0.00,0,0,06-JAN-2025
OPTSTK,DIXON,27-Feb-2025,2025-02-27,19000.00,PE,0.00,0.00,0.00,3566.65,1501.95,0,0.00,0,0,06-JAN-2025
OPTSTK,DIXON,27-Mar-2025,2025-03-27,18500.00,CE,0.00,0.00,0.00,1616.35,1208.30,0,0.00,0,0,06-JAN-2025
OPTSTK,IDFCFIRSTB,30-Jan-2025,2025-01-30,67.00,CE,1.65,1.85,0.65,0.70,0.70,2683,13689.2137,6285000,637500,06-JAN-2025
OPTSTK,IDFCFIRSTB,27-Feb-2025,2025-02-27,63.00,CE,0.00,0.00,0.00,3.15,2.70,0,0.00,0,0,06-JAN-2025
OPTSTK,IDFCFIRSTB,27-Mar-2025,2025-03-27,70.00,CE,2.15,2.15,1.70,1.75,1.75,11,59.35875,120000,45000,06-JAN-2025
OPTSTK,IDFCFIRSTB,27-Feb-2025,2025-02-27,61.00,PE,0.00,0.00,0.00,2.65,1.60,0,0.00,0,0,06-JAN-2025
OPTSTK,IDFCFIRSTB,27-Feb-2025,2025-02-27,61.00,CE,0.00,0.00,0.00,4.15,3.80,0,0.00,0,0,06-JAN-2025
OPTSTK,IDFCFIRSTB,27-Feb-2025,2025-02-27,72.00,CE,0.00,0.00,0.00,1.00,0.35,0,0.00,22500,0,06-JAN-2025
OPTSTK,IDFCFIRSTB,30-Jan-2025,2025-01-30,73.00,CE,0.30,0.30,0.10,0.10,0.10,616,3382.16625,1837500,457500,06-JAN-2025
OPTSTK,IDFCFIRSTB,30-Jan-2025,2025-01-30,60.00,PE,0.45,1.15,0.40,1.05,1.05,2027,9238.45125,12120000,-120000,06-JAN-2025
OPTSTK,IDFCFIRSTB,27-Feb-2025,2025-02-27,60.00,CE,6.40,6.45,4.65,4.65,4.65,12,58.63125,60000,52500,06-JAN-2025
OPTSTK,IDFCFIRSTB,27-Mar-2025,2025-03-27,60.00,CE,0.00,0.00,0.00,5.55,5.20,0,0.00,0,0,06-JAN-2025
OPTSTK,IDFCFIRSTB,30-Jan-2025,2025-01-30,60.00,CE,6.40,6.40,3.75,3.85,3.85,462,2234.3175,3262500,127500,06-JAN-2025
OPTSTK,IDFCFIRSTB,27-Mar-2025,2025-03-27,60.00,PE,0.00,0.00,0.00,1.40,1.70,0,0.00,120000,0,06-JAN-2025
OPTSTK,IDFCFIRSTB,27-Feb-2025,2025-02-27,60.00,PE,1.05,1.90,1.05,1.80,1.80,90,415.10625,1102500,247500,06-JAN-2025
OPTSTK,IDFCFIRSTB,27-Feb-2025,2025-02-27,64.00,PE,3.20,3.80,3.15,3.75,3.00,23,116.48625,450000,67500,06-JAN-2025
OPTSTK,IDFCFIRSTB,30-Jan-2025,2025-01-30,64.00,PE,1.25,2.95,1.20,2.75,2.75,1850,9168.105,6450000,195000,06-JAN-2025
OPTSTK,IDFCFIRSTB,30-Jan-2025,2025-01-30,64.00,CE,3.15,3.30,1.50,1.60,1.60,1854,9187.14,9292500,1305000,06-JAN-2025
OPTSTK,IDFCFIRSTB,27-Mar-2025,2025-03-27,64.00,PE,0.00,0.00,0.00,4.65,3.45,0,0.00,0,0,06-JAN-2025
OPTSTK,IDFCFIRSTB,27-Mar-2025,2025-03-27,64.00,CE,0.00,0.00,0.00,3.55,3.00,0,0.00,0,0,06-JAN-2025
OPTSTK,IDFCFIRSTB,27-Feb-2025,2025-02-27,64.00,CE,0.00,0.00,0.00,4.95,2.25,0,0.00,0,0,06-JAN-2025
OPTSTK,IDFCFIRSTB,27-Feb-2025,2025-02-27,74.00,CE,0.60,0.60,0.60,0.60,0.20,1,5.595,15000,7500,06-JAN-2025
OPTSTK,IDFCFIRSTB,30-Jan-2025,2025-01-30,71.00,CE,0.60,0.65,0.20,0.25,0.25,958,5125.0725,2940000,-870000,06-JAN-2025
OPTSTK,IDFCFIRSTB,30-Jan-2025,2025-01-30,67.00,PE,2.50,5.05,2.50,4.80,4.80,479,2536.44375,1402500,345000,06-JAN-2025
OPTSTK,IDFCFIRSTB,30-Jan-2025,2025-01-30,63.00,CE,3.85,4.05,1.90,2.05,2.05,1070,5252.34375,6675000,1200000,06-JAN-2025
OPTSTK,IDFCFIRSTB,30-Jan-2025,2025-01-30,73.00,PE,7.95,9.25,7.90,9.25,10.10,6,36.54,165000,22500,06-JAN-2025
OPTSTK,IDFCFIRSTB,30-Jan-2025,2025-01-30,61.00,PE,0.55,1.45,0.55,1.35,1.35,1268,5901.50625,5422500,-15000,06-JAN-2025
OPTSTK,IDFCFIRSTB,30-Jan-2025,2025-01-30,57.00,CE,6.85,7.00,6.05,6.30,6.30,26,123.975,330000,30000,06-JAN-2025
OPTSTK,IDFCFIRSTB,30-Jan-2025,2025-01-30,72.00,CE,0.55,0.55,0.15,0.15,0.15,1040,5638.10625,5595000,975000,06-JAN-2025
OPTSTK,IDFCFIRSTB,27-Feb-2025,2025-02-27,72.00,PE,8.60,9.15,8.60,9.15,9.05,2,12.13125,7500,7500,06-JAN-2025
OPTSTK,IDFCFIRSTB,30-Jan-2025,2025-01-30,80.00,CE,0.10,0.10,0.05,0.05,0.05,79,474.345,1560000,-135000,06-JAN-2025
OPTSTK,IDFCFIRSTB,30-Jan-2025,2025-01-30,70.00,CE,0.75,0.75,0.30,0.35,0.35,3937,20810.6887,26760000,2295000,06-JAN-2025
OPTSTK,IDFCFIRSTB,27-Feb-2025,2025-02-27,65.00,CE,3.50,3.50,2.25,2.30,2.30,74,375.645,1455000,315000,06-JAN-2025
OPTSTK,NYKAA,30-Jan-2025,2025-01-30,200.00,PE,26.80,27.70,26.80,27.70,27.95,3,20.119,73750,2950,06-JAN-2025
OPTSTK,NYKAA,27-Feb-2025,2025-02-27,200.00,PE,0.00,0.00,0.00,29.25,28.25,0,0.00,0,0,06-JAN-2025
OPTSTK,NYKAA,27-Mar-2025,2025-03-27,200.00,CE,0.00,0.00,0.00,3.40,3.30,0,0.00,0,0,06-JAN-2025
OPTSTK,NYKAA,27-Feb-2025,2025-02-27,175.00,PE,10.50,10.50,10.50,10.50,10.00,1,5.47225,2950,2950,06-JAN-2025
OPTSTK,NYKAA,30-Jan-2025,2025-01-30,175.00,PE,9.30,10.70,6.80,8.40,8.40,966,5208.57605,339250,247800,06-JAN-2025
OPTSTK,NYKAA,27-Mar-2025,2025-03-27,175.00,PE,0.00,0.00,0.00,20.05,11.65,0,0.00,0,0,06-JAN-2025
OPTSTK,NYKAA,30-Jan-2025,2025-01-30,152.50,PE,1.20,1.25,0.75,1.00,0.55,86,389.4708,233050,38350,06-JAN-2025
OPTSTK,NYKAA,27-Mar-2025,2025-03-27,195.00,PE,0.00,0.00,0.00,34.80,24.90,0,0.00,0,0,06-JAN-2025
OPTSTK,NYKAA,30-Jan-2025,2025-01-30,195.00,PE,0.00,0.00,0.00,24.20,23.25,0,0.00,0,0,06-JAN-2025
OPTSTK,NYKAA,27-Feb-2025,2025-02-27,145.00,PE,0.00,0.00,0.00,3.05,0.85,0,0.00,0,0,06-JAN-2025
OPTSTK,NYKAA,27-Feb-2025,2025-02-27,190.00,PE,0.00,0.00,0.00,22.25,20.00,0,0.00,0,0,06-JAN-2025
OPTSTK,NYKAA,30-Jan-2025,2025-01-30,190.00,PE,0.00,0.00,0.00,20.60,18.75,0,0.00,0,0,06-JAN-2025
OPTSTK,NYKAA,27-Mar-2025,2025-03-27,130.00,CE,0.00,0.00,0.00,35.25,43.75,0,0.00,0,0,06-JAN-2025
OPTSTK,NYKAA,27-Mar-2025,2025-03-27,185.00,PE,0.00,0.00,0.00,27.05,17.70,0,0.00,0,0,06-JAN-2025
OPTSTK,NYKAA,27-Mar-2025,2025-03-27,185.00,CE,0.00,0.00,0.00,6.20,6.90,0,0.00,0,0,06-JAN-2025
OPTSTK,NYKAA,30-Jan-2025,2025-01-30,185.00,CE,2.55,3.50,1.70,2.05,2.05,1816,10037.2496,991200,504450,06-JAN-2025
OPTSTK,NYKAA,27-Mar-2025,2025-03-27,165.00,CE,0.00,0.00,0.00,12.90,15.90,0,0.00,0,0,06-JAN-2025
OPTSTK,NYKAA,27-Feb-2025,2025-02-27,165.00,PE,0.00,0.00,0.00,8.95,5.30,0,0.00,0,0,06-JAN-2025
OPTSTK,NYKAA,30-Jan-2025,2025-01-30,135.00,PE,0.00,0.00,0.00,0.10,0.05,0,0.00,961700,0,06-JAN-2025
OPTSTK,NYKAA,27-Feb-2025,2025-02-27,155.00,PE,0.00,0.00,0.00,5.50,2.35,0,0.00,0,0,06-JAN-2025
OPTSTK,NYKAA,27-Mar-2025,2025-03-27,155.00,CE,0.00,0.00,0.00,17.85,22.45,0,0.00,0,0,06-JAN-2025
OPTSTK,NYKAA,30-Jan-2025,2025-01-30,145.00,PE,0.60,0.60,0.30,0.45,0.45,59,253.0982,191750,0,06-JAN-2025
OPTSTK,NYKAA,27-Feb-2025,2025-02-27,145.00,CE,0.00,0.00,0.00,34.65,28.75,0,0.00,0,0,06-JAN-2025
OPTSTK,NYKAA,27-Mar-2025,2025-03-27,200.00,PE,0.00,0.00,0.00,38.95,28.85,0,0.00,0,0,06-JAN-2025
OPTSTK,NYKAA,27-Feb-2025,2025-02-27,200.00,CE,0.00,0.00,0.00,6.85,1.65,0,0.00,0,0,06-JAN-2025
OPTSTK,NYKAA,27-Mar-2025,2025-03-27,190.00,CE,0.00,0.00,0.00,5.10,5.45,0,0.00,0,0,06-JAN-2025
OPTSTK,NYKAA,27-Feb-2025,2025-02-27,190.00,CE,0.00,0.00,0.00,9.70,3.35,0,0.00,0,0,06-JAN-2025
OPTSTK,NYKAA,27-Mar-2025,2025-03-27,180.00,CE,0.00,0.00,0.00,7.55,8.65,0,0.00,0,0,06-JAN-2025
OPTSTK,NYKAA,27-Feb-2025,2025-02-27,180.00,CE,7.05,7.05,5.65,5.65,6.15,10,54.93195,35400,17700,06-JAN-2025
OPTSTK,NYKAA,27-Feb-2025,2025-02-27,140.00,CE,0.00,0.00,0.00,38.70,33.30,0,0.00,0,0,06-JAN-2025
OPTSTK,NYKAA,27-Feb-2025,2025-02-27,195.00,PE,0.00,0.00,0.00,25.65,24.00,0,0.00,0,0,06-JAN-2025
OPTSTK,NYKAA,30-Jan-2025,2025-01-30,185.00,PE,14.75,15.10,13.40,15.10,14.60,20,117.69615,47200,44250,06-JAN-2025
OPTSTK,NYKAA,30-Jan-2025,2025-01-30,160.00,CE,14.80,16.25,10.90,13.70,13.70,333,1706.65612,551650,-221250,06-JAN-2025
OPTSTK,LODHA,27-Feb-2025,2025-02-27,1520.00,PE,0.00,0.00,0.00,280.75,194.45,0,0.00,0,0,06-JAN-2025
OPTSTK,LODHA,27-Mar-2025,2025-03-27,1240.00,PE,0.00,0.00,0.00,60.35,54.40,0,0.00,0,0,06-JAN-2025
OPTSTK,LODHA,27-Feb-2025,2025-02-27,1240.00,CE,0.00,0.00,0.00,160.30,156.75,0,0.00,0,0,06-JAN-2025
OPTSTK,LODHA,27-Mar-2025,2025-03-27,1680.00,CE,0.00,0.00,0.00,68.30,25.25,0,0.00,0,0,06-JAN-2025
OPTSTK,LODHA,27-Feb-2025,2025-02-27,1440.00,CE,0.00,0.00,0.00,81.60,57.05,0,0.00,0,0,06-JAN-2025
OPTSTK,LODHA,27-Mar-2025,2025-03-27,1280.00,PE,0.00,0.00,0.00,74.10,69.60,0,0.00,0,0,06-JAN-2025
OPTSTK,LODHA,30-Jan-2025,2025-01-30,1500.00,PE,0.00,0.00,0.00,131.10,162.65,0,0.00,450,0,06-JAN-2025
OPTSTK,LODHA,27-Feb-2025,2025-02-27,1420.00,PE,0.00,0.00,0.00,116.15,124.25,0,0.00,0,0,06-JAN-2025
OPTSTK,LODHA,30-Jan-2025,2025-01-30,1560.00,CE,18.00,18.00,6.75,6.75,6.75,77,544.67235,64800,7200,06-JAN-2025
OPTSTK,LODHA,30-Jan-2025,2025-01-30,1380.00,CE,85.00,85.00,44.05,45.05,45.05,73,472.1571,16650,1800,06-JAN-2025
OPTSTK,LODHA,27-Feb-2025,2025-02-27,1380.00,CE,0.00,0.00,0.00,75.35,79.70,0,0.00,450,0,06-JAN-2025
OPTSTK,LODHA,30-Jan-2025,2025-01-30,1440.00,CE,55.00,62.65,24.90,25.70,25.70,522,3478.2111,123750,25200,06-JAN-2025
OPTSTK,LODHA,30-Jan-2025,2025-01-30,1240.00,PE,0.00,0.00,0.00,12.55,18.45,0,0.00,27000,0,06-JAN-2025
OPTSTK,LODHA,27-Mar-2025,2025-03-27,1240.00,CE,0.00,0.00,0.00,256.80,178.80,0,0.00,0,0,06-JAN-2025
OPTSTK,LODHA,27-Feb-2025,2025-02-27,1460.00,PE,0.00,0.00,0.00,138.00,150.65,0,0.00,0,0,06-JAN-2025
OPTSTK,LODHA,30-Jan-2025,2025-01-30,1460.00,PE,70.95,129.00,65.65,129.00,130.60,19,132.04845,7200,1800,06-JAN-2025
OPTSTK,LODHA,27-Feb-2025,2025-02-27,1160.00,CE,0.00,0.00,0.00,204.60,215.90,0,0.00,0,0,06-JAN-2025
OPTSTK,LODHA,27-Feb-2025,2025-02-27,1440.00,PE,0.00,0.00,0.00,222.80,137.15,0,0.00,0,0,06-JAN-2025
OPTSTK,LODHA,27-Feb-2025,2025-02-27,1640.00,CE,0.00,0.00,0.00,39.60,15.75,0,0.00,0,0,06-JAN-2025
OPTSTK,LODHA,27-Feb-2025,2025-02-27,1500.00,PE,0.00,0.00,0.00,161.80,179.35,0,0.00,0,0,06-JAN-2025
OPTSTK,LODHA,30-Jan-2025,2025-01-30,1500.00,CE,30.00,40.50,13.20,13.85,13.85,1093,7484.78745,242100,58500,06-JAN-2025
OPTSTK,LODHA,27-Feb-2025,2025-02-27,1360.00,PE,0.00,0.00,0.00,170.70,89.40,0,0.00,0,0,06-JAN-2025
OPTSTK,LODHA,30-Jan-2025,2025-01-30,1260.00,PE,8.40,26.85,8.10,24.35,24.35,68,391.1328,33750,10350,06-JAN-2025
OPTSTK,LODHA,30-Jan-2025,2025-01-30,1460.00,CE,43.00,50.00,20.15,21.00,21.00,382,2563.95645,83700,9450,06-JAN-2025
OPTSTK,LODHA,30-Jan-2025,2025-01-30,1280.00,PE,10.75,34.70,10.75,30.80,30.80,62,363.398625,53100,2250,06-JAN-2025
OPTSTK,LODHA,27-Feb-2025,2025-02-27,1280.00,CE,0.00,0.00,0.00,141.05,131.15,0,0.00,0,0,06-JAN-2025
OPTSTK,LODHA,27-Feb-2025,2025-02-27,1280.00,PE,0.00,0.00,0.00,125.15,52.75,0,0.00,0,0,06-JAN-2025
OPTSTK,LODHA,27-Feb-2025,2025-02-27,1200.00,CE,0.00,0.00,0.00,181.45,185.05,0,0.00,0,0,06-JAN-2025
OPTSTK,LODHA,30-Jan-2025,2025-01-30,1200.00,CE,209.40,221.60,209.40,215.90,162.05,4,25.489125,6300,450,06-JAN-2025
OPTSTK,LODHA,27-Feb-2025,2025-02-27,1360.00,CE,0.00,0.00,0.00,108.00,88.55,0,0.00,0,0,06-JAN-2025
OPTSTK,LODHA,27-Feb-2025,2025-02-27,1220.00,CE,0.00,0.00,0.00,247.45,170.55,0,0.00,0,0,06-JAN-2025
OPTSTK,LODHA,30-Jan-2025,2025-01-30,1220.00,PE,5.00,17.00,5.00,15.15,15.15,36,199.81755,39600,-5850,06-JAN-2025
OPTSTK,INDIAMART,30-Jan-2025,2025-01-30,2000.00,PE,10.00,20.95,8.85,19.10,19.10,360,2177.59995,72000,9900,06-JAN-2025
OPTSTK,INDIAMART,30-Jan-2025,2025-01-30,2440.00,PE,0.00,0.00,0.00,239.90,264.10,0,0.00,0,0,06-JAN-2025
OPTSTK,INDIAMART,30-Jan-2025,2025-01-30,1880.00,CE,0.00,0.00,0.00,375.05,308.30,0,0.00,0,0,06-JAN-2025
OPTSTK,INDIAMART,30-Jan-2025,2025-01-30,2120.00,PE,34.00,40.10,34.00,40.10,48.80,2,12.9423,3900,300,06-JAN-2025
OPTSTK,INDIAMART,27-Feb-2025,2025-02-27,2300.00,CE,0.00,0.00,0.00,117.80,74.20,0,0.00,900,0,06-JAN-2025
OPTSTK,INDIAMART,30-Jan-2025,2025-01-30,2100.00,CE,0.00,0.00,0.00,175.00,127.20,0,0.00,300,0,06-JAN-2025
OPTSTK,INDIAMART,27-Feb-2025,2025-02-27,2680.00,PE,0.00,0.00,0.00,451.85,487.55,0,0.00,0,0,06-JAN-2025
OPTSTK,INDIAMART,30-Jan-2025,2025-01-30,2100.00,PE,23.90,47.65,23.00,44.40,44.40,234,1499.5326,47400,-1800,06-JAN-2025
OPTSTK,INDIAMART,27-Feb-2025,2025-02-27,2100.00,CE,0.00,0.00,0.00,360.00,167.60,0,0.00,0,0,06-JAN-2025
OPTSTK,INDIAMART,27-Feb-2025,2025-02-27,2400.00,CE,0.00,0.00,0.00,193.50,45.95,0,0.00,0,0,06-JAN-2025
OPTSTK,INDIAMART,30-Jan-2025,2025-01-30,2440.00,CE,20.00,21.75,13.00,14.90,14.90,32,235.8588,9600,4800,06-JAN-2025
OPTSTK,INDIAMART,30-Jan-2025,2025-01-30,2260.00,CE,82.80,82.80,49.10,53.10,53.10,24,167.0739,8700,900,06-JAN-2025
OPTSTK,INDIAMART,30-Jan-2025,2025-01-30,2260.00,PE,110.70,124.10,105.50,105.50,121.95,6,42.74085,9900,-600,06-JAN-2025
OPTSTK,INDIAMART,30-Jan-2025,2025-01-30,2540.00,CE,0.00,0.00,0.00,28.75,4.25,0,0.00,0,0,06-JAN-2025
OPTSTK,INDIAMART,30-Jan-2025,2025-01-30,1960.00,CE,313.25,313.25,243.20,243.20,243.20,3,20.1588,0,0,06-JAN-2025
OPTSTK,INDIAMART,27-Feb-2025,2025-02-27,2460.00,CE,0.00,0.00,0.00,81.95,33.75,0,0.00,0,0,06-JAN-2025
OPTSTK,INDIAMART,30-Jan-2025,2025-01-30,2320.00,PE,0.00,0.00,0.00,157.25,164.45,0,0.00,0,0,06-JAN-2025
OPTSTK,INDIAMART,27-Feb-2025,2025-02-27,2020.00,PE,0.00,0.00,0.00,57.90,44.35,0,0.00,0,0,06-JAN-2025
OPTSTK,INDIAMART,27-Feb-2025,2025-02-27,2040.00,PE,0.00,0.00,0.00,63.80,50.25,0,0.00,0,0,06-JAN-2025
OPTSTK,INDIAMART,30-Jan-2025,2025-01-30,2040.00,PE,0.00,0.00,0.00,36.70,24.30,0,0.00,0,0,06-JAN-2025
OPTSTK,INDIAMART,27-Feb-2025,2025-02-27,2180.00,CE,0.00,0.00,0.00,195.10,123.80,0,0.00,0,0,06-JAN-2025
OPTSTK,INDIAMART,30-Jan-2025,2025-01-30,2640.00,CE,0.00,0.00,0.00,16.35,1.45,0,0.00,0,0,06-JAN-2025
OPTSTK,INDIAMART,27-Feb-2025,2025-02-27,2200.00,PE,84.95,106.55,84.95,106.55,116.80,5,34.4238,1200,900,06-JAN-2025
OPTSTK,INDIAMART,30-Jan-2025,2025-01-30,2700.00,PE,0.00,0.00,0.00,414.30,512.40,0,0.00,900,0,06-JAN-2025
OPTSTK,INDIAMART,27-Feb-2025,2025-02-27,2480.00,PE,0.00,0.00,0.00,293.95,310.25,0,0.00,0,0,06-JAN-2025
OPTSTK,INDIAMART,30-Jan-2025,2025-01-30,2480.00,CE,0.00,0.00,0.00,22.00,7.75,0,0.00,300,0,06-JAN-2025
OPTSTK,INDIAMART,30-Jan-2025,2025-01-30,2480.00,PE,0.00,0.00,0.00,270.65,300.40,0,0.00,0,0,06-JAN-2025
OPTSTK,INDIAMART,30-Jan-2025,2025-01-30,2500.00,CE,17.80,19.05,7.20,8.55,8.55,250,1883.9226,51300,-12600,06-JAN-2025
OPTSTK,INDIAMART,27-Feb-2025,2025-02-27,2500.00,PE,0.00,0.00,0.00,266.95,326.95,0,0.00,0,0,06-JAN-2025
OPTSTK,INDIAMART,27-Feb-2025,2025-02-27,1920.00,PE,0.00,0.00,0.00,33.90,21.90,0,0.00,0,0,06-JAN-2025
OPTSTK,INDIAMART,30-Jan-2025,2025-01-30,2120.00,CE,0.00,0.00,0.00,186.70,114.55,0,0.00,0,0,06-JAN-2025
OPTSTK,LTF,30-Jan-2025,2025-01-30,170.00,PE,0.00,0.00,0.00,29.40,30.90,0,0.00,410504,0,06-JAN-2025
OPTSTK,LTF,30-Jan-2025,2025-01-30,170.00,CE,0.10,0.10,0.10,0.10,0.05,3,22.769586,392656,-4462,06-JAN-2025
OPTSTK,LTF,27-Feb-2025,2025-02-27,165.00,CE,0.00,0.00,0.00,5.65,0.85,0,0.00,0,0,06-JAN-2025
OPTSTK,LTF,27-Feb-2025,2025-02-27,165.00,PE,0.00,0.00,0.00,23.35,25.90,0,0.00,0,0,06-JAN-2025
OPTSTK,TATACHEM,27-Feb-2025,2025-02-27,1180.00,CE,0.00,0.00,0.00,32.30,6.10,0,0.00,0,0,06-JAN-2025
OPTSTK,LTF,30-Jan-2025,2025-01-30,130.00,PE,1.15,3.40,1.10,3.10,3.10,1091,6440.20539,1994514,8924,06-JAN-2025
OPTSTK,LTF,27-Mar-2025,2025-03-27,130.00,CE,0.00,0.00,0.00,15.80,14.50,0,0.00,0,0,06-JAN-2025
OPTSTK,LTF,27-Mar-2025,2025-03-27,130.00,PE,0.00,0.00,0.00,6.65,4.20,0,0.00,0,0,06-JAN-2025
OPTSTK,TATACHEM,27-Mar-2025,2025-03-27,1000.00,PE,40.00,50.00,40.00,50.00,58.70,2,11.495,1100,1100,06-JAN-2025
OPTSTK,TATACHEM,27-Mar-2025,2025-03-27,960.00,CE,0.00,0.00,0.00,150.25,85.70,0,0.00,0,0,06-JAN-2025
OPTSTK,TATACHEM,27-Feb-2025,2025-02-27,960.00,PE,0.00,0.00,0.00,22.00,31.25,0,0.00,4950,0,06-JAN-2025
OPTSTK,TATACHEM,30-Jan-2025,2025-01-30,960.00,CE,56.85,56.85,47.80,50.30,50.30,51,284.137425,21450,9900,06-JAN-2025
OPTSTK,TATACHEM,27-Mar-2025,2025-03-27,1000.00,CE,0.00,0.00,0.00,124.90,64.60,0,0.00,0,0,06-JAN-2025
OPTSTK,LTF,30-Jan-2025,2025-01-30,140.00,PE,5.00,9.20,4.20,8.80,8.80,609,3976.26891,2802136,-205252,06-JAN-2025
OPTSTK,TATACHEM,27-Mar-2025,2025-03-27,1160.00,PE,0.00,0.00,0.00,134.40,168.15,0,0.00,0,0,06-JAN-2025
OPTSTK,LTF,30-Jan-2025,2025-01-30,155.00,CE,0.65,0.65,0.30,0.35,0.35,646,4479.57135,1717870,-428352,06-JAN-2025
OPTSTK,LTF,30-Jan-2025,2025-01-30,155.00,PE,15.55,22.30,15.55,22.20,22.20,20,155.971441,174018,17848,06-JAN-2025
OPTSTK,LTF,27-Feb-2025,2025-02-27,142.50,PE,0.00,0.00,0.00,11.35,8.55,0,0.00,0,0,06-JAN-2025
OPTSTK,LTF,27-Feb-2025,2025-02-27,122.50,PE,0.00,0.00,0.00,2.90,1.30,0,0.00,0,0,06-JAN-2025
OPTSTK,LTF,30-Jan-2025,2025-01-30,122.50,PE,0.80,1.15,0.75,1.15,1.15,59,324.695278,517592,40158,06-JAN-2025
OPTSTK,LTF,27-Feb-2025,2025-02-27,157.50,CE,0.00,0.00,0.00,3.15,1.75,0,0.00,0,0,06-JAN-2025
OPTSTK,LTF,27-Feb-2025,2025-02-27,130.00,CE,8.10,8.10,8.10,8.10,12.65,1,6.162022,4462,4462,06-JAN-2025
OPTSTK,LTF,27-Mar-2025,2025-03-27,135.00,CE,0.00,0.00,0.00,13.10,11.50,0,0.00,0,0,06-JAN-2025
OPTSTK,TATACHEM,27-Feb-2025,2025-02-27,1060.00,CE,0.00,0.00,0.00,75.65,27.20,0,0.00,0,0,06-JAN-2025
OPTSTK,TATACHEM,30-Jan-2025,2025-01-30,1060.00,PE,50.50,80.85,48.45,77.15,77.15,275,1696.09055,326150,-58850,06-JAN-2025
OPTSTK,TATACHEM,27-Mar-2025,2025-03-27,920.00,CE,0.00,0.00,0.00,178.45,110.90,0,0.00,0,0,06-JAN-2025
OPTSTK,LTF,27-Mar-2025,2025-03-27,125.00,PE,0.00,0.00,0.00,4.85,2.75,0,0.00,0,0,06-JAN-2025
OPTSTK,LTF,30-Jan-2025,2025-01-30,160.00,PE,26.90,26.90,26.90,26.90,21.15,1,8.339478,1164582,-4462,06-JAN-2025
OPTSTK,TATACHEM,30-Jan-2025,2025-01-30,1020.00,CE,37.05,37.05,19.80,21.10,21.10,1442,8290.18547,320650,125950,06-JAN-2025
OPTSTK,TATACHEM,27-Feb-2025,2025-02-27,1020.00,CE,0.00,0.00,0.00,96.85,41.35,0,0.00,0,0,06-JAN-2025
OPTSTK,LTF,30-Jan-2025,2025-01-30,152.50,PE,15.40,19.55,15.05,19.55,14.35,14,105.762786,44620,26772,06-JAN-2025
OPTSTK,LTF,30-Jan-2025,2025-01-30,152.50,CE,0.95,0.95,0.35,0.50,0.50,136,928.700601,294492,-40158,06-JAN-2025
OPTSTK,IRB,27-Feb-2025,2025-02-27,50.00,PE,0.00,0.00,0.00,4.05,1.10,0,0.00,0,0,06-JAN-2025
OPTSTK,IRB,30-Jan-2025,2025-01-30,50.00,PE,0.20,0.35,0.15,0.30,0.30,121,623.1385,1916750,123000,06-JAN-2025
OPTSTK,IRB,30-Jan-2025,2025-01-30,50.00,CE,0.00,0.00,0.00,9.55,7.90,0,0.00,20500,0,06-JAN-2025
OPTSTK,IRB,27-Mar-2025,2025-03-27,50.00,PE,0.00,0.00,0.00,3.20,1.75,0,0.00,0,0,06-JAN-2025
OPTSTK,IRB,27-Mar-2025,2025-03-27,50.00,CE,0.00,0.00,0.00,9.95,9.75,0,0.00,0,0,06-JAN-2025
OPTSTK,IRB,27-Feb-2025,2025-02-27,50.00,CE,0.00,0.00,0.00,8.55,8.85,0,0.00,0,0,06-JAN-2025
OPTSTK,IRB,27-Feb-2025,2025-02-27,64.00,PE,0.00,0.00,0.00,12.40,8.00,0,0.00,0,0,06-JAN-2025
OPTSTK,IRB,27-Mar-2025,2025-03-27,64.00,CE,0.00,0.00,0.00,3.85,2.90,0,0.00,0,0,06-JAN-2025
OPTSTK,IRB,27-Mar-2025,2025-03-27,64.00,PE,0.00,0.00,0.00,10.80,8.70,0,0.00,0,0,06-JAN-2025
OPTSTK,IRB,30-Jan-2025,2025-01-30,64.00,PE,6.05,6.60,6.05,6.55,7.20,5,36.11075,246000,-10250,06-JAN-2025
OPTSTK,IRB,30-Jan-2025,2025-01-30,64.00,CE,1.15,1.20,0.40,0.50,0.50,323,2141.594,2460000,-61500,06-JAN-2025
OPTSTK,IRB,27-Feb-2025,2025-02-27,64.00,CE,0.00,0.00,0.00,3.20,1.90,0,0.00,0,0,06-JAN-2025
OPTSTK,IRB,30-Jan-2025,2025-01-30,58.00,CE,3.45,3.65,1.80,2.10,2.10,198,1221.6155,1773250,266500,06-JAN-2025
OPTSTK,IRB,27-Mar-2025,2025-03-27,58.00,CE,0.00,0.00,0.00,5.90,5.10,0,0.00,0,0,06-JAN-2025
OPTSTK,IRB,27-Feb-2025,2025-02-27,58.00,PE,0.00,0.00,0.00,8.30,4.15,0,0.00,0,0,06-JAN-2025
OPTSTK,IRB,27-Feb-2025,2025-02-27,58.00,CE,0.00,0.00,0.00,4.95,4.00,0,0.00,0,0,06-JAN-2025
OPTSTK,IRB,27-Feb-2025,2025-02-27,49.00,PE,0.00,0.00,0.00,2.10,0.90,0,0.00,0,0,06-JAN-2025
OPTSTK,IRB,30-Jan-2025,2025-01-30,63.00,CE,1.45,1.50,0.60,0.65,0.65,295,1933.28325,1957750,-82000,06-JAN-2025
OPTSTK,IRB,27-Feb-2025,2025-02-27,57.00,PE,0.00,0.00,0.00,5.55,3.65,0,0.00,0,0,06-JAN-2025
OPTSTK,IRB,30-Jan-2025,2025-01-30,57.00,CE,3.95,3.95,2.20,2.60,2.60,90,551.608875,850750,0,06-JAN-2025
OPTSTK,IRB,30-Jan-2025,2025-01-30,55.00,PE,0.55,1.45,0.55,1.25,1.25,316,1813.9835,3895000,82000,06-JAN-2025
OPTSTK,IRB,27-Feb-2025,2025-02-27,55.00,CE,0.00,0.00,0.00,6.05,5.55,0,0.00,0,0,06-JAN-2025
OPTSTK,IRB,27-Feb-2025,2025-02-27,55.00,PE,0.00,0.00,0.00,4.50,2.75,0,0.00,0,0,06-JAN-2025
FUTSTK,IRB,27-Feb-2025,2025-02-27,,,60.57,60.75,57.21,57.92,57.92,375,2253.72387,8282000,1455500,06-JAN-2025
OPTSTK,IRB,27-Feb-2025,2025-02-27,63.00,CE,0.00,0.00,0.00,3.00,2.15,0,0.00,0,0,06-JAN-2025
OPTSTK,IRB,30-Jan-2025,2025-01-30,63.00,PE,4.35,5.15,4.30,5.15,6.40,15,103.94525,205000,112750,06-JAN-2025
OPTSTK,IRB,27-Feb-2025,2025-02-27,53.00,PE,0.00,0.00,0.00,3.55,1.95,0,0.00,0,0,06-JAN-2025
OPTSTK,IRB,27-Feb-2025,2025-02-27,53.00,CE,0.00,0.00,0.00,7.10,6.75,0,0.00,0,0,06-JAN-2025
OPTSTK,IRB,30-Jan-2025,2025-01-30,53.00,PE,0.35,0.75,0.35,0.75,1.00,100,548.59025,922500,61500,06-JAN-2025
OPTSTK,IRB,27-Feb-2025,2025-02-27,66.00,PE,0.00,0.00,0.00,13.90,9.55,0,0.00,0,0,06-JAN-2025
OPTSTK,IRB,30-Jan-2025,2025-01-30,66.00,CE,0.70,0.75,0.30,0.30,0.30,309,2104.22762,2593250,-317750,06-JAN-2025
OPTSTK,IRB,27-Feb-2025,2025-02-27,57.00,CE,0.00,0.00,0.00,5.10,4.45,0,0.00,0,0,06-JAN-2025
OPTSTK,IRB,30-Jan-2025,2025-01-30,52.00,CE,0.00,0.00,0.00,6.25,6.25,0,0.00,51250,0,06-JAN-2025
OPTSTK,CUB,27-Feb-2025,2025-02-27,190.00,CE,0.00,0.00,0.00,10.90,2.00,0,0.00,0,0,06-JAN-2025
OPTSTK,CUB,27-Feb-2025,2025-02-27,172.50,PE,0.00,0.00,0.00,9.20,9.00,0,0.00,0,0,06-JAN-2025
OPTSTK,CUB,27-Feb-2025,2025-02-27,195.00,CE,0.00,0.00,0.00,9.10,1.35,0,0.00,0,0,06-JAN-2025
OPTSTK,CUB,30-Jan-2025,2025-01-30,195.00,CE,0.35,0.35,0.25,0.25,0.25,81,791.1375,665000,255000,06-JAN-2025
OPTSTK,CUB,27-Feb-2025,2025-02-27,195.00,PE,0.00,0.00,0.00,20.90,25.60,0,0.00,0,0,06-JAN-2025
OPTSTK,CUB,27-Feb-2025,2025-02-27,185.00,CE,0.00,0.00,0.00,12.90,3.00,0,0.00,0,0,06-JAN-2025
OPTSTK,CUB,30-Jan-2025,2025-01-30,185.00,CE,1.20,1.25,0.65,0.75,0.75,328,3048.885,1085000,-90000,06-JAN-2025
OPTSTK,CUB,27-Feb-2025,2025-02-27,185.00,PE,0.00,0.00,0.00,14.90,17.35,0,0.00,0,0,06-JAN-2025
OPTSTK,CUB,27-Feb-2025,2025-02-27,180.00,CE,0.00,0.00,0.00,15.20,4.30,0,0.00,0,0,06-JAN-2025
OPTSTK,CUB,30-Jan-2025,2025-01-30,210.00,PE,0.00,0.00,0.00,33.15,40.25,0,0.00,15000,0,06-JAN-2025
OPTSTK,CUB,30-Jan-2025,2025-01-30,205.00,CE,0.00,0.00,0.00,0.20,0.05,0,0.00,90000,0,06-JAN-2025
OPTSTK,CUB,27-Feb-2025,2025-02-27,175.00,CE,0.00,0.00,0.00,7.30,6.00,0,0.00,5000,0,06-JAN-2025
OPTSTK,CUB,27-Feb-2025,2025-02-27,182.50,CE,0.00,0.00,0.00,8.00,3.60,0,0.00,0,0,06-JAN-2025
OPTSTK,CUB,30-Jan-2025,2025-01-30,182.50,PE,0.00,0.00,0.00,8.25,14.20,0,0.00,40000,0,06-JAN-2025
OPTSTK,CUB,27-Feb-2025,2025-02-27,145.00,PE,0.00,0.00,0.00,1.70,0.70,0,0.00,0,0,06-JAN-2025
OPTSTK,CUB,30-Jan-2025,2025-01-30,167.50,CE,7.80,7.85,6.10,6.10,6.45,20,174.3075,90000,-20000,06-JAN-2025
OPTSTK,CUB,27-Feb-2025,2025-02-27,172.50,CE,0.00,0.00,0.00,12.40,7.00,0,0.00,0,0,06-JAN-2025
OPTSTK,CUB,30-Jan-2025,2025-01-30,182.50,CE,1.75,1.80,0.95,1.05,1.35,37,339.9975,505000,125000,06-JAN-2025
OPTSTK,CUB,27-Feb-2025,2025-02-27,182.50,PE,0.00,0.00,0.00,14.65,15.50,0,0.00,0,0,06-JAN-2025
OPTSTK,CUB,27-Feb-2025,2025-02-27,157.50,CE,0.00,0.00,0.00,21.70,15.70,0,0.00,0,0,06-JAN-2025
OPTSTK,CUB,30-Jan-2025,2025-01-30,157.50,PE,1.05,1.10,1.05,1.10,1.10,13,103.06,205000,55000,06-JAN-2025
OPTSTK,CUB,27-Feb-2025,2025-02-27,145.00,CE,0.00,0.00,0.00,39.00,25.95,0,0.00,0,0,06-JAN-2025
OPTSTK,CUB,30-Jan-2025,2025-01-30,172.50,CE,5.40,5.40,3.25,3.45,3.45,106,935.845,510000,200000,06-JAN-2025
OPTSTK,CUB,27-Feb-2025,2025-02-27,177.50,PE,0.00,0.00,0.00,11.75,12.05,0,0.00,0,0,06-JAN-2025
OPTSTK,CUB,27-Feb-2025,2025-02-27,200.00,PE,0.00,0.00,0.00,24.30,30.10,0,0.00,0,0,06-JAN-2025
OPTSTK,CUB,27-Feb-2025,2025-02-27,160.00,CE,0.00,0.00,0.00,27.25,13.95,0,0.00,0,0,06-JAN-2025
OPTSTK,CUB,30-Jan-2025,2025-01-30,160.00,CE,0.00,0.00,0.00,15.05,11.35,0,0.00,15000,0,06-JAN-2025
OPTSTK,CUB,30-Jan-2025,2025-01-30,175.00,PE,5.15,8.55,5.15,8.15,8.15,282,2560.23,675000,-385000,06-JAN-2025
OPTSTK,CUB,30-Jan-2025,2025-01-30,195.00,PE,0.00,0.00,0.00,23.75,25.50,0,0.00,0,0,06-JAN-2025
OPTSTK,CUB,27-Feb-2025,2025-02-27,175.00,PE,0.00,0.00,0.00,9.95,10.45,0,0.00,0,0,06-JAN-2025
OPTSTK,CUB,30-Jan-2025,2025-01-30,192.50,PE,23.00,23.25,23.00,23.25,23.15,17,183.32,85000,85000,06-JAN-2025
OPTSTK,CUB,27-Feb-2025,2025-02-27,192.50,PE,0.00,0.00,0.00,21.45,23.45,0,0.00,0,0,06-JAN-2025
OPTSTK,CUB,30-Jan-2025,2025-01-30,187.50,PE,0.00,0.00,0.00,12.00,18.55,0,0.00,5000,0,06-JAN-2025
OPTSTK,KPITTECH,30-Jan-2025,2025-01-30,1520.00,CE,30.55,37.30,29.60,32.60,32.60,89,552.996,48400,-8800,06-JAN-2025
OPTSTK,IOC,30-Jan-2025,2025-01-30,120.00,CE,15.80,15.80,13.95,14.55,14.55,14,91.8255,68250,-39000,06-JAN-2025
OPTSTK,IOC,27-Mar-2025,2025-03-27,125.00,PE,0.00,0.00,0.00,4.05,3.70,0,0.00,0,0,06-JAN-2025
FUTSTK,BOSCHLTD,30-Jan-2025,2025-01-30,,,34396.00,34568.60,33289.55,33566.35,33566.35,1646,13931.1976,253025,6175,06-JAN-2025
OPTSTK,KPITTECH,30-Jan-2025,2025-01-30,1480.00,CE,47.55,54.45,43.30,47.70,47.70,112,684.9534,53600,-3200,06-JAN-2025
OPTSTK,KPITTECH,27-Feb-2025,2025-02-27,1300.00,CE,0.00,0.00,0.00,211.80,187.65,0,0.00,0,0,06-JAN-2025
OPTSTK,IOC,30-Jan-2025,2025-01-30,157.50,PE,0.00,0.00,0.00,19.85,24.00,0,0.00,82875,0,06-JAN-2025
OPTSTK,KPITTECH,27-Feb-2025,2025-02-27,1640.00,CE,0.00,0.00,0.00,64.15,28.95,0,0.00,0,0,06-JAN-2025
OPTSTK,KPITTECH,30-Jan-2025,2025-01-30,1640.00,CE,11.50,11.50,8.60,10.05,10.05,40,263.9792,117600,0,06-JAN-2025
OPTSTK,IOC,27-Feb-2025,2025-02-27,132.50,PE,3.90,5.45,3.90,5.45,5.50,3,20.0655,14625,4875,06-JAN-2025
OPTSTK,KPITTECH,27-Feb-2025,2025-02-27,1640.00,PE,0.00,0.00,0.00,263.50,201.65,0,0.00,0,0,06-JAN-2025
OPTSTK,KPITTECH,27-Feb-2025,2025-02-27,1340.00,PE,0.00,0.00,0.00,56.10,33.95,0,0.00,0,0,06-JAN-2025
OPTSTK,KPITTECH,27-Feb-2025,2025-02-27,1340.00,CE,0.00,0.00,0.00,185.10,158.45,0,0.00,0,0,06-JAN-2025
OPTSTK,KPITTECH,27-Feb-2025,2025-02-27,1420.00,PE,0.00,0.00,0.00,88.55,63.20,0,0.00,0,0,06-JAN-2025
OPTSTK,KPITTECH,30-Jan-2025,2025-01-30,1420.00,CE,80.20,80.20,74.85,77.25,77.25,4,23.9676,2000,800,06-JAN-2025
OPTSTK,KPITTECH,27-Feb-2025,2025-02-27,1420.00,CE,0.00,0.00,0.00,138.55,108.45,0,0.00,0,0,06-JAN-2025
OPTSTK,IOC,30-Jan-2025,2025-01-30,127.50,PE,1.00,2.15,0.70,1.85,1.85,765,4810.50618,1608750,238875,06-JAN-2025
OPTSTK,IOC,27-Feb-2025,2025-02-27,127.50,CE,0.00,0.00,0.00,15.60,10.05,0,0.00,0,0,06-JAN-2025
OPTSTK,IOC,27-Feb-2025,2025-02-27,127.50,PE,0.00,0.00,0.00,3.65,3.45,0,0.00,0,0,06-JAN-2025
OPTSTK,IOC,30-Jan-2025,2025-01-30,150.00,CE,0.75,0.80,0.35,0.45,0.45,2004,14699.8678,8355750,580125,06-JAN-2025
OPTSTK,KPITTECH,30-Jan-2025,2025-01-30,1380.00,PE,26.70,35.40,22.00,33.90,33.90,81,456.6198,272000,0,06-JAN-2025
OPTSTK,IOC,30-Jan-2025,2025-01-30,170.00,CE,0.05,0.05,0.05,0.05,0.05,71,588.585562,2949375,-4875,06-JAN-2025
OPTSTK,KPITTECH,30-Jan-2025,2025-01-30,1580.00,PE,141.40,155.65,141.40,155.65,139.45,3,20.714,1600,400,06-JAN-2025
OPTSTK,KPITTECH,27-Feb-2025,2025-02-27,1580.00,CE,0.00,0.00,0.00,71.70,43.20,0,0.00,0,0,06-JAN-2025
OPTSTK,KPITTECH,27-Mar-2025,2025-03-27,1440.00,CE,0.00,0.00,0.00,154.75,121.70,0,0.00,0,0,06-JAN-2025
OPTSTK,IOC,30-Jan-2025,2025-01-30,162.50,PE,0.00,0.00,0.00,23.40,28.90,0,0.00,4875,0,06-JAN-2025
OPTSTK,IOC,27-Feb-2025,2025-02-27,130.00,PE,2.45,4.40,2.45,3.95,3.95,83,539.472375,351000,151125,06-JAN-2025
OPTSTK,KPITTECH,27-Feb-2025,2025-02-27,1540.00,CE,0.00,0.00,0.00,85.35,55.45,0,0.00,0,0,06-JAN-2025
OPTSTK,KPITTECH,30-Jan-2025,2025-01-30,1720.00,CE,4.60,4.80,3.40,4.05,4.05,73,503.4336,98400,-1600,06-JAN-2025
OPTSTK,KPITTECH,30-Jan-2025,2025-01-30,1640.00,PE,0.00,0.00,0.00,157.90,190.20,0,0.00,19600,0,06-JAN-2025
OPTSTK,BOSCHLTD,30-Jan-2025,2025-01-30,36000.00,PE,2449.95,2450.00,2414.60,2414.60,2519.00,4,38.4323,725,25,06-JAN-2025
OPTSTK,BOSCHLTD,30-Jan-2025,2025-01-30,36000.00,CE,344.95,345.25,181.00,208.15,208.15,247,2237.6496,6500,675,06-JAN-2025
OPTSTK,BSE,27-Mar-2025,2025-03-27,4600.00,PE,0.00,0.00,0.00,290.35,260.80,0,0.00,0,0,06-JAN-2025
OPTSTK,BSE,27-Feb-2025,2025-02-27,5300.00,PE,0.00,0.00,0.00,484.40,509.90,0,0.00,0,0,06-JAN-2025
OPTSTK,BSE,27-Feb-2025,2025-02-27,5500.00,CE,0.00,0.00,0.00,310.00,277.20,0,0.00,625,0,06-JAN-2025
OPTSTK,BSE,27-Feb-2025,2025-02-27,4800.00,CE,0.00,0.00,0.00,539.70,593.85,0,0.00,0,0,06-JAN-2025
OPTSTK,BSE,27-Feb-2025,2025-02-27,5600.00,PE,0.00,0.00,0.00,1220.30,703.20,0,0.00,0,0,06-JAN-2025
OPTSTK,BSE,30-Jan-2025,2025-01-30,5000.00,CE,415.00,416.00,265.60,281.35,281.35,782,5189.166,118625,-45000,06-JAN-2025
OPTSTK,BSE,27-Mar-2025,2025-03-27,5000.00,PE,0.00,0.00,0.00,444.50,433.05,0,0.00,0,0,06-JAN-2025
OPTSTK,BSE,27-Feb-2025,2025-02-27,4500.00,CE,0.00,0.00,0.00,1178.90,786.35,0,0.00,0,0,06-JAN-2025
OPTSTK,BSE,30-Jan-2025,2025-01-30,4400.00,CE,0.00,0.00,0.00,608.65,756.70,0,0.00,0,0,06-JAN-2025
OPTSTK,BSE,30-Jan-2025,2025-01-30,4400.00,PE,10.80,36.30,10.80,31.65,31.65,579,3204.812,50750,-4000,06-JAN-2025
OPTSTK,BSE,27-Feb-2025,2025-02-27,4400.00,PE,0.00,0.00,0.00,463.25,126.85,0,0.00,0,0,06-JAN-2025
OPTSTK,BSE,27-Mar-2025,2025-03-27,6400.00,CE,0.00,0.00,0.00,418.50,162.40,0,0.00,0,0,06-JAN-2025
OPTSTK,BSE,27-Feb-2025,2025-02-27,6000.00,CE,120.00,120.00,82.10,86.35,86.35,43,327.622125,6750,3625,06-JAN-2025
OPTSTK,BSE,30-Jan-2025,2025-01-30,4800.00,CE,535.25,535.25,397.35,401.65,401.65,17,111.026687,5500,250,06-JAN-2025
OPTSTK,BSE,27-Mar-2025,2025-03-27,5600.00,PE,0.00,0.00,0.00,745.55,781.30,0,0.00,0,0,06-JAN-2025
OPTSTK,BSE,30-Jan-2025,2025-01-30,5600.00,CE,144.95,146.00,63.30,68.65,68.65,3673,26121.3528,214125,29125,06-JAN-2025
OPTSTK,BSE,27-Feb-2025,2025-02-27,5700.00,PE,0.00,0.00,0.00,702.05,773.85,0,0.00,0,0,06-JAN-2025
OPTSTK,BSE,30-Jan-2025,2025-01-30,4900.00,CE,388.10,388.10,329.70,342.80,342.80,52,341.409062,3750,3250,06-JAN-2025
OPTSTK,BSE,27-Feb-2025,2025-02-27,4900.00,CE,0.00,0.00,0.00,913.55,537.35,0,0.00,0,0,06-JAN-2025
OPTSTK,BSE,27-Mar-2025,2025-03-27,6000.00,CE,0.00,0.00,0.00,539.20,241.60,0,0.00,0,0,06-JAN-2025
OPTSTK,BSE,27-Feb-2025,2025-02-27,5300.00,CE,0.00,0.00,0.00,693.20,349.65,0,0.00,0,0,06-JAN-2025
OPTSTK,BSE,30-Jan-2025,2025-01-30,5300.00,PE,198.95,354.45,190.00,337.15,337.15,2208,15355.1129,64625,-7375,06-JAN-2025
OPTSTK,BSE,30-Jan-2025,2025-01-30,5300.00,CE,277.00,277.00,135.60,145.25,145.25,3985,27314.1915,101125,48500,06-JAN-2025
FUTSTK,BSE,27-Mar-2025,2025-03-27,,,5397.30,5397.60,5157.80,5162.85,5162.85,34,225.84175,3125,1875,06-JAN-2025
FUTSTK,BSE,30-Jan-2025,2025-01-30,,,5364.50,5393.80,5081.10,5106.85,5106.85,8925,57969.1548,2409625,85500,06-JAN-2025
OPTSTK,BSE,27-Mar-2025,2025-03-27,4600.00,CE,0.00,0.00,0.00,1215.75,817.35,0,0.00,0,0,06-JAN-2025
OPTSTK,BSE,27-Feb-2025,2025-02-27,4600.00,CE,0.00,0.00,0.00,623.00,718.35,0,0.00,0,0,06-JAN-2025
OPTSTK,BSE,27-Feb-2025,2025-02-27,4600.00,PE,0.00,0.00,0.00,566.10,185.35,0,0.00,0,0,06-JAN-2025
OPTSTK,BSE,27-Feb-2025,2025-02-27,5600.00,CE,0.00,0.00,0.00,280.00,245.80,0,0.00,125,0,06-JAN-2025
OPTSTK,BSE,30-Jan-2025,2025-01-30,4100.00,PE,9.00,19.20,9.00,15.95,15.95,26,133.626062,2375,-625,06-JAN-2025
OPTSTK,BSE,27-Mar-2025,2025-03-27,5000.00,CE,0.00,0.00,0.00,977.15,595.50,0,0.00,0,0,06-JAN-2025
OPTSTK,BSE,27-Mar-2025,2025-03-27,5800.00,PE,0.00,0.00,0.00,863.10,918.40,0,0.00,0,0,06-JAN-2025
OPTSTK,BSE,30-Jan-2025,2025-01-30,5100.00,PE,119.00,236.10,113.05,222.65,222.65,1857,12280.5185,46750,-9375,06-JAN-2025
OPTSTK,PRESTIGE,27-Feb-2025,2025-02-27,1650.00,CE,0.00,0.00,0.00,219.35,90.10,0,0.00,0,0,06-JAN-2025
OPTSTK,PRESTIGE,27-Feb-2025,2025-02-27,1750.00,PE,0.00,0.00,0.00,143.10,194.35,0,0.00,0,0,06-JAN-2025
OPTSTK,PRESTIGE,30-Jan-2025,2025-01-30,1650.00,PE,61.85,110.00,61.85,108.75,108.75,149,836.914812,25675,-25025,06-JAN-2025
OPTIDX,BANKNIFTY,27-Mar-2025,2025-03-27,43500.00,PE,0.00,0.00,0.00,1021.20,37.85,0,0.00,0,0,06-JAN-2025
OPTIDX,BANKNIFTY,25-Sep-2025,2025-09-25,43500.00,CE,0.00,0.00,0.00,13997.45,8776.40,0,0.00,0,0,06-JAN-2025
OPTIDX,BANKNIFTY,26-Jun-2025,2025-06-26,43500.00,CE,0.00,0.00,0.00,13018.10,7945.35,0,0.00,0,0,06-JAN-2025
OPTIDX,BANKNIFTY,27-Feb-2025,2025-02-27,55900.00,PE,0.00,0.00,0.00,3228.50,5517.25,0,0.00,90,0,06-JAN-2025
OPTIDX,BANKNIFTY,30-Jan-2025,2025-01-30,55900.00,PE,0.00,0.00,0.00,4075.20,5734.95,0,0.00,0,0,06-JAN-2025
OPTIDX,BANKNIFTY,24-Dec-2025,2025-12-24,57000.00,CE,0.00,0.00,0.00,3452.55,1954.85,0,0.00,0,0,06-JAN-2025
OPTIDX,BANKNIFTY,26-Jun-2025,2025-06-26,57000.00,PE,0.00,0.00,0.00,4780.55,5945.55,0,0.00,0,0,06-JAN-2025
OPTIDX,BANKNIFTY,27-Mar-2025,2025-03-27,57000.00,CE,135.00,136.65,110.00,114.95,114.95,286,4900.87596,16215,1200,06-JAN-2025
OPTIDX,BANKNIFTY,25-Sep-2025,2025-09-25,57000.00,PE,0.00,0.00,0.00,3000.05,5665.65,0,0.00,15,0,06-JAN-2025
OPTIDX,BANKNIFTY,27-Mar-2025,2025-03-27,57000.00,PE,0.00,0.00,0.00,7587.35,6367.30,0,0.00,0,0,06-JAN-2025
OPTIDX,BANKNIFTY,30-Jan-2025,2025-01-30,57000.00,PE,5907.50,6956.85,5907.50,6870.50,6870.50,105,1004.17763,15885,600,06-JAN-2025
OPTIDX,BANKNIFTY,30-Jan-2025,2025-01-30,57000.00,CE,12.45,17.25,11.40,16.45,16.45,132696,1134841.04,676695,12630,06-JAN-2025
OPTIDX,BANKNIFTY,26-Jun-2025,2025-06-26,57000.00,CE,759.00,806.30,540.00,551.05,551.05,225,3889.1913,16455,930,06-JAN-2025
OPTIDX,BANKNIFTY,27-Feb-2025,2025-02-27,57000.00,CE,63.95,63.95,45.50,51.05,51.05,620,10611.7916,41790,-2520,06-JAN-2025
OPTIDX,BANKNIFTY,25-Sep-2025,2025-09-25,57000.00,CE,0.00,0.00,0.00,4958.65,1283.60,0,0.00,0,0,06-JAN-2025
OPTSTK,CUMMINSIND,27-Mar-2025,2025-03-27,2600.00,PE,0.00,0.00,0.00,22.30,16.90,0,0.00,0,0,06-JAN-2025
FUTSTK,CUMMINSIND,30-Jan-2025,2025-01-30,,,3223.65,3258.50,3160.05,3183.85,3183.85,4989,23931.5041,3848400,7050,06-JAN-2025
FUTSTK,PRESTIGE,30-Jan-2025,2025-01-30,,,1665.70,1665.70,1566.10,1579.05,1579.05,3021,15782.2049,2548650,113750,06-JAN-2025
OPTIDX,BANKNIFTY,27-Feb-2025,2025-02-27,53900.00,PE,0.00,0.00,0.00,2493.70,3711.45,0,0.00,0,0,06-JAN-2025
OPTSTK,CUMMINSIND,27-Feb-2025,2025-02-27,3350.00,PE,0.00,0.00,0.00,193.80,242.95,0,0.00,0,0,06-JAN-2025
OPTSTK,CUMMINSIND,30-Jan-2025,2025-01-30,3350.00,CE,61.15,61.15,36.00,39.80,39.80,365,1858.46617,73350,10950,06-JAN-2025
OPTSTK,CUMMINSIND,27-Feb-2025,2025-02-27,3350.00,CE,0.00,0.00,0.00,250.05,101.20,0,0.00,0,0,06-JAN-2025
OPTIDX,BANKNIFTY,30-Jan-2025,2025-01-30,55500.00,PE,4372.05,5450.40,4346.25,5368.65,5368.65,32,289.497345,31935,-90,06-JAN-2025
OPTIDX,BANKNIFTY,30-Jan-2025,2025-01-30,47400.00,PE,66.35,207.75,59.25,178.00,178.00,34153,243483.386,41805,6360,06-JAN-2025
OPTIDX,BANKNIFTY,30-Jan-2025,2025-01-30,47400.00,CE,0.00,0.00,0.00,5653.90,2828.25,0,0.00,0,0,06-JAN-2025
OPTIDX,BANKNIFTY,27-Feb-2025,2025-02-27,59000.00,PE,0.00,0.00,0.00,5816.15,8521.00,0,0.00,360,0,06-JAN-2025
OPTIDX,BANKNIFTY,27-Feb-2025,2025-02-27,59000.00,CE,29.05,34.10,29.00,31.50,31.50,79,1399.0455,5580,-450,06-JAN-2025
OPTIDX,BANKNIFTY,27-Mar-2025,2025-03-27,49900.00,PE,0.00,0.00,0.00,1100.55,1216.35,0,0.00,0,0,06-JAN-2025
OPTSTK,ZYDUSLIFE,27-Feb-2025,2025-02-27,1030.00,CE,0.00,0.00,0.00,26.10,15.85,0,0.00,0,0,06-JAN-2025
OPTSTK,ZYDUSLIFE,27-Feb-2025,2025-02-27,980.00,PE,0.00,0.00,0.00,54.30,42.05,0,0.00,0,0,06-JAN-2025
OPTSTK,ZYDUSLIFE,27-Feb-2025,2025-02-27,980.00,CE,0.00,0.00,0.00,44.25,32.90,0,0.00,0,0,06-JAN-2025
OPTSTK,ZYDUSLIFE,30-Jan-2025,2025-01-30,900.00,PE,3.85,6.30,3.60,5.70,5.70,422,3439.2465,243900,22500,06-JAN-2025
OPTSTK,ZYDUSLIFE,27-Mar-2025,2025-03-27,900.00,PE,0.00,0.00,0.00,26.95,16.55,0,0.00,0,0,06-JAN-2025
OPTSTK,ZYDUSLIFE,27-Feb-2025,2025-02-27,900.00,PE,0.00,0.00,0.00,20.40,11.15,0,0.00,0,0,06-JAN-2025
OPTSTK,ZYDUSLIFE,27-Mar-2025,2025-03-27,840.00,CE,0.00,0.00,0.00,144.85,139.25,0,0.00,0,0,06-JAN-2025
OPTSTK,ZYDUSLIFE,27-Feb-2025,2025-02-27,1100.00,PE,0.00,0.00,0.00,139.75,132.60,0,0.00,0,0,06-JAN-2025
OPTSTK,ZYDUSLIFE,27-Mar-2025,2025-03-27,1100.00,PE,0.00,0.00,0.00,141.85,132.65,0,0.00,0,0,06-JAN-2025
OPTSTK,ZYDUSLIFE,30-Jan-2025,2025-01-30,920.00,CE,63.20,63.20,48.95,52.80,53.80,4,35.1225,11700,0,06-JAN-2025
OPTSTK,ZYDUSLIFE,30-Jan-2025,2025-01-30,930.00,CE,45.00,45.00,45.00,45.00,46.50,1,8.775,5400,0,06-JAN-2025
OPTSTK,ZYDUSLIFE,27-Feb-2025,2025-02-27,1060.00,CE,0.00,0.00,0.00,18.50,9.60,0,0.00,0,0,06-JAN-2025
OPTSTK,ZYDUSLIFE,27-Mar-2025,2025-03-27,860.00,PE,0.00,0.00,0.00,16.10,8.15,0,0.00,0,0,06-JAN-2025
OPTSTK,ZYDUSLIFE,30-Jan-2025,2025-01-30,1020.00,PE,63.00,63.00,59.95,59.95,61.40,3,29.21355,101700,-900,06-JAN-2025
OPTSTK,ZYDUSLIFE,27-Feb-2025,2025-02-27,1020.00,PE,0.00,0.00,0.00,78.75,67.35,0,0.00,0,0,06-JAN-2025
OPTSTK,ZYDUSLIFE,27-Feb-2025,2025-02-27,1020.00,CE,0.00,0.00,0.00,29.15,18.55,0,0.00,0,0,06-JAN-2025
OPTSTK,ZYDUSLIFE,27-Mar-2025,2025-03-27,880.00,PE,0.00,0.00,0.00,21.10,11.85,0,0.00,0,0,06-JAN-2025
OPTSTK,ZYDUSLIFE,27-Feb-2025,2025-02-27,880.00,PE,0.00,0.00,0.00,24.35,7.20,0,0.00,0,0,06-JAN-2025
OPTSTK,ZYDUSLIFE,27-Feb-2025,2025-02-27,950.00,PE,0.00,0.00,0.00,39.20,27.35,0,0.00,0,0,06-JAN-2025
OPTSTK,ZYDUSLIFE,27-Feb-2025,2025-02-27,1060.00,PE,0.00,0.00,0.00,107.55,98.00,0,0.00,0,0,06-JAN-2025
OPTSTK,ZYDUSLIFE,30-Jan-2025,2025-01-30,820.00,CE,0.00,0.00,0.00,145.30,145.20,0,0.00,0,0,06-JAN-2025
OPTSTK,ZYDUSLIFE,30-Jan-2025,2025-01-30,970.00,PE,19.15,30.75,19.15,26.90,26.90,259,2321.3286,138600,25200,06-JAN-2025
OPTSTK,ZYDUSLIFE,30-Jan-2025,2025-01-30,970.00,CE,27.90,27.90,19.25,23.50,23.50,275,2456.18505,155700,43200,06-JAN-2025
OPTSTK,ZYDUSLIFE,27-Feb-2025,2025-02-27,970.00,PE,0.00,0.00,0.00,48.95,36.75,0,0.00,0,0,06-JAN-2025
OPTSTK,ZYDUSLIFE,27-Feb-2025,2025-02-27,970.00,CE,0.00,0.00,0.00,48.75,37.50,0,0.00,0,0,06-JAN-2025
OPTSTK,ZYDUSLIFE,30-Jan-2025,2025-01-30,980.00,CE,23.05,23.80,14.95,18.90,18.90,574,5156.72865,346500,-15300,06-JAN-2025
OPTSTK,ZYDUSLIFE,27-Mar-2025,2025-03-27,980.00,PE,0.00,0.00,0.00,61.15,48.25,0,0.00,0,0,06-JAN-2025
OPTSTK,ZYDUSLIFE,30-Jan-2025,2025-01-30,1120.00,CE,0.75,0.85,0.65,0.70,0.30,49,494.244,194400,5400,06-JAN-2025
OPTSTK,ZYDUSLIFE,27-Feb-2025,2025-02-27,1120.00,PE,0.00,0.00,0.00,166.15,150.90,0,0.00,0,0,06-JAN-2025
OPTSTK,ZYDUSLIFE,30-Jan-2025,2025-01-30,940.00,PE,10.55,16.70,10.55,14.45,14.45,248,2130.399,209700,44100,06-JAN-2025
OPTSTK,ZYDUSLIFE,27-Feb-2025,2025-02-27,910.00,PE,0.00,0.00,0.00,23.55,13.60,0,0.00,0,0,06-JAN-2025
OPTSTK,ZYDUSLIFE,27-Feb-2025,2025-02-27,910.00,CE,0.00,0.00,0.00,82.60,73.75,0,0.00,0,0,06-JAN-2025
OPTSTK,CDSL,27-Mar-2025,2025-03-27,1600.00,PE,0.00,0.00,0.00,72.10,61.60,0,0.00,0,0,06-JAN-2025
OPTSTK,CDSL,30-Jan-2025,2025-01-30,1560.00,CE,0.00,0.00,0.00,158.00,190.85,0,0.00,0,0,06-JAN-2025
OPTSTK,CDSL,30-Jan-2025,2025-01-30,1880.00,CE,39.10,41.95,16.75,17.45,17.45,439,2927.6205,142450,44800,06-JAN-2025
OPTSTK,CDSL,30-Jan-2025,2025-01-30,2100.00,PE,0.00,0.00,0.00,260.00,362.05,0,0.00,700,0,06-JAN-2025
OPTSTK,CDSL,27-Feb-2025,2025-02-27,1940.00,CE,0.00,0.00,0.00,101.95,40.35,0,0.00,0,0,06-JAN-2025
OPTSTK,CDSL,30-Jan-2025,2025-01-30,1720.00,PE,31.00,58.00,30.00,56.20,56.20,161,997.312925,61950,14350,06-JAN-2025
OPTSTK,CDSL,27-Feb-2025,2025-02-27,1680.00,CE,0.00,0.00,0.00,133.45,139.80,0,0.00,0,0,06-JAN-2025
OPTSTK,CDSL,30-Jan-2025,2025-01-30,1620.00,CE,0.00,0.00,0.00,128.70,143.55,0,0.00,0,0,06-JAN-2025
OPTSTK,CDSL,30-Jan-2025,2025-01-30,1860.00,CE,45.65,49.45,19.75,21.25,21.25,651,4305.15435,156800,38850,06-JAN-2025
OPTSTK,CDSL,27-Feb-2025,2025-02-27,1860.00,PE,0.00,0.00,0.00,162.60,172.45,0,0.00,0,0,06-JAN-2025
OPTSTK,CDSL,30-Jan-2025,2025-01-30,1520.00,CE,0.00,0.00,0.00,180.00,225.50,0,0.00,0,0,06-JAN-2025
OPTSTK,CDSL,30-Jan-2025,2025-01-30,1860.00,PE,102.00,148.95,97.35,147.90,147.90,14,97.089125,22750,-350,06-JAN-2025
OPTSTK,CDSL,27-Mar-2025,2025-03-27,1760.00,PE,0.00,0.00,0.00,135.00,131.35,0,0.00,0,0,06-JAN-2025
OPTSTK,CDSL,30-Jan-2025,2025-01-30,1760.00,CE,92.50,92.50,49.30,50.65,50.65,400,2553.25595,80150,22400,06-JAN-2025
OPTSTK,CDSL,27-Mar-2025,2025-03-27,2000.00,PE,0.00,0.00,0.00,271.95,289.95,0,0.00,0,0,06-JAN-2025
OPTSTK,CDSL,30-Jan-2025,2025-01-30,1480.00,PE,1.55,4.65,1.35,4.50,4.50,37,192.15875,13300,7350,06-JAN-2025
OPTSTK,CDSL,27-Mar-2025,2025-03-27,1920.00,CE,0.00,0.00,0.00,142.35,70.30,0,0.00,0,0,06-JAN-2025
OPTSTK,CDSL,27-Mar-2025,2025-03-27,1840.00,CE,0.00,0.00,0.00,175.10,95.95,0,0.00,0,0,06-JAN-2025
OPTSTK,CDSL,30-Jan-2025,2025-01-30,1940.00,CE,24.00,24.00,9.70,10.35,10.35,286,1954.76015,79100,6650,06-JAN-2025
OPTSTK,CDSL,30-Jan-2025,2025-01-30,1940.00,PE,198.00,198.00,198.00,198.00,214.10,1,7.483,17150,-350,06-JAN-2025
OPTSTK,CDSL,27-Feb-2025,2025-02-27,1940.00,PE,0.00,0.00,0.00,211.00,230.55,0,0.00,0,0,06-JAN-2025
OPTSTK,CDSL,27-Feb-2025,2025-02-27,1860.00,CE,0.00,0.00,0.00,132.55,61.50,0,0.00,0,0,06-JAN-2025
OPTSTK,CDSL,27-Feb-2025,2025-02-27,1780.00,CE,0.00,0.00,0.00,169.70,90.55,0,0.00,0,0,06-JAN-2025
OPTSTK,CDSL,30-Jan-2025,2025-01-30,2060.00,CE,7.70,7.70,3.60,3.90,3.90,208,1503.36147,43050,-25900,06-JAN-2025
OPTSTK,CDSL,27-Mar-2025,2025-03-27,2160.00,PE,0.00,0.00,0.00,387.25,421.90,0,0.00,0,0,06-JAN-2025
OPTSTK,CDSL,27-Mar-2025,2025-03-27,2000.00,CE,0.00,0.00,0.00,114.75,50.55,0,0.00,0,0,06-JAN-2025
OPTSTK,CDSL,30-Jan-2025,2025-01-30,2000.00,PE,213.00,274.00,213.00,271.60,271.60,21,166.20625,61600,-5950,06-JAN-2025
OPTSTK,CDSL,27-Feb-2025,2025-02-27,2000.00,CE,0.00,0.00,0.00,48.00,28.80,0,0.00,0,0,06-JAN-2025
OPTSTK,CDSL,27-Feb-2025,2025-02-27,2080.00,CE,0.00,0.00,0.00,36.40,17.90,0,0.00,0,0,06-JAN-2025
OPTSTK,CDSL,30-Jan-2025,2025-01-30,1760.00,PE,42.10,79.05,41.40,75.85,75.85,518,3297.32812,135100,-3150,06-JAN-2025
OPTSTK,CDSL,30-Jan-2025,2025-01-30,2000.00,CE,13.80,14.65,6.00,6.30,6.30,1416,9953.43982,567000,23800,06-JAN-2025
OPTSTK,CDSL,27-Mar-2025,2025-03-27,2160.00,CE,0.00,0.00,0.00,72.90,24.85,0,0.00,0,0,06-JAN-2025
OPTSTK,CDSL,27-Feb-2025,2025-02-27,1580.00,PE,0.00,0.00,0.00,46.70,37.75,0,0.00,0,0,06-JAN-2025
OPTSTK,UPL,30-Jan-2025,2025-01-30,600.00,CE,1.05,1.25,0.50,0.70,0.70,488,3973.06054,781835,-1355,06-JAN-2025
OPTSTK,UPL,27-Mar-2025,2025-03-27,600.00,CE,0.00,0.00,0.00,8.20,7.95,0,0.00,0,0,06-JAN-2025
OPTSTK,UPL,27-Feb-2025,2025-02-27,460.00,PE,0.00,0.00,0.00,2.65,3.20,0,0.00,5420,0,06-JAN-2025
OPTSTK,UPL,30-Jan-2025,2025-01-30,500.00,PE,4.30,7.60,2.90,6.45,6.45,1510,10332.2394,947145,10840,06-JAN-2025
OPTSTK,UPL,27-Mar-2025,2025-03-27,500.00,PE,0.00,0.00,0.00,29.45,16.45,0,0.00,0,0,06-JAN-2025
OPTSTK,UPL,27-Feb-2025,2025-02-27,540.00,PE,0.00,0.00,0.00,29.55,31.30,0,0.00,0,0,06-JAN-2025
OPTSTK,UPL,30-Jan-2025,2025-01-30,540.00,PE,19.15,27.75,15.40,24.70,24.70,339,2574.14228,210025,8130,06-JAN-2025
OPTSTK,UPL,30-Jan-2025,2025-01-30,480.00,PE,1.25,3.35,1.10,2.80,2.80,566,3698.17236,472895,-82655,06-JAN-2025
OPTSTK,UPL,27-Feb-2025,2025-02-27,570.00,PE,0.00,0.00,0.00,71.65,52.05,0,0.00,0,0,06-JAN-2025
OPTSTK,UPL,27-Feb-2025,2025-02-27,420.00,PE,0.00,0.00,0.00,1.20,0.45,0,0.00,5420,0,06-JAN-2025
OPTSTK,UPL,27-Feb-2025,2025-02-27,420.00,CE,0.00,0.00,0.00,136.30,105.80,0,0.00,0,0,06-JAN-2025
OPTSTK,UPL,30-Jan-2025,2025-01-30,420.00,CE,0.00,0.00,0.00,137.90,103.20,0,0.00,0,0,06-JAN-2025
OPTSTK,UPL,30-Jan-2025,2025-01-30,510.00,CE,31.05,31.05,19.60,21.85,21.85,179,1298.41858,394305,-23035,06-JAN-2025
OPTSTK,UPL,27-Mar-2025,2025-03-27,560.00,CE,0.00,0.00,0.00,16.00,17.35,0,0.00,0,0,06-JAN-2025
OPTSTK,UPL,27-Feb-2025,2025-02-27,440.00,PE,0.00,0.00,0.00,3.40,1.35,0,0.00,0,0,06-JAN-2025
OPTSTK,UPL,27-Mar-2025,2025-03-27,440.00,PE,0.00,0.00,0.00,8.65,3.00,0,0.00,0,0,06-JAN-2025
OPTSTK,UPL,30-Jan-2025,2025-01-30,490.00,CE,44.45,46.00,32.95,37.40,37.70,18,129.396402,104335,8130,06-JAN-2025
OPTSTK,UPL,30-Jan-2025,2025-01-30,570.00,CE,2.80,4.00,1.50,2.05,2.05,960,7451.45597,455280,92140,06-JAN-2025
OPTSTK,UPL,27-Feb-2025,2025-02-27,570.00,CE,0.00,0.00,0.00,9.00,8.80,0,0.00,5420,0,06-JAN-2025
OPTSTK,UPL,27-Feb-2025,2025-02-27,600.00,CE,0.00,0.00,0.00,21.70,3.90,0,0.00,0,0,06-JAN-2025
OPTSTK,UPL,30-Jan-2025,2025-01-30,518.00,CE,23.65,23.65,14.55,16.75,16.75,15,108.786175,74525,4065,06-JAN-2025
OPTSTK,UPL,27-Feb-2025,2025-02-27,450.00,PE,2.50,2.50,2.50,2.50,2.10,1,6.131375,70460,-1355,06-JAN-2025
OPTSTK,UPL,27-Feb-2025,2025-02-27,520.00,PE,19.00,19.00,19.00,19.00,20.50,2,14.6069,16260,1355,06-JAN-2025
OPTSTK,UPL,30-Jan-2025,2025-01-30,420.00,PE,0.15,0.25,0.10,0.25,0.25,33,187.899882,333330,-2710,06-JAN-2025
OPTSTK,UPL,27-Feb-2025,2025-02-27,600.00,PE,0.00,0.00,0.00,64.00,76.85,0,0.00,0,0,06-JAN-2025
OPTSTK,UPL,30-Jan-2025,2025-01-30,620.00,PE,0.00,0.00,0.00,108.00,96.20,0,0.00,1355,0,06-JAN-2025
OPTSTK,UPL,27-Mar-2025,2025-03-27,520.00,PE,0.00,0.00,0.00,40.05,24.80,0,0.00,0,0,06-JAN-2025
OPTSTK,UPL,27-Feb-2025,2025-02-27,520.00,CE,0.00,0.00,0.00,27.00,26.75,0,0.00,18970,0,06-JAN-2025
OPTSTK,UPL,30-Jan-2025,2025-01-30,500.00,CE,30.60,40.00,25.20,29.10,29.10,561,4050.17494,738475,-6775,06-JAN-2025
OPTSTK,UPL,27-Feb-2025,2025-02-27,500.00,CE,0.00,0.00,0.00,39.15,38.40,0,0.00,8130,0,06-JAN-2025
OPTSTK,UPL,30-Jan-2025,2025-01-30,470.00,CE,0.00,0.00,0.00,62.30,54.80,0,0.00,5420,0,06-JAN-2025
OPTSTK,UPL,27-Feb-2025,2025-02-27,530.00,CE,0.00,0.00,0.00,18.60,21.95,0,0.00,0,0,06-JAN-2025
OPTSTK,UPL,30-Jan-2025,2025-01-30,590.00,CE,1.70,1.70,0.65,0.90,0.90,259,2074.57139,275065,-10840,06-JAN-2025
OPTSTK,SYNGENE,27-Feb-2025,2025-02-27,980.00,PE,0.00,0.00,0.00,82.45,113.30,0,0.00,0,0,06-JAN-2025
OPTSTK,SYNGENE,27-Feb-2025,2025-02-27,980.00,CE,0.00,0.00,0.00,37.00,4.85,0,0.00,0,0,06-JAN-2025
OPTSTK,SYNGENE,27-Feb-2025,2025-02-27,920.00,PE,0.00,0.00,0.00,48.60,64.40,0,0.00,0,0,06-JAN-2025
OPTSTK,SYNGENE,30-Jan-2025,2025-01-30,740.00,CE,0.00,0.00,0.00,141.45,125.65,0,0.00,0,0,06-JAN-2025
OPTSTK,SYNGENE,30-Jan-2025,2025-01-30,920.00,PE,64.55,64.55,64.05,64.05,59.50,2,19.686,4000,-1000,06-JAN-2025
OPTSTK,SYNGENE,27-Mar-2025,2025-03-27,760.00,PE,0.00,0.00,0.00,14.60,5.85,0,0.00,0,0,06-JAN-2025
OPTSTK,SYNGENE,27-Feb-2025,2025-02-27,860.00,CE,0.00,0.00,0.00,97.15,38.80,0,0.00,0,0,06-JAN-2025
OPTSTK,SYNGENE,27-Feb-2025,2025-02-27,830.00,PE,0.00,0.00,0.00,30.85,16.50,0,0.00,0,0,06-JAN-2025
OPTSTK,SYNGENE,30-Jan-2025,2025-01-30,830.00,PE,14.00,17.80,12.30,13.90,13.90,128,1081.752,77000,11000,06-JAN-2025
OPTSTK,SYNGENE,27-Feb-2025,2025-02-27,830.00,CE,0.00,0.00,0.00,57.85,56.65,0,0.00,0,0,06-JAN-2025
OPTSTK,SYNGENE,30-Jan-2025,2025-01-30,1020.00,CE,0.00,0.00,0.00,11.45,0.15,0,0.00,0,0,06-JAN-2025
OPTSTK,SYNGENE,30-Jan-2025,2025-01-30,760.00,PE,0.00,0.00,0.00,1.50,0.50,0,0.00,13000,0,06-JAN-2025
OPTSTK,SYNGENE,27-Feb-2025,2025-02-27,940.00,CE,0.00,0.00,0.00,52.65,10.75,0,0.00,0,0,06-JAN-2025
OPTSTK,SYNGENE,30-Jan-2025,2025-01-30,840.00,CE,32.10,42.65,30.15,42.10,42.10,53,464.428,10000,3000,06-JAN-2025
OPTSTK,SYNGENE,30-Jan-2025,2025-01-30,900.00,PE,55.45,56.25,55.45,56.25,43.95,3,28.6795,50000,-1000,06-JAN-2025
OPTSTK,SYNGENE,27-Mar-2025,2025-03-27,840.00,PE,0.00,0.00,0.00,41.65,25.80,0,0.00,0,0,06-JAN-2025
OPTSTK,SYNGENE,27-Feb-2025,2025-02-27,910.00,PE,0.00,0.00,0.00,75.70,57.30,0,0.00,0,0,06-JAN-2025
OPTSTK,SYNGENE,30-Jan-2025,2025-01-30,840.00,PE,17.35,22.05,15.55,17.40,17.40,99,849.954,62000,21000,06-JAN-2025
OPTSTK,SYNGENE,30-Jan-2025,2025-01-30,980.00,CE,1.10,1.20,1.05,1.20,0.75,14,137.3575,46000,4000,06-JAN-2025
OPTSTK,SYNGENE,27-Feb-2025,2025-02-27,930.00,PE,0.00,0.00,0.00,90.15,71.80,0,0.00,0,0,06-JAN-2025
OPTSTK,SYNGENE,30-Jan-2025,2025-01-30,790.00,CE,0.00,0.00,0.00,141.90,77.75,0,0.00,0,0,06-JAN-2025
OPTSTK,SYNGENE,30-Jan-2025,2025-01-30,790.00,PE,5.20,6.75,4.25,4.90,4.90,63,501.1695,55000,-6000,06-JAN-2025
OPTSTK,SYNGENE,30-Jan-2025,2025-01-30,940.00,PE,0.00,0.00,0.00,90.70,76.75,0,0.00,0,0,06-JAN-2025
OPTSTK,SYNGENE,27-Mar-2025,2025-03-27,940.00,PE,0.00,0.00,0.00,101.30,82.45,0,0.00,0,0,06-JAN-2025
OPTSTK,SYNGENE,27-Feb-2025,2025-02-27,770.00,PE,0.00,0.00,0.00,11.85,3.95,0,0.00,0,0,06-JAN-2025
OPTSTK,SYNGENE,30-Jan-2025,2025-01-30,910.00,PE,54.20,54.20,54.20,54.20,51.50,1,9.642,6000,1000,06-JAN-2025
OPTSTK,SYNGENE,30-Jan-2025,2025-01-30,760.00,CE,0.00,0.00,0.00,125.10,106.05,0,0.00,0,0,06-JAN-2025
OPTSTK,SYNGENE,27-Mar-2025,2025-03-27,760.00,CE,0.00,0.00,0.00,114.90,119.20,0,0.00,0,0,06-JAN-2025
OPTSTK,SYNGENE,30-Jan-2025,2025-01-30,940.00,CE,4.50,6.05,3.10,5.55,5.55,145,1370.3705,111000,41000,06-JAN-2025
OPTSTK,SYNGENE,27-Feb-2025,2025-02-27,940.00,PE,0.00,0.00,0.00,58.80,79.55,0,0.00,0,0,06-JAN-2025
OPTSTK,SYNGENE,27-Feb-2025,2025-02-27,930.00,CE,0.00,0.00,0.00,18.40,12.90,0,0.00,0,0,06-JAN-2025
OPTSTK,SYNGENE,30-Jan-2025,2025-01-30,780.00,PE,3.40,4.95,3.05,3.85,3.85,132,1034.709,135000,7000,06-JAN-2025
OPTSTK,HFCL,27-Mar-2025,2025-03-27,120.00,PE,0.00,0.00,0.00,15.95,17.70,0,0.00,0,0,06-JAN-2025
OPTSTK,HFCL,27-Mar-2025,2025-03-27,130.00,PE,0.00,0.00,0.00,22.30,25.20,0,0.00,0,0,06-JAN-2025
OPTSTK,HFCL,27-Mar-2025,2025-03-27,130.00,CE,0.00,0.00,0.00,9.30,3.60,0,0.00,0,0,06-JAN-2025
OPTSTK,HFCL,27-Feb-2025,2025-02-27,95.00,PE,0.00,0.00,0.00,2.40,3.10,0,0.00,0,0,06-JAN-2025
OPTSTK,HFCL,30-Jan-2025,2025-01-30,95.00,PE,0.40,0.90,0.40,0.80,0.80,126,500.168375,664000,37350,06-JAN-2025
OPTSTK,HFCL,27-Feb-2025,2025-02-27,95.00,CE,0.00,0.00,0.00,42.30,15.50,0,0.00,0,0,06-JAN-2025
OPTSTK,HFCL,27-Mar-2025,2025-03-27,95.00,CE,0.00,0.00,0.00,26.20,17.40,0,0.00,0,0,06-JAN-2025
OPTSTK,HFCL,30-Jan-2025,2025-01-30,95.00,CE,0.00,0.00,0.00,40.70,13.25,0,0.00,0,0,06-JAN-2025
OPTSTK,HFCL,30-Jan-2025,2025-01-30,132.50,CE,0.00,0.00,0.00,0.60,0.35,0,0.00,564400,0,06-JAN-2025
OPTSTK,HFCL,30-Jan-2025,2025-01-30,132.50,PE,0.00,0.00,0.00,17.25,25.75,0,0.00,8300,0,06-JAN-2025
OPTSTK,HFCL,30-Jan-2025,2025-01-30,90.00,PE,0.35,0.35,0.35,0.35,0.60,17,63.741925,74700,70550,06-JAN-2025
OPTSTK,HFCL,30-Jan-2025,2025-01-30,100.00,PE,0.80,1.90,0.80,1.85,1.85,444,1868.30925,1141250,136950,06-JAN-2025
OPTSTK,HFCL,27-Mar-2025,2025-03-27,100.00,CE,0.00,0.00,0.00,22.95,14.35,0,0.00,0,0,06-JAN-2025
OPTSTK,HFCL,27-Mar-2025,2025-03-27,110.00,CE,0.00,0.00,0.00,17.30,9.45,0,0.00,0,0,06-JAN-2025
OPTSTK,HFCL,27-Mar-2025,2025-03-27,110.00,PE,0.00,0.00,0.00,10.65,11.30,0,0.00,0,0,06-JAN-2025
OPTSTK,HFCL,30-Jan-2025,2025-01-30,145.00,CE,0.10,0.10,0.10,0.10,0.10,42,252.9093,153550,4150,06-JAN-2025
OPTSTK,HFCL,27-Feb-2025,2025-02-27,90.00,PE,0.00,0.00,0.00,1.65,1.85,0,0.00,0,0,06-JAN-2025
OPTSTK,HFCL,27-Feb-2025,2025-02-27,110.00,PE,0.00,0.00,0.00,5.90,9.65,0,0.00,0,0,06-JAN-2025
OPTSTK,HFCL,30-Jan-2025,2025-01-30,110.00,PE,3.30,6.45,3.20,6.15,6.15,566,2696.0226,1415150,-24900,06-JAN-2025
OPTSTK,HFCL,27-Feb-2025,2025-02-27,110.00,CE,0.00,0.00,0.00,31.05,7.20,0,0.00,0,0,06-JAN-2025
OPTSTK,HFCL,30-Jan-2025,2025-01-30,110.00,CE,6.00,6.20,3.20,3.35,3.35,491,2328.5235,1054100,481400,06-JAN-2025
OPTSTK,HFCL,30-Jan-2025,2025-01-30,127.50,PE,0.00,0.00,0.00,10.40,21.10,0,0.00,0,0,06-JAN-2025
OPTSTK,HFCL,27-Feb-2025,2025-02-27,127.50,CE,0.00,0.00,0.00,7.55,2.40,0,0.00,0,0,06-JAN-2025
OPTSTK,HFCL,27-Feb-2025,2025-02-27,115.00,CE,0.00,0.00,0.00,6.50,5.35,0,0.00,4150,0,06-JAN-2025
OPTSTK,HFCL,27-Mar-2025,2025-03-27,120.00,CE,0.00,0.00,0.00,12.80,5.95,0,0.00,0,0,06-JAN-2025
OPTSTK,HFCL,30-Jan-2025,2025-01-30,107.50,PE,2.50,4.95,2.15,4.80,4.80,208,960.229075,481400,136950,06-JAN-2025
OPTSTK,HFCL,27-Feb-2025,2025-02-27,107.50,PE,0.00,0.00,0.00,7.60,8.25,0,0.00,0,0,06-JAN-2025
OPTSTK,HFCL,30-Jan-2025,2025-01-30,115.00,PE,6.10,9.75,5.85,9.60,9.60,135,687.3396,1734700,-66400,06-JAN-2025
OPTSTK,HFCL,30-Jan-2025,2025-01-30,125.00,PE,0.00,0.00,0.00,11.90,18.85,0,0.00,439900,0,06-JAN-2025
OPTSTK,HFCL,27-Mar-2025,2025-03-27,125.00,CE,0.00,0.00,0.00,10.95,4.65,0,0.00,0,0,06-JAN-2025
OPTSTK,HFCL,27-Feb-2025,2025-02-27,102.50,PE,0.00,0.00,0.00,5.60,5.85,0,0.00,0,0,06-JAN-2025
OPTSTK,HFCL,30-Jan-2025,2025-01-30,97.50,PE,0.80,1.30,0.80,1.20,1.20,26,106.316775,651550,-4150,06-JAN-2025
OPTSTK,HFCL,30-Jan-2025,2025-01-30,140.00,CE,0.15,0.15,0.10,0.10,0.15,105,610.537625,1128800,-41500,06-JAN-2025
OPTSTK,PNB,30-Jan-2025,2025-01-30,111.00,PE,0.00,0.00,0.00,5.95,9.80,0,0.00,248000,0,06-JAN-2025
OPTSTK,PNB,27-Feb-2025,2025-02-27,111.00,PE,0.00,0.00,0.00,12.05,10.85,0,0.00,0,0,06-JAN-2025
OPTSTK,PNB,27-Feb-2025,2025-02-27,111.00,CE,2.10,2.10,2.10,2.10,2.65,1,9.048,136000,8000,06-JAN-2025
OPTSTK,PNB,30-Jan-2025,2025-01-30,111.00,CE,1.75,1.75,0.70,0.80,0.80,627,5612.556,10488000,128000,06-JAN-2025
OPTSTK,PNB,27-Feb-2025,2025-02-27,103.00,CE,0.00,0.00,0.00,7.70,5.50,0,0.00,0,0,06-JAN-2025
OPTSTK,PNB,27-Feb-2025,2025-02-27,103.00,PE,5.00,5.30,4.50,5.30,5.30,5,43.176,24000,-8000,06-JAN-2025
OPTSTK,PNB,30-Jan-2025,2025-01-30,95.00,CE,9.40,10.00,8.15,8.25,8.25,25,207.772,720000,32000,06-JAN-2025
OPTSTK,PNB,30-Jan-2025,2025-01-30,95.00,PE,0.50,1.30,0.50,1.20,1.20,1340,10293.256,5784000,848000,06-JAN-2025
OPTSTK,PNB,27-Feb-2025,2025-02-27,95.00,CE,0.00,0.00,0.00,12.10,10.10,0,0.00,0,0,06-JAN-2025
OPTSTK,PNB,30-Jan-2025,2025-01-30,90.00,CE,12.50,12.50,12.50,12.50,12.50,1,8.2,248000,0,06-JAN-2025
OPTSTK,PNB,30-Jan-2025,2025-01-30,114.00,CE,1.15,1.15,0.45,0.50,0.60,362,3316.58,1680000,760000,06-JAN-2025
OPTSTK,PNB,27-Feb-2025,2025-02-27,114.00,CE,1.60,1.70,1.60,1.70,1.95,2,18.504,248000,0,06-JAN-2025
OPTSTK,PNB,27-Feb-2025,2025-02-27,114.00,PE,0.00,0.00,0.00,8.60,13.10,0,0.00,8000,0,06-JAN-2025
OPTSTK,PNB,27-Mar-2025,2025-03-27,114.00,CE,0.00,0.00,0.00,5.30,3.25,0,0.00,0,0,06-JAN-2025
OPTSTK,PNB,27-Mar-2025,2025-03-27,100.00,PE,0.00,0.00,0.00,6.95,5.40,0,0.00,0,0,06-JAN-2025
OPTSTK,PNB,30-Jan-2025,2025-01-30,107.00,CE,3.10,3.10,1.55,1.65,1.65,1458,12699.528,4128000,-488000,06-JAN-2025
OPTSTK,PNB,30-Jan-2025,2025-01-30,107.00,PE,3.65,6.80,3.60,6.45,6.45,733,6589.152,1344000,-280000,06-JAN-2025
OPTSTK,PNB,27-Feb-2025,2025-02-27,107.00,CE,3.40,3.40,3.20,3.25,3.90,3,26.468,16000,8000,06-JAN-2025
OPTSTK,PNB,27-Feb-2025,2025-02-27,112.00,PE,0.00,0.00,0.00,11.70,11.55,0,0.00,0,0,06-JAN-2025
OPTSTK,PNB,27-Feb-2025,2025-02-27,110.00,PE,7.60,9.55,7.60,9.50,10.10,6,57.128,264000,24000,06-JAN-2025
OPTSTK,PNB,30-Jan-2025,2025-01-30,110.00,CE,1.95,1.95,0.90,1.00,1.00,4900,43541.86,18296000,2240000,06-JAN-2025
OPTSTK,PNB,30-Jan-2025,2025-01-30,110.00,PE,5.35,9.00,5.35,8.80,8.80,273,2569.304,8696000,448000,06-JAN-2025
OPTSTK,PNB,30-Jan-2025,2025-01-30,92.00,CE,0.00,0.00,0.00,12.85,10.75,0,0.00,0,0,06-JAN-2025
OPTSTK,PNB,27-Feb-2025,2025-02-27,88.00,PE,0.00,0.00,0.00,2.15,0.85,0,0.00,0,0,06-JAN-2025
OPTSTK,PNB,27-Mar-2025,2025-03-27,88.00,PE,0.00,0.00,0.00,2.70,1.55,0,0.00,0,0,06-JAN-2025
OPTSTK,PNB,27-Mar-2025,2025-03-27,112.00,PE,0.00,0.00,0.00,13.75,12.35,0,0.00,0,0,06-JAN-2025
OPTSTK,PNB,27-Mar-2025,2025-03-27,110.00,PE,8.00,8.00,8.00,8.00,11.00,1,9.44,8000,8000,06-JAN-2025
OPTSTK,PNB,27-Mar-2025,2025-03-27,110.00,CE,0.00,0.00,0.00,6.60,4.35,0,0.00,0,0,06-JAN-2025
OPTSTK,PNB,27-Feb-2025,2025-02-27,110.00,CE,3.25,3.25,2.40,2.55,2.55,81,730.048,728000,64000,06-JAN-2025
OPTSTK,PNB,27-Mar-2025,2025-03-27,84.00,PE,0.00,0.00,0.00,1.80,0.90,0,0.00,0,0,06-JAN-2025
OPTSTK,PNB,30-Jan-2025,2025-01-30,93.00,PE,0.35,0.90,0.30,0.85,0.85,326,2441.484,808000,-192000,06-JAN-2025
OPTSTK,PNB,27-Feb-2025,2025-02-27,93.00,CE,0.00,0.00,0.00,13.45,11.50,0,0.00,0,0,06-JAN-2025
OPTSTK,PNB,27-Feb-2025,2025-02-27,93.00,PE,0.00,0.00,0.00,3.10,1.85,0,0.00,0,0,06-JAN-2025
OPTSTK,IDEA,30-Jan-2025,2025-01-30,2.00,PE,0.00,0.00,0.00,0.05,0.05,0,0.00,400000,0,06-JAN-2025
OPTSTK,IDEA,27-Feb-2025,2025-02-27,5.00,CE,0.00,0.00,0.00,2.70,2.95,0,0.00,0,0,06-JAN-2025
OPTSTK,IDEA,27-Feb-2025,2025-02-27,9.00,PE,1.10,1.30,1.10,1.30,1.30,17,69.4,2400000,-120000,06-JAN-2025
OPTSTK,IDEA,27-Feb-2025,2025-02-27,9.00,CE,0.40,0.45,0.30,0.35,0.35,244,911.1,16640000,1440000,06-JAN-2025
OPTSTK,IDEA,30-Jan-2025,2025-01-30,9.00,PE,0.85,1.15,0.85,1.15,1.15,1292,5171.14,43600000,3440000,06-JAN-2025
OPTSTK,IDEA,30-Jan-2025,2025-01-30,9.00,CE,0.20,0.20,0.05,0.10,0.10,5767,21033.82,296600000,93880000,06-JAN-2025
FUTSTK,IDEA,27-Mar-2025,2025-03-27,,,8.39,8.39,7.99,8.02,8.02,190,620.376,19480000,2640000,06-JAN-2025
OPTSTK,IDEA,30-Jan-2025,2025-01-30,6.00,CE,2.25,2.25,1.95,1.95,1.90,10,32.46,1880000,-80000,06-JAN-2025
OPTSTK,IDEA,30-Jan-2025,2025-01-30,6.00,PE,0.05,0.05,0.05,0.05,0.05,623,1507.66,53680000,-1520000,06-JAN-2025
OPTSTK,IDEA,27-Feb-2025,2025-02-27,6.00,CE,0.00,0.00,0.00,2.05,2.00,0,0.00,200000,0,06-JAN-2025
OPTSTK,IDEA,27-Mar-2025,2025-03-27,6.00,CE,0.00,0.00,0.00,2.05,2.10,0,0.00,0,0,06-JAN-2025
OPTSTK,IDEA,27-Mar-2025,2025-03-27,6.00,PE,0.15,0.15,0.15,0.15,0.15,14,34.44,960000,160000,06-JAN-2025
OPTSTK,IDEA,27-Feb-2025,2025-02-27,6.00,PE,0.10,0.10,0.10,0.10,0.10,21,51.24,4720000,480000,06-JAN-2025
OPTSTK,IDEA,27-Mar-2025,2025-03-27,10.00,PE,0.00,0.00,0.00,2.70,2.25,0,0.00,0,0,06-JAN-2025
OPTSTK,IDEA,30-Jan-2025,2025-01-30,10.00,PE,1.95,2.05,1.95,2.05,2.10,14,67.34,22720000,-240000,06-JAN-2025
OPTSTK,IDEA,27-Feb-2025,2025-02-27,10.00,CE,0.25,0.25,0.15,0.15,0.15,187,762.88,15720000,1440000,06-JAN-2025
OPTSTK,IDEA,30-Jan-2025,2025-01-30,10.00,CE,0.10,0.10,0.05,0.05,0.05,1383,5560.3,98560000,20240000,06-JAN-2025
OPTSTK,IDEA,27-Mar-2025,2025-03-27,10.00,CE,0.40,0.45,0.40,0.40,0.30,55,228.84,4600000,1360000,06-JAN-2025
OPTSTK,IDEA,27-Feb-2025,2025-02-27,10.00,PE,0.00,0.00,0.00,1.85,2.20,0,0.00,1280000,0,06-JAN-2025
OPTSTK,IDEA,30-Jan-2025,2025-01-30,11.00,PE,2.70,3.10,2.70,3.10,3.10,14,77.42,21440000,120000,06-JAN-2025
OPTSTK,IDEA,30-Jan-2025,2025-01-30,5.00,PE,0.05,0.05,0.05,0.05,0.05,1,2.02,3800000,40000,06-JAN-2025
OPTSTK,IDEA,27-Mar-2025,2025-03-27,2.00,CE,0.00,0.00,0.00,5.60,5.90,0,0.00,0,0,06-JAN-2025
OPTSTK,IDEA,30-Jan-2025,2025-01-30,7.00,PE,0.05,0.15,0.05,0.15,0.15,524,1488.34,90240000,-3440000,06-JAN-2025
OPTSTK,IDEA,27-Feb-2025,2025-02-27,7.00,CE,1.35,1.35,1.25,1.25,1.25,17,56.52,1120000,-240000,06-JAN-2025
OPTSTK,IDEA,30-Jan-2025,2025-01-30,7.00,CE,0.10,1.35,0.10,1.05,1.05,1563,5085.02,59520000,3840000,06-JAN-2025
OPTSTK,IDEA,27-Feb-2025,2025-02-27,7.00,PE,0.20,0.30,0.20,0.30,0.30,126,365.64,5040000,1800000,06-JAN-2025
OPTSTK,IDEA,30-Jan-2025,2025-01-30,4.00,CE,0.00,0.00,0.00,4.25,3.90,0,0.00,0,0,06-JAN-2025
OPTSTK,IDEA,30-Jan-2025,2025-01-30,4.00,PE,0.05,0.05,0.05,0.05,0.05,1,1.62,1440000,40000,06-JAN-2025
OPTSTK,IDEA,27-Feb-2025,2025-02-27,14.00,CE,0.05,0.05,0.05,0.05,0.05,4,22.48,2960000,-40000,06-JAN-2025
OPTSTK,IDEA,30-Jan-2025,2025-01-30,14.00,CE,0.00,0.00,0.00,0.05,0.05,0,0.00,10000000,0,06-JAN-2025
OPTSTK,IDEA,27-Mar-2025,2025-03-27,14.00,CE,0.10,0.10,0.10,0.10,0.05,3,16.92,2840000,40000,06-JAN-2025
OPTSTK,IDEA,27-Mar-2025,2025-03-27,14.00,PE,0.00,0.00,0.00,6.30,5.95,0,0.00,0,0,06-JAN-2025
OPTSTK,IDEA,30-Jan-2025,2025-01-30,14.00,PE,6.05,6.05,6.05,6.05,6.05,1,8.02,1680000,40000,06-JAN-2025
OPTSTK,AUBANK,30-Jan-2025,2025-01-30,595.00,PE,30.40,44.90,30.40,44.90,38.45,12,75.7085,15000,2000,06-JAN-2025
OPTSTK,AUBANK,30-Jan-2025,2025-01-30,595.00,CE,13.95,14.45,5.90,6.05,6.05,651,3926.4655,175000,73000,06-JAN-2025
OPTSTK,AUBANK,27-Feb-2025,2025-02-27,595.00,PE,0.00,0.00,0.00,56.85,43.15,0,0.00,0,0,06-JAN-2025
OPTSTK,AUBANK,27-Feb-2025,2025-02-27,595.00,CE,0.00,0.00,0.00,17.60,13.65,0,0.00,0,0,06-JAN-2025
OPTSTK,AUBANK,30-Jan-2025,2025-01-30,495.00,PE,2.25,2.25,2.25,2.25,0.80,1,4.9725,3000,-1000,06-JAN-2025
OPTSTK,AUBANK,27-Feb-2025,2025-02-27,600.00,PE,0.00,0.00,0.00,44.35,46.65,0,0.00,0,0,06-JAN-2025
OPTSTK,AUBANK,27-Mar-2025,2025-03-27,600.00,CE,0.00,0.00,0.00,17.00,18.70,0,0.00,10000,0,06-JAN-2025
OPTSTK,AUBANK,27-Mar-2025,2025-03-27,600.00,PE,0.00,0.00,0.00,64.15,50.10,0,0.00,0,0,06-JAN-2025
OPTSTK,AUBANK,27-Feb-2025,2025-02-27,460.00,CE,0.00,0.00,0.00,137.35,104.95,0,0.00,0,0,06-JAN-2025
OPTSTK,AUBANK,30-Jan-2025,2025-01-30,535.00,PE,4.25,10.75,4.25,9.55,9.55,312,1694.464,82000,-52000,06-JAN-2025
OPTSTK,ATUL,27-Feb-2025,2025-02-27,6400.00,PE,0.00,0.00,0.00,111.95,93.15,0,0.00,0,0,06-JAN-2025
OPTSTK,AUBANK,30-Jan-2025,2025-01-30,535.00,CE,36.00,36.00,30.20,31.40,31.40,5,28.3995,23000,-1000,06-JAN-2025
OPTSTK,AUBANK,30-Jan-2025,2025-01-30,680.00,CE,0.80,0.80,0.50,0.60,0.60,180,1225.3135,92000,90000,06-JAN-2025
OPTSTK,AUBANK,30-Jan-2025,2025-01-30,680.00,PE,0.00,0.00,0.00,100.00,117.30,0,0.00,9000,0,06-JAN-2025
OPTSTK,ATUL,30-Jan-2025,2025-01-30,6800.00,CE,0.00,0.00,0.00,332.85,202.85,0,0.00,500,0,06-JAN-2025
OPTSTK,AUBANK,27-Mar-2025,2025-03-27,490.00,PE,0.00,0.00,0.00,12.45,5.35,0,0.00,0,0,06-JAN-2025
OPTSTK,ATUL,27-Feb-2025,2025-02-27,7600.00,CE,0.00,0.00,0.00,355.15,59.40,0,0.00,0,0,06-JAN-2025
OPTSTK,AUBANK,27-Mar-2025,2025-03-27,510.00,CE,0.00,0.00,0.00,65.80,66.60,0,0.00,0,0,06-JAN-2025
OPTSTK,ATUL,27-Feb-2025,2025-02-27,7000.00,PE,0.00,0.00,0.00,292.40,343.90,0,0.00,0,0,06-JAN-2025
OPTSTK,ATUL,30-Jan-2025,2025-01-30,7000.00,CE,176.00,232.50,150.00,157.00,157.00,471,3387.46895,21700,5300,06-JAN-2025
OPTSTK,ATUL,27-Feb-2025,2025-02-27,6200.00,PE,0.00,0.00,0.00,75.60,51.75,0,0.00,0,0,06-JAN-2025
OPTSTK,AUBANK,27-Feb-2025,2025-02-27,495.00,PE,0.00,0.00,0.00,9.70,3.45,0,0.00,0,0,06-JAN-2025
OPTSTK,ATUL,30-Jan-2025,2025-01-30,5800.00,CE,0.00,0.00,0.00,2154.30,1031.85,0,0.00,0,0,06-JAN-2025
OPTSTK,AUBANK,27-Feb-2025,2025-02-27,575.00,PE,0.00,0.00,0.00,43.70,30.45,0,0.00,0,0,06-JAN-2025
OPTSTK,AUBANK,30-Jan-2025,2025-01-30,575.00,CE,21.00,23.00,10.40,10.90,10.90,713,4200.303,161000,48000,06-JAN-2025
OPTSTK,AUBANK,30-Jan-2025,2025-01-30,575.00,PE,18.50,30.60,17.50,29.40,29.40,246,1475.645,89000,18000,06-JAN-2025
OPTSTK,AUBANK,27-Feb-2025,2025-02-27,575.00,CE,0.00,0.00,0.00,24.25,20.75,0,0.00,0,0,06-JAN-2025
OPTSTK,AUBANK,27-Mar-2025,2025-03-27,510.00,PE,0.00,0.00,0.00,18.25,9.30,0,0.00,0,0,06-JAN-2025
OPTSTK,AUBANK,30-Jan-2025,2025-01-30,615.00,CE,7.75,7.80,3.20,3.30,3.30,151,935.711,105000,8000,06-JAN-2025
OPTSTK,ATUL,27-Feb-2025,2025-02-27,6000.00,CE,0.00,0.00,0.00,1381.55,888.60,0,0.00,0,0,06-JAN-2025
OPTSTK,ATUL,30-Jan-2025,2025-01-30,7300.00,CE,86.05,86.10,75.65,75.65,42.80,12,88.57815,1100,400,06-JAN-2025
OPTSTK,AUBANK,30-Jan-2025,2025-01-30,570.00,CE,23.45,26.00,12.15,12.55,12.55,1682,9848.957,381000,92000,06-JAN-2025
OPTSTK,BERGEPAINT,27-Mar-2025,2025-03-27,490.00,PE,0.00,0.00,0.00,51.45,42.65,0,0.00,0,0,06-JAN-2025
OPTSTK,BERGEPAINT,27-Mar-2025,2025-03-27,480.00,CE,0.00,0.00,0.00,13.95,10.00,0,0.00,0,0,06-JAN-2025
OPTSTK,BERGEPAINT,27-Mar-2025,2025-03-27,450.00,PE,0.00,0.00,0.00,26.00,17.50,0,0.00,0,0,06-JAN-2025
OPTSTK,BERGEPAINT,30-Jan-2025,2025-01-30,450.00,PE,9.00,14.40,9.00,12.45,12.45,248,1511.26536,396000,18480,06-JAN-2025
OPTSTK,BERGEPAINT,27-Mar-2025,2025-03-27,450.00,CE,0.00,0.00,0.00,25.10,21.75,0,0.00,0,0,06-JAN-2025
OPTSTK,BERGEPAINT,30-Jan-2025,2025-01-30,445.00,PE,4.20,11.70,4.00,10.50,10.50,167,1002.38886,178200,6600,06-JAN-2025
OPTSTK,POONAWALLA,30-Jan-2025,2025-01-30,335.00,CE,6.00,7.60,3.80,3.90,3.90,245,1210.3904,113100,30450,06-JAN-2025
OPTSTK,POONAWALLA,27-Mar-2025,2025-03-27,320.00,CE,0.00,0.00,0.00,34.55,23.00,0,0.00,0,0,06-JAN-2025
OPTSTK,POONAWALLA,30-Jan-2025,2025-01-30,345.00,CE,4.60,4.65,2.20,2.30,2.30,134,676.454,95700,10150,06-JAN-2025
OPTSTK,BERGEPAINT,27-Mar-2025,2025-03-27,360.00,PE,0.00,0.00,0.00,1.60,0.25,0,0.00,0,0,06-JAN-2025
OPTSTK,POONAWALLA,27-Feb-2025,2025-02-27,320.00,CE,13.00,14.30,7.15,7.15,17.65,15,72.425325,13050,4350,06-JAN-2025
OPTSTK,POONAWALLA,27-Mar-2025,2025-03-27,260.00,PE,0.00,0.00,0.00,6.90,4.10,0,0.00,0,0,06-JAN-2025
OPTSTK,BERGEPAINT,27-Feb-2025,2025-02-27,435.00,PE,0.00,0.00,0.00,15.75,8.60,0,0.00,0,0,06-JAN-2025
OPTSTK,POONAWALLA,27-Feb-2025,2025-02-27,295.00,PE,0.00,0.00,0.00,13.20,9.95,0,0.00,0,0,06-JAN-2025
OPTSTK,BERGEPAINT,27-Feb-2025,2025-02-27,410.00,CE,0.00,0.00,0.00,89.70,44.15,0,0.00,0,0,06-JAN-2025
OPTSTK,BERGEPAINT,30-Jan-2025,2025-01-30,400.00,CE,54.00,54.00,47.00,49.00,49.65,7,41.64006,18480,1320,06-JAN-2025
OPTSTK,BERGEPAINT,27-Mar-2025,2025-03-27,400.00,PE,0.00,0.00,0.00,7.30,2.85,0,0.00,0,0,06-JAN-2025
OPTSTK,BERGEPAINT,27-Feb-2025,2025-02-27,520.00,PE,0.00,0.00,0.00,41.25,68.45,0,0.00,0,0,06-JAN-2025
OPTSTK,BERGEPAINT,27-Feb-2025,2025-02-27,530.00,PE,0.00,0.00,0.00,47.80,77.95,0,0.00,0,0,06-JAN-2025
OPTSTK,BERGEPAINT,30-Jan-2025,2025-01-30,570.00,CE,0.00,0.00,0.00,0.10,0.05,0,0.00,1320,0,06-JAN-2025
OPTSTK,BERGEPAINT,30-Jan-2025,2025-01-30,455.00,CE,12.15,12.75,7.05,9.15,9.15,185,1133.33154,191400,14520,06-JAN-2025
OPTSTK,POONAWALLA,27-Mar-2025,2025-03-27,340.00,PE,0.00,0.00,0.00,39.45,37.10,0,0.00,0,0,06-JAN-2025
OPTSTK,POONAWALLA,27-Feb-2025,2025-02-27,305.00,PE,0.00,0.00,0.00,17.05,13.85,0,0.00,0,0,06-JAN-2025
OPTSTK,POONAWALLA,30-Jan-2025,2025-01-30,305.00,CE,20.60,20.60,15.10,15.10,15.10,8,37.468,33350,2900,06-JAN-2025
OPTSTK,POONAWALLA,27-Feb-2025,2025-02-27,305.00,CE,0.00,0.00,0.00,36.35,25.10,0,0.00,0,0,06-JAN-2025
OPTSTK,POONAWALLA,27-Feb-2025,2025-02-27,290.00,PE,0.00,0.00,0.00,6.00,8.30,0,0.00,0,0,06-JAN-2025
OPTSTK,BERGEPAINT,30-Jan-2025,2025-01-30,580.00,CE,0.00,0.00,0.00,0.10,0.05,0,0.00,3960,0,06-JAN-2025
OPTSTK,BERGEPAINT,27-Feb-2025,2025-02-27,485.00,PE,0.00,0.00,0.00,46.10,37.75,0,0.00,0,0,06-JAN-2025
OPTSTK,BERGEPAINT,30-Jan-2025,2025-01-30,505.00,PE,0.00,0.00,0.00,29.15,55.45,0,0.00,0,0,06-JAN-2025
OPTSTK,BERGEPAINT,27-Feb-2025,2025-02-27,505.00,CE,0.00,0.00,0.00,4.60,2.10,0,0.00,0,0,06-JAN-2025
OPTSTK,BERGEPAINT,27-Feb-2025,2025-02-27,505.00,PE,0.00,0.00,0.00,62.25,54.70,0,0.00,0,0,06-JAN-2025
OPTSTK,DLF,27-Feb-2025,2025-02-27,930.00,CE,0.00,0.00,0.00,26.45,7.65,0,0.00,0,0,06-JAN-2025
OPTSTK,DLF,27-Feb-2025,2025-02-27,930.00,PE,0.00,0.00,0.00,106.10,122.90,0,0.00,0,0,06-JAN-2025
OPTSTK,DLF,27-Mar-2025,2025-03-27,740.00,PE,0.00,0.00,0.00,21.30,18.25,0,0.00,0,0,06-JAN-2025
OPTSTK,DLF,30-Jan-2025,2025-01-30,1020.00,CE,0.30,0.35,0.30,0.35,0.05,9,75.758925,26400,7425,06-JAN-2025
OPTSTK,DLF,30-Jan-2025,2025-01-30,700.00,PE,0.75,2.05,0.75,1.70,1.70,737,4264.55205,565125,56925,06-JAN-2025
OPTSTK,DLF,30-Jan-2025,2025-01-30,720.00,CE,0.00,0.00,0.00,133.70,91.45,0,0.00,0,0,06-JAN-2025
OPTSTK,DLF,27-Feb-2025,2025-02-27,720.00,CE,0.00,0.00,0.00,128.90,100.75,0,0.00,0,0,06-JAN-2025
OPTSTK,DLF,30-Jan-2025,2025-01-30,720.00,PE,1.30,3.55,1.30,3.05,3.05,329,1960.61415,248325,49500,06-JAN-2025
OPTSTK,DLF,30-Jan-2025,2025-01-30,950.00,PE,113.60,144.00,113.60,141.75,141.75,6,53.832075,6600,825,06-JAN-2025
OPTSTK,DLF,27-Feb-2025,2025-02-27,680.00,PE,0.00,0.00,0.00,12.95,3.00,0,0.00,0,0,06-JAN-2025
OPTSTK,DLF,27-Feb-2025,2025-02-27,720.00,PE,0.00,0.00,0.00,22.05,8.05,0,0.00,0,0,06-JAN-2025
OPTSTK,DLF,27-Feb-2025,2025-02-27,820.00,CE,32.50,36.50,30.50,30.50,30.50,6,42.2115375,4125,4125,06-JAN-2025
OPTSTK,DLF,27-Feb-2025,2025-02-27,820.00,PE,30.00,34.30,30.00,31.55,43.20,7,49.1951625,5775,-825,06-JAN-2025
OPTSTK,DLF,30-Jan-2025,2025-01-30,830.00,PE,20.90,40.00,19.55,37.05,37.05,1005,7126.15365,490050,-15675,06-JAN-2025
OPTSTK,DLF,27-Feb-2025,2025-02-27,830.00,PE,0.00,0.00,0.00,30.00,48.85,0,0.00,825,0,06-JAN-2025
OPTSTK,DLF,30-Jan-2025,2025-01-30,970.00,CE,0.55,0.55,0.50,0.55,0.40,10,80.0691375,107250,825,06-JAN-2025
OPTSTK,DLF,27-Feb-2025,2025-02-27,760.00,CE,0.00,0.00,0.00,102.25,70.75,0,0.00,0,0,06-JAN-2025
OPTSTK,DLF,30-Jan-2025,2025-01-30,770.00,PE,4.50,12.10,4.35,10.70,10.70,704,4524.13252,158400,-43725,06-JAN-2025
OPTSTK,DLF,27-Feb-2025,2025-02-27,890.00,PE,0.00,0.00,0.00,78.80,89.95,0,0.00,0,0,06-JAN-2025
OPTSTK,DLF,30-Jan-2025,2025-01-30,680.00,PE,0.00,0.00,0.00,12.20,0.45,0,0.00,0,0,06-JAN-2025
OPTSTK,DLF,27-Mar-2025,2025-03-27,880.00,CE,0.00,0.00,0.00,55.35,26.35,0,0.00,0,0,06-JAN-2025
OPTSTK,DLF,27-Mar-2025,2025-03-27,880.00,PE,0.00,0.00,0.00,80.75,87.55,0,0.00,0,0,06-JAN-2025
OPTSTK,DLF,27-Feb-2025,2025-02-27,750.00,PE,0.00,0.00,0.00,16.95,14.70,0,0.00,0,0,06-JAN-2025
OPTSTK,DLF,27-Feb-2025,2025-02-27,750.00,CE,0.00,0.00,0.00,115.05,77.75,0,0.00,0,0,06-JAN-2025
OPTSTK,DLF,30-Jan-2025,2025-01-30,800.00,CE,40.25,40.40,27.00,29.45,29.45,774,5303.17136,457050,85800,06-JAN-2025
OPTSTK,DLF,27-Feb-2025,2025-02-27,770.00,PE,0.00,0.00,0.00,22.45,20.90,0,0.00,0,0,06-JAN-2025
OPTSTK,DLF,27-Feb-2025,2025-02-27,980.00,PE,0.00,0.00,0.00,168.90,168.00,0,0.00,0,0,06-JAN-2025
OPTSTK,DLF,27-Feb-2025,2025-02-27,810.00,PE,29.55,29.55,29.55,29.55,37.95,1,6.9262875,825,825,06-JAN-2025
OPTSTK,DLF,27-Feb-2025,2025-02-27,680.00,CE,0.00,0.00,0.00,159.05,135.35,0,0.00,0,0,06-JAN-2025
OPTSTK,DLF,27-Mar-2025,2025-03-27,720.00,PE,0.00,0.00,0.00,16.45,13.25,0,0.00,0,0,06-JAN-2025
OPTSTK,DLF,27-Mar-2025,2025-03-27,720.00,CE,0.00,0.00,0.00,148.15,109.70,0,0.00,0,0,06-JAN-2025
OPTSTK,DLF,27-Feb-2025,2025-02-27,870.00,CE,0.00,0.00,0.00,46.25,19.15,0,0.00,0,0,06-JAN-2025
OPTSTK,DLF,30-Jan-2025,2025-01-30,830.00,CE,25.10,27.15,14.05,15.55,15.55,2793,19555.6015,682275,117975,06-JAN-2025
OPTSTK,RELIANCE,30-Jan-2025,2025-01-30,1060.00,PE,0.70,1.15,0.50,1.05,1.05,182,965.3405,287000,-8500,06-JAN-2025
OPTSTK,RELIANCE,30-Jan-2025,2025-01-30,1080.00,PE,0.70,1.40,0.65,1.35,1.35,534,2886.241,783500,23000,06-JAN-2025
OPTSTK,RELIANCE,27-Feb-2025,2025-02-27,1520.00,CE,2.40,2.40,1.15,1.45,1.45,659,5014.336,155500,35500,06-JAN-2025
OPTSTK,RELIANCE,27-Mar-2025,2025-03-27,1240.00,CE,0.00,0.00,0.00,62.75,49.05,0,0.00,0,0,06-JAN-2025
OPTSTK,RELIANCE,30-Jan-2025,2025-01-30,1270.00,CE,19.05,23.80,9.10,9.55,9.55,9961,64046.9695,1948000,33500,06-JAN-2025
OPTSTK,RELIANCE,27-Mar-2025,2025-03-27,1260.00,PE,0.00,0.00,0.00,74.65,63.95,0,0.00,0,0,06-JAN-2025
OPTSTK,RELIANCE,30-Jan-2025,2025-01-30,1320.00,PE,67.85,97.05,60.45,96.55,96.55,114,793.20525,580500,-7000,06-JAN-2025
OPTSTK,RELIANCE,30-Jan-2025,2025-01-30,1310.00,CE,7.10,9.75,3.85,4.00,4.00,5322,35027.9857,954500,-79000,06-JAN-2025
OPTSTK,RELIANCE,30-Jan-2025,2025-01-30,1060.00,CE,0.00,0.00,0.00,292.85,162.80,0,0.00,0,0,06-JAN-2025
OPTSTK,RELIANCE,27-Feb-2025,2025-02-27,1330.00,CE,0.00,0.00,0.00,16.20,10.20,0,0.00,2000,0,06-JAN-2025
OPTSTK,RELIANCE,30-Jan-2025,2025-01-30,1330.00,CE,4.30,5.95,2.40,2.50,2.50,3814,25433.142,1139500,-12000,06-JAN-2025
OPTSTK,RELIANCE,30-Jan-2025,2025-01-30,1330.00,PE,76.55,108.00,74.75,106.05,106.05,25,177.0965,86500,-3000,06-JAN-2025
OPTSTK,RELIANCE,27-Mar-2025,2025-03-27,1360.00,CE,0.00,0.00,0.00,23.20,13.10,0,0.00,0,0,06-JAN-2025
OPTSTK,RELIANCE,27-Mar-2025,2025-03-27,1280.00,CE,0.00,0.00,0.00,46.15,33.00,0,0.00,0,0,06-JAN-2025
OPTSTK,RELIANCE,27-Feb-2025,2025-02-27,1130.00,CE,0.00,0.00,0.00,116.05,107.00,0,0.00,0,0,06-JAN-2025
OPTSTK,RELIANCE,27-Feb-2025,2025-02-27,1130.00,PE,8.50,8.50,8.50,8.50,8.50,1,5.6925,1500,500,06-JAN-2025
OPTSTK,RELIANCE,27-Feb-2025,2025-02-27,1150.00,CE,0.00,0.00,0.00,101.35,91.05,0,0.00,0,0,06-JAN-2025
OPTSTK,RELIANCE,30-Jan-2025,2025-01-30,1150.00,CE,108.70,118.00,78.50,80.30,80.30,298,1853.36925,231500,-11500,06-JAN-2025
OPTSTK,RELIANCE,27-Mar-2025,2025-03-27,1160.00,PE,0.00,0.00,0.00,30.10,20.55,0,0.00,0,0,06-JAN-2025
OPTSTK,RELIANCE,27-Mar-2025,2025-03-27,1180.00,CE,0.00,0.00,0.00,94.95,82.15,0,0.00,0,0,06-JAN-2025
OPTSTK,RELIANCE,30-Jan-2025,2025-01-30,1180.00,PE,4.80,11.65,3.55,10.75,10.75,7921,47046.2872,1208000,129500,06-JAN-2025
OPTSTK,RELIANCE,30-Jan-2025,2025-01-30,1350.00,CE,3.00,3.70,1.65,1.75,1.75,6345,42905.244,3195000,190500,06-JAN-2025
OPTSTK,RELIANCE,27-Feb-2025,2025-02-27,1440.00,CE,5.00,5.00,2.60,2.60,1.35,11,79.37,25000,-1000,06-JAN-2025
OPTSTK,RELIANCE,27-Feb-2025,2025-02-27,1260.00,CE,41.05,46.05,27.40,28.35,28.35,194,1257.109,143000,19500,06-JAN-2025
OPTSTK,RELIANCE,27-Mar-2025,2025-03-27,1280.00,PE,0.00,0.00,0.00,86.45,76.20,0,0.00,0,0,06-JAN-2025
OPTSTK,RELIANCE,30-Jan-2025,2025-01-30,1130.00,CE,115.00,115.05,115.00,115.05,95.55,2,12.45025,1000,1000,06-JAN-2025
OPTSTK,RELIANCE,27-Feb-2025,2025-02-27,1110.00,PE,0.00,0.00,0.00,11.25,5.30,0,0.00,0,0,06-JAN-2025
OPTSTK,RELIANCE,27-Feb-2025,2025-02-27,1420.00,CE,5.50,5.50,3.65,3.65,3.65,5,35.61175,22500,1500,06-JAN-2025
OPTSTK,RELIANCE,30-Jan-2025,2025-01-30,1230.00,CE,41.65,48.40,22.15,23.30,23.30,9957,62722.8465,2397000,640500,06-JAN-2025
OPTSTK,RELIANCE,27-Feb-2025,2025-02-27,1230.00,PE,25.40,38.25,25.40,38.15,38.15,9,56.80525,33500,0,06-JAN-2025
OPTSTK,RELIANCE,30-Jan-2025,2025-01-30,1380.00,PE,117.00,155.25,117.00,155.25,155.25,5,37.79125,49500,-500,06-JAN-2025
OPTSTK,PIIND,27-Feb-2025,2025-02-27,3100.00,PE,0.00,0.00,0.00,6.05,5.15,0,0.00,0,0,06-JAN-2025
OPTSTK,PIIND,27-Feb-2025,2025-02-27,3200.00,PE,0.00,0.00,0.00,10.40,11.65,0,0.00,0,0,06-JAN-2025
OPTSTK,PIIND,27-Feb-2025,2025-02-27,3250.00,CE,0.00,0.00,0.00,557.35,398.15,0,0.00,0,0,06-JAN-2025
OPTSTK,PIIND,27-Feb-2025,2025-02-27,3300.00,PE,0.00,0.00,0.00,17.00,23.65,0,0.00,0,0,06-JAN-2025
OPTSTK,PIIND,30-Jan-2025,2025-01-30,3300.00,PE,10.25,19.35,8.90,19.30,6.75,79,327.244625,14750,5750,06-JAN-2025
OPTSTK,PIIND,30-Jan-2025,2025-01-30,3800.00,CE,55.30,63.00,37.65,41.50,41.50,1206,5800.15387,98750,5875,06-JAN-2025
OPTSTK,PIIND,30-Jan-2025,2025-01-30,3450.00,CE,215.45,221.85,197.85,197.85,194.00,6,27.48425,1250,625,06-JAN-2025
OPTSTK,PIIND,27-Feb-2025,2025-02-27,3450.00,PE,0.00,0.00,0.00,54.35,57.05,0,0.00,0,0,06-JAN-2025
OPTSTK,PIIND,27-Feb-2025,2025-02-27,3700.00,CE,0.00,0.00,0.00,490.20,103.25,0,0.00,0,0,06-JAN-2025
OPTSTK,PIIND,27-Feb-2025,2025-02-27,3700.00,PE,0.00,0.00,0.00,80.90,167.65,0,0.00,0,0,06-JAN-2025
OPTSTK,PIIND,30-Jan-2025,2025-01-30,3250.00,CE,0.00,0.00,0.00,839.00,368.35,0,0.00,0,0,06-JAN-2025
OPTSTK,PIIND,27-Feb-2025,2025-02-27,3300.00,CE,0.00,0.00,0.00,819.10,355.45,0,0.00,0,0,06-JAN-2025
OPTSTK,PIIND,27-Mar-2025,2025-03-27,4400.00,CE,0.00,0.00,0.00,51.60,9.70,0,0.00,0,0,06-JAN-2025
OPTSTK,PIIND,27-Feb-2025,2025-02-27,3500.00,PE,60.75,94.35,60.75,87.75,73.35,3,13.4285625,1000,250,06-JAN-2025
OPTSTK,PIIND,27-Feb-2025,2025-02-27,3650.00,PE,0.00,0.00,0.00,116.55,139.65,0,0.00,0,0,06-JAN-2025
OPTSTK,PIIND,27-Feb-2025,2025-02-27,3550.00,PE,0.00,0.00,0.00,81.35,92.50,0,0.00,0,0,06-JAN-2025
OPTSTK,PIIND,27-Feb-2025,2025-02-27,3550.00,CE,0.00,0.00,0.00,321.90,176.65,0,0.00,0,0,06-JAN-2025
OPTSTK,PIIND,27-Feb-2025,2025-02-27,3250.00,PE,0.00,0.00,0.00,20.60,16.85,0,0.00,0,0,06-JAN-2025
OPTSTK,PIIND,30-Jan-2025,2025-01-30,3300.00,CE,345.50,345.50,318.15,322.70,321.60,6,27.2158125,375,375,06-JAN-2025
OPTSTK,PIIND,30-Jan-2025,2025-01-30,3900.00,CE,30.95,36.05,21.25,23.60,23.60,595,2921.15812,30500,-1250,06-JAN-2025
OPTSTK,PIIND,30-Jan-2025,2025-01-30,3750.00,PE,135.15,201.55,131.45,201.55,172.85,44,214.99525,39750,-1000,06-JAN-2025
OPTSTK,PIIND,27-Feb-2025,2025-02-27,3750.00,CE,0.00,0.00,0.00,203.30,84.55,0,0.00,0,0,06-JAN-2025
OPTSTK,PIIND,30-Jan-2025,2025-01-30,3350.00,PE,14.20,25.35,12.30,25.35,11.50,52,218.817937,11875,2375,06-JAN-2025
OPTSTK,PIIND,27-Feb-2025,2025-02-27,3350.00,PE,0.00,0.00,0.00,34.45,32.45,0,0.00,0,0,06-JAN-2025
OPTSTK,PIIND,30-Jan-2025,2025-01-30,3350.00,CE,327.95,327.95,327.95,327.95,276.50,1,4.5974375,125,125,06-JAN-2025
OPTSTK,PIIND,27-Mar-2025,2025-03-27,3200.00,PE,0.00,0.00,0.00,28.25,23.10,0,0.00,0,0,06-JAN-2025
OPTSTK,PIIND,27-Mar-2025,2025-03-27,3200.00,CE,0.00,0.00,0.00,632.05,470.30,0,0.00,0,0,06-JAN-2025
OPTSTK,PIIND,30-Jan-2025,2025-01-30,3550.00,PE,47.50,85.80,43.40,79.90,79.90,86,388.821375,13750,-1250,06-JAN-2025
OPTSTK,PIIND,27-Feb-2025,2025-02-27,3650.00,CE,0.00,0.00,0.00,258.30,124.80,0,0.00,0,0,06-JAN-2025
OPTSTK,PIIND,30-Jan-2025,2025-01-30,3650.00,CE,120.00,133.80,84.05,91.00,91.00,264,1238.61587,12250,4625,06-JAN-2025
OPTSTK,PIIND,27-Mar-2025,2025-03-27,4000.00,CE,0.00,0.00,0.00,144.70,52.00,0,0.00,0,0,06-JAN-2025
OPTSTK,PIIND,27-Mar-2025,2025-03-27,3000.00,CE,0.00,0.00,0.00,810.50,650.55,0,0.00,0,0,06-JAN-2025
OPTSTK,BEL,27-Feb-2025,2025-02-27,305.00,CE,8.25,8.40,8.20,8.40,7.70,3,26.785725,14250,2850,06-JAN-2025
OPTSTK,BEL,27-Mar-2025,2025-03-27,290.00,PE,0.00,0.00,0.00,19.90,20.75,0,0.00,0,0,06-JAN-2025
OPTSTK,BEL,30-Jan-2025,2025-01-30,300.00,CE,5.85,6.10,3.30,3.50,3.50,3487,30245.3713,7555350,684000,06-JAN-2025
OPTSTK,BEL,27-Feb-2025,2025-02-27,300.00,PE,19.75,22.00,19.75,21.05,24.15,7,64.068,65550,14250,06-JAN-2025
FUTSTK,BEL,27-Mar-2025,2025-03-27,,,294.25,295.60,283.90,285.65,285.65,148,1217.40885,481650,45600,06-JAN-2025
OPTSTK,BEL,30-Jan-2025,2025-01-30,265.00,CE,26.60,26.60,20.50,20.75,20.75,8,65.728125,28500,2850,06-JAN-2025
OPTSTK,BEL,30-Jan-2025,2025-01-30,345.00,PE,0.00,0.00,0.00,44.00,61.50,0,0.00,11400,0,06-JAN-2025
FUTSTK,BEL,30-Jan-2025,2025-01-30,,,293.55,293.55,281.30,282.75,282.75,8448,68937.9531,107348100,-1792650,06-JAN-2025
OPTSTK,BEL,27-Feb-2025,2025-02-27,320.00,CE,4.80,4.80,3.80,4.00,4.00,87,803.7627,339150,11400,06-JAN-2025
OPTSTK,BEL,30-Jan-2025,2025-01-30,320.00,PE,31.00,38.60,31.00,38.25,38.25,32,324.277275,1359450,-17100,06-JAN-2025
OPTSTK,BEL,27-Mar-2025,2025-03-27,320.00,PE,0.00,0.00,0.00,36.65,40.70,0,0.00,0,0,06-JAN-2025
OPTSTK,BEL,27-Feb-2025,2025-02-27,250.00,CE,0.00,0.00,0.00,65.40,37.70,0,0.00,0,0,06-JAN-2025
OPTSTK,BEL,30-Jan-2025,2025-01-30,250.00,CE,40.00,40.00,33.90,33.90,33.90,14,114.29355,48450,31350,06-JAN-2025
OPTSTK,BEL,27-Feb-2025,2025-02-27,280.00,CE,17.75,17.75,17.75,17.75,17.75,6,50.91525,17100,17100,06-JAN-2025
OPTSTK,BEL,27-Feb-2025,2025-02-27,280.00,PE,9.00,13.30,9.00,12.65,12.70,87,724.6524,273600,128250,06-JAN-2025
OPTSTK,BEL,27-Mar-2025,2025-03-27,280.00,PE,0.00,0.00,0.00,15.55,15.60,0,0.00,0,0,06-JAN-2025
OPTSTK,BEL,30-Jan-2025,2025-01-30,280.00,PE,4.25,8.90,3.70,8.00,8.00,3622,29543.6842,3534000,541500,06-JAN-2025
OPTSTK,BEL,27-Feb-2025,2025-02-27,275.00,CE,0.00,0.00,0.00,34.15,20.30,0,0.00,0,0,06-JAN-2025
OPTSTK,BEL,27-Mar-2025,2025-03-27,260.00,CE,0.00,0.00,0.00,48.65,33.80,0,0.00,0,0,06-JAN-2025
OPTSTK,BEL,27-Mar-2025,2025-03-27,260.00,PE,0.00,0.00,0.00,8.75,7.85,0,0.00,0,0,06-JAN-2025
OPTSTK,BEL,30-Jan-2025,2025-01-30,295.00,PE,9.65,17.85,9.60,16.85,16.85,449,3943.27282,1915200,-57000,06-JAN-2025
OPTSTK,BEL,30-Jan-2025,2025-01-30,295.00,CE,8.55,8.55,4.50,4.80,4.80,2286,19617.8880,3325950,62700,06-JAN-2025
OPTSTK,BEL,27-Feb-2025,2025-02-27,295.00,CE,12.55,12.95,10.35,10.55,10.55,31,270.42225,96900,62700,06-JAN-2025
OPTSTK,BEL,27-Feb-2025,2025-02-27,285.00,CE,15.25,15.25,14.70,15.00,15.00,17,145.34145,45600,45600,06-JAN-2025
OPTSTK,BEL,30-Jan-2025,2025-01-30,335.00,CE,0.50,0.50,0.35,0.40,0.40,314,3001.71832,869250,-14250,06-JAN-2025
OPTSTK,BEL,27-Feb-2025,2025-02-27,305.00,PE,0.00,0.00,0.00,24.35,27.60,0,0.00,0,0,06-JAN-2025
OPTSTK,BEL,27-Feb-2025,2025-02-27,270.00,CE,22.50,23.10,22.50,22.85,22.85,11,91.77855,25650,25650,06-JAN-2025
OPTSTK,BEL,27-Feb-2025,2025-02-27,350.00,CE,0.00,0.00,0.00,13.55,1.15,0,0.00,0,0,06-JAN-2025
OPTSTK,BEL,27-Feb-2025,2025-02-27,285.00,PE,9.35,14.25,9.20,14.25,15.20,3,25.3023,39900,5700,06-JAN-2025
OPTSTK,BEL,30-Jan-2025,2025-01-30,340.00,PE,0.00,0.00,0.00,43.35,56.60,0,0.00,228000,0,06-JAN-2025
OPTSTK,BEL,30-Jan-2025,2025-01-30,240.00,PE,0.30,0.60,0.30,0.55,0.55,262,1795.55985,1122900,151050,06-JAN-2025
OPTSTK,BEL,27-Feb-2025,2025-02-27,230.00,CE,0.00,0.00,0.00,82.20,55.15,0,0.00,0,0,06-JAN-2025
OPTSTK,LALPATHLAB,27-Feb-2025,2025-02-27,3100.00,PE,0.00,0.00,0.00,235.90,165.05,0,0.00,0,0,06-JAN-2025
OPTSTK,LALPATHLAB,30-Jan-2025,2025-01-30,3300.00,PE,315.00,315.00,315.00,315.00,315.00,3,16.2675,2700,0,06-JAN-2025
OPTSTK,LALPATHLAB,27-Feb-2025,2025-02-27,2800.00,CE,0.00,0.00,0.00,329.80,267.00,0,0.00,0,0,06-JAN-2025
OPTSTK,LALPATHLAB,30-Jan-2025,2025-01-30,3500.00,PE,0.00,0.00,0.00,423.00,485.50,0,0.00,0,0,06-JAN-2025
OPTSTK,LALPATHLAB,30-Jan-2025,2025-01-30,2700.00,CE,331.00,331.00,331.00,331.00,331.00,2,9.093,300,300,06-JAN-2025
OPTSTK,LALPATHLAB,30-Jan-2025,2025-01-30,3150.00,PE,164.45,164.45,156.60,156.60,171.30,9,44.702475,1950,750,06-JAN-2025
OPTSTK,LALPATHLAB,30-Jan-2025,2025-01-30,3150.00,CE,25.00,91.75,22.60,61.20,61.20,1139,5483.37607,21000,9600,06-JAN-2025
OPTSTK,LALPATHLAB,30-Jan-2025,2025-01-30,2800.00,CE,0.00,0.00,0.00,157.20,229.10,0,0.00,750,0,06-JAN-2025
OPTSTK,LALPATHLAB,27-Feb-2025,2025-02-27,2800.00,PE,0.00,0.00,0.00,98.70,39.70,0,0.00,0,0,06-JAN-2025
OPTSTK,LALPATHLAB,30-Jan-2025,2025-01-30,3100.00,PE,151.30,172.55,122.85,165.85,165.85,160,778.641975,13200,3000,06-JAN-2025
OPTSTK,LALPATHLAB,30-Jan-2025,2025-01-30,3250.00,PE,250.00,250.00,250.00,250.00,251.70,1,5.25,0,-150,06-JAN-2025
OPTSTK,LALPATHLAB,30-Jan-2025,2025-01-30,2650.00,CE,0.00,0.00,0.00,401.30,365.10,0,0.00,0,0,06-JAN-2025
OPTSTK,LALPATHLAB,27-Feb-2025,2025-02-27,3300.00,CE,77.70,80.00,60.00,60.00,38.50,10,50.6346,900,900,06-JAN-2025
OPTSTK,LALPATHLAB,30-Jan-2025,2025-01-30,3300.00,CE,12.00,46.40,6.30,28.45,28.45,2764,13786.2246,64650,23700,06-JAN-2025
OPTSTK,LALPATHLAB,30-Jan-2025,2025-01-30,3050.00,PE,109.00,142.20,94.00,131.55,131.55,740,3516.25665,32550,18150,06-JAN-2025
OPTSTK,LALPATHLAB,30-Jan-2025,2025-01-30,3350.00,PE,0.00,0.00,0.00,386.10,341.55,0,0.00,0,0,06-JAN-2025
FUTSTK,LALPATHLAB,27-Feb-2025,2025-02-27,,,3021.65,3104.00,2984.45,3023.75,3023.75,336,1532.54557,26700,9900,06-JAN-2025
OPTSTK,LALPATHLAB,27-Feb-2025,2025-02-27,2950.00,CE,0.00,0.00,0.00,184.10,167.30,0,0.00,0,0,06-JAN-2025
OPTSTK,LALPATHLAB,30-Jan-2025,2025-01-30,2500.00,PE,6.70,8.30,6.55,7.70,7.70,63,236.95425,7350,7350,06-JAN-2025
OPTSTK,LALPATHLAB,30-Jan-2025,2025-01-30,2600.00,PE,12.00,14.15,6.15,12.05,12.05,276,1080.2208,23100,23100,06-JAN-2025
OPTSTK,LALPATHLAB,27-Feb-2025,2025-02-27,3350.00,PE,0.00,0.00,0.00,404.45,347.30,0,0.00,0,0,06-JAN-2025
OPTSTK,LALPATHLAB,30-Jan-2025,2025-01-30,3350.00,CE,6.50,36.85,5.50,22.45,22.45,803,4061.23822,33300,16350,06-JAN-2025
OPTSTK,LALPATHLAB,27-Feb-2025,2025-02-27,3350.00,CE,64.50,64.55,64.50,64.50,29.90,19,97.313325,2850,2850,06-JAN-2025
OPTSTK,LALPATHLAB,30-Jan-2025,2025-01-30,3600.00,CE,7.00,13.15,6.80,7.95,7.95,1125,6090.10327,25500,25500,06-JAN-2025
OPTSTK,LALPATHLAB,27-Feb-2025,2025-02-27,3400.00,CE,48.00,51.00,43.05,43.05,22.95,27,139.659075,3600,3450,06-JAN-2025
OPTSTK,LALPATHLAB,27-Feb-2025,2025-02-27,2600.00,CE,0.00,0.00,0.00,472.80,434.85,0,0.00,0,0,06-JAN-2025
OPTSTK,LALPATHLAB,30-Jan-2025,2025-01-30,2900.00,CE,124.00,229.70,121.45,174.95,174.95,619,2843.33445,16950,8250,06-JAN-2025
OPTSTK,LALPATHLAB,30-Jan-2025,2025-01-30,2700.00,PE,6.20,23.75,5.70,19.35,19.35,647,2634.94252,22350,1200,06-JAN-2025
OPTSTK,LALPATHLAB,27-Feb-2025,2025-02-27,2700.00,CE,0.00,0.00,0.00,397.85,346.90,0,0.00,0,0,06-JAN-2025
OPTSTK,LALPATHLAB,27-Feb-2025,2025-02-27,2400.00,PE,0.00,0.00,0.00,16.75,1.30,0,0.00,0,0,06-JAN-2025
OPTSTK,LALPATHLAB,27-Feb-2025,2025-02-27,3500.00,PE,0.00,0.00,0.00,516.30,479.10,0,0.00,0,0,06-JAN-2025
OPTSTK,IRCTC,30-Jan-2025,2025-01-30,690.00,PE,1.05,2.90,0.75,2.25,2.25,354,2144.42243,63875,41125,06-JAN-2025
OPTSTK,NTPC,30-Jan-2025,2025-01-30,370.00,PE,0.00,0.00,0.00,29.10,41.50,0,0.00,297000,0,06-JAN-2025
OPTSTK,NTPC,27-Feb-2025,2025-02-27,370.00,PE,0.00,0.00,0.00,26.50,42.00,0,0.00,0,0,06-JAN-2025
OPTSTK,IRCTC,30-Jan-2025,2025-01-30,750.00,PE,4.85,15.00,4.75,12.55,12.55,1767,11748.9767,508375,62125,06-JAN-2025
OPTSTK,IRCTC,30-Jan-2025,2025-01-30,800.00,PE,19.40,42.00,19.40,37.65,37.65,1382,10055.2755,854875,21000,06-JAN-2025
OPTSTK,IRCTC,30-Jan-2025,2025-01-30,680.00,CE,0.00,0.00,0.00,164.00,94.55,0,0.00,0,0,06-JAN-2025
OPTSTK,IRCTC,27-Mar-2025,2025-03-27,680.00,CE,0.00,0.00,0.00,129.20,109.50,0,0.00,0,0,06-JAN-2025
OPTSTK,IRCTC,27-Mar-2025,2025-03-27,880.00,CE,0.00,0.00,0.00,28.30,13.60,0,0.00,0,0,06-JAN-2025
OPTSTK,NTPC,30-Jan-2025,2025-01-30,310.00,CE,31.55,31.55,20.90,21.45,21.45,29,144.795,178500,0,06-JAN-2025
OPTSTK,NTPC,27-Feb-2025,2025-02-27,310.00,PE,4.95,5.95,4.95,5.95,6.00,20,94.5465,147000,12000,06-JAN-2025
OPTSTK,IRCTC,27-Mar-2025,2025-03-27,720.00,PE,0.00,0.00,0.00,25.15,18.80,0,0.00,0,0,06-JAN-2025
OPTSTK,NTPC,30-Jan-2025,2025-01-30,320.00,CE,22.55,22.55,13.25,13.65,13.65,302,1519.29525,157500,9000,06-JAN-2025
OPTSTK,NTPC,30-Jan-2025,2025-01-30,295.00,CE,0.00,0.00,0.00,38.45,34.55,0,0.00,4500,0,06-JAN-2025
OPTSTK,IRCTC,27-Feb-2025,2025-02-27,710.00,PE,0.00,0.00,0.00,15.95,10.55,0,0.00,0,0,06-JAN-2025
OPTSTK,NTPC,30-Jan-2025,2025-01-30,420.00,PE,0.00,0.00,0.00,80.30,90.65,0,0.00,234000,0,06-JAN-2025
OPTSTK,IRCTC,30-Jan-2025,2025-01-30,770.00,PE,8.40,23.50,8.35,20.35,20.35,1434,9869.74318,320250,61250,06-JAN-2025
OPTSTK,IRCTC,30-Jan-2025,2025-01-30,770.00,CE,35.00,38.00,21.05,23.35,23.35,411,2853.68168,140000,47250,06-JAN-2025
OPTSTK,IRCTC,27-Feb-2025,2025-02-27,770.00,CE,0.00,0.00,0.00,59.15,39.50,0,0.00,0,0,06-JAN-2025
OPTSTK,NTPC,27-Feb-2025,2025-02-27,350.00,CE,8.95,8.95,5.90,6.10,6.10,35,187.5825,120000,7500,06-JAN-2025
OPTSTK,NTPC,27-Feb-2025,2025-02-27,330.00,CE,16.50,16.50,12.70,13.00,13.00,60,309.963,33000,18000,06-JAN-2025
OPTSTK,NTPC,27-Mar-2025,2025-03-27,330.00,PE,0.00,0.00,0.00,18.05,16.60,0,0.00,0,0,06-JAN-2025
OPTSTK,NTPC,30-Jan-2025,2025-01-30,355.00,PE,16.85,27.90,16.85,27.90,27.90,41,231.41625,91500,-12000,06-JAN-2025
OPTSTK,IRCTC,27-Mar-2025,2025-03-27,880.00,PE,0.00,0.00,0.00,110.00,110.35,0,0.00,0,0,06-JAN-2025
OPTSTK,IRCTC,30-Jan-2025,2025-01-30,880.00,CE,2.10,2.15,1.10,1.25,1.25,403,3108.3955,241500,-16625,06-JAN-2025
OPTSTK,IRCTC,27-Feb-2025,2025-02-27,870.00,PE,0.00,0.00,0.00,97.70,99.75,0,0.00,0,0,06-JAN-2025
OPTSTK,IRCTC,27-Feb-2025,2025-02-27,870.00,CE,0.00,0.00,0.00,21.00,8.45,0,0.00,0,0,06-JAN-2025
OPTSTK,NTPC,27-Feb-2025,2025-02-27,325.00,PE,0.00,0.00,0.00,12.95,11.60,0,0.00,0,0,06-JAN-2025
OPTSTK,NTPC,30-Jan-2025,2025-01-30,325.00,PE,2.60,7.30,2.60,7.00,7.00,2145,10618.5022,874500,19500,06-JAN-2025
OPTSTK,NTPC,30-Jan-2025,2025-01-30,325.00,CE,16.80,17.35,10.15,10.50,10.50,656,3315.4665,414000,151500,06-JAN-2025
OPTSTK,IRCTC,30-Jan-2025,2025-01-30,860.00,PE,0.00,0.00,0.00,63.25,88.55,0,0.00,34125,0,06-JAN-2025
OPTSTK,IRCTC,27-Feb-2025,2025-02-27,860.00,PE,0.00,0.00,0.00,78.90,91.50,0,0.00,0,0,06-JAN-2025
OPTSTK,NTPC,27-Feb-2025,2025-02-27,345.00,PE,0.00,0.00,0.00,13.95,22.85,0,0.00,1500,0,06-JAN-2025
OPTSTK,LAURUSLABS,30-Jan-2025,2025-01-30,530.00,PE,1.70,3.10,1.70,2.60,2.60,47,425.39865,724200,-1700,06-JAN-2025
OPTSTK,LAURUSLABS,27-Feb-2025,2025-02-27,500.00,PE,0.00,0.00,0.00,2.30,1.35,0,0.00,34000,0,06-JAN-2025
OPTSTK,LAURUSLABS,27-Mar-2025,2025-03-27,640.00,CE,0.00,0.00,0.00,21.15,22.05,0,0.00,0,0,06-JAN-2025
OPTSTK,LAURUSLABS,30-Jan-2025,2025-01-30,660.00,PE,59.45,59.95,59.45,59.75,60.55,3,36.70555,35700,0,06-JAN-2025
OPTSTK,LAURUSLABS,27-Feb-2025,2025-02-27,660.00,PE,0.00,0.00,0.00,108.80,63.85,0,0.00,0,0,06-JAN-2025
OPTSTK,LAURUSLABS,27-Feb-2025,2025-02-27,540.00,PE,0.00,0.00,0.00,30.95,5.70,0,0.00,0,0,06-JAN-2025
OPTSTK,LAURUSLABS,30-Jan-2025,2025-01-30,610.00,PE,19.80,28.00,17.95,25.25,25.25,444,4785.97175,375700,1700,06-JAN-2025
OPTSTK,LAURUSLABS,30-Jan-2025,2025-01-30,620.00,PE,23.50,34.35,23.50,31.10,31.10,219,2422.4065,202300,-18700,06-JAN-2025
OPTSTK,LAURUSLABS,30-Jan-2025,2025-01-30,490.00,PE,0.70,0.70,0.70,0.70,0.05,2,16.6838,154700,0,06-JAN-2025
OPTSTK,LAURUSLABS,27-Feb-2025,2025-02-27,530.00,PE,0.00,0.00,0.00,15.10,4.15,0,0.00,0,0,06-JAN-2025
OPTSTK,LAURUSLABS,30-Jan-2025,2025-01-30,590.00,PE,10.60,17.55,10.45,15.70,15.70,458,4711.0604,617100,20400,06-JAN-2025
OPTSTK,LAURUSLABS,30-Jan-2025,2025-01-30,700.00,CE,2.20,2.20,1.35,1.60,1.60,402,4794.9435,311100,151300,06-JAN-2025
OPTSTK,LAURUSLABS,27-Feb-2025,2025-02-27,610.00,PE,0.00,0.00,0.00,26.50,30.35,0,0.00,1700,0,06-JAN-2025
OPTSTK,LAURUSLABS,27-Mar-2025,2025-03-27,520.00,PE,0.00,0.00,0.00,16.85,5.65,0,0.00,0,0,06-JAN-2025
OPTSTK,LAURUSLABS,27-Feb-2025,2025-02-27,520.00,PE,0.00,0.00,0.00,3.60,2.90,0,0.00,28900,0,06-JAN-2025
OPTSTK,LAURUSLABS,30-Jan-2025,2025-01-30,520.00,CE,0.00,0.00,0.00,75.00,82.40,0,0.00,3400,0,06-JAN-2025
OPTSTK,LAURUSLABS,30-Jan-2025,2025-01-30,630.00,PE,31.25,40.50,31.25,38.60,38.60,43,487.75635,125800,-5100,06-JAN-2025
OPTSTK,LAURUSLABS,27-Feb-2025,2025-02-27,600.00,CE,38.95,40.00,30.70,32.70,32.70,65,702.23515,85000,68000,06-JAN-2025
OPTSTK,LAURUSLABS,27-Feb-2025,2025-02-27,600.00,PE,21.60,28.00,21.60,25.70,25.70,21,223.0145,34000,23800,06-JAN-2025
OPTSTK,LAURUSLABS,27-Mar-2025,2025-03-27,620.00,CE,0.00,0.00,0.00,27.00,29.50,0,0.00,0,0,06-JAN-2025
OPTSTK,LAURUSLABS,27-Mar-2025,2025-03-27,620.00,PE,0.00,0.00,0.00,65.20,40.85,0,0.00,0,0,06-JAN-2025
OPTSTK,LAURUSLABS,27-Feb-2025,2025-02-27,560.00,CE,0.00,0.00,0.00,42.40,55.05,0,0.00,0,0,06-JAN-2025
OPTSTK,LAURUSLABS,27-Mar-2025,2025-03-27,560.00,CE,0.00,0.00,0.00,52.50,62.35,0,0.00,0,0,06-JAN-2025
OPTSTK,LAURUSLABS,27-Feb-2025,2025-02-27,700.00,CE,5.80,5.80,5.00,5.00,3.85,7,83.9494,10200,10200,06-JAN-2025
OPTSTK,LAURUSLABS,27-Mar-2025,2025-03-27,680.00,PE,0.00,0.00,0.00,109.70,82.10,0,0.00,0,0,06-JAN-2025
OPTSTK,LAURUSLABS,27-Mar-2025,2025-03-27,540.00,PE,0.00,0.00,0.00,23.55,9.35,0,0.00,0,0,06-JAN-2025
OPTSTK,LAURUSLABS,30-Jan-2025,2025-01-30,540.00,PE,2.30,4.10,2.30,3.65,3.65,161,1487.42435,438600,-6800,06-JAN-2025
OPTSTK,LAURUSLABS,27-Feb-2025,2025-02-27,560.00,PE,0.00,0.00,0.00,40.60,10.15,0,0.00,0,0,06-JAN-2025
OPTSTK,LAURUSLABS,30-Jan-2025,2025-01-30,640.00,CE,9.80,10.65,7.05,8.35,8.35,552,6085.77985,656200,3400,06-JAN-2025
OPTSTK,LAURUSLABS,30-Jan-2025,2025-01-30,640.00,PE,38.25,49.00,38.25,49.00,43.85,11,128.12135,88400,-10200,06-JAN-2025
FUTSTK,LAURUSLABS,27-Mar-2025,2025-03-27,,,622.00,622.00,608.00,608.00,608.50,20,207.99585,86700,11900,06-JAN-2025
OPTSTK,ABB,27-Feb-2025,2025-02-27,6800.00,CE,0.00,0.00,0.00,1025.05,302.25,0,0.00,0,0,06-JAN-2025
OPTSTK,ABB,27-Feb-2025,2025-02-27,7000.00,CE,0.00,0.00,0.00,903.60,226.80,0,0.00,0,0,06-JAN-2025
OPTSTK,ABB,27-Mar-2025,2025-03-27,7000.00,CE,0.00,0.00,0.00,622.85,322.60,0,0.00,0,0,06-JAN-2025
OPTSTK,ABB,27-Feb-2025,2025-02-27,6100.00,PE,0.00,0.00,0.00,137.05,124.50,0,0.00,0,0,06-JAN-2025
OPTSTK,ABB,27-Feb-2025,2025-02-27,6000.00,PE,0.00,0.00,0.00,104.50,99.80,0,0.00,0,0,06-JAN-2025
OPTSTK,ABB,30-Jan-2025,2025-01-30,5800.00,PE,7.00,17.15,7.00,15.80,15.80,293,2129.1015,27500,625,06-JAN-2025
FUTSTK,ABB,27-Feb-2025,2025-02-27,,,6875.00,6875.00,6649.15,6679.55,6679.55,229,1931.87312,46000,5375,06-JAN-2025
OPTSTK,ABB,30-Jan-2025,2025-01-30,7300.00,PE,576.95,605.40,552.60,605.40,697.55,5,49.306625,3000,0,06-JAN-2025
OPTSTK,ABB,30-Jan-2025,2025-01-30,7300.00,CE,55.05,55.05,28.00,30.55,30.55,497,4558.9465,47000,2250,06-JAN-2025
OPTSTK,ABB,27-Feb-2025,2025-02-27,6900.00,PE,0.00,0.00,0.00,422.95,476.20,0,0.00,0,0,06-JAN-2025
OPTSTK,ABB,27-Mar-2025,2025-03-27,6400.00,PE,0.00,0.00,0.00,291.30,289.05,0,0.00,0,0,06-JAN-2025
OPTSTK,ABB,27-Mar-2025,2025-03-27,6000.00,CE,0.00,0.00,0.00,1225.50,861.45,0,0.00,0,0,06-JAN-2025
OPTSTK,ABB,27-Feb-2025,2025-02-27,6000.00,CE,0.00,0.00,0.00,1607.55,777.50,0,0.00,0,0,06-JAN-2025
OPTSTK,ABB,30-Jan-2025,2025-01-30,6600.00,CE,319.55,319.55,204.00,217.75,217.75,195,1665.57068,8125,6250,06-JAN-2025
OPTSTK,ABB,27-Mar-2025,2025-03-27,6600.00,PE,0.00,0.00,0.00,367.10,378.45,0,0.00,0,0,06-JAN-2025
OPTSTK,ABB,27-Feb-2025,2025-02-27,8000.00,CE,0.00,0.00,0.00,445.15,40.40,0,0.00,0,0,06-JAN-2025
OPTSTK,ABB,27-Feb-2025,2025-02-27,8000.00,PE,0.00,0.00,0.00,906.00,1343.55,0,0.00,0,0,06-JAN-2025
OPTSTK,ABB,30-Jan-2025,2025-01-30,6500.00,CE,337.60,340.00,261.25,270.35,270.35,37,314.378312,2375,1250,06-JAN-2025
OPTSTK,ABB,27-Feb-2025,2025-02-27,6500.00,CE,0.00,0.00,0.00,781.30,447.50,0,0.00,0,0,06-JAN-2025
OPTSTK,ABB,30-Jan-2025,2025-01-30,8200.00,PE,0.00,0.00,0.00,1285.00,1545.85,0,0.00,250,0,06-JAN-2025
OPTSTK,ABB,27-Feb-2025,2025-02-27,7800.00,CE,0.00,0.00,0.00,517.90,59.15,0,0.00,0,0,06-JAN-2025
OPTSTK,ABB,27-Feb-2025,2025-02-27,8200.00,PE,0.00,0.00,0.00,1038.10,1528.40,0,0.00,0,0,06-JAN-2025
OPTSTK,ABB,27-Feb-2025,2025-02-27,7600.00,PE,0.00,0.00,0.00,667.80,992.15,0,0.00,0,0,06-JAN-2025
OPTSTK,ABB,27-Mar-2025,2025-03-27,7800.00,CE,0.00,0.00,0.00,326.60,119.30,0,0.00,0,0,06-JAN-2025
OPTSTK,ABB,27-Feb-2025,2025-02-27,7800.00,PE,0.00,0.00,0.00,782.40,1164.25,0,0.00,0,0,06-JAN-2025
OPTSTK,ABB,27-Mar-2025,2025-03-27,7800.00,PE,0.00,0.00,0.00,1040.45,1184.50,0,0.00,0,0,06-JAN-2025
OPTSTK,ABB,27-Mar-2025,2025-03-27,6400.00,CE,0.00,0.00,0.00,952.15,603.25,0,0.00,0,0,06-JAN-2025
OPTSTK,ABB,30-Jan-2025,2025-01-30,6400.00,PE,57.55,112.45,55.55,100.20,100.20,348,2822.68231,29375,8125,06-JAN-2025
OPTSTK,ABB,27-Mar-2025,2025-03-27,6000.00,PE,0.00,0.00,0.00,171.80,153.10,0,0.00,0,0,06-JAN-2025
OPTSTK,ABB,27-Feb-2025,2025-02-27,7100.00,CE,0.00,0.00,0.00,460.85,195.00,0,0.00,0,0,06-JAN-2025
OPTSTK,ABB,27-Feb-2025,2025-02-27,7100.00,PE,0.00,0.00,0.00,526.50,606.80,0,0.00,0,0,06-JAN-2025
OPTSTK,ABB,30-Jan-2025,2025-01-30,8000.00,CE,10.05,10.80,6.45,7.15,7.15,884,8849.14775,251125,27250,06-JAN-2025
OPTSTK,ABB,27-Feb-2025,2025-02-27,6900.00,CE,0.00,0.00,0.00,554.75,262.50,0,0.00,0,0,06-JAN-2025
OPTIDX,FINNIFTY,30-Jan-2025,2025-01-30,24400.00,PE,698.05,1118.65,687.05,1070.00,1070.00,127,803.096425,8225,-900,06-JAN-2025
OPTIDX,FINNIFTY,27-Feb-2025,2025-02-27,24300.00,CE,0.00,0.00,0.00,1067.50,292.60,0,0.00,0,0,06-JAN-2025
OPTIDX,FINNIFTY,30-Jan-2025,2025-01-30,24900.00,CE,75.10,83.15,44.00,46.60,46.60,6754,42133.9184,45550,6925,06-JAN-2025
OPTIDX,FINNIFTY,30-Jan-2025,2025-01-30,26300.00,PE,0.00,0.00,0.00,1906.20,2866.75,0,0.00,0,0,06-JAN-2025
OPTIDX,FINNIFTY,27-Feb-2025,2025-02-27,23800.00,CE,0.00,0.00,0.00,802.60,469.00,0,0.00,65,0,06-JAN-2025
OPTIDX,FINNIFTY,27-Feb-2025,2025-02-27,25500.00,CE,70.00,70.00,70.00,70.00,73.75,1,16.6205,65,65,06-JAN-2025
OPTIDX,FINNIFTY,27-Mar-2025,2025-03-27,25500.00,CE,0.00,0.00,0.00,343.20,169.95,0,0.00,0,0,06-JAN-2025
OPTIDX,FINNIFTY,30-Jan-2025,2025-01-30,23850.00,PE,390.95,718.40,308.15,673.10,673.10,2722,16560.4318,13125,-14125,06-JAN-2025
OPTIDX,FINNIFTY,27-Feb-2025,2025-02-27,24200.00,PE,0.00,0.00,0.00,432.60,973.60,0,0.00,0,0,06-JAN-2025
OPTIDX,FINNIFTY,27-Mar-2025,2025-03-27,25900.00,CE,0.00,0.00,0.00,259.75,116.10,0,0.00,0,0,06-JAN-2025
OPTIDX,FINNIFTY,30-Jan-2025,2025-01-30,25900.00,CE,10.05,12.55,8.55,10.50,10.50,1534,9936.626,8350,-5425,06-JAN-2025
OPTIDX,FINNIFTY,27-Feb-2025,2025-02-27,25900.00,CE,0.00,0.00,0.00,459.20,43.10,0,0.00,0,0,06-JAN-2025
OPTIDX,FINNIFTY,27-Feb-2025,2025-02-27,25900.00,PE,0.00,0.00,0.00,1845.30,2377.40,0,0.00,0,0,06-JAN-2025
OPTIDX,FINNIFTY,30-Jan-2025,2025-01-30,25900.00,PE,0.00,0.00,0.00,1626.90,2470.70,0,0.00,0,0,06-JAN-2025
OPTIDX,FINNIFTY,27-Mar-2025,2025-03-27,25900.00,PE,0.00,0.00,0.00,2213.10,2317.90,0,0.00,0,0,06-JAN-2025
OPTIDX,FINNIFTY,30-Jan-2025,2025-01-30,24350.00,CE,197.55,213.80,112.55,120.80,120.80,1577,9661.03962,15700,1075,06-JAN-2025
OPTIDX,FINNIFTY,30-Jan-2025,2025-01-30,24350.00,PE,650.00,913.95,650.00,882.65,1024.20,60,375.992,8125,-600,06-JAN-2025
OPTIDX,FINNIFTY,27-Mar-2025,2025-03-27,24400.00,CE,0.00,0.00,0.00,679.65,429.85,0,0.00,0,0,06-JAN-2025
OPTIDX,FINNIFTY,27-Feb-2025,2025-02-27,26600.00,PE,0.00,0.00,0.00,2373.50,3042.95,0,0.00,0,0,06-JAN-2025
OPTIDX,FINNIFTY,27-Feb-2025,2025-02-27,26700.00,CE,0.00,0.00,0.00,281.50,13.15,0,0.00,0,0,06-JAN-2025
OPTIDX,FINNIFTY,27-Feb-2025,2025-02-27,21000.00,CE,0.00,0.00,0.00,3490.70,2537.60,0,0.00,0,0,06-JAN-2025
OPTIDX,FINNIFTY,30-Jan-2025,2025-01-30,26700.00,CE,5.80,6.95,4.50,4.80,4.80,940,6275.70325,12125,6525,06-JAN-2025
OPTIDX,FINNIFTY,27-Feb-2025,2025-02-27,21000.00,PE,0.00,0.00,0.00,65.15,18.80,0,0.00,0,0,06-JAN-2025
OPTIDX,FINNIFTY,27-Mar-2025,2025-03-27,23000.00,CE,0.00,0.00,0.00,1690.85,1089.55,0,0.00,65,0,06-JAN-2025
OPTIDX,FINNIFTY,27-Mar-2025,2025-03-27,23000.00,PE,0.00,0.00,0.00,496.20,433.95,0,0.00,0,0,06-JAN-2025
OPTIDX,FINNIFTY,27-Feb-2025,2025-02-27,25500.00,PE,0.00,0.00,0.00,1570.30,2011.90,0,0.00,0,0,06-JAN-2025
OPTIDX,FINNIFTY,30-Jan-2025,2025-01-30,22600.00,CE,1005.00,1015.90,1005.00,1015.90,928.00,8,47.2209,200,200,06-JAN-2025
OPTIDX,FINNIFTY,30-Jan-2025,2025-01-30,23250.00,PE,182.05,386.10,171.45,349.50,349.50,6731,39644.8441,14100,6000,06-JAN-2025
OPTIDX,FINNIFTY,27-Mar-2025,2025-03-27,22600.00,CE,0.00,0.00,0.00,1659.80,1353.40,0,0.00,0,0,06-JAN-2025
OPTIDX,FINNIFTY,27-Feb-2025,2025-02-27,22600.00,PE,0.00,0.00,0.00,288.60,222.60,0,0.00,0,0,06-JAN-2025
OPTIDX,FINNIFTY,27-Mar-2025,2025-03-27,22600.00,PE,0.00,0.00,0.00,368.45,303.65,0,0.00,0,0,06-JAN-2025
OPTSTK,LICHSGFIN,30-Jan-2025,2025-01-30,670.00,CE,2.05,2.05,1.00,1.05,1.05,341,2289.2455,180000,-23000,06-JAN-2025
OPTSTK,LICHSGFIN,27-Feb-2025,2025-02-27,670.00,PE,0.00,0.00,0.00,87.85,77.30,0,0.00,0,0,06-JAN-2025
OPTSTK,LICHSGFIN,30-Jan-2025,2025-01-30,580.00,PE,6.30,12.05,4.95,10.65,10.65,795,4681.249,463000,0,06-JAN-2025
OPTSTK,LICHSGFIN,27-Feb-2025,2025-02-27,580.00,PE,0.00,0.00,0.00,23.10,20.10,0,0.00,0,0,06-JAN-2025
OPTSTK,LICHSGFIN,27-Feb-2025,2025-02-27,550.00,PE,0.00,0.00,0.00,18.95,10.10,0,0.00,0,0,06-JAN-2025
OPTSTK,LICHSGFIN,27-Feb-2025,2025-02-27,610.00,PE,0.00,0.00,0.00,46.65,34.90,0,0.00,0,0,06-JAN-2025
OPTSTK,LICHSGFIN,27-Mar-2025,2025-03-27,660.00,CE,0.00,0.00,0.00,24.65,16.55,0,0.00,0,0,06-JAN-2025
OPTSTK,LICHSGFIN,27-Feb-2025,2025-02-27,660.00,CE,0.00,0.00,0.00,45.75,9.85,0,0.00,0,0,06-JAN-2025
OPTSTK,LICHSGFIN,27-Feb-2025,2025-02-27,680.00,PE,0.00,0.00,0.00,71.10,85.65,0,0.00,0,0,06-JAN-2025
OPTSTK,LICHSGFIN,30-Jan-2025,2025-01-30,710.00,PE,0.00,0.00,0.00,106.35,112.95,0,0.00,16000,0,06-JAN-2025
OPTSTK,LICHSGFIN,30-Jan-2025,2025-01-30,550.00,CE,49.05,49.05,49.00,49.05,49.05,2,11.9805,23000,0,06-JAN-2025
OPTSTK,LICHSGFIN,27-Feb-2025,2025-02-27,550.00,CE,0.00,0.00,0.00,64.05,59.65,0,0.00,0,0,06-JAN-2025
OPTSTK,LICHSGFIN,27-Feb-2025,2025-02-27,640.00,PE,0.00,0.00,0.00,48.30,54.20,0,0.00,0,0,06-JAN-2025
OPTSTK,LICHSGFIN,27-Mar-2025,2025-03-27,660.00,PE,0.00,0.00,0.00,84.50,72.55,0,0.00,0,0,06-JAN-2025
OPTSTK,LICHSGFIN,30-Jan-2025,2025-01-30,520.00,PE,1.15,1.50,1.15,1.45,1.45,50,260.698,102000,12000,06-JAN-2025
OPTSTK,LICHSGFIN,27-Feb-2025,2025-02-27,570.00,CE,0.00,0.00,0.00,51.90,46.00,0,0.00,0,0,06-JAN-2025
OPTSTK,LICHSGFIN,27-Feb-2025,2025-02-27,580.00,CE,0.00,0.00,0.00,88.25,39.95,0,0.00,0,0,06-JAN-2025
OPTSTK,LICHSGFIN,27-Mar-2025,2025-03-27,580.00,PE,0.00,0.00,0.00,37.05,25.55,0,0.00,0,0,06-JAN-2025
OPTSTK,LICHSGFIN,27-Feb-2025,2025-02-27,610.00,CE,0.00,0.00,0.00,32.50,25.00,0,0.00,0,0,06-JAN-2025
OPTSTK,LICHSGFIN,27-Feb-2025,2025-02-27,660.00,PE,0.00,0.00,0.00,59.15,69.25,0,0.00,0,0,06-JAN-2025
FUTSTK,LICHSGFIN,27-Mar-2025,2025-03-27,,,615.90,617.00,600.05,600.05,603.15,10,60.7375,18000,0,06-JAN-2025
OPTSTK,LICHSGFIN,27-Feb-2025,2025-02-27,650.00,PE,0.00,0.00,0.00,72.85,61.55,0,0.00,0,0,06-JAN-2025
OPTSTK,LICHSGFIN,30-Jan-2025,2025-01-30,610.00,CE,17.50,17.80,9.95,10.75,10.75,679,4226.783,415000,70000,06-JAN-2025
OPTSTK,LICHSGFIN,30-Jan-2025,2025-01-30,700.00,PE,103.30,103.30,103.30,103.30,103.20,1,8.033,122000,-1000,06-JAN-2025
OPTSTK,LICHSGFIN,27-Mar-2025,2025-03-27,600.00,PE,0.00,0.00,0.00,47.05,34.90,0,0.00,0,0,06-JAN-2025
OPTSTK,LICHSGFIN,30-Jan-2025,2025-01-30,700.00,CE,1.05,1.05,0.45,0.50,0.50,249,1744.4705,284000,-110000,06-JAN-2025
OPTSTK,LICHSGFIN,27-Mar-2025,2025-03-27,640.00,CE,0.00,0.00,0.00,30.60,22.20,0,0.00,0,0,06-JAN-2025
OPTSTK,LICHSGFIN,27-Mar-2025,2025-03-27,640.00,PE,0.00,0.00,0.00,70.85,58.50,0,0.00,0,0,06-JAN-2025
OPTSTK,LICHSGFIN,30-Jan-2025,2025-01-30,660.00,PE,0.00,0.00,0.00,57.45,65.80,0,0.00,97000,0,06-JAN-2025
OPTSTK,LICHSGFIN,27-Mar-2025,2025-03-27,680.00,PE,0.00,0.00,0.00,99.20,87.85,0,0.00,0,0,06-JAN-2025
OPTSTK,LICHSGFIN,27-Feb-2025,2025-02-27,630.00,PE,0.00,0.00,0.00,59.05,47.30,0,0.00,0,0,06-JAN-2025
OPTSTK,LICHSGFIN,27-Feb-2025,2025-02-27,600.00,CE,28.00,28.00,21.70,24.05,24.05,16,99.8625,20000,4000,06-JAN-2025
OPTSTK,JINDALSTEL,27-Feb-2025,2025-02-27,1000.00,CE,20.00,20.00,20.00,20.00,25.50,1,6.375,9375,0,06-JAN-2025
OPTSTK,JINDALSTEL,27-Mar-2025,2025-03-27,1000.00,PE,0.00,0.00,0.00,96.35,83.55,0,0.00,0,0,06-JAN-2025
OPTSTK,JINDALSTEL,30-Jan-2025,2025-01-30,820.00,PE,1.10,2.25,1.10,2.05,2.05,158,811.458437,99375,3750,06-JAN-2025
OPTSTK,JINDALSTEL,30-Jan-2025,2025-01-30,920.00,CE,44.30,44.35,32.85,40.95,40.95,87,520.857187,143750,2500,06-JAN-2025
OPTSTK,JINDALSTEL,27-Mar-2025,2025-03-27,1080.00,PE,0.00,0.00,0.00,151.05,141.95,0,0.00,0,0,06-JAN-2025
OPTSTK,JINDALSTEL,27-Feb-2025,2025-02-27,760.00,CE,0.00,0.00,0.00,165.75,188.00,0,0.00,0,0,06-JAN-2025
OPTSTK,JINDALSTEL,30-Jan-2025,2025-01-30,810.00,PE,1.00,1.80,0.95,1.80,0.90,131,664.211562,59375,7500,06-JAN-2025
OPTSTK,JINDALSTEL,30-Jan-2025,2025-01-30,1120.00,PE,0.00,0.00,0.00,192.00,176.25,0,0.00,625,0,06-JAN-2025
OPTSTK,JINDALSTEL,27-Mar-2025,2025-03-27,800.00,CE,0.00,0.00,0.00,171.55,158.90,0,0.00,0,0,06-JAN-2025
OPTSTK,JINDALSTEL,27-Feb-2025,2025-02-27,800.00,PE,0.00,0.00,0.00,24.50,3.80,0,0.00,0,0,06-JAN-2025
OPTSTK,JINDALSTEL,27-Mar-2025,2025-03-27,800.00,PE,0.00,0.00,0.00,15.75,7.80,0,0.00,0,0,06-JAN-2025
OPTSTK,JINDALSTEL,27-Mar-2025,2025-03-27,720.00,PE,0.00,0.00,0.00,4.90,1.50,0,0.00,0,0,06-JAN-2025
OPTSTK,JINDALSTEL,27-Feb-2025,2025-02-27,820.00,PE,0.00,0.00,0.00,30.40,5.95,0,0.00,0,0,06-JAN-2025
OPTSTK,JINDALSTEL,30-Jan-2025,2025-01-30,970.00,PE,35.95,50.80,35.95,44.65,44.65,43,272.61,86875,1250,06-JAN-2025
OPTSTK,JINDALSTEL,30-Jan-2025,2025-01-30,970.00,CE,21.20,21.20,11.80,16.60,16.60,713,4391.98281,150000,21250,06-JAN-2025
OPTSTK,JINDALSTEL,30-Jan-2025,2025-01-30,1010.00,PE,0.00,0.00,0.00,58.85,75.35,0,0.00,8750,0,06-JAN-2025
OPTSTK,JINDALSTEL,27-Feb-2025,2025-02-27,980.00,CE,24.50,25.20,24.30,24.50,32.20,5,31.396875,3750,2500,06-JAN-2025
OPTSTK,JINDALSTEL,27-Feb-2025,2025-02-27,860.00,CE,0.00,0.00,0.00,97.45,100.45,0,0.00,0,0,06-JAN-2025
OPTSTK,JINDALSTEL,30-Jan-2025,2025-01-30,830.00,PE,1.70,2.75,1.65,2.45,1.85,55,286.108125,51875,6875,06-JAN-2025
OPTSTK,JINDALSTEL,27-Feb-2025,2025-02-27,1080.00,CE,0.00,0.00,0.00,20.90,8.80,0,0.00,0,0,06-JAN-2025
OPTSTK,JINDALSTEL,27-Feb-2025,2025-02-27,920.00,PE,0.00,0.00,0.00,73.60,32.05,0,0.00,0,0,06-JAN-2025
OPTSTK,JINDALSTEL,30-Jan-2025,2025-01-30,1050.00,CE,3.35,3.35,1.70,2.55,2.55,442,2906.9675,145000,-30000,06-JAN-2025
OPTSTK,JINDALSTEL,30-Jan-2025,2025-01-30,1050.00,PE,0.00,0.00,0.00,110.30,109.75,0,0.00,625,0,06-JAN-2025
OPTSTK,JINDALSTEL,30-Jan-2025,2025-01-30,840.00,PE,1.85,3.70,1.85,3.30,3.30,177,932.604062,59375,15625,06-JAN-2025
OPTSTK,JINDALSTEL,30-Jan-2025,2025-01-30,980.00,CE,17.05,17.05,9.40,13.25,13.25,679,4213.19906,245625,15000,06-JAN-2025
OPTSTK,JINDALSTEL,27-Mar-2025,2025-03-27,1120.00,PE,0.00,0.00,0.00,182.05,175.30,0,0.00,0,0,06-JAN-2025
OPTSTK,JINDALSTEL,30-Jan-2025,2025-01-30,800.00,PE,0.85,1.45,0.65,1.30,1.30,138,690.88875,194375,3125,06-JAN-2025
OPTSTK,JINDALSTEL,30-Jan-2025,2025-01-30,850.00,PE,2.35,4.95,2.35,4.30,4.30,686,3660.83781,170000,-5625,06-JAN-2025
OPTSTK,JINDALSTEL,30-Jan-2025,2025-01-30,850.00,CE,0.00,0.00,0.00,110.90,96.70,0,0.00,20625,0,06-JAN-2025
OPTSTK,JINDALSTEL,30-Jan-2025,2025-01-30,920.00,PE,13.35,23.40,13.05,19.35,19.35,1504,8818.83156,344375,-57500,06-JAN-2025
OPTSTK,JINDALSTEL,30-Jan-2025,2025-01-30,820.00,CE,0.00,0.00,0.00,140.80,124.30,0,0.00,0,0,06-JAN-2025
OPTSTK,GUJGASLTD,30-Jan-2025,2025-01-30,455.00,CE,0.00,0.00,0.00,61.20,57.05,0,0.00,0,0,06-JAN-2025
OPTSTK,GUJGASLTD,27-Feb-2025,2025-02-27,455.00,PE,0.00,0.00,0.00,8.25,3.85,0,0.00,0,0,06-JAN-2025
OPTSTK,GUJGASLTD,30-Jan-2025,2025-01-30,490.00,CE,26.50,26.50,23.60,24.60,28.10,4,25.735625,70000,1250,06-JAN-2025
OPTSTK,COROMANDEL,27-Feb-2025,2025-02-27,1780.00,PE,0.00,0.00,0.00,56.65,16.35,0,0.00,0,0,06-JAN-2025
OPTSTK,COROMANDEL,27-Feb-2025,2025-02-27,1880.00,CE,0.00,0.00,0.00,76.80,118.95,0,0.00,0,0,06-JAN-2025
OPTSTK,GUJGASLTD,27-Feb-2025,2025-02-27,450.00,CE,0.00,0.00,0.00,71.80,66.50,0,0.00,0,0,06-JAN-2025
OPTSTK,GUJGASLTD,30-Jan-2025,2025-01-30,545.00,CE,3.85,3.85,2.75,3.35,3.35,91,623.5725,58750,16250,06-JAN-2025
OPTSTK,GUJGASLTD,30-Jan-2025,2025-01-30,380.00,PE,0.00,0.00,0.00,0.80,0.05,0,0.00,2500,0,06-JAN-2025
OPTSTK,GUJGASLTD,30-Jan-2025,2025-01-30,450.00,PE,1.40,1.65,1.35,1.35,1.35,63,355.574375,216250,-11250,06-JAN-2025
OPTSTK,GUJGASLTD,30-Jan-2025,2025-01-30,450.00,CE,0.00,0.00,0.00,43.90,61.75,0,0.00,0,0,06-JAN-2025
OPTSTK,GUJGASLTD,30-Jan-2025,2025-01-30,505.00,PE,10.50,14.25,9.95,12.45,12.45,175,1131.19687,111250,0,06-JAN-2025
OPTSTK,GUJGASLTD,30-Jan-2025,2025-01-30,560.00,PE,0.00,0.00,0.00,61.00,50.90,0,0.00,11250,0,06-JAN-2025
OPTSTK,GUJGASLTD,30-Jan-2025,2025-01-30,560.00,CE,2.25,2.25,1.35,1.75,1.75,215,1509.30625,336250,-58750,06-JAN-2025
OPTSTK,GUJGASLTD,27-Feb-2025,2025-02-27,520.00,CE,18.25,18.25,14.25,17.75,20.20,3,20.128125,1250,1250,06-JAN-2025
OPTSTK,GUJGASLTD,30-Jan-2025,2025-01-30,520.00,PE,16.80,22.80,16.80,20.25,20.25,221,1491.49625,162500,-25000,06-JAN-2025
OPTSTK,GUJGASLTD,30-Jan-2025,2025-01-30,500.00,PE,7.85,11.70,7.30,10.30,10.30,469,2988.56937,365000,-15000,06-JAN-2025
OPTSTK,COROMANDEL,30-Jan-2025,2025-01-30,2100.00,PE,0.00,0.00,0.00,331.50,161.20,0,0.00,0,0,06-JAN-2025
OPTSTK,COROMANDEL,27-Feb-2025,2025-02-27,1560.00,CE,0.00,0.00,0.00,253.65,393.75,0,0.00,0,0,06-JAN-2025
OPTSTK,COROMANDEL,30-Jan-2025,2025-01-30,1560.00,PE,0.00,0.00,0.00,3.95,0.05,0,0.00,1400,0,06-JAN-2025
OPTSTK,GUJGASLTD,27-Feb-2025,2025-02-27,580.00,PE,0.00,0.00,0.00,105.20,69.90,0,0.00,0,0,06-JAN-2025
OPTSTK,GUJGASLTD,30-Jan-2025,2025-01-30,550.00,CE,3.40,3.45,2.20,2.75,2.75,399,2756.24437,470000,-10000,06-JAN-2025
OPTSTK,GUJGASLTD,30-Jan-2025,2025-01-30,550.00,PE,0.00,0.00,0.00,40.50,42.25,0,0.00,106250,0,06-JAN-2025
OPTSTK,COROMANDEL,30-Jan-2025,2025-01-30,2140.00,CE,9.95,10.05,7.15,7.40,4.85,13,97.746075,4900,700,06-JAN-2025
OPTSTK,COROMANDEL,30-Jan-2025,2025-01-30,1560.00,CE,0.00,0.00,0.00,184.85,385.10,0,0.00,0,0,06-JAN-2025
OPTSTK,GUJGASLTD,27-Feb-2025,2025-02-27,540.00,CE,0.00,0.00,0.00,14.70,12.80,0,0.00,0,0,06-JAN-2025
OPTSTK,COROMANDEL,27-Feb-2025,2025-02-27,1680.00,CE,0.00,0.00,0.00,171.10,278.95,0,0.00,0,0,06-JAN-2025
OPTSTK,GUJGASLTD,27-Feb-2025,2025-02-27,485.00,PE,0.00,0.00,0.00,17.00,10.80,0,0.00,0,0,06-JAN-2025
OPTSTK,GUJGASLTD,27-Feb-2025,2025-02-27,485.00,CE,0.00,0.00,0.00,47.10,39.45,0,0.00,0,0,06-JAN-2025
OPTSTK,GUJGASLTD,30-Jan-2025,2025-01-30,485.00,CE,27.15,28.10,27.15,28.10,31.70,2,12.815625,40000,1250,06-JAN-2025
OPTSTK,COROMANDEL,27-Feb-2025,2025-02-27,1720.00,PE,0.00,0.00,0.00,81.15,8.00,0,0.00,0,0,06-JAN-2025
OPTSTK,COROMANDEL,30-Jan-2025,2025-01-30,1720.00,CE,0.00,0.00,0.00,97.50,227.35,0,0.00,0,0,06-JAN-2025
OPTSTK,UNITDSPR,30-Jan-2025,2025-01-30,1800.00,PE,0.00,0.00,0.00,328.40,154.40,0,0.00,0,0,06-JAN-2025
OPTSTK,UNITDSPR,27-Mar-2025,2025-03-27,1920.00,CE,0.00,0.00,0.00,11.05,9.50,0,0.00,0,0,06-JAN-2025
OPTSTK,UNITDSPR,27-Feb-2025,2025-02-27,1760.00,PE,0.00,0.00,0.00,246.30,124.90,0,0.00,0,0,06-JAN-2025
OPTSTK,UNITDSPR,27-Feb-2025,2025-02-27,1780.00,CE,0.00,0.00,0.00,17.25,18.55,0,0.00,0,0,06-JAN-2025
OPTSTK,UNITDSPR,30-Jan-2025,2025-01-30,1640.00,PE,23.95,41.00,23.90,38.15,38.15,445,2602.7764,80500,-10150,06-JAN-2025
OPTSTK,UNITDSPR,27-Mar-2025,2025-03-27,1880.00,CE,0.00,0.00,0.00,14.90,13.80,0,0.00,0,0,06-JAN-2025
OPTSTK,UNITDSPR,30-Jan-2025,2025-01-30,1640.00,CE,58.00,59.05,40.90,43.45,43.45,162,956.895625,79450,-2800,06-JAN-2025
OPTSTK,UNITDSPR,27-Mar-2025,2025-03-27,1400.00,CE,0.00,0.00,0.00,212.35,266.05,0,0.00,0,0,06-JAN-2025
OPTSTK,UNITDSPR,30-Jan-2025,2025-01-30,1320.00,CE,0.00,0.00,0.00,179.30,327.00,0,0.00,0,0,06-JAN-2025
OPTSTK,UNITDSPR,27-Feb-2025,2025-02-27,1840.00,CE,0.00,0.00,0.00,11.55,9.40,0,0.00,0,0,06-JAN-2025
OPTSTK,UNITDSPR,30-Jan-2025,2025-01-30,1620.00,CE,80.00,80.90,52.95,53.35,53.35,49,289.198875,45500,1400,06-JAN-2025
OPTSTK,UNITDSPR,27-Feb-2025,2025-02-27,1620.00,CE,0.00,0.00,0.00,59.35,78.45,0,0.00,0,0,06-JAN-2025
OPTSTK,UNITDSPR,30-Jan-2025,2025-01-30,1520.00,CE,136.25,136.25,125.70,125.70,125.70,3,17.353525,4900,1050,06-JAN-2025
OPTSTK,UNITDSPR,27-Mar-2025,2025-03-27,1520.00,CE,0.00,0.00,0.00,128.80,163.80,0,0.00,0,0,06-JAN-2025
OPTSTK,UNITDSPR,27-Feb-2025,2025-02-27,1420.00,CE,0.00,0.00,0.00,181.10,237.15,0,0.00,0,0,06-JAN-2025
OPTSTK,UNITDSPR,30-Jan-2025,2025-01-30,1420.00,CE,0.00,0.00,0.00,131.30,227.65,0,0.00,0,0,06-JAN-2025
OPTSTK,UNITDSPR,27-Feb-2025,2025-02-27,1420.00,PE,0.00,0.00,0.00,16.35,2.40,0,0.00,0,0,06-JAN-2025
OPTSTK,UNITDSPR,30-Jan-2025,2025-01-30,1420.00,PE,0.45,2.45,0.45,2.45,0.25,4,19.900475,8050,-350,06-JAN-2025
OPTSTK,UNITDSPR,30-Jan-2025,2025-01-30,1780.00,PE,120.10,138.00,120.10,138.00,138.00,7,46.63155,1400,-1050,06-JAN-2025
OPTSTK,UNITDSPR,27-Feb-2025,2025-02-27,1780.00,PE,0.00,0.00,0.00,207.95,140.40,0,0.00,0,0,06-JAN-2025
OPTSTK,UNITDSPR,27-Mar-2025,2025-03-27,1920.00,PE,0.00,0.00,0.00,329.45,260.15,0,0.00,0,0,06-JAN-2025
OPTSTK,UNITDSPR,30-Jan-2025,2025-01-30,1920.00,CE,0.00,0.00,0.00,3.70,0.20,0,0.00,350,0,06-JAN-2025
OPTSTK,UNITDSPR,27-Feb-2025,2025-02-27,1920.00,PE,0.00,0.00,0.00,388.80,263.85,0,0.00,0,0,06-JAN-2025
OPTSTK,UNITDSPR,30-Jan-2025,2025-01-30,1840.00,CE,3.20,3.70,2.25,2.40,2.40,175,1128.79147,19950,-11550,06-JAN-2025
OPTSTK,UNITDSPR,27-Mar-2025,2025-03-27,1720.00,CE,0.00,0.00,0.00,43.65,50.55,0,0.00,0,0,06-JAN-2025
OPTSTK,UNITDSPR,30-Jan-2025,2025-01-30,1440.00,CE,0.00,0.00,0.00,124.00,207.95,0,0.00,350,0,06-JAN-2025
OPTSTK,UNITDSPR,27-Feb-2025,2025-02-27,1540.00,PE,0.00,0.00,0.00,51.90,16.75,0,0.00,0,0,06-JAN-2025
OPTSTK,UNITDSPR,30-Jan-2025,2025-01-30,1540.00,CE,112.15,112.15,112.15,112.15,112.15,1,5.782525,40600,-350,06-JAN-2025
OPTSTK,UNITDSPR,27-Feb-2025,2025-02-27,1560.00,PE,0.00,0.00,0.00,36.50,21.55,0,0.00,350,0,06-JAN-2025
OPTSTK,UNITDSPR,30-Jan-2025,2025-01-30,1560.00,PE,6.65,13.55,5.85,12.50,12.50,574,3152.23755,104650,-32200,06-JAN-2025
OPTSTK,UNITDSPR,27-Feb-2025,2025-02-27,1500.00,CE,0.00,0.00,0.00,122.65,165.05,0,0.00,0,0,06-JAN-2025
OPTSTK,UNITDSPR,30-Jan-2025,2025-01-30,1680.00,PE,36.00,64.30,36.00,60.80,60.80,194,1173.30447,42000,-8400,06-JAN-2025
OPTSTK,ABFRL,30-Jan-2025,2025-01-30,285.00,PE,12.45,22.45,11.85,21.95,21.95,62,487.8809,395200,-10400,06-JAN-2025
OPTSTK,ABFRL,27-Mar-2025,2025-03-27,250.00,PE,0.00,0.00,0.00,8.50,9.00,0,0.00,0,0,06-JAN-2025
OPTSTK,ABFRL,30-Jan-2025,2025-01-30,240.00,PE,0.55,1.80,0.50,1.55,1.55,225,1410.8757,325000,187200,06-JAN-2025
OPTSTK,ABFRL,30-Jan-2025,2025-01-30,230.00,CE,0.00,0.00,0.00,84.45,37.05,0,0.00,0,0,06-JAN-2025
OPTSTK,ABFRL,30-Jan-2025,2025-01-30,245.00,PE,0.00,0.00,0.00,1.60,2.15,0,0.00,0,0,06-JAN-2025
OPTSTK,ABFRL,27-Feb-2025,2025-02-27,225.00,CE,0.00,0.00,0.00,61.90,44.15,0,0.00,0,0,06-JAN-2025
OPTSTK,ABFRL,30-Jan-2025,2025-01-30,225.00,PE,0.00,0.00,0.00,0.50,0.25,0,0.00,0,0,06-JAN-2025
OPTSTK,ABFRL,27-Feb-2025,2025-02-27,235.00,CE,0.00,0.00,0.00,53.25,35.65,0,0.00,0,0,06-JAN-2025
OPTSTK,ABFRL,27-Mar-2025,2025-03-27,230.00,CE,0.00,0.00,0.00,60.45,42.60,0,0.00,0,0,06-JAN-2025
OPTSTK,ABFRL,27-Mar-2025,2025-03-27,230.00,PE,0.00,0.00,0.00,4.00,3.65,0,0.00,0,0,06-JAN-2025
OPTSTK,ABFRL,27-Feb-2025,2025-02-27,230.00,CE,0.00,0.00,0.00,91.45,39.80,0,0.00,0,0,06-JAN-2025
OPTSTK,ABFRL,27-Feb-2025,2025-02-27,230.00,PE,0.00,0.00,0.00,1.60,2.05,0,0.00,0,0,06-JAN-2025
OPTSTK,ABFRL,30-Jan-2025,2025-01-30,335.00,CE,0.00,0.00,0.00,0.30,0.05,0,0.00,33800,0,06-JAN-2025
OPTSTK,ABFRL,27-Mar-2025,2025-03-27,250.00,CE,0.00,0.00,0.00,45.30,28.20,0,0.00,0,0,06-JAN-2025
OPTSTK,ABFRL,30-Jan-2025,2025-01-30,330.00,CE,0.40,0.40,0.25,0.25,0.10,23,197.5233,460200,-13000,06-JAN-2025
OPTSTK,ABFRL,30-Jan-2025,2025-01-30,280.00,CE,8.90,9.25,3.65,4.05,4.05,638,4740.632,837200,200200,06-JAN-2025
OPTSTK,ABFRL,27-Feb-2025,2025-02-27,280.00,CE,11.40,11.40,11.40,11.40,9.30,1,7.5764,0,-2600,06-JAN-2025
OPTSTK,ABFRL,30-Jan-2025,2025-01-30,315.00,CE,0.95,0.95,0.40,0.50,0.50,73,599.0218,122200,-36400,06-JAN-2025
OPTSTK,ABFRL,27-Feb-2025,2025-02-27,315.00,PE,0.00,0.00,0.00,38.25,48.55,0,0.00,0,0,06-JAN-2025
OPTSTK,ABFRL,27-Feb-2025,2025-02-27,225.00,PE,0.00,0.00,0.00,1.80,1.45,0,0.00,0,0,06-JAN-2025
OPTSTK,ABFRL,30-Jan-2025,2025-01-30,225.00,CE,0.00,0.00,0.00,94.00,41.80,0,0.00,0,0,06-JAN-2025
OPTSTK,ABFRL,30-Jan-2025,2025-01-30,255.00,CE,0.00,0.00,0.00,27.45,16.35,0,0.00,0,0,06-JAN-2025
OPTSTK,ABFRL,27-Feb-2025,2025-02-27,255.00,PE,0.00,0.00,0.00,7.30,8.25,0,0.00,0,0,06-JAN-2025
OPTSTK,ABFRL,30-Jan-2025,2025-01-30,270.00,PE,4.15,12.00,4.15,10.80,10.80,606,4383.5831,1014000,-23400,06-JAN-2025
OPTSTK,ABFRL,30-Jan-2025,2025-01-30,360.00,CE,0.00,0.00,0.00,0.10,0.05,0,0.00,2600,0,06-JAN-2025
OPTSTK,ABFRL,27-Feb-2025,2025-02-27,270.00,PE,0.00,0.00,0.00,6.90,15.15,0,0.00,5200,0,06-JAN-2025
OPTSTK,ABFRL,30-Jan-2025,2025-01-30,270.00,CE,13.20,13.65,6.80,7.50,7.50,409,2959.1068,501800,312000,06-JAN-2025
OPTSTK,ABFRL,30-Jan-2025,2025-01-30,275.00,PE,6.90,15.05,6.50,14.05,14.05,291,2158.8411,408200,49400,06-JAN-2025
OPTSTK,ABFRL,27-Feb-2025,2025-02-27,275.00,PE,0.00,0.00,0.00,14.55,18.00,0,0.00,0,0,06-JAN-2025
OPTSTK,ABFRL,27-Feb-2025,2025-02-27,275.00,CE,0.00,0.00,0.00,25.30,11.15,0,0.00,0,0,06-JAN-2025
OPTSTK,ABFRL,27-Feb-2025,2025-02-27,255.00,CE,0.00,0.00,0.00,37.80,21.25,0,0.00,0,0,06-JAN-2025
OPTSTK,ABFRL,30-Jan-2025,2025-01-30,335.00,PE,0.00,0.00,0.00,52.20,68.00,0,0.00,15600,0,06-JAN-2025
OPTSTK,ABFRL,30-Jan-2025,2025-01-30,340.00,PE,0.00,0.00,0.00,57.50,73.00,0,0.00,5200,0,06-JAN-2025
OPTSTK,NCC,27-Feb-2025,2025-02-27,265.00,PE,0.00,0.00,0.00,14.60,19.00,0,0.00,0,0,06-JAN-2025
OPTSTK,NCC,30-Jan-2025,2025-01-30,235.00,CE,0.00,0.00,0.00,75.00,28.80,0,0.00,0,0,06-JAN-2025
OPTSTK,NCC,27-Feb-2025,2025-02-27,235.00,CE,0.00,0.00,0.00,58.15,33.70,0,0.00,0,0,06-JAN-2025
OPTSTK,NCC,30-Jan-2025,2025-01-30,360.00,CE,0.00,0.00,0.00,1.00,0.05,0,0.00,5325,0,06-JAN-2025
OPTSTK,NCC,27-Feb-2025,2025-02-27,230.00,CE,0.00,0.00,0.00,82.80,37.35,0,0.00,0,0,06-JAN-2025
OPTSTK,NCC,27-Mar-2025,2025-03-27,230.00,CE,0.00,0.00,0.00,66.05,41.25,0,0.00,0,0,06-JAN-2025
OPTSTK,NCC,27-Feb-2025,2025-02-27,255.00,PE,0.00,0.00,0.00,11.00,13.90,0,0.00,0,0,06-JAN-2025
OPTSTK,NCC,30-Jan-2025,2025-01-30,240.00,CE,0.00,0.00,0.00,70.85,24.90,0,0.00,0,0,06-JAN-2025
OPTSTK,NCC,27-Feb-2025,2025-02-27,250.00,CE,0.00,0.00,0.00,67.50,24.05,0,0.00,0,0,06-JAN-2025
OPTSTK,NCC,27-Mar-2025,2025-03-27,270.00,PE,0.00,0.00,0.00,20.75,25.25,0,0.00,0,0,06-JAN-2025
OPTSTK,NCC,27-Feb-2025,2025-02-27,245.00,PE,0.00,0.00,0.00,3.00,9.75,0,0.00,1775,0,06-JAN-2025
OPTSTK,NCC,27-Feb-2025,2025-02-27,330.00,PE,0.00,0.00,0.00,45.85,68.95,0,0.00,0,0,06-JAN-2025
OPTSTK,NCC,30-Jan-2025,2025-01-30,280.00,CE,9.20,9.20,3.60,3.80,3.80,335,1696.23615,370975,7100,06-JAN-2025
OPTSTK,NCC,27-Mar-2025,2025-03-27,280.00,PE,0.00,0.00,0.00,25.40,31.35,0,0.00,0,0,06-JAN-2025
OPTSTK,NCC,27-Mar-2025,2025-03-27,280.00,CE,0.00,0.00,0.00,34.95,15.40,0,0.00,0,0,06-JAN-2025
OPTSTK,NCC,30-Jan-2025,2025-01-30,315.00,CE,1.00,1.00,0.45,0.45,0.70,6,33.6140625,47925,-5325,06-JAN-2025
OPTSTK,NCC,27-Feb-2025,2025-02-27,225.00,PE,0.00,0.00,0.00,3.85,4.05,0,0.00,0,0,06-JAN-2025
OPTSTK,NCC,27-Feb-2025,2025-02-27,225.00,CE,0.00,0.00,0.00,66.15,41.15,0,0.00,0,0,06-JAN-2025
OPTSTK,NCC,30-Jan-2025,2025-01-30,225.00,CE,0.00,0.00,0.00,83.60,37.25,0,0.00,0,0,06-JAN-2025
OPTSTK,NCC,27-Feb-2025,2025-02-27,275.00,CE,0.00,0.00,0.00,31.80,12.50,0,0.00,0,0,06-JAN-2025
OPTSTK,NCC,27-Feb-2025,2025-02-27,275.00,PE,0.00,0.00,0.00,18.85,24.90,0,0.00,0,0,06-JAN-2025
OPTSTK,NCC,30-Jan-2025,2025-01-30,275.00,CE,8.50,9.30,4.75,4.90,4.90,123,614.442875,113600,37275,06-JAN-2025
OPTSTK,NCC,27-Mar-2025,2025-03-27,250.00,CE,0.00,0.00,0.00,52.00,28.75,0,0.00,0,0,06-JAN-2025
OPTSTK,NCC,27-Mar-2025,2025-03-27,310.00,PE,0.00,0.00,0.00,42.45,53.10,0,0.00,0,0,06-JAN-2025
OPTSTK,NCC,30-Jan-2025,2025-01-30,310.00,CE,1.50,1.60,0.60,0.80,1.00,194,1070.49451,307075,-23075,06-JAN-2025
OPTSTK,NCC,30-Jan-2025,2025-01-30,255.00,CE,17.65,17.65,13.35,15.00,15.00,15,71.9718125,19525,19525,06-JAN-2025
OPTSTK,NCC,30-Jan-2025,2025-01-30,255.00,PE,3.15,7.90,3.15,7.60,7.60,162,747.759575,85200,-39050,06-JAN-2025
OPTSTK,NCC,30-Jan-2025,2025-01-30,270.00,CE,11.00,11.90,6.20,6.55,6.55,197,971.8409,213000,51475,06-JAN-2025
OPTSTK,NCC,30-Jan-2025,2025-01-30,340.00,CE,0.00,0.00,0.00,0.45,0.15,0,0.00,53250,0,06-JAN-2025
OPTSTK,NCC,30-Jan-2025,2025-01-30,270.00,PE,8.95,15.65,8.30,15.50,15.50,200,998.787175,209450,-33725,06-JAN-2025
OPTSTK,NCC,27-Feb-2025,2025-02-27,260.00,CE,0.00,0.00,0.00,60.50,18.80,0,0.00,0,0,06-JAN-2025
OPTSTK,NCC,27-Feb-2025,2025-02-27,330.00,CE,0.00,0.00,0.00,25.15,2.05,0,0.00,0,0,06-JAN-2025
OPTSTK,NCC,27-Feb-2025,2025-02-27,255.00,CE,0.00,0.00,0.00,43.70,21.30,0,0.00,0,0,06-JAN-2025
OPTSTK,OBEROIRLTY,27-Feb-2025,2025-02-27,2320.00,CE,0.00,0.00,0.00,71.00,74.10,0,0.00,0,0,06-JAN-2025
OPTSTK,OBEROIRLTY,27-Mar-2025,2025-03-27,2320.00,CE,0.00,0.00,0.00,206.45,104.55,0,0.00,0,0,06-JAN-2025
OPTSTK,OBEROIRLTY,27-Feb-2025,2025-02-27,2340.00,PE,0.00,0.00,0.00,147.80,175.45,0,0.00,0,0,06-JAN-2025
OPTSTK,OBEROIRLTY,30-Jan-2025,2025-01-30,2340.00,PE,102.40,156.55,101.70,156.55,151.70,13,112.560175,23800,700,06-JAN-2025
OPTSTK,OBEROIRLTY,27-Feb-2025,2025-02-27,2360.00,CE,0.00,0.00,0.00,62.15,61.05,0,0.00,0,0,06-JAN-2025
OPTSTK,OBEROIRLTY,27-Feb-2025,2025-02-27,2360.00,PE,0.00,0.00,0.00,360.30,189.00,0,0.00,0,0,06-JAN-2025
OPTSTK,OBEROIRLTY,30-Jan-2025,2025-01-30,2520.00,PE,0.00,0.00,0.00,536.05,305.40,0,0.00,0,0,06-JAN-2025
OPTSTK,OBEROIRLTY,27-Feb-2025,2025-02-27,2520.00,PE,0.00,0.00,0.00,490.65,312.35,0,0.00,0,0,06-JAN-2025
OPTSTK,OBEROIRLTY,27-Mar-2025,2025-03-27,2520.00,CE,0.00,0.00,0.00,124.70,47.80,0,0.00,0,0,06-JAN-2025
OPTSTK,OBEROIRLTY,27-Feb-2025,2025-02-27,2080.00,CE,0.00,0.00,0.00,149.45,197.70,0,0.00,0,0,06-JAN-2025
OPTSTK,OBEROIRLTY,27-Feb-2025,2025-02-27,2120.00,PE,0.00,0.00,0.00,50.40,61.70,0,0.00,350,0,06-JAN-2025
OPTSTK,OBEROIRLTY,27-Mar-2025,2025-03-27,1920.00,CE,0.00,0.00,0.00,469.45,344.30,0,0.00,0,0,06-JAN-2025
OPTSTK,OBEROIRLTY,30-Jan-2025,2025-01-30,2500.00,PE,0.00,0.00,0.00,258.80,286.85,0,0.00,1050,0,06-JAN-2025
OPTSTK,OBEROIRLTY,27-Feb-2025,2025-02-27,2500.00,PE,0.00,0.00,0.00,242.45,295.70,0,0.00,0,0,06-JAN-2025
OPTSTK,OBEROIRLTY,27-Feb-2025,2025-02-27,2000.00,PE,35.00,35.00,35.00,35.00,27.85,1,7.1225,350,350,06-JAN-2025
OPTSTK,OBEROIRLTY,27-Mar-2025,2025-03-27,2160.00,PE,0.00,0.00,0.00,94.10,97.90,0,0.00,0,0,06-JAN-2025
OPTSTK,OBEROIRLTY,27-Mar-2025,2025-03-27,2080.00,CE,0.00,0.00,0.00,348.70,227.20,0,0.00,0,0,06-JAN-2025
OPTSTK,OBEROIRLTY,30-Jan-2025,2025-01-30,2500.00,CE,14.95,16.95,9.00,11.00,11.00,814,7154.37922,260400,-13300,06-JAN-2025
OPTSTK,OBEROIRLTY,27-Feb-2025,2025-02-27,2300.00,CE,113.85,114.85,78.85,85.85,85.85,21,175.7777,21350,4900,06-JAN-2025
OPTSTK,OBEROIRLTY,27-Feb-2025,2025-02-27,2140.00,CE,0.00,0.00,0.00,274.90,159.20,0,0.00,0,0,06-JAN-2025
OPTSTK,OBEROIRLTY,30-Jan-2025,2025-01-30,2140.00,PE,25.90,55.80,23.35,48.95,48.95,318,2431.98042,26250,-4200,06-JAN-2025
OPTSTK,OBEROIRLTY,27-Mar-2025,2025-03-27,2280.00,CE,0.00,0.00,0.00,226.75,120.55,0,0.00,0,0,06-JAN-2025
OPTSTK,OBEROIRLTY,30-Jan-2025,2025-01-30,2220.00,PE,45.95,93.85,45.95,83.00,83.00,504,4060.3542,45850,25550,06-JAN-2025
OPTSTK,OBEROIRLTY,27-Feb-2025,2025-02-27,2220.00,CE,0.00,0.00,0.00,223.95,115.75,0,0.00,0,0,06-JAN-2025
OPTSTK,OBEROIRLTY,27-Feb-2025,2025-02-27,2220.00,PE,0.00,0.00,0.00,93.45,105.05,0,0.00,0,0,06-JAN-2025
OPTSTK,OBEROIRLTY,30-Jan-2025,2025-01-30,2220.00,CE,117.10,117.20,69.25,78.30,78.30,342,2752.01762,32550,18550,06-JAN-2025
OPTSTK,OBEROIRLTY,27-Feb-2025,2025-02-27,2460.00,PE,0.00,0.00,0.00,216.55,263.30,0,0.00,0,0,06-JAN-2025
OPTSTK,OBEROIRLTY,30-Jan-2025,2025-01-30,2540.00,CE,9.55,12.00,6.45,8.00,8.00,64,570.71875,19950,-10150,06-JAN-2025
OPTSTK,OBEROIRLTY,30-Jan-2025,2025-01-30,1960.00,PE,11.95,12.80,11.85,12.60,12.60,10,69.034875,4200,1750,06-JAN-2025
OPTSTK,OBEROIRLTY,27-Feb-2025,2025-02-27,2060.00,PE,0.00,0.00,0.00,43.75,42.45,0,0.00,0,0,06-JAN-2025
OPTSTK,OBEROIRLTY,30-Jan-2025,2025-01-30,1920.00,CE,0.00,0.00,0.00,198.65,301.15,0,0.00,0,0,06-JAN-2025
OPTSTK,GMRAIRPORT,30-Jan-2025,2025-01-30,81.00,CE,1.50,1.50,0.95,1.00,1.00,966,4462.56843,2340000,635625,06-JAN-2025
OPTSTK,GMRAIRPORT,27-Feb-2025,2025-02-27,81.00,CE,0.00,0.00,0.00,5.60,2.85,0,0.00,0,0,06-JAN-2025
OPTSTK,GMRAIRPORT,30-Jan-2025,2025-01-30,81.00,PE,3.55,5.65,3.55,5.35,5.35,406,1957.88531,1704375,309375,06-JAN-2025
OPTSTK,GMRAIRPORT,27-Feb-2025,2025-02-27,81.00,PE,0.00,0.00,0.00,6.55,6.65,0,0.00,0,0,06-JAN-2025
OPTSTK,GMRAIRPORT,30-Jan-2025,2025-01-30,90.00,CE,0.20,0.20,0.10,0.15,0.15,714,3620.33437,8105625,-1057500,06-JAN-2025
OPTSTK,GMRAIRPORT,27-Feb-2025,2025-02-27,75.00,PE,3.00,3.05,3.00,3.05,3.30,3,13.168125,106875,16875,06-JAN-2025
OPTSTK,GMRAIRPORT,27-Feb-2025,2025-02-27,77.00,PE,0.00,0.00,0.00,4.55,4.30,0,0.00,0,0,06-JAN-2025
OPTSTK,GMRAIRPORT,30-Jan-2025,2025-01-30,91.00,PE,13.30,13.30,13.30,13.30,14.30,3,17.600625,11250,-11250,06-JAN-2025
OPTSTK,GMRAIRPORT,30-Jan-2025,2025-01-30,91.00,CE,0.10,0.10,0.10,0.10,0.10,8,40.995,337500,-28125,06-JAN-2025
OPTSTK,GMRAIRPORT,27-Mar-2025,2025-03-27,82.00,PE,0.00,0.00,0.00,8.05,8.05,0,0.00,0,0,06-JAN-2025
OPTSTK,GMRAIRPORT,27-Feb-2025,2025-02-27,71.00,CE,0.00,0.00,0.00,11.25,7.95,0,0.00,0,0,06-JAN-2025
OPTSTK,GMRAIRPORT,27-Feb-2025,2025-02-27,86.00,CE,0.00,0.00,0.00,7.00,1.50,0,0.00,0,0,06-JAN-2025
OPTSTK,GMRAIRPORT,30-Jan-2025,2025-01-30,86.00,PE,8.00,9.70,7.95,9.00,9.65,29,154.83375,365625,45000,06-JAN-2025
OPTSTK,GMRAIRPORT,30-Jan-2025,2025-01-30,86.00,CE,0.65,0.70,0.25,0.30,0.30,303,1472.02875,2565000,-16875,06-JAN-2025
OPTSTK,GMRAIRPORT,27-Feb-2025,2025-02-27,90.00,CE,0.70,0.75,0.60,0.65,0.65,27,137.691562,191250,101250,06-JAN-2025
OPTSTK,GMRAIRPORT,30-Jan-2025,2025-01-30,89.00,PE,0.00,0.00,0.00,9.55,12.40,0,0.00,5625,0,06-JAN-2025
OPTSTK,GMRAIRPORT,27-Mar-2025,2025-03-27,78.00,PE,0.00,0.00,0.00,5.95,5.65,0,0.00,0,0,06-JAN-2025
OPTSTK,GMRAIRPORT,30-Jan-2025,2025-01-30,66.00,PE,0.10,0.30,0.10,0.30,0.30,167,622.229062,1265625,405000,06-JAN-2025
OPTSTK,GMRAIRPORT,30-Jan-2025,2025-01-30,66.00,CE,0.00,0.00,0.00,16.45,10.90,0,0.00,0,0,06-JAN-2025
OPTSTK,GMRAIRPORT,27-Feb-2025,2025-02-27,77.00,CE,0.00,0.00,0.00,7.55,4.45,0,0.00,0,0,06-JAN-2025
OPTSTK,GMRAIRPORT,27-Mar-2025,2025-03-27,88.00,CE,0.00,0.00,0.00,4.45,2.05,0,0.00,0,0,06-JAN-2025
OPTSTK,GMRAIRPORT,27-Feb-2025,2025-02-27,78.00,PE,5.00,5.00,5.00,5.00,4.80,2,9.3375,16875,11250,06-JAN-2025
OPTSTK,GMRAIRPORT,30-Jan-2025,2025-01-30,88.00,CE,0.30,0.30,0.20,0.20,0.20,152,754.236562,922500,140625,06-JAN-2025
OPTSTK,GMRAIRPORT,30-Jan-2025,2025-01-30,88.00,PE,9.90,10.00,9.90,10.00,11.50,6,33.0496875,669375,-28125,06-JAN-2025
OPTSTK,GMRAIRPORT,30-Jan-2025,2025-01-30,100.00,PE,0.00,0.00,0.00,20.00,23.15,0,0.00,106875,0,06-JAN-2025
OPTSTK,GMRAIRPORT,27-Feb-2025,2025-02-27,83.00,PE,0.00,0.00,0.00,7.70,8.00,0,0.00,0,0,06-JAN-2025
OPTSTK,GMRAIRPORT,30-Jan-2025,2025-01-30,83.00,CE,1.05,1.20,0.55,0.60,0.60,945,4449.8925,3358125,1406250,06-JAN-2025
OPTSTK,GMRAIRPORT,27-Feb-2025,2025-02-27,83.00,CE,0.00,0.00,0.00,4.80,2.20,0,0.00,0,0,06-JAN-2025
OPTSTK,GMRAIRPORT,27-Mar-2025,2025-03-27,64.00,CE,0.00,0.00,0.00,17.55,14.25,0,0.00,0,0,06-JAN-2025
OPTSTK,GMRAIRPORT,30-Jan-2025,2025-01-30,64.00,PE,0.10,0.20,0.10,0.20,0.20,39,140.712187,208125,196875,06-JAN-2025
OPTSTK,GMRAIRPORT,27-Mar-2025,2025-03-27,64.00,PE,0.00,0.00,0.00,1.35,0.90,0,0.00,0,0,06-JAN-2025
OPTSTK,GMRAIRPORT,30-Jan-2025,2025-01-30,74.00,CE,5.40,5.40,4.00,4.25,4.25,234,1032.91593,157500,39375,06-JAN-2025
OPTIDX,MIDCPNIFTY,27-Feb-2025,2025-02-27,13075.00,PE,0.00,0.00,0.00,688.65,485.05,0,0.00,0,0,06-JAN-2025
OPTIDX,MIDCPNIFTY,27-Feb-2025,2025-02-27,13075.00,CE,0.00,0.00,0.00,425.90,231.80,0,0.00,0,0,06-JAN-2025
OPTIDX,MIDCPNIFTY,30-Jan-2025,2025-01-30,12200.00,PE,34.95,101.60,34.95,89.40,89.40,9740,59737.5786,146000,-35450,06-JAN-2025
OPTIDX,MIDCPNIFTY,27-Feb-2025,2025-02-27,12200.00,CE,0.00,0.00,0.00,879.60,725.00,0,0.00,0,0,06-JAN-2025
OPTIDX,MIDCPNIFTY,27-Mar-2025,2025-03-27,14600.00,PE,0.00,0.00,0.00,1482.55,1722.10,0,0.00,0,0,06-JAN-2025
OPTIDX,MIDCPNIFTY,27-Mar-2025,2025-03-27,14600.00,CE,0.00,0.00,0.00,134.85,33.10,0,0.00,0,0,06-JAN-2025
OPTIDX,MIDCPNIFTY,30-Jan-2025,2025-01-30,12200.00,CE,0.00,0.00,0.00,675.00,600.50,0,0.00,50,0,06-JAN-2025
OPTIDX,MIDCPNIFTY,27-Mar-2025,2025-03-27,13000.00,CE,0.00,0.00,0.00,659.70,370.05,0,0.00,0,0,06-JAN-2025
OPTIDX,MIDCPNIFTY,27-Feb-2025,2025-02-27,13000.00,CE,276.00,285.00,257.00,258.65,258.65,35,557.17494,9480,2760,06-JAN-2025
OPTIDX,MIDCPNIFTY,30-Jan-2025,2025-01-30,13500.00,CE,59.00,69.95,31.95,35.90,35.90,24239,164104.274,260300,49600,06-JAN-2025
OPTIDX,MIDCPNIFTY,27-Mar-2025,2025-03-27,13500.00,PE,0.00,0.00,0.00,695.10,800.35,0,0.00,0,0,06-JAN-2025
OPTIDX,MIDCPNIFTY,27-Mar-2025,2025-03-27,13500.00,CE,0.00,0.00,0.00,427.45,195.20,0,0.00,0,0,06-JAN-2025
OPTIDX,MIDCPNIFTY,27-Feb-2025,2025-02-27,13500.00,CE,0.00,0.00,0.00,247.40,110.90,0,0.00,240,0,06-JAN-2025
OPTIDX,MIDCPNIFTY,27-Feb-2025,2025-02-27,13500.00,PE,0.00,0.00,0.00,961.10,785.10,0,0.00,0,0,06-JAN-2025
OPTIDX,MIDCPNIFTY,30-Jan-2025,2025-01-30,13500.00,PE,500.00,793.65,500.00,791.85,791.85,515,3639.6635,13350,-11750,06-JAN-2025
OPTIDX,MIDCPNIFTY,30-Jan-2025,2025-01-30,12425.00,CE,524.55,528.40,430.50,430.50,427.75,21,135.363875,700,600,06-JAN-2025
OPTIDX,MIDCPNIFTY,27-Mar-2025,2025-03-27,12425.00,PE,0.00,0.00,0.00,225.55,226.40,0,0.00,0,0,06-JAN-2025
OPTIDX,MIDCPNIFTY,27-Mar-2025,2025-03-27,12425.00,CE,0.00,0.00,0.00,1013.45,680.45,0,0.00,0,0,06-JAN-2025
OPTIDX,MIDCPNIFTY,27-Feb-2025,2025-02-27,12425.00,CE,0.00,0.00,0.00,742.20,565.90,0,0.00,0,0,06-JAN-2025
OPTIDX,MIDCPNIFTY,30-Jan-2025,2025-01-30,12425.00,PE,64.10,165.45,60.30,149.55,149.55,1016,6366.09795,20400,950,06-JAN-2025
OPTIDX,MIDCPNIFTY,30-Jan-2025,2025-01-30,11600.00,CE,0.00,0.00,0.00,1171.45,1151.80,0,0.00,0,0,06-JAN-2025
OPTIDX,MIDCPNIFTY,30-Jan-2025,2025-01-30,13900.00,CE,15.35,17.50,9.35,10.50,10.50,9428,65576.0874,83900,-62350,06-JAN-2025
OPTIDX,MIDCPNIFTY,30-Jan-2025,2025-01-30,12775.00,CE,400.00,400.15,229.00,248.30,248.30,10927,71209.5505,34600,23850,06-JAN-2025
OPTIDX,MIDCPNIFTY,30-Jan-2025,2025-01-30,11475.00,PE,9.30,17.00,8.65,15.85,15.85,588,3377.9615,5000,-250,06-JAN-2025
OPTIDX,MIDCPNIFTY,30-Jan-2025,2025-01-30,12575.00,PE,88.50,220.95,84.85,203.95,203.95,2031,12940.9633,14400,3050,06-JAN-2025
OPTIDX,MIDCPNIFTY,27-Feb-2025,2025-02-27,12575.00,CE,0.00,0.00,0.00,658.55,471.75,0,0.00,0,0,06-JAN-2025
OPTIDX,MIDCPNIFTY,30-Jan-2025,2025-01-30,12575.00,CE,389.00,389.00,336.30,355.35,355.35,44,284.481575,1550,800,06-JAN-2025
OPTIDX,MIDCPNIFTY,27-Mar-2025,2025-03-27,12575.00,PE,0.00,0.00,0.00,271.80,281.60,0,0.00,0,0,06-JAN-2025
OPTIDX,MIDCPNIFTY,27-Mar-2025,2025-03-27,12575.00,CE,0.00,0.00,0.00,912.40,587.85,0,0.00,0,0,06-JAN-2025
OPTIDX,MIDCPNIFTY,27-Feb-2025,2025-02-27,12575.00,PE,0.00,0.00,0.00,430.35,229.80,0,0.00,0,0,06-JAN-2025
OPTIDX,MIDCPNIFTY,30-Jan-2025,2025-01-30,13050.00,CE,255.00,257.00,119.25,132.25,132.25,11436,75609.7829,79050,17550,06-JAN-2025
OPTSTK,DMART,27-Mar-2025,2025-03-27,3400.00,CE,0.00,0.00,0.00,320.50,616.10,0,0.00,0,0,06-JAN-2025
OPTSTK,DMART,30-Jan-2025,2025-01-30,4550.00,CE,25.20,27.75,15.70,17.05,17.05,1597,10947.7596,87000,17700,06-JAN-2025
OPTSTK,DMART,27-Feb-2025,2025-02-27,4550.00,PE,0.00,0.00,0.00,988.90,598.10,0,0.00,0,0,06-JAN-2025
OPTSTK,TATACONSUM,27-Feb-2025,2025-02-27,850.00,PE,0.00,0.00,0.00,17.70,4.40,0,0.00,0,0,06-JAN-2025
OPTSTK,TATACONSUM,30-Jan-2025,2025-01-30,850.00,CE,0.00,0.00,0.00,81.30,101.60,0,0.00,4104,0,06-JAN-2025
OPTSTK,DMART,27-Mar-2025,2025-03-27,3300.00,PE,0.00,0.00,0.00,110.55,19.80,0,0.00,0,0,06-JAN-2025
OPTSTK,DMART,27-Feb-2025,2025-02-27,3300.00,PE,0.00,0.00,0.00,14.50,8.40,0,0.00,750,0,06-JAN-2025
OPTSTK,DMART,27-Feb-2025,2025-02-27,3550.00,CE,0.00,0.00,0.00,193.60,453.75,0,0.00,0,0,06-JAN-2025
OPTSTK,TATACONSUM,30-Jan-2025,2025-01-30,920.00,CE,36.40,47.10,29.85,40.85,40.85,893,3900.53576,200184,-29184,06-JAN-2025
OPTSTK,DMART,30-Jan-2025,2025-01-30,4350.00,CE,51.00,54.55,32.75,34.15,34.15,414,2727.1665,21150,2100,06-JAN-2025
OPTSTK,DMART,27-Feb-2025,2025-02-27,4350.00,PE,0.00,0.00,0.00,800.10,428.85,0,0.00,0,0,06-JAN-2025
OPTSTK,DMART,30-Jan-2025,2025-01-30,4350.00,PE,353.85,366.75,350.15,366.75,411.90,7,49.407225,1200,1050,06-JAN-2025
OPTSTK,DMART,27-Feb-2025,2025-02-27,4350.00,CE,0.00,0.00,0.00,16.30,55.25,0,0.00,0,0,06-JAN-2025
OPTSTK,DMART,27-Feb-2025,2025-02-27,3450.00,PE,0.00,0.00,0.00,140.00,20.80,0,0.00,0,0,06-JAN-2025
OPTSTK,TATACONSUM,27-Mar-2025,2025-03-27,820.00,PE,0.00,0.00,0.00,15.15,4.25,0,0.00,0,0,06-JAN-2025
OPTSTK,DMART,27-Feb-2025,2025-02-27,3800.00,PE,0.00,0.00,0.00,252.45,100.70,0,0.00,0,0,06-JAN-2025
OPTSTK,DMART,30-Jan-2025,2025-01-30,3800.00,CE,285.65,321.00,221.00,231.15,231.15,181,1105.1706,60900,-5250,06-JAN-2025
OPTSTK,DMART,27-Mar-2025,2025-03-27,3800.00,CE,0.00,0.00,0.00,142.35,322.55,0,0.00,0,0,06-JAN-2025
OPTSTK,DMART,30-Jan-2025,2025-01-30,4150.00,CE,96.05,114.00,67.00,71.05,71.05,763,4851.36352,78000,-1050,06-JAN-2025
OPTSTK,TATACONSUM,27-Mar-2025,2025-03-27,880.00,CE,0.00,0.00,0.00,71.05,93.85,0,0.00,0,0,06-JAN-2025
OPTSTK,DMART,30-Jan-2025,2025-01-30,3200.00,CE,0.00,0.00,0.00,311.00,749.15,0,0.00,0,0,06-JAN-2025
OPTSTK,TATACONSUM,30-Jan-2025,2025-01-30,850.00,PE,1.95,2.55,1.85,2.10,2.10,393,1527.03592,225264,13680,06-JAN-2025
OPTSTK,TATACONSUM,27-Feb-2025,2025-02-27,850.00,CE,0.00,0.00,0.00,79.30,109.40,0,0.00,0,0,06-JAN-2025
OPTSTK,DMART,30-Jan-2025,2025-01-30,4150.00,PE,178.80,264.10,178.80,264.10,264.10,66,432.547575,7350,-900,06-JAN-2025
OPTSTK,TATACONSUM,30-Jan-2025,2025-01-30,1060.00,CE,2.10,2.10,1.55,1.65,1.65,145,702.02454,32832,26448,06-JAN-2025
OPTSTK,TATACONSUM,30-Jan-2025,2025-01-30,780.00,CE,0.00,0.00,0.00,238.05,170.35,0,0.00,0,0,06-JAN-2025
OPTSTK,TATACONSUM,30-Jan-2025,2025-01-30,780.00,PE,0.50,0.55,0.35,0.50,0.50,37,131.681856,168264,0,06-JAN-2025
OPTSTK,TATACONSUM,27-Feb-2025,2025-02-27,780.00,PE,0.00,0.00,0.00,4.25,0.45,0,0.00,0,0,06-JAN-2025
OPTSTK,TATACONSUM,27-Feb-2025,2025-02-27,1000.00,CE,16.00,19.50,15.00,19.50,19.50,9,41.714424,12768,912,06-JAN-2025
OPTSTK,TATACONSUM,30-Jan-2025,2025-01-30,1000.00,PE,66.00,69.00,51.85,56.20,56.20,83,401.17968,209304,5472,06-JAN-2025
OPTSTK,TATACONSUM,27-Mar-2025,2025-03-27,960.00,PE,0.00,0.00,0.00,76.20,43.95,0,0.00,0,0,06-JAN-2025
OPTSTK,DMART,27-Feb-2025,2025-02-27,3900.00,CE,0.00,0.00,0.00,294.30,213.60,0,0.00,150,0,06-JAN-2025
OPTSTK,TITAN,27-Mar-2025,2025-03-27,3800.00,CE,0.00,0.00,0.00,51.85,54.45,0,0.00,0,0,06-JAN-2025
OPTSTK,TITAN,27-Mar-2025,2025-03-27,3800.00,PE,0.00,0.00,0.00,460.15,328.25,0,0.00,0,0,06-JAN-2025
OPTSTK,TITAN,27-Feb-2025,2025-02-27,3800.00,CE,45.00,46.00,37.45,38.00,29.25,8,53.77225,1400,1400,06-JAN-2025
OPTSTK,TITAN,27-Feb-2025,2025-02-27,3600.00,PE,149.90,175.30,147.25,165.50,174.75,26,171.092862,4900,875,06-JAN-2025
OPTSTK,TITAN,27-Mar-2025,2025-03-27,3500.00,PE,0.00,0.00,0.00,244.80,137.30,0,0.00,0,0,06-JAN-2025
OPTSTK,TITAN,30-Jan-2025,2025-01-30,3500.00,PE,94.55,112.00,62.00,91.30,91.30,8879,55634.4462,145600,20650,06-JAN-2025
OPTSTK,TITAN,27-Feb-2025,2025-02-27,3650.00,CE,0.00,0.00,0.00,53.70,63.20,0,0.00,0,0,06-JAN-2025
OPTSTK,TITAN,30-Jan-2025,2025-01-30,3750.00,PE,267.20,267.20,264.85,264.85,273.85,5,35.1428,875,875,06-JAN-2025
OPTSTK,TITAN,27-Feb-2025,2025-02-27,3750.00,PE,0.00,0.00,0.00,415.40,282.00,0,0.00,0,0,06-JAN-2025
OPTSTK,TITAN,27-Feb-2025,2025-02-27,3350.00,PE,0.00,0.00,0.00,141.45,56.25,0,0.00,0,0,06-JAN-2025
OPTSTK,TITAN,27-Mar-2025,2025-03-27,3700.00,CE,0.00,0.00,0.00,72.05,80.30,0,0.00,0,0,06-JAN-2025
OPTSTK,TITAN,27-Feb-2025,2025-02-27,3100.00,CE,0.00,0.00,0.00,268.15,410.05,0,0.00,0,0,06-JAN-2025
OPTSTK,TITAN,27-Mar-2025,2025-03-27,3100.00,CE,0.00,0.00,0.00,346.20,435.90,0,0.00,0,0,06-JAN-2025
OPTSTK,TITAN,27-Feb-2025,2025-02-27,3250.00,PE,0.00,0.00,0.00,96.70,30.65,0,0.00,0,0,06-JAN-2025
OPTSTK,TITAN,30-Jan-2025,2025-01-30,3250.00,CE,287.00,295.00,232.45,232.45,246.00,14,86.3499875,22400,-2100,06-JAN-2025
OPTSTK,TITAN,27-Mar-2025,2025-03-27,3300.00,CE,0.00,0.00,0.00,221.40,278.85,0,0.00,0,0,06-JAN-2025
OPTSTK,TITAN,27-Mar-2025,2025-03-27,3300.00,PE,0.00,0.00,0.00,120.00,60.00,0,0.00,175,0,06-JAN-2025
OPTSTK,TITAN,27-Feb-2025,2025-02-27,3050.00,PE,0.00,0.00,0.00,37.60,6.45,0,0.00,0,0,06-JAN-2025
OPTSTK,TITAN,27-Feb-2025,2025-02-27,2950.00,CE,0.00,0.00,0.00,431.00,551.05,0,0.00,0,0,06-JAN-2025
OPTSTK,TITAN,27-Feb-2025,2025-02-27,2950.00,PE,0.00,0.00,0.00,20.95,2.40,0,0.00,0,0,06-JAN-2025
OPTSTK,TITAN,27-Mar-2025,2025-03-27,3200.00,CE,0.00,0.00,0.00,279.50,353.35,0,0.00,0,0,06-JAN-2025
OPTSTK,TITAN,27-Feb-2025,2025-02-27,3750.00,CE,0.00,0.00,0.00,35.45,38.30,0,0.00,0,0,06-JAN-2025
OPTSTK,TITAN,30-Jan-2025,2025-01-30,3750.00,CE,18.00,21.45,11.30,12.55,12.55,3933,25921.7560,145600,48475,06-JAN-2025
OPTSTK,TITAN,27-Mar-2025,2025-03-27,4000.00,PE,0.00,0.00,0.00,630.25,493.70,0,0.00,0,0,06-JAN-2025
OPTSTK,TITAN,27-Feb-2025,2025-02-27,3000.00,CE,0.00,0.00,0.00,334.15,503.10,0,0.00,0,0,06-JAN-2025
OPTSTK,TITAN,30-Jan-2025,2025-01-30,3900.00,CE,6.30,8.35,4.20,4.50,4.50,5233,35772.0124,127925,42700,06-JAN-2025
OPTSTK,TITAN,27-Mar-2025,2025-03-27,3900.00,CE,0.00,0.00,0.00,36.70,35.80,0,0.00,0,0,06-JAN-2025
OPTSTK,TITAN,27-Mar-2025,2025-03-27,3700.00,PE,0.00,0.00,0.00,382.15,255.55,0,0.00,0,0,06-JAN-2025
OPTSTK,TITAN,30-Jan-2025,2025-01-30,2700.00,PE,0.80,1.20,0.80,1.20,0.05,4,18.907,25900,-350,06-JAN-2025
OPTSTK,TITAN,27-Mar-2025,2025-03-27,3500.00,CE,0.00,0.00,0.00,131.05,159.10,0,0.00,0,0,06-JAN-2025
OPTSTK,TITAN,27-Feb-2025,2025-02-27,3500.00,PE,98.00,130.45,98.00,130.45,130.45,101,637.992687,8575,8050,06-JAN-2025
OPTSTK,TITAN,27-Feb-2025,2025-02-27,3500.00,CE,152.80,152.80,122.15,135.00,121.55,14,89.0904,7000,1750,06-JAN-2025
OPTSTK,NMDC,27-Feb-2025,2025-02-27,63.00,PE,0.00,0.00,0.00,2.00,2.55,0,0.00,0,0,06-JAN-2025
OPTSTK,NMDC,27-Feb-2025,2025-02-27,63.00,CE,0.00,0.00,0.00,9.10,5.05,0,0.00,0,0,06-JAN-2025
OPTSTK,NMDC,30-Jan-2025,2025-01-30,78.00,CE,0.15,0.20,0.15,0.20,0.20,64,675.2295,1174500,283500,06-JAN-2025
OPTSTK,NMDC,27-Feb-2025,2025-02-27,78.00,PE,0.00,0.00,0.00,10.00,12.90,0,0.00,0,0,06-JAN-2025
OPTSTK,NMDC,30-Jan-2025,2025-01-30,59.00,CE,0.00,0.00,0.00,11.10,6.65,0,0.00,0,0,06-JAN-2025
OPTSTK,NMDC,30-Jan-2025,2025-01-30,68.35,PE,2.80,4.40,2.80,4.35,4.35,238,2316.60675,3820500,-607500,06-JAN-2025
OPTSTK,NMDC,27-Feb-2025,2025-02-27,65.00,PE,2.10,3.15,2.10,3.10,3.50,37,339.012,445500,54000,06-JAN-2025
OPTSTK,NMDC,27-Feb-2025,2025-02-27,65.00,CE,4.00,4.00,3.75,3.75,3.75,5,46.5075,54000,54000,06-JAN-2025
OPTSTK,NMDC,30-Jan-2025,2025-01-30,65.00,CE,3.50,3.60,2.45,2.55,2.55,333,3047.83425,3982500,1242000,06-JAN-2025
OPTSTK,NMDC,30-Jan-2025,2025-01-30,63.00,PE,0.85,1.55,0.80,1.45,1.45,382,3307.5945,1890000,-553500,06-JAN-2025
OPTSTK,NMDC,30-Jan-2025,2025-01-30,61.65,PE,0.60,1.10,0.60,1.05,1.05,185,1561.1805,1890000,297000,06-JAN-2025
OPTSTK,NMDC,27-Feb-2025,2025-02-27,69.00,PE,0.00,0.00,0.00,4.40,5.80,0,0.00,0,0,06-JAN-2025
OPTSTK,NMDC,27-Feb-2025,2025-02-27,73.00,PE,0.00,0.00,0.00,6.60,8.70,0,0.00,0,0,06-JAN-2025
OPTSTK,NMDC,30-Jan-2025,2025-01-30,73.00,PE,6.40,6.40,6.40,6.40,8.20,3,32.157,175500,0,06-JAN-2025
OPTSTK,NMDC,27-Mar-2025,2025-03-27,60.00,CE,0.00,0.00,0.00,42.25,7.90,0,0.00,0,0,06-JAN-2025
OPTSTK,NMDC,30-Jan-2025,2025-01-30,60.00,PE,0.70,0.75,0.35,0.70,0.70,754,6164.43075,7641000,540000,06-JAN-2025
OPTSTK,NMDC,27-Feb-2025,2025-02-27,60.00,PE,0.90,1.40,0.90,1.35,1.35,99,817.3575,783000,459000,06-JAN-2025
OPTSTK,NMDC,30-Jan-2025,2025-01-30,60.00,CE,6.70,7.20,5.95,6.05,6.05,26,232.929,324000,54000,06-JAN-2025
OPTSTK,NMDC,27-Feb-2025,2025-02-27,60.00,CE,0.00,0.00,0.00,53.90,6.95,0,0.00,0,0,06-JAN-2025
OPTSTK,NMDC,27-Mar-2025,2025-03-27,60.00,PE,0.00,0.00,0.00,4.55,2.15,0,0.00,0,0,06-JAN-2025
OPTSTK,NMDC,27-Feb-2025,2025-02-27,64.00,CE,0.00,0.00,0.00,8.40,4.50,0,0.00,0,0,06-JAN-2025
OPTSTK,NMDC,27-Mar-2025,2025-03-27,64.00,PE,0.00,0.00,0.00,3.10,3.70,0,0.00,0,0,06-JAN-2025
OPTSTK,NMDC,30-Jan-2025,2025-01-30,64.00,CE,3.75,4.25,3.10,3.15,3.15,159,1450.386,607500,-270000,06-JAN-2025
OPTSTK,NMDC,27-Feb-2025,2025-02-27,64.00,PE,2.05,2.05,2.05,2.05,3.00,1,8.91675,13500,13500,06-JAN-2025
OPTSTK,NMDC,27-Mar-2025,2025-03-27,64.00,CE,0.00,0.00,0.00,9.50,5.55,0,0.00,0,0,06-JAN-2025
OPTSTK,NMDC,30-Jan-2025,2025-01-30,64.00,PE,1.15,1.95,1.05,1.85,1.85,527,4658.2965,2970000,162000,06-JAN-2025
OPTSTK,NMDC,30-Jan-2025,2025-01-30,78.35,CE,0.15,0.15,0.10,0.15,0.10,138,1462.40775,4495500,-54000,06-JAN-2025
OPTSTK,NMDC,30-Jan-2025,2025-01-30,58.00,PE,0.25,0.40,0.25,0.40,0.40,145,1141.7355,864000,337500,06-JAN-2025
OPTSTK,NMDC,30-Jan-2025,2025-01-30,58.00,CE,0.00,0.00,0.00,12.00,7.50,0,0.00,0,0,06-JAN-2025
OPTSTK,NMDC,27-Mar-2025,2025-03-27,58.00,CE,0.00,0.00,0.00,13.70,9.30,0,0.00,0,0,06-JAN-2025
OPTSTK,NMDC,27-Mar-2025,2025-03-27,58.00,PE,0.00,0.00,0.00,1.40,1.55,0,0.00,0,0,06-JAN-2025
OPTSTK,NMDC,27-Feb-2025,2025-02-27,58.00,PE,0.00,0.00,0.00,0.85,1.00,0,0.00,0,0,06-JAN-2025
OPTSTK,NMDC,27-Feb-2025,2025-02-27,74.00,PE,0.00,0.00,0.00,7.25,9.50,0,0.00,0,0,06-JAN-2025
OPTSTK,RAMCOCEM,27-Feb-2025,2025-02-27,1060.00,PE,0.00,0.00,0.00,100.50,106.30,0,0.00,0,0,06-JAN-2025
OPTSTK,RAMCOCEM,30-Jan-2025,2025-01-30,1000.00,CE,19.10,19.15,9.85,10.70,10.70,369,3180.1526,219300,-17850,06-JAN-2025
OPTSTK,RAMCOCEM,27-Mar-2025,2025-03-27,1000.00,PE,0.00,0.00,0.00,64.20,66.15,0,0.00,0,0,06-JAN-2025
OPTSTK,RAMCOCEM,27-Feb-2025,2025-02-27,1090.00,CE,0.00,0.00,0.00,17.85,5.00,0,0.00,0,0,06-JAN-2025
OPTSTK,RAMCOCEM,30-Jan-2025,2025-01-30,1000.00,PE,31.90,53.95,31.90,53.95,53.95,38,335.745325,79900,8500,06-JAN-2025
OPTSTK,RAMCOCEM,27-Mar-2025,2025-03-27,960.00,CE,0.00,0.00,0.00,78.70,49.95,0,0.00,0,0,06-JAN-2025
OPTSTK,RAMCOCEM,27-Feb-2025,2025-02-27,1140.00,PE,0.00,0.00,0.00,160.90,178.80,0,0.00,0,0,06-JAN-2025
OPTSTK,RAMCOCEM,30-Jan-2025,2025-01-30,900.00,CE,0.00,0.00,0.00,90.00,62.45,0,0.00,7650,0,06-JAN-2025
OPTSTK,RAMCOCEM,27-Mar-2025,2025-03-27,900.00,CE,0.00,0.00,0.00,116.15,85.30,0,0.00,0,0,06-JAN-2025
OPTSTK,RAMCOCEM,27-Feb-2025,2025-02-27,900.00,PE,0.00,0.00,0.00,22.80,14.00,0,0.00,0,0,06-JAN-2025
OPTSTK,RAMCOCEM,27-Mar-2025,2025-03-27,840.00,CE,0.00,0.00,0.00,162.00,131.55,0,0.00,0,0,06-JAN-2025
OPTSTK,RAMCOCEM,30-Jan-2025,2025-01-30,840.00,PE,0.00,0.00,0.00,0.55,0.65,0,0.00,11900,0,06-JAN-2025
OPTSTK,RAMCOCEM,27-Feb-2025,2025-02-27,1120.00,PE,0.00,0.00,0.00,144.80,159.90,0,0.00,0,0,06-JAN-2025
OPTSTK,RAMCOCEM,27-Mar-2025,2025-03-27,1080.00,CE,0.00,0.00,0.00,30.50,12.50,0,0.00,0,0,06-JAN-2025
OPTSTK,RAMCOCEM,27-Mar-2025,2025-03-27,1080.00,PE,0.00,0.00,0.00,114.45,124.50,0,0.00,0,0,06-JAN-2025
OPTSTK,RAMCOCEM,30-Jan-2025,2025-01-30,870.00,CE,99.45,100.45,99.45,100.45,88.25,2,16.48915,1700,-1700,06-JAN-2025
OPTSTK,RAMCOCEM,30-Jan-2025,2025-01-30,870.00,PE,1.95,1.95,1.95,1.95,2.25,1,7.411575,14450,-850,06-JAN-2025
OPTSTK,RAMCOCEM,27-Feb-2025,2025-02-27,870.00,PE,0.00,0.00,0.00,10.45,7.50,0,0.00,0,0,06-JAN-2025
OPTSTK,RAMCOCEM,27-Mar-2025,2025-03-27,800.00,PE,0.00,0.00,0.00,5.30,2.95,0,0.00,0,0,06-JAN-2025
OPTSTK,RAMCOCEM,30-Jan-2025,2025-01-30,1130.00,CE,0.00,0.00,0.00,1.00,0.15,0,0.00,850,0,06-JAN-2025
OPTSTK,RAMCOCEM,30-Jan-2025,2025-01-30,1090.00,CE,2.25,2.25,2.20,2.20,0.70,2,18.567825,9350,1700,06-JAN-2025
OPTSTK,RAMCOCEM,30-Jan-2025,2025-01-30,1090.00,PE,0.00,0.00,0.00,118.10,133.70,0,0.00,0,0,06-JAN-2025
OPTSTK,RAMCOCEM,27-Feb-2025,2025-02-27,1090.00,PE,0.00,0.00,0.00,117.65,132.40,0,0.00,0,0,06-JAN-2025
OPTSTK,RAMCOCEM,30-Jan-2025,2025-01-30,930.00,PE,7.25,17.15,6.85,16.35,16.35,88,704.95345,28050,2550,06-JAN-2025
OPTSTK,RAMCOCEM,30-Jan-2025,2025-01-30,930.00,CE,49.40,49.40,42.05,42.05,42.05,13,107.752375,5950,2550,06-JAN-2025
OPTSTK,RAMCOCEM,27-Feb-2025,2025-02-27,1070.00,PE,0.00,0.00,0.00,102.45,114.85,0,0.00,0,0,06-JAN-2025
OPTSTK,RAMCOCEM,27-Feb-2025,2025-02-27,1070.00,CE,0.00,0.00,0.00,22.45,7.20,0,0.00,0,0,06-JAN-2025
OPTSTK,RAMCOCEM,30-Jan-2025,2025-01-30,1070.00,PE,0.00,0.00,0.00,102.80,114.50,0,0.00,0,0,06-JAN-2025
OPTSTK,RAMCOCEM,30-Jan-2025,2025-01-30,840.00,CE,0.00,0.00,0.00,88.45,116.50,0,0.00,0,0,06-JAN-2025
OPTSTK,RAMCOCEM,30-Jan-2025,2025-01-30,1030.00,PE,71.80,71.80,71.80,71.80,77.90,1,9.3653,11050,-850,06-JAN-2025
OPTSTK,RAMCOCEM,27-Feb-2025,2025-02-27,1030.00,PE,0.00,0.00,0.00,74.85,82.20,0,0.00,0,0,06-JAN-2025
OPTSTK,RAMCOCEM,30-Jan-2025,2025-01-30,890.00,PE,2.40,7.25,2.35,7.20,7.20,66,501.943275,62050,12750,06-JAN-2025
OPTSTK,IGL,27-Mar-2025,2025-03-27,400.00,PE,0.00,0.00,0.00,39.15,18.70,0,0.00,0,0,06-JAN-2025
OPTSTK,CGPOWER,27-Feb-2025,2025-02-27,720.00,PE,0.00,0.00,0.00,44.40,38.70,0,0.00,0,0,06-JAN-2025
OPTSTK,CGPOWER,27-Mar-2025,2025-03-27,720.00,PE,0.00,0.00,0.00,46.45,46.20,0,0.00,0,0,06-JAN-2025
OPTSTK,CGPOWER,30-Jan-2025,2025-01-30,720.00,PE,21.95,31.35,19.15,29.05,29.05,203,1097.0439,96425,-5800,06-JAN-2025
OPTSTK,CGPOWER,27-Mar-2025,2025-03-27,680.00,PE,0.00,0.00,0.00,30.70,28.35,0,0.00,0,0,06-JAN-2025
OPTSTK,CGPOWER,30-Jan-2025,2025-01-30,720.00,CE,37.35,37.35,24.15,26.35,26.35,35,189.779625,30450,3625,06-JAN-2025
OPTSTK,IGL,30-Jan-2025,2025-01-30,510.00,PE,0.00,0.00,0.00,144.35,84.50,0,0.00,0,0,06-JAN-2025
OPTSTK,IGL,27-Mar-2025,2025-03-27,510.00,CE,0.00,0.00,0.00,8.65,9.30,0,0.00,0,0,06-JAN-2025
OPTSTK,CGPOWER,30-Jan-2025,2025-01-30,830.00,PE,0.00,0.00,0.00,97.55,113.90,0,0.00,0,0,06-JAN-2025
OPTSTK,CGPOWER,27-Feb-2025,2025-02-27,650.00,PE,0.00,0.00,0.00,14.85,12.20,0,0.00,0,0,06-JAN-2025
OPTSTK,IGL,27-Feb-2025,2025-02-27,350.00,CE,0.00,0.00,0.00,57.40,80.25,0,0.00,0,0,06-JAN-2025
OPTSTK,IGL,27-Mar-2025,2025-03-27,350.00,CE,0.00,0.00,0.00,63.80,84.65,0,0.00,0,0,06-JAN-2025
OPTSTK,IGL,30-Jan-2025,2025-01-30,350.00,PE,0.45,1.20,0.45,0.85,0.85,195,940.957187,631125,77000,06-JAN-2025
OPTSTK,IGL,27-Mar-2025,2025-03-27,430.00,PE,0.00,0.00,0.00,57.30,32.40,0,0.00,0,0,06-JAN-2025
OPTSTK,IGL,30-Jan-2025,2025-01-30,330.00,PE,0.45,0.60,0.45,0.60,0.10,99,449.888312,354750,-48125,06-JAN-2025
OPTSTK,IGL,30-Jan-2025,2025-01-30,355.00,CE,0.00,0.00,0.00,46.35,71.45,0,0.00,0,0,06-JAN-2025
OPTSTK,CGPOWER,27-Mar-2025,2025-03-27,880.00,PE,0.00,0.00,0.00,145.95,161.45,0,0.00,0,0,06-JAN-2025
OPTSTK,CGPOWER,30-Jan-2025,2025-01-30,870.00,CE,0.00,0.00,0.00,2.20,0.55,0,0.00,60175,0,06-JAN-2025
OPTSTK,CGPOWER,27-Feb-2025,2025-02-27,730.00,CE,0.00,0.00,0.00,65.30,35.35,0,0.00,0,0,06-JAN-2025
OPTSTK,CGPOWER,30-Jan-2025,2025-01-30,830.00,CE,4.00,4.00,2.50,2.50,1.85,3,18.1202875,16675,-1450,06-JAN-2025
OPTSTK,IGL,27-Feb-2025,2025-02-27,360.00,CE,0.00,0.00,0.00,18.15,71.60,0,0.00,0,0,06-JAN-2025
OPTSTK,IGL,27-Feb-2025,2025-02-27,440.00,CE,17.50,17.50,12.65,13.20,21.25,15,93.702125,88000,6875,06-JAN-2025
OPTSTK,IGL,30-Jan-2025,2025-01-30,440.00,CE,13.05,14.45,6.05,7.45,7.45,2400,14794.3413,1546875,247500,06-JAN-2025
OPTSTK,IGL,27-Mar-2025,2025-03-27,440.00,PE,0.00,0.00,0.00,64.05,37.90,0,0.00,0,0,06-JAN-2025
OPTSTK,IGL,27-Feb-2025,2025-02-27,360.00,PE,3.20,3.20,3.20,3.20,4.05,2,9.988,27500,-2750,06-JAN-2025
OPTSTK,IGL,30-Jan-2025,2025-01-30,320.00,CE,0.00,0.00,0.00,53.15,105.60,0,0.00,1375,0,06-JAN-2025
OPTSTK,IGL,27-Feb-2025,2025-02-27,395.00,PE,0.00,0.00,0.00,31.30,12.15,0,0.00,0,0,06-JAN-2025
OPTSTK,IGL,27-Feb-2025,2025-02-27,455.00,CE,0.00,0.00,0.00,12.30,15.90,0,0.00,0,0,06-JAN-2025
OPTSTK,IGL,27-Mar-2025,2025-03-27,340.00,PE,0.00,0.00,0.00,13.80,3.90,0,0.00,0,0,06-JAN-2025
OPTSTK,IGL,30-Jan-2025,2025-01-30,340.00,CE,0.00,0.00,0.00,62.70,85.90,0,0.00,12375,0,06-JAN-2025
OPTSTK,IGL,27-Feb-2025,2025-02-27,340.00,PE,0.00,0.00,0.00,39.15,1.80,0,0.00,0,0,06-JAN-2025
OPTSTK,CGPOWER,30-Jan-2025,2025-01-30,600.00,PE,1.30,1.45,0.75,1.40,0.65,109,475.094312,142825,25375,06-JAN-2025
OPTSTK,CGPOWER,27-Mar-2025,2025-03-27,600.00,CE,0.00,0.00,0.00,165.20,130.65,0,0.00,0,0,06-JAN-2025
OPTSTK,ZOMATO,27-Feb-2025,2025-02-27,245.00,CE,0.00,0.00,0.00,39.85,28.95,0,0.00,0,0,06-JAN-2025
OPTSTK,ZOMATO,30-Jan-2025,2025-01-30,240.00,CE,31.80,31.90,26.45,27.90,27.90,45,241.574,58000,48000,06-JAN-2025
OPTSTK,ZOMATO,27-Mar-2025,2025-03-27,290.00,CE,0.00,0.00,0.00,21.35,11.90,0,0.00,0,0,06-JAN-2025
OPTSTK,ZOMATO,27-Feb-2025,2025-02-27,290.00,PE,0.00,0.00,0.00,27.20,30.25,0,0.00,0,0,06-JAN-2025
OPTSTK,ZOMATO,27-Mar-2025,2025-03-27,290.00,PE,0.00,0.00,0.00,32.90,32.80,0,0.00,0,0,06-JAN-2025
OPTSTK,ZOMATO,27-Feb-2025,2025-02-27,260.00,CE,0.00,0.00,0.00,44.65,19.75,0,0.00,0,0,06-JAN-2025
OPTSTK,ZOMATO,27-Feb-2025,2025-02-27,260.00,PE,0.00,0.00,0.00,9.00,12.45,0,0.00,4000,0,06-JAN-2025
OPTSTK,ZOMATO,30-Jan-2025,2025-01-30,260.00,PE,5.00,9.55,4.05,8.55,8.55,3182,16992.199,3398000,-86000,06-JAN-2025
OPTSTK,ZOMATO,30-Jan-2025,2025-01-30,260.00,CE,18.50,18.85,12.65,13.95,13.95,1591,8722.575,1772000,1132000,06-JAN-2025
OPTSTK,ZOMATO,27-Mar-2025,2025-03-27,270.00,CE,0.00,0.00,0.00,30.05,19.35,0,0.00,0,0,06-JAN-2025
OPTSTK,ZOMATO,27-Mar-2025,2025-03-27,260.00,CE,0.00,0.00,0.00,35.25,24.20,0,0.00,0,0,06-JAN-2025
OPTSTK,ZOMATO,30-Jan-2025,2025-01-30,335.00,CE,0.45,0.45,0.35,0.35,0.35,204,1368.437,632000,-88000,06-JAN-2025
OPTSTK,ZOMATO,27-Mar-2025,2025-03-27,280.00,PE,25.00,25.00,25.00,25.00,26.30,1,6.1,2000,2000,06-JAN-2025
OPTSTK,ZOMATO,27-Feb-2025,2025-02-27,230.00,PE,2.60,4.65,2.55,3.90,3.15,44,205.418,80000,52000,06-JAN-2025
OPTSTK,ZOMATO,30-Jan-2025,2025-01-30,320.00,PE,0.00,0.00,0.00,40.90,54.15,0,0.00,54000,0,06-JAN-2025
OPTSTK,ZOMATO,27-Feb-2025,2025-02-27,295.00,CE,0.00,0.00,0.00,14.60,6.60,0,0.00,0,0,06-JAN-2025
OPTSTK,ZOMATO,30-Jan-2025,2025-01-30,295.00,PE,24.20,32.90,23.65,32.00,32.00,38,245.756,550000,6000,06-JAN-2025
OPTSTK,ZOMATO,27-Feb-2025,2025-02-27,295.00,PE,0.00,0.00,0.00,32.70,33.95,0,0.00,0,0,06-JAN-2025
OPTSTK,ZOMATO,30-Jan-2025,2025-01-30,330.00,PE,67.85,67.85,67.85,67.85,67.85,5,39.785,52000,0,06-JAN-2025
OPTSTK,ZOMATO,30-Jan-2025,2025-01-30,325.00,CE,0.65,0.65,0.40,0.50,0.50,126,820.306,330000,2000,06-JAN-2025
OPTSTK,ZOMATO,30-Jan-2025,2025-01-30,325.00,PE,0.00,0.00,0.00,45.90,59.00,0,0.00,0,0,06-JAN-2025
FUTSTK,ZOMATO,27-Mar-2025,2025-03-27,,,277.45,279.10,266.80,268.50,268.50,102,555.058,194000,50000,06-JAN-2025
OPTSTK,ZOMATO,27-Mar-2025,2025-03-27,250.00,PE,0.00,0.00,0.00,13.40,11.35,0,0.00,0,0,06-JAN-2025
OPTSTK,ZOMATO,30-Jan-2025,2025-01-30,250.00,PE,2.50,6.00,2.20,5.15,5.15,5422,27566.107,9334000,398000,06-JAN-2025
OPTSTK,ZOMATO,27-Feb-2025,2025-02-27,285.00,PE,0.00,0.00,0.00,26.50,26.75,0,0.00,0,0,06-JAN-2025
OPTSTK,ZOMATO,30-Jan-2025,2025-01-30,340.00,CE,0.30,0.35,0.25,0.30,0.30,222,1510.941,3304000,84000,06-JAN-2025
OPTSTK,ZOMATO,30-Jan-2025,2025-01-30,270.00,PE,8.25,14.60,7.25,13.35,13.35,4164,23420.494,2956000,144000,06-JAN-2025
OPTSTK,ZOMATO,27-Feb-2025,2025-02-27,255.00,PE,0.00,0.00,0.00,11.95,10.30,0,0.00,0,0,06-JAN-2025
OPTSTK,ZOMATO,27-Feb-2025,2025-02-27,255.00,CE,0.00,0.00,0.00,33.35,22.60,0,0.00,0,0,06-JAN-2025
OPTSTK,ZOMATO,30-Jan-2025,2025-01-30,265.00,PE,6.70,11.95,5.55,10.85,10.85,2475,13578.265,1044000,276000,06-JAN-2025
OPTSTK,ZOMATO,27-Feb-2025,2025-02-27,270.00,PE,11.90,18.20,11.90,18.20,17.45,16,91.532,36000,16000,06-JAN-2025
OPTSTK,ZOMATO,27-Feb-2025,2025-02-27,300.00,CE,7.70,7.70,5.35,6.10,6.10,46,282.013,138000,24000,06-JAN-2025
OPTSTK,ADANIENSOL,27-Feb-2025,2025-02-27,740.00,PE,0.00,0.00,0.00,64.80,52.20,0,0.00,0,0,06-JAN-2025
OPTSTK,ADANIENSOL,27-Mar-2025,2025-03-27,920.00,CE,0.00,0.00,0.00,75.55,41.25,0,0.00,0,0,06-JAN-2025
OPTSTK,ADANIENSOL,27-Mar-2025,2025-03-27,760.00,CE,0.00,0.00,0.00,136.45,96.20,0,0.00,0,0,06-JAN-2025
OPTSTK,ADANIENSOL,27-Feb-2025,2025-02-27,740.00,CE,0.00,0.00,0.00,126.35,87.95,0,0.00,0,0,06-JAN-2025
OPTSTK,ADANIENSOL,30-Jan-2025,2025-01-30,700.00,CE,0.00,0.00,0.00,104.85,90.10,0,0.00,0,0,06-JAN-2025
OPTSTK,ADANIENSOL,27-Feb-2025,2025-02-27,700.00,PE,0.00,0.00,0.00,48.20,35.75,0,0.00,0,0,06-JAN-2025
OPTSTK,ADANIENSOL,30-Jan-2025,2025-01-30,940.00,CE,4.95,5.20,2.50,2.80,2.80,301,1775.04562,173125,-10625,06-JAN-2025
OPTSTK,ADANIENSOL,30-Jan-2025,2025-01-30,780.00,PE,20.35,44.55,20.35,41.65,41.65,1251,6373.39281,246875,116875,06-JAN-2025
OPTSTK,ADANIENSOL,27-Feb-2025,2025-02-27,900.00,CE,0.00,0.00,0.00,60.80,29.65,0,0.00,0,0,06-JAN-2025
OPTSTK,ADANIENSOL,27-Feb-2025,2025-02-27,840.00,CE,0.00,0.00,0.00,51.00,45.80,0,0.00,0,0,06-JAN-2025
OPTSTK,ADANIENSOL,27-Feb-2025,2025-02-27,920.00,CE,0.00,0.00,0.00,50.20,25.50,0,0.00,0,0,06-JAN-2025
OPTSTK,ADANIENSOL,27-Feb-2025,2025-02-27,860.00,PE,0.00,0.00,0.00,130.55,122.85,0,0.00,0,0,06-JAN-2025
OPTSTK,ADANIENSOL,27-Feb-2025,2025-02-27,920.00,PE,0.00,0.00,0.00,226.75,168.05,0,0.00,0,0,06-JAN-2025
OPTSTK,ADANIENSOL,27-Feb-2025,2025-02-27,760.00,PE,0.00,0.00,0.00,117.05,61.85,0,0.00,0,0,06-JAN-2025
OPTSTK,ADANIENSOL,27-Feb-2025,2025-02-27,900.00,PE,0.00,0.00,0.00,157.20,152.40,0,0.00,0,0,06-JAN-2025
OPTSTK,ADANIENSOL,27-Feb-2025,2025-02-27,960.00,PE,0.00,0.00,0.00,258.15,200.85,0,0.00,0,0,06-JAN-2025
OPTSTK,ADANIENSOL,27-Mar-2025,2025-03-27,960.00,CE,0.00,0.00,0.00,64.75,32.85,0,0.00,0,0,06-JAN-2025
OPTSTK,ADANIENSOL,30-Jan-2025,2025-01-30,860.00,PE,67.75,102.15,67.75,100.60,100.60,20,118.060937,51250,625,06-JAN-2025
OPTSTK,ADANIENSOL,30-Jan-2025,2025-01-30,760.00,CE,61.05,61.05,41.00,42.25,42.25,38,191.7475,21250,-1250,06-JAN-2025
OPTSTK,ADANIENSOL,27-Feb-2025,2025-02-27,780.00,CE,0.00,0.00,0.00,106.20,68.50,0,0.00,0,0,06-JAN-2025
OPTSTK,ADANIENSOL,30-Jan-2025,2025-01-30,960.00,CE,3.70,3.70,1.70,2.05,2.05,131,787.889375,198125,-5625,06-JAN-2025
OPTSTK,ADANIENSOL,30-Jan-2025,2025-01-30,760.00,PE,11.70,34.50,11.70,32.80,32.80,823,4050.31781,128125,-3750,06-JAN-2025
OPTSTK,ADANIENSOL,30-Jan-2025,2025-01-30,740.00,CE,82.00,82.70,53.15,54.70,54.70,40,201.379062,42500,2500,06-JAN-2025
OPTSTK,ADANIENSOL,27-Feb-2025,2025-02-27,760.00,CE,0.00,0.00,0.00,97.60,77.80,0,0.00,0,0,06-JAN-2025
OPTSTK,ADANIENSOL,30-Jan-2025,2025-01-30,660.00,CE,0.00,0.00,0.00,126.30,120.70,0,0.00,0,0,06-JAN-2025
OPTSTK,ADANIENSOL,27-Mar-2025,2025-03-27,960.00,PE,0.00,0.00,0.00,215.10,210.10,0,0.00,0,0,06-JAN-2025
OPTSTK,ADANIENSOL,30-Jan-2025,2025-01-30,800.00,PE,24.35,56.35,23.05,54.50,54.50,1129,5953.56843,472500,4375,06-JAN-2025
OPTSTK,ADANIENSOL,30-Jan-2025,2025-01-30,920.00,PE,137.75,137.75,137.05,137.05,155.85,2,13.2175,1875,625,06-JAN-2025
OPTSTK,ADANIENSOL,27-Feb-2025,2025-02-27,800.00,CE,0.00,0.00,0.00,73.45,60.10,0,0.00,1250,0,06-JAN-2025
OPTSTK,ADANIENSOL,27-Mar-2025,2025-03-27,880.00,PE,0.00,0.00,0.00,159.75,149.95,0,0.00,0,0,06-JAN-2025
OPTSTK,ADANIENSOL,27-Mar-2025,2025-03-27,720.00,PE,0.00,0.00,0.00,71.60,57.35,0,0.00,0,0,06-JAN-2025
OPTSTK,CANBK,30-Jan-2025,2025-01-30,111.00,PE,0.00,0.00,0.00,9.65,13.45,0,0.00,87750,0,06-JAN-2025
OPTSTK,METROPOLIS,30-Jan-2025,2025-01-30,2320.00,CE,10.55,18.55,10.55,17.05,17.05,111,1036.3494,14800,14000,06-JAN-2025
OPTSTK,METROPOLIS,30-Jan-2025,2025-01-30,2320.00,PE,0.00,0.00,0.00,235.00,274.60,0,0.00,0,0,06-JAN-2025
OPTSTK,METROPOLIS,27-Feb-2025,2025-02-27,2320.00,CE,0.00,0.00,0.00,101.75,18.40,0,0.00,0,0,06-JAN-2025
OPTSTK,CANBK,30-Jan-2025,2025-01-30,103.00,CE,2.80,2.80,1.35,1.40,1.40,1346,9509.36962,5204250,-155250,06-JAN-2025
OPTSTK,CANBK,27-Feb-2025,2025-02-27,103.00,CE,0.00,0.00,0.00,6.70,3.10,0,0.00,0,0,06-JAN-2025
OPTSTK,METROPOLIS,27-Feb-2025,2025-02-27,2220.00,CE,0.00,0.00,0.00,61.00,36.30,0,0.00,0,0,06-JAN-2025
OPTSTK,CANBK,27-Feb-2025,2025-02-27,95.00,PE,2.45,3.50,2.45,3.45,3.40,34,225.311625,101250,101250,06-JAN-2025
OPTSTK,CANBK,30-Jan-2025,2025-01-30,95.00,CE,7.15,7.15,4.70,5.00,5.00,292,1976.28862,1046250,-108000,06-JAN-2025
OPTSTK,CANBK,27-Feb-2025,2025-02-27,95.00,CE,0.00,0.00,0.00,10.95,6.70,0,0.00,0,0,06-JAN-2025
OPTSTK,CANBK,27-Feb-2025,2025-02-27,114.00,PE,0.00,0.00,0.00,14.35,16.35,0,0.00,0,0,06-JAN-2025
OPTSTK,CANBK,30-Jan-2025,2025-01-30,114.00,PE,0.00,0.00,0.00,14.60,16.30,0,0.00,0,0,06-JAN-2025
OPTSTK,CANBK,27-Feb-2025,2025-02-27,114.00,CE,0.00,0.00,0.00,5.30,0.80,0,0.00,0,0,06-JAN-2025
OPTSTK,METROPOLIS,27-Feb-2025,2025-02-27,2280.00,PE,0.00,0.00,0.00,214.55,243.70,0,0.00,0,0,06-JAN-2025
OPTSTK,METROPOLIS,30-Jan-2025,2025-01-30,2220.00,PE,0.00,0.00,0.00,159.75,183.75,0,0.00,0,0,06-JAN-2025
OPTSTK,CANBK,30-Jan-2025,2025-01-30,100.00,PE,2.35,5.00,2.25,4.65,4.65,1630,11431.5097,15315750,398250,06-JAN-2025
OPTSTK,METROPOLIS,27-Feb-2025,2025-02-27,2000.00,PE,0.00,0.00,0.00,78.20,64.80,0,0.00,0,0,06-JAN-2025
OPTSTK,METROPOLIS,30-Jan-2025,2025-01-30,1680.00,CE,0.00,0.00,0.00,507.80,366.50,0,0.00,0,0,06-JAN-2025
OPTSTK,CANBK,30-Jan-2025,2025-01-30,107.00,PE,6.95,10.35,6.95,10.35,9.85,32,250.536375,715500,-13500,06-JAN-2025
OPTSTK,CANBK,30-Jan-2025,2025-01-30,107.00,CE,1.15,1.15,0.60,0.70,0.70,428,3112.803,2362500,162000,06-JAN-2025
OPTSTK,CANBK,27-Feb-2025,2025-02-27,107.00,CE,0.00,0.00,0.00,5.10,1.95,0,0.00,0,0,06-JAN-2025
OPTSTK,CANBK,27-Feb-2025,2025-02-27,107.00,PE,0.00,0.00,0.00,9.70,10.60,0,0.00,0,0,06-JAN-2025
OPTSTK,CANBK,30-Jan-2025,2025-01-30,101.00,CE,3.55,3.55,1.90,2.05,2.05,663,4624.317,3010500,702000,06-JAN-2025
OPTSTK,CANBK,30-Jan-2025,2025-01-30,88.00,PE,0.35,0.75,0.35,0.65,0.65,182,1087.35412,931500,209250,06-JAN-2025
OPTSTK,CANBK,27-Feb-2025,2025-02-27,88.00,CE,0.00,0.00,0.00,18.80,11.45,0,0.00,0,0,06-JAN-2025
OPTSTK,CANBK,30-Jan-2025,2025-01-30,112.00,PE,0.00,0.00,0.00,9.70,14.40,0,0.00,74250,0,06-JAN-2025
OPTSTK,CANBK,27-Mar-2025,2025-03-27,110.00,CE,0.00,0.00,0.00,5.65,2.40,0,0.00,0,0,06-JAN-2025
OPTSTK,METROPOLIS,30-Jan-2025,2025-01-30,2080.00,PE,114.30,114.30,94.45,109.05,109.05,57,498.3338,14400,8800,06-JAN-2025
OPTSTK,CANBK,30-Jan-2025,2025-01-30,96.00,PE,1.20,2.85,1.20,2.65,2.65,658,4364.1585,2423250,513000,06-JAN-2025
OPTSTK,METROPOLIS,27-Feb-2025,2025-02-27,2260.00,CE,0.00,0.00,0.00,50.95,27.95,0,0.00,0,0,06-JAN-2025
OPTSTK,METROPOLIS,27-Feb-2025,2025-02-27,1960.00,CE,0.00,0.00,0.00,280.40,147.10,0,0.00,0,0,06-JAN-2025
OPTSTK,CANBK,27-Feb-2025,2025-02-27,112.00,PE,0.00,0.00,0.00,13.00,14.65,0,0.00,0,0,06-JAN-2025
OPTSTK,PEL,27-Feb-2025,2025-02-27,1180.00,PE,0.00,0.00,0.00,122.50,141.75,0,0.00,0,0,06-JAN-2025
OPTSTK,PEL,27-Feb-2025,2025-02-27,1140.00,PE,0.00,0.00,0.00,97.85,111.50,0,0.00,0,0,06-JAN-2025
OPTSTK,PEL,30-Jan-2025,2025-01-30,1440.00,CE,0.00,0.00,0.00,0.55,0.05,0,0.00,1500,0,06-JAN-2025
OPTSTK,PEL,27-Mar-2025,2025-03-27,880.00,PE,0.00,0.00,0.00,16.40,12.50,0,0.00,0,0,06-JAN-2025
OPTSTK,SBILIFE,30-Jan-2025,2025-01-30,1460.00,CE,35.90,41.15,24.80,29.10,29.10,2944,16477.6526,210375,-15000,06-JAN-2025
OPTSTK,SBILIFE,27-Mar-2025,2025-03-27,1440.00,PE,0.00,0.00,0.00,83.10,55.85,0,0.00,0,0,06-JAN-2025
OPTSTK,SBILIFE,27-Feb-2025,2025-02-27,1440.00,CE,0.00,0.00,0.00,90.90,55.65,0,0.00,0,0,06-JAN-2025
OPTSTK,PEL,30-Jan-2025,2025-01-30,980.00,CE,0.00,0.00,0.00,150.25,84.85,0,0.00,750,0,06-JAN-2025
OPTSTK,PEL,27-Feb-2025,2025-02-27,1060.00,PE,0.00,0.00,0.00,57.30,61.25,0,0.00,0,0,06-JAN-2025
OPTSTK,PEL,27-Feb-2025,2025-02-27,1060.00,CE,0.00,0.00,0.00,109.05,58.50,0,0.00,0,0,06-JAN-2025
OPTSTK,PEL,30-Jan-2025,2025-01-30,1060.00,PE,22.10,53.65,22.10,48.35,48.35,892,7367.25937,322500,172500,06-JAN-2025
OPTSTK,SBILIFE,27-Feb-2025,2025-02-27,1640.00,PE,0.00,0.00,0.00,208.05,194.90,0,0.00,0,0,06-JAN-2025
OPTSTK,SBILIFE,27-Feb-2025,2025-02-27,1540.00,PE,0.00,0.00,0.00,139.30,110.25,0,0.00,0,0,06-JAN-2025
OPTSTK,PEL,27-Feb-2025,2025-02-27,960.00,CE,0.00,0.00,0.00,258.25,117.60,0,0.00,0,0,06-JAN-2025
OPTSTK,SBILIFE,27-Feb-2025,2025-02-27,1560.00,PE,0.00,0.00,0.00,148.05,125.80,0,0.00,0,0,06-JAN-2025
OPTSTK,SBILIFE,30-Jan-2025,2025-01-30,1560.00,PE,133.70,133.70,133.70,133.70,122.60,2,12.70275,750,750,06-JAN-2025
OPTSTK,SBILIFE,30-Jan-2025,2025-01-30,1540.00,PE,90.20,94.70,90.20,93.60,104.90,5,30.6174375,7125,-375,06-JAN-2025
OPTSTK,PEL,27-Feb-2025,2025-02-27,1000.00,PE,0.00,0.00,0.00,29.55,34.15,0,0.00,0,0,06-JAN-2025
OPTSTK,PEL,30-Jan-2025,2025-01-30,1000.00,PE,8.30,23.90,8.10,21.00,21.00,832,6339.156,361500,22500,06-JAN-2025
OPTSTK,PEL,27-Mar-2025,2025-03-27,1000.00,PE,0.00,0.00,0.00,46.75,45.20,0,0.00,0,0,06-JAN-2025
OPTSTK,SBILIFE,27-Mar-2025,2025-03-27,1560.00,PE,0.00,0.00,0.00,159.20,129.55,0,0.00,0,0,06-JAN-2025
OPTSTK,SBILIFE,27-Mar-2025,2025-03-27,1560.00,CE,0.00,0.00,0.00,36.45,27.10,0,0.00,0,0,06-JAN-2025
OPTSTK,SBILIFE,27-Feb-2025,2025-02-27,1580.00,PE,0.00,0.00,0.00,170.45,142.20,0,0.00,0,0,06-JAN-2025
OPTSTK,SBILIFE,27-Feb-2025,2025-02-27,1540.00,CE,0.00,0.00,0.00,27.65,19.60,0,0.00,0,0,06-JAN-2025
OPTSTK,SBILIFE,27-Feb-2025,2025-02-27,1500.00,CE,0.00,0.00,0.00,38.55,30.75,0,0.00,0,0,06-JAN-2025
OPTSTK,SBILIFE,27-Feb-2025,2025-02-27,1500.00,PE,0.00,0.00,0.00,110.70,81.75,0,0.00,0,0,06-JAN-2025
OPTSTK,SBILIFE,30-Jan-2025,2025-01-30,1420.00,CE,59.30,65.60,43.25,49.10,49.10,503,2775.36843,143625,-3750,06-JAN-2025
OPTSTK,SBILIFE,27-Mar-2025,2025-03-27,1480.00,CE,0.00,0.00,0.00,61.50,53.20,0,0.00,0,0,06-JAN-2025
OPTSTK,SBILIFE,27-Mar-2025,2025-03-27,1600.00,PE,0.00,0.00,0.00,189.55,160.45,0,0.00,0,0,06-JAN-2025
OPTSTK,SBILIFE,27-Feb-2025,2025-02-27,1420.00,PE,0.00,0.00,0.00,63.45,38.05,0,0.00,0,0,06-JAN-2025
OPTSTK,SBILIFE,27-Mar-2025,2025-03-27,1680.00,PE,0.00,0.00,0.00,255.60,228.80,0,0.00,0,0,06-JAN-2025
OPTSTK,SBILIFE,30-Jan-2025,2025-01-30,1640.00,CE,2.45,2.80,0.55,1.30,1.30,66,406.45875,10500,4875,06-JAN-2025
OPTSTK,PEL,27-Feb-2025,2025-02-27,980.00,PE,0.00,0.00,0.00,29.10,27.25,0,0.00,0,0,06-JAN-2025
OPTSTK,NATIONALUM,27-Feb-2025,2025-02-27,205.00,CE,0.00,0.00,0.00,55.50,12.30,0,0.00,0,0,06-JAN-2025
OPTSTK,NATIONALUM,27-Feb-2025,2025-02-27,205.00,PE,12.00,12.00,12.00,12.00,15.30,1,8.1375,7500,3750,06-JAN-2025
OPTSTK,NATIONALUM,27-Mar-2025,2025-03-27,160.00,CE,0.00,0.00,0.00,62.85,44.90,0,0.00,0,0,06-JAN-2025
OPTSTK,NATIONALUM,27-Mar-2025,2025-03-27,160.00,PE,0.00,0.00,0.00,2.90,2.50,0,0.00,0,0,06-JAN-2025
FUTSTK,NATIONALUM,27-Mar-2025,2025-03-27,,,208.00,208.53,201.00,202.20,202.20,38,290.5275,176250,33750,06-JAN-2025
OPTSTK,NATIONALUM,30-Jan-2025,2025-01-30,257.50,CE,0.20,0.20,0.20,0.20,0.15,2,19.3275,86250,-3750,06-JAN-2025
OPTSTK,NATIONALUM,27-Feb-2025,2025-02-27,185.00,CE,0.00,0.00,0.00,64.60,23.20,0,0.00,0,0,06-JAN-2025
OPTSTK,NATIONALUM,30-Jan-2025,2025-01-30,222.50,CE,2.60,2.95,1.45,1.60,1.60,287,2419.14375,622500,15000,06-JAN-2025
OPTSTK,NATIONALUM,30-Jan-2025,2025-01-30,222.50,PE,17.90,19.10,17.30,18.75,24.05,20,180.16125,273750,45000,06-JAN-2025
OPTSTK,NATIONALUM,27-Feb-2025,2025-02-27,180.00,PE,3.50,4.25,3.40,3.75,4.85,6,41.3175,22500,22500,06-JAN-2025
OPTSTK,NATIONALUM,27-Mar-2025,2025-03-27,180.00,CE,0.00,0.00,0.00,47.25,29.80,0,0.00,0,0,06-JAN-2025
OPTSTK,NATIONALUM,27-Feb-2025,2025-02-27,180.00,CE,0.00,0.00,0.00,75.25,26.60,0,0.00,0,0,06-JAN-2025
OPTSTK,NATIONALUM,30-Jan-2025,2025-01-30,230.00,PE,23.25,29.85,23.25,29.85,29.85,7,67.280625,986250,-7500,06-JAN-2025
OPTSTK,NATIONALUM,27-Mar-2025,2025-03-27,230.00,PE,0.00,0.00,0.00,28.60,34.35,0,0.00,0,0,06-JAN-2025
OPTSTK,NATIONALUM,27-Feb-2025,2025-02-27,230.00,PE,0.00,0.00,0.00,18.10,32.45,0,0.00,3750,0,06-JAN-2025
OPTSTK,NATIONALUM,27-Feb-2025,2025-02-27,250.00,PE,0.00,0.00,0.00,39.05,49.50,0,0.00,11250,0,06-JAN-2025
OPTSTK,NATIONALUM,27-Mar-2025,2025-03-27,250.00,PE,0.00,0.00,0.00,41.75,50.35,0,0.00,0,0,06-JAN-2025
OPTSTK,NATIONALUM,27-Feb-2025,2025-02-27,220.00,CE,5.80,6.30,5.00,5.00,5.00,11,93.01125,78750,30000,06-JAN-2025
OPTSTK,NATIONALUM,30-Jan-2025,2025-01-30,220.00,PE,17.10,21.85,16.55,20.65,20.65,85,762.999375,1942500,-52500,06-JAN-2025
OPTSTK,NATIONALUM,30-Jan-2025,2025-01-30,205.00,PE,7.45,10.85,6.40,9.65,9.65,1041,8338.34062,1020000,-7500,06-JAN-2025
OPTSTK,NATIONALUM,30-Jan-2025,2025-01-30,207.50,CE,7.40,8.45,4.75,5.25,5.25,226,1814.89875,198750,90000,06-JAN-2025
FUTSTK,NATIONALUM,27-Feb-2025,2025-02-27,,,207.51,208.70,200.88,201.69,201.69,184,1403.84325,1792500,90000,06-JAN-2025
OPTSTK,NATIONALUM,27-Mar-2025,2025-03-27,190.00,CE,0.00,0.00,0.00,40.40,23.60,0,0.00,0,0,06-JAN-2025
OPTSTK,NATIONALUM,30-Jan-2025,2025-01-30,265.00,CE,0.00,0.00,0.00,0.15,0.10,0,0.00,142500,0,06-JAN-2025
OPTSTK,NATIONALUM,30-Jan-2025,2025-01-30,250.00,PE,47.55,47.55,46.95,46.95,49.15,2,22.29375,746250,-3750,06-JAN-2025
OPTSTK,NATIONALUM,27-Mar-2025,2025-03-27,260.00,CE,0.00,0.00,0.00,10.85,2.90,0,0.00,0,0,06-JAN-2025
OPTSTK,NATIONALUM,27-Feb-2025,2025-02-27,260.00,CE,0.00,0.00,0.00,2.00,1.20,0,0.00,7500,0,06-JAN-2025
OPTSTK,NATIONALUM,30-Jan-2025,2025-01-30,190.00,PE,1.90,4.30,1.85,3.85,3.85,1180,8546.91375,1818750,446250,06-JAN-2025
OPTSTK,NATIONALUM,30-Jan-2025,2025-01-30,190.00,CE,19.25,19.65,14.05,14.85,14.85,28,216.238125,60000,45000,06-JAN-2025
OPTSTK,NATIONALUM,30-Jan-2025,2025-01-30,197.50,PE,3.65,7.05,3.65,6.30,6.30,344,2623.21687,510000,127500,06-JAN-2025
OPTSTK,NATIONALUM,30-Jan-2025,2025-01-30,197.50,CE,14.35,14.50,9.30,9.95,9.95,53,414.286875,93750,26250,06-JAN-2025
OPTSTK,MARUTI,27-Feb-2025,2025-02-27,11600.00,CE,0.00,0.00,0.00,394.10,544.50,0,0.00,0,0,06-JAN-2025
OPTSTK,SUNTV,30-Jan-2025,2025-01-30,680.00,PE,16.65,26.75,16.50,24.45,24.45,77,405.033375,102000,9750,06-JAN-2025
OPTSTK,MARUTI,30-Jan-2025,2025-01-30,10200.00,PE,9.85,13.85,5.00,12.35,12.35,1108,5656.6541,26800,-13850,06-JAN-2025
OPTSTK,MARUTI,27-Mar-2025,2025-03-27,10200.00,CE,0.00,0.00,0.00,1088.50,1741.05,0,0.00,0,0,06-JAN-2025
OPTSTK,MARUTI,27-Feb-2025,2025-02-27,10200.00,PE,0.00,0.00,0.00,206.80,14.40,0,0.00,0,0,06-JAN-2025
OPTSTK,MARUTI,27-Mar-2025,2025-03-27,11800.00,CE,0.00,0.00,0.00,296.50,562.45,0,0.00,0,0,06-JAN-2025
OPTSTK,MARUTI,27-Feb-2025,2025-02-27,11800.00,CE,434.10,434.10,419.60,419.60,435.65,3,18.341875,150,0,06-JAN-2025
OPTSTK,MARUTI,30-Jan-2025,2025-01-30,11400.00,CE,620.20,642.00,469.05,498.10,498.10,238,1420.5388,42000,-1850,06-JAN-2025
OPTSTK,MARUTI,27-Mar-2025,2025-03-27,11400.00,CE,0.00,0.00,0.00,430.80,792.45,0,0.00,0,0,06-JAN-2025
OPTSTK,SUNTV,27-Feb-2025,2025-02-27,680.00,PE,0.00,0.00,0.00,20.40,32.05,0,0.00,0,0,06-JAN-2025
OPTSTK,MARUTI,27-Feb-2025,2025-02-27,11900.00,PE,0.00,0.00,0.00,1027.40,417.75,0,0.00,0,0,06-JAN-2025
OPTSTK,MARUTI,30-Jan-2025,2025-01-30,11900.00,CE,270.00,295.10,171.25,193.80,193.80,7419,44958.2154,123800,8400,06-JAN-2025
OPTSTK,MARUTI,30-Jan-2025,2025-01-30,11900.00,PE,211.05,321.45,193.70,288.20,288.20,9186,55806.1231,62200,-4000,06-JAN-2025
OPTSTK,MARUTI,27-Feb-2025,2025-02-27,11900.00,CE,512.40,512.40,360.75,374.90,374.90,14,86.08845,350,200,06-JAN-2025
OPTSTK,MARUTI,27-Mar-2025,2025-03-27,10400.00,PE,0.00,0.00,0.00,267.40,53.95,0,0.00,0,0,06-JAN-2025
OPTSTK,MARUTI,27-Feb-2025,2025-02-27,10400.00,CE,0.00,0.00,0.00,1001.90,1480.05,0,0.00,0,0,06-JAN-2025
OPTSTK,MARUTI,30-Jan-2025,2025-01-30,10400.00,PE,13.40,18.00,11.65,16.60,16.60,1363,7098.17867,54000,2400,06-JAN-2025
OPTSTK,MARUTI,27-Feb-2025,2025-02-27,10400.00,PE,0.00,0.00,0.00,264.50,25.05,0,0.00,0,0,06-JAN-2025
OPTSTK,MARUTI,30-Jan-2025,2025-01-30,10400.00,CE,0.00,0.00,0.00,859.00,1404.80,0,0.00,1500,0,06-JAN-2025
OPTSTK,MARUTI,30-Jan-2025,2025-01-30,9800.00,PE,4.25,6.95,4.25,5.65,5.65,150,735.41595,26050,-150,06-JAN-2025
OPTSTK,MARUTI,30-Jan-2025,2025-01-30,10700.00,CE,1150.00,1150.00,1133.15,1133.15,1114.95,3,17.758575,10150,-100,06-JAN-2025
OPTSTK,SUNTV,27-Feb-2025,2025-02-27,880.00,CE,0.00,0.00,0.00,1.50,0.25,0,0.00,6750,0,06-JAN-2025
OPTSTK,MARUTI,27-Feb-2025,2025-02-27,11300.00,PE,170.00,170.00,170.00,170.00,172.95,2,11.47,100,100,06-JAN-2025
OPTSTK,MARUTI,27-Feb-2025,2025-02-27,9800.00,CE,0.00,0.00,0.00,1444.80,2053.30,0,0.00,0,0,06-JAN-2025
OPTSTK,SUNTV,27-Feb-2025,2025-02-27,610.00,PE,0.00,0.00,0.00,11.85,6.80,0,0.00,0,0,06-JAN-2025
OPTSTK,MARUTI,30-Jan-2025,2025-01-30,13100.00,CE,19.65,22.35,8.95,11.75,11.75,1524,9993.53342,12600,3700,06-JAN-2025
OPTSTK,MARUTI,27-Feb-2025,2025-02-27,13100.00,PE,0.00,0.00,0.00,2069.45,1284.65,0,0.00,0,0,06-JAN-2025
FUTSTK,MARUTI,27-Feb-2025,2025-02-27,,,12021.15,12072.55,11825.20,11873.65,11873.65,1132,6762.2525,52650,-3300,06-JAN-2025
OPTSTK,MARUTI,27-Feb-2025,2025-02-27,12600.00,PE,0.00,0.00,0.00,1570.75,872.80,0,0.00,0,0,06-JAN-2025
OPTSTK,SUNTV,30-Jan-2025,2025-01-30,660.00,CE,24.00,24.40,23.95,24.25,24.25,11,56.447625,5250,5250,06-JAN-2025
OPTSTK,SUNTV,27-Feb-2025,2025-02-27,660.00,CE,0.00,0.00,0.00,113.20,37.20,0,0.00,0,0,06-JAN-2025
OPTSTK,MARUTI,30-Jan-2025,2025-01-30,12400.00,CE,95.05,100.30,50.00,58.10,58.10,2855,17797.6601,48900,7850,06-JAN-2025
OPTSTK,ALKEM,27-Feb-2025,2025-02-27,5550.00,PE,0.00,0.00,0.00,305.10,189.20,0,0.00,0,0,06-JAN-2025
OPTSTK,ALKEM,30-Jan-2025,2025-01-30,5550.00,CE,130.90,142.70,105.25,136.35,136.35,204,1158.27375,13800,1100,06-JAN-2025
OPTSTK,ALKEM,27-Feb-2025,2025-02-27,5450.00,PE,0.00,0.00,0.00,252.00,144.00,0,0.00,0,0,06-JAN-2025
OPTSTK,ALKEM,27-Feb-2025,2025-02-27,5450.00,CE,0.00,0.00,0.00,278.90,273.10,0,0.00,0,0,06-JAN-2025
OPTSTK,ALKEM,27-Mar-2025,2025-03-27,5200.00,CE,0.00,0.00,0.00,484.90,497.00,0,0.00,0,0,06-JAN-2025
OPTSTK,ALKEM,27-Feb-2025,2025-02-27,5200.00,CE,0.00,0.00,0.00,521.60,440.35,0,0.00,0,0,06-JAN-2025
OPTSTK,ALKEM,30-Jan-2025,2025-01-30,6150.00,CE,0.00,0.00,0.00,23.05,8.05,0,0.00,0,0,06-JAN-2025
OPTSTK,ALKEM,27-Feb-2025,2025-02-27,6150.00,CE,0.00,0.00,0.00,66.05,40.85,0,0.00,0,0,06-JAN-2025
OPTSTK,SONACOMS,27-Feb-2025,2025-02-27,580.00,PE,0.00,0.00,0.00,16.85,25.60,0,0.00,0,0,06-JAN-2025
OPTSTK,ALKEM,30-Jan-2025,2025-01-30,6300.00,PE,0.00,0.00,0.00,819.05,748.25,0,0.00,0,0,06-JAN-2025
OPTSTK,SONACOMS,27-Feb-2025,2025-02-27,640.00,PE,0.00,0.00,0.00,37.15,63.55,0,0.00,0,0,06-JAN-2025
OPTSTK,ALKEM,27-Feb-2025,2025-02-27,5100.00,PE,0.00,0.00,0.00,112.25,43.15,0,0.00,0,0,06-JAN-2025
OPTSTK,ALKEM,27-Feb-2025,2025-02-27,6300.00,CE,0.00,0.00,0.00,45.90,24.35,0,0.00,0,0,06-JAN-2025
OPTSTK,SONACOMS,27-Feb-2025,2025-02-27,570.00,PE,0.00,0.00,0.00,25.40,21.05,0,0.00,0,0,06-JAN-2025
OPTSTK,ALKEM,27-Feb-2025,2025-02-27,4700.00,PE,0.00,0.00,0.00,31.95,5.90,0,0.00,0,0,06-JAN-2025
OPTSTK,ALKEM,30-Jan-2025,2025-01-30,5150.00,CE,382.30,388.90,382.25,388.90,418.90,6,33.20035,600,600,06-JAN-2025
OPTSTK,ALKEM,27-Mar-2025,2025-03-27,6200.00,CE,0.00,0.00,0.00,102.50,70.80,0,0.00,0,0,06-JAN-2025
OPTSTK,ALKEM,27-Feb-2025,2025-02-27,6200.00,PE,0.00,0.00,0.00,748.60,648.25,0,0.00,0,0,06-JAN-2025
OPTSTK,SONACOMS,27-Feb-2025,2025-02-27,580.00,CE,0.00,0.00,0.00,112.00,32.70,0,0.00,0,0,06-JAN-2025
OPTSTK,ALKEM,27-Feb-2025,2025-02-27,6200.00,CE,0.00,0.00,0.00,117.60,34.55,0,0.00,0,0,06-JAN-2025
OPTSTK,ALKEM,30-Jan-2025,2025-01-30,6200.00,PE,0.00,0.00,0.00,534.55,651.50,0,0.00,0,0,06-JAN-2025
FUTSTK,SONACOMS,30-Jan-2025,2025-01-30,,,594.80,595.50,578.60,581.95,581.95,1241,5624.92403,4554675,170500,06-JAN-2025
FUTSTK,ALKEM,27-Feb-2025,2025-02-27,,,5522.65,5544.15,5470.00,5522.40,5522.40,65,357.66895,8800,900,06-JAN-2025
FUTSTK,SONACOMS,27-Mar-2025,2025-03-27,,,587.00,587.00,587.00,587.00,587.00,2,9.0985,9300,775,06-JAN-2025
OPTSTK,SONACOMS,27-Feb-2025,2025-02-27,520.00,PE,0.00,0.00,0.00,5.80,6.15,0,0.00,0,0,06-JAN-2025
OPTSTK,ALKEM,27-Feb-2025,2025-02-27,6100.00,PE,0.00,0.00,0.00,689.20,562.80,0,0.00,0,0,06-JAN-2025
OPTSTK,ALKEM,27-Mar-2025,2025-03-27,5700.00,PE,0.00,0.00,0.00,427.90,302.70,0,0.00,0,0,06-JAN-2025
OPTSTK,ALKEM,27-Mar-2025,2025-03-27,5700.00,CE,0.00,0.00,0.00,239.45,213.35,0,0.00,0,0,06-JAN-2025
OPTSTK,ALKEM,30-Jan-2025,2025-01-30,4700.00,CE,0.00,0.00,0.00,844.80,848.15,0,0.00,0,0,06-JAN-2025
OPTSTK,SONACOMS,27-Feb-2025,2025-02-27,570.00,CE,0.00,0.00,0.00,56.10,38.05,0,0.00,0,0,06-JAN-2025
OPTSTK,ALKEM,27-Mar-2025,2025-03-27,5000.00,CE,0.00,0.00,0.00,617.10,650.40,0,0.00,0,0,06-JAN-2025
OPTSTK,ALKEM,27-Mar-2025,2025-03-27,5000.00,PE,0.00,0.00,0.00,118.20,50.00,0,0.00,0,0,06-JAN-2025
OPTSTK,ALKEM,27-Mar-2025,2025-03-27,5600.00,PE,0.00,0.00,0.00,369.30,248.75,0,0.00,0,0,06-JAN-2025
OPTSTK,HDFCLIFE,27-Feb-2025,2025-02-27,680.00,CE,0.00,0.00,0.00,34.10,3.45,0,0.00,0,0,06-JAN-2025
OPTSTK,HDFCLIFE,30-Jan-2025,2025-01-30,680.00,CE,2.75,2.75,1.20,1.25,1.25,449,3366.0462,284900,-77000,06-JAN-2025
OPTSTK,HDFCLIFE,27-Feb-2025,2025-02-27,680.00,PE,0.00,0.00,0.00,44.10,71.00,0,0.00,0,0,06-JAN-2025
OPTSTK,HDFCLIFE,30-Jan-2025,2025-01-30,720.00,PE,0.00,0.00,0.00,96.00,110.90,0,0.00,4400,0,06-JAN-2025
OPTSTK,HDFCLIFE,27-Mar-2025,2025-03-27,720.00,PE,0.00,0.00,0.00,91.40,106.15,0,0.00,0,0,06-JAN-2025
OPTSTK,HDFCLIFE,30-Jan-2025,2025-01-30,670.00,CE,3.55,3.60,1.70,1.80,1.80,886,6551.24085,544500,102300,06-JAN-2025
OPTSTK,HDFCLIFE,27-Feb-2025,2025-02-27,580.00,CE,0.00,0.00,0.00,96.00,40.65,0,0.00,0,0,06-JAN-2025
OPTSTK,HDFCLIFE,27-Mar-2025,2025-03-27,580.00,PE,0.00,0.00,0.00,13.20,12.60,0,0.00,0,0,06-JAN-2025
OPTSTK,HDFCLIFE,30-Jan-2025,2025-01-30,710.00,CE,0.85,0.85,0.50,0.50,0.50,18,140.70375,102300,-1100,06-JAN-2025
OPTSTK,HDFCLIFE,30-Jan-2025,2025-01-30,610.00,CE,26.40,27.05,15.25,16.20,16.20,735,5076.37955,152900,27500,06-JAN-2025
OPTSTK,HDFCLIFE,30-Jan-2025,2025-01-30,640.00,PE,23.90,37.40,22.45,36.10,36.10,114,842.5527,261800,9900,06-JAN-2025
OPTSTK,HDFCLIFE,30-Jan-2025,2025-01-30,660.00,CE,4.95,5.50,2.40,2.50,2.50,833,6076.14205,471900,2200,06-JAN-2025
OPTSTK,HDFCLIFE,30-Jan-2025,2025-01-30,660.00,PE,43.15,48.70,43.10,48.70,52.85,24,185.82685,96800,7700,06-JAN-2025
OPTSTK,HDFCLIFE,30-Jan-2025,2025-01-30,740.00,PE,0.00,0.00,0.00,112.00,130.80,0,0.00,1100,0,06-JAN-2025
OPTSTK,HDFCLIFE,27-Feb-2025,2025-02-27,570.00,PE,0.00,0.00,0.00,7.30,6.55,0,0.00,0,0,06-JAN-2025
OPTSTK,HDFCLIFE,30-Jan-2025,2025-01-30,570.00,PE,1.95,5.00,1.70,4.35,4.35,893,5635.88355,215600,80300,06-JAN-2025
OPTSTK,HDFCLIFE,30-Jan-2025,2025-01-30,580.00,CE,34.45,34.45,33.80,33.80,33.00,4,27.01545,25300,1100,06-JAN-2025
OPTSTK,HDFCLIFE,27-Feb-2025,2025-02-27,700.00,PE,0.00,0.00,0.00,56.05,89.10,0,0.00,0,0,06-JAN-2025
OPTSTK,HDFCLIFE,30-Jan-2025,2025-01-30,600.00,CE,32.00,34.05,20.45,21.80,21.80,409,2808.82745,265100,44000,06-JAN-2025
OPTSTK,HDFCLIFE,27-Mar-2025,2025-03-27,600.00,CE,0.00,0.00,0.00,56.70,34.80,0,0.00,0,0,06-JAN-2025
OPTSTK,HDFCLIFE,30-Jan-2025,2025-01-30,640.00,CE,10.45,11.00,5.10,5.50,5.50,1664,11836.2194,2292400,9900,06-JAN-2025
OPTSTK,HDFCLIFE,30-Jan-2025,2025-01-30,630.00,PE,17.50,30.75,16.60,28.85,28.85,498,3597.0066,889900,101200,06-JAN-2025
OPTSTK,HDFCLIFE,27-Feb-2025,2025-02-27,630.00,CE,0.00,0.00,0.00,32.10,14.35,0,0.00,0,0,06-JAN-2025
OPTSTK,HDFCLIFE,27-Feb-2025,2025-02-27,600.00,PE,12.90,17.00,12.90,17.00,16.30,11,74.4183,26400,4400,06-JAN-2025
OPTSTK,HDFCLIFE,30-Jan-2025,2025-01-30,740.00,CE,0.40,0.40,0.20,0.35,0.05,12,97.72015,52800,1100,06-JAN-2025
OPTSTK,HDFCLIFE,30-Jan-2025,2025-01-30,650.00,CE,7.20,7.65,3.50,3.70,3.70,1991,14335.1444,1343100,177100,06-JAN-2025
OPTSTK,HDFCLIFE,27-Feb-2025,2025-02-27,650.00,CE,12.30,12.30,9.50,9.50,8.50,4,29.0851,3300,1100,06-JAN-2025
OPTSTK,HDFCLIFE,27-Feb-2025,2025-02-27,660.00,PE,0.00,0.00,0.00,33.70,54.15,0,0.00,0,0,06-JAN-2025
OPTSTK,HDFCLIFE,30-Jan-2025,2025-01-30,600.00,PE,6.45,13.90,5.90,12.55,12.55,971,6524.13245,865700,-9900,06-JAN-2025
OPTSTK,HDFCLIFE,30-Jan-2025,2025-01-30,680.00,PE,68.20,68.80,68.20,68.80,71.60,3,24.70105,55000,0,06-JAN-2025
OPTSTK,HDFCLIFE,30-Jan-2025,2025-01-30,730.00,CE,0.50,0.55,0.40,0.40,0.05,26,208.91695,106700,14300,06-JAN-2025
OPTSTK,GRANULES,27-Feb-2025,2025-02-27,620.00,CE,24.00,30.55,24.00,26.30,26.30,59,382.8695,79000,30000,06-JAN-2025
OPTSTK,GRANULES,27-Mar-2025,2025-03-27,620.00,PE,0.00,0.00,0.00,65.45,46.30,0,0.00,0,0,06-JAN-2025
OPTSTK,GRANULES,27-Feb-2025,2025-02-27,670.00,CE,9.00,11.00,9.00,11.00,16.20,19,129.2655,16000,16000,06-JAN-2025
OPTSTK,GRANULES,30-Jan-2025,2025-01-30,520.00,CE,0.00,0.00,0.00,85.00,91.55,0,0.00,0,0,06-JAN-2025
OPTSTK,NESTLEIND,30-Jan-2025,2025-01-30,2340.00,PE,0.00,0.00,0.00,119.95,149.00,0,0.00,400,0,06-JAN-2025
OPTSTK,NESTLEIND,27-Feb-2025,2025-02-27,2340.00,CE,0.00,0.00,0.00,25.90,17.45,0,0.00,0,0,06-JAN-2025
OPTSTK,NESTLEIND,30-Jan-2025,2025-01-30,1980.00,CE,0.00,0.00,0.00,288.05,214.30,0,0.00,0,0,06-JAN-2025
OPTSTK,NESTLEIND,27-Feb-2025,2025-02-27,1980.00,CE,0.00,0.00,0.00,209.95,227.75,0,0.00,0,0,06-JAN-2025
OPTSTK,NESTLEIND,30-Jan-2025,2025-01-30,2040.00,PE,3.00,8.15,3.00,6.30,6.30,466,1906.3132,42600,3000,06-JAN-2025
OPTSTK,NESTLEIND,27-Feb-2025,2025-02-27,2520.00,PE,0.00,0.00,0.00,265.65,312.65,0,0.00,0,0,06-JAN-2025
OPTSTK,NESTLEIND,30-Jan-2025,2025-01-30,2160.00,CE,85.50,87.10,48.00,54.75,54.75,561,2489.1579,80000,14400,06-JAN-2025
OPTSTK,NESTLEIND,30-Jan-2025,2025-01-30,2000.00,CE,208.00,208.00,195.00,196.00,194.80,3,13.198,1200,-200,06-JAN-2025
OPTSTK,NESTLEIND,27-Feb-2025,2025-02-27,2000.00,CE,0.00,0.00,0.00,287.40,209.40,0,0.00,0,0,06-JAN-2025
OPTSTK,NESTLEIND,27-Mar-2025,2025-03-27,2080.00,CE,0.00,0.00,0.00,156.60,160.00,0,0.00,0,0,06-JAN-2025
OPTSTK,NESTLEIND,30-Jan-2025,2025-01-30,2460.00,CE,0.00,0.00,0.00,23.25,0.30,0,0.00,0,0,06-JAN-2025
OPTSTK,NESTLEIND,27-Feb-2025,2025-02-27,2220.00,PE,56.00,89.75,56.00,80.00,80.00,3,13.7715,1000,400,06-JAN-2025
OPTSTK,NESTLEIND,30-Jan-2025,2025-01-30,2220.00,CE,52.55,53.00,23.00,26.85,26.85,2389,10757.7821,83600,19200,06-JAN-2025
OPTSTK,NESTLEIND,30-Jan-2025,2025-01-30,2220.00,PE,33.75,76.45,32.25,65.05,65.05,691,3138.1455,47400,-5600,06-JAN-2025
OPTSTK,NESTLEIND,27-Feb-2025,2025-02-27,1840.00,CE,0.00,0.00,0.00,432.15,362.80,0,0.00,0,0,06-JAN-2025
OPTSTK,NESTLEIND,27-Mar-2025,2025-03-27,1840.00,PE,0.00,0.00,0.00,5.65,0.95,0,0.00,0,0,06-JAN-2025
OPTSTK,NESTLEIND,30-Jan-2025,2025-01-30,1840.00,PE,0.00,0.00,0.00,2.20,0.05,0,0.00,0,0,06-JAN-2025
OPTSTK,NESTLEIND,27-Feb-2025,2025-02-27,2460.00,CE,15.70,15.70,15.70,15.70,4.10,1,4.9514,200,200,06-JAN-2025
OPTSTK,NESTLEIND,30-Jan-2025,2025-01-30,1920.00,CE,0.00,0.00,0.00,383.10,273.55,0,0.00,0,0,06-JAN-2025
OPTSTK,NESTLEIND,27-Mar-2025,2025-03-27,1920.00,CE,0.00,0.00,0.00,277.80,296.70,0,0.00,0,0,06-JAN-2025
OPTSTK,NESTLEIND,30-Jan-2025,2025-01-30,2200.00,PE,26.50,64.40,25.35,53.80,53.80,2371,10644.2682,289200,-23800,06-JAN-2025
OPTSTK,NESTLEIND,27-Feb-2025,2025-02-27,1840.00,PE,0.00,0.00,0.00,2.70,0.20,0,0.00,0,0,06-JAN-2025
OPTSTK,NESTLEIND,27-Mar-2025,2025-03-27,2200.00,PE,0.00,0.00,0.00,101.10,66.80,0,0.00,0,0,06-JAN-2025
OPTSTK,NESTLEIND,30-Jan-2025,2025-01-30,2200.00,CE,64.00,66.40,29.00,34.70,34.70,3631,16254.4237,200600,68400,06-JAN-2025
OPTSTK,NESTLEIND,27-Mar-2025,2025-03-27,2120.00,CE,0.00,0.00,0.00,132.10,131.60,0,0.00,0,0,06-JAN-2025
OPTSTK,NESTLEIND,30-Jan-2025,2025-01-30,2120.00,PE,8.25,24.80,8.25,20.15,20.15,443,1892.865,25000,4000,06-JAN-2025
OPTSTK,NESTLEIND,27-Feb-2025,2025-02-27,2420.00,CE,0.00,0.00,0.00,13.40,6.90,0,0.00,0,0,06-JAN-2025
OPTSTK,NESTLEIND,30-Jan-2025,2025-01-30,2600.00,PE,0.00,0.00,0.00,378.65,403.50,0,0.00,3600,0,06-JAN-2025
OPTSTK,NESTLEIND,30-Jan-2025,2025-01-30,2600.00,CE,0.80,0.85,0.80,0.85,0.05,3,15.6049,6200,0,06-JAN-2025
OPTSTK,NESTLEIND,30-Jan-2025,2025-01-30,2140.00,CE,80.90,80.90,59.25,67.00,67.00,146,644.6158,19600,6800,06-JAN-2025
OPTSTK,NESTLEIND,30-Jan-2025,2025-01-30,1880.00,CE,0.00,0.00,0.00,420.35,313.35,0,0.00,0,0,06-JAN-2025
OPTSTK,NESTLEIND,27-Feb-2025,2025-02-27,1880.00,CE,0.00,0.00,0.00,394.55,323.50,0,0.00,0,0,06-JAN-2025
OPTSTK,AARTIIND,30-Jan-2025,2025-01-30,410.00,PE,7.35,16.55,7.35,15.35,15.35,457,1930.393,345000,1000,06-JAN-2025
OPTSTK,AARTIIND,27-Mar-2025,2025-03-27,400.00,CE,0.00,0.00,0.00,46.90,32.50,0,0.00,0,0,06-JAN-2025
OPTSTK,AARTIIND,30-Jan-2025,2025-01-30,410.00,CE,17.65,18.65,9.60,10.70,10.70,546,2303.255,346000,142000,06-JAN-2025
OPTSTK,AARTIIND,27-Feb-2025,2025-02-27,340.00,CE,0.00,0.00,0.00,118.70,69.40,0,0.00,0,0,06-JAN-2025
OPTSTK,AARTIIND,30-Jan-2025,2025-01-30,340.00,PE,0.20,0.60,0.20,0.55,0.55,95,323.3875,395000,0,06-JAN-2025
OPTSTK,AARTIIND,30-Jan-2025,2025-01-30,580.00,PE,0.00,0.00,0.00,157.00,173.60,0,0.00,4000,0,06-JAN-2025
OPTSTK,AARTIIND,27-Feb-2025,2025-02-27,365.00,CE,0.00,0.00,0.00,62.45,48.75,0,0.00,0,0,06-JAN-2025
OPTSTK,AARTIIND,30-Jan-2025,2025-01-30,440.00,CE,5.40,5.40,2.40,2.75,2.75,1124,4981.8785,553000,46000,06-JAN-2025
OPTSTK,AARTIIND,27-Feb-2025,2025-02-27,360.00,PE,4.00,4.60,3.10,4.60,5.30,13,47.299,31000,3000,06-JAN-2025
OPTSTK,AARTIIND,30-Jan-2025,2025-01-30,360.00,CE,0.00,0.00,0.00,159.25,47.20,0,0.00,0,0,06-JAN-2025
OPTSTK,AARTIIND,27-Feb-2025,2025-02-27,375.00,PE,0.00,0.00,0.00,12.40,9.00,0,0.00,0,0,06-JAN-2025
OPTSTK,AARTIIND,30-Jan-2025,2025-01-30,425.00,PE,14.70,26.60,13.95,25.40,25.40,105,468.054,97000,-6000,06-JAN-2025
OPTSTK,AARTIIND,27-Feb-2025,2025-02-27,455.00,CE,0.00,0.00,0.00,17.00,7.25,0,0.00,0,0,06-JAN-2025
OPTSTK,AARTIIND,30-Jan-2025,2025-01-30,370.00,CE,0.00,0.00,0.00,88.65,38.65,0,0.00,0,0,06-JAN-2025
OPTSTK,AARTIIND,27-Feb-2025,2025-02-27,420.00,CE,17.30,18.30,17.30,18.30,17.15,2,8.756,2000,1000,06-JAN-2025
OPTSTK,AARTIIND,27-Mar-2025,2025-03-27,460.00,PE,0.00,0.00,0.00,60.60,60.45,0,0.00,0,0,06-JAN-2025
OPTSTK,AARTIIND,30-Jan-2025,2025-01-30,365.00,PE,0.00,0.00,0.00,4.90,2.40,0,0.00,0,0,06-JAN-2025
OPTSTK,AARTIIND,27-Feb-2025,2025-02-27,365.00,PE,0.00,0.00,0.00,9.60,6.40,0,0.00,0,0,06-JAN-2025
OPTSTK,AARTIIND,27-Mar-2025,2025-03-27,380.00,PE,0.00,0.00,0.00,18.40,14.50,0,0.00,0,0,06-JAN-2025
OPTSTK,AARTIIND,30-Jan-2025,2025-01-30,380.00,CE,33.00,33.00,28.80,29.85,29.85,18,73.8495,41000,11000,06-JAN-2025
OPTSTK,AARTIIND,27-Mar-2025,2025-03-27,450.00,CE,0.00,0.00,0.00,25.30,13.45,0,0.00,0,0,06-JAN-2025
OPTSTK,AARTIIND,30-Jan-2025,2025-01-30,450.00,PE,37.00,43.00,37.00,43.00,46.90,9,44.0565,172000,5000,06-JAN-2025
OPTSTK,AARTIIND,30-Jan-2025,2025-01-30,450.00,CE,2.50,3.30,1.55,1.80,1.80,670,3028.804,986000,-27000,06-JAN-2025
OPTSTK,AARTIIND,30-Jan-2025,2025-01-30,600.00,CE,0.20,0.20,0.15,0.15,0.05,2,12.0035,70000,0,06-JAN-2025
OPTSTK,AARTIIND,30-Jan-2025,2025-01-30,370.00,PE,0.95,2.90,0.95,2.60,2.60,329,1223.6005,327000,61000,06-JAN-2025
OPTSTK,AARTIIND,30-Jan-2025,2025-01-30,460.00,PE,44.50,44.50,44.50,44.50,55.85,2,10.09,62000,2000,06-JAN-2025
OPTSTK,AARTIIND,27-Mar-2025,2025-03-27,460.00,CE,0.00,0.00,0.00,22.15,11.05,0,0.00,0,0,06-JAN-2025
OPTSTK,AARTIIND,30-Jan-2025,2025-01-30,460.00,CE,2.00,2.15,1.00,1.20,1.20,335,1545.516,366000,11000,06-JAN-2025
OPTSTK,AARTIIND,27-Mar-2025,2025-03-27,440.00,CE,0.00,0.00,0.00,28.85,16.30,0,0.00,0,0,06-JAN-2025
OPTSTK,AARTIIND,27-Feb-2025,2025-02-27,390.00,CE,0.00,0.00,0.00,45.65,31.75,0,0.00,0,0,06-JAN-2025
OPTSTK,AARTIIND,30-Jan-2025,2025-01-30,390.00,CE,24.35,24.65,20.95,21.55,21.55,16,66.1405,21000,5000,06-JAN-2025
OPTSTK,AARTIIND,27-Feb-2025,2025-02-27,350.00,CE,0.00,0.00,0.00,73.90,60.75,0,0.00,0,0,06-JAN-2025
OPTSTK,TATASTEEL,30-Jan-2025,2025-01-30,133.00,CE,5.60,5.75,3.70,4.05,4.05,675,5094.2925,973500,649000,06-JAN-2025
OPTSTK,TATASTEEL,30-Jan-2025,2025-01-30,162.00,CE,0.15,0.15,0.10,0.10,0.10,31,276.397,115500,38500,06-JAN-2025
OPTSTK,BAJAJFINSV,27-Mar-2025,2025-03-27,1480.00,PE,0.00,0.00,0.00,41.55,9.05,0,0.00,0,0,06-JAN-2025
OPTSTK,TATASTEEL,30-Jan-2025,2025-01-30,115.00,PE,0.10,0.35,0.10,0.30,0.30,972,6160.18975,2667500,154000,06-JAN-2025
FUTSTK,TATASTEEL,27-Feb-2025,2025-02-27,,,139.39,139.39,132.90,133.54,133.54,1090,8125.94915,12694000,1699500,06-JAN-2025
OPTSTK,BAJAJFINSV,27-Mar-2025,2025-03-27,1800.00,CE,0.00,0.00,0.00,23.65,42.70,0,0.00,0,0,06-JAN-2025
OPTSTK,TATASTEEL,30-Jan-2025,2025-01-30,140.00,CE,3.45,3.75,1.40,1.55,1.55,9811,76570.0072,25426500,5747500,06-JAN-2025
OPTSTK,TATASTEEL,27-Mar-2025,2025-03-27,140.00,CE,5.20,5.20,5.20,5.20,4.65,2,15.972,11000,11000,06-JAN-2025
OPTSTK,BAJAJFINSV,30-Jan-2025,2025-01-30,1480.00,PE,2.00,2.35,1.65,2.30,2.30,157,1163.358,92000,-21000,06-JAN-2025
OPTSTK,TATASTEEL,27-Feb-2025,2025-02-27,160.00,CE,0.75,0.75,0.55,0.55,0.55,156,1377.772,1485000,390500,06-JAN-2025
OPTSTK,TATASTEEL,30-Jan-2025,2025-01-30,160.00,CE,0.20,0.25,0.10,0.15,0.15,1217,10720.2507,14129500,231000,06-JAN-2025
OPTSTK,TATASTEEL,27-Mar-2025,2025-03-27,160.00,PE,0.00,0.00,0.00,20.55,26.25,0,0.00,0,0,06-JAN-2025
OPTSTK,BAJAJFINSV,30-Jan-2025,2025-01-30,1780.00,CE,19.85,23.80,10.45,11.60,11.60,1937,17403.927,193500,-51500,06-JAN-2025
OPTSTK,TATASTEEL,27-Mar-2025,2025-03-27,152.00,PE,0.00,0.00,0.00,14.85,19.30,0,0.00,0,0,06-JAN-2025
OPTSTK,BAJAJFINSV,30-Jan-2025,2025-01-30,1280.00,PE,0.70,6.60,0.40,0.45,0.05,67,429.2685,35500,3000,06-JAN-2025
OPTSTK,TATASTEEL,27-Feb-2025,2025-02-27,124.00,CE,0.00,0.00,0.00,19.55,11.35,0,0.00,0,0,06-JAN-2025
OPTSTK,TATASTEEL,27-Feb-2025,2025-02-27,124.00,PE,0.00,0.00,0.00,1.65,2.00,0,0.00,0,0,06-JAN-2025
OPTSTK,BAJAJFINSV,27-Feb-2025,2025-02-27,1740.00,PE,0.00,0.00,0.00,180.60,84.35,0,0.00,0,0,06-JAN-2025
OPTSTK,BAJAJFINSV,27-Mar-2025,2025-03-27,1880.00,CE,0.00,0.00,0.00,13.30,23.40,0,0.00,0,0,06-JAN-2025
OPTSTK,TATASTEEL,30-Jan-2025,2025-01-30,157.50,CE,0.25,0.25,0.15,0.20,0.20,163,1413.951,1056000,-187000,06-JAN-2025
OPTSTK,BAJAJFINSV,27-Feb-2025,2025-02-27,1780.00,PE,0.00,0.00,0.00,213.70,110.50,0,0.00,0,0,06-JAN-2025
OPTSTK,BAJAJFINSV,27-Mar-2025,2025-03-27,1640.00,PE,0.00,0.00,0.00,116.45,46.30,0,0.00,0,0,06-JAN-2025
OPTSTK,TATASTEEL,30-Jan-2025,2025-01-30,132.50,PE,1.65,4.30,1.65,3.90,3.90,1123,8397.27625,1529000,-368500,06-JAN-2025
OPTSTK,BAJAJFINSV,27-Mar-2025,2025-03-27,1880.00,PE,0.00,0.00,0.00,300.00,191.20,0,0.00,0,0,06-JAN-2025
OPTSTK,TATASTEEL,30-Jan-2025,2025-01-30,114.00,PE,0.10,0.30,0.10,0.30,0.30,170,1068.1825,671000,462000,06-JAN-2025
OPTSTK,BAJAJFINSV,27-Mar-2025,2025-03-27,1640.00,CE,0.00,0.00,0.00,65.40,115.00,0,0.00,0,0,06-JAN-2025
OPTSTK,TATASTEEL,27-Feb-2025,2025-02-27,142.00,CE,0.00,0.00,0.00,7.95,2.55,0,0.00,0,0,06-JAN-2025
OPTSTK,TATASTEEL,30-Jan-2025,2025-01-30,142.00,PE,5.90,10.75,5.90,10.35,10.35,76,629.84625,401500,-115500,06-JAN-2025
OPTSTK,TATASTEEL,27-Feb-2025,2025-02-27,138.00,PE,0.00,0.00,0.00,5.90,8.25,0,0.00,0,0,06-JAN-2025
OPTSTK,TATASTEEL,27-Mar-2025,2025-03-27,138.00,CE,0.00,0.00,0.00,11.90,5.35,0,0.00,0,0,06-JAN-2025
OPTSTK,BAJAJFINSV,30-Jan-2025,2025-01-30,1400.00,PE,0.80,1.00,0.80,0.95,0.95,30,210.13725,184500,-9500,06-JAN-2025
OPTSTK,MANAPPURAM,27-Feb-2025,2025-02-27,215.00,PE,0.00,0.00,0.00,57.10,35.70,0,0.00,0,0,06-JAN-2025
OPTSTK,MANAPPURAM,27-Mar-2025,2025-03-27,215.00,CE,0.00,0.00,0.00,8.95,4.05,0,0.00,0,0,06-JAN-2025
OPTSTK,MANAPPURAM,30-Jan-2025,2025-01-30,187.50,CE,5.00,5.00,2.15,2.15,4.60,9,51.54,333000,-27000,06-JAN-2025
OPTSTK,MANAPPURAM,27-Mar-2025,2025-03-27,210.00,CE,0.00,0.00,0.00,10.25,4.95,0,0.00,0,0,06-JAN-2025
OPTSTK,MANAPPURAM,30-Jan-2025,2025-01-30,210.00,PE,0.00,0.00,0.00,18.85,30.45,0,0.00,57000,0,06-JAN-2025
OPTSTK,MANAPPURAM,27-Mar-2025,2025-03-27,210.00,PE,0.00,0.00,0.00,32.15,32.55,0,0.00,0,0,06-JAN-2025
OPTSTK,MANAPPURAM,27-Feb-2025,2025-02-27,202.50,CE,0.00,0.00,0.00,9.15,4.05,0,0.00,0,0,06-JAN-2025
OPTSTK,MANAPPURAM,27-Feb-2025,2025-02-27,170.00,CE,0.00,0.00,0.00,11.65,17.10,0,0.00,0,0,06-JAN-2025
OPTSTK,MANAPPURAM,27-Feb-2025,2025-02-27,207.50,PE,0.00,0.00,0.00,28.35,29.35,0,0.00,0,0,06-JAN-2025
OPTSTK,MANAPPURAM,27-Feb-2025,2025-02-27,182.50,CE,0.00,0.00,0.00,17.10,10.45,0,0.00,0,0,06-JAN-2025
OPTSTK,MANAPPURAM,30-Jan-2025,2025-01-30,182.50,PE,0.00,0.00,0.00,1.80,8.85,0,0.00,282000,0,06-JAN-2025
OPTSTK,MANAPPURAM,27-Feb-2025,2025-02-27,167.50,PE,0.00,0.00,0.00,6.85,5.30,0,0.00,0,0,06-JAN-2025
OPTSTK,MANAPPURAM,30-Jan-2025,2025-01-30,167.50,CE,0.00,0.00,0.00,22.35,15.20,0,0.00,36000,0,06-JAN-2025
OPTSTK,MANAPPURAM,30-Jan-2025,2025-01-30,197.50,PE,0.00,0.00,0.00,12.45,19.40,0,0.00,105000,0,06-JAN-2025
OPTSTK,MANAPPURAM,27-Feb-2025,2025-02-27,197.50,PE,0.00,0.00,0.00,21.55,21.55,0,0.00,0,0,06-JAN-2025
OPTSTK,MANAPPURAM,30-Jan-2025,2025-01-30,182.50,CE,0.00,0.00,0.00,13.95,6.50,0,0.00,210000,0,06-JAN-2025
OPTSTK,MANAPPURAM,27-Feb-2025,2025-02-27,182.50,PE,0.00,0.00,0.00,13.05,11.90,0,0.00,0,0,06-JAN-2025
OPTSTK,MANAPPURAM,27-Feb-2025,2025-02-27,167.50,CE,0.00,0.00,0.00,25.75,18.70,0,0.00,0,0,06-JAN-2025
OPTSTK,MANAPPURAM,30-Jan-2025,2025-01-30,167.50,PE,0.00,0.00,0.00,0.80,2.65,0,0.00,102000,0,06-JAN-2025
OPTSTK,MANAPPURAM,27-Feb-2025,2025-02-27,172.50,CE,0.00,0.00,0.00,22.60,15.60,0,0.00,0,0,06-JAN-2025
OPTSTK,MANAPPURAM,30-Jan-2025,2025-01-30,180.00,CE,9.50,9.50,4.25,4.35,7.60,13,72.501,1131000,-39000,06-JAN-2025
OPTSTK,MANAPPURAM,27-Feb-2025,2025-02-27,220.00,CE,0.00,0.00,0.00,2.25,1.55,0,0.00,0,0,06-JAN-2025
OPTSTK,MANAPPURAM,27-Feb-2025,2025-02-27,212.50,CE,0.00,0.00,0.00,6.50,2.40,0,0.00,0,0,06-JAN-2025
OPTSTK,MANAPPURAM,27-Feb-2025,2025-02-27,215.00,CE,0.00,0.00,0.00,2.70,2.05,0,0.00,0,0,06-JAN-2025
OPTSTK,MANAPPURAM,30-Jan-2025,2025-01-30,195.00,PE,11.90,12.00,11.90,12.00,17.40,2,12.417,324000,-6000,06-JAN-2025
OPTSTK,MANAPPURAM,30-Jan-2025,2025-01-30,195.00,CE,3.60,3.60,1.60,1.65,1.65,108,640.071,759000,-324000,06-JAN-2025
OPTSTK,MANAPPURAM,27-Feb-2025,2025-02-27,195.00,PE,0.00,0.00,0.00,40.05,19.75,0,0.00,0,0,06-JAN-2025
OPTSTK,MANAPPURAM,27-Mar-2025,2025-03-27,195.00,PE,0.00,0.00,0.00,22.35,21.60,0,0.00,0,0,06-JAN-2025
OPTSTK,MANAPPURAM,27-Mar-2025,2025-03-27,185.00,CE,0.00,0.00,0.00,19.40,12.45,0,0.00,0,0,06-JAN-2025
OPTSTK,MANAPPURAM,27-Feb-2025,2025-02-27,185.00,PE,0.00,0.00,0.00,32.30,13.30,0,0.00,0,0,06-JAN-2025
OPTSTK,MANAPPURAM,30-Jan-2025,2025-01-30,185.00,CE,5.95,5.95,5.05,5.05,5.45,12,68.547,1212000,-36000,06-JAN-2025
OPTSTK,OFSS,30-Jan-2025,2025-01-30,11500.00,CE,863.00,896.85,783.00,783.00,786.70,23,141.96,1000,400,06-JAN-2025
OPTSTK,OFSS,30-Jan-2025,2025-01-30,11500.00,PE,173.00,306.00,129.10,294.05,294.05,776,4552.88842,19750,950,06-JAN-2025
OPTSTK,OFSS,27-Mar-2025,2025-03-27,11500.00,PE,0.00,0.00,0.00,647.15,540.25,0,0.00,0,0,06-JAN-2025
OPTSTK,OFSS,27-Mar-2025,2025-03-27,11500.00,CE,0.00,0.00,0.00,1634.45,1210.20,0,0.00,0,0,06-JAN-2025
OPTSTK,OFSS,27-Feb-2025,2025-02-27,11500.00,PE,0.00,0.00,0.00,350.00,411.50,0,0.00,200,0,06-JAN-2025
OPTSTK,OFSS,27-Feb-2025,2025-02-27,12250.00,PE,0.00,0.00,0.00,832.25,762.75,0,0.00,0,0,06-JAN-2025
OPTSTK,OFSS,30-Jan-2025,2025-01-30,10000.00,PE,19.15,39.85,19.15,35.25,35.25,137,687.245175,18800,900,06-JAN-2025
FUTSTK,OFSS,27-Feb-2025,2025-02-27,,,12377.65,12440.75,11912.60,11953.95,11953.95,203,1226.20232,16450,2600,06-JAN-2025
OPTSTK,OFSS,27-Feb-2025,2025-02-27,12250.00,CE,0.00,0.00,0.00,1015.45,631.05,0,0.00,0,0,06-JAN-2025
OPTSTK,OFSS,27-Mar-2025,2025-03-27,13000.00,PE,0.00,0.00,0.00,1395.65,1347.45,0,0.00,0,0,06-JAN-2025
OPTSTK,OFSS,30-Jan-2025,2025-01-30,13000.00,CE,237.65,288.70,159.85,164.30,164.30,1687,11134.3089,71000,6400,06-JAN-2025
OPTSTK,OFSS,30-Jan-2025,2025-01-30,11250.00,CE,1011.05,1011.05,1011.05,1011.05,962.35,1,6.130525,50,50,06-JAN-2025
OPTSTK,OFSS,27-Feb-2025,2025-02-27,11250.00,CE,0.00,0.00,0.00,1589.00,1181.65,0,0.00,0,0,06-JAN-2025
OPTSTK,OFSS,27-Feb-2025,2025-02-27,13500.00,CE,0.00,0.00,0.00,517.00,240.50,0,0.00,0,0,06-JAN-2025
OPTSTK,OFSS,27-Feb-2025,2025-02-27,13500.00,PE,0.00,0.00,0.00,2115.40,1610.25,0,0.00,0,0,06-JAN-2025
OPTSTK,OFSS,30-Jan-2025,2025-01-30,13500.00,PE,1516.20,1516.20,1516.20,1516.20,1515.90,1,7.5081,750,50,06-JAN-2025
OPTSTK,OFSS,30-Jan-2025,2025-01-30,13500.00,CE,144.90,156.10,84.85,87.90,87.90,794,5402.27672,26300,1150,06-JAN-2025
OPTSTK,OFSS,27-Mar-2025,2025-03-27,13500.00,CE,0.00,0.00,0.00,734.80,397.35,0,0.00,0,0,06-JAN-2025
OPTSTK,OFSS,27-Mar-2025,2025-03-27,13500.00,PE,0.00,0.00,0.00,1711.40,1698.05,0,0.00,0,0,06-JAN-2025
OPTSTK,OFSS,27-Feb-2025,2025-02-27,11500.00,CE,0.00,0.00,0.00,1246.30,1022.60,0,0.00,0,0,06-JAN-2025
OPTSTK,OFSS,30-Jan-2025,2025-01-30,10500.00,PE,38.75,85.25,33.05,76.60,76.60,572,3020.89757,11000,5000,06-JAN-2025
OPTSTK,OFSS,30-Jan-2025,2025-01-30,10500.00,CE,0.00,0.00,0.00,1957.25,1587.25,0,0.00,2650,0,06-JAN-2025
OPTSTK,OFSS,27-Feb-2025,2025-02-27,10500.00,CE,0.00,0.00,0.00,1821.10,1738.00,0,0.00,0,0,06-JAN-2025
OPTSTK,OFSS,27-Feb-2025,2025-02-27,10500.00,PE,178.95,178.95,178.95,178.95,178.95,1,5.339475,50,50,06-JAN-2025
OPTSTK,OFSS,30-Jan-2025,2025-01-30,13750.00,CE,96.70,110.50,62.05,65.15,65.15,208,1437.45557,8250,1950,06-JAN-2025
OPTSTK,OFSS,30-Jan-2025,2025-01-30,12000.00,CE,678.50,775.05,480.00,493.70,493.70,431,2707.50352,12000,4550,06-JAN-2025
OPTSTK,OFSS,30-Jan-2025,2025-01-30,12000.00,PE,290.05,531.50,251.45,505.15,505.15,1718,10676.3869,41500,3300,06-JAN-2025
OPTSTK,OFSS,27-Feb-2025,2025-02-27,12000.00,CE,0.00,0.00,0.00,1014.45,747.30,0,0.00,0,0,06-JAN-2025
OPTSTK,OFSS,30-Jan-2025,2025-01-30,12750.00,CE,320.00,380.10,215.50,226.80,226.80,669,4363.01507,30800,8550,06-JAN-2025
OPTSTK,OFSS,27-Feb-2025,2025-02-27,12750.00,CE,0.00,0.00,0.00,792.45,439.20,0,0.00,0,0,06-JAN-2025
OPTSTK,OFSS,30-Jan-2025,2025-01-30,11250.00,PE,100.50,230.25,100.50,221.40,221.40,107,611.52215,5300,400,06-JAN-2025
OPTSTK,OFSS,27-Feb-2025,2025-02-27,13250.00,CE,0.00,0.00,0.00,500.00,296.25,0,0.00,50,0,06-JAN-2025
OPTSTK,ADANIPORTS,27-Feb-2025,2025-02-27,1200.00,PE,50.00,66.80,49.00,65.00,65.00,228,1147.1492,98000,64000,06-JAN-2025
OPTSTK,ACC,30-Jan-2025,2025-01-30,1980.00,CE,75.00,81.15,62.60,68.50,68.50,69,424.6578,7800,4500,06-JAN-2025
OPTSTK,ACC,27-Feb-2025,2025-02-27,1980.00,PE,66.60,66.60,66.60,66.60,81.95,1,6.1398,300,300,06-JAN-2025
OPTSTK,ACC,27-Mar-2025,2025-03-27,2400.00,CE,0.00,0.00,0.00,65.90,17.95,0,0.00,0,0,06-JAN-2025
OPTSTK,ACC,27-Feb-2025,2025-02-27,1760.00,CE,0.00,0.00,0.00,480.20,256.20,0,0.00,0,0,06-JAN-2025
OPTSTK,ACC,27-Mar-2025,2025-03-27,1760.00,CE,0.00,0.00,0.00,389.25,276.35,0,0.00,0,0,06-JAN-2025
OPTSTK,ACC,30-Jan-2025,2025-01-30,2000.00,CE,89.10,89.10,52.15,57.65,57.65,711,4403.8983,51000,30300,06-JAN-2025
OPTSTK,ADANIPORTS,27-Feb-2025,2025-02-27,1260.00,PE,99.00,99.00,99.00,99.00,126.50,3,16.308,1200,1200,06-JAN-2025
OPTSTK,ACC,30-Jan-2025,2025-01-30,1860.00,PE,9.45,18.15,9.45,17.95,17.95,59,331.8297,16500,1500,06-JAN-2025
OPTSTK,ACC,30-Jan-2025,2025-01-30,2040.00,PE,47.75,91.25,47.75,85.35,85.35,412,2602.30965,43800,2400,06-JAN-2025
OPTSTK,ACC,27-Feb-2025,2025-02-27,2180.00,PE,0.00,0.00,0.00,167.75,209.10,0,0.00,0,0,06-JAN-2025
OPTSTK,ACC,30-Jan-2025,2025-01-30,2180.00,CE,16.00,17.10,9.55,10.15,10.15,217,1427.025,28800,4800,06-JAN-2025
OPTSTK,ACC,30-Jan-2025,2025-01-30,2180.00,PE,188.25,188.30,188.25,188.30,197.30,2,14.20965,8700,-300,06-JAN-2025
OPTSTK,ACC,27-Mar-2025,2025-03-27,1840.00,CE,0.00,0.00,0.00,327.65,216.85,0,0.00,0,0,06-JAN-2025
OPTSTK,ACC,30-Jan-2025,2025-01-30,1840.00,CE,0.00,0.00,0.00,529.75,165.15,0,0.00,0,0,06-JAN-2025
OPTSTK,ACC,30-Jan-2025,2025-01-30,2420.00,PE,0.00,0.00,0.00,280.00,425.65,0,0.00,600,0,06-JAN-2025
OPTSTK,ACC,30-Jan-2025,2025-01-30,2420.00,CE,0.00,0.00,0.00,1.00,0.45,0,0.00,600,0,06-JAN-2025
OPTSTK,ADANIPORTS,30-Jan-2025,2025-01-30,1260.00,CE,18.05,18.50,11.15,11.65,11.65,4243,21613.9866,1398000,57200,06-JAN-2025
OPTSTK,ADANIPORTS,30-Jan-2025,2025-01-30,1320.00,PE,142.30,156.00,142.30,156.00,159.85,4,23.5356,46800,0,06-JAN-2025
OPTSTK,ADANIPORTS,27-Feb-2025,2025-02-27,1320.00,CE,0.00,0.00,0.00,73.00,26.60,0,0.00,0,0,06-JAN-2025
OPTSTK,ADANIPORTS,27-Mar-2025,2025-03-27,1320.00,CE,0.00,0.00,0.00,103.70,43.45,0,0.00,0,0,06-JAN-2025
OPTSTK,ACC,27-Feb-2025,2025-02-27,2020.00,PE,0.00,0.00,0.00,86.60,102.50,0,0.00,0,0,06-JAN-2025
OPTSTK,ACC,27-Feb-2025,2025-02-27,2120.00,CE,0.00,0.00,0.00,222.55,49.30,0,0.00,0,0,06-JAN-2025
OPTSTK,ACC,30-Jan-2025,2025-01-30,2060.00,CE,61.80,61.85,30.00,33.50,33.50,932,5876.07915,86100,22500,06-JAN-2025
OPTSTK,ACC,27-Mar-2025,2025-03-27,2320.00,CE,0.00,0.00,0.00,86.10,27.75,0,0.00,0,0,06-JAN-2025
OPTSTK,ACC,27-Mar-2025,2025-03-27,2320.00,PE,0.00,0.00,0.00,276.55,329.60,0,0.00,0,0,06-JAN-2025
OPTSTK,ADANIPORTS,30-Jan-2025,2025-01-30,1100.00,CE,104.80,105.00,81.50,83.10,83.10,141,670.5574,39200,16800,06-JAN-2025
OPTSTK,ADANIPORTS,30-Jan-2025,2025-01-30,1480.00,CE,1.30,1.40,1.15,1.35,1.35,58,343.654,190800,-8400,06-JAN-2025
OPTSTK,ADANIPORTS,27-Mar-2025,2025-03-27,1080.00,CE,0.00,0.00,0.00,230.15,146.00,0,0.00,0,0,06-JAN-2025
FUTSTK,ADANIPORTS,27-Mar-2025,2025-03-27,,,1219.95,1221.50,1179.40,1182.40,1182.40,120,574.0146,98400,22400,06-JAN-2025
OPTSTK,ADANIPORTS,30-Jan-2025,2025-01-30,1300.00,CE,10.60,10.60,6.50,6.80,6.80,3342,17482.4546,1310400,-22400,06-JAN-2025
OPTSTK,ACC,27-Mar-2025,2025-03-27,2040.00,CE,0.00,0.00,0.00,199.70,104.25,0,0.00,0,0,06-JAN-2025
OPTSTK,ASIANPAINT,30-Jan-2025,2025-01-30,2340.00,PE,53.45,104.15,51.65,96.60,96.60,1119,5404.6426,111800,-34800,06-JAN-2025
OPTSTK,ASIANPAINT,27-Feb-2025,2025-02-27,2340.00,PE,85.50,85.50,85.50,85.50,102.05,1,4.851,200,200,06-JAN-2025
OPTSTK,ASIANPAINT,27-Feb-2025,2025-02-27,2680.00,PE,0.00,0.00,0.00,236.95,389.15,0,0.00,0,0,06-JAN-2025
FUTSTK,ASIANPAINT,27-Feb-2025,2025-02-27,,,2357.00,2357.50,2275.95,2286.60,2286.60,1000,4610.17,663600,59800,06-JAN-2025
OPTSTK,ASIANPAINT,27-Mar-2025,2025-03-27,2360.00,CE,0.00,0.00,0.00,91.25,65.85,0,0.00,0,0,06-JAN-2025
OPTSTK,ASIANPAINT,30-Jan-2025,2025-01-30,2040.00,PE,2.25,5.60,2.20,5.35,5.35,732,2992.3133,103200,15600,06-JAN-2025
OPTSTK,ASIANPAINT,27-Feb-2025,2025-02-27,2720.00,CE,0.00,0.00,0.00,53.25,1.20,0,0.00,0,0,06-JAN-2025
OPTSTK,ASIANPAINT,27-Feb-2025,2025-02-27,2720.00,PE,0.00,0.00,0.00,266.15,428.00,0,0.00,0,0,06-JAN-2025
OPTSTK,ASIANPAINT,27-Mar-2025,2025-03-27,2520.00,PE,0.00,0.00,0.00,255.35,239.60,0,0.00,0,0,06-JAN-2025
OPTSTK,ASIANPAINT,30-Jan-2025,2025-01-30,2520.00,PE,248.00,248.00,240.00,240.00,243.40,2,11.056,19600,-200,06-JAN-2025
OPTSTK,ASIANPAINT,27-Feb-2025,2025-02-27,2520.00,PE,0.00,0.00,0.00,136.80,239.85,0,0.00,0,0,06-JAN-2025
OPTSTK,ASIANPAINT,30-Jan-2025,2025-01-30,2360.00,PE,63.00,118.95,62.60,110.45,110.45,522,2555.3101,91800,-22800,06-JAN-2025
OPTSTK,ASIANPAINT,27-Mar-2025,2025-03-27,2120.00,PE,0.00,0.00,0.00,43.10,25.60,0,0.00,0,0,06-JAN-2025
OPTSTK,ASIANPAINT,27-Feb-2025,2025-02-27,2120.00,PE,0.00,0.00,0.00,13.20,16.30,0,0.00,1200,0,06-JAN-2025
OPTSTK,ASIANPAINT,27-Mar-2025,2025-03-27,2120.00,CE,0.00,0.00,0.00,223.80,203.90,0,0.00,0,0,06-JAN-2025
OPTSTK,ASIANPAINT,30-Jan-2025,2025-01-30,2200.00,PE,12.95,33.60,12.30,30.40,30.40,2252,10016.9639,563400,-15800,06-JAN-2025
OPTSTK,ASIANPAINT,27-Mar-2025,2025-03-27,2160.00,CE,0.00,0.00,0.00,196.35,174.40,0,0.00,0,0,06-JAN-2025
OPTSTK,ASIANPAINT,30-Jan-2025,2025-01-30,2500.00,CE,10.10,10.15,4.85,5.80,5.80,4221,21156.9383,796600,-40400,06-JAN-2025
OPTSTK,ASIANPAINT,30-Jan-2025,2025-01-30,2000.00,PE,1.50,4.20,1.45,3.85,3.85,1029,4121.7256,214000,8200,06-JAN-2025
OPTSTK,ASIANPAINT,27-Feb-2025,2025-02-27,2000.00,PE,0.00,0.00,0.00,9.80,3.40,0,0.00,800,0,06-JAN-2025
OPTSTK,ASIANPAINT,27-Feb-2025,2025-02-27,2220.00,PE,0.00,0.00,0.00,63.50,43.10,0,0.00,0,0,06-JAN-2025
OPTSTK,ASIANPAINT,27-Feb-2025,2025-02-27,2220.00,CE,0.00,0.00,0.00,133.70,111.45,0,0.00,0,0,06-JAN-2025
OPTSTK,ASIANPAINT,30-Jan-2025,2025-01-30,2220.00,CE,114.65,115.60,83.40,84.45,82.80,44,203.8864,16800,-3000,06-JAN-2025
OPTSTK,ASIANPAINT,27-Feb-2025,2025-02-27,2380.00,CE,0.00,0.00,0.00,60.15,38.20,0,0.00,0,0,06-JAN-2025
OPTSTK,ASIANPAINT,30-Jan-2025,2025-01-30,2380.00,PE,74.25,133.30,74.25,125.60,125.60,216,1068.9884,64200,-2000,06-JAN-2025
OPTSTK,ASIANPAINT,30-Jan-2025,2025-01-30,2460.00,CE,16.15,16.20,7.75,8.60,8.60,859,4243.1741,166200,15400,06-JAN-2025
OPTSTK,ASIANPAINT,30-Jan-2025,2025-01-30,2540.00,PE,0.00,0.00,0.00,225.00,262.75,0,0.00,400,0,06-JAN-2025
OPTSTK,ASIANPAINT,27-Feb-2025,2025-02-27,2540.00,CE,0.00,0.00,0.00,22.00,9.10,0,0.00,200,0,06-JAN-2025
OPTSTK,ASIANPAINT,30-Jan-2025,2025-01-30,2660.00,CE,2.15,2.15,2.15,2.15,0.10,10,53.243,4600,2000,06-JAN-2025
OPTSTK,ASIANPAINT,27-Feb-2025,2025-02-27,2060.00,CE,0.00,0.00,0.00,247.30,234.80,0,0.00,0,0,06-JAN-2025
OPTSTK,ASIANPAINT,27-Feb-2025,2025-02-27,2420.00,PE,0.00,0.00,0.00,175.05,157.30,0,0.00,0,0,06-JAN-2025
FUTSTK,LTTS,27-Feb-2025,2025-02-27,,,4845.75,4873.10,4765.25,4800.20,4800.20,137,659.62905,49300,2300,06-JAN-2025
OPTSTK,LTTS,27-Feb-2025,2025-02-27,4850.00,CE,0.00,0.00,0.00,205.80,180.15,0,0.00,0,0,06-JAN-2025
OPTSTK,LTTS,27-Feb-2025,2025-02-27,4750.00,PE,0.00,0.00,0.00,210.80,169.25,0,0.00,0,0,06-JAN-2025
OPTSTK,LTTS,30-Jan-2025,2025-01-30,4700.00,CE,227.00,240.00,185.25,203.45,203.45,61,299.5003,49600,-400,06-JAN-2025
OPTSTK,LTTS,27-Mar-2025,2025-03-27,4900.00,PE,0.00,0.00,0.00,392.35,281.50,0,0.00,0,0,06-JAN-2025
OPTSTK,LTTS,27-Mar-2025,2025-03-27,4000.00,PE,0.00,0.00,0.00,55.90,17.95,0,0.00,0,0,06-JAN-2025
OPTSTK,LTTS,27-Feb-2025,2025-02-27,4800.00,PE,0.00,0.00,0.00,132.25,193.65,0,0.00,0,0,06-JAN-2025
OPTSTK,LTTS,27-Feb-2025,2025-02-27,3900.00,CE,0.00,0.00,0.00,1428.95,904.80,0,0.00,0,0,06-JAN-2025
OPTSTK,LTTS,27-Feb-2025,2025-02-27,5500.00,CE,0.00,0.00,0.00,286.65,25.15,0,0.00,0,0,06-JAN-2025
OPTSTK,LTTS,27-Feb-2025,2025-02-27,5300.00,PE,0.00,0.00,0.00,328.40,535.40,0,0.00,0,0,06-JAN-2025
OPTSTK,LTTS,27-Mar-2025,2025-03-27,5300.00,CE,0.00,0.00,0.00,127.75,91.00,0,0.00,0,0,06-JAN-2025
OPTSTK,LTTS,27-Feb-2025,2025-02-27,5150.00,PE,0.00,0.00,0.00,528.70,416.55,0,0.00,0,0,06-JAN-2025
OPTSTK,LTTS,27-Mar-2025,2025-03-27,4700.00,CE,0.00,0.00,0.00,336.10,315.00,0,0.00,0,0,06-JAN-2025
OPTSTK,LTTS,27-Mar-2025,2025-03-27,5400.00,CE,0.00,0.00,0.00,106.55,71.40,0,0.00,0,0,06-JAN-2025
OPTSTK,LTTS,30-Jan-2025,2025-01-30,5400.00,CE,22.00,23.00,15.00,16.30,16.30,88,476.76805,15200,-2600,06-JAN-2025
OPTSTK,LTTS,27-Feb-2025,2025-02-27,5400.00,CE,0.00,0.00,0.00,328.00,35.70,0,0.00,100,0,06-JAN-2025
OPTSTK,LTTS,27-Feb-2025,2025-02-27,5100.00,PE,0.00,0.00,0.00,236.55,379.65,0,0.00,0,0,06-JAN-2025
OPTSTK,LTTS,30-Jan-2025,2025-01-30,4100.00,CE,0.00,0.00,0.00,956.80,683.50,0,0.00,0,0,06-JAN-2025
OPTSTK,LTTS,27-Mar-2025,2025-03-27,5400.00,PE,0.00,0.00,0.00,740.95,628.40,0,0.00,0,0,06-JAN-2025
OPTSTK,LTTS,30-Jan-2025,2025-01-30,5400.00,PE,0.00,0.00,0.00,555.80,618.90,0,0.00,1100,0,06-JAN-2025
OPTSTK,LTTS,30-Jan-2025,2025-01-30,6000.00,CE,3.90,3.90,2.00,2.00,0.05,2,12.0059,100,-100,06-JAN-2025
OPTSTK,LTTS,27-Mar-2025,2025-03-27,5600.00,CE,0.00,0.00,0.00,73.15,42.70,0,0.00,0,0,06-JAN-2025
OPTSTK,LTTS,27-Mar-2025,2025-03-27,4500.00,CE,0.00,0.00,0.00,443.20,438.10,0,0.00,0,0,06-JAN-2025
OPTSTK,LTTS,30-Jan-2025,2025-01-30,4150.00,PE,0.00,0.00,0.00,10.10,2.65,0,0.00,0,0,06-JAN-2025
OPTSTK,LTTS,27-Mar-2025,2025-03-27,5300.00,PE,0.00,0.00,0.00,663.95,549.50,0,0.00,0,0,06-JAN-2025
OPTSTK,LTTS,30-Jan-2025,2025-01-30,5300.00,CE,30.00,33.80,21.75,23.95,23.95,301,1603.4245,58900,-5000,06-JAN-2025
OPTSTK,LTTS,30-Jan-2025,2025-01-30,5200.00,CE,43.60,48.65,31.10,34.65,34.65,471,2467.95645,36800,-7200,06-JAN-2025
OPTSTK,LTTS,30-Jan-2025,2025-01-30,5200.00,PE,0.00,0.00,0.00,377.05,434.25,0,0.00,3800,0,06-JAN-2025
OPTSTK,LTTS,30-Jan-2025,2025-01-30,4150.00,CE,0.00,0.00,0.00,1161.70,634.75,0,0.00,0,0,06-JAN-2025
OPTSTK,LTTS,30-Jan-2025,2025-01-30,4750.00,PE,164.95,168.15,143.55,151.55,151.55,41,201.07185,9900,1300,06-JAN-2025
OPTSTK,LTTS,27-Mar-2025,2025-03-27,4000.00,CE,0.00,0.00,0.00,796.20,840.40,0,0.00,0,0,06-JAN-2025
OPTSTK,LTTS,30-Jan-2025,2025-01-30,4450.00,CE,0.00,0.00,0.00,407.70,359.50,0,0.00,1100,0,06-JAN-2025
OPTSTK,LTTS,27-Feb-2025,2025-02-27,4850.00,PE,0.00,0.00,0.00,326.95,220.05,0,0.00,0,0,06-JAN-2025
OPTSTK,LICI,27-Feb-2025,2025-02-27,980.00,CE,0.00,0.00,0.00,14.10,12.85,0,0.00,4025,0,06-JAN-2025
OPTSTK,COFORGE,30-Jan-2025,2025-01-30,9200.00,PE,139.05,175.70,116.35,165.55,165.55,747,5236.80618,43725,7575,06-JAN-2025
OPTSTK,COFORGE,27-Mar-2025,2025-03-27,9200.00,PE,0.00,0.00,0.00,502.90,319.40,0,0.00,0,0,06-JAN-2025
OPTSTK,COFORGE,27-Feb-2025,2025-02-27,10700.00,CE,0.00,0.00,0.00,241.05,148.55,0,0.00,0,0,06-JAN-2025
OPTSTK,COFORGE,30-Jan-2025,2025-01-30,10700.00,PE,0.00,0.00,0.00,1992.50,1064.75,0,0.00,0,0,06-JAN-2025
OPTSTK,COFORGE,27-Feb-2025,2025-02-27,10200.00,CE,0.00,0.00,0.00,248.95,276.00,0,0.00,0,0,06-JAN-2025
OPTSTK,COFORGE,27-Mar-2025,2025-03-27,10200.00,PE,0.00,0.00,0.00,1036.75,819.85,0,0.00,0,0,06-JAN-2025
OPTSTK,COFORGE,27-Feb-2025,2025-02-27,8700.00,PE,0.00,0.00,0.00,234.05,105.80,0,0.00,0,0,06-JAN-2025
OPTSTK,LICI,30-Jan-2025,2025-01-30,880.00,PE,12.30,30.00,12.30,27.45,27.45,377,1953.08467,152375,46575,06-JAN-2025
OPTSTK,LICI,30-Jan-2025,2025-01-30,880.00,CE,34.00,35.00,21.10,22.25,22.25,293,1524.8701,98325,58075,06-JAN-2025
OPTSTK,LICI,27-Feb-2025,2025-02-27,870.00,PE,0.00,0.00,0.00,42.00,35.95,0,0.00,0,0,06-JAN-2025
OPTSTK,LICI,27-Feb-2025,2025-02-27,910.00,CE,0.00,0.00,0.00,54.90,32.10,0,0.00,0,0,06-JAN-2025
OPTSTK,LICI,30-Jan-2025,2025-01-30,860.00,CE,43.40,43.40,34.50,34.50,39.80,7,36.133575,2875,-575,06-JAN-2025
OPTSTK,COFORGE,27-Mar-2025,2025-03-27,10400.00,CE,0.00,0.00,0.00,448.35,335.20,0,0.00,0,0,06-JAN-2025
OPTSTK,COFORGE,27-Feb-2025,2025-02-27,8900.00,CE,0.00,0.00,0.00,1001.30,966.60,0,0.00,0,0,06-JAN-2025
OPTSTK,COFORGE,30-Jan-2025,2025-01-30,8900.00,PE,65.00,97.00,64.75,95.00,95.00,396,2667.81213,17550,-2175,06-JAN-2025
OPTSTK,COFORGE,27-Mar-2025,2025-03-27,10400.00,PE,0.00,0.00,0.00,1167.30,950.75,0,0.00,0,0,06-JAN-2025
OPTSTK,COFORGE,30-Jan-2025,2025-01-30,10400.00,PE,757.85,757.85,757.85,757.85,807.15,5,41.8419375,4425,375,06-JAN-2025
OPTSTK,LICI,30-Jan-2025,2025-01-30,970.00,CE,4.00,4.05,2.30,2.35,2.35,262,1465.67931,93150,33925,06-JAN-2025
OPTSTK,LICI,30-Jan-2025,2025-01-30,970.00,PE,0.00,0.00,0.00,71.00,94.45,0,0.00,0,0,06-JAN-2025
FUTSTK,COFORGE,27-Feb-2025,2025-02-27,,,9672.70,9786.75,9620.00,9637.35,9637.35,360,2618.71683,51525,-2775,06-JAN-2025
OPTSTK,LICI,30-Jan-2025,2025-01-30,1050.00,CE,1.20,1.20,0.70,0.95,0.95,240,1450.29432,147200,118450,06-JAN-2025
OPTSTK,COFORGE,30-Jan-2025,2025-01-30,9800.00,CE,271.15,327.25,257.00,262.85,262.85,3634,27516.2342,144600,1350,06-JAN-2025
OPTSTK,COFORGE,30-Jan-2025,2025-01-30,9100.00,PE,105.05,143.30,99.35,130.65,130.65,165,1140.79507,25875,-525,06-JAN-2025
OPTSTK,COFORGE,27-Feb-2025,2025-02-27,9100.00,PE,0.00,0.00,0.00,369.45,205.30,0,0.00,0,0,06-JAN-2025
OPTSTK,COFORGE,27-Feb-2025,2025-02-27,9100.00,CE,0.00,0.00,0.00,876.80,824.10,0,0.00,0,0,06-JAN-2025
OPTSTK,LICI,30-Jan-2025,2025-01-30,840.00,PE,4.80,12.80,4.70,11.65,11.65,98,477.79165,39100,9775,06-JAN-2025
OPTSTK,COFORGE,27-Feb-2025,2025-02-27,10900.00,PE,0.00,0.00,0.00,1469.45,1277.45,0,0.00,0,0,06-JAN-2025
OPTSTK,LICI,27-Feb-2025,2025-02-27,980.00,PE,0.00,0.00,0.00,87.95,107.60,0,0.00,0,0,06-JAN-2025
OPTSTK,LICI,27-Mar-2025,2025-03-27,940.00,PE,0.00,0.00,0.00,87.50,83.65,0,0.00,0,0,06-JAN-2025
OPTSTK,COFORGE,30-Jan-2025,2025-01-30,10500.00,PE,0.00,0.00,0.00,1816.60,890.45,0,0.00,0,0,06-JAN-2025
OPTSTK,COFORGE,27-Feb-2025,2025-02-27,10500.00,CE,0.00,0.00,0.00,288.85,192.05,0,0.00,0,0,06-JAN-2025
OPTSTK,NHPC,27-Feb-2025,2025-02-27,89.00,CE,0.00,0.00,0.00,4.05,1.65,0,0.00,0,0,06-JAN-2025
OPTSTK,NHPC,30-Jan-2025,2025-01-30,75.00,CE,5.30,5.55,5.30,5.55,5.90,5,25.7248,115200,0,06-JAN-2025
OPTSTK,NHPC,27-Feb-2025,2025-02-27,76.00,CE,0.00,0.00,0.00,12.80,6.75,0,0.00,0,0,06-JAN-2025
OPTSTK,NHPC,27-Mar-2025,2025-03-27,92.00,CE,0.00,0.00,0.00,4.50,2.05,0,0.00,0,0,06-JAN-2025
OPTSTK,NHPC,30-Jan-2025,2025-01-30,78.00,CE,4.85,4.85,3.30,3.60,3.60,18,94.0704,102400,25600,06-JAN-2025
OPTSTK,NHPC,27-Feb-2025,2025-02-27,87.00,CE,1.55,1.55,1.50,1.50,2.10,2,11.3312,76800,-12800,06-JAN-2025
OPTSTK,NHPC,30-Jan-2025,2025-01-30,76.00,PE,0.70,1.75,0.70,1.70,1.70,132,653.936,793600,102400,06-JAN-2025
OPTSTK,NHPC,27-Feb-2025,2025-02-27,76.00,PE,0.00,0.00,0.00,3.90,2.75,0,0.00,0,0,06-JAN-2025
OPTSTK,NHPC,27-Mar-2025,2025-03-27,76.00,PE,0.00,0.00,0.00,4.15,3.65,0,0.00,0,0,06-JAN-2025
OPTSTK,NHPC,27-Mar-2025,2025-03-27,76.00,CE,0.00,0.00,0.00,11.55,8.00,0,0.00,0,0,06-JAN-2025
OPTSTK,NHPC,30-Jan-2025,2025-01-30,76.00,CE,5.00,5.15,4.45,4.60,4.60,43,222.4352,134400,102400,06-JAN-2025
OPTSTK,OIL,27-Feb-2025,2025-02-27,520.00,PE,0.00,0.00,0.00,57.70,71.00,0,0.00,0,0,06-JAN-2025
OPTSTK,NHPC,27-Feb-2025,2025-02-27,86.00,PE,0.00,0.00,0.00,8.45,8.30,0,0.00,0,0,06-JAN-2025
FUTSTK,OIL,27-Feb-2025,2025-02-27,,,485.80,485.80,459.30,460.35,460.35,64,322.404325,197800,7525,06-JAN-2025
OPTSTK,OIL,27-Mar-2025,2025-03-27,440.00,PE,0.00,0.00,0.00,47.90,29.05,0,0.00,0,0,06-JAN-2025
OPTSTK,NHPC,30-Jan-2025,2025-01-30,98.00,CE,0.25,0.25,0.15,0.15,0.05,34,213.5936,1497600,6400,06-JAN-2025
OPTSTK,OIL,30-Jan-2025,2025-01-30,420.00,CE,48.05,48.05,45.00,45.00,46.90,5,25.082975,53750,2150,06-JAN-2025
OPTSTK,NHPC,30-Jan-2025,2025-01-30,69.00,CE,0.00,0.00,0.00,16.60,10.80,0,0.00,0,0,06-JAN-2025
OPTSTK,OIL,30-Jan-2025,2025-01-30,440.00,PE,4.45,9.85,4.45,9.25,9.25,254,1220.96833,125775,-4300,06-JAN-2025
OPTSTK,OIL,30-Jan-2025,2025-01-30,490.00,CE,14.80,15.25,6.75,6.90,6.90,397,2133.09186,693375,-12900,06-JAN-2025
OPTSTK,OIL,27-Feb-2025,2025-02-27,490.00,CE,0.00,0.00,0.00,17.85,22.10,0,0.00,0,0,06-JAN-2025
OPTSTK,NHPC,30-Jan-2025,2025-01-30,90.00,PE,0.00,0.00,0.00,7.40,10.75,0,0.00,147200,0,06-JAN-2025
OPTSTK,NHPC,30-Jan-2025,2025-01-30,96.00,PE,0.00,0.00,0.00,14.10,16.40,0,0.00,0,0,06-JAN-2025
OPTSTK,NHPC,27-Feb-2025,2025-02-27,81.00,PE,0.00,0.00,0.00,5.25,5.15,0,0.00,0,0,06-JAN-2025
OPTSTK,NHPC,30-Jan-2025,2025-01-30,81.00,PE,1.80,4.20,1.80,3.90,3.90,159,856.5536,467200,-96000,06-JAN-2025
OPTSTK,NHPC,30-Jan-2025,2025-01-30,81.00,CE,3.40,3.40,1.90,2.10,2.10,213,1136.8576,665600,345600,06-JAN-2025
OPTSTK,NHPC,27-Feb-2025,2025-02-27,81.00,CE,0.00,0.00,0.00,7.35,4.15,0,0.00,0,0,06-JAN-2025
OPTSTK,NHPC,27-Mar-2025,2025-03-27,70.00,CE,0.00,0.00,0.00,15.55,12.00,0,0.00,0,0,06-JAN-2025
OPTSTK,OIL,30-Jan-2025,2025-01-30,380.00,CE,0.00,0.00,0.00,133.85,80.80,0,0.00,0,0,06-JAN-2025
OPTSTK,NHPC,27-Feb-2025,2025-02-27,75.00,CE,0.00,0.00,0.00,10.85,7.40,0,0.00,0,0,06-JAN-2025
OPTSTK,NHPC,27-Feb-2025,2025-02-27,77.00,CE,0.00,0.00,0.00,9.55,6.20,0,0.00,0,0,06-JAN-2025
OPTSTK,OIL,30-Jan-2025,2025-01-30,520.00,PE,0.00,0.00,0.00,50.20,65.00,0,0.00,0,0,06-JAN-2025
OPTSTK,NHPC,27-Feb-2025,2025-02-27,91.00,CE,0.00,0.00,0.00,3.45,1.30,0,0.00,0,0,06-JAN-2025
OPTSTK,DALBHARAT,30-Jan-2025,2025-01-30,1480.00,CE,0.00,0.00,0.00,391.45,282.75,0,0.00,0,0,06-JAN-2025
OPTSTK,DALBHARAT,27-Feb-2025,2025-02-27,2080.00,PE,0.00,0.00,0.00,272.15,310.75,0,0.00,0,0,06-JAN-2025
OPTSTK,DALBHARAT,27-Mar-2025,2025-03-27,1920.00,CE,0.00,0.00,0.00,64.55,44.65,0,0.00,0,0,06-JAN-2025
OPTSTK,DALBHARAT,27-Mar-2025,2025-03-27,1440.00,PE,0.00,0.00,0.00,15.25,5.15,0,0.00,0,0,06-JAN-2025
OPTSTK,DALBHARAT,27-Mar-2025,2025-03-27,1760.00,CE,0.00,0.00,0.00,124.30,105.05,0,0.00,0,0,06-JAN-2025
OPTSTK,DALBHARAT,27-Feb-2025,2025-02-27,2080.00,CE,0.00,0.00,0.00,48.95,6.50,0,0.00,0,0,06-JAN-2025
OPTSTK,DALBHARAT,27-Mar-2025,2025-03-27,2160.00,PE,0.00,0.00,0.00,402.90,381.45,0,0.00,0,0,06-JAN-2025
OPTSTK,DALBHARAT,27-Feb-2025,2025-02-27,1880.00,PE,0.00,0.00,0.00,138.70,142.65,0,0.00,0,0,06-JAN-2025
OPTSTK,DALBHARAT,27-Feb-2025,2025-02-27,1880.00,CE,0.00,0.00,0.00,111.90,36.50,0,0.00,0,0,06-JAN-2025
OPTSTK,DALBHARAT,30-Jan-2025,2025-01-30,1640.00,CE,0.00,0.00,0.00,139.90,133.85,0,0.00,5500,0,06-JAN-2025
OPTSTK,DALBHARAT,27-Feb-2025,2025-02-27,1640.00,CE,0.00,0.00,0.00,249.80,157.05,0,0.00,0,0,06-JAN-2025
OPTSTK,DALBHARAT,27-Feb-2025,2025-02-27,1620.00,CE,0.00,0.00,0.00,180.45,172.15,0,0.00,0,0,06-JAN-2025
OPTSTK,DALBHARAT,27-Feb-2025,2025-02-27,1520.00,PE,0.00,0.00,0.00,17.25,6.25,0,0.00,0,0,06-JAN-2025
OPTSTK,DALBHARAT,27-Feb-2025,2025-02-27,1960.00,CE,0.00,0.00,0.00,81.65,19.30,0,0.00,0,0,06-JAN-2025
OPTSTK,DALBHARAT,30-Jan-2025,2025-01-30,1920.00,PE,0.00,0.00,0.00,116.25,164.05,0,0.00,1100,0,06-JAN-2025
OPTSTK,DALBHARAT,27-Feb-2025,2025-02-27,1920.00,CE,0.00,0.00,0.00,42.00,26.80,0,0.00,550,0,06-JAN-2025
OPTSTK,DALBHARAT,30-Jan-2025,2025-01-30,1940.00,PE,0.00,0.00,0.00,159.80,181.90,0,0.00,275,0,06-JAN-2025
OPTSTK,DALBHARAT,30-Jan-2025,2025-01-30,1740.00,CE,128.60,128.65,71.00,74.45,74.45,24,120.5919,39875,4125,06-JAN-2025
OPTSTK,DALBHARAT,30-Jan-2025,2025-01-30,1880.00,CE,36.95,43.90,18.85,22.55,22.55,105,552.17415,13475,550,06-JAN-2025
OPTSTK,DALBHARAT,27-Mar-2025,2025-03-27,1560.00,PE,0.00,0.00,0.00,37.95,18.90,0,0.00,0,0,06-JAN-2025
OPTSTK,DALBHARAT,30-Jan-2025,2025-01-30,1580.00,CE,0.00,0.00,0.00,276.20,186.55,0,0.00,0,0,06-JAN-2025
OPTSTK,DALBHARAT,27-Feb-2025,2025-02-27,1540.00,PE,0.00,0.00,0.00,22.05,8.20,0,0.00,0,0,06-JAN-2025
OPTSTK,DALBHARAT,27-Mar-2025,2025-03-27,1560.00,CE,0.00,0.00,0.00,244.70,237.65,0,0.00,0,0,06-JAN-2025
OPTSTK,DALBHARAT,27-Feb-2025,2025-02-27,1560.00,CE,0.00,0.00,0.00,310.95,221.30,0,0.00,0,0,06-JAN-2025
OPTSTK,DALBHARAT,30-Jan-2025,2025-01-30,1680.00,PE,13.40,34.05,12.85,33.30,33.30,44,206.34295,20625,1925,06-JAN-2025
OPTSTK,DALBHARAT,27-Feb-2025,2025-02-27,1680.00,CE,0.00,0.00,0.00,221.75,128.95,0,0.00,0,0,06-JAN-2025
OPTSTK,DALBHARAT,30-Jan-2025,2025-01-30,1600.00,PE,4.15,17.40,4.05,14.75,14.75,92,408.289887,36575,5225,06-JAN-2025
OPTSTK,DALBHARAT,27-Mar-2025,2025-03-27,1720.00,PE,0.00,0.00,0.00,94.55,65.35,0,0.00,0,0,06-JAN-2025
OPTSTK,DALBHARAT,30-Jan-2025,2025-01-30,1720.00,PE,19.30,48.75,19.30,46.10,46.10,96,464.43815,28600,7425,06-JAN-2025
OPTSTK,DALBHARAT,27-Feb-2025,2025-02-27,1720.00,CE,0.00,0.00,0.00,195.75,104.00,0,0.00,0,0,06-JAN-2025
OPTSTK,DALBHARAT,27-Feb-2025,2025-02-27,2040.00,CE,0.00,0.00,0.00,58.30,9.50,0,0.00,0,0,06-JAN-2025
OPTSTK,PFC,27-Feb-2025,2025-02-27,540.00,CE,5.00,5.05,3.05,3.20,6.55,63,445.5399,75400,49400,06-JAN-2025
OPTSTK,PFC,30-Jan-2025,2025-01-30,540.00,PE,0.00,0.00,0.00,93.95,92.55,0,0.00,170300,0,06-JAN-2025
OPTSTK,PFC,27-Mar-2025,2025-03-27,360.00,CE,0.00,0.00,0.00,119.15,98.05,0,0.00,0,0,06-JAN-2025
OPTSTK,PFC,27-Feb-2025,2025-02-27,410.00,PE,10.00,10.00,10.00,10.00,13.60,1,5.46,1300,1300,06-JAN-2025
OPTSTK,PFC,27-Mar-2025,2025-03-27,420.00,CE,0.00,0.00,0.00,77.30,55.50,0,0.00,0,0,06-JAN-2025
OPTSTK,PFC,30-Jan-2025,2025-01-30,480.00,PE,25.85,40.05,24.00,36.95,36.95,286,1899.1726,1162200,-46800,06-JAN-2025
OPTSTK,PFC,30-Jan-2025,2025-01-30,410.00,PE,2.10,5.25,1.90,4.60,4.60,1381,7424.9643,634400,1300,06-JAN-2025
OPTSTK,PFC,27-Mar-2025,2025-03-27,400.00,CE,0.00,0.00,0.00,90.00,68.10,0,0.00,0,0,06-JAN-2025
OPTSTK,PFC,30-Jan-2025,2025-01-30,520.00,CE,2.95,2.95,1.35,1.45,1.45,1292,8762.8632,1643200,-49400,06-JAN-2025
OPTSTK,PFC,30-Jan-2025,2025-01-30,470.00,CE,14.95,15.05,7.55,8.15,8.15,4775,29818.6954,2926300,257400,06-JAN-2025
OPTSTK,PFC,27-Feb-2025,2025-02-27,490.00,PE,0.00,0.00,0.00,36.00,55.30,0,0.00,2600,0,06-JAN-2025
OPTSTK,PFC,30-Jan-2025,2025-01-30,410.00,CE,60.15,60.15,45.15,45.35,44.80,3,17.94845,54600,1300,06-JAN-2025
OPTSTK,PFC,30-Jan-2025,2025-01-30,580.00,PE,124.45,124.45,124.45,124.45,131.25,1,9.15785,32500,0,06-JAN-2025
OPTSTK,PFC,27-Mar-2025,2025-03-27,520.00,PE,0.00,0.00,0.00,80.00,82.15,0,0.00,0,0,06-JAN-2025
OPTSTK,PFC,30-Jan-2025,2025-01-30,520.00,PE,65.75,65.75,65.75,65.75,74.05,1,7.61475,317200,1300,06-JAN-2025
OPTSTK,PFC,30-Jan-2025,2025-01-30,430.00,PE,3.90,10.45,3.90,9.20,9.20,2504,14226.8912,965900,-88400,06-JAN-2025
OPTSTK,PFC,27-Feb-2025,2025-02-27,430.00,CE,0.00,0.00,0.00,62.45,41.60,0,0.00,0,0,06-JAN-2025
OPTSTK,PFC,27-Feb-2025,2025-02-27,360.00,CE,0.00,0.00,0.00,147.25,93.15,0,0.00,0,0,06-JAN-2025
OPTSTK,PFC,30-Jan-2025,2025-01-30,360.00,PE,0.65,0.65,0.30,0.65,0.60,5,23.43705,16900,3900,06-JAN-2025
OPTSTK,PFC,30-Jan-2025,2025-01-30,570.00,CE,0.00,0.00,0.00,0.60,0.45,0,0.00,81900,0,06-JAN-2025
OPTSTK,PFC,27-Mar-2025,2025-03-27,480.00,PE,0.00,0.00,0.00,55.00,54.05,0,0.00,0,0,06-JAN-2025
OPTSTK,PFC,27-Feb-2025,2025-02-27,480.00,CE,17.25,17.25,12.45,12.75,12.75,22,141.18195,19500,9100,06-JAN-2025
OPTSTK,PFC,30-Jan-2025,2025-01-30,380.00,CE,0.00,0.00,0.00,98.50,69.95,0,0.00,0,0,06-JAN-2025
OPTSTK,PFC,27-Feb-2025,2025-02-27,380.00,CE,0.00,0.00,0.00,131.00,76.25,0,0.00,0,0,06-JAN-2025
OPTSTK,PFC,27-Feb-2025,2025-02-27,450.00,CE,28.85,28.95,23.30,23.95,23.95,16,98.7454,26000,13000,06-JAN-2025
OPTSTK,PFC,27-Feb-2025,2025-02-27,450.00,PE,18.00,24.80,18.00,24.80,30.50,9,55.107,35100,1300,06-JAN-2025
OPTSTK,PFC,30-Jan-2025,2025-01-30,450.00,CE,24.15,24.15,14.50,15.60,15.60,1869,11366.4388,1254500,299000,06-JAN-2025
OPTSTK,PFC,27-Mar-2025,2025-03-27,460.00,PE,0.00,0.00,0.00,44.25,42.05,0,0.00,0,0,06-JAN-2025
OPTSTK,PFC,30-Jan-2025,2025-01-30,460.00,PE,12.25,25.30,12.05,23.35,23.35,1791,11109.5842,1648400,-198900,06-JAN-2025
OPTSTK,PFC,27-Feb-2025,2025-02-27,390.00,PE,0.00,0.00,0.00,11.30,8.15,0,0.00,0,0,06-JAN-2025
OPTSTK,PFC,30-Jan-2025,2025-01-30,390.00,PE,1.00,2.40,1.00,2.20,2.20,652,3319.47785,408200,80600,06-JAN-2025
OPTSTK,PFC,27-Mar-2025,2025-03-27,400.00,PE,0.00,0.00,0.00,19.55,15.75,0,0.00,0,0,06-JAN-2025
OPTSTK,PFC,27-Mar-2025,2025-03-27,360.00,PE,0.00,0.00,0.00,9.40,6.25,0,0.00,0,0,06-JAN-2025
OPTSTK,INDIANB,27-Feb-2025,2025-02-27,600.00,PE,0.00,0.00,0.00,62.50,90.25,0,0.00,0,0,06-JAN-2025
OPTSTK,INDIANB,30-Jan-2025,2025-01-30,600.00,PE,0.00,0.00,0.00,62.00,88.75,0,0.00,950,0,06-JAN-2025
OPTSTK,HAL,27-Feb-2025,2025-02-27,5200.00,CE,10.00,10.20,10.00,10.20,13.60,2,15.6303,1350,0,06-JAN-2025
OPTSTK,HAL,30-Jan-2025,2025-01-30,5200.00,CE,3.95,3.95,2.80,3.20,3.20,190,1482.92295,119700,-8850,06-JAN-2025
OPTSTK,INDIANB,27-Feb-2025,2025-02-27,460.00,PE,0.00,0.00,0.00,9.55,8.55,0,0.00,0,0,06-JAN-2025
OPTSTK,HAL,27-Feb-2025,2025-02-27,4500.00,PE,0.00,0.00,0.00,314.95,455.80,0,0.00,1500,0,06-JAN-2025
OPTSTK,HAL,27-Feb-2025,2025-02-27,4500.00,CE,101.50,101.50,79.55,83.10,83.10,92,632.918925,9000,-2400,06-JAN-2025
OPTSTK,HAL,27-Feb-2025,2025-02-27,4450.00,CE,0.00,0.00,0.00,244.70,113.75,0,0.00,0,0,06-JAN-2025
OPTSTK,INDIANB,30-Jan-2025,2025-01-30,480.00,PE,7.75,10.00,7.40,8.60,8.60,91,422.62175,89300,24700,06-JAN-2025
OPTSTK,INDIANB,27-Mar-2025,2025-03-27,640.00,CE,0.00,0.00,0.00,21.35,5.75,0,0.00,0,0,06-JAN-2025
OPTSTK,HAL,27-Feb-2025,2025-02-27,4600.00,CE,81.05,81.05,60.05,64.95,64.95,68,476.008575,10950,2850,06-JAN-2025
OPTSTK,HAL,30-Jan-2025,2025-01-30,4000.00,PE,45.95,92.60,42.00,80.90,80.90,5048,30816.6204,248250,27750,06-JAN-2025
OPTSTK,INDIANB,27-Feb-2025,2025-02-27,570.00,CE,0.00,0.00,0.00,33.10,10.80,0,0.00,0,0,06-JAN-2025
OPTSTK,HAL,30-Jan-2025,2025-01-30,4900.00,CE,8.05,8.10,6.15,6.40,6.40,299,2200.70752,85650,-7050,06-JAN-2025
OPTSTK,HAL,30-Jan-2025,2025-01-30,3900.00,PE,32.50,60.45,25.60,51.75,51.75,3157,18686.0220,190350,-22950,06-JAN-2025
OPTSTK,HAL,30-Jan-2025,2025-01-30,4700.00,PE,559.85,603.00,559.85,603.00,592.80,4,31.659975,143100,0,06-JAN-2025
OPTSTK,HAL,27-Mar-2025,2025-03-27,4100.00,PE,0.00,0.00,0.00,275.70,249.85,0,0.00,0,0,06-JAN-2025
OPTSTK,HAL,30-Jan-2025,2025-01-30,4100.00,PE,66.00,138.90,66.00,122.25,122.25,6789,42835.7508,217500,23550,06-JAN-2025
OPTSTK,INDIANB,30-Jan-2025,2025-01-30,670.00,CE,0.55,0.55,0.55,0.55,0.05,1,6.370225,34200,0,06-JAN-2025
OPTSTK,HAL,30-Jan-2025,2025-01-30,5000.00,CE,6.55,6.65,4.95,5.20,5.20,1939,14558.6382,652350,30300,06-JAN-2025
OPTSTK,HAL,30-Jan-2025,2025-01-30,3850.00,PE,21.55,48.20,15.95,41.30,41.30,912,5313.8919,22350,-7500,06-JAN-2025
OPTSTK,HAL,30-Jan-2025,2025-01-30,3850.00,CE,0.00,0.00,0.00,328.70,320.70,0,0.00,900,0,06-JAN-2025
OPTSTK,HAL,27-Feb-2025,2025-02-27,3850.00,PE,0.00,0.00,0.00,132.15,104.50,0,0.00,0,0,06-JAN-2025
OPTSTK,HAL,27-Feb-2025,2025-02-27,4150.00,CE,0.00,0.00,0.00,379.50,223.35,0,0.00,0,0,06-JAN-2025
OPTSTK,HAL,27-Feb-2025,2025-02-27,4400.00,CE,123.45,129.00,108.90,110.00,110.00,81,549.17265,14250,7500,06-JAN-2025
OPTSTK,HAL,30-Jan-2025,2025-01-30,4050.00,CE,168.00,192.60,149.40,160.40,160.40,147,929.013675,18000,5100,06-JAN-2025
OPTSTK,INDIANB,27-Feb-2025,2025-02-27,510.00,CE,0.00,0.00,0.00,62.95,31.45,0,0.00,0,0,06-JAN-2025
OPTSTK,INDIANB,27-Feb-2025,2025-02-27,510.00,PE,0.00,0.00,0.00,22.75,26.80,0,0.00,0,0,06-JAN-2025
OPTSTK,HAL,30-Jan-2025,2025-01-30,4900.00,PE,701.80,735.00,700.30,735.00,782.05,4,33.66675,21300,150,06-JAN-2025
OPTSTK,HAL,27-Feb-2025,2025-02-27,4300.00,PE,244.85,286.45,244.85,274.80,318.65,10,68.367,1350,900,06-JAN-2025
OPTSTK,HAL,27-Mar-2025,2025-03-27,4300.00,CE,0.00,0.00,0.00,250.00,224.00,0,0.00,150,0,06-JAN-2025
OPTSTK,HAL,30-Jan-2025,2025-01-30,3700.00,CE,0.00,0.00,0.00,592.00,441.45,0,0.00,1350,0,06-JAN-2025
OPTSTK,GLENMARK,30-Jan-2025,2025-01-30,1760.00,CE,11.55,11.55,7.90,11.10,11.10,71,408.2611,102050,7150,06-JAN-2025
OPTSTK,COALINDIA,27-Mar-2025,2025-03-27,340.00,PE,0.00,0.00,0.00,8.05,5.75,0,0.00,0,0,06-JAN-2025
OPTSTK,GLENMARK,27-Feb-2025,2025-02-27,1540.00,PE,0.00,0.00,0.00,82.75,33.00,0,0.00,0,0,06-JAN-2025
OPTSTK,GLENMARK,27-Feb-2025,2025-02-27,1540.00,CE,0.00,0.00,0.00,103.50,131.50,0,0.00,0,0,06-JAN-2025
OPTSTK,COALINDIA,27-Feb-2025,2025-02-27,330.00,PE,0.00,0.00,0.00,3.15,2.05,0,0.00,0,0,06-JAN-2025
OPTSTK,GLENMARK,30-Jan-2025,2025-01-30,1660.00,CE,39.85,42.85,28.05,34.65,34.65,612,3370.1915,112775,15600,06-JAN-2025
OPTSTK,GLENMARK,27-Feb-2025,2025-02-27,1840.00,PE,0.00,0.00,0.00,336.85,214.70,0,0.00,0,0,06-JAN-2025
OPTSTK,GLENMARK,30-Jan-2025,2025-01-30,1840.00,CE,2.80,3.85,2.40,3.30,3.30,86,515.247037,203125,4550,06-JAN-2025
OPTSTK,GLENMARK,30-Jan-2025,2025-01-30,1660.00,PE,58.10,69.35,54.75,65.30,65.30,82,459.439825,21450,1300,06-JAN-2025
OPTSTK,COALINDIA,30-Jan-2025,2025-01-30,310.00,PE,0.20,0.30,0.20,0.30,0.05,15,48.861225,30450,7350,06-JAN-2025
OPTSTK,COALINDIA,30-Jan-2025,2025-01-30,405.00,CE,5.75,6.10,2.30,2.55,2.55,2138,9165.912,1951950,78750,06-JAN-2025
OPTSTK,GLENMARK,27-Mar-2025,2025-03-27,1440.00,PE,0.00,0.00,0.00,55.55,19.65,0,0.00,0,0,06-JAN-2025
OPTSTK,GLENMARK,27-Feb-2025,2025-02-27,1440.00,PE,0.00,0.00,0.00,72.80,11.15,0,0.00,0,0,06-JAN-2025
OPTSTK,GLENMARK,30-Jan-2025,2025-01-30,1700.00,PE,84.75,92.90,81.85,90.00,92.85,18,104.640575,53950,325,06-JAN-2025
OPTSTK,GLENMARK,30-Jan-2025,2025-01-30,1700.00,CE,23.85,26.80,16.80,21.85,21.85,837,4679.92216,225225,-325,06-JAN-2025
OPTSTK,COALINDIA,30-Jan-2025,2025-01-30,330.00,PE,0.30,0.70,0.30,0.70,0.70,542,1880.79727,947100,60900,06-JAN-2025
OPTSTK,COALINDIA,30-Jan-2025,2025-01-30,320.00,PE,0.20,1.25,0.20,0.40,0.40,139,467.742975,226800,4200,06-JAN-2025
OPTSTK,COALINDIA,27-Mar-2025,2025-03-27,420.00,CE,0.00,0.00,0.00,18.25,9.55,0,0.00,0,0,06-JAN-2025
OPTSTK,GLENMARK,27-Mar-2025,2025-03-27,1360.00,CE,0.00,0.00,0.00,238.30,292.20,0,0.00,0,0,06-JAN-2025
OPTSTK,GLENMARK,30-Jan-2025,2025-01-30,1360.00,CE,0.00,0.00,0.00,371.85,270.15,0,0.00,0,0,06-JAN-2025
OPTSTK,GLENMARK,30-Jan-2025,2025-01-30,1800.00,CE,6.80,7.15,4.35,5.70,5.70,227,1332.13047,84500,-12025,06-JAN-2025
OPTSTK,GLENMARK,30-Jan-2025,2025-01-30,1780.00,PE,0.00,0.00,0.00,137.15,156.95,0,0.00,650,0,06-JAN-2025
OPTSTK,COALINDIA,27-Mar-2025,2025-03-27,350.00,CE,0.00,0.00,0.00,53.60,42.10,0,0.00,0,0,06-JAN-2025
OPTSTK,COALINDIA,30-Jan-2025,2025-01-30,355.00,PE,1.00,2.95,1.00,2.75,2.75,664,2489.63925,250950,-5250,06-JAN-2025
OPTSTK,COALINDIA,30-Jan-2025,2025-01-30,355.00,CE,29.40,29.40,27.40,27.40,28.40,2,8.0514,32550,0,06-JAN-2025
OPTSTK,GLENMARK,27-Feb-2025,2025-02-27,1660.00,PE,0.00,0.00,0.00,152.95,85.10,0,0.00,0,0,06-JAN-2025
OPTSTK,COALINDIA,27-Feb-2025,2025-02-27,345.00,CE,0.00,0.00,0.00,52.35,41.45,0,0.00,0,0,06-JAN-2025
OPTSTK,GLENMARK,27-Mar-2025,2025-03-27,1480.00,CE,0.00,0.00,0.00,158.65,193.65,0,0.00,0,0,06-JAN-2025
OPTSTK,COALINDIA,30-Jan-2025,2025-01-30,345.00,CE,0.00,0.00,0.00,37.45,36.80,0,0.00,10500,0,06-JAN-2025
OPTSTK,COALINDIA,30-Jan-2025,2025-01-30,420.00,PE,26.50,41.05,26.50,40.35,40.35,42,201.021975,722400,-5250,06-JAN-2025
OPTSTK,COALINDIA,30-Jan-2025,2025-01-30,360.00,CE,30.90,30.90,24.20,24.35,24.35,26,105.300825,177450,13650,06-JAN-2025
OPTSTK,ESCORTS,27-Mar-2025,2025-03-27,3800.00,PE,0.00,0.00,0.00,631.45,459.95,0,0.00,0,0,06-JAN-2025
OPTSTK,ESCORTS,30-Jan-2025,2025-01-30,3800.00,CE,6.20,6.20,3.85,5.60,5.60,552,3150.4995,83550,-1350,06-JAN-2025
OPTSTK,ESCORTS,27-Mar-2025,2025-03-27,3200.00,CE,0.00,0.00,0.00,220.70,280.80,0,0.00,0,0,06-JAN-2025
OPTSTK,ESCORTS,27-Mar-2025,2025-03-27,2600.00,CE,0.00,0.00,0.00,624.40,777.85,0,0.00,0,0,06-JAN-2025
OPTSTK,ESCORTS,27-Mar-2025,2025-03-27,2800.00,CE,0.00,0.00,0.00,463.70,591.75,0,0.00,0,0,06-JAN-2025
OPTSTK,ESCORTS,30-Jan-2025,2025-01-30,2800.00,CE,0.00,0.00,0.00,1004.45,548.90,0,0.00,0,0,06-JAN-2025
OPTSTK,ESCORTS,27-Feb-2025,2025-02-27,3600.00,PE,0.00,0.00,0.00,256.15,291.50,0,0.00,0,0,06-JAN-2025
OPTSTK,ESCORTS,27-Feb-2025,2025-02-27,3700.00,CE,0.00,0.00,0.00,193.15,40.65,0,0.00,0,0,06-JAN-2025
OPTSTK,ESCORTS,30-Jan-2025,2025-01-30,3700.00,CE,11.10,11.90,7.30,9.25,9.25,265,1474.50285,36450,-450,06-JAN-2025
OPTSTK,ESCORTS,27-Mar-2025,2025-03-27,3300.00,CE,0.00,0.00,0.00,177.85,222.35,0,0.00,0,0,06-JAN-2025
OPTSTK,ESCORTS,27-Mar-2025,2025-03-27,2600.00,PE,0.00,0.00,0.00,26.35,3.70,0,0.00,0,0,06-JAN-2025
OPTSTK,ESCORTS,27-Mar-2025,2025-03-27,3100.00,CE,0.00,0.00,0.00,270.70,347.80,0,0.00,0,0,06-JAN-2025
OPTSTK,ESCORTS,30-Jan-2025,2025-01-30,3100.00,CE,275.00,277.00,245.00,250.00,267.45,16,80.6679,7950,1650,06-JAN-2025
OPTSTK,ESCORTS,30-Jan-2025,2025-01-30,3250.00,CE,165.00,166.65,129.60,152.00,152.00,45,229.507275,25350,-1050,06-JAN-2025
OPTSTK,ESCORTS,27-Feb-2025,2025-02-27,3300.00,PE,110.00,110.00,110.00,110.00,111.85,1,5.115,150,150,06-JAN-2025
OPTSTK,ESCORTS,27-Mar-2025,2025-03-27,3100.00,PE,0.00,0.00,0.00,163.60,66.30,0,0.00,0,0,06-JAN-2025
OPTSTK,ESCORTS,30-Jan-2025,2025-01-30,4000.00,PE,0.00,0.00,0.00,792.00,647.05,0,0.00,13200,0,06-JAN-2025
OPTSTK,ESCORTS,27-Mar-2025,2025-03-27,3000.00,PE,0.00,0.00,0.00,122.60,42.65,0,0.00,0,0,06-JAN-2025
OPTSTK,ESCORTS,27-Feb-2025,2025-02-27,3000.00,CE,0.00,0.00,0.00,613.45,389.75,0,0.00,0,0,06-JAN-2025
OPTSTK,ESCORTS,27-Feb-2025,2025-02-27,3000.00,PE,0.00,0.00,0.00,46.00,25.10,0,0.00,0,0,06-JAN-2025
OPTSTK,ESCORTS,27-Mar-2025,2025-03-27,2800.00,PE,0.00,0.00,0.00,62.05,14.65,0,0.00,0,0,06-JAN-2025
OPTSTK,ESCORTS,30-Jan-2025,2025-01-30,2800.00,PE,2.00,3.30,2.00,3.30,3.30,31,130.328775,65850,0,06-JAN-2025
OPTSTK,ESCORTS,27-Feb-2025,2025-02-27,3150.00,PE,0.00,0.00,0.00,159.55,57.55,0,0.00,0,0,06-JAN-2025
OPTSTK,ESCORTS,30-Jan-2025,2025-01-30,3150.00,PE,24.10,33.70,22.95,32.35,32.35,112,534.104775,23550,1800,06-JAN-2025
OPTSTK,ESCORTS,30-Jan-2025,2025-01-30,3150.00,CE,0.00,0.00,0.00,252.10,226.75,0,0.00,5100,0,06-JAN-2025
OPTSTK,ESCORTS,30-Jan-2025,2025-01-30,3000.00,CE,0.00,0.00,0.00,395.00,356.10,0,0.00,2250,0,06-JAN-2025
OPTSTK,ESCORTS,27-Mar-2025,2025-03-27,3600.00,PE,0.00,0.00,0.00,470.90,309.30,0,0.00,0,0,06-JAN-2025
FUTSTK,ESCORTS,27-Mar-2025,2025-03-27,,,3405.65,3405.65,3405.65,3405.65,3385.65,1,5.108475,1350,150,06-JAN-2025
OPTSTK,ESCORTS,27-Feb-2025,2025-02-27,3450.00,CE,0.00,0.00,0.00,86.70,109.35,0,0.00,0,0,06-JAN-2025
OPTSTK,ESCORTS,27-Feb-2025,2025-02-27,3800.00,CE,0.00,0.00,0.00,157.70,25.85,0,0.00,0,0,06-JAN-2025
OPTSTK,ESCORTS,27-Feb-2025,2025-02-27,3050.00,CE,0.00,0.00,0.00,254.60,348.90,0,0.00,0,0,06-JAN-2025
OPTSTK,ESCORTS,27-Feb-2025,2025-02-27,3500.00,CE,0.00,0.00,0.00,281.90,91.20,0,0.00,0,0,06-JAN-2025
OPTSTK,MUTHOOTFIN,27-Mar-2025,2025-03-27,2080.00,CE,0.00,0.00,0.00,141.85,188.75,0,0.00,0,0,06-JAN-2025
OPTSTK,MUTHOOTFIN,27-Feb-2025,2025-02-27,1980.00,PE,0.00,0.00,0.00,61.95,15.65,0,0.00,0,0,06-JAN-2025
OPTSTK,MUTHOOTFIN,27-Mar-2025,2025-03-27,2400.00,CE,0.00,0.00,0.00,40.50,47.00,0,0.00,0,0,06-JAN-2025
OPTSTK,MUTHOOTFIN,30-Jan-2025,2025-01-30,2400.00,PE,0.00,0.00,0.00,160.05,211.10,0,0.00,10450,0,06-JAN-2025
OPTSTK,MUTHOOTFIN,27-Mar-2025,2025-03-27,1760.00,CE,0.00,0.00,0.00,355.20,454.95,0,0.00,0,0,06-JAN-2025
OPTSTK,MUTHOOTFIN,27-Feb-2025,2025-02-27,1860.00,PE,0.00,0.00,0.00,27.85,4.00,0,0.00,0,0,06-JAN-2025
OPTSTK,CAMS,30-Jan-2025,2025-01-30,4100.00,CE,0.00,0.00,0.00,912.65,776.45,0,0.00,0,0,06-JAN-2025
OPTSTK,MUTHOOTFIN,27-Feb-2025,2025-02-27,2040.00,PE,0.00,0.00,0.00,177.60,27.25,0,0.00,0,0,06-JAN-2025
OPTSTK,MUTHOOTFIN,30-Jan-2025,2025-01-30,2180.00,PE,35.70,60.20,34.65,56.40,56.40,1216,7471.14995,142450,83325,06-JAN-2025
OPTSTK,MUTHOOTFIN,30-Jan-2025,2025-01-30,2180.00,CE,92.00,93.00,56.85,68.45,68.45,427,2637.833,77550,36850,06-JAN-2025
OPTSTK,MUTHOOTFIN,27-Feb-2025,2025-02-27,2180.00,PE,0.00,0.00,0.00,52.00,75.90,0,0.00,275,0,06-JAN-2025
OPTSTK,CAMS,27-Feb-2025,2025-02-27,5000.00,CE,0.00,0.00,0.00,431.15,226.20,0,0.00,0,0,06-JAN-2025
OPTSTK,MUTHOOTFIN,27-Mar-2025,2025-03-27,2200.00,CE,0.00,0.00,0.00,92.00,119.35,0,0.00,0,0,06-JAN-2025
OPTSTK,MUTHOOTFIN,30-Jan-2025,2025-01-30,2420.00,PE,0.00,0.00,0.00,483.75,229.30,0,0.00,0,0,06-JAN-2025
OPTSTK,VBL,27-Mar-2025,2025-03-27,720.00,CE,0.00,0.00,0.00,22.65,14.15,0,0.00,0,0,06-JAN-2025
OPTSTK,MUTHOOTFIN,27-Feb-2025,2025-02-27,2020.00,CE,0.00,0.00,0.00,145.50,208.00,0,0.00,0,0,06-JAN-2025
OPTSTK,MUTHOOTFIN,27-Feb-2025,2025-02-27,2020.00,PE,0.00,0.00,0.00,77.70,22.85,0,0.00,0,0,06-JAN-2025
OPTSTK,MUTHOOTFIN,30-Jan-2025,2025-01-30,2020.00,CE,0.00,0.00,0.00,128.85,182.95,0,0.00,825,0,06-JAN-2025
OPTSTK,VBL,30-Jan-2025,2025-01-30,680.00,CE,10.30,10.30,5.25,6.20,6.20,978,5878.41275,271250,7000,06-JAN-2025
OPTSTK,CAMS,27-Mar-2025,2025-03-27,4400.00,CE,0.00,0.00,0.00,808.75,640.45,0,0.00,0,0,06-JAN-2025
OPTSTK,VBL,27-Feb-2025,2025-02-27,710.00,CE,0.00,0.00,0.00,16.65,9.40,0,0.00,0,0,06-JAN-2025
OPTSTK,CAMS,27-Feb-2025,2025-02-27,5700.00,PE,0.00,0.00,0.00,808.00,844.70,0,0.00,0,0,06-JAN-2025
OPTSTK,CAMS,30-Jan-2025,2025-01-30,5700.00,CE,24.80,24.80,11.10,13.80,13.80,121,864.438375,15750,-2125,06-JAN-2025
OPTSTK,CAMS,30-Jan-2025,2025-01-30,5700.00,PE,0.00,0.00,0.00,864.90,832.45,0,0.00,0,0,06-JAN-2025
OPTSTK,CAMS,27-Feb-2025,2025-02-27,4900.00,PE,0.00,0.00,0.00,300.55,270.60,0,0.00,0,0,06-JAN-2025
OPTSTK,MUTHOOTFIN,27-Feb-2025,2025-02-27,1800.00,CE,0.00,0.00,0.00,205.00,404.75,0,0.00,0,0,06-JAN-2025
OPTSTK,CAMS,27-Feb-2025,2025-02-27,6000.00,CE,0.00,0.00,0.00,138.85,24.60,0,0.00,0,0,06-JAN-2025
OPTSTK,VBL,30-Jan-2025,2025-01-30,650.00,PE,18.75,33.90,18.55,30.35,30.35,234,1387.14231,115500,23625,06-JAN-2025
OPTSTK,MUTHOOTFIN,27-Mar-2025,2025-03-27,2320.00,PE,0.00,0.00,0.00,272.70,170.10,0,0.00,0,0,06-JAN-2025
OPTSTK,MUTHOOTFIN,27-Feb-2025,2025-02-27,2320.00,PE,0.00,0.00,0.00,390.55,158.10,0,0.00,0,0,06-JAN-2025
OPTSTK,VBL,30-Jan-2025,2025-01-30,730.00,CE,1.50,1.90,1.50,1.90,1.30,5,32.013625,2625,-875,06-JAN-2025
OPTSTK,VBL,27-Feb-2025,2025-02-27,730.00,CE,0.00,0.00,0.00,12.70,6.35,0,0.00,0,0,06-JAN-2025
OPTSTK,MGL,27-Feb-2025,2025-02-27,1340.00,CE,0.00,0.00,0.00,65.25,54.40,0,0.00,0,0,06-JAN-2025
OPTSTK,MGL,30-Jan-2025,2025-01-30,1220.00,CE,89.00,96.70,85.85,85.85,86.10,7,36.6982,26400,800,06-JAN-2025
OPTSTK,MGL,30-Jan-2025,2025-01-30,1340.00,PE,51.75,89.30,51.10,83.50,83.50,210,1183.9826,50800,-18000,06-JAN-2025
OPTSTK,MGL,30-Jan-2025,2025-01-30,1100.00,PE,2.10,4.60,2.10,3.80,3.80,197,869.7854,114000,-12000,06-JAN-2025
OPTSTK,MGL,27-Feb-2025,2025-02-27,1100.00,CE,0.00,0.00,0.00,188.20,198.55,0,0.00,0,0,06-JAN-2025
OPTSTK,MGL,30-Jan-2025,2025-01-30,1080.00,PE,0.00,0.00,0.00,3.25,2.40,0,0.00,22000,0,06-JAN-2025
OPTSTK,MGL,27-Feb-2025,2025-02-27,1200.00,CE,0.00,0.00,0.00,115.25,124.55,0,0.00,0,0,06-JAN-2025
OPTSTK,MGL,27-Feb-2025,2025-02-27,1480.00,PE,0.00,0.00,0.00,308.15,210.85,0,0.00,0,0,06-JAN-2025
OPTSTK,MGL,27-Feb-2025,2025-02-27,1200.00,PE,29.85,36.50,29.85,36.50,38.60,5,24.664,3600,800,06-JAN-2025
OPTSTK,MGL,27-Mar-2025,2025-03-27,1200.00,CE,0.00,0.00,0.00,148.30,144.55,0,0.00,0,0,06-JAN-2025
OPTSTK,MGL,30-Jan-2025,2025-01-30,1120.00,PE,4.00,6.20,3.60,5.10,5.10,123,553.3372,102800,-7200,06-JAN-2025
OPTSTK,MGL,30-Jan-2025,2025-01-30,1340.00,CE,40.00,42.50,20.35,22.90,22.90,1210,6623.1264,138000,-33600,06-JAN-2025
OPTSTK,MGL,30-Jan-2025,2025-01-30,1520.00,CE,4.00,5.05,2.20,2.60,2.60,513,3125.0926,216800,33200,06-JAN-2025
OPTSTK,MGL,27-Feb-2025,2025-02-27,1420.00,PE,0.00,0.00,0.00,206.20,162.90,0,0.00,0,0,06-JAN-2025
OPTSTK,MGL,27-Feb-2025,2025-02-27,1180.00,CE,0.00,0.00,0.00,136.95,137.85,0,0.00,0,0,06-JAN-2025
OPTSTK,MGL,27-Feb-2025,2025-02-27,1180.00,PE,0.00,0.00,0.00,63.20,32.10,0,0.00,0,0,06-JAN-2025
OPTSTK,MGL,30-Jan-2025,2025-01-30,1180.00,CE,0.00,0.00,0.00,126.70,114.75,0,0.00,8400,0,06-JAN-2025
OPTSTK,MGL,30-Jan-2025,2025-01-30,1440.00,CE,13.70,13.70,5.85,6.70,6.70,284,1644.7294,81200,12000,06-JAN-2025
OPTSTK,MGL,30-Jan-2025,2025-01-30,1260.00,PE,22.00,42.45,18.45,36.75,36.75,685,3540.2496,210000,20400,06-JAN-2025
OPTSTK,MGL,30-Jan-2025,2025-01-30,1060.00,PE,0.00,0.00,0.00,2.00,1.50,0,0.00,4800,0,06-JAN-2025
OPTSTK,MGL,27-Feb-2025,2025-02-27,1120.00,PE,0.00,0.00,0.00,75.15,17.15,0,0.00,0,0,06-JAN-2025
OPTSTK,MGL,30-Jan-2025,2025-01-30,1120.00,CE,0.00,0.00,0.00,358.00,164.85,0,0.00,0,0,06-JAN-2025
OPTSTK,MGL,27-Feb-2025,2025-02-27,1380.00,PE,0.00,0.00,0.00,176.85,133.70,0,0.00,0,0,06-JAN-2025
OPTSTK,MGL,27-Feb-2025,2025-02-27,1380.00,CE,0.00,0.00,0.00,53.10,41.35,0,0.00,0,0,06-JAN-2025
OPTSTK,MGL,30-Jan-2025,2025-01-30,1380.00,PE,76.95,123.30,76.95,122.15,117.60,22,131.2274,3600,0,06-JAN-2025
OPTSTK,MGL,27-Feb-2025,2025-02-27,1140.00,CE,0.00,0.00,0.00,161.25,166.80,0,0.00,0,0,06-JAN-2025
FUTSTK,MGL,27-Feb-2025,2025-02-27,,,1322.30,1325.00,1266.50,1276.25,1276.25,205,1058.3184,162000,-2000,06-JAN-2025
OPTSTK,MGL,30-Jan-2025,2025-01-30,1420.00,CE,15.70,16.50,7.65,8.35,8.35,349,1997.3068,98400,-4800,06-JAN-2025
OPTSTK,MGL,30-Jan-2025,2025-01-30,1420.00,PE,109.20,156.50,106.85,156.50,150.35,23,142.4816,5600,5600,06-JAN-2025
OPTSTK,MGL,27-Feb-2025,2025-02-27,1420.00,CE,0.00,0.00,0.00,42.95,30.95,0,0.00,0,0,06-JAN-2025
OPTSTK,MGL,30-Jan-2025,2025-01-30,1600.00,PE,320.00,320.00,320.00,320.00,319.20,1,7.68,5200,-400,06-JAN-2025
OPTSTK,MGL,27-Feb-2025,2025-02-27,1100.00,PE,0.00,0.00,0.00,35.45,13.55,0,0.00,0,0,06-JAN-2025
OPTSTK,KOTAKBANK,27-Feb-2025,2025-02-27,1660.00,CE,0.00,0.00,0.00,143.90,148.80,0,0.00,0,0,06-JAN-2025
OPTSTK,KOTAKBANK,30-Jan-2025,2025-01-30,2040.00,PE,0.00,0.00,0.00,291.20,251.70,0,0.00,0,0,06-JAN-2025
OPTSTK,KOTAKBANK,27-Feb-2025,2025-02-27,2040.00,CE,0.00,0.00,0.00,22.45,4.50,0,0.00,0,0,06-JAN-2025
OPTSTK,KOTAKBANK,30-Jan-2025,2025-01-30,1660.00,PE,3.85,9.25,3.40,8.30,8.30,1626,10839.4174,217200,-22800,06-JAN-2025
OPTSTK,KOTAKBANK,27-Feb-2025,2025-02-27,2020.00,PE,0.00,0.00,0.00,253.55,226.85,0,0.00,0,0,06-JAN-2025
OPTSTK,KOTAKBANK,27-Feb-2025,2025-02-27,1700.00,CE,0.00,0.00,0.00,117.20,118.05,0,0.00,0,0,06-JAN-2025
OPTSTK,KOTAKBANK,27-Feb-2025,2025-02-27,1800.00,PE,42.35,61.20,41.00,58.70,58.70,54,400.0204,80400,2000,06-JAN-2025
OPTSTK,KOTAKBANK,30-Jan-2025,2025-01-30,1660.00,CE,131.15,131.15,131.15,131.15,131.15,1,7.1646,4000,-400,06-JAN-2025
FUTSTK,KOTAKBANK,27-Mar-2025,2025-03-27,,,1850.60,1850.60,1802.00,1807.95,1807.95,85,617.9522,33200,5200,06-JAN-2025
OPTSTK,KOTAKBANK,30-Jan-2025,2025-01-30,1980.00,CE,3.85,4.75,1.95,2.25,2.25,1367,10842.0582,226400,33200,06-JAN-2025
OPTSTK,KOTAKBANK,27-Feb-2025,2025-02-27,2120.00,CE,0.00,0.00,0.00,13.00,1.50,0,0.00,0,0,06-JAN-2025
OPTSTK,KOTAKBANK,30-Jan-2025,2025-01-30,2120.00,PE,0.00,0.00,0.00,361.70,331.00,0,0.00,0,0,06-JAN-2025
OPTSTK,KOTAKBANK,27-Feb-2025,2025-02-27,1920.00,PE,0.00,0.00,0.00,173.40,140.80,0,0.00,0,0,06-JAN-2025
OPTSTK,KOTAKBANK,30-Jan-2025,2025-01-30,1740.00,PE,12.00,27.35,12.00,24.75,24.75,3040,21412.901,414400,-104400,06-JAN-2025
OPTSTK,KOTAKBANK,27-Feb-2025,2025-02-27,1880.00,PE,105.00,105.00,98.75,99.65,110.70,6,47.5236,2000,2000,06-JAN-2025
OPTSTK,KOTAKBANK,27-Mar-2025,2025-03-27,1640.00,PE,0.00,0.00,0.00,34.20,16.80,0,0.00,0,0,06-JAN-2025
OPTSTK,KOTAKBANK,30-Jan-2025,2025-01-30,1640.00,CE,162.50,162.50,159.95,159.95,149.70,5,36.0216,12400,-2000,06-JAN-2025
OPTSTK,KOTAKBANK,30-Jan-2025,2025-01-30,1880.00,PE,76.60,110.90,75.85,107.80,107.80,171,1348.911,79600,-7600,06-JAN-2025
OPTSTK,KOTAKBANK,27-Mar-2025,2025-03-27,1880.00,CE,0.00,0.00,0.00,54.35,44.45,0,0.00,0,0,06-JAN-2025
OPTSTK,KOTAKBANK,27-Feb-2025,2025-02-27,1640.00,CE,0.00,0.00,0.00,183.55,165.35,0,0.00,0,0,06-JAN-2025
OPTSTK,KOTAKBANK,30-Jan-2025,2025-01-30,1640.00,PE,2.55,6.75,2.35,5.95,5.95,1212,7971.6104,275600,-16400,06-JAN-2025
OPTSTK,KOTAKBANK,27-Feb-2025,2025-02-27,1840.00,PE,65.00,78.00,65.00,78.00,84.00,9,68.777,2800,0,06-JAN-2025
OPTSTK,KOTAKBANK,27-Feb-2025,2025-02-27,1520.00,CE,0.00,0.00,0.00,278.30,275.40,0,0.00,0,0,06-JAN-2025
OPTSTK,KOTAKBANK,30-Jan-2025,2025-01-30,1520.00,CE,0.00,0.00,0.00,269.00,266.45,0,0.00,400,0,06-JAN-2025
OPTSTK,KOTAKBANK,27-Feb-2025,2025-02-27,1780.00,CE,0.00,0.00,0.00,68.20,67.95,0,0.00,400,0,06-JAN-2025
OPTSTK,KOTAKBANK,27-Feb-2025,2025-02-27,1700.00,PE,13.00,24.75,13.00,23.60,23.60,92,633.03,25200,20800,06-JAN-2025
OPTSTK,KOTAKBANK,30-Jan-2025,2025-01-30,1940.00,CE,9.50,9.50,3.70,4.30,4.30,2143,16675.6348,220400,-10400,06-JAN-2025
OPTSTK,KOTAKBANK,30-Jan-2025,2025-01-30,1740.00,CE,92.70,93.80,66.55,69.05,69.05,318,2306.6312,102800,-43600,06-JAN-2025
OPTSTK,KOTAKBANK,27-Mar-2025,2025-03-27,1640.00,CE,0.00,0.00,0.00,176.65,180.55,0,0.00,0,0,06-JAN-2025
OPTSTK,KOTAKBANK,27-Feb-2025,2025-02-27,1960.00,CE,0.00,0.00,0.00,37.30,12.10,0,0.00,0,0,06-JAN-2025
OPTSTK,KOTAKBANK,30-Jan-2025,2025-01-30,1580.00,CE,0.00,0.00,0.00,212.45,207.15,0,0.00,0,0,06-JAN-2025
OPTSTK,ICICIGI,30-Jan-2025,2025-01-30,1660.00,PE,8.75,12.40,7.00,10.30,10.30,60,250.4365,22250,1000,06-JAN-2025
OPTSTK,ICICIGI,30-Jan-2025,2025-01-30,1660.00,CE,0.00,0.00,0.00,195.95,162.80,0,0.00,1750,0,06-JAN-2025
OPTSTK,M&MFIN,27-Feb-2025,2025-02-27,245.00,CE,0.00,0.00,0.00,30.35,31.20,0,0.00,0,0,06-JAN-2025
OPTSTK,M&MFIN,30-Jan-2025,2025-01-30,245.00,PE,1.85,2.10,1.05,2.05,2.05,535,2638.567,506000,88000,06-JAN-2025
OPTSTK,ICICIGI,27-Mar-2025,2025-03-27,1640.00,PE,0.00,0.00,0.00,18.85,13.95,0,0.00,0,0,06-JAN-2025
OPTSTK,ICICIGI,27-Mar-2025,2025-03-27,1640.00,CE,0.00,0.00,0.00,269.60,210.80,0,0.00,0,0,06-JAN-2025
OPTSTK,ICICIGI,30-Jan-2025,2025-01-30,1640.00,CE,0.00,0.00,0.00,171.60,181.65,0,0.00,250,0,06-JAN-2025
OPTSTK,ICICIGI,30-Jan-2025,2025-01-30,1920.00,PE,100.30,100.30,100.30,100.30,110.15,1,5.05075,1750,250,06-JAN-2025
OPTSTK,HEROMOTOCO,30-Jan-2025,2025-01-30,4500.00,CE,33.60,41.25,23.20,24.25,24.25,4168,28336.2609,399450,21450,06-JAN-2025
OPTSTK,ICICIGI,27-Mar-2025,2025-03-27,1840.00,PE,0.00,0.00,0.00,77.25,78.90,0,0.00,0,0,06-JAN-2025
OPTSTK,ICICIGI,27-Mar-2025,2025-03-27,2160.00,CE,0.00,0.00,0.00,26.15,6.65,0,0.00,0,0,06-JAN-2025
OPTSTK,ICICIGI,27-Feb-2025,2025-02-27,1960.00,CE,0.00,0.00,0.00,80.45,20.55,0,0.00,0,0,06-JAN-2025
OPTSTK,ICICIGI,27-Feb-2025,2025-02-27,1960.00,PE,0.00,0.00,0.00,134.00,149.00,0,0.00,0,0,06-JAN-2025
OPTSTK,ICICIGI,27-Feb-2025,2025-02-27,1580.00,PE,0.00,0.00,0.00,5.60,2.90,0,0.00,0,0,06-JAN-2025
OPTSTK,ICICIGI,27-Feb-2025,2025-02-27,1580.00,CE,0.00,0.00,0.00,306.60,250.75,0,0.00,0,0,06-JAN-2025
OPTSTK,ICICIGI,27-Feb-2025,2025-02-27,1820.00,PE,0.00,0.00,0.00,56.60,58.40,0,0.00,0,0,06-JAN-2025
OPTSTK,M&MFIN,27-Feb-2025,2025-02-27,240.00,PE,0.00,0.00,0.00,6.35,2.00,0,0.00,0,0,06-JAN-2025
OPTSTK,M&MFIN,27-Feb-2025,2025-02-27,240.00,CE,0.00,0.00,0.00,42.70,35.30,0,0.00,0,0,06-JAN-2025
OPTSTK,HEROMOTOCO,27-Feb-2025,2025-02-27,4450.00,PE,0.00,0.00,0.00,280.75,285.50,0,0.00,0,0,06-JAN-2025
OPTSTK,ICICIGI,27-Mar-2025,2025-03-27,1600.00,PE,0.00,0.00,0.00,13.10,8.70,0,0.00,0,0,06-JAN-2025
OPTSTK,HEROMOTOCO,30-Jan-2025,2025-01-30,5100.00,CE,0.00,0.00,0.00,3.65,0.15,0,0.00,300,0,06-JAN-2025
OPTSTK,HEROMOTOCO,30-Jan-2025,2025-01-30,4600.00,CE,21.40,24.30,14.00,14.60,14.60,1126,7801.82115,146850,-3600,06-JAN-2025
OPTSTK,ICICIGI,30-Jan-2025,2025-01-30,1800.00,CE,81.50,81.50,59.30,63.45,63.45,160,747.14525,46000,2750,06-JAN-2025
OPTSTK,ICICIGI,27-Mar-2025,2025-03-27,1880.00,PE,0.00,0.00,0.00,95.85,101.00,0,0.00,0,0,06-JAN-2025
OPTSTK,ICICIGI,30-Jan-2025,2025-01-30,2040.00,PE,0.00,0.00,0.00,158.45,219.45,0,0.00,0,0,06-JAN-2025
OPTSTK,HEROMOTOCO,30-Jan-2025,2025-01-30,4900.00,PE,0.00,0.00,0.00,641.70,676.60,0,0.00,1800,0,06-JAN-2025
OPTSTK,HEROMOTOCO,30-Jan-2025,2025-01-30,4900.00,CE,5.10,6.00,3.90,4.00,4.00,180,1324.33342,53400,-4050,06-JAN-2025
OPTSTK,HEROMOTOCO,27-Feb-2025,2025-02-27,3900.00,PE,0.00,0.00,0.00,57.30,39.30,0,0.00,0,0,06-JAN-2025
OPTSTK,M&MFIN,30-Jan-2025,2025-01-30,290.00,PE,15.00,22.15,14.80,22.15,20.45,77,475.691,290000,14000,06-JAN-2025
OPTSTK,M&MFIN,30-Jan-2025,2025-01-30,290.00,CE,4.20,7.25,3.15,3.55,3.55,1864,11004.141,1156000,182000,06-JAN-2025
OPTSTK,M&MFIN,27-Mar-2025,2025-03-27,290.00,PE,0.00,0.00,0.00,31.55,24.65,0,0.00,0,0,06-JAN-2025
OPTSTK,M&MFIN,27-Feb-2025,2025-02-27,290.00,PE,0.00,0.00,0.00,28.20,22.80,0,0.00,0,0,06-JAN-2025
OPTSTK,NAUKRI,27-Feb-2025,2025-02-27,8300.00,PE,0.00,0.00,0.00,317.15,166.45,0,0.00,0,0,06-JAN-2025
OPTSTK,NAUKRI,27-Feb-2025,2025-02-27,9200.00,CE,0.00,0.00,0.00,400.00,283.95,0,0.00,225,0,06-JAN-2025
OPTSTK,NAUKRI,27-Mar-2025,2025-03-27,9200.00,CE,0.00,0.00,0.00,487.90,398.75,0,0.00,0,0,06-JAN-2025
OPTSTK,NAUKRI,27-Feb-2025,2025-02-27,8500.00,CE,0.00,0.00,0.00,673.80,628.80,0,0.00,0,0,06-JAN-2025
OPTSTK,NAUKRI,27-Feb-2025,2025-02-27,10200.00,PE,0.00,0.00,0.00,1946.65,1351.85,0,0.00,0,0,06-JAN-2025
OPTSTK,NAUKRI,30-Jan-2025,2025-01-30,8700.00,CE,509.10,538.45,372.35,378.75,359.15,57,389.723662,22725,-1575,06-JAN-2025
OPTSTK,NAUKRI,30-Jan-2025,2025-01-30,8700.00,PE,133.05,249.00,126.25,222.85,222.85,859,5717.61416,35625,-75,06-JAN-2025
OPTSTK,NAUKRI,30-Jan-2025,2025-01-30,8900.00,CE,395.00,422.70,226.55,255.05,255.05,569,3931.5048,9000,-2850,06-JAN-2025
FUTSTK,NAUKRI,27-Mar-2025,2025-03-27,,,9100.05,9190.15,8950.00,8956.70,8956.70,26,176.220637,3450,525,06-JAN-2025
OPTSTK,NAUKRI,30-Jan-2025,2025-01-30,8100.00,PE,37.45,61.30,31.00,59.25,59.25,85,519.153225,8625,750,06-JAN-2025
OPTSTK,NAUKRI,27-Feb-2025,2025-02-27,9800.00,CE,0.00,0.00,0.00,191.65,122.90,0,0.00,0,0,06-JAN-2025
OPTSTK,NAUKRI,27-Feb-2025,2025-02-27,9100.00,CE,0.00,0.00,0.00,399.20,321.95,0,0.00,0,0,06-JAN-2025
OPTSTK,NAUKRI,30-Jan-2025,2025-01-30,9100.00,CE,333.75,339.10,155.60,178.10,178.10,3240,22725.9477,35700,1200,06-JAN-2025
OPTSTK,NAUKRI,27-Mar-2025,2025-03-27,9800.00,CE,0.00,0.00,0.00,303.05,212.80,0,0.00,0,0,06-JAN-2025
OPTSTK,NAUKRI,27-Feb-2025,2025-02-27,9800.00,PE,0.00,0.00,0.00,1612.95,1013.50,0,0.00,0,0,06-JAN-2025
OPTSTK,NAUKRI,30-Jan-2025,2025-01-30,7600.00,PE,14.00,14.55,14.00,14.50,14.50,6,34.264125,6375,-150,06-JAN-2025
OPTSTK,NAUKRI,30-Jan-2025,2025-01-30,9700.00,PE,700.00,705.00,700.00,705.00,886.30,2,15.60375,150,150,06-JAN-2025
OPTSTK,NAUKRI,27-Feb-2025,2025-02-27,9300.00,CE,0.00,0.00,0.00,329.75,249.45,0,0.00,0,0,06-JAN-2025
OPTSTK,NAUKRI,27-Mar-2025,2025-03-27,9200.00,PE,0.00,0.00,0.00,854.25,648.00,0,0.00,0,0,06-JAN-2025
OPTSTK,NAUKRI,30-Jan-2025,2025-01-30,9200.00,CE,275.00,294.00,129.30,145.55,145.55,2083,14692.8980,33825,2625,06-JAN-2025
OPTSTK,NAUKRI,27-Mar-2025,2025-03-27,8200.00,CE,0.00,0.00,0.00,974.25,939.45,0,0.00,0,0,06-JAN-2025
OPTSTK,NAUKRI,30-Jan-2025,2025-01-30,9800.00,PE,0.00,0.00,0.00,1057.25,975.45,0,0.00,300,0,06-JAN-2025
OPTSTK,NAUKRI,27-Mar-2025,2025-03-27,7800.00,PE,0.00,0.00,0.00,229.00,108.20,0,0.00,0,0,06-JAN-2025
OPTSTK,NAUKRI,30-Jan-2025,2025-01-30,7800.00,CE,0.00,0.00,0.00,930.00,1065.10,0,0.00,300,0,06-JAN-2025
OPTSTK,NAUKRI,27-Feb-2025,2025-02-27,7800.00,PE,0.00,0.00,0.00,371.15,61.25,0,0.00,0,0,06-JAN-2025
OPTSTK,NAUKRI,27-Feb-2025,2025-02-27,7800.00,CE,0.00,0.00,0.00,913.75,1151.50,0,0.00,0,0,06-JAN-2025
OPTSTK,NAUKRI,30-Jan-2025,2025-01-30,7400.00,PE,12.55,12.55,12.55,12.55,12.55,1,5.5594125,2550,75,06-JAN-2025
OPTSTK,NAUKRI,30-Jan-2025,2025-01-30,8500.00,CE,670.00,670.00,469.10,481.30,481.30,19,128.2944,7875,-225,06-JAN-2025
OPTSTK,NAUKRI,30-Jan-2025,2025-01-30,8200.00,CE,0.00,0.00,0.00,600.00,710.65,0,0.00,150,0,06-JAN-2025
OPTSTK,NAUKRI,30-Jan-2025,2025-01-30,9400.00,PE,500.00,546.95,500.00,546.95,635.75,2,14.8852125,1425,0,06-JAN-2025
OPTSTK,NAUKRI,27-Mar-2025,2025-03-27,8800.00,PE,0.00,0.00,0.00,627.25,433.40,0,0.00,0,0,06-JAN-2025
OPTSTK,NAUKRI,27-Feb-2025,2025-02-27,8400.00,PE,0.00,0.00,0.00,650.30,197.30,0,0.00,0,0,06-JAN-2025
OPTSTK,BPCL,27-Feb-2025,2025-02-27,240.00,PE,0.00,0.00,0.00,1.00,0.85,0,0.00,5400,0,06-JAN-2025
OPTSTK,BPCL,30-Jan-2025,2025-01-30,305.00,PE,13.75,22.25,13.65,21.90,21.90,120,696.9186,345600,14400,06-JAN-2025
OPTSTK,BPCL,27-Feb-2025,2025-02-27,305.00,PE,0.00,0.00,0.00,21.75,24.20,0,0.00,0,0,06-JAN-2025
OPTSTK,BPCL,30-Jan-2025,2025-01-30,305.00,CE,5.60,5.95,2.35,2.45,2.45,1086,6025.1742,4476600,75600,06-JAN-2025
OPTSTK,BPCL,27-Feb-2025,2025-02-27,300.00,CE,11.45,11.45,8.15,8.35,8.35,46,256.2579,117000,25200,06-JAN-2025
OPTSTK,BPCL,30-Jan-2025,2025-01-30,300.00,PE,9.05,18.35,9.05,17.90,17.90,846,4784.4936,1479600,-176400,06-JAN-2025
OPTSTK,BPCL,27-Feb-2025,2025-02-27,260.00,PE,3.00,3.80,3.00,3.80,3.55,5,23.7249,10800,9000,06-JAN-2025
OPTSTK,BPCL,27-Mar-2025,2025-03-27,260.00,PE,0.00,0.00,0.00,6.60,5.55,0,0.00,0,0,06-JAN-2025
OPTSTK,BPCL,27-Mar-2025,2025-03-27,260.00,CE,0.00,0.00,0.00,46.90,34.20,0,0.00,0,0,06-JAN-2025
OPTSTK,BPCL,30-Jan-2025,2025-01-30,260.00,PE,0.65,1.65,0.60,1.55,1.55,901,4234.5225,2021400,169200,06-JAN-2025
OPTSTK,BPCL,27-Feb-2025,2025-02-27,240.00,CE,0.00,0.00,0.00,59.00,48.00,0,0.00,0,0,06-JAN-2025
OPTSTK,BPCL,30-Jan-2025,2025-01-30,360.00,CE,0.30,0.35,0.15,0.20,0.20,38,246.3975,1369800,-39600,06-JAN-2025
FUTSTK,BPCL,27-Feb-2025,2025-02-27,,,298.60,298.60,285.90,286.45,286.45,261,1366.9038,1045800,95400,06-JAN-2025
OPTSTK,BPCL,30-Jan-2025,2025-01-30,330.00,PE,0.00,0.00,0.00,30.75,44.10,0,0.00,277200,0,06-JAN-2025
OPTSTK,BPCL,27-Feb-2025,2025-02-27,280.00,PE,6.90,8.40,6.90,8.40,9.95,3,15.5286,19800,3600,06-JAN-2025
OPTSTK,BPCL,27-Mar-2025,2025-03-27,280.00,CE,0.00,0.00,0.00,33.50,21.40,0,0.00,0,0,06-JAN-2025
OPTSTK,BPCL,27-Mar-2025,2025-03-27,310.00,PE,0.00,0.00,0.00,27.40,29.60,0,0.00,0,0,06-JAN-2025
OPTSTK,BPCL,27-Feb-2025,2025-02-27,310.00,PE,21.20,21.20,21.20,21.20,27.85,1,5.9616,3600,1800,06-JAN-2025
OPTSTK,BPCL,30-Jan-2025,2025-01-30,310.00,PE,17.70,26.55,17.70,26.10,26.10,80,480.3156,387000,-32400,06-JAN-2025
OPTSTK,BPCL,27-Mar-2025,2025-03-27,310.00,CE,0.00,0.00,0.00,18.60,9.00,0,0.00,0,0,06-JAN-2025
OPTSTK,BPCL,27-Mar-2025,2025-03-27,330.00,PE,0.00,0.00,0.00,40.40,44.85,0,0.00,0,0,06-JAN-2025
OPTSTK,BPCL,30-Jan-2025,2025-01-30,325.00,PE,0.00,0.00,0.00,26.25,39.30,0,0.00,145800,0,06-JAN-2025
OPTSTK,BPCL,30-Jan-2025,2025-01-30,260.00,CE,29.00,30.20,27.35,27.70,27.30,5,25.992,30600,3600,06-JAN-2025
OPTSTK,BPCL,27-Feb-2025,2025-02-27,275.00,PE,8.50,8.50,8.50,8.50,7.95,2,10.206,5400,1800,06-JAN-2025
OPTSTK,BPCL,30-Jan-2025,2025-01-30,315.00,CE,2.50,2.75,1.20,1.25,1.25,946,5390.8407,927000,45000,06-JAN-2025
OPTSTK,BPCL,27-Feb-2025,2025-02-27,315.00,CE,0.00,0.00,0.00,12.40,4.55,0,0.00,0,0,06-JAN-2025
OPTSTK,BPCL,30-Jan-2025,2025-01-30,315.00,PE,20.70,31.00,20.50,30.80,30.80,32,197.1009,93600,-7200,06-JAN-2025
OPTSTK,BPCL,27-Feb-2025,2025-02-27,320.00,PE,0.00,0.00,0.00,37.05,35.70,0,0.00,0,0,06-JAN-2025
OPTSTK,BPCL,30-Jan-2025,2025-01-30,320.00,PE,27.60,34.30,27.60,33.10,34.65,65,412.2495,666000,-72000,06-JAN-2025
OPTSTK,BPCL,30-Jan-2025,2025-01-30,285.00,PE,3.15,8.95,3.15,8.60,8.60,2162,11367.72,694800,145800,06-JAN-2025
OPTSTK,BPCL,27-Feb-2025,2025-02-27,285.00,PE,10.90,10.95,10.90,10.95,12.25,4,21.3066,9000,5400,06-JAN-2025
OPTSTK,BPCL,30-Jan-2025,2025-01-30,285.00,CE,16.80,16.80,8.75,9.10,9.10,562,2986.1649,354600,180000,06-JAN-2025
OPTSTK,WIPRO,30-Jan-2025,2025-01-30,302.50,PE,13.70,16.10,12.60,14.95,14.95,100,949.641,402000,18000,06-JAN-2025
OPTSTK,WIPRO,30-Jan-2025,2025-01-30,302.50,CE,6.80,8.40,6.30,7.30,7.30,531,4934.8755,855000,240000,06-JAN-2025
OPTSTK,WIPRO,30-Jan-2025,2025-01-30,240.00,PE,0.20,0.35,0.20,0.30,0.05,34,245.0745,453000,12000,06-JAN-2025
OPTSTK,WIPRO,30-Jan-2025,2025-01-30,295.00,CE,12.00,12.10,9.20,10.75,10.75,1392,12763.257,1011000,186000,06-JAN-2025
OPTSTK,WIPRO,27-Mar-2025,2025-03-27,295.00,CE,0.00,0.00,0.00,27.35,17.55,0,0.00,0,0,06-JAN-2025
OPTSTK,WIPRO,30-Jan-2025,2025-01-30,295.00,PE,10.65,12.10,8.55,10.80,10.80,1149,10526.334,1266000,276000,06-JAN-2025
OPTSTK,WIPRO,27-Feb-2025,2025-02-27,295.00,CE,0.00,0.00,0.00,33.55,13.75,0,0.00,0,0,06-JAN-2025
FUTSTK,WIPRO,27-Feb-2025,2025-02-27,,,297.55,299.75,293.40,296.55,296.55,322,2868.27,2040000,9000,06-JAN-2025
OPTSTK,WIPRO,27-Mar-2025,2025-03-27,240.00,PE,0.00,0.00,0.00,0.90,0.75,0,0.00,0,0,06-JAN-2025
OPTSTK,WIPRO,27-Feb-2025,2025-02-27,272.50,CE,0.00,0.00,0.00,39.35,28.10,0,0.00,0,0,06-JAN-2025
OPTSTK,WIPRO,27-Feb-2025,2025-02-27,272.50,PE,0.00,0.00,0.00,3.40,3.70,0,0.00,0,0,06-JAN-2025
OPTSTK,WIPRO,30-Jan-2025,2025-01-30,272.50,CE,0.00,0.00,0.00,49.75,24.40,0,0.00,0,0,06-JAN-2025
OPTSTK,WIPRO,27-Mar-2025,2025-03-27,305.00,CE,0.00,0.00,0.00,21.85,13.05,0,0.00,0,0,06-JAN-2025
OPTSTK,WIPRO,30-Jan-2025,2025-01-30,305.00,CE,5.95,7.30,5.45,6.45,6.45,1574,14702.835,2199000,-111000,06-JAN-2025
OPTSTK,WIPRO,27-Mar-2025,2025-03-27,290.00,PE,0.00,0.00,0.00,10.10,11.65,0,0.00,0,0,06-JAN-2025
OPTSTK,WIPRO,27-Mar-2025,2025-03-27,300.00,PE,0.00,0.00,0.00,14.05,16.45,0,0.00,0,0,06-JAN-2025
OPTSTK,WIPRO,27-Feb-2025,2025-02-27,300.00,PE,13.50,16.10,13.00,16.10,14.25,22,207.5565,192000,30000,06-JAN-2025
OPTSTK,WIPRO,30-Jan-2025,2025-01-30,260.00,PE,0.90,1.40,0.75,1.25,1.25,541,4238.193,1422000,348000,06-JAN-2025
OPTSTK,WIPRO,30-Jan-2025,2025-01-30,272.50,PE,2.30,3.50,2.05,3.20,3.20,279,2304.8835,1323000,-3000,06-JAN-2025
OPTSTK,WIPRO,27-Mar-2025,2025-03-27,240.00,CE,0.00,0.00,0.00,70.30,58.60,0,0.00,0,0,06-JAN-2025
OPTSTK,WIPRO,27-Feb-2025,2025-02-27,260.00,CE,0.00,0.00,0.00,73.90,38.35,0,0.00,0,0,06-JAN-2025
OPTSTK,WIPRO,27-Feb-2025,2025-02-27,285.00,CE,0.00,0.00,0.00,42.95,19.40,0,0.00,0,0,06-JAN-2025
OPTSTK,WIPRO,27-Feb-2025,2025-02-27,355.00,CE,0.00,0.00,0.00,5.45,0.75,0,0.00,0,0,06-JAN-2025
OPTSTK,WIPRO,27-Feb-2025,2025-02-27,335.00,PE,0.00,0.00,0.00,96.30,39.80,0,0.00,0,0,06-JAN-2025
OPTSTK,WIPRO,27-Feb-2025,2025-02-27,280.00,PE,7.45,7.60,7.05,7.15,7.15,22,189.648,93000,36000,06-JAN-2025
OPTSTK,WIPRO,27-Feb-2025,2025-02-27,322.50,PE,0.00,0.00,0.00,23.85,29.45,0,0.00,0,0,06-JAN-2025
OPTSTK,WIPRO,27-Mar-2025,2025-03-27,310.00,PE,0.00,0.00,0.00,18.80,22.25,0,0.00,0,0,06-JAN-2025
OPTSTK,WIPRO,30-Jan-2025,2025-01-30,230.00,PE,0.15,0.35,0.15,0.30,0.30,34,234.8595,120000,81000,06-JAN-2025
OPTSTK,WIPRO,27-Mar-2025,2025-03-27,320.00,CE,0.00,0.00,0.00,15.20,7.95,0,0.00,0,0,06-JAN-2025
OPTSTK,WIPRO,27-Feb-2025,2025-02-27,320.00,PE,0.00,0.00,0.00,73.05,27.50,0,0.00,0,0,06-JAN-2025
OPTSTK,WIPRO,30-Jan-2025,2025-01-30,342.50,CE,0.65,0.80,0.60,0.80,0.80,86,885.3885,234000,48000,06-JAN-2025
OPTSTK,WIPRO,27-Feb-2025,2025-02-27,267.50,CE,0.00,0.00,0.00,43.45,32.05,0,0.00,0,0,06-JAN-2025
OPTIDX,NIFTY,06-Feb-2025,2025-02-06,24450.00,PE,0.00,0.00,0.00,529.20,825.15,0,0.00,0,0,06-JAN-2025
OPTIDX,NIFTY,27-Mar-2025,2025-03-27,24450.00,CE,0.00,0.00,0.00,568.75,402.25,0,0.00,3675,0,06-JAN-2025
OPTIDX,NIFTY,27-Feb-2025,2025-02-27,24450.00,CE,401.00,401.00,264.20,270.15,270.15,684,12697.0022,37725,29700,06-JAN-2025
OPTIDX,NIFTY,16-Jan-2025,2025-01-16,24450.00,PE,569.00,851.80,484.50,851.80,806.70,52,976.51215,3150,-375,06-JAN-2025
OPTIDX,NIFTY,27-Feb-2025,2025-02-27,24450.00,PE,839.05,839.05,839.05,839.05,850.45,1,18.9667875,3075,-75,06-JAN-2025
OPTIDX,NIFTY,16-Jan-2025,2025-01-16,24450.00,CE,83.45,94.05,35.40,37.60,37.60,15654,287647.804,209100,153075,06-JAN-2025
OPTIDX,NIFTY,27-Mar-2025,2025-03-27,24450.00,PE,0.00,0.00,0.00,909.60,877.10,0,0.00,0,0,06-JAN-2025
OPTIDX,NIFTY,27-Feb-2025,2025-02-27,23400.00,CE,945.00,945.00,786.00,805.75,805.75,98,1779.97372,4875,4050,06-JAN-2025
OPTIDX,NIFTY,06-Feb-2025,2025-02-06,23400.00,PE,0.00,0.00,0.00,141.35,224.40,0,0.00,0,0,06-JAN-2025
OPTIDX,NIFTY,16-Jan-2025,2025-01-16,26400.00,PE,0.00,0.00,0.00,1724.85,2735.15,0,0.00,0,0,06-JAN-2025
OPTIDX,NIFTY,27-Feb-2025,2025-02-27,26400.00,PE,0.00,0.00,0.00,1976.65,2543.15,0,0.00,1350,0,06-JAN-2025
OPTIDX,NIFTY,30-Jan-2025,2025-01-30,26400.00,CE,5.80,7.15,5.50,6.90,6.90,13740,90705.9250,187750,30975,06-JAN-2025
OPTIDX,NIFTY,30-Jan-2025,2025-01-30,26400.00,PE,2243.60,2708.00,2243.60,2708.00,2667.30,16,115.872937,6700,-175,06-JAN-2025
OPTIDX,NIFTY,27-Feb-2025,2025-02-27,26000.00,CE,43.05,48.20,30.00,31.00,31.00,10278,200696.294,544425,-25950,06-JAN-2025
OPTIDX,NIFTY,28-Jun-2029,2029-06-28,26000.00,PE,0.00,0.00,0.00,1391.75,862.20,0,0.00,25,0,06-JAN-2025
OPTIDX,NIFTY,25-Jun-2026,2026-06-25,26000.00,CE,0.00,0.00,0.00,1350.00,1592.30,0,0.00,625,0,06-JAN-2025
OPTIDX,NIFTY,25-Jun-2026,2026-06-25,26000.00,PE,0.00,0.00,0.00,6709.20,1527.00,0,0.00,0,0,06-JAN-2025
OPTIDX,NIFTY,24-Jun-2027,2027-06-24,26000.00,CE,0.00,0.00,0.00,1900.85,2855.85,0,0.00,0,0,06-JAN-2025
OPTIDX,NIFTY,31-Dec-2026,2026-12-31,26000.00,PE,1540.05,1540.05,1540.05,1540.05,1378.95,1,20.6550375,425,-75,06-JAN-2025
OPTIDX,NIFTY,31-Dec-2026,2026-12-31,26000.00,CE,0.00,0.00,0.00,1631.05,2253.20,0,0.00,0,0,06-JAN-2025
OPTIDX,NIFTY,27-Mar-2025,2025-03-27,26000.00,CE,109.95,116.00,80.00,84.45,84.45,12993,254232.584,1077175,186300,06-JAN-2025
OPTIDX,NIFTY,09-Jan-2025,2025-01-09,26000.00,PE,2050.00,2435.00,1983.35,2375.85,2375.85,600,12645.4494,114525,-1650,06-JAN-2025
OPTIDX,NIFTY,30-Jan-2025,2025-01-30,26000.00,PE,1880.05,2330.75,1850.00,2261.65,2261.65,4249,29911.1462,1048175,24000,06-JAN-2025
OPTIDX,NIFTY,28-Jun-2029,2029-06-28,26000.00,CE,0.00,0.00,0.00,7052.20,5258.90,0,0.00,0,0,06-JAN-2025
OPTIDX,NIFTY,28-Dec-2028,2028-12-28,26000.00,PE,0.00,0.00,0.00,1160.95,945.65,0,0.00,0,0,06-JAN-2025
OPTIDX,NIFTY,27-Feb-2025,2025-02-27,26000.00,PE,1765.00,2180.00,1765.00,2136.35,2136.35,44,924.183412,61725,1350,06-JAN-2025
OPTIDX,NIFTY,16-Jan-2025,2025-01-16,26000.00,PE,0.00,0.00,0.00,1375.25,2335.90,0,0.00,0,0,06-JAN-2025
OPTIDX,NIFTY,27-Mar-2025,2025-03-27,20000.00,PE,12.85,24.05,12.35,23.15,23.15,3069,46077.8923,566400,7975,06-JAN-2025
OPTIDX,NIFTY,24-Jun-2027,2027-06-24,20000.00,CE,0.00,0.00,0.00,3367.05,6792.50,0,0.00,0,0,06-JAN-2025
OPTIDX,NIFTY,16-Jan-2025,2025-01-16,24800.00,PE,770.00,1210.85,757.00,1154.30,1154.30,42,811.705125,2400,1275,06-JAN-2025
OPTIDX,NIFTY,23-Jan-2025,2025-01-23,24800.00,PE,0.00,0.00,0.00,896.95,1124.90,0,0.00,0,0,06-JAN-2025
OPTSTK,TCS,30-Jan-2025,2025-01-30,4200.00,PE,157.10,189.15,133.00,173.90,173.90,2732,20851.2442,288750,-30975,06-JAN-2025
OPTSTK,TCS,27-Mar-2025,2025-03-27,3600.00,CE,0.00,0.00,0.00,654.25,558.80,0,0.00,0,0,06-JAN-2025
OPTSTK,TCS,27-Feb-2025,2025-02-27,3600.00,CE,0.00,0.00,0.00,725.10,533.85,0,0.00,0,0,06-JAN-2025
OPTSTK,TCS,27-Mar-2025,2025-03-27,4300.00,PE,0.00,0.00,0.00,234.45,240.70,0,0.00,0,0,06-JAN-2025
OPTSTK,TCS,27-Mar-2025,2025-03-27,4300.00,CE,0.00,0.00,0.00,181.20,98.85,0,0.00,0,0,06-JAN-2025
OPTSTK,TCS,27-Mar-2025,2025-03-27,3700.00,CE,0.00,0.00,0.00,568.15,469.85,0,0.00,0,0,06-JAN-2025
OPTSTK,TCS,27-Feb-2025,2025-02-27,4200.00,PE,155.00,191.35,155.00,191.35,162.70,6,45.936275,18200,0,06-JAN-2025
OPTSTK,TCS,27-Feb-2025,2025-02-27,4200.00,CE,114.00,122.00,95.50,105.60,105.60,236,1780.13902,40075,14525,06-JAN-2025
OPTSTK,TCS,30-Jan-2025,2025-01-30,5200.00,CE,1.20,1.45,1.10,1.20,1.20,42,382.28715,12600,4900,06-JAN-2025
OPTSTK,TCS,27-Feb-2025,2025-02-27,4150.00,PE,136.30,136.30,136.00,136.00,134.75,3,22.502025,175,175,06-JAN-2025
OPTSTK,TCS,30-Jan-2025,2025-01-30,4600.00,PE,480.00,480.00,480.00,480.00,486.00,1,8.89,63525,-175,06-JAN-2025
OPTSTK,TCS,27-Feb-2025,2025-02-27,4100.00,PE,110.15,137.80,108.30,135.90,135.90,21,155.19105,22050,875,06-JAN-2025
OPTSTK,TCS,27-Feb-2025,2025-02-27,4400.00,PE,0.00,0.00,0.00,315.00,302.15,0,0.00,2275,0,06-JAN-2025
OPTSTK,TCS,30-Jan-2025,2025-01-30,4300.00,PE,225.55,263.05,200.15,248.00,248.00,94,744.8735,274575,0,06-JAN-2025
OPTSTK,TCS,27-Feb-2025,2025-02-27,3900.00,PE,57.25,63.00,44.00,62.20,62.20,35,242.156075,11900,2800,06-JAN-2025
OPTSTK,TCS,30-Jan-2025,2025-01-30,3400.00,PE,0.00,0.00,0.00,13.95,0.05,0,0.00,0,0,06-JAN-2025
OPTSTK,TCS,30-Jan-2025,2025-01-30,3600.00,PE,4.25,7.65,3.50,6.65,6.65,1475,9307.41008,137725,34650,06-JAN-2025
OPTSTK,TCS,27-Mar-2025,2025-03-27,4400.00,PE,0.00,0.00,0.00,293.50,309.55,0,0.00,0,0,06-JAN-2025
OPTSTK,TCS,27-Feb-2025,2025-02-27,4250.00,PE,0.00,0.00,0.00,185.70,193.65,0,0.00,0,0,06-JAN-2025
OPTSTK,TCS,30-Jan-2025,2025-01-30,4250.00,CE,47.85,58.80,39.60,46.25,46.25,3668,27591.1925,278250,16450,06-JAN-2025
OPTSTK,TCS,27-Mar-2025,2025-03-27,4200.00,CE,0.00,0.00,0.00,227.60,137.25,0,0.00,0,0,06-JAN-2025
OPTSTK,TCS,27-Mar-2025,2025-03-27,4200.00,PE,0.00,0.00,0.00,182.65,180.60,0,0.00,0,0,06-JAN-2025
OPTSTK,TCS,30-Jan-2025,2025-01-30,4200.00,CE,62.70,77.50,52.65,61.35,61.35,12736,95065.9914,1014475,49700,06-JAN-2025
OPTSTK,TCS,27-Mar-2025,2025-03-27,3700.00,PE,0.00,0.00,0.00,32.20,20.50,0,0.00,0,0,06-JAN-2025
OPTSTK,TCS,27-Mar-2025,2025-03-27,3900.00,PE,0.00,0.00,0.00,72.25,58.20,0,0.00,0,0,06-JAN-2025
OPTSTK,TCS,30-Jan-2025,2025-01-30,4050.00,PE,84.00,102.80,63.85,94.30,94.30,3543,25644.8416,177800,-1225,06-JAN-2025
OPTSTK,TCS,27-Mar-2025,2025-03-27,4400.00,CE,0.00,0.00,0.00,142.10,69.15,0,0.00,0,0,06-JAN-2025
OPTSTK,TCS,30-Jan-2025,2025-01-30,3950.00,PE,47.55,61.90,35.40,57.05,57.05,1532,10724.8353,85400,5950,06-JAN-2025
OPTSTK,TCS,30-Jan-2025,2025-01-30,3900.00,CE,245.55,246.05,225.90,226.95,226.95,16,115.961912,15575,-350,06-JAN-2025
OPTSTK,TCS,27-Feb-2025,2025-02-27,4350.00,CE,0.00,0.00,0.00,117.65,50.20,0,0.00,0,0,06-JAN-2025
OPTSTK,TCS,30-Jan-2025,2025-01-30,4350.00,CE,24.40,32.40,21.60,25.30,25.30,3149,24120.0582,224175,37100,06-JAN-2025
OPTSTK,TCS,30-Jan-2025,2025-01-30,4000.00,CE,165.95,190.50,142.60,159.05,159.05,1145,8345.113,125125,-13650,06-JAN-2025
OPTSTK,APLAPOLLO,27-Mar-2025,2025-03-27,1640.00,PE,0.00,0.00,0.00,181.05,105.95,0,0.00,0,0,06-JAN-2025
OPTSTK,APLAPOLLO,27-Feb-2025,2025-02-27,1400.00,CE,0.00,0.00,0.00,160.95,215.55,0,0.00,0,0,06-JAN-2025
OPTSTK,APLAPOLLO,27-Mar-2025,2025-03-27,1400.00,PE,0.00,0.00,0.00,56.70,18.70,0,0.00,0,0,06-JAN-2025
OPTSTK,APLAPOLLO,27-Feb-2025,2025-02-27,1420.00,PE,0.00,0.00,0.00,50.30,13.30,0,0.00,0,0,06-JAN-2025
OPTSTK,APLAPOLLO,30-Jan-2025,2025-01-30,1420.00,CE,0.00,0.00,0.00,127.45,181.70,0,0.00,0,0,06-JAN-2025
OPTSTK,APLAPOLLO,27-Feb-2025,2025-02-27,1420.00,CE,0.00,0.00,0.00,145.30,198.65,0,0.00,0,0,06-JAN-2025
OPTSTK,APLAPOLLO,27-Mar-2025,2025-03-27,1840.00,PE,0.00,0.00,0.00,335.00,246.55,0,0.00,0,0,06-JAN-2025
OPTSTK,APLAPOLLO,27-Feb-2025,2025-02-27,1840.00,CE,0.00,0.00,0.00,21.85,12.45,0,0.00,0,0,06-JAN-2025
OPTSTK,APLAPOLLO,30-Jan-2025,2025-01-30,1720.00,PE,0.00,0.00,0.00,173.35,133.60,0,0.00,3150,0,06-JAN-2025
OPTSTK,APLAPOLLO,27-Feb-2025,2025-02-27,1720.00,CE,0.00,0.00,0.00,40.45,33.95,0,0.00,0,0,06-JAN-2025
OPTSTK,APLAPOLLO,27-Feb-2025,2025-02-27,1540.00,CE,0.00,0.00,0.00,82.35,111.20,0,0.00,0,0,06-JAN-2025
OPTSTK,APLAPOLLO,27-Feb-2025,2025-02-27,1540.00,PE,0.00,0.00,0.00,105.80,44.70,0,0.00,0,0,06-JAN-2025
OPTSTK,APLAPOLLO,27-Mar-2025,2025-03-27,1560.00,PE,0.00,0.00,0.00,131.00,66.35,0,0.00,0,0,06-JAN-2025
OPTSTK,APLAPOLLO,27-Feb-2025,2025-02-27,1580.00,CE,0.00,0.00,0.00,66.65,88.35,0,0.00,0,0,06-JAN-2025
OPTSTK,APLAPOLLO,27-Feb-2025,2025-02-27,1500.00,PE,0.00,0.00,0.00,84.60,31.25,0,0.00,0,0,06-JAN-2025
OPTSTK,APLAPOLLO,30-Jan-2025,2025-01-30,1500.00,CE,126.00,126.00,116.50,116.85,116.85,14,79.2834,108500,1050,06-JAN-2025
OPTSTK,APLAPOLLO,27-Feb-2025,2025-02-27,1380.00,PE,0.00,0.00,0.00,37.25,8.00,0,0.00,0,0,06-JAN-2025
OPTSTK,APLAPOLLO,27-Feb-2025,2025-02-27,1380.00,CE,0.00,0.00,0.00,171.75,232.95,0,0.00,0,0,06-JAN-2025
OPTSTK,APLAPOLLO,30-Jan-2025,2025-01-30,1380.00,PE,0.00,0.00,0.00,2.00,1.55,0,0.00,54600,0,06-JAN-2025
OPTSTK,APLAPOLLO,30-Jan-2025,2025-01-30,1380.00,CE,0.00,0.00,0.00,151.85,219.40,0,0.00,0,0,06-JAN-2025
OPTSTK,APLAPOLLO,30-Jan-2025,2025-01-30,1760.00,CE,12.00,15.80,6.90,9.00,9.00,819,5081.42215,103950,2800,06-JAN-2025
OPTSTK,APLAPOLLO,30-Jan-2025,2025-01-30,1420.00,PE,3.30,6.00,3.10,6.00,6.00,42,209.340775,42000,-700,06-JAN-2025
OPTSTK,APLAPOLLO,27-Feb-2025,2025-02-27,1600.00,PE,0.00,0.00,0.00,174.30,71.10,0,0.00,0,0,06-JAN-2025
OPTSTK,APLAPOLLO,30-Jan-2025,2025-01-30,1600.00,PE,38.00,53.35,30.45,51.80,51.80,346,1991.934,143850,-6650,06-JAN-2025
OPTSTK,APLAPOLLO,27-Mar-2025,2025-03-27,1600.00,CE,0.00,0.00,0.00,81.15,100.05,0,0.00,0,0,06-JAN-2025
OPTSTK,APLAPOLLO,27-Mar-2025,2025-03-27,1720.00,CE,0.00,0.00,0.00,46.65,52.85,0,0.00,0,0,06-JAN-2025
OPTSTK,APLAPOLLO,27-Feb-2025,2025-02-27,1720.00,PE,0.00,0.00,0.00,261.45,145.75,0,0.00,0,0,06-JAN-2025
OPTSTK,APLAPOLLO,27-Feb-2025,2025-02-27,1640.00,CE,0.00,0.00,0.00,59.25,60.35,0,0.00,0,0,06-JAN-2025
OPTSTK,APLAPOLLO,30-Jan-2025,2025-01-30,1720.00,CE,19.40,19.40,11.70,14.00,12.95,40,242.821425,24500,700,06-JAN-2025
OPTSTK,APLAPOLLO,27-Mar-2025,2025-03-27,1720.00,PE,0.00,0.00,0.00,238.40,155.85,0,0.00,0,0,06-JAN-2025
OPTSTK,APLAPOLLO,27-Feb-2025,2025-02-27,1600.00,CE,0.00,0.00,0.00,75.00,78.15,0,0.00,350,0,06-JAN-2025
OPTSTK,APLAPOLLO,30-Jan-2025,2025-01-30,1600.00,CE,63.35,73.95,45.10,52.45,52.45,625,3624.45387,483700,-38150,06-JAN-2025
OPTSTK,TATAELXSI,30-Jan-2025,2025-01-30,5600.00,PE,12.95,23.90,11.00,22.05,22.05,129,724.6562,22400,7600,06-JAN-2025
OPTSTK,TATAELXSI,27-Feb-2025,2025-02-27,5900.00,PE,0.00,0.00,0.00,74.75,77.65,0,0.00,0,0,06-JAN-2025
OPTSTK,TATAELXSI,30-Jan-2025,2025-01-30,5900.00,CE,0.00,0.00,0.00,1026.20,639.70,0,0.00,0,0,06-JAN-2025
OPTSTK,TATAELXSI,30-Jan-2025,2025-01-30,5900.00,PE,51.20,58.00,51.20,58.00,26.95,2,11.9092,100,100,06-JAN-2025
OPTSTK,TATAELXSI,27-Feb-2025,2025-02-27,5900.00,CE,0.00,0.00,0.00,1144.90,720.75,0,0.00,0,0,06-JAN-2025
OPTSTK,TATAELXSI,30-Jan-2025,2025-01-30,8200.00,CE,6.00,8.45,3.05,5.80,5.80,40,328.2665,2100,-100,06-JAN-2025
OPTSTK,TATAELXSI,30-Jan-2025,2025-01-30,6700.00,CE,213.50,235.75,137.55,145.25,145.25,761,5237.49165,53200,12800,06-JAN-2025
OPTSTK,TATAELXSI,27-Mar-2025,2025-03-27,7200.00,CE,0.00,0.00,0.00,449.00,168.60,0,0.00,0,0,06-JAN-2025
OPTSTK,TATAELXSI,27-Mar-2025,2025-03-27,7600.00,CE,0.00,0.00,0.00,308.90,91.40,0,0.00,0,0,06-JAN-2025
OPTSTK,TATAELXSI,27-Feb-2025,2025-02-27,7800.00,CE,0.00,0.00,0.00,212.85,27.10,0,0.00,0,0,06-JAN-2025
OPTSTK,TATAELXSI,27-Mar-2025,2025-03-27,7800.00,PE,0.00,0.00,0.00,1016.45,1264.75,0,0.00,0,0,06-JAN-2025
OPTSTK,TATAELXSI,27-Mar-2025,2025-03-27,7800.00,CE,0.00,0.00,0.00,253.50,65.90,0,0.00,0,0,06-JAN-2025
OPTSTK,TATAELXSI,27-Feb-2025,2025-02-27,7800.00,PE,0.00,0.00,0.00,1115.20,1265.85,0,0.00,0,0,06-JAN-2025
OPTSTK,TATAELXSI,30-Jan-2025,2025-01-30,7800.00,PE,0.00,0.00,0.00,1078.70,1281.55,0,0.00,0,0,06-JAN-2025
OPTSTK,TATAELXSI,27-Feb-2025,2025-02-27,6400.00,PE,0.00,0.00,0.00,210.00,237.60,0,0.00,300,0,06-JAN-2025
OPTSTK,TATAELXSI,27-Feb-2025,2025-02-27,8200.00,CE,0.00,0.00,0.00,138.20,10.10,0,0.00,0,0,06-JAN-2025
OPTSTK,TATAELXSI,27-Mar-2025,2025-03-27,5600.00,PE,0.00,0.00,0.00,68.05,62.00,0,0.00,0,0,06-JAN-2025
OPTSTK,TATAELXSI,27-Feb-2025,2025-02-27,6100.00,PE,0.00,0.00,0.00,112.45,127.45,0,0.00,0,0,06-JAN-2025
OPTSTK,TATAELXSI,27-Feb-2025,2025-02-27,7100.00,CE,0.00,0.00,0.00,385.45,120.30,0,0.00,0,0,06-JAN-2025
OPTSTK,TATAELXSI,30-Jan-2025,2025-01-30,8100.00,CE,1.85,9.00,1.85,9.00,0.65,2,16.21085,3200,-100,06-JAN-2025
OPTSTK,TATAELXSI,27-Mar-2025,2025-03-27,6000.00,CE,0.00,0.00,0.00,1144.70,723.25,0,0.00,0,0,06-JAN-2025
OPTSTK,TATAELXSI,30-Jan-2025,2025-01-30,8000.00,CE,9.50,14.70,8.15,10.80,10.80,323,2587.48315,38200,14200,06-JAN-2025
FUTSTK,TATAELXSI,30-Jan-2025,2025-01-30,,,6679.95,6697.55,6453.65,6471.00,6471.00,3098,20283.3341,899000,17200,06-JAN-2025
OPTSTK,TATAELXSI,30-Jan-2025,2025-01-30,6900.00,CE,139.40,151.85,86.05,88.60,88.60,129,905.03895,19500,-400,06-JAN-2025
OPTSTK,TATAELXSI,30-Jan-2025,2025-01-30,6900.00,PE,485.00,485.05,470.65,470.65,459.60,6,44.25295,9800,-300,06-JAN-2025
OPTSTK,TATAELXSI,27-Feb-2025,2025-02-27,6000.00,PE,0.00,0.00,0.00,80.00,100.35,0,0.00,400,0,06-JAN-2025
FUTSTK,TATAELXSI,27-Mar-2025,2025-03-27,,,6709.25,6709.70,6535.00,6535.00,6583.30,16,105.87865,1800,700,06-JAN-2025
OPTSTK,TATAELXSI,27-Feb-2025,2025-02-27,7200.00,PE,0.00,0.00,0.00,699.20,743.60,0,0.00,0,0,06-JAN-2025
OPTSTK,TATAELXSI,30-Jan-2025,2025-01-30,7500.00,PE,0.00,0.00,0.00,600.00,989.75,0,0.00,100,0,06-JAN-2025
OPTSTK,TATAELXSI,30-Jan-2025,2025-01-30,7500.00,CE,31.60,35.85,22.25,23.50,23.50,437,3289.53575,39300,3600,06-JAN-2025
OPTSTK,TATAELXSI,27-Feb-2025,2025-02-27,7500.00,PE,0.00,0.00,0.00,752.60,994.90,0,0.00,0,0,06-JAN-2025
OPTSTK,POLICYBZR,27-Feb-2025,2025-02-27,2100.00,CE,0.00,0.00,0.00,141.65,152.10,0,0.00,325,0,06-JAN-2025
OPTSTK,POLICYBZR,27-Feb-2025,2025-02-27,1950.00,CE,0.00,0.00,0.00,224.90,242.45,0,0.00,0,0,06-JAN-2025
OPTSTK,POLICYBZR,27-Feb-2025,2025-02-27,2400.00,CE,0.00,0.00,0.00,53.10,47.60,0,0.00,0,0,06-JAN-2025
OPTSTK,POLICYBZR,27-Feb-2025,2025-02-27,2150.00,CE,0.00,0.00,0.00,131.65,127.95,0,0.00,0,0,06-JAN-2025
OPTSTK,POLICYBZR,30-Jan-2025,2025-01-30,2000.00,CE,200.00,209.50,151.35,162.05,162.05,154,1095.89642,43875,-16900,06-JAN-2025
OPTSTK,POLICYBZR,30-Jan-2025,2025-01-30,2350.00,PE,0.00,0.00,0.00,153.35,242.30,0,0.00,650,0,06-JAN-2025
OPTSTK,POLICYBZR,30-Jan-2025,2025-01-30,1800.00,PE,4.80,11.00,4.50,8.75,8.75,169,992.583312,31850,1950,06-JAN-2025
OPTSTK,POLICYBZR,27-Feb-2025,2025-02-27,2150.00,PE,0.00,0.00,0.00,217.50,137.45,0,0.00,0,0,06-JAN-2025
OPTSTK,POLICYBZR,30-Jan-2025,2025-01-30,2400.00,CE,34.05,34.55,12.95,14.55,14.55,633,4983.30381,121550,21450,06-JAN-2025
OPTSTK,POLICYBZR,27-Mar-2025,2025-03-27,2400.00,CE,0.00,0.00,0.00,93.55,77.75,0,0.00,0,0,06-JAN-2025
OPTSTK,POLICYBZR,27-Feb-2025,2025-02-27,2500.00,PE,0.00,0.00,0.00,616.00,386.45,0,0.00,0,0,06-JAN-2025
OPTSTK,POLICYBZR,27-Mar-2025,2025-03-27,1800.00,CE,0.00,0.00,0.00,352.70,382.85,0,0.00,0,0,06-JAN-2025
OPTSTK,POLICYBZR,30-Jan-2025,2025-01-30,2150.00,CE,105.00,115.00,70.55,77.30,77.30,72,524.300725,34125,4875,06-JAN-2025
OPTSTK,POLICYBZR,27-Mar-2025,2025-03-27,2200.00,PE,0.00,0.00,0.00,274.70,190.85,0,0.00,0,0,06-JAN-2025
OPTSTK,POLICYBZR,30-Jan-2025,2025-01-30,2450.00,PE,0.00,0.00,0.00,565.20,329.80,0,0.00,0,0,06-JAN-2025
OPTSTK,POLICYBZR,27-Feb-2025,2025-02-27,1950.00,PE,0.00,0.00,0.00,113.25,53.85,0,0.00,0,0,06-JAN-2025
OPTSTK,POLICYBZR,30-Jan-2025,2025-01-30,1700.00,PE,2.50,5.75,2.50,5.10,5.10,57,315.671525,73125,5525,06-JAN-2025
OPTSTK,POLICYBZR,27-Mar-2025,2025-03-27,2400.00,PE,0.00,0.00,0.00,413.00,322.60,0,0.00,0,0,06-JAN-2025
OPTSTK,POLICYBZR,30-Jan-2025,2025-01-30,2400.00,PE,0.00,0.00,0.00,520.95,285.05,0,0.00,0,0,06-JAN-2025
OPTSTK,POLICYBZR,27-Feb-2025,2025-02-27,2350.00,CE,0.00,0.00,0.00,72.05,58.95,0,0.00,0,0,06-JAN-2025
OPTSTK,POLICYBZR,27-Mar-2025,2025-03-27,2000.00,CE,0.00,0.00,0.00,236.55,243.95,0,0.00,0,0,06-JAN-2025
OPTSTK,POLICYBZR,27-Mar-2025,2025-03-27,2100.00,PE,0.00,0.00,0.00,215.25,137.95,0,0.00,0,0,06-JAN-2025
OPTSTK,POLICYBZR,27-Feb-2025,2025-02-27,1900.00,PE,0.00,0.00,0.00,181.15,40.20,0,0.00,0,0,06-JAN-2025
OPTSTK,POLICYBZR,27-Feb-2025,2025-02-27,2450.00,CE,0.00,0.00,0.00,52.05,38.15,0,0.00,0,0,06-JAN-2025
OPTSTK,POLICYBZR,30-Jan-2025,2025-01-30,2450.00,CE,24.00,24.00,9.50,10.40,10.40,92,736.8257,37700,4875,06-JAN-2025
OPTSTK,POLICYBZR,27-Feb-2025,2025-02-27,2450.00,PE,0.00,0.00,0.00,434.15,344.75,0,0.00,0,0,06-JAN-2025
OPTSTK,POLICYBZR,27-Feb-2025,2025-02-27,2250.00,PE,0.00,0.00,0.00,282.70,196.80,0,0.00,0,0,06-JAN-2025
OPTSTK,POLICYBZR,30-Jan-2025,2025-01-30,2250.00,PE,125.00,176.05,113.80,169.85,169.85,19,146.994412,12350,-1625,06-JAN-2025
OPTSTK,POLICYBZR,27-Mar-2025,2025-03-27,1900.00,PE,0.00,0.00,0.00,119.00,61.00,0,0.00,0,0,06-JAN-2025
OPTSTK,POLICYBZR,27-Mar-2025,2025-03-27,1900.00,CE,0.00,0.00,0.00,290.55,308.85,0,0.00,0,0,06-JAN-2025
OPTSTK,POLICYBZR,27-Mar-2025,2025-03-27,2000.00,PE,0.00,0.00,0.00,163.20,94.65,0,0.00,0,0,06-JAN-2025
OPTSTK,ASHOKLEY,27-Feb-2025,2025-02-27,250.00,CE,4.00,4.00,2.25,2.30,3.20,25,158.11625,60000,25000,06-JAN-2025
OPTSTK,ASHOKLEY,27-Feb-2025,2025-02-27,247.50,PE,0.00,0.00,0.00,29.00,22.70,0,0.00,0,0,06-JAN-2025
OPTSTK,ASHOKLEY,30-Jan-2025,2025-01-30,247.50,PE,15.30,21.20,15.20,21.10,21.10,13,86.405,135000,0,06-JAN-2025
OPTSTK,ASHOKLEY,27-Mar-2025,2025-03-27,235.00,PE,0.00,0.00,0.00,21.65,15.65,0,0.00,0,0,06-JAN-2025
OPTSTK,ASHOKLEY,27-Feb-2025,2025-02-27,262.50,CE,0.00,0.00,0.00,2.35,1.45,0,0.00,0,0,06-JAN-2025
OPTSTK,ASHOKLEY,30-Jan-2025,2025-01-30,262.50,PE,0.00,0.00,0.00,32.40,35.40,0,0.00,0,0,06-JAN-2025
OPTSTK,ASHOKLEY,27-Mar-2025,2025-03-27,215.00,PE,0.00,0.00,0.00,11.00,6.35,0,0.00,0,0,06-JAN-2025
OPTSTK,ASHOKLEY,27-Mar-2025,2025-03-27,215.00,CE,0.00,0.00,0.00,20.05,20.70,0,0.00,0,0,06-JAN-2025
OPTSTK,ASHOKLEY,30-Jan-2025,2025-01-30,215.00,PE,0.95,2.20,0.90,2.00,2.00,1070,5791.84875,1040000,-147500,06-JAN-2025
OPTSTK,ASHOKLEY,27-Feb-2025,2025-02-27,215.00,CE,0.00,0.00,0.00,28.10,17.85,0,0.00,0,0,06-JAN-2025
OPTSTK,ASHOKLEY,27-Feb-2025,2025-02-27,242.50,PE,0.00,0.00,0.00,25.20,18.95,0,0.00,0,0,06-JAN-2025
FUTSTK,ASHOKLEY,27-Mar-2025,2025-03-27,,,235.70,236.00,228.94,228.94,229.52,22,127.45425,165000,12500,06-JAN-2025
OPTSTK,ASHOKLEY,27-Feb-2025,2025-02-27,217.50,PE,0.00,0.00,0.00,10.15,5.50,0,0.00,0,0,06-JAN-2025
OPTSTK,ASHOKLEY,30-Jan-2025,2025-01-30,217.50,CE,18.60,18.60,12.00,12.00,12.65,10,58.1325,135000,10000,06-JAN-2025
OPTSTK,ASHOKLEY,30-Jan-2025,2025-01-30,185.00,CE,0.00,0.00,0.00,31.10,42.00,0,0.00,0,0,06-JAN-2025
OPTSTK,ASHOKLEY,27-Feb-2025,2025-02-27,185.00,CE,0.00,0.00,0.00,51.45,43.20,0,0.00,0,0,06-JAN-2025
OPTSTK,ASHOKLEY,27-Feb-2025,2025-02-27,185.00,PE,0.00,0.00,0.00,1.50,0.30,0,0.00,0,0,06-JAN-2025
OPTSTK,ASHOKLEY,30-Jan-2025,2025-01-30,185.00,PE,0.00,0.00,0.00,0.20,0.05,0,0.00,10000,0,06-JAN-2025
OPTSTK,ASHOKLEY,27-Mar-2025,2025-03-27,205.00,PE,0.00,0.00,0.00,7.20,3.55,0,0.00,0,0,06-JAN-2025
OPTSTK,ASHOKLEY,30-Jan-2025,2025-01-30,205.00,PE,0.45,0.95,0.45,0.85,0.85,364,1871.63125,642500,-52500,06-JAN-2025
OPTSTK,ASHOKLEY,30-Jan-2025,2025-01-30,250.00,CE,1.40,1.50,0.60,0.70,0.70,1311,8224.83625,3685000,-210000,06-JAN-2025
OPTSTK,ASHOKLEY,27-Feb-2025,2025-02-27,257.50,CE,0.00,0.00,0.00,2.95,2.00,0,0.00,0,0,06-JAN-2025
OPTSTK,ASHOKLEY,27-Mar-2025,2025-03-27,270.00,PE,0.00,0.00,0.00,48.15,41.95,0,0.00,0,0,06-JAN-2025
OPTSTK,ASHOKLEY,30-Jan-2025,2025-01-30,245.00,CE,2.25,2.25,1.00,1.05,1.05,1232,7590.125,1190000,232500,06-JAN-2025
OPTSTK,ASHOKLEY,30-Jan-2025,2025-01-30,255.00,CE,0.80,0.80,0.45,0.45,0.45,832,5315.91875,1025000,-145000,06-JAN-2025
OPTSTK,ASHOKLEY,27-Feb-2025,2025-02-27,265.00,PE,0.00,0.00,0.00,35.50,37.50,0,0.00,0,0,06-JAN-2025
OPTSTK,ASHOKLEY,30-Jan-2025,2025-01-30,265.00,PE,0.00,0.00,0.00,45.00,37.85,0,0.00,5000,0,06-JAN-2025
OPTSTK,ASHOKLEY,27-Feb-2025,2025-02-27,207.50,CE,0.00,0.00,0.00,21.45,23.30,0,0.00,0,0,06-JAN-2025
OPTSTK,ASHOKLEY,27-Feb-2025,2025-02-27,220.00,PE,4.00,5.95,4.00,5.95,6.40,30,168.6975,110000,-2500,06-JAN-2025
OPTSTK,ASHOKLEY,27-Feb-2025,2025-02-27,220.00,CE,14.75,14.75,13.50,13.55,13.55,14,81.92125,62500,-22500,06-JAN-2025
OPTSTK,ASHOKLEY,30-Jan-2025,2025-01-30,230.00,CE,8.25,8.75,4.45,4.70,4.70,1421,8375.855,3155000,170000,06-JAN-2025
OPTSTK,ASHOKLEY,27-Feb-2025,2025-02-27,250.00,PE,17.65,24.20,17.65,24.15,24.65,20,136.12125,57500,50000,06-JAN-2025
OPTSTK,COLPAL,27-Feb-2025,2025-02-27,2320.00,CE,0.00,0.00,0.00,438.20,457.75,0,0.00,0,0,06-JAN-2025
OPTSTK,COLPAL,27-Feb-2025,2025-02-27,2320.00,PE,0.00,0.00,0.00,9.95,2.10,0,0.00,0,0,06-JAN-2025
OPTSTK,COLPAL,30-Jan-2025,2025-01-30,2320.00,CE,0.00,0.00,0.00,418.05,443.85,0,0.00,0,0,06-JAN-2025
OPTSTK,COLPAL,27-Mar-2025,2025-03-27,2320.00,PE,0.00,0.00,0.00,18.40,6.05,0,0.00,0,0,06-JAN-2025
OPTSTK,COLPAL,30-Jan-2025,2025-01-30,3080.00,CE,12.15,12.15,6.50,6.60,3.05,15,81.0392625,3325,175,06-JAN-2025
OPTSTK,COLPAL,27-Feb-2025,2025-02-27,3080.00,CE,0.00,0.00,0.00,31.75,17.50,0,0.00,0,0,06-JAN-2025
OPTSTK,COLPAL,27-Feb-2025,2025-02-27,3080.00,PE,0.00,0.00,0.00,353.95,314.60,0,0.00,0,0,06-JAN-2025
OPTSTK,COLPAL,27-Mar-2025,2025-03-27,3080.00,PE,0.00,0.00,0.00,359.35,316.95,0,0.00,0,0,06-JAN-2025
OPTSTK,COLPAL,30-Jan-2025,2025-01-30,3080.00,PE,0.00,0.00,0.00,350.30,315.95,0,0.00,0,0,06-JAN-2025
OPTSTK,COLPAL,27-Mar-2025,2025-03-27,3080.00,CE,0.00,0.00,0.00,54.15,35.65,0,0.00,0,0,06-JAN-2025
OPTSTK,BHEL,30-Jan-2025,2025-01-30,215.00,PE,2.95,6.20,2.90,5.95,5.95,2078,11976.5231,1582875,-76125,06-JAN-2025
OPTSTK,COLPAL,30-Jan-2025,2025-01-30,2850.00,CE,68.00,68.00,35.05,41.20,41.20,349,1767.13451,33250,5425,06-JAN-2025
OPTSTK,COLPAL,27-Feb-2025,2025-02-27,2460.00,CE,0.00,0.00,0.00,318.05,327.00,0,0.00,0,0,06-JAN-2025
OPTSTK,BHEL,27-Feb-2025,2025-02-27,245.00,CE,5.50,5.70,4.60,4.60,6.85,3,19.7085,7875,5250,06-JAN-2025
OPTSTK,NAVINFLUOR,30-Jan-2025,2025-01-30,3750.00,CE,6.90,9.60,5.60,6.95,10.25,12,78.9040875,5250,-175,06-JAN-2025
OPTSTK,COLPAL,30-Jan-2025,2025-01-30,2280.00,CE,0.00,0.00,0.00,456.70,483.60,0,0.00,0,0,06-JAN-2025
OPTSTK,COLPAL,30-Jan-2025,2025-01-30,3040.00,PE,0.00,0.00,0.00,314.45,278.10,0,0.00,0,0,06-JAN-2025
OPTSTK,NAVINFLUOR,27-Feb-2025,2025-02-27,3150.00,PE,0.00,0.00,0.00,95.00,61.80,0,0.00,1400,0,06-JAN-2025
OPTSTK,COLPAL,30-Jan-2025,2025-01-30,3150.00,PE,0.00,0.00,0.00,355.00,383.80,0,0.00,2100,0,06-JAN-2025
OPTSTK,NAVINFLUOR,30-Jan-2025,2025-01-30,3150.00,CE,0.00,0.00,0.00,206.60,239.65,0,0.00,175,0,06-JAN-2025
OPTSTK,COLPAL,27-Feb-2025,2025-02-27,2500.00,CE,0.00,0.00,0.00,560.25,291.90,0,0.00,0,0,06-JAN-2025
OPTSTK,NAVINFLUOR,27-Feb-2025,2025-02-27,2800.00,PE,0.00,0.00,0.00,29.85,7.55,0,0.00,0,0,06-JAN-2025
OPTSTK,COLPAL,27-Mar-2025,2025-03-27,2600.00,CE,0.00,0.00,0.00,247.45,239.60,0,0.00,0,0,06-JAN-2025
OPTSTK,COLPAL,27-Feb-2025,2025-02-27,2600.00,CE,0.00,0.00,0.00,473.45,211.35,0,0.00,0,0,06-JAN-2025
OPTSTK,COLPAL,27-Feb-2025,2025-02-27,3280.00,CE,0.00,0.00,0.00,11.05,3.85,0,0.00,0,0,06-JAN-2025
FUTSTK,BHEL,27-Feb-2025,2025-02-27,,,232.27,232.27,221.30,221.68,221.68,428,2535.35572,3428250,246750,06-JAN-2025
OPTSTK,NAVINFLUOR,30-Jan-2025,2025-01-30,3350.00,PE,73.95,101.00,73.75,90.20,90.20,47,282.804287,10500,0,06-JAN-2025
OPTSTK,MAXHEALTH,27-Mar-2025,2025-03-27,1360.00,PE,0.00,0.00,0.00,220.15,208.55,0,0.00,0,0,06-JAN-2025
OPTSTK,COLPAL,27-Feb-2025,2025-02-27,2640.00,PE,0.00,0.00,0.00,77.85,43.85,0,0.00,0,0,06-JAN-2025
OPTSTK,MAXHEALTH,27-Feb-2025,2025-02-27,1120.00,PE,0.00,0.00,0.00,165.05,42.20,0,0.00,0,0,06-JAN-2025
OPTSTK,MAXHEALTH,27-Mar-2025,2025-03-27,1000.00,CE,0.00,0.00,0.00,203.80,185.10,0,0.00,0,0,06-JAN-2025
OPTSTK,MAXHEALTH,27-Feb-2025,2025-02-27,1000.00,CE,0.00,0.00,0.00,83.05,172.55,0,0.00,0,0,06-JAN-2025
OPTSTK,TATAPOWER,30-Jan-2025,2025-01-30,355.00,PE,1.25,4.15,1.25,3.85,3.85,1585,7655.82772,359100,82350,06-JAN-2025
OPTSTK,TATAPOWER,27-Mar-2025,2025-03-27,410.00,CE,0.00,0.00,0.00,32.35,13.40,0,0.00,0,0,06-JAN-2025
OPTSTK,EXIDEIND,27-Mar-2025,2025-03-27,410.00,PE,0.00,0.00,0.00,26.45,23.60,0,0.00,0,0,06-JAN-2025
OPTSTK,TATAPOWER,30-Jan-2025,2025-01-30,410.00,PE,19.55,33.95,19.25,32.85,32.85,281,1658.36025,1637550,24300,06-JAN-2025
OPTSTK,EXIDEIND,27-Mar-2025,2025-03-27,400.00,CE,0.00,0.00,0.00,47.60,33.80,0,0.00,0,0,06-JAN-2025
OPTSTK,EXIDEIND,30-Jan-2025,2025-01-30,465.00,PE,46.85,47.90,46.85,47.90,55.35,3,27.6588,12600,0,06-JAN-2025
OPTSTK,EXIDEIND,30-Jan-2025,2025-01-30,420.00,CE,15.40,15.70,8.60,9.50,9.50,1276,9894.1176,1567800,397800,06-JAN-2025
OPTSTK,EXIDEIND,30-Jan-2025,2025-01-30,350.00,PE,0.85,1.15,0.80,1.05,1.05,75,473.8365,178200,27000,06-JAN-2025
OPTSTK,EXIDEIND,27-Feb-2025,2025-02-27,350.00,CE,0.00,0.00,0.00,77.05,64.65,0,0.00,0,0,06-JAN-2025
OPTSTK,TATAPOWER,30-Jan-2025,2025-01-30,430.00,CE,2.25,2.25,0.95,1.05,1.05,2715,15811.1203,3616650,90450,06-JAN-2025
OPTSTK,TATAPOWER,27-Feb-2025,2025-02-27,330.00,PE,0.00,0.00,0.00,4.00,2.50,0,0.00,0,0,06-JAN-2025
OPTSTK,TATAPOWER,27-Feb-2025,2025-02-27,355.00,PE,0.00,0.00,0.00,6.45,7.65,0,0.00,0,0,06-JAN-2025
OPTSTK,TATAPOWER,30-Jan-2025,2025-01-30,510.00,CE,0.20,0.20,0.20,0.20,0.05,8,55.1016,35100,4050,06-JAN-2025
OPTSTK,TATAPOWER,30-Jan-2025,2025-01-30,510.00,PE,0.00,0.00,0.00,100.50,129.10,0,0.00,10800,0,06-JAN-2025
FUTSTK,EXIDEIND,27-Feb-2025,2025-02-27,,,427.80,427.80,410.35,413.10,413.10,348,2614.2156,1317600,108000,06-JAN-2025
OPTSTK,TATAPOWER,27-Feb-2025,2025-02-27,345.00,CE,0.00,0.00,0.00,68.20,42.05,0,0.00,0,0,06-JAN-2025
OPTSTK,EXIDEIND,30-Jan-2025,2025-01-30,360.00,CE,0.00,0.00,0.00,106.90,51.55,0,0.00,0,0,06-JAN-2025
OPTSTK,TATAPOWER,27-Mar-2025,2025-03-27,440.00,CE,0.00,0.00,0.00,20.60,6.45,0,0.00,0,0,06-JAN-2025
OPTSTK,EXIDEIND,27-Mar-2025,2025-03-27,440.00,PE,0.00,0.00,0.00,42.20,41.00,0,0.00,0,0,06-JAN-2025
OPTSTK,EXIDEIND,27-Feb-2025,2025-02-27,455.00,PE,0.00,0.00,0.00,47.70,49.00,0,0.00,0,0,06-JAN-2025
OPTSTK,TATAPOWER,27-Feb-2025,2025-02-27,395.00,CE,18.60,18.60,11.40,13.15,13.40,3,16.580025,1350,0,06-JAN-2025
OPTSTK,TATAPOWER,30-Jan-2025,2025-01-30,395.00,CE,12.75,12.90,5.55,5.85,5.85,3794,20637.2056,1586250,687150,06-JAN-2025
OPTSTK,TATAPOWER,30-Jan-2025,2025-01-30,455.00,CE,0.80,0.80,0.35,0.40,0.40,143,879.3171,178200,-79650,06-JAN-2025
OPTSTK,TATAPOWER,27-Feb-2025,2025-02-27,340.00,PE,0.00,0.00,0.00,5.45,4.05,0,0.00,0,0,06-JAN-2025
OPTSTK,EXIDEIND,27-Feb-2025,2025-02-27,340.00,PE,0.00,0.00,0.00,2.55,1.40,0,0.00,0,0,06-JAN-2025
OPTSTK,EXIDEIND,30-Jan-2025,2025-01-30,480.00,PE,0.00,0.00,0.00,50.45,69.50,0,0.00,88200,0,06-JAN-2025
OPTSTK,EXIDEIND,30-Jan-2025,2025-01-30,455.00,CE,3.35,3.45,2.05,2.30,2.30,320,2635.0317,207000,43200,06-JAN-2025
OPTSTK,EXIDEIND,27-Feb-2025,2025-02-27,395.00,PE,0.00,0.00,0.00,15.75,13.00,0,0.00,0,0,06-JAN-2025
OPTSTK,TATAPOWER,30-Jan-2025,2025-01-30,455.00,PE,0.00,0.00,0.00,66.75,74.55,0,0.00,18900,0,06-JAN-2025
OPTSTK,EXIDEIND,30-Jan-2025,2025-01-30,435.00,PE,18.45,31.35,18.40,29.95,29.95,17,140.8779,77400,3600,06-JAN-2025
OPTSTK,TATAPOWER,27-Feb-2025,2025-02-27,435.00,PE,0.00,0.00,0.00,41.55,56.00,0,0.00,0,0,06-JAN-2025
OPTSTK,KALYANKJIL,27-Feb-2025,2025-02-27,820.00,CE,0.00,0.00,0.00,33.05,21.70,0,0.00,1550,0,06-JAN-2025
OPTSTK,KALYANKJIL,30-Jan-2025,2025-01-30,640.00,CE,0.00,0.00,0.00,101.45,109.65,0,0.00,0,0,06-JAN-2025
OPTSTK,KALYANKJIL,27-Mar-2025,2025-03-27,680.00,PE,0.00,0.00,0.00,42.85,24.90,0,0.00,0,0,06-JAN-2025
OPTSTK,KALYANKJIL,27-Mar-2025,2025-03-27,880.00,PE,0.00,0.00,0.00,165.25,141.40,0,0.00,0,0,06-JAN-2025
OPTSTK,KALYANKJIL,30-Jan-2025,2025-01-30,850.00,CE,10.30,12.35,4.80,5.25,5.25,1054,7012.58982,297600,-39525,06-JAN-2025
OPTSTK,KALYANKJIL,27-Feb-2025,2025-02-27,780.00,CE,42.35,42.35,36.00,37.15,37.15,5,31.70835,4650,1550,06-JAN-2025
OPTSTK,KALYANKJIL,27-Feb-2025,2025-02-27,780.00,PE,0.00,0.00,0.00,106.35,62.25,0,0.00,0,0,06-JAN-2025
OPTSTK,KALYANKJIL,30-Jan-2025,2025-01-30,710.00,PE,5.45,17.15,4.95,15.55,15.55,310,1729.27997,142600,29450,06-JAN-2025
OPTSTK,KALYANKJIL,27-Feb-2025,2025-02-27,920.00,PE,0.00,0.00,0.00,213.30,172.45,0,0.00,0,0,06-JAN-2025
OPTSTK,KALYANKJIL,30-Jan-2025,2025-01-30,680.00,PE,3.20,9.40,2.30,8.80,8.80,333,1768.67245,145700,-17050,06-JAN-2025
OPTSTK,KALYANKJIL,27-Feb-2025,2025-02-27,640.00,PE,0.00,0.00,0.00,34.40,8.25,0,0.00,0,0,06-JAN-2025
OPTSTK,KALYANKJIL,30-Jan-2025,2025-01-30,660.00,PE,1.90,5.90,1.90,5.75,5.75,86,442.333187,39525,-10850,06-JAN-2025
OPTSTK,KALYANKJIL,30-Jan-2025,2025-01-30,920.00,CE,3.00,3.55,1.70,1.80,1.80,218,1558.38395,70525,39525,06-JAN-2025
OPTSTK,KALYANKJIL,27-Feb-2025,2025-02-27,760.00,CE,0.00,0.00,0.00,54.90,42.35,0,0.00,0,0,06-JAN-2025
OPTSTK,KALYANKJIL,30-Jan-2025,2025-01-30,880.00,PE,104.10,104.10,104.10,104.10,133.80,1,7.626775,775,775,06-JAN-2025
OPTSTK,KALYANKJIL,27-Feb-2025,2025-02-27,880.00,PE,0.00,0.00,0.00,180.15,137.15,0,0.00,0,0,06-JAN-2025
OPTSTK,KALYANKJIL,30-Jan-2025,2025-01-30,660.00,CE,130.75,131.70,124.45,124.45,91.75,8,48.968375,1550,1550,06-JAN-2025
FUTSTK,KALYANKJIL,27-Mar-2025,2025-03-27,,,757.00,757.00,751.55,751.55,751.55,3,17.5510375,17050,0,06-JAN-2025
OPTSTK,KALYANKJIL,27-Mar-2025,2025-03-27,840.00,PE,0.00,0.00,0.00,135.00,110.70,0,0.00,0,0,06-JAN-2025
OPTSTK,KALYANKJIL,27-Feb-2025,2025-02-27,800.00,CE,0.00,0.00,0.00,41.90,27.40,0,0.00,0,0,06-JAN-2025
OPTSTK,KALYANKJIL,27-Feb-2025,2025-02-27,600.00,CE,0.00,0.00,0.00,140.45,153.65,0,0.00,0,0,06-JAN-2025
OPTSTK,KALYANKJIL,30-Jan-2025,2025-01-30,600.00,PE,0.75,1.60,0.75,1.50,1.50,27,125.822412,46500,-4650,06-JAN-2025
OPTSTK,KALYANKJIL,30-Jan-2025,2025-01-30,750.00,PE,14.95,34.75,13.50,33.35,33.35,952,5696.42786,198400,-68975,06-JAN-2025
OPTSTK,KALYANKJIL,30-Jan-2025,2025-01-30,750.00,CE,54.00,58.85,29.05,31.45,31.45,643,3947.69732,241025,3875,06-JAN-2025
OPTSTK,KALYANKJIL,27-Feb-2025,2025-02-27,800.00,PE,0.00,0.00,0.00,119.85,75.20,0,0.00,0,0,06-JAN-2025
OPTSTK,KALYANKJIL,27-Feb-2025,2025-02-27,700.00,CE,0.00,0.00,0.00,80.25,74.70,0,0.00,0,0,06-JAN-2025
OPTSTK,KALYANKJIL,27-Feb-2025,2025-02-27,660.00,CE,0.00,0.00,0.00,101.55,103.00,0,0.00,0,0,06-JAN-2025
OPTSTK,KALYANKJIL,27-Feb-2025,2025-02-27,680.00,PE,0.00,0.00,0.00,50.55,17.15,0,0.00,0,0,06-JAN-2025
OPTSTK,KALYANKJIL,30-Jan-2025,2025-01-30,680.00,CE,87.80,87.80,87.80,87.80,75.05,1,5.95045,2325,775,06-JAN-2025
OPTSTK,KALYANKJIL,30-Jan-2025,2025-01-30,600.00,CE,0.00,0.00,0.00,130.00,147.70,0,0.00,0,0,06-JAN-2025
OPTSTK,KALYANKJIL,30-Jan-2025,2025-01-30,730.00,CE,64.75,64.75,49.40,51.50,40.65,10,61.0595375,27900,-2325,06-JAN-2025
OPTSTK,CIPLA,27-Feb-2025,2025-02-27,1440.00,CE,0.00,0.00,0.00,132.35,93.10,0,0.00,0,0,06-JAN-2025
OPTSTK,CIPLA,27-Feb-2025,2025-02-27,1440.00,PE,22.00,31.70,22.00,29.00,29.00,7,33.3968375,4875,1625,06-JAN-2025
OPTSTK,CIPLA,27-Mar-2025,2025-03-27,1440.00,CE,0.00,0.00,0.00,130.00,109.70,0,0.00,0,0,06-JAN-2025
OPTSTK,CIPLA,30-Jan-2025,2025-01-30,1700.00,CE,2.00,2.00,1.30,1.85,1.85,244,1349.42567,133575,5525,06-JAN-2025
OPTSTK,CIPLA,30-Jan-2025,2025-01-30,1640.00,PE,0.00,0.00,0.00,105.10,144.75,0,0.00,6825,0,06-JAN-2025
OPTSTK,CIPLA,27-Feb-2025,2025-02-27,1540.00,CE,0.00,0.00,0.00,45.00,40.95,0,0.00,1300,0,06-JAN-2025
OPTSTK,CIPLA,27-Mar-2025,2025-03-27,1560.00,CE,0.00,0.00,0.00,70.75,49.55,0,0.00,0,0,06-JAN-2025
OPTSTK,CIPLA,30-Jan-2025,2025-01-30,1500.00,PE,40.50,47.40,28.85,41.55,41.55,2738,13705.3356,261300,-46150,06-JAN-2025
OPTSTK,CIPLA,27-Feb-2025,2025-02-27,1500.00,PE,44.70,58.50,44.70,53.15,53.15,93,468.62465,42250,10075,06-JAN-2025
OPTSTK,CIPLA,30-Jan-2025,2025-01-30,1380.00,PE,3.15,8.20,3.15,6.65,6.65,886,3993.78086,87750,-72800,06-JAN-2025
OPTSTK,CIPLA,27-Feb-2025,2025-02-27,1380.00,PE,0.00,0.00,0.00,24.45,12.60,0,0.00,0,0,06-JAN-2025
OPTSTK,CIPLA,27-Mar-2025,2025-03-27,1680.00,PE,0.00,0.00,0.00,193.75,182.25,0,0.00,0,0,06-JAN-2025
OPTSTK,CIPLA,30-Jan-2025,2025-01-30,1420.00,CE,0.00,0.00,0.00,107.65,88.00,0,0.00,4225,0,06-JAN-2025
OPTSTK,CIPLA,27-Feb-2025,2025-02-27,1420.00,PE,0.00,0.00,0.00,35.95,21.85,0,0.00,0,0,06-JAN-2025
OPTSTK,CIPLA,30-Jan-2025,2025-01-30,1420.00,PE,9.15,15.70,8.20,13.35,13.35,592,2755.78322,85800,12350,06-JAN-2025
OPTSTK,CIPLA,27-Feb-2025,2025-02-27,1680.00,PE,0.00,0.00,0.00,193.00,181.30,0,0.00,0,0,06-JAN-2025
OPTSTK,CIPLA,27-Feb-2025,2025-02-27,1600.00,PE,0.00,0.00,0.00,95.00,115.65,0,0.00,975,0,06-JAN-2025
OPTSTK,CIPLA,27-Feb-2025,2025-02-27,1720.00,CE,0.00,0.00,0.00,27.85,5.20,0,0.00,0,0,06-JAN-2025
OPTSTK,CIPLA,27-Feb-2025,2025-02-27,1720.00,PE,0.00,0.00,0.00,224.10,217.35,0,0.00,0,0,06-JAN-2025
OPTSTK,CIPLA,27-Mar-2025,2025-03-27,1640.00,CE,0.00,0.00,0.00,44.40,26.10,0,0.00,0,0,06-JAN-2025
OPTSTK,CIPLA,30-Jan-2025,2025-01-30,1720.00,PE,0.00,0.00,0.00,176.00,221.50,0,0.00,0,0,06-JAN-2025
OPTSTK,CIPLA,30-Jan-2025,2025-01-30,1720.00,CE,1.45,1.45,0.95,1.35,1.35,354,1980.22045,141375,33800,06-JAN-2025
OPTSTK,CIPLA,27-Mar-2025,2025-03-27,1480.00,CE,0.00,0.00,0.00,107.45,86.05,0,0.00,0,0,06-JAN-2025
OPTSTK,CIPLA,30-Jan-2025,2025-01-30,1600.00,PE,92.95,110.05,92.95,108.05,109.10,16,88.593375,65325,650,06-JAN-2025
OPTSTK,CIPLA,27-Feb-2025,2025-02-27,1600.00,CE,23.15,24.00,22.00,24.00,24.00,23,121.297637,16900,3575,06-JAN-2025
OPTSTK,CIPLA,30-Jan-2025,2025-01-30,1460.00,PE,23.25,28.75,15.05,24.65,24.65,930,4483.50175,174200,20475,06-JAN-2025
OPTSTK,CIPLA,27-Mar-2025,2025-03-27,1760.00,CE,0.00,0.00,0.00,20.30,8.50,0,0.00,0,0,06-JAN-2025
OPTSTK,CIPLA,27-Feb-2025,2025-02-27,1560.00,CE,0.00,0.00,0.00,72.70,33.80,0,0.00,0,0,06-JAN-2025
OPTSTK,CIPLA,27-Mar-2025,2025-03-27,1560.00,PE,0.00,0.00,0.00,112.05,95.25,0,0.00,0,0,06-JAN-2025
OPTSTK,CIPLA,30-Jan-2025,2025-01-30,1360.00,CE,0.00,0.00,0.00,142.00,139.95,0,0.00,325,0,06-JAN-2025
OPTSTK,CIPLA,27-Feb-2025,2025-02-27,1360.00,PE,0.00,0.00,0.00,7.70,9.30,0,0.00,1625,0,06-JAN-2025
OPTSTK,CIPLA,27-Feb-2025,2025-02-27,1360.00,CE,0.00,0.00,0.00,185.85,153.70,0,0.00,0,0,06-JAN-2025
OPTSTK,LUPIN,30-Jan-2025,2025-01-30,2500.00,PE,145.90,150.00,145.90,150.00,149.30,2,22.507575,27625,-425,06-JAN-2025
OPTSTK,ASTRAL,27-Feb-2025,2025-02-27,1760.00,CE,0.00,0.00,0.00,158.30,10.15,0,0.00,0,0,06-JAN-2025
OPTSTK,ASTRAL,30-Jan-2025,2025-01-30,1760.00,PE,141.55,141.55,140.10,140.10,197.50,5,34.877111,5505,1835,06-JAN-2025
OPTSTK,SUPREMEIND,27-Feb-2025,2025-02-27,4500.00,PE,0.00,0.00,0.00,210.05,222.85,0,0.00,0,0,06-JAN-2025
OPTSTK,SUPREMEIND,30-Jan-2025,2025-01-30,5600.00,CE,0.00,0.00,0.00,69.10,2.45,0,0.00,0,0,06-JAN-2025
OPTSTK,ASTRAL,30-Jan-2025,2025-01-30,1840.00,PE,0.00,0.00,0.00,182.65,275.70,0,0.00,2569,0,06-JAN-2025
OPTSTK,LUPIN,27-Feb-2025,2025-02-27,2200.00,PE,0.00,0.00,0.00,228.90,27.50,0,0.00,0,0,06-JAN-2025
OPTSTK,LUPIN,27-Feb-2025,2025-02-27,2200.00,CE,0.00,0.00,0.00,141.80,208.80,0,0.00,1275,0,06-JAN-2025
OPTSTK,ASTRAL,30-Jan-2025,2025-01-30,1880.00,PE,0.00,0.00,0.00,68.00,315.35,0,0.00,734,0,06-JAN-2025
OPTSTK,LUPIN,27-Mar-2025,2025-03-27,2280.00,CE,0.00,0.00,0.00,112.85,180.05,0,0.00,0,0,06-JAN-2025
OPTSTK,LUPIN,27-Mar-2025,2025-03-27,2280.00,PE,0.00,0.00,0.00,169.55,66.30,0,0.00,0,0,06-JAN-2025
OPTSTK,ASTRAL,27-Feb-2025,2025-02-27,1620.00,CE,0.00,0.00,0.00,126.30,41.20,0,0.00,0,0,06-JAN-2025
OPTSTK,SUPREMEIND,27-Feb-2025,2025-02-27,5200.00,CE,0.00,0.00,0.00,202.90,65.30,0,0.00,0,0,06-JAN-2025
OPTSTK,LUPIN,30-Jan-2025,2025-01-30,2460.00,PE,0.00,0.00,0.00,107.80,119.20,0,0.00,3825,0,06-JAN-2025
OPTSTK,SUPREMEIND,30-Jan-2025,2025-01-30,5200.00,PE,0.00,0.00,0.00,750.30,674.15,0,0.00,0,0,06-JAN-2025
OPTSTK,ASTRAL,27-Feb-2025,2025-02-27,1520.00,CE,0.00,0.00,0.00,331.10,89.20,0,0.00,0,0,06-JAN-2025
OPTSTK,LUPIN,27-Mar-2025,2025-03-27,2560.00,CE,0.00,0.00,0.00,51.00,56.90,0,0.00,425,0,06-JAN-2025
OPTSTK,LUPIN,30-Jan-2025,2025-01-30,2560.00,PE,0.00,0.00,0.00,368.15,199.30,0,0.00,0,0,06-JAN-2025
OPTSTK,LUPIN,27-Feb-2025,2025-02-27,2360.00,CE,0.00,0.00,0.00,32.95,105.85,0,0.00,0,0,06-JAN-2025
OPTSTK,ASTRAL,27-Mar-2025,2025-03-27,1600.00,PE,0.00,0.00,0.00,59.55,87.00,0,0.00,0,0,06-JAN-2025
OPTSTK,ASTRAL,30-Jan-2025,2025-01-30,1920.00,PE,0.00,0.00,0.00,167.00,355.10,0,0.00,3670,0,06-JAN-2025
OPTSTK,ASTRAL,27-Feb-2025,2025-02-27,1460.00,PE,0.00,0.00,0.00,13.30,19.60,0,0.00,0,0,06-JAN-2025
OPTSTK,ASTRAL,30-Jan-2025,2025-01-30,1460.00,PE,5.95,14.40,5.95,11.15,11.15,171,923.275479,38168,38168,06-JAN-2025
OPTSTK,ASTRAL,30-Jan-2025,2025-01-30,1460.00,CE,0.00,0.00,0.00,370.85,111.05,0,0.00,0,0,06-JAN-2025
OPTSTK,ASTRAL,30-Jan-2025,2025-01-30,1860.00,CE,2.20,4.85,1.00,1.50,0.15,11,75.1816015,15047,0,06-JAN-2025
OPTSTK,ASTRAL,30-Jan-2025,2025-01-30,1360.00,PE,3.50,3.50,3.50,3.50,0.65,10,50.04045,3670,3670,06-JAN-2025
OPTSTK,LUPIN,30-Jan-2025,2025-01-30,2080.00,CE,0.00,0.00,0.00,144.00,291.05,0,0.00,1275,0,06-JAN-2025
OPTSTK,LUPIN,27-Mar-2025,2025-03-27,2080.00,PE,0.00,0.00,0.00,74.80,17.50,0,0.00,0,0,06-JAN-2025
OPTSTK,LUPIN,27-Mar-2025,2025-03-27,2000.00,CE,0.00,0.00,0.00,267.80,398.45,0,0.00,0,0,06-JAN-2025
OPTSTK,LUPIN,27-Mar-2025,2025-03-27,2160.00,CE,0.00,0.00,0.00,168.40,263.65,0,0.00,0,0,06-JAN-2025
OPTSTK,LUPIN,27-Feb-2025,2025-02-27,2160.00,CE,0.00,0.00,0.00,78.95,240.45,0,0.00,0,0,06-JAN-2025
OPTSTK,LUPIN,27-Mar-2025,2025-03-27,2120.00,CE,0.00,0.00,0.00,190.50,295.20,0,0.00,0,0,06-JAN-2025
OPTSTK,LT,30-Jan-2025,2025-01-30,3500.00,PE,24.70,43.00,19.25,38.10,38.10,6587,34938.2724,503850,149550,06-JAN-2025
OPTSTK,LT,27-Feb-2025,2025-02-27,3650.00,PE,112.40,135.75,112.40,135.75,135.75,3,17.00085,300,150,06-JAN-2025
OPTSTK,LT,30-Jan-2025,2025-01-30,3650.00,CE,97.30,115.00,63.00,68.55,68.55,5547,31057.6337,338550,42000,06-JAN-2025
OPTSTK,DRREDDY,27-Feb-2025,2025-02-27,1450.00,CE,0.00,0.00,0.00,25.80,11.40,0,0.00,0,0,06-JAN-2025
OPTSTK,DRREDDY,30-Jan-2025,2025-01-30,1340.00,PE,24.25,33.45,21.50,27.10,27.10,1057,9044.185,187500,33750,06-JAN-2025
OPTSTK,DRREDDY,27-Mar-2025,2025-03-27,1240.00,PE,0.00,0.00,0.00,16.10,8.00,0,0.00,0,0,06-JAN-2025
OPTSTK,DRREDDY,27-Feb-2025,2025-02-27,1240.00,CE,0.00,0.00,0.00,45.15,126.55,0,0.00,0,0,06-JAN-2025
OPTSTK,LT,27-Feb-2025,2025-02-27,3550.00,PE,0.00,0.00,0.00,74.80,100.55,0,0.00,300,0,06-JAN-2025
OPTSTK,LT,27-Feb-2025,2025-02-27,4200.00,PE,0.00,0.00,0.00,542.25,568.90,0,0.00,0,0,06-JAN-2025
OPTSTK,LT,27-Feb-2025,2025-02-27,4200.00,CE,0.00,0.00,0.00,84.05,12.30,0,0.00,0,0,06-JAN-2025
OPTSTK,LT,30-Jan-2025,2025-01-30,4200.00,CE,2.90,3.15,1.75,1.85,1.85,384,2420.6199,188100,1050,06-JAN-2025
OPTSTK,DRREDDY,30-Jan-2025,2025-01-30,1240.00,CE,119.00,119.00,110.15,112.10,116.75,3,25.3828125,2500,625,06-JAN-2025
OPTSTK,DRREDDY,27-Feb-2025,2025-02-27,1270.00,CE,0.00,0.00,0.00,117.75,100.95,0,0.00,0,0,06-JAN-2025
OPTSTK,DRREDDY,27-Mar-2025,2025-03-27,1480.00,CE,0.00,0.00,0.00,29.70,14.10,0,0.00,0,0,06-JAN-2025
OPTSTK,DRREDDY,30-Jan-2025,2025-01-30,1080.00,PE,0.00,0.00,0.00,0.35,0.05,0,0.00,2500,0,06-JAN-2025
OPTSTK,LT,27-Mar-2025,2025-03-27,3400.00,PE,0.00,0.00,0.00,102.95,72.00,0,0.00,0,0,06-JAN-2025
OPTSTK,DRREDDY,30-Jan-2025,2025-01-30,1240.00,PE,4.50,6.45,4.50,5.05,5.05,178,1385.64812,109375,-7500,06-JAN-2025
OPTSTK,DRREDDY,27-Feb-2025,2025-02-27,1240.00,PE,0.00,0.00,0.00,70.85,4.35,0,0.00,0,0,06-JAN-2025
OPTSTK,DRREDDY,30-Jan-2025,2025-01-30,1270.00,CE,80.60,80.60,80.60,80.60,88.80,1,8.44125,2500,0,06-JAN-2025
OPTSTK,LT,30-Jan-2025,2025-01-30,3100.00,PE,1.50,2.90,1.50,2.55,2.55,77,358.3434,28050,900,06-JAN-2025
OPTSTK,LT,30-Jan-2025,2025-01-30,3100.00,CE,0.00,0.00,0.00,561.40,517.70,0,0.00,4050,0,06-JAN-2025
OPTSTK,LT,27-Mar-2025,2025-03-27,4400.00,PE,0.00,0.00,0.00,733.10,745.90,0,0.00,0,0,06-JAN-2025
OPTSTK,LT,27-Mar-2025,2025-03-27,4400.00,CE,0.00,0.00,0.00,42.05,13.70,0,0.00,0,0,06-JAN-2025
OPTSTK,LT,27-Mar-2025,2025-03-27,4000.00,PE,0.00,0.00,0.00,415.10,400.10,0,0.00,0,0,06-JAN-2025
OPTSTK,DRREDDY,27-Feb-2025,2025-02-27,1360.00,PE,0.00,0.00,0.00,157.10,37.75,0,0.00,0,0,06-JAN-2025
OPTSTK,DRREDDY,27-Feb-2025,2025-02-27,1300.00,PE,25.00,26.00,25.00,26.00,15.00,5,41.43125,6250,3125,06-JAN-2025
OPTSTK,DRREDDY,27-Mar-2025,2025-03-27,1300.00,CE,0.00,0.00,0.00,110.40,90.20,0,0.00,0,0,06-JAN-2025
OPTSTK,LT,27-Feb-2025,2025-02-27,3600.00,PE,82.00,116.60,82.00,112.55,112.55,46,255.990225,30750,2850,06-JAN-2025
OPTSTK,LT,30-Jan-2025,2025-01-30,4300.00,CE,1.80,2.10,1.50,1.50,1.50,35,225.838875,57150,-300,06-JAN-2025
OPTSTK,DRREDDY,27-Feb-2025,2025-02-27,1270.00,PE,0.00,0.00,0.00,16.70,8.45,0,0.00,0,0,06-JAN-2025
OPTSTK,DRREDDY,30-Jan-2025,2025-01-30,1270.00,PE,7.10,10.80,6.65,8.70,8.70,174,1391.13937,60000,-10625,06-JAN-2025
OPTSTK,LT,30-Jan-2025,2025-01-30,4050.00,PE,0.00,0.00,0.00,339.00,433.75,0,0.00,150,0,06-JAN-2025
OPTSTK,IPCALAB,27-Feb-2025,2025-02-27,2000.00,CE,0.00,0.00,0.00,6.35,7.50,0,0.00,0,0,06-JAN-2025
OPTSTK,IPCALAB,27-Feb-2025,2025-02-27,1540.00,PE,0.00,0.00,0.00,18.00,10.35,0,0.00,650,0,06-JAN-2025
OPTSTK,IPCALAB,30-Jan-2025,2025-01-30,1500.00,CE,210.00,210.00,210.00,210.00,226.60,1,11.115,1300,0,06-JAN-2025
OPTSTK,IPCALAB,27-Feb-2025,2025-02-27,1500.00,PE,0.00,0.00,0.00,38.80,5.95,0,0.00,0,0,06-JAN-2025
OPTSTK,IPCALAB,30-Jan-2025,2025-01-30,1340.00,PE,0.00,0.00,0.00,0.75,0.05,0,0.00,19500,0,06-JAN-2025
OPTSTK,IPCALAB,30-Jan-2025,2025-01-30,1520.00,CE,0.00,0.00,0.00,154.90,207.30,0,0.00,0,0,06-JAN-2025
OPTSTK,IPCALAB,27-Feb-2025,2025-02-27,1480.00,PE,0.00,0.00,0.00,68.75,4.40,0,0.00,0,0,06-JAN-2025
OPTSTK,IPCALAB,30-Jan-2025,2025-01-30,1400.00,CE,0.00,0.00,0.00,238.40,325.25,0,0.00,0,0,06-JAN-2025
OPTSTK,IPCALAB,27-Feb-2025,2025-02-27,1800.00,CE,0.00,0.00,0.00,47.35,44.90,0,0.00,1300,0,06-JAN-2025
OPTSTK,IPCALAB,30-Jan-2025,2025-01-30,1820.00,PE,0.00,0.00,0.00,294.85,109.30,0,0.00,0,0,06-JAN-2025
OPTSTK,IPCALAB,27-Feb-2025,2025-02-27,1820.00,PE,0.00,0.00,0.00,226.85,122.05,0,0.00,0,0,06-JAN-2025
OPTSTK,IPCALAB,30-Jan-2025,2025-01-30,1900.00,PE,0.00,0.00,0.00,368.55,177.65,0,0.00,0,0,06-JAN-2025
OPTSTK,IPCALAB,27-Feb-2025,2025-02-27,1900.00,PE,0.00,0.00,0.00,295.15,182.45,0,0.00,0,0,06-JAN-2025
OPTSTK,IPCALAB,30-Jan-2025,2025-01-30,1760.00,PE,61.00,68.10,61.00,65.90,65.90,5,59.24685,2600,650,06-JAN-2025
OPTSTK,IPCALAB,27-Feb-2025,2025-02-27,1680.00,CE,0.00,0.00,0.00,47.85,100.85,0,0.00,0,0,06-JAN-2025
OPTSTK,IPCALAB,30-Jan-2025,2025-01-30,1820.00,CE,17.35,19.70,14.85,18.10,18.10,31,370.066775,53300,1950,06-JAN-2025
OPTSTK,IPCALAB,30-Jan-2025,2025-01-30,1600.00,CE,122.00,130.00,118.85,130.00,134.35,7,78.437775,177450,-1950,06-JAN-2025
OPTSTK,IPCALAB,30-Jan-2025,2025-01-30,1600.00,PE,7.00,11.65,6.90,9.80,9.80,241,2522.04777,91650,-29900,06-JAN-2025
OPTSTK,IPCALAB,27-Feb-2025,2025-02-27,1960.00,CE,0.00,0.00,0.00,8.35,11.20,0,0.00,0,0,06-JAN-2025
OPTSTK,IPCALAB,30-Jan-2025,2025-01-30,1320.00,PE,0.00,0.00,0.00,0.85,0.05,0,0.00,7800,0,06-JAN-2025
OPTSTK,BALKRISIND,27-Feb-2025,2025-02-27,3160.00,CE,0.00,0.00,0.00,62.30,15.60,0,0.00,0,0,06-JAN-2025
OPTSTK,BALKRISIND,30-Jan-2025,2025-01-30,2950.00,CE,41.05,41.05,21.30,22.65,22.65,109,974.415,17700,-2400,06-JAN-2025
OPTSTK,BALKRISIND,30-Jan-2025,2025-01-30,2950.00,PE,0.00,0.00,0.00,109.65,230.85,0,0.00,300,0,06-JAN-2025
OPTSTK,BALKRISIND,27-Feb-2025,2025-02-27,2980.00,PE,0.00,0.00,0.00,231.35,270.25,0,0.00,0,0,06-JAN-2025
OPTSTK,SUNPHARMA,27-Feb-2025,2025-02-27,1700.00,PE,0.00,0.00,0.00,13.50,5.20,0,0.00,0,0,06-JAN-2025
OPTSTK,BALKRISIND,30-Jan-2025,2025-01-30,2680.00,PE,0.00,0.00,0.00,53.50,55.65,0,0.00,0,0,06-JAN-2025
OPTSTK,BALKRISIND,27-Mar-2025,2025-03-27,2680.00,CE,0.00,0.00,0.00,300.45,190.55,0,0.00,0,0,06-JAN-2025
OPTSTK,BALKRISIND,30-Jan-2025,2025-01-30,2860.00,PE,0.00,0.00,0.00,129.20,159.30,0,0.00,0,0,06-JAN-2025
OPTSTK,BALKRISIND,27-Feb-2025,2025-02-27,2900.00,PE,0.00,0.00,0.00,268.85,211.15,0,0.00,0,0,06-JAN-2025
OPTSTK,BALKRISIND,30-Jan-2025,2025-01-30,2660.00,CE,0.00,0.00,0.00,231.00,122.90,0,0.00,0,0,06-JAN-2025
OPTSTK,SUNPHARMA,30-Jan-2025,2025-01-30,2060.00,PE,0.00,0.00,0.00,303.25,203.90,0,0.00,0,0,06-JAN-2025
OPTSTK,BALKRISIND,30-Jan-2025,2025-01-30,2740.00,PE,0.00,0.00,0.00,45.90,83.45,0,0.00,3000,0,06-JAN-2025
OPTSTK,BALKRISIND,30-Jan-2025,2025-01-30,2740.00,CE,0.00,0.00,0.00,177.90,78.75,0,0.00,0,0,06-JAN-2025
OPTSTK,SUNPHARMA,27-Feb-2025,2025-02-27,1660.00,CE,0.00,0.00,0.00,210.15,205.65,0,0.00,0,0,06-JAN-2025
OPTSTK,SUNPHARMA,30-Jan-2025,2025-01-30,1660.00,CE,0.00,0.00,0.00,121.75,195.00,0,0.00,0,0,06-JAN-2025
OPTSTK,BALKRISIND,27-Mar-2025,2025-03-27,2680.00,PE,0.00,0.00,0.00,107.35,108.00,0,0.00,0,0,06-JAN-2025
OPTSTK,BALKRISIND,27-Feb-2025,2025-02-27,2860.00,CE,0.00,0.00,0.00,162.65,74.65,0,0.00,0,0,06-JAN-2025
OPTSTK,BALKRISIND,27-Feb-2025,2025-02-27,2360.00,PE,0.00,0.00,0.00,15.70,10.35,0,0.00,0,0,06-JAN-2025
OPTSTK,SUNPHARMA,27-Feb-2025,2025-02-27,1800.00,PE,30.00,30.00,30.00,30.00,24.50,1,6.405,1050,350,06-JAN-2025
OPTSTK,BALKRISIND,27-Feb-2025,2025-02-27,2660.00,CE,0.00,0.00,0.00,275.15,166.90,0,0.00,0,0,06-JAN-2025
OPTSTK,SUNPHARMA,27-Feb-2025,2025-02-27,1780.00,PE,0.00,0.00,0.00,32.60,18.75,0,0.00,0,0,06-JAN-2025
OPTSTK,SUNPHARMA,27-Feb-2025,2025-02-27,1920.00,CE,0.00,0.00,0.00,27.25,29.30,0,0.00,0,0,06-JAN-2025
OPTSTK,SUNPHARMA,30-Jan-2025,2025-01-30,1760.00,PE,6.80,10.10,4.90,7.65,7.65,608,3762.04027,98000,-3150,06-JAN-2025
OPTSTK,SUNPHARMA,30-Jan-2025,2025-01-30,1760.00,CE,0.00,0.00,0.00,107.50,100.80,0,0.00,43050,0,06-JAN-2025
OPTSTK,SUNPHARMA,27-Mar-2025,2025-03-27,1760.00,CE,0.00,0.00,0.00,148.00,134.05,0,0.00,0,0,06-JAN-2025
OPTSTK,SUNPHARMA,30-Jan-2025,2025-01-30,2000.00,PE,153.80,155.00,152.00,152.00,145.90,9,67.85065,67200,-350,06-JAN-2025
OPTSTK,SUNPHARMA,30-Jan-2025,2025-01-30,1740.00,PE,5.70,7.10,3.35,5.45,5.45,558,3409.22505,139650,-1750,06-JAN-2025
OPTSTK,SUNPHARMA,30-Jan-2025,2025-01-30,1880.00,CE,22.50,24.65,16.55,23.65,23.65,1823,12132.2178,411600,-3500,06-JAN-2025
OPTSTK,BALKRISIND,30-Jan-2025,2025-01-30,3400.00,CE,1.00,1.75,0.85,1.25,0.10,39,397.9425,55800,-5400,06-JAN-2025
OPTSTK,SUNPHARMA,27-Feb-2025,2025-02-27,1640.00,PE,0.00,0.00,0.00,29.10,1.50,0,0.00,0,0,06-JAN-2025
OPTSTK,SUNPHARMA,30-Jan-2025,2025-01-30,1880.00,PE,46.30,59.90,38.95,48.60,48.60,465,3141.8583,246750,-28000,06-JAN-2025
OPTSTK,CYIENT,30-Jan-2025,2025-01-30,1660.00,CE,0.00,0.00,0.00,258.00,117.80,0,0.00,0,0,06-JAN-2025
OPTSTK,ICICIPRULI,27-Mar-2025,2025-03-27,600.00,PE,0.00,0.00,0.00,11.80,7.35,0,0.00,0,0,06-JAN-2025
OPTSTK,CYIENT,30-Jan-2025,2025-01-30,1620.00,PE,19.00,23.45,18.20,23.45,13.35,28,137.7261,5100,4200,06-JAN-2025
OPTSTK,CYIENT,27-Feb-2025,2025-02-27,1620.00,CE,0.00,0.00,0.00,347.95,174.70,0,0.00,0,0,06-JAN-2025
OPTSTK,ICICIPRULI,30-Jan-2025,2025-01-30,750.00,CE,3.15,3.50,1.45,1.65,1.65,321,1810.476,95250,9750,06-JAN-2025
OPTSTK,CYIENT,27-Feb-2025,2025-02-27,1920.00,PE,0.00,0.00,0.00,165.65,188.05,0,0.00,0,0,06-JAN-2025
OPTSTK,CYIENT,30-Jan-2025,2025-01-30,1920.00,PE,0.00,0.00,0.00,146.45,175.35,0,0.00,0,0,06-JAN-2025
OPTSTK,CYIENT,30-Jan-2025,2025-01-30,1840.00,PE,109.00,132.30,109.00,132.30,111.85,10,58.8927,6300,-300,06-JAN-2025
OPTSTK,CYIENT,27-Feb-2025,2025-02-27,2000.00,PE,0.00,0.00,0.00,213.40,252.55,0,0.00,0,0,06-JAN-2025
OPTSTK,CYIENT,27-Mar-2025,2025-03-27,2160.00,CE,0.00,0.00,0.00,83.05,14.90,0,0.00,0,0,06-JAN-2025
OPTSTK,CYIENT,27-Feb-2025,2025-02-27,2160.00,CE,0.00,0.00,0.00,62.40,5.60,0,0.00,0,0,06-JAN-2025
OPTSTK,ICICIPRULI,30-Jan-2025,2025-01-30,580.00,CE,0.00,0.00,0.00,95.00,84.80,0,0.00,0,0,06-JAN-2025
OPTSTK,ICICIPRULI,27-Mar-2025,2025-03-27,580.00,PE,0.00,0.00,0.00,7.80,4.20,0,0.00,0,0,06-JAN-2025
OPTSTK,ICICIPRULI,30-Jan-2025,2025-01-30,540.00,PE,0.00,0.00,0.00,0.50,0.05,0,0.00,99750,0,06-JAN-2025
OPTSTK,CYIENT,27-Mar-2025,2025-03-27,1680.00,PE,0.00,0.00,0.00,44.50,65.90,0,0.00,0,0,06-JAN-2025
OPTSTK,CYIENT,27-Feb-2025,2025-02-27,2080.00,PE,0.00,0.00,0.00,266.95,322.75,0,0.00,0,0,06-JAN-2025
FUTSTK,ICICIPRULI,27-Feb-2025,2025-02-27,,,685.00,686.30,663.85,667.40,667.40,65,328.3965,142500,3000,06-JAN-2025
OPTSTK,ICICIPRULI,27-Mar-2025,2025-03-27,800.00,CE,0.00,0.00,0.00,8.95,3.05,0,0.00,0,0,06-JAN-2025
OPTSTK,CYIENT,27-Feb-2025,2025-02-27,2040.00,CE,0.00,0.00,0.00,94.10,14.70,0,0.00,0,0,06-JAN-2025
OPTSTK,ICICIPRULI,27-Mar-2025,2025-03-27,580.00,CE,0.00,0.00,0.00,106.40,94.65,0,0.00,0,0,06-JAN-2025
OPTSTK,CYIENT,30-Jan-2025,2025-01-30,1560.00,PE,0.00,0.00,0.00,19.35,5.35,0,0.00,0,0,06-JAN-2025
OPTSTK,CYIENT,27-Feb-2025,2025-02-27,1960.00,CE,0.00,0.00,0.00,121.90,26.30,0,0.00,0,0,06-JAN-2025
OPTSTK,CYIENT,30-Jan-2025,2025-01-30,1980.00,PE,0.00,0.00,0.00,182.95,228.90,0,0.00,0,0,06-JAN-2025
OPTSTK,CYIENT,27-Feb-2025,2025-02-27,1980.00,PE,0.00,0.00,0.00,142.85,235.80,0,0.00,0,0,06-JAN-2025
OPTSTK,CYIENT,27-Feb-2025,2025-02-27,2040.00,PE,0.00,0.00,0.00,239.50,287.05,0,0.00,0,0,06-JAN-2025
OPTSTK,CYIENT,30-Jan-2025,2025-01-30,2040.00,CE,0.00,0.00,0.00,10.50,2.60,0,0.00,8700,0,06-JAN-2025
FUTSTK,ICICIPRULI,27-Mar-2025,2025-03-27,,,0.00,0.00,0.00,683.25,671.75,0,0.00,3750,0,06-JAN-2025
OPTSTK,ICICIPRULI,27-Mar-2025,2025-03-27,520.00,PE,0.00,0.00,0.00,1.65,0.45,0,0.00,0,0,06-JAN-2025
OPTSTK,CYIENT,27-Feb-2025,2025-02-27,1980.00,CE,0.00,0.00,0.00,116.00,22.85,0,0.00,0,0,06-JAN-2025
OPTSTK,CYIENT,30-Jan-2025,2025-01-30,1980.00,CE,11.50,11.50,9.50,9.50,5.75,6,35.83245,2700,600,06-JAN-2025
OPTSTK,ICICIPRULI,27-Mar-2025,2025-03-27,800.00,PE,0.00,0.00,0.00,126.40,129.40,0,0.00,0,0,06-JAN-2025
OPTSTK,CYIENT,27-Feb-2025,2025-02-27,1760.00,CE,0.00,0.00,0.00,218.95,90.10,0,0.00,0,0,06-JAN-2025
OPTSTK,PAYTM,27-Feb-2025,2025-02-27,940.00,PE,0.00,0.00,0.00,76.65,63.40,0,0.00,0,0,06-JAN-2025
OPTSTK,PAYTM,30-Jan-2025,2025-01-30,940.00,PE,21.20,30.80,17.55,28.55,28.55,516,3232.65377,473200,26650,06-JAN-2025
OPTSTK,HCLTECH,27-Feb-2025,2025-02-27,1640.00,PE,0.00,0.00,0.00,19.65,0.70,0,0.00,0,0,06-JAN-2025
OPTSTK,HCLTECH,27-Feb-2025,2025-02-27,1840.00,PE,0.00,0.00,0.00,81.85,17.85,0,0.00,0,0,06-JAN-2025
OPTSTK,PAYTM,27-Feb-2025,2025-02-27,920.00,CE,0.00,0.00,0.00,140.50,112.35,0,0.00,0,0,06-JAN-2025
OPTSTK,PAYTM,30-Jan-2025,2025-01-30,820.00,PE,2.25,4.15,2.20,4.00,4.00,84,449.258875,61100,-9750,06-JAN-2025
OPTSTK,PAYTM,30-Jan-2025,2025-01-30,1180.00,PE,0.00,0.00,0.00,171.65,212.45,0,0.00,20150,0,06-JAN-2025
OPTSTK,PAYTM,30-Jan-2025,2025-01-30,1140.00,CE,6.15,7.00,4.35,4.60,4.60,448,3336.44967,248300,3250,06-JAN-2025
OPTSTK,HCLTECH,30-Jan-2025,2025-01-30,1780.00,CE,0.00,0.00,0.00,155.20,182.75,0,0.00,5250,0,06-JAN-2025
OPTSTK,HCLTECH,30-Jan-2025,2025-01-30,2060.00,PE,130.30,141.00,130.30,141.00,109.95,3,23.0489,1400,350,06-JAN-2025
OPTSTK,PAYTM,30-Jan-2025,2025-01-30,1180.00,CE,3.70,4.00,2.75,2.75,2.75,142,1092.07507,147550,24700,06-JAN-2025
OPTSTK,HCLTECH,30-Jan-2025,2025-01-30,2200.00,PE,0.00,0.00,0.00,401.45,238.15,0,0.00,0,0,06-JAN-2025
OPTSTK,PAYTM,27-Mar-2025,2025-03-27,880.00,CE,0.00,0.00,0.00,208.10,156.30,0,0.00,0,0,06-JAN-2025
OPTSTK,HCLTECH,30-Jan-2025,2025-01-30,1840.00,PE,14.70,19.95,11.60,17.00,17.00,621,4033.9495,134050,26950,06-JAN-2025
OPTSTK,HCLTECH,30-Jan-2025,2025-01-30,1840.00,CE,132.00,132.00,109.70,109.70,128.10,12,82.2164,29750,-350,06-JAN-2025
OPTSTK,HCLTECH,27-Feb-2025,2025-02-27,1700.00,CE,0.00,0.00,0.00,234.50,271.55,0,0.00,0,0,06-JAN-2025
OPTSTK,HCLTECH,30-Jan-2025,2025-01-30,1720.00,PE,2.95,4.35,2.75,4.00,4.00,229,1381.62885,71050,9100,06-JAN-2025
OPTSTK,HCLTECH,27-Feb-2025,2025-02-27,1720.00,PE,0.00,0.00,0.00,37.65,3.20,0,0.00,0,0,06-JAN-2025
OPTSTK,PAYTM,27-Feb-2025,2025-02-27,1060.00,PE,0.00,0.00,0.00,140.05,132.40,0,0.00,0,0,06-JAN-2025
OPTSTK,HCLTECH,27-Mar-2025,2025-03-27,1880.00,PE,0.00,0.00,0.00,73.05,38.10,0,0.00,0,0,06-JAN-2025
OPTSTK,HCLTECH,30-Jan-2025,2025-01-30,1640.00,CE,0.00,0.00,0.00,187.40,320.35,0,0.00,0,0,06-JAN-2025
OPTSTK,HCLTECH,30-Jan-2025,2025-01-30,2100.00,PE,179.30,179.30,161.25,166.50,166.50,7,55.509825,11900,1400,06-JAN-2025
OPTSTK,HCLTECH,27-Feb-2025,2025-02-27,2100.00,PE,0.00,0.00,0.00,199.10,148.65,0,0.00,0,0,06-JAN-2025
OPTSTK,PAYTM,27-Mar-2025,2025-03-27,1000.00,PE,0.00,0.00,0.00,125.50,111.55,0,0.00,0,0,06-JAN-2025
OPTSTK,HCLTECH,27-Mar-2025,2025-03-27,2240.00,PE,0.00,0.00,0.00,316.75,266.50,0,0.00,0,0,06-JAN-2025
OPTSTK,PAYTM,27-Mar-2025,2025-03-27,960.00,CE,0.00,0.00,0.00,164.70,113.15,0,0.00,0,0,06-JAN-2025
OPTSTK,PAYTM,30-Jan-2025,2025-01-30,960.00,PE,28.20,39.15,23.70,36.60,36.60,813,5240.1362,501800,26650,06-JAN-2025
OPTSTK,HCLTECH,27-Feb-2025,2025-02-27,1960.00,PE,0.00,0.00,0.00,148.45,58.95,0,0.00,0,0,06-JAN-2025
OPTSTK,HCLTECH,27-Feb-2025,2025-02-27,1680.00,CE,0.00,0.00,0.00,218.75,290.70,0,0.00,0,0,06-JAN-2025
OPTSTK,PAYTM,27-Feb-2025,2025-02-27,900.00,PE,0.00,0.00,0.00,60.05,46.40,0,0.00,0,0,06-JAN-2025
OPTSTK,HCLTECH,27-Feb-2025,2025-02-27,1820.00,PE,0.00,0.00,0.00,39.05,13.95,0,0.00,0,0,06-JAN-2025
OPTSTK,HCLTECH,30-Jan-2025,2025-01-30,1820.00,PE,11.40,15.70,8.90,13.25,13.25,321,2058.96547,117250,4200,06-JAN-2025
OPTSTK,PIDILITIND,27-Mar-2025,2025-03-27,2680.00,PE,0.00,0.00,0.00,36.35,24.70,0,0.00,0,0,06-JAN-2025
OPTSTK,PIDILITIND,30-Jan-2025,2025-01-30,2860.00,CE,90.10,101.10,82.70,101.10,87.50,6,44.270125,11000,0,06-JAN-2025
OPTSTK,PIDILITIND,30-Jan-2025,2025-01-30,2900.00,PE,51.70,84.75,51.15,74.45,74.45,304,2260.23625,54000,-2250,06-JAN-2025
OPTSTK,PIDILITIND,27-Feb-2025,2025-02-27,3000.00,PE,0.00,0.00,0.00,103.60,134.85,0,0.00,0,0,06-JAN-2025
OPTSTK,PIDILITIND,27-Mar-2025,2025-03-27,3000.00,PE,0.00,0.00,0.00,152.00,146.40,0,0.00,0,0,06-JAN-2025
OPTSTK,PIDILITIND,30-Jan-2025,2025-01-30,2660.00,CE,0.00,0.00,0.00,427.10,249.40,0,0.00,0,0,06-JAN-2025
OPTSTK,PIDILITIND,30-Jan-2025,2025-01-30,2740.00,CE,0.00,0.00,0.00,356.70,176.80,0,0.00,0,0,06-JAN-2025
OPTSTK,PIDILITIND,30-Jan-2025,2025-01-30,2740.00,PE,17.25,23.90,16.10,20.55,9.90,29,200.14225,15500,2000,06-JAN-2025
OPTSTK,PIDILITIND,27-Mar-2025,2025-03-27,3200.00,CE,0.00,0.00,0.00,67.90,30.50,0,0.00,0,0,06-JAN-2025
OPTSTK,PIDILITIND,27-Feb-2025,2025-02-27,2820.00,CE,0.00,0.00,0.00,205.95,148.70,0,0.00,0,0,06-JAN-2025
OPTSTK,PIDILITIND,30-Jan-2025,2025-01-30,2680.00,CE,0.00,0.00,0.00,526.35,230.60,0,0.00,0,0,06-JAN-2025
OPTSTK,PIDILITIND,27-Feb-2025,2025-02-27,3000.00,CE,0.00,0.00,0.00,65.00,58.30,0,0.00,250,0,06-JAN-2025
OPTSTK,PIDILITIND,30-Jan-2025,2025-01-30,3000.00,PE,120.15,145.05,120.15,143.40,118.80,9,70.67375,56500,-500,06-JAN-2025
OPTSTK,PIDILITIND,27-Mar-2025,2025-03-27,3440.00,CE,0.00,0.00,0.00,24.70,6.65,0,0.00,0,0,06-JAN-2025
OPTSTK,PIDILITIND,27-Mar-2025,2025-03-27,2720.00,PE,0.00,0.00,0.00,45.20,32.80,0,0.00,0,0,06-JAN-2025
OPTSTK,PIDILITIND,27-Feb-2025,2025-02-27,3180.00,CE,0.00,0.00,0.00,47.65,16.90,0,0.00,0,0,06-JAN-2025
OPTSTK,PIDILITIND,30-Jan-2025,2025-01-30,3180.00,CE,0.00,0.00,0.00,84.35,3.05,0,0.00,0,0,06-JAN-2025
OPTSTK,PIDILITIND,27-Feb-2025,2025-02-27,2720.00,CE,0.00,0.00,0.00,399.25,221.95,0,0.00,0,0,06-JAN-2025
OPTSTK,PIDILITIND,30-Jan-2025,2025-01-30,3240.00,CE,5.05,5.15,3.40,3.50,1.25,93,754.18525,20750,-5500,06-JAN-2025
OPTSTK,PIDILITIND,27-Feb-2025,2025-02-27,3240.00,CE,0.00,0.00,0.00,94.15,10.45,0,0.00,0,0,06-JAN-2025
OPTSTK,PIDILITIND,30-Jan-2025,2025-01-30,2520.00,CE,0.00,0.00,0.00,674.80,386.05,0,0.00,0,0,06-JAN-2025
OPTSTK,PIDILITIND,30-Jan-2025,2025-01-30,2520.00,PE,2.95,3.15,2.95,3.15,3.15,2,12.61525,5750,500,06-JAN-2025
OPTSTK,PIDILITIND,27-Feb-2025,2025-02-27,3020.00,PE,0.00,0.00,0.00,148.05,147.90,0,0.00,0,0,06-JAN-2025
OPTSTK,PIDILITIND,27-Feb-2025,2025-02-27,3140.00,PE,0.00,0.00,0.00,225.85,238.05,0,0.00,0,0,06-JAN-2025
OPTSTK,PIDILITIND,27-Feb-2025,2025-02-27,3140.00,CE,0.00,0.00,0.00,57.65,22.85,0,0.00,0,0,06-JAN-2025
OPTSTK,PIDILITIND,27-Mar-2025,2025-03-27,3440.00,PE,0.00,0.00,0.00,470.15,501.35,0,0.00,0,0,06-JAN-2025
FUTSTK,PIDILITIND,27-Mar-2025,2025-03-27,,,2932.00,2932.00,2932.00,2932.00,2937.90,1,7.33,3000,250,06-JAN-2025
OPTSTK,PIDILITIND,27-Feb-2025,2025-02-27,2780.00,CE,0.00,0.00,0.00,233.65,176.25,0,0.00,0,0,06-JAN-2025
OPTSTK,PIDILITIND,30-Jan-2025,2025-01-30,2700.00,PE,8.50,16.65,8.50,14.90,14.90,121,821.017375,38750,7000,06-JAN-2025
OPTSTK,PIDILITIND,27-Feb-2025,2025-02-27,2660.00,PE,0.00,0.00,0.00,21.00,12.00,0,0.00,0,0,06-JAN-2025
OPTSTK,PIDILITIND,27-Feb-2025,2025-02-27,2640.00,PE,0.00,0.00,0.00,15.85,9.80,0,0.00,0,0,06-JAN-2025
OPTSTK,SRF,30-Jan-2025,2025-01-30,2320.00,CE,50.80,55.80,38.75,44.30,44.30,433,3844.206,39000,15000,06-JAN-2025
OPTSTK,AXISBANK,27-Feb-2025,2025-02-27,880.00,PE,0.00,0.00,0.00,1.85,0.40,0,0.00,0,0,06-JAN-2025
OPTSTK,JSL,27-Feb-2025,2025-02-27,730.00,PE,0.00,0.00,0.00,49.55,76.70,0,0.00,0,0,06-JAN-2025
OPTSTK,JSL,27-Feb-2025,2025-02-27,730.00,CE,0.00,0.00,0.00,62.55,17.85,0,0.00,0,0,06-JAN-2025
OPTSTK,SRF,30-Jan-2025,2025-01-30,2340.00,CE,42.10,47.05,31.75,37.45,37.45,624,5571.01875,50625,6375,06-JAN-2025
OPTSTK,SRF,30-Jan-2025,2025-01-30,2340.00,PE,93.30,96.20,91.80,94.05,88.80,7,63.8878125,3750,1125,06-JAN-2025
OPTSTK,SRF,27-Mar-2025,2025-03-27,2440.00,PE,0.00,0.00,0.00,217.55,184.35,0,0.00,0,0,06-JAN-2025
FUTSTK,AXISBANK,30-Jan-2025,2025-01-30,,,1086.05,1094.70,1063.70,1068.00,1068.00,21016,141358.282,74644375,-960625,06-JAN-2025
FUTSTK,JSL,30-Jan-2025,2025-01-30,,,686.65,686.65,660.80,664.30,664.30,1233,6401.95376,2535800,142600,06-JAN-2025
OPTSTK,AXISBANK,30-Jan-2025,2025-01-30,920.00,PE,0.35,1.05,0.35,0.85,0.85,134,771.105,186250,25625,06-JAN-2025
OPTSTK,AXISBANK,27-Feb-2025,2025-02-27,920.00,PE,0.00,0.00,0.00,3.95,1.60,0,0.00,0,0,06-JAN-2025
OPTSTK,SRF,27-Feb-2025,2025-02-27,2360.00,CE,0.00,0.00,0.00,117.10,60.35,0,0.00,0,0,06-JAN-2025
OPTSTK,AXISBANK,30-Jan-2025,2025-01-30,940.00,PE,0.50,1.85,0.50,1.55,1.55,475,2794.78,538750,-5625,06-JAN-2025
OPTSTK,SRF,30-Jan-2025,2025-01-30,2300.00,CE,63.05,66.95,46.55,54.25,54.25,2672,23624.8211,299625,35250,06-JAN-2025
OPTSTK,SRF,27-Feb-2025,2025-02-27,2300.00,PE,0.00,0.00,0.00,85.00,86.25,0,0.00,1875,0,06-JAN-2025
OPTSTK,SRF,30-Jan-2025,2025-01-30,2300.00,PE,65.50,77.80,53.05,74.20,74.20,623,5525.22375,100875,-12375,06-JAN-2025
OPTSTK,SRF,27-Feb-2025,2025-02-27,2280.00,PE,0.00,0.00,0.00,78.05,76.30,0,0.00,3750,0,06-JAN-2025
OPTSTK,SRF,27-Mar-2025,2025-03-27,2280.00,CE,0.00,0.00,0.00,147.95,122.00,0,0.00,0,0,06-JAN-2025
OPTSTK,SRF,30-Jan-2025,2025-01-30,2220.00,CE,101.40,107.65,93.80,99.75,99.75,15,130.484437,25125,-375,06-JAN-2025
OPTSTK,SRF,27-Feb-2025,2025-02-27,2220.00,PE,0.00,0.00,0.00,80.45,50.90,0,0.00,0,0,06-JAN-2025
OPTSTK,SRF,30-Jan-2025,2025-01-30,2220.00,PE,28.95,43.30,23.90,41.35,41.35,245,2069.78343,39375,-11625,06-JAN-2025
OPTSTK,JSL,30-Jan-2025,2025-01-30,590.00,CE,0.00,0.00,0.00,126.20,80.05,0,0.00,0,0,06-JAN-2025
OPTSTK,SRF,27-Feb-2025,2025-02-27,2020.00,PE,0.00,0.00,0.00,22.45,7.90,0,0.00,0,0,06-JAN-2025
OPTSTK,SRF,27-Feb-2025,2025-02-27,2380.00,PE,0.00,0.00,0.00,165.20,133.10,0,0.00,0,0,06-JAN-2025
OPTSTK,JSL,27-Feb-2025,2025-02-27,650.00,CE,0.00,0.00,0.00,111.05,49.40,0,0.00,0,0,06-JAN-2025
OPTSTK,AXISBANK,30-Jan-2025,2025-01-30,1220.00,PE,0.00,0.00,0.00,135.00,151.55,0,0.00,1875,0,06-JAN-2025
OPTSTK,AXISBANK,27-Feb-2025,2025-02-27,1220.00,CE,0.00,0.00,0.00,5.30,3.60,0,0.00,0,0,06-JAN-2025
OPTSTK,AXISBANK,27-Feb-2025,2025-02-27,1220.00,PE,0.00,0.00,0.00,105.70,148.55,0,0.00,0,0,06-JAN-2025
OPTSTK,AXISBANK,30-Jan-2025,2025-01-30,920.00,CE,0.00,0.00,0.00,259.10,147.60,0,0.00,0,0,06-JAN-2025
OPTSTK,JSL,30-Jan-2025,2025-01-30,820.00,CE,0.00,0.00,0.00,1.10,0.55,0,0.00,30225,0,06-JAN-2025
OPTSTK,SRF,27-Feb-2025,2025-02-27,1960.00,PE,0.00,0.00,0.00,25.60,3.75,0,0.00,0,0,06-JAN-2025
OPTSTK,SRF,30-Jan-2025,2025-01-30,1960.00,PE,0.00,0.00,0.00,3.90,0.35,0,0.00,8625,0,06-JAN-2025
OPTSTK,JSL,27-Feb-2025,2025-02-27,670.00,PE,0.00,0.00,0.00,24.95,38.65,0,0.00,0,0,06-JAN-2025
OPTSTK,LTIM,30-Jan-2025,2025-01-30,5650.00,CE,311.20,326.75,237.20,242.40,242.40,34,301.8123,17850,-450,06-JAN-2025
OPTSTK,LTIM,30-Jan-2025,2025-01-30,4900.00,CE,0.00,0.00,0.00,962.10,854.55,0,0.00,0,0,06-JAN-2025
OPTSTK,LTIM,27-Feb-2025,2025-02-27,6000.00,CE,0.00,0.00,0.00,537.15,153.40,0,0.00,0,0,06-JAN-2025
OPTSTK,LTIM,27-Mar-2025,2025-03-27,4800.00,PE,0.00,0.00,0.00,50.65,21.10,0,0.00,0,0,06-JAN-2025
OPTSTK,LTIM,27-Feb-2025,2025-02-27,4800.00,PE,0.00,0.00,0.00,17.90,8.25,0,0.00,0,0,06-JAN-2025
OPTSTK,LTIM,30-Jan-2025,2025-01-30,6750.00,CE,0.00,0.00,0.00,4.00,2.00,0,0.00,300,0,06-JAN-2025
OPTSTK,LTIM,30-Jan-2025,2025-01-30,5500.00,PE,58.50,97.00,50.80,95.05,95.05,746,6237.35205,84750,3900,06-JAN-2025
OPTSTK,LTIM,27-Feb-2025,2025-02-27,5300.00,CE,0.00,0.00,0.00,1025.90,547.05,0,0.00,0,0,06-JAN-2025
OPTSTK,LTIM,30-Jan-2025,2025-01-30,5300.00,PE,30.00,52.20,25.40,50.15,50.15,480,3842.56815,44400,9600,06-JAN-2025
OPTSTK,LTIM,30-Jan-2025,2025-01-30,5750.00,CE,206.95,265.20,183.15,189.95,189.95,520,4652.89755,38550,0,06-JAN-2025
OPTSTK,LTIM,30-Jan-2025,2025-01-30,5450.00,PE,50.15,83.30,42.95,81.00,50.75,73,604.016325,10800,900,06-JAN-2025
OPTSTK,LTIM,30-Jan-2025,2025-01-30,5200.00,PE,21.85,37.00,18.00,35.95,35.95,213,1670.08852,65250,-3900,06-JAN-2025
OPTSTK,LTIM,27-Feb-2025,2025-02-27,5200.00,CE,0.00,0.00,0.00,1108.95,627.10,0,0.00,0,0,06-JAN-2025
OPTSTK,LTIM,27-Mar-2025,2025-03-27,6400.00,PE,0.00,0.00,0.00,723.50,680.50,0,0.00,0,0,06-JAN-2025
OPTSTK,LTIM,30-Jan-2025,2025-01-30,7300.00,CE,0.00,0.00,0.00,6.00,0.05,0,0.00,300,0,06-JAN-2025
OPTSTK,LTIM,27-Mar-2025,2025-03-27,5200.00,CE,0.00,0.00,0.00,774.55,683.95,0,0.00,0,0,06-JAN-2025
OPTSTK,LTIM,30-Jan-2025,2025-01-30,6350.00,CE,47.85,47.85,29.35,29.95,29.95,56,536.436975,7650,0,06-JAN-2025
OPTSTK,LTIM,30-Jan-2025,2025-01-30,5550.00,PE,55.95,111.95,55.95,109.25,109.25,133,1125.86437,17700,1500,06-JAN-2025
OPTSTK,LTIM,27-Feb-2025,2025-02-27,6600.00,PE,0.00,0.00,0.00,588.10,838.00,0,0.00,0,0,06-JAN-2025
OPTSTK,LTIM,27-Feb-2025,2025-02-27,5000.00,PE,0.00,0.00,0.00,32.60,21.00,0,0.00,0,0,06-JAN-2025
OPTSTK,LTIM,27-Feb-2025,2025-02-27,5800.00,CE,0.00,0.00,0.00,658.30,234.00,0,0.00,0,0,06-JAN-2025
OPTSTK,LTIM,30-Jan-2025,2025-01-30,5800.00,CE,193.85,238.00,159.90,166.05,166.05,4131,37186.4882,97950,7800,06-JAN-2025
OPTSTK,LTIM,30-Jan-2025,2025-01-30,5800.00,PE,164.80,219.65,135.00,215.80,215.80,879,7874.9013,50850,7050,06-JAN-2025
OPTSTK,LTIM,27-Mar-2025,2025-03-27,5000.00,PE,0.00,0.00,0.00,82.95,42.10,0,0.00,0,0,06-JAN-2025
OPTSTK,LTIM,27-Feb-2025,2025-02-27,6300.00,CE,101.00,101.00,101.00,101.00,74.40,1,9.6015,150,0,06-JAN-2025
OPTSTK,LTIM,30-Jan-2025,2025-01-30,6500.00,PE,0.00,0.00,0.00,709.10,747.85,0,0.00,9150,0,06-JAN-2025
OPTSTK,LTIM,27-Mar-2025,2025-03-27,6400.00,CE,0.00,0.00,0.00,191.45,105.80,0,0.00,0,0,06-JAN-2025
OPTSTK,LTIM,30-Jan-2025,2025-01-30,7600.00,CE,3.00,3.00,3.00,3.00,0.05,1,11.4045,600,0,06-JAN-2025
OPTSTK,LTIM,27-Mar-2025,2025-03-27,4400.00,PE,0.00,0.00,0.00,15.25,3.75,0,0.00,0,0,06-JAN-2025
OPTSTK,LTIM,27-Feb-2025,2025-02-27,4800.00,CE,0.00,0.00,0.00,1464.20,985.50,0,0.00,0,0,06-JAN-2025
OPTSTK,LTIM,30-Jan-2025,2025-01-30,4800.00,PE,9.40,9.40,4.70,6.80,6.80,179,1290.21975,21750,12450,06-JAN-2025
OPTSTK,LTIM,30-Jan-2025,2025-01-30,6650.00,CE,0.00,0.00,0.00,232.25,3.55,0,0.00,1050,0,06-JAN-2025
OPTSTK,LTIM,30-Jan-2025,2025-01-30,6600.00,PE,0.00,0.00,0.00,855.00,844.15,0,0.00,1200,0,06-JAN-2025
OPTSTK,BANKBARODA,27-Feb-2025,2025-02-27,230.00,PE,4.80,11.05,4.80,10.70,10.70,90,629.636962,184275,38025,06-JAN-2025
OPTSTK,BANKBARODA,27-Feb-2025,2025-02-27,242.50,CE,0.00,0.00,0.00,20.45,7.00,0,0.00,0,0,06-JAN-2025
OPTSTK,BANKBARODA,30-Jan-2025,2025-01-30,242.50,CE,7.50,7.50,2.55,2.65,2.65,1799,12942.7052,2106000,819000,06-JAN-2025
OPTSTK,BANKBARODA,30-Jan-2025,2025-01-30,242.50,PE,7.55,16.85,7.55,16.40,16.40,508,3790.09068,1006200,119925,06-JAN-2025
OPTSTK,BANKBARODA,27-Feb-2025,2025-02-27,217.50,PE,0.00,0.00,0.00,4.70,6.30,0,0.00,0,0,06-JAN-2025
OPTSTK,BANKBARODA,30-Jan-2025,2025-01-30,217.50,CE,18.35,18.35,14.20,14.45,14.45,66,450.039037,102375,102375,06-JAN-2025
OPTSTK,BANKBARODA,27-Feb-2025,2025-02-27,267.50,PE,0.00,0.00,0.00,27.55,38.95,0,0.00,0,0,06-JAN-2025
OPTSTK,BANKBARODA,30-Jan-2025,2025-01-30,267.50,PE,0.00,0.00,0.00,22.90,38.70,0,0.00,128700,0,06-JAN-2025
OPTSTK,BANKBARODA,27-Feb-2025,2025-02-27,267.50,CE,0.00,0.00,0.00,10.10,1.95,0,0.00,0,0,06-JAN-2025
OPTSTK,BANKBARODA,27-Feb-2025,2025-02-27,247.50,CE,6.10,6.10,5.05,5.10,5.10,10,74.0390625,5850,2925,06-JAN-2025
OPTSTK,BANKBARODA,30-Jan-2025,2025-01-30,212.50,CE,19.10,19.40,18.35,18.35,18.55,6,40.6180125,8775,8775,06-JAN-2025
OPTSTK,BANKBARODA,27-Mar-2025,2025-03-27,235.00,CE,0.00,0.00,0.00,28.55,13.10,0,0.00,0,0,06-JAN-2025
OPTSTK,BANKBARODA,27-Feb-2025,2025-02-27,235.00,PE,8.55,13.90,8.55,13.60,14.55,34,244.636762,137475,81900,06-JAN-2025
OPTSTK,BANKBARODA,27-Feb-2025,2025-02-27,215.00,PE,3.50,5.25,3.50,5.15,5.15,37,237.232125,40950,40950,06-JAN-2025
OPTSTK,BANKBARODA,27-Mar-2025,2025-03-27,215.00,CE,0.00,0.00,0.00,41.70,23.65,0,0.00,0,0,06-JAN-2025
OPTSTK,BANKBARODA,27-Feb-2025,2025-02-27,242.50,PE,0.00,0.00,0.00,9.30,19.25,0,0.00,2925,0,06-JAN-2025
OPTSTK,BANKBARODA,27-Mar-2025,2025-03-27,270.00,CE,0.00,0.00,0.00,5.00,3.60,0,0.00,2925,0,06-JAN-2025
OPTSTK,BANKBARODA,27-Feb-2025,2025-02-27,275.00,PE,0.00,0.00,0.00,33.85,45.70,0,0.00,0,0,06-JAN-2025
OPTSTK,BANKBARODA,27-Feb-2025,2025-02-27,195.00,CE,0.00,0.00,0.00,59.85,36.15,0,0.00,0,0,06-JAN-2025
OPTSTK,BANKBARODA,30-Jan-2025,2025-01-30,275.00,PE,0.00,0.00,0.00,28.40,46.00,0,0.00,14625,0,06-JAN-2025
OPTSTK,BANKBARODA,30-Jan-2025,2025-01-30,275.00,CE,0.35,0.35,0.25,0.30,0.30,252,2029.30503,953550,14625,06-JAN-2025
OPTSTK,BANKBARODA,27-Mar-2025,2025-03-27,205.00,CE,0.00,0.00,0.00,49.30,30.50,0,0.00,0,0,06-JAN-2025
OPTSTK,BANKBARODA,30-Jan-2025,2025-01-30,205.00,CE,0.00,0.00,0.00,53.30,24.85,0,0.00,0,0,06-JAN-2025
OPTSTK,BANKBARODA,27-Feb-2025,2025-02-27,205.00,CE,0.00,0.00,0.00,51.55,27.80,0,0.00,0,0,06-JAN-2025
OPTSTK,BANKBARODA,27-Mar-2025,2025-03-27,205.00,PE,0.00,0.00,0.00,3.95,4.55,0,0.00,0,0,06-JAN-2025
OPTSTK,BANKBARODA,27-Feb-2025,2025-02-27,217.50,CE,0.00,0.00,0.00,36.60,18.85,0,0.00,0,0,06-JAN-2025
OPTSTK,BANKBARODA,30-Jan-2025,2025-01-30,250.00,CE,4.15,4.15,1.40,1.45,1.45,6572,48442.2222,8956350,1020825,06-JAN-2025
OPTSTK,BANKBARODA,27-Feb-2025,2025-02-27,250.00,CE,6.65,6.65,4.30,4.30,4.30,80,596.678062,216450,61425,06-JAN-2025
OPTSTK,BANKBARODA,27-Feb-2025,2025-02-27,202.50,PE,0.00,0.00,0.00,2.05,2.40,0,0.00,0,0,06-JAN-2025
OPTSTK,BANKBARODA,27-Feb-2025,2025-02-27,285.00,PE,0.00,0.00,0.00,40.90,55.00,0,0.00,0,0,06-JAN-2025
OPTSTK,BANKBARODA,30-Jan-2025,2025-01-30,247.50,CE,4.55,4.55,1.70,1.75,1.75,1237,9034.9623,1848600,482625,06-JAN-2025
OPTSTK,CHOLAFIN,27-Feb-2025,2025-02-27,1100.00,PE,0.00,0.00,0.00,31.85,5.55,0,0.00,0,0,06-JAN-2025
OPTSTK,DEEPAKNTR,27-Feb-2025,2025-02-27,2550.00,PE,0.00,0.00,0.00,133.20,175.85,0,0.00,0,0,06-JAN-2025
OPTSTK,DEEPAKNTR,30-Jan-2025,2025-01-30,2550.00,CE,38.00,41.25,26.60,28.20,28.20,723,5602.31085,106500,9300,06-JAN-2025
OPTSTK,DEEPAKNTR,30-Jan-2025,2025-01-30,3200.00,CE,0.00,0.00,0.00,1.25,0.05,0,0.00,3900,0,06-JAN-2025
OPTSTK,DEEPAKNTR,30-Jan-2025,2025-01-30,2100.00,PE,0.00,0.00,0.00,17.15,2.35,0,0.00,0,0,06-JAN-2025
OPTSTK,DEEPAKNTR,27-Feb-2025,2025-02-27,2100.00,CE,0.00,0.00,0.00,659.50,353.30,0,0.00,0,0,06-JAN-2025
OPTSTK,DEEPAKNTR,27-Feb-2025,2025-02-27,2850.00,CE,0.00,0.00,0.00,73.30,13.85,0,0.00,0,0,06-JAN-2025
OPTSTK,DEEPAKNTR,30-Jan-2025,2025-01-30,2400.00,CE,99.00,117.00,82.55,85.65,85.65,499,3744.3495,27900,13800,06-JAN-2025
OPTSTK,DEEPAKNTR,27-Feb-2025,2025-02-27,2400.00,CE,0.00,0.00,0.00,415.15,135.90,0,0.00,0,0,06-JAN-2025
OPTSTK,CHOLAFIN,27-Feb-2025,2025-02-27,1000.00,PE,0.00,0.00,0.00,8.90,0.80,0,0.00,0,0,06-JAN-2025
OPTSTK,CHOLAFIN,30-Jan-2025,2025-01-30,1000.00,PE,0.55,0.55,0.30,0.45,0.05,17,106.294062,96250,0,06-JAN-2025
OPTSTK,DEEPAKNTR,30-Jan-2025,2025-01-30,2450.00,PE,67.60,83.40,56.55,80.20,80.20,684,5172.6885,83400,20400,06-JAN-2025
OPTSTK,CHOLAFIN,27-Feb-2025,2025-02-27,1060.00,PE,0.00,0.00,0.00,21.15,2.75,0,0.00,0,0,06-JAN-2025
OPTSTK,DEEPAKNTR,27-Feb-2025,2025-02-27,2450.00,PE,0.00,0.00,0.00,91.00,116.60,0,0.00,0,0,06-JAN-2025
OPTSTK,DEEPAKNTR,27-Feb-2025,2025-02-27,2450.00,CE,0.00,0.00,0.00,242.95,110.95,0,0.00,0,0,06-JAN-2025
OPTSTK,CHOLAFIN,30-Jan-2025,2025-01-30,1460.00,CE,7.50,7.50,2.95,3.40,3.40,186,1702.90562,43750,43750,06-JAN-2025
OPTSTK,CHOLAFIN,27-Feb-2025,2025-02-27,1520.00,PE,0.00,0.00,0.00,252.95,220.60,0,0.00,0,0,06-JAN-2025
OPTSTK,CHOLAFIN,30-Jan-2025,2025-01-30,1520.00,PE,180.00,193.35,180.00,193.35,220.55,9,95.8728125,5000,5000,06-JAN-2025
OPTSTK,CHOLAFIN,27-Mar-2025,2025-03-27,1520.00,PE,0.00,0.00,0.00,317.75,223.10,0,0.00,0,0,06-JAN-2025
OPTSTK,CHOLAFIN,27-Feb-2025,2025-02-27,1240.00,CE,0.00,0.00,0.00,122.00,100.90,0,0.00,0,0,06-JAN-2025
OPTSTK,DEEPAKNTR,30-Jan-2025,2025-01-30,2200.00,CE,0.00,0.00,0.00,420.00,239.90,0,0.00,1200,0,06-JAN-2025
OPTSTK,DEEPAKNTR,27-Feb-2025,2025-02-27,2500.00,PE,115.00,131.00,115.00,131.00,144.60,4,31.44525,3000,1200,06-JAN-2025
OPTSTK,DEEPAKNTR,30-Jan-2025,2025-01-30,2500.00,PE,92.95,115.10,80.65,111.10,111.10,440,3429.5004,102900,-5100,06-JAN-2025
OPTSTK,DEEPAKNTR,30-Jan-2025,2025-01-30,2500.00,CE,49.55,60.60,38.85,42.25,42.25,1336,10215.2817,137700,6600,06-JAN-2025
OPTSTK,DEEPAKNTR,30-Jan-2025,2025-01-30,2350.00,PE,33.55,40.30,25.55,37.55,37.55,416,2974.77975,43200,2700,06-JAN-2025
OPTSTK,DEEPAKNTR,30-Jan-2025,2025-01-30,2600.00,PE,160.50,190.00,160.50,186.25,186.25,41,341.37015,67500,-3300,06-JAN-2025
OPTSTK,CHOLAFIN,30-Jan-2025,2025-01-30,1160.00,CE,145.00,149.00,143.50,145.60,143.55,5,40.8046875,18750,-1250,06-JAN-2025
OPTSTK,CHOLAFIN,27-Feb-2025,2025-02-27,1120.00,PE,0.00,0.00,0.00,29.70,7.60,0,0.00,0,0,06-JAN-2025
OPTSTK,CHOLAFIN,27-Feb-2025,2025-02-27,1400.00,PE,0.00,0.00,0.00,162.45,122.45,0,0.00,0,0,06-JAN-2025
OPTSTK,DEEPAKNTR,30-Jan-2025,2025-01-30,2700.00,PE,0.00,0.00,0.00,212.00,276.25,0,0.00,42900,0,06-JAN-2025
OPTSTK,DEEPAKNTR,27-Feb-2025,2025-02-27,2700.00,CE,0.00,0.00,0.00,231.85,33.20,0,0.00,0,0,06-JAN-2025
OPTSTK,GAIL,30-Jan-2025,2025-01-30,200.00,CE,3.05,3.05,1.65,1.80,1.80,3104,14741.9553,7447150,526400,06-JAN-2025
OPTSTK,GAIL,27-Mar-2025,2025-03-27,200.00,PE,0.00,0.00,0.00,16.30,19.95,0,0.00,0,0,06-JAN-2025
OPTSTK,GAIL,30-Jan-2025,2025-01-30,165.00,CE,0.00,0.00,0.00,41.60,21.15,0,0.00,0,0,06-JAN-2025
OPTSTK,GAIL,30-Jan-2025,2025-01-30,245.00,CE,0.00,0.00,0.00,0.15,0.05,0,0.00,7050,0,06-JAN-2025
OPTSTK,GAIL,27-Mar-2025,2025-03-27,220.00,PE,0.00,0.00,0.00,28.45,35.15,0,0.00,0,0,06-JAN-2025
OPTSTK,GAIL,30-Jan-2025,2025-01-30,220.00,CE,0.45,0.60,0.30,0.35,0.35,1808,9362.8089,2963350,-251450,06-JAN-2025
OPTSTK,GAIL,30-Jan-2025,2025-01-30,240.00,CE,0.10,0.15,0.10,0.15,0.15,63,355.5362,636850,11750,06-JAN-2025
OPTSTK,GAIL,30-Jan-2025,2025-01-30,182.50,CE,10.75,11.05,7.45,7.75,7.75,129,579.139875,185650,86950,06-JAN-2025
OPTSTK,GAIL,27-Feb-2025,2025-02-27,182.50,PE,0.00,0.00,0.00,6.55,8.05,0,0.00,0,0,06-JAN-2025
OPTSTK,GAIL,30-Jan-2025,2025-01-30,202.50,PE,13.75,18.95,13.75,18.45,18.45,53,274.147475,319600,-11750,06-JAN-2025
OPTSTK,GAIL,27-Feb-2025,2025-02-27,202.50,PE,0.00,0.00,0.00,15.40,20.25,0,0.00,0,0,06-JAN-2025
OPTSTK,GAIL,27-Mar-2025,2025-03-27,195.00,CE,0.00,0.00,0.00,19.95,9.20,0,0.00,0,0,06-JAN-2025
OPTSTK,GAIL,27-Feb-2025,2025-02-27,177.50,PE,0.00,0.00,0.00,5.05,5.95,0,0.00,0,0,06-JAN-2025
OPTSTK,GAIL,30-Jan-2025,2025-01-30,177.50,PE,1.40,3.45,1.40,3.30,3.30,737,3117.90362,385400,-23500,06-JAN-2025
OPTSTK,GAIL,27-Mar-2025,2025-03-27,210.00,CE,0.00,0.00,0.00,13.40,4.85,0,0.00,0,0,06-JAN-2025
OPTSTK,GAIL,27-Mar-2025,2025-03-27,210.00,PE,0.00,0.00,0.00,21.95,27.15,0,0.00,0,0,06-JAN-2025
OPTSTK,GAIL,30-Jan-2025,2025-01-30,210.00,PE,20.65,24.70,20.30,24.60,25.15,37,201.4185,1388850,-2350,06-JAN-2025
OPTSTK,GAIL,27-Feb-2025,2025-02-27,210.00,PE,0.00,0.00,0.00,21.00,26.10,0,0.00,2350,0,06-JAN-2025
OPTSTK,GAIL,27-Feb-2025,2025-02-27,190.00,CE,9.00,9.05,7.25,7.25,7.25,7,32.583925,18800,4700,06-JAN-2025
OPTSTK,GAIL,27-Feb-2025,2025-02-27,190.00,PE,8.20,11.00,8.20,11.00,11.95,12,56.215525,84600,14100,06-JAN-2025
OPTSTK,GAIL,27-Feb-2025,2025-02-27,225.00,PE,0.00,0.00,0.00,32.70,39.25,0,0.00,0,0,06-JAN-2025
OPTSTK,GAIL,30-Jan-2025,2025-01-30,225.00,PE,0.00,0.00,0.00,35.25,39.45,0,0.00,376000,0,06-JAN-2025
OPTSTK,GAIL,27-Mar-2025,2025-03-27,190.00,PE,0.00,0.00,0.00,11.55,13.75,0,0.00,0,0,06-JAN-2025
OPTSTK,GAIL,27-Feb-2025,2025-02-27,195.00,CE,7.00,7.00,5.50,5.50,6.50,8,37.843225,18800,14100,06-JAN-2025
OPTSTK,GAIL,27-Mar-2025,2025-03-27,185.00,CE,0.00,0.00,0.00,25.50,13.50,0,0.00,0,0,06-JAN-2025
OPTSTK,GAIL,27-Mar-2025,2025-03-27,185.00,PE,0.00,0.00,0.00,9.50,11.15,0,0.00,0,0,06-JAN-2025
OPTSTK,GAIL,27-Feb-2025,2025-02-27,185.00,PE,0.00,0.00,0.00,10.25,9.25,0,0.00,0,0,06-JAN-2025
OPTSTK,GAIL,27-Mar-2025,2025-03-27,205.00,CE,0.00,0.00,0.00,15.35,6.05,0,0.00,0,0,06-JAN-2025
OPTSTK,GAIL,27-Feb-2025,2025-02-27,205.00,CE,0.00,0.00,0.00,4.00,3.75,0,0.00,7050,0,06-JAN-2025
OPTSTK,GAIL,30-Jan-2025,2025-01-30,205.00,PE,16.15,20.95,16.10,20.95,20.70,46,241.2416,547550,4700,06-JAN-2025
OPTSTK,GAIL,27-Feb-2025,2025-02-27,160.00,CE,0.00,0.00,0.00,42.75,27.70,0,0.00,0,0,06-JAN-2025
OPTSTK,GAIL,30-Jan-2025,2025-01-30,160.00,PE,0.30,0.60,0.30,0.50,0.50,192,723.99975,660350,63450,06-JAN-2025
OPTSTK,GAIL,30-Jan-2025,2025-01-30,160.00,CE,0.00,0.00,0.00,45.60,25.70,0,0.00,0,0,06-JAN-2025
OPTSTK,VOLTAS,27-Feb-2025,2025-02-27,1980.00,PE,0.00,0.00,0.00,271.85,207.70,0,0.00,0,0,06-JAN-2025
OPTSTK,VOLTAS,27-Mar-2025,2025-03-27,2040.00,PE,0.00,0.00,0.00,326.75,262.15,0,0.00,0,0,06-JAN-2025
OPTSTK,VOLTAS,27-Feb-2025,2025-02-27,1820.00,PE,0.00,0.00,0.00,153.05,95.40,0,0.00,0,0,06-JAN-2025
FUTSTK,ULTRACEMCO,27-Mar-2025,2025-03-27,,,11700.20,11700.20,11632.35,11632.35,11675.05,2,11.666275,900,100,06-JAN-2025
OPTSTK,ULTRACEMCO,27-Feb-2025,2025-02-27,10200.00,CE,0.00,0.00,0.00,1187.65,1427.90,0,0.00,0,0,06-JAN-2025
OPTSTK,ULTRACEMCO,30-Jan-2025,2025-01-30,10200.00,PE,0.00,0.00,0.00,187.30,3.75,0,0.00,0,0,06-JAN-2025
OPTSTK,VOLTAS,30-Jan-2025,2025-01-30,2040.00,CE,3.65,3.75,2.30,2.60,2.60,254,1556.7327,93600,900,06-JAN-2025
OPTSTK,ULTRACEMCO,30-Jan-2025,2025-01-30,12900.00,PE,0.00,0.00,0.00,1800.60,1347.50,0,0.00,0,0,06-JAN-2025
OPTSTK,ULTRACEMCO,30-Jan-2025,2025-01-30,12200.00,PE,560.50,662.85,560.50,662.85,708.25,5,32.007475,1250,150,06-JAN-2025
OPTSTK,ULTRACEMCO,27-Feb-2025,2025-02-27,12200.00,CE,0.00,0.00,0.00,248.25,179.50,0,0.00,0,0,06-JAN-2025
OPTSTK,ULTRACEMCO,27-Mar-2025,2025-03-27,12200.00,CE,0.00,0.00,0.00,407.75,284.30,0,0.00,0,0,06-JAN-2025
OPTSTK,ULTRACEMCO,30-Jan-2025,2025-01-30,10100.00,PE,0.00,0.00,0.00,125.25,2.30,0,0.00,0,0,06-JAN-2025
OPTSTK,ULTRACEMCO,27-Feb-2025,2025-02-27,13000.00,CE,0.00,0.00,0.00,109.45,46.90,0,0.00,0,0,06-JAN-2025
OPTSTK,ULTRACEMCO,30-Jan-2025,2025-01-30,13000.00,PE,0.00,0.00,0.00,1817.40,1444.65,0,0.00,0,0,06-JAN-2025
OPTSTK,ULTRACEMCO,30-Jan-2025,2025-01-30,11600.00,CE,389.80,442.15,247.05,264.05,264.05,774,4598.83215,45050,2100,06-JAN-2025
OPTSTK,ULTRACEMCO,27-Mar-2025,2025-03-27,11600.00,PE,0.00,0.00,0.00,583.45,452.40,0,0.00,0,0,06-JAN-2025
OPTSTK,VOLTAS,27-Feb-2025,2025-02-27,1840.00,PE,0.00,0.00,0.00,219.95,107.15,0,0.00,0,0,06-JAN-2025
OPTSTK,ULTRACEMCO,27-Mar-2025,2025-03-27,11800.00,PE,0.00,0.00,0.00,688.35,556.70,0,0.00,0,0,06-JAN-2025
OPTSTK,ULTRACEMCO,27-Feb-2025,2025-02-27,11800.00,CE,0.00,0.00,0.00,358.50,313.30,0,0.00,0,0,06-JAN-2025
OPTSTK,VOLTAS,30-Jan-2025,2025-01-30,1700.00,PE,10.60,22.40,10.15,19.90,19.90,1249,6435.7473,200700,3300,06-JAN-2025
OPTSTK,ULTRACEMCO,27-Mar-2025,2025-03-27,11400.00,CE,0.00,0.00,0.00,755.10,631.80,0,0.00,0,0,06-JAN-2025
OPTSTK,ULTRACEMCO,30-Jan-2025,2025-01-30,11400.00,CE,525.55,575.10,354.80,369.80,369.80,147,867.729625,19100,800,06-JAN-2025
OPTSTK,ULTRACEMCO,30-Jan-2025,2025-01-30,11900.00,PE,316.00,519.20,279.70,493.55,493.55,324,1990.086,14450,-1050,06-JAN-2025
OPTSTK,ULTRACEMCO,27-Feb-2025,2025-02-27,11900.00,CE,0.00,0.00,0.00,390.00,274.50,0,0.00,0,0,06-JAN-2025
OPTSTK,ULTRACEMCO,27-Feb-2025,2025-02-27,11900.00,PE,0.00,0.00,0.00,680.15,557.05,0,0.00,0,0,06-JAN-2025
OPTSTK,ULTRACEMCO,30-Jan-2025,2025-01-30,11900.00,CE,225.00,269.15,136.55,147.75,147.75,2241,13561.1407,32500,3650,06-JAN-2025
OPTSTK,ULTRACEMCO,30-Jan-2025,2025-01-30,10400.00,CE,0.00,0.00,0.00,1093.85,1158.80,0,0.00,0,0,06-JAN-2025
OPTSTK,VOLTAS,30-Jan-2025,2025-01-30,1360.00,CE,0.00,0.00,0.00,342.00,422.00,0,0.00,300,0,06-JAN-2025
OPTSTK,VOLTAS,30-Jan-2025,2025-01-30,1780.00,CE,77.80,77.85,47.85,51.10,51.10,510,2806.17915,83700,21000,06-JAN-2025
OPTSTK,ULTRACEMCO,27-Mar-2025,2025-03-27,9200.00,CE,0.00,0.00,0.00,2449.00,2443.60,0,0.00,0,0,06-JAN-2025
OPTSTK,ULTRACEMCO,27-Feb-2025,2025-02-27,10200.00,PE,0.00,0.00,0.00,205.90,26.70,0,0.00,0,0,06-JAN-2025
OPTSTK,CHAMBLFERT,27-Mar-2025,2025-03-27,520.00,PE,0.00,0.00,0.00,56.00,57.35,0,0.00,0,0,06-JAN-2025
OPTSTK,CHAMBLFERT,30-Jan-2025,2025-01-30,470.00,CE,0.00,0.00,0.00,37.85,26.70,0,0.00,15200,0,06-JAN-2025
OPTSTK,CHAMBLFERT,27-Feb-2025,2025-02-27,490.00,PE,0.00,0.00,0.00,33.40,33.35,0,0.00,0,0,06-JAN-2025
OPTSTK,CHAMBLFERT,27-Mar-2025,2025-03-27,500.00,CE,0.00,0.00,0.00,54.65,31.85,0,0.00,0,0,06-JAN-2025
OPTSTK,CHAMBLFERT,27-Mar-2025,2025-03-27,500.00,PE,0.00,0.00,0.00,45.20,44.90,0,0.00,0,0,06-JAN-2025
OPTSTK,CHAMBLFERT,27-Mar-2025,2025-03-27,540.00,CE,0.00,0.00,0.00,38.15,18.70,0,0.00,0,0,06-JAN-2025
OPTSTK,CHAMBLFERT,27-Feb-2025,2025-02-27,540.00,CE,8.50,8.50,8.50,8.50,11.65,1,10.4215,0,-1900,06-JAN-2025
OPTSTK,CHAMBLFERT,30-Jan-2025,2025-01-30,580.00,PE,0.00,0.00,0.00,108.05,98.80,0,0.00,0,0,06-JAN-2025
OPTSTK,CHAMBLFERT,30-Jan-2025,2025-01-30,580.00,CE,0.70,0.70,0.45,0.50,0.50,86,948.6396,450300,-66500,06-JAN-2025
OPTSTK,CHAMBLFERT,27-Mar-2025,2025-03-27,560.00,CE,0.00,0.00,0.00,31.60,14.05,0,0.00,0,0,06-JAN-2025
OPTSTK,CHAMBLFERT,30-Jan-2025,2025-01-30,560.00,PE,0.00,0.00,0.00,59.55,79.95,0,0.00,7600,0,06-JAN-2025
OPTSTK,CHAMBLFERT,30-Jan-2025,2025-01-30,560.00,CE,1.55,1.75,0.90,1.00,1.00,176,1876.8371,267900,-74100,06-JAN-2025
OPTSTK,CHAMBLFERT,27-Feb-2025,2025-02-27,490.00,CE,0.00,0.00,0.00,49.95,27.65,0,0.00,0,0,06-JAN-2025
OPTSTK,CHAMBLFERT,27-Feb-2025,2025-02-27,470.00,PE,0.00,0.00,0.00,24.75,23.30,0,0.00,0,0,06-JAN-2025
OPTSTK,CHAMBLFERT,30-Jan-2025,2025-01-30,570.00,CE,1.00,1.10,0.55,0.60,1.40,94,1019.38325,646000,0,06-JAN-2025
OPTSTK,CHAMBLFERT,27-Feb-2025,2025-02-27,560.00,CE,0.00,0.00,0.00,32.05,7.90,0,0.00,0,0,06-JAN-2025
OPTSTK,CHAMBLFERT,27-Mar-2025,2025-03-27,440.00,PE,0.00,0.00,0.00,20.30,17.25,0,0.00,0,0,06-JAN-2025
OPTSTK,CHAMBLFERT,27-Mar-2025,2025-03-27,520.00,CE,0.00,0.00,0.00,45.80,24.55,0,0.00,0,0,06-JAN-2025
OPTSTK,CHAMBLFERT,27-Feb-2025,2025-02-27,530.00,PE,0.00,0.00,0.00,55.25,59.35,0,0.00,0,0,06-JAN-2025
OPTSTK,CHAMBLFERT,27-Mar-2025,2025-03-27,440.00,CE,0.00,0.00,0.00,88.65,63.35,0,0.00,0,0,06-JAN-2025
OPTSTK,CHAMBLFERT,30-Jan-2025,2025-01-30,470.00,PE,4.95,12.05,4.90,11.10,11.10,150,1364.0309,150100,0,06-JAN-2025
OPTSTK,CHAMBLFERT,30-Jan-2025,2025-01-30,530.00,CE,6.40,6.40,2.90,3.05,3.05,569,5771.00775,558600,-11400,06-JAN-2025
OPTSTK,CHAMBLFERT,27-Feb-2025,2025-02-27,510.00,PE,0.00,0.00,0.00,43.60,45.45,0,0.00,0,0,06-JAN-2025
OPTSTK,APOLLOHOSP,27-Mar-2025,2025-03-27,8400.00,PE,0.00,0.00,0.00,1092.35,918.30,0,0.00,0,0,06-JAN-2025
OPTSTK,APOLLOHOSP,30-Jan-2025,2025-01-30,7600.00,CE,64.95,150.00,62.00,134.90,134.90,4213,40597.1969,64625,17500,06-JAN-2025
OPTSTK,APOLLOHOSP,27-Feb-2025,2025-02-27,7100.00,PE,0.00,0.00,0.00,460.10,101.20,0,0.00,0,0,06-JAN-2025
OPTSTK,APOLLOHOSP,27-Feb-2025,2025-02-27,6750.00,PE,0.00,0.00,0.00,107.75,33.80,0,0.00,0,0,06-JAN-2025
OPTSTK,APOLLOHOSP,27-Feb-2025,2025-02-27,6750.00,CE,0.00,0.00,0.00,703.55,777.55,0,0.00,0,0,06-JAN-2025
OPTSTK,APOLLOHOSP,30-Jan-2025,2025-01-30,6750.00,CE,0.00,0.00,0.00,590.00,716.85,0,0.00,1875,0,06-JAN-2025
OPTSTK,APOLLOHOSP,30-Jan-2025,2025-01-30,6750.00,PE,15.00,21.30,15.00,18.10,18.10,109,922.155812,12000,1000,06-JAN-2025
OPTSTK,APOLLOHOSP,27-Feb-2025,2025-02-27,7250.00,CE,0.00,0.00,0.00,386.50,397.45,0,0.00,0,0,06-JAN-2025
OPTSTK,APOLLOHOSP,30-Jan-2025,2025-01-30,6900.00,PE,29.00,37.15,21.15,30.50,30.50,326,2823.56675,28250,4000,06-JAN-2025
OPTSTK,APOLLOHOSP,27-Mar-2025,2025-03-27,6900.00,PE,0.00,0.00,0.00,193.70,89.15,0,0.00,0,0,06-JAN-2025
OPTSTK,APOLLOHOSP,27-Mar-2025,2025-03-27,6900.00,CE,0.00,0.00,0.00,679.45,719.65,0,0.00,0,0,06-JAN-2025
OPTSTK,APOLLOHOSP,27-Feb-2025,2025-02-27,7500.00,PE,0.00,0.00,0.00,717.05,257.95,0,0.00,0,0,06-JAN-2025
OPTSTK,APOLLOHOSP,30-Jan-2025,2025-01-30,7500.00,PE,223.50,248.65,192.45,201.45,201.45,250,2410.17756,22750,6375,06-JAN-2025
OPTSTK,APOLLOHOSP,30-Jan-2025,2025-01-30,7500.00,CE,95.00,194.55,91.05,175.10,175.10,10581,101120.565,160125,35375,06-JAN-2025
OPTSTK,APOLLOHOSP,27-Feb-2025,2025-02-27,7550.00,PE,0.00,0.00,0.00,445.70,284.30,0,0.00,0,0,06-JAN-2025
OPTSTK,APOLLOHOSP,27-Feb-2025,2025-02-27,6200.00,CE,0.00,0.00,0.00,859.30,1291.50,0,0.00,0,0,06-JAN-2025
OPTSTK,APOLLOHOSP,30-Jan-2025,2025-01-30,8300.00,PE,0.00,0.00,0.00,1196.85,840.80,0,0.00,0,0,06-JAN-2025
OPTSTK,APOLLOHOSP,30-Jan-2025,2025-01-30,8100.00,PE,0.00,0.00,0.00,1027.85,652.40,0,0.00,0,0,06-JAN-2025
OPTSTK,APOLLOHOSP,27-Feb-2025,2025-02-27,8100.00,CE,0.00,0.00,0.00,77.80,70.00,0,0.00,0,0,06-JAN-2025
OPTSTK,APOLLOHOSP,27-Feb-2025,2025-02-27,6300.00,CE,0.00,0.00,0.00,785.30,1194.50,0,0.00,0,0,06-JAN-2025
OPTSTK,APOLLOHOSP,30-Jan-2025,2025-01-30,7250.00,PE,93.75,125.20,91.15,96.90,96.90,602,5532.86812,37500,875,06-JAN-2025
OPTSTK,APOLLOHOSP,30-Jan-2025,2025-01-30,7250.00,CE,220.00,326.00,213.50,326.00,326.00,119,1115.86237,13250,1000,06-JAN-2025
OPTSTK,APOLLOHOSP,27-Feb-2025,2025-02-27,7250.00,PE,0.00,0.00,0.00,284.45,148.90,0,0.00,0,0,06-JAN-2025
OPTSTK,APOLLOHOSP,27-Feb-2025,2025-02-27,7650.00,PE,0.00,0.00,0.00,508.30,341.40,0,0.00,0,0,06-JAN-2025
OPTSTK,APOLLOHOSP,30-Jan-2025,2025-01-30,7650.00,CE,55.00,132.00,55.00,115.85,115.85,936,9059.15968,30875,3250,06-JAN-2025
OPTSTK,APOLLOHOSP,30-Jan-2025,2025-01-30,7650.00,PE,333.70,333.70,319.80,319.95,286.70,7,69.7860625,875,625,06-JAN-2025
OPTSTK,APOLLOHOSP,27-Feb-2025,2025-02-27,7550.00,CE,0.00,0.00,0.00,251.50,235.70,0,0.00,0,0,06-JAN-2025
OPTSTK,APOLLOHOSP,30-Jan-2025,2025-01-30,6400.00,PE,0.00,0.00,0.00,102.70,0.60,0,0.00,0,0,06-JAN-2025
OPTSTK,APOLLOHOSP,30-Jan-2025,2025-01-30,6400.00,CE,0.00,0.00,0.00,840.55,1058.10,0,0.00,0,0,06-JAN-2025
OPTSTK,APOLLOHOSP,30-Jan-2025,2025-01-30,7100.00,PE,57.75,75.55,50.00,59.35,59.35,883,7904.50675,27750,2375,06-JAN-2025
OPTSTK,APOLLOHOSP,30-Jan-2025,2025-01-30,7100.00,CE,332.90,336.65,332.90,336.65,408.70,6,55.7699375,5000,625,06-JAN-2025
OPTSTK,INDUSTOWER,27-Feb-2025,2025-02-27,345.00,PE,0.00,0.00,0.00,30.25,26.05,0,0.00,0,0,06-JAN-2025
OPTSTK,INDUSTOWER,27-Feb-2025,2025-02-27,315.00,PE,0.00,0.00,0.00,15.50,11.10,0,0.00,0,0,06-JAN-2025
OPTSTK,INDUSTOWER,30-Jan-2025,2025-01-30,315.00,PE,2.60,5.80,2.50,5.45,5.45,264,1433.8242,202300,23800,06-JAN-2025
OPTSTK,INDUSTOWER,27-Feb-2025,2025-02-27,315.00,CE,0.00,0.00,0.00,36.80,28.90,0,0.00,0,0,06-JAN-2025
OPTSTK,INDUSTOWER,27-Feb-2025,2025-02-27,390.00,PE,0.00,0.00,0.00,61.60,60.15,0,0.00,0,0,06-JAN-2025
OPTSTK,INDUSTOWER,27-Mar-2025,2025-03-27,400.00,CE,0.00,0.00,0.00,11.55,5.60,0,0.00,0,0,06-JAN-2025
OPTSTK,INDUSTOWER,30-Jan-2025,2025-01-30,345.00,PE,11.25,20.40,11.25,19.40,19.40,249,1527.70075,362100,-32300,06-JAN-2025
OPTSTK,INDUSTOWER,27-Feb-2025,2025-02-27,390.00,CE,0.00,0.00,0.00,8.85,3.70,0,0.00,0,0,06-JAN-2025
OPTSTK,INDUSTOWER,27-Mar-2025,2025-03-27,360.00,CE,0.00,0.00,0.00,22.20,14.20,0,0.00,0,0,06-JAN-2025
FUTSTK,INDUSTOWER,27-Mar-2025,2025-03-27,,,347.05,347.05,334.95,335.95,335.95,42,243.5862,147900,32300,06-JAN-2025
OPTSTK,INDUSTOWER,30-Jan-2025,2025-01-30,340.00,PE,8.10,17.20,8.10,16.15,16.15,792,4750.03715,1749300,-130900,06-JAN-2025
OPTSTK,INDUSTOWER,27-Mar-2025,2025-03-27,290.00,CE,0.00,0.00,0.00,58.35,50.80,0,0.00,0,0,06-JAN-2025
OPTSTK,INDUSTOWER,27-Feb-2025,2025-02-27,305.00,PE,0.00,0.00,0.00,11.85,7.75,0,0.00,0,0,06-JAN-2025
OPTSTK,INDUSTOWER,27-Feb-2025,2025-02-27,290.00,PE,0.00,0.00,0.00,7.50,4.10,0,0.00,0,0,06-JAN-2025
OPTSTK,INDUSTOWER,27-Mar-2025,2025-03-27,340.00,PE,0.00,0.00,0.00,31.50,26.65,0,0.00,0,0,06-JAN-2025
OPTSTK,INDUSTOWER,27-Feb-2025,2025-02-27,240.00,PE,0.00,0.00,0.00,1.45,0.20,0,0.00,1700,0,06-JAN-2025
OPTSTK,INDUSTOWER,30-Jan-2025,2025-01-30,420.00,PE,0.00,0.00,0.00,71.50,88.45,0,0.00,44200,0,06-JAN-2025
OPTSTK,INDUSTOWER,27-Feb-2025,2025-02-27,290.00,CE,0.00,0.00,0.00,53.50,46.70,0,0.00,0,0,06-JAN-2025
OPTSTK,INDUSTOWER,27-Mar-2025,2025-03-27,260.00,CE,0.00,0.00,0.00,81.35,75.55,0,0.00,0,0,06-JAN-2025
OPTSTK,INDUSTOWER,27-Feb-2025,2025-02-27,420.00,PE,0.00,0.00,0.00,71.00,87.45,0,0.00,1700,0,06-JAN-2025
OPTSTK,INDUSTOWER,27-Feb-2025,2025-02-27,330.00,CE,0.00,0.00,0.00,28.70,20.60,0,0.00,0,0,06-JAN-2025
OPTSTK,INDUSTOWER,27-Mar-2025,2025-03-27,330.00,CE,0.00,0.00,0.00,34.65,26.00,0,0.00,0,0,06-JAN-2025
OPTSTK,INDUSTOWER,27-Feb-2025,2025-02-27,355.00,PE,0.00,0.00,0.00,36.35,32.60,0,0.00,0,0,06-JAN-2025
OPTSTK,INDUSTOWER,30-Jan-2025,2025-01-30,355.00,PE,20.20,26.75,19.80,26.75,26.75,24,153.71315,96900,6800,06-JAN-2025
OPTSTK,INDUSTOWER,27-Feb-2025,2025-02-27,400.00,PE,0.00,0.00,0.00,61.70,69.00,0,0.00,0,0,06-JAN-2025
OPTSTK,INDUSTOWER,27-Mar-2025,2025-03-27,360.00,PE,0.00,0.00,0.00,43.35,39.10,0,0.00,0,0,06-JAN-2025
FUTSTK,INDUSTOWER,27-Feb-2025,2025-02-27,,,348.30,348.35,331.50,332.95,332.95,313,1797.3556,1839400,113900,06-JAN-2025
OPTSTK,INDUSTOWER,30-Jan-2025,2025-01-30,420.00,CE,0.30,0.35,0.25,0.35,0.10,28,200.0696,282200,25500,06-JAN-2025
OPTSTK,INDUSTOWER,30-Jan-2025,2025-01-30,370.00,CE,2.65,2.65,1.20,1.30,1.30,905,5717.20455,1470500,-130900,06-JAN-2025
OPTSTK,INDUSTOWER,30-Jan-2025,2025-01-30,335.00,PE,7.10,14.05,7.10,13.30,13.30,436,2565.91115,455600,69700,06-JAN-2025
OPTSTK,INDUSTOWER,30-Jan-2025,2025-01-30,280.00,PE,0.50,1.00,0.50,1.00,1.00,314,1498.5517,863600,-28900,06-JAN-2025
OPTSTK,HINDUNILVR,27-Mar-2025,2025-03-27,2640.00,PE,0.00,0.00,0.00,289.45,245.05,0,0.00,0,0,06-JAN-2025
OPTSTK,HINDUNILVR,30-Jan-2025,2025-01-30,2420.00,PE,51.65,75.80,49.35,71.25,71.25,535,3992.7483,50100,-6900,06-JAN-2025
OPTSTK,HINDUNILVR,30-Jan-2025,2025-01-30,2360.00,PE,28.00,44.30,24.65,41.15,41.15,1030,7408.0005,219000,-10500,06-JAN-2025
OPTSTK,HINDUNILVR,27-Mar-2025,2025-03-27,2400.00,CE,0.00,0.00,0.00,99.30,93.35,0,0.00,0,0,06-JAN-2025
OPTSTK,HINDUNILVR,27-Mar-2025,2025-03-27,2320.00,CE,0.00,0.00,0.00,138.45,138.60,0,0.00,0,0,06-JAN-2025
OPTSTK,RBLBANK,30-Jan-2025,2025-01-30,137.50,PE,0.00,0.00,0.00,1.15,0.25,0,0.00,125000,0,06-JAN-2025
OPTSTK,HINDUNILVR,30-Jan-2025,2025-01-30,2040.00,CE,0.00,0.00,0.00,527.50,345.25,0,0.00,0,0,06-JAN-2025
OPTSTK,HINDUNILVR,27-Feb-2025,2025-02-27,2040.00,PE,0.00,0.00,0.00,4.40,0.85,0,0.00,0,0,06-JAN-2025
OPTSTK,RBLBANK,27-Feb-2025,2025-02-27,172.50,CE,0.00,0.00,0.00,11.00,9.20,0,0.00,0,0,06-JAN-2025
OPTSTK,HINDUNILVR,30-Jan-2025,2025-01-30,2180.00,CE,0.00,0.00,0.00,318.60,207.55,0,0.00,0,0,06-JAN-2025
OPTSTK,HINDUNILVR,27-Feb-2025,2025-02-27,2180.00,CE,0.00,0.00,0.00,206.00,225.05,0,0.00,0,0,06-JAN-2025
OPTSTK,HINDUNILVR,27-Feb-2025,2025-02-27,2200.00,PE,8.00,14.05,8.00,12.30,12.30,38,252.1839,26100,3600,06-JAN-2025
OPTSTK,HINDUNILVR,27-Feb-2025,2025-02-27,2200.00,CE,0.00,0.00,0.00,320.55,207.55,0,0.00,0,0,06-JAN-2025
OPTSTK,RBLBANK,27-Mar-2025,2025-03-27,180.00,CE,0.00,0.00,0.00,11.60,9.40,0,0.00,0,0,06-JAN-2025
OPTSTK,RBLBANK,27-Mar-2025,2025-03-27,180.00,PE,0.00,0.00,0.00,25.95,19.95,0,0.00,0,0,06-JAN-2025
OPTSTK,RBLBANK,27-Feb-2025,2025-02-27,147.50,CE,0.00,0.00,0.00,23.55,23.80,0,0.00,0,0,06-JAN-2025
OPTSTK,RBLBANK,30-Jan-2025,2025-01-30,147.50,CE,0.00,0.00,0.00,13.30,21.10,0,0.00,40000,0,06-JAN-2025
OPTSTK,RBLBANK,30-Jan-2025,2025-01-30,147.50,PE,1.90,2.60,1.90,2.60,1.15,31,116.2675,302500,-77500,06-JAN-2025
OPTSTK,RBLBANK,27-Feb-2025,2025-02-27,180.00,CE,0.00,0.00,0.00,3.15,6.55,0,0.00,50000,0,06-JAN-2025
OPTSTK,RBLBANK,27-Feb-2025,2025-02-27,180.00,PE,0.00,0.00,0.00,28.65,18.00,0,0.00,0,0,06-JAN-2025
OPTSTK,HINDUNILVR,27-Feb-2025,2025-02-27,2120.00,PE,0.00,0.00,0.00,9.55,3.40,0,0.00,0,0,06-JAN-2025
OPTSTK,HINDUNILVR,27-Feb-2025,2025-02-27,2320.00,PE,0.00,0.00,0.00,30.00,37.25,0,0.00,600,0,06-JAN-2025
OPTSTK,HINDUNILVR,27-Mar-2025,2025-03-27,2320.00,PE,0.00,0.00,0.00,83.85,48.35,0,0.00,0,0,06-JAN-2025
OPTSTK,HINDUNILVR,30-Jan-2025,2025-01-30,2320.00,CE,108.95,110.85,85.55,90.25,90.25,21,152.13,44700,-2100,06-JAN-2025
OPTSTK,HINDUNILVR,27-Feb-2025,2025-02-27,2340.00,CE,0.00,0.00,0.00,102.80,103.05,0,0.00,0,0,06-JAN-2025
OPTSTK,HINDUNILVR,30-Jan-2025,2025-01-30,2340.00,PE,21.05,36.00,19.55,33.60,33.60,780,5546.91315,253800,-14400,06-JAN-2025
FUTSTK,RBLBANK,27-Mar-2025,2025-03-27,,,161.00,161.00,159.94,160.19,160.19,7,28.0335,445000,-17500,06-JAN-2025
OPTSTK,HINDUNILVR,27-Mar-2025,2025-03-27,2360.00,PE,0.00,0.00,0.00,102.40,63.70,0,0.00,0,0,06-JAN-2025
OPTSTK,RBLBANK,27-Mar-2025,2025-03-27,140.00,CE,0.00,0.00,0.00,31.30,31.85,0,0.00,0,0,06-JAN-2025
OPTSTK,HINDUNILVR,30-Jan-2025,2025-01-30,2520.00,PE,131.10,131.10,131.10,131.10,141.65,1,7.9533,12900,0,06-JAN-2025
OPTSTK,HINDUNILVR,30-Jan-2025,2025-01-30,2520.00,CE,16.00,16.00,9.15,10.70,10.70,581,4410.98175,61500,-3600,06-JAN-2025
OPTSTK,MCX,30-Jan-2025,2025-01-30,7600.00,CE,5.95,6.15,3.25,3.60,3.60,134,1019.05135,73400,-200,06-JAN-2025
OPTSTK,MCX,30-Jan-2025,2025-01-30,5500.00,PE,44.70,118.55,43.85,112.95,112.95,2193,12260.9674,80500,32000,06-JAN-2025
OPTSTK,MCX,27-Feb-2025,2025-02-27,5500.00,CE,0.00,0.00,0.00,1059.30,548.10,0,0.00,0,0,06-JAN-2025
OPTSTK,CESC,27-Feb-2025,2025-02-27,175.00,PE,0.00,0.00,0.00,15.10,8.90,0,0.00,0,0,06-JAN-2025
OPTSTK,CESC,30-Jan-2025,2025-01-30,192.50,PE,13.45,18.00,13.45,18.00,17.55,15,91.426725,146250,-17550,06-JAN-2025
OPTSTK,CESC,30-Jan-2025,2025-01-30,187.50,PE,12.55,15.45,11.35,15.35,15.35,14,82.341675,236925,-20475,06-JAN-2025
OPTSTK,MCX,30-Jan-2025,2025-01-30,5200.00,CE,0.00,0.00,0.00,1524.80,670.90,0,0.00,0,0,06-JAN-2025
OPTSTK,MCX,27-Mar-2025,2025-03-27,5200.00,CE,0.00,0.00,0.00,1373.80,837.00,0,0.00,0,0,06-JAN-2025
OPTSTK,CESC,30-Jan-2025,2025-01-30,160.00,CE,0.00,0.00,0.00,22.80,18.20,0,0.00,0,0,06-JAN-2025
OPTSTK,CESC,30-Jan-2025,2025-01-30,150.00,PE,0.40,0.80,0.40,0.80,0.80,250,1100.82521,456300,447525,06-JAN-2025
OPTSTK,CESC,27-Mar-2025,2025-03-27,170.00,PE,0.00,0.00,0.00,8.85,8.60,0,0.00,0,0,06-JAN-2025
OPTSTK,CESC,30-Jan-2025,2025-01-30,165.00,CE,14.80,14.80,13.85,13.85,14.25,3,15.7233375,2925,2925,06-JAN-2025
OPTSTK,MCX,30-Jan-2025,2025-01-30,5300.00,PE,68.60,70.10,57.10,64.10,64.10,9,48.28735,700,700,06-JAN-2025
OPTSTK,CESC,27-Feb-2025,2025-02-27,185.00,PE,0.00,0.00,0.00,20.70,14.45,0,0.00,0,0,06-JAN-2025
OPTSTK,CESC,27-Feb-2025,2025-02-27,185.00,CE,11.20,11.20,9.50,9.50,7.30,2,11.427975,8775,2925,06-JAN-2025
OPTSTK,CESC,30-Jan-2025,2025-01-30,185.00,CE,8.50,8.50,3.85,4.00,4.00,384,2140.06455,836550,231075,06-JAN-2025
OPTSTK,MCX,27-Mar-2025,2025-03-27,6600.00,CE,0.00,0.00,0.00,538.60,188.50,0,0.00,0,0,06-JAN-2025
OPTSTK,MCX,30-Jan-2025,2025-01-30,7400.00,CE,0.00,0.00,0.00,181.75,2.10,0,0.00,100,0,06-JAN-2025
OPTSTK,CESC,30-Jan-2025,2025-01-30,220.00,CE,0.70,0.70,0.15,0.20,0.20,89,573.52815,1134900,5850,06-JAN-2025
OPTSTK,MCX,27-Mar-2025,2025-03-27,5600.00,PE,0.00,0.00,0.00,228.65,285.15,0,0.00,0,0,06-JAN-2025
OPTSTK,CESC,27-Feb-2025,2025-02-27,180.00,PE,0.00,0.00,0.00,17.75,11.50,0,0.00,0,0,06-JAN-2025
OPTSTK,CESC,30-Jan-2025,2025-01-30,180.00,CE,12.00,12.00,5.50,5.70,5.70,355,1940.68485,637650,485550,06-JAN-2025
OPTSTK,MCX,27-Feb-2025,2025-02-27,5900.00,PE,231.05,292.50,231.05,292.50,360.90,2,12.32355,100,100,06-JAN-2025
OPTSTK,MCX,30-Jan-2025,2025-01-30,5900.00,PE,139.35,288.10,135.45,276.65,276.65,1476,9035.45505,36700,22100,06-JAN-2025
OPTSTK,MCX,30-Jan-2025,2025-01-30,5900.00,CE,342.90,342.95,199.90,212.85,212.85,634,3893.07445,15800,14900,06-JAN-2025
OPTSTK,CESC,27-Mar-2025,2025-03-27,220.00,PE,0.00,0.00,0.00,38.15,42.90,0,0.00,0,0,06-JAN-2025
OPTSTK,MCX,27-Feb-2025,2025-02-27,5000.00,PE,0.00,0.00,0.00,125.00,57.10,0,0.00,0,0,06-JAN-2025
OPTSTK,MCX,27-Feb-2025,2025-02-27,6300.00,CE,0.00,0.00,0.00,330.00,183.70,0,0.00,0,0,06-JAN-2025
OPTSTK,CESC,30-Jan-2025,2025-01-30,162.50,PE,1.90,2.85,1.90,2.85,2.85,32,154.3347,67275,40950,06-JAN-2025
OPTSTK,MCX,27-Feb-2025,2025-02-27,5000.00,CE,0.00,0.00,0.00,1318.80,918.25,0,0.00,0,0,06-JAN-2025
OPTSTK,MCX,27-Feb-2025,2025-02-27,6700.00,PE,0.00,0.00,0.00,647.75,916.95,0,0.00,0,0,06-JAN-2025
OPTSTK,CESC,27-Feb-2025,2025-02-27,170.00,CE,0.00,0.00,0.00,20.05,14.40,0,0.00,0,0,06-JAN-2025
OPTSTK,CESC,27-Mar-2025,2025-03-27,170.00,CE,0.00,0.00,0.00,26.75,17.20,0,0.00,0,0,06-JAN-2025
OPTSTK,VEDL,27-Mar-2025,2025-03-27,500.00,PE,0.00,0.00,0.00,56.00,62.05,0,0.00,0,0,06-JAN-2025
OPTSTK,VEDL,30-Jan-2025,2025-01-30,550.00,CE,0.65,0.70,0.45,0.50,0.50,269,1703.11032,2088400,-10350,06-JAN-2025
OPTSTK,VEDL,30-Jan-2025,2025-01-30,500.00,PE,47.00,59.00,45.95,57.55,57.55,83,527.35895,2412700,25300,06-JAN-2025
OPTSTK,VEDL,27-Feb-2025,2025-02-27,480.00,CE,11.85,11.85,9.00,9.05,9.05,31,174.7126,109250,9200,06-JAN-2025
OPTSTK,VEDL,30-Jan-2025,2025-01-30,480.00,CE,7.15,7.15,3.70,3.85,3.85,3594,20027.848,3171700,142600,06-JAN-2025
OPTSTK,VEDL,27-Feb-2025,2025-02-27,440.00,CE,0.00,0.00,0.00,27.35,26.55,0,0.00,1150,0,06-JAN-2025
OPTSTK,VEDL,27-Feb-2025,2025-02-27,480.00,PE,35.00,37.50,35.00,37.50,44.25,3,17.7974,8050,3450,06-JAN-2025
OPTSTK,VEDL,27-Feb-2025,2025-02-27,410.00,CE,0.00,0.00,0.00,65.20,44.95,0,0.00,0,0,06-JAN-2025
OPTSTK,VEDL,27-Mar-2025,2025-03-27,400.00,PE,0.00,0.00,0.00,10.95,9.70,0,0.00,0,0,06-JAN-2025
OPTSTK,VEDL,30-Jan-2025,2025-01-30,470.00,PE,21.80,32.65,20.85,31.40,31.40,664,3796.53985,1082150,-187450,06-JAN-2025
OPTSTK,VEDL,30-Jan-2025,2025-01-30,410.00,PE,2.20,4.80,1.90,4.40,4.40,1533,7288.46655,848700,95450,06-JAN-2025
OPTSTK,VEDL,30-Jan-2025,2025-01-30,580.00,CE,0.45,0.45,0.30,0.30,0.05,54,360.4031,502550,13800,06-JAN-2025
OPTSTK,VEDL,27-Feb-2025,2025-02-27,440.00,PE,11.90,17.55,11.90,17.45,17.45,39,204.2768,35650,21850,06-JAN-2025
OPTSTK,VEDL,30-Jan-2025,2025-01-30,360.00,PE,0.35,0.80,0.35,0.80,0.80,216,895.8408,433550,34500,06-JAN-2025
FUTSTK,VEDL,30-Jan-2025,2025-01-30,,,460.40,461.00,442.00,443.90,443.90,11032,56926.9021,101592150,-869400,06-JAN-2025
OPTSTK,VEDL,27-Feb-2025,2025-02-27,430.00,PE,13.10,13.10,13.10,13.10,15.60,1,5.09565,9200,0,06-JAN-2025
OPTSTK,VEDL,27-Feb-2025,2025-02-27,430.00,CE,32.25,32.25,32.25,32.25,32.00,1,5.315875,1150,1150,06-JAN-2025
OPTSTK,VEDL,27-Mar-2025,2025-03-27,440.00,PE,0.00,0.00,0.00,24.00,24.45,0,0.00,0,0,06-JAN-2025
OPTSTK,VEDL,27-Mar-2025,2025-03-27,360.00,PE,0.00,0.00,0.00,3.85,2.65,0,0.00,0,0,06-JAN-2025
OPTSTK,VEDL,27-Mar-2025,2025-03-27,360.00,CE,0.00,0.00,0.00,110.80,90.25,0,0.00,0,0,06-JAN-2025
OPTSTK,VEDL,30-Jan-2025,2025-01-30,570.00,CE,0.35,0.35,0.30,0.30,0.05,12,78.705425,146050,0,06-JAN-2025
OPTSTK,VEDL,27-Mar-2025,2025-03-27,460.00,CE,0.00,0.00,0.00,41.80,24.10,0,0.00,0,0,06-JAN-2025
OPTSTK,VEDL,27-Mar-2025,2025-03-27,380.00,PE,0.00,0.00,0.00,6.75,5.35,0,0.00,0,0,06-JAN-2025
OPTSTK,VEDL,27-Feb-2025,2025-02-27,380.00,PE,0.00,0.00,0.00,2.60,2.90,0,0.00,2300,0,06-JAN-2025
OPTSTK,VEDL,27-Mar-2025,2025-03-27,380.00,CE,0.00,0.00,0.00,94.05,73.25,0,0.00,0,0,06-JAN-2025
OPTSTK,VEDL,30-Jan-2025,2025-01-30,360.00,CE,0.00,0.00,0.00,114.50,84.00,0,0.00,0,0,06-JAN-2025
FUTSTK,VEDL,27-Feb-2025,2025-02-27,,,462.00,462.40,444.15,446.15,446.15,650,3379.82585,2205700,167900,06-JAN-2025
OPTSTK,VEDL,27-Feb-2025,2025-02-27,460.00,CE,20.30,20.30,14.65,14.70,14.70,25,136.856325,37950,9200,06-JAN-2025
OPTSTK,VEDL,27-Feb-2025,2025-02-27,390.00,PE,0.00,0.00,0.00,5.50,4.35,0,0.00,0,0,06-JAN-2025
OPTSTK,VEDL,27-Feb-2025,2025-02-27,360.00,PE,0.00,0.00,0.00,4.75,1.15,0,0.00,0,0,06-JAN-2025
OPTSTK,VEDL,30-Jan-2025,2025-01-30,380.00,PE,0.55,1.55,0.50,1.50,1.50,750,3287.03637,856750,127650,06-JAN-2025
OPTSTK,VEDL,30-Jan-2025,2025-01-30,440.00,CE,24.20,25.20,16.25,17.10,17.10,1028,5424.81622,900450,187450,06-JAN-2025
OPTSTK,BHARTIARTL,30-Jan-2025,2025-01-30,1700.00,CE,7.00,8.30,4.90,6.05,6.05,2764,22403.3835,1374175,-47025,06-JAN-2025
OPTSTK,BHARTIARTL,27-Feb-2025,2025-02-27,1620.00,PE,0.00,0.00,0.00,61.70,61.70,0,0.00,475,0,06-JAN-2025
OPTSTK,BHARTIARTL,27-Mar-2025,2025-03-27,1360.00,PE,0.00,0.00,0.00,8.15,3.20,0,0.00,0,0,06-JAN-2025
OPTSTK,BHARTIARTL,30-Jan-2025,2025-01-30,1360.00,PE,0.75,1.05,0.60,0.85,0.85,62,400.774125,53200,-475,06-JAN-2025
OPTSTK,BHARTIARTL,30-Jan-2025,2025-01-30,1800.00,CE,1.95,1.95,1.20,1.45,1.45,484,4141.63615,807500,-4750,06-JAN-2025
OPTSTK,BHARTIARTL,30-Jan-2025,2025-01-30,1720.00,PE,123.50,136.35,121.15,127.20,127.20,5,43.9002125,10450,1425,06-JAN-2025
OPTSTK,BHARTIARTL,27-Mar-2025,2025-03-27,1720.00,CE,0.00,0.00,0.00,50.35,27.55,0,0.00,0,0,06-JAN-2025
OPTSTK,BHARTIARTL,30-Jan-2025,2025-01-30,1820.00,CE,1.40,1.40,0.60,0.95,0.95,89,769.837487,69825,12825,06-JAN-2025
OPTSTK,BHARTIARTL,27-Feb-2025,2025-02-27,1620.00,CE,0.00,0.00,0.00,71.15,45.60,0,0.00,0,0,06-JAN-2025
OPTSTK,BHARTIARTL,30-Jan-2025,2025-01-30,1620.00,PE,37.55,62.10,34.00,48.65,48.65,1785,14113.9590,270275,-34200,06-JAN-2025
OPTSTK,BHARTIARTL,30-Jan-2025,2025-01-30,1660.00,PE,60.10,89.40,59.95,75.90,75.90,179,1472.45463,109250,-4275,06-JAN-2025
OPTSTK,BHARTIARTL,30-Jan-2025,2025-01-30,1460.00,CE,0.00,0.00,0.00,155.55,137.05,0,0.00,475,0,06-JAN-2025
OPTSTK,BHARTIARTL,27-Mar-2025,2025-03-27,1520.00,PE,0.00,0.00,0.00,40.00,28.45,0,0.00,0,0,06-JAN-2025
OPTSTK,BHARTIARTL,27-Feb-2025,2025-02-27,1520.00,CE,0.00,0.00,0.00,116.80,103.30,0,0.00,0,0,06-JAN-2025
OPTSTK,BHARTIARTL,27-Feb-2025,2025-02-27,1680.00,PE,0.00,0.00,0.00,134.50,100.15,0,0.00,0,0,06-JAN-2025
OPTSTK,BHARTIARTL,30-Jan-2025,2025-01-30,1580.00,PE,24.00,38.60,18.10,28.95,28.95,3984,30427.4595,379525,9500,06-JAN-2025
OPTSTK,BHARTIARTL,30-Jan-2025,2025-01-30,1680.00,PE,79.80,95.00,79.70,93.50,93.50,9,75.5774875,83600,0,06-JAN-2025
FUTSTK,BHARTIARTL,27-Mar-2025,2025-03-27,,,1626.70,1633.25,1599.00,1610.00,1612.10,43,330.47365,21850,-11875,06-JAN-2025
OPTSTK,BHARTIARTL,27-Feb-2025,2025-02-27,1360.00,PE,3.90,3.90,3.90,3.90,1.10,1,6.478525,7600,475,06-JAN-2025
OPTSTK,BHARTIARTL,27-Feb-2025,2025-02-27,1800.00,PE,0.00,0.00,0.00,226.05,199.75,0,0.00,0,0,06-JAN-2025
OPTSTK,BHARTIARTL,30-Jan-2025,2025-01-30,1580.00,CE,50.00,55.45,34.75,44.25,44.25,2107,16246.5888,170525,-2850,06-JAN-2025
OPTSTK,BHARTIARTL,27-Feb-2025,2025-02-27,1680.00,CE,0.00,0.00,0.00,45.20,24.65,0,0.00,0,0,06-JAN-2025
OPTSTK,BHARTIARTL,27-Mar-2025,2025-03-27,1680.00,CE,0.00,0.00,0.00,64.10,38.85,0,0.00,0,0,06-JAN-2025
OPTSTK,BHARTIARTL,27-Mar-2025,2025-03-27,1680.00,PE,0.00,0.00,0.00,114.25,105.80,0,0.00,0,0,06-JAN-2025
OPTSTK,BHARTIARTL,30-Jan-2025,2025-01-30,1560.00,CE,59.25,70.05,45.65,56.60,56.60,586,4497.77737,152475,8550,06-JAN-2025
OPTSTK,BHARTIARTL,30-Jan-2025,2025-01-30,1540.00,CE,77.35,84.50,58.90,71.25,71.25,184,1405.98123,68400,9500,06-JAN-2025
OPTSTK,BHARTIARTL,30-Jan-2025,2025-01-30,1520.00,CE,0.00,0.00,0.00,101.20,84.75,0,0.00,24225,0,06-JAN-2025
OPTSTK,BHARTIARTL,30-Jan-2025,2025-01-30,1880.00,CE,0.45,0.75,0.45,0.75,0.75,31,276.927137,55575,-4750,06-JAN-2025
OPTSTK,BHARTIARTL,27-Feb-2025,2025-02-27,1640.00,PE,0.00,0.00,0.00,108.75,73.45,0,0.00,0,0,06-JAN-2025
OPTSTK,BHARTIARTL,30-Jan-2025,2025-01-30,1500.00,CE,107.90,111.00,88.00,102.85,102.85,266,2023.17842,88825,-59375,06-JAN-2025
OPTSTK,BHARTIARTL,30-Jan-2025,2025-01-30,1840.00,CE,0.80,0.80,0.60,0.75,0.75,24,209.84455,152950,-475,06-JAN-2025
OPTSTK,GNFC,27-Feb-2025,2025-02-27,480.00,PE,0.00,0.00,0.00,5.55,6.25,0,0.00,0,0,06-JAN-2025
OPTSTK,GNFC,27-Feb-2025,2025-02-27,640.00,PE,0.00,0.00,0.00,59.20,100.25,0,0.00,0,0,06-JAN-2025
OPTSTK,GNFC,27-Feb-2025,2025-02-27,640.00,CE,0.00,0.00,0.00,45.00,3.80,0,0.00,0,0,06-JAN-2025
OPTSTK,GNFC,30-Jan-2025,2025-01-30,660.00,PE,0.00,0.00,0.00,86.65,119.85,0,0.00,14300,0,06-JAN-2025
OPTSTK,GNFC,30-Jan-2025,2025-01-30,740.00,PE,0.00,0.00,0.00,157.00,199.30,0,0.00,6500,0,06-JAN-2025
OPTSTK,GNFC,27-Feb-2025,2025-02-27,580.00,CE,0.00,0.00,0.00,74.90,14.25,0,0.00,0,0,06-JAN-2025
OPTSTK,GNFC,27-Feb-2025,2025-02-27,630.00,PE,0.00,0.00,0.00,68.15,91.35,0,0.00,0,0,06-JAN-2025
OPTSTK,GNFC,27-Feb-2025,2025-02-27,610.00,CE,0.00,0.00,0.00,28.00,7.65,0,0.00,0,0,06-JAN-2025
OPTSTK,GNFC,27-Feb-2025,2025-02-27,570.00,CE,0.00,0.00,0.00,45.30,17.30,0,0.00,0,0,06-JAN-2025
OPTSTK,GNFC,30-Jan-2025,2025-01-30,570.00,CE,14.25,14.50,6.05,6.40,6.40,589,4434.6601,349700,-48100,06-JAN-2025
OPTSTK,GNFC,30-Jan-2025,2025-01-30,600.00,PE,43.00,65.00,42.70,63.70,63.70,50,428.05035,293800,-1300,06-JAN-2025
OPTSTK,GNFC,30-Jan-2025,2025-01-30,720.00,CE,0.00,0.00,0.00,0.60,0.05,0,0.00,1300,0,06-JAN-2025
OPTSTK,GNFC,30-Jan-2025,2025-01-30,630.00,CE,1.70,1.70,0.95,1.05,1.05,117,960.011,105300,11700,06-JAN-2025
OPTSTK,GNFC,27-Feb-2025,2025-02-27,630.00,CE,0.00,0.00,0.00,21.55,4.85,0,0.00,0,0,06-JAN-2025
OPTSTK,GNFC,30-Jan-2025,2025-01-30,600.00,CE,7.30,7.30,2.40,2.60,2.60,770,6039.982,854100,319800,06-JAN-2025
OPTSTK,GNFC,27-Feb-2025,2025-02-27,680.00,PE,0.00,0.00,0.00,84.35,137.40,0,0.00,0,0,06-JAN-2025
OPTSTK,GNFC,27-Feb-2025,2025-02-27,530.00,PE,0.00,0.00,0.00,16.90,22.00,0,0.00,0,0,06-JAN-2025
OPTSTK,GNFC,27-Feb-2025,2025-02-27,470.00,PE,0.00,0.00,0.00,4.35,4.55,0,0.00,0,0,06-JAN-2025
OPTSTK,GNFC,30-Jan-2025,2025-01-30,590.00,PE,46.40,50.00,46.40,50.00,54.15,2,16.5932,132600,-1300,06-JAN-2025
OPTSTK,GNFC,30-Jan-2025,2025-01-30,460.00,CE,0.00,0.00,0.00,176.05,80.15,0,0.00,0,0,06-JAN-2025
OPTSTK,GNFC,27-Feb-2025,2025-02-27,460.00,CE,0.00,0.00,0.00,166.05,85.10,0,0.00,0,0,06-JAN-2025
OPTSTK,GNFC,30-Jan-2025,2025-01-30,460.00,PE,0.50,0.95,0.50,0.95,0.65,22,131.7407,28600,28600,06-JAN-2025
OPTSTK,GNFC,30-Jan-2025,2025-01-30,470.00,CE,0.00,0.00,0.00,152.25,70.70,0,0.00,0,0,06-JAN-2025
OPTSTK,GNFC,27-Feb-2025,2025-02-27,510.00,PE,0.00,0.00,0.00,11.35,14.10,0,0.00,0,0,06-JAN-2025
OPTSTK,GNFC,30-Jan-2025,2025-01-30,700.00,CE,0.40,0.40,0.25,0.25,0.25,24,218.4832,339300,-16900,06-JAN-2025
OPTSTK,GNFC,30-Jan-2025,2025-01-30,530.00,PE,4.40,13.20,4.40,12.55,12.55,142,996.6749,143000,-23400,06-JAN-2025
OPTSTK,GNFC,30-Jan-2025,2025-01-30,470.00,PE,0.00,0.00,0.00,2.15,1.15,0,0.00,0,0,06-JAN-2025
OPTSTK,GNFC,30-Jan-2025,2025-01-30,490.00,CE,0.00,0.00,0.00,134.15,52.85,0,0.00,0,0,06-JAN-2025
OPTSTK,GNFC,27-Feb-2025,2025-02-27,590.00,PE,0.00,0.00,0.00,43.00,58.55,0,0.00,0,0,06-JAN-2025
OPTSTK,GNFC,30-Jan-2025,2025-01-30,540.00,PE,7.05,18.00,7.05,16.55,16.55,252,1814.5387,171600,1300,06-JAN-2025
OPTSTK,GNFC,27-Feb-2025,2025-02-27,540.00,CE,0.00,0.00,0.00,101.00,29.40,0,0.00,0,0,06-JAN-2025
OPTSTK,GNFC,27-Feb-2025,2025-02-27,620.00,PE,0.00,0.00,0.00,48.30,82.70,0,0.00,0,0,06-JAN-2025
FUTSTK,GNFC,27-Feb-2025,2025-02-27,,,567.40,567.40,541.05,542.30,542.30,115,823.62215,297700,72800,06-JAN-2025
OPTSTK,PAGEIND,27-Mar-2025,2025-03-27,51000.00,PE,0.00,0.00,0.00,4542.15,3521.45,0,0.00,0,0,06-JAN-2025
OPTSTK,PAGEIND,27-Feb-2025,2025-02-27,51000.00,PE,0.00,0.00,0.00,6178.10,3321.10,0,0.00,0,0,06-JAN-2025
OPTSTK,PAGEIND,27-Feb-2025,2025-02-27,40000.00,PE,0.00,0.00,0.00,630.20,25.45,0,0.00,0,0,06-JAN-2025
OPTSTK,PAGEIND,27-Feb-2025,2025-02-27,40000.00,CE,0.00,0.00,0.00,6167.55,8407.95,0,0.00,0,0,06-JAN-2025
OPTSTK,PAGEIND,30-Jan-2025,2025-01-30,40000.00,CE,0.00,0.00,0.00,7150.00,8177.85,0,0.00,30,0,06-JAN-2025
OPTSTK,PAGEIND,30-Jan-2025,2025-01-30,45000.00,PE,269.75,319.00,207.25,245.35,245.35,142,963.986535,3180,285,06-JAN-2025
OPTSTK,PAGEIND,27-Feb-2025,2025-02-27,47500.00,CE,0.00,0.00,0.00,2339.35,2247.90,0,0.00,0,0,06-JAN-2025
OPTSTK,PAGEIND,30-Jan-2025,2025-01-30,47500.00,CE,1452.00,1455.40,1410.00,1410.00,1410.00,6,44.04333,1005,-45,06-JAN-2025
OPTSTK,PAGEIND,30-Jan-2025,2025-01-30,47500.00,PE,938.75,1040.05,783.65,783.65,856.80,14,101.769885,2505,45,06-JAN-2025
OPTSTK,PAGEIND,27-Feb-2025,2025-02-27,47500.00,PE,0.00,0.00,0.00,2160.45,1293.65,0,0.00,0,0,06-JAN-2025
OPTSTK,PAGEIND,27-Feb-2025,2025-02-27,49000.00,CE,0.00,0.00,0.00,1394.20,1503.20,0,0.00,0,0,06-JAN-2025
OPTSTK,PAGEIND,27-Mar-2025,2025-03-27,49000.00,CE,0.00,0.00,0.00,2251.80,2034.70,0,0.00,0,0,06-JAN-2025
OPTSTK,PAGEIND,27-Feb-2025,2025-02-27,43000.00,PE,0.00,0.00,0.00,1470.65,183.30,0,0.00,0,0,06-JAN-2025
OPTSTK,PAGEIND,27-Mar-2025,2025-03-27,53000.00,CE,0.00,0.00,0.00,1031.65,748.95,0,0.00,0,0,06-JAN-2025
OPTSTK,PAGEIND,30-Jan-2025,2025-01-30,53000.00,CE,98.60,105.65,86.00,104.75,104.75,9,71.687475,840,-105,06-JAN-2025
OPTSTK,PAGEIND,27-Mar-2025,2025-03-27,53000.00,PE,0.00,0.00,0.00,5991.15,4970.90,0,0.00,0,0,06-JAN-2025
OPTSTK,PAGEIND,30-Jan-2025,2025-01-30,53000.00,PE,0.00,0.00,0.00,9188.50,4851.45,0,0.00,0,0,06-JAN-2025
OPTSTK,PAGEIND,27-Feb-2025,2025-02-27,48000.00,PE,0.00,0.00,0.00,1262.60,1518.20,0,0.00,15,0,06-JAN-2025
OPTSTK,PAGEIND,27-Feb-2025,2025-02-27,46500.00,PE,0.00,0.00,0.00,1690.50,911.45,0,0.00,0,0,06-JAN-2025
OPTSTK,PAGEIND,30-Jan-2025,2025-01-30,46500.00,CE,0.00,0.00,0.00,1960.00,2211.50,0,0.00,120,0,06-JAN-2025
OPTSTK,PAGEIND,30-Jan-2025,2025-01-30,46500.00,PE,589.95,589.95,523.05,523.05,505.85,12,84.7161975,1500,60,06-JAN-2025
OPTSTK,PAGEIND,30-Jan-2025,2025-01-30,44500.00,CE,0.00,0.00,0.00,3068.75,3828.80,0,0.00,15,0,06-JAN-2025
OPTSTK,PAGEIND,27-Feb-2025,2025-02-27,49500.00,CE,0.00,0.00,0.00,1508.70,1299.10,0,0.00,0,0,06-JAN-2025
OPTSTK,PAGEIND,30-Jan-2025,2025-01-30,52500.00,CE,124.95,140.05,110.20,140.00,140.00,51,402.600442,1155,345,06-JAN-2025
OPTSTK,PAGEIND,27-Feb-2025,2025-02-27,52500.00,PE,0.00,0.00,0.00,5468.95,4475.05,0,0.00,0,0,06-JAN-2025
OPTSTK,PAGEIND,30-Jan-2025,2025-01-30,38000.00,PE,0.00,0.00,0.00,20.40,0.05,0,0.00,60,0,06-JAN-2025
OPTSTK,PAGEIND,30-Jan-2025,2025-01-30,48000.00,PE,1135.00,1310.00,1006.60,1181.30,1181.30,385,2838.51236,4095,2055,06-JAN-2025
OPTSTK,PAGEIND,27-Mar-2025,2025-03-27,48000.00,CE,0.00,0.00,0.00,2683.80,2520.55,0,0.00,0,0,06-JAN-2025
OPTSTK,PAGEIND,27-Feb-2025,2025-02-27,48000.00,CE,0.00,0.00,0.00,1702.35,1977.25,0,0.00,0,0,06-JAN-2025
OPTSTK,PAGEIND,27-Feb-2025,2025-02-27,42000.00,CE,0.00,0.00,0.00,4708.80,6503.50,0,0.00,0,0,06-JAN-2025
OPTSTK,PAGEIND,27-Mar-2025,2025-03-27,42000.00,PE,0.00,0.00,0.00,617.70,224.20,0,0.00,0,0,06-JAN-2025
OPTSTK,TECHM,30-Jan-2025,2025-01-30,1560.00,CE,0.00,0.00,0.00,151.25,138.70,0,0.00,6600,0,06-JAN-2025
OPTSTK,ABBOTINDIA,27-Feb-2025,2025-02-27,27500.00,PE,0.00,0.00,0.00,1229.75,143.60,0,0.00,0,0,06-JAN-2025
OPTSTK,TECHM,27-Feb-2025,2025-02-27,1600.00,CE,0.00,0.00,0.00,137.80,126.85,0,0.00,600,0,06-JAN-2025
OPTSTK,ABBOTINDIA,27-Feb-2025,2025-02-27,30250.00,CE,0.00,0.00,0.00,710.35,975.85,0,0.00,0,0,06-JAN-2025
OPTSTK,ABBOTINDIA,30-Jan-2025,2025-01-30,30250.00,CE,0.00,0.00,0.00,368.25,588.65,0,0.00,0,0,06-JAN-2025
OPTSTK,ABBOTINDIA,27-Feb-2025,2025-02-27,26500.00,CE,0.00,0.00,0.00,2165.90,3756.50,0,0.00,0,0,06-JAN-2025
OPTSTK,ABBOTINDIA,27-Feb-2025,2025-02-27,29000.00,PE,660.00,660.00,660.00,660.00,468.80,1,5.932,20,0,06-JAN-2025
OPTSTK,TECHM,27-Feb-2025,2025-02-27,2040.00,PE,0.00,0.00,0.00,313.40,336.40,0,0.00,0,0,06-JAN-2025
FUTSTK,INDHOTEL,30-Jan-2025,2025-01-30,,,877.65,881.40,843.90,847.70,847.70,11562,99252.7545,16413000,-269000,06-JAN-2025
FUTSTK,ABBOTINDIA,27-Feb-2025,2025-02-27,,,29849.75,30268.85,29600.00,30236.00,30236.00,53,317.96856,1480,240,06-JAN-2025
OPTSTK,INDHOTEL,27-Feb-2025,2025-02-27,900.00,CE,23.90,24.30,17.60,18.40,18.40,12,110.4685,14000,7000,06-JAN-2025
OPTSTK,INDHOTEL,27-Feb-2025,2025-02-27,900.00,PE,0.00,0.00,0.00,128.85,68.10,0,0.00,0,0,06-JAN-2025
OPTSTK,INDHOTEL,27-Mar-2025,2025-03-27,920.00,CE,0.00,0.00,0.00,48.95,25.15,0,0.00,0,0,06-JAN-2025
FUTSTK,TECHM,27-Mar-2025,2025-03-27,,,1722.40,1730.00,1702.55,1708.90,1708.90,25,256.6536,29400,5400,06-JAN-2025
OPTSTK,ABBOTINDIA,27-Feb-2025,2025-02-27,29000.00,CE,0.00,0.00,0.00,963.45,1696.75,0,0.00,0,0,06-JAN-2025
OPTSTK,ABBOTINDIA,30-Jan-2025,2025-01-30,29000.00,PE,380.05,552.90,358.20,381.40,381.40,108,635.28515,1500,160,06-JAN-2025
OPTSTK,ABBOTINDIA,30-Jan-2025,2025-01-30,30750.00,PE,0.00,0.00,0.00,3268.60,1056.80,0,0.00,0,0,06-JAN-2025
OPTSTK,ABBOTINDIA,27-Feb-2025,2025-02-27,30750.00,PE,0.00,0.00,0.00,2332.00,1262.15,0,0.00,0,0,06-JAN-2025
OPTSTK,TECHM,27-Mar-2025,2025-03-27,1760.00,CE,0.00,0.00,0.00,90.25,60.70,0,0.00,0,0,06-JAN-2025
OPTSTK,TECHM,30-Jan-2025,2025-01-30,2000.00,PE,0.00,0.00,0.00,271.00,305.10,0,0.00,600,0,06-JAN-2025
OPTSTK,TECHM,30-Jan-2025,2025-01-30,1540.00,PE,5.00,9.35,5.00,9.15,9.15,304,2824.2729,106200,57000,06-JAN-2025
OPTSTK,TECHM,27-Feb-2025,2025-02-27,1660.00,CE,0.00,0.00,0.00,117.65,88.00,0,0.00,0,0,06-JAN-2025
OPTSTK,INDHOTEL,27-Feb-2025,2025-02-27,880.00,PE,0.00,0.00,0.00,113.85,54.90,0,0.00,0,0,06-JAN-2025
OPTSTK,TECHM,30-Jan-2025,2025-01-30,1860.00,PE,155.15,156.60,155.15,156.60,169.60,2,24.1905,3600,1200,06-JAN-2025
OPTSTK,TECHM,27-Feb-2025,2025-02-27,1860.00,CE,0.00,0.00,0.00,37.05,17.00,0,0.00,0,0,06-JAN-2025
OPTSTK,TECHM,30-Jan-2025,2025-01-30,2040.00,PE,0.00,0.00,0.00,403.80,344.75,0,0.00,0,0,06-JAN-2025
OPTSTK,TECHM,27-Mar-2025,2025-03-27,1840.00,CE,0.00,0.00,0.00,61.25,35.65,0,0.00,0,0,06-JAN-2025
OPTSTK,INDHOTEL,27-Feb-2025,2025-02-27,950.00,PE,0.00,0.00,0.00,96.90,106.45,0,0.00,0,0,06-JAN-2025
OPTSTK,INDHOTEL,30-Jan-2025,2025-01-30,880.00,PE,23.80,47.15,21.85,44.35,44.35,1231,11276.706,303000,-42000,06-JAN-2025
OPTSTK,INDHOTEL,27-Feb-2025,2025-02-27,880.00,CE,0.00,0.00,0.00,28.30,27.60,0,0.00,0,0,06-JAN-2025
OPTSTK,ABBOTINDIA,27-Feb-2025,2025-02-27,32500.00,PE,0.00,0.00,0.00,4760.80,2505.00,0,0.00,0,0,06-JAN-2025
OPTSTK,INDHOTEL,30-Jan-2025,2025-01-30,950.00,CE,3.50,3.70,1.75,2.15,2.15,1413,13458.513,365000,-63000,06-JAN-2025
OPTSTK,JSWSTEEL,30-Jan-2025,2025-01-30,1080.00,PE,0.00,0.00,0.00,123.90,174.40,0,0.00,0,0,06-JAN-2025
OPTSTK,JSWSTEEL,30-Jan-2025,2025-01-30,920.00,PE,26.50,35.10,24.80,33.95,33.95,550,3527.04915,328050,-8775,06-JAN-2025
OPTSTK,ICICIBANK,27-Mar-2025,2025-03-27,1260.00,CE,0.00,0.00,0.00,95.70,59.10,0,0.00,0,0,06-JAN-2025
OPTSTK,ICICIBANK,30-Jan-2025,2025-01-30,1460.00,CE,0.65,0.65,0.55,0.55,0.05,22,224.9331,167300,-9800,06-JAN-2025
OPTSTK,GRASIM,27-Feb-2025,2025-02-27,2040.00,CE,0.00,0.00,0.00,571.75,440.75,0,0.00,0,0,06-JAN-2025
OPTSTK,GRASIM,30-Jan-2025,2025-01-30,2840.00,PE,0.00,0.00,0.00,200.80,367.30,0,0.00,0,0,06-JAN-2025
OPTSTK,GRASIM,27-Mar-2025,2025-03-27,2640.00,PE,0.00,0.00,0.00,202.15,191.95,0,0.00,0,0,06-JAN-2025
OPTSTK,GRASIM,27-Mar-2025,2025-03-27,2200.00,PE,0.00,0.00,0.00,26.70,14.00,0,0.00,0,0,06-JAN-2025
OPTSTK,GRASIM,30-Jan-2025,2025-01-30,2420.00,PE,19.55,41.75,17.40,38.45,38.45,313,1917.73812,47250,-500,06-JAN-2025
OPTSTK,JSWSTEEL,27-Feb-2025,2025-02-27,880.00,PE,0.00,0.00,0.00,23.95,22.30,0,0.00,0,0,06-JAN-2025
OPTSTK,ICICIBANK,30-Jan-2025,2025-01-30,1320.00,PE,57.95,65.60,50.45,61.15,61.15,148,1428.651,431900,-34300,06-JAN-2025
OPTSTK,ICICIBANK,30-Jan-2025,2025-01-30,1320.00,CE,11.05,12.90,9.75,10.85,10.85,4030,37552.3904,1928500,-54600,06-JAN-2025
OPTSTK,ICICIBANK,27-Mar-2025,2025-03-27,1320.00,CE,0.00,0.00,0.00,63.05,31.95,0,0.00,0,0,06-JAN-2025
OPTSTK,GRASIM,30-Jan-2025,2025-01-30,2380.00,PE,15.35,29.75,12.80,26.70,26.70,262,1574.025,33500,-250,06-JAN-2025
OPTSTK,ICICIBANK,27-Feb-2025,2025-02-27,1440.00,CE,0.00,0.00,0.00,4.20,2.40,0,0.00,7000,0,06-JAN-2025
OPTSTK,JSWSTEEL,27-Mar-2025,2025-03-27,720.00,PE,0.00,0.00,0.00,2.85,0.95,0,0.00,0,0,06-JAN-2025
OPTSTK,JSWSTEEL,27-Feb-2025,2025-02-27,1060.00,PE,0.00,0.00,0.00,116.35,151.50,0,0.00,0,0,06-JAN-2025
OPTSTK,JSWSTEEL,30-Jan-2025,2025-01-30,1060.00,CE,0.60,1.10,0.60,0.80,0.20,4,28.6439625,35775,-675,06-JAN-2025
OPTSTK,JSWSTEEL,27-Feb-2025,2025-02-27,890.00,PE,23.45,23.45,23.45,23.45,26.35,1,6.1657875,8775,675,06-JAN-2025
OPTSTK,JSWSTEEL,30-Jan-2025,2025-01-30,890.00,PE,13.25,20.10,12.65,19.40,19.40,729,4461.96195,188325,53325,06-JAN-2025
OPTSTK,JSWSTEEL,30-Jan-2025,2025-01-30,820.00,PE,2.50,3.95,2.40,3.95,3.95,70,388.82295,103950,5400,06-JAN-2025
OPTSTK,JSWSTEEL,30-Jan-2025,2025-01-30,830.00,PE,2.90,5.00,2.90,5.00,5.00,138,777.1113,59400,18900,06-JAN-2025
OPTSTK,JSWSTEEL,27-Feb-2025,2025-02-27,830.00,PE,0.00,0.00,0.00,13.05,8.20,0,0.00,0,0,06-JAN-2025
OPTSTK,ICICIBANK,27-Feb-2025,2025-02-27,1330.00,PE,0.00,0.00,0.00,60.70,71.20,0,0.00,0,0,06-JAN-2025
OPTSTK,ICICIBANK,27-Feb-2025,2025-02-27,1330.00,CE,0.00,0.00,0.00,44.70,18.00,0,0.00,0,0,06-JAN-2025
OPTSTK,ICICIBANK,30-Jan-2025,2025-01-30,1330.00,PE,67.00,73.00,57.90,68.25,68.25,45,439.71235,189700,-14700,06-JAN-2025
OPTSTK,ICICIBANK,30-Jan-2025,2025-01-30,1330.00,CE,8.45,10.20,7.45,8.60,8.60,1637,15341.6025,709100,-120400,06-JAN-2025
OPTSTK,GRASIM,30-Jan-2025,2025-01-30,2680.00,PE,172.10,205.90,172.10,205.90,213.15,3,21.477,750,750,06-JAN-2025
OPTSTK,GRASIM,27-Feb-2025,2025-02-27,2680.00,CE,0.00,0.00,0.00,114.95,22.60,0,0.00,0,0,06-JAN-2025
OPTSTK,JSWSTEEL,27-Feb-2025,2025-02-27,970.00,CE,0.00,0.00,0.00,30.55,14.35,0,0.00,0,0,06-JAN-2025
OPTSTK,JSWSTEEL,27-Feb-2025,2025-02-27,970.00,PE,0.00,0.00,0.00,73.95,74.15,0,0.00,0,0,06-JAN-2025
OPTSTK,AUROPHARMA,27-Feb-2025,2025-02-27,1480.00,CE,0.00,0.00,0.00,19.60,10.30,0,0.00,0,0,06-JAN-2025
OPTSTK,AUROPHARMA,27-Mar-2025,2025-03-27,1480.00,CE,0.00,0.00,0.00,22.20,20.25,0,0.00,0,0,06-JAN-2025
OPTSTK,AUROPHARMA,27-Mar-2025,2025-03-27,1480.00,PE,0.00,0.00,0.00,219.20,165.70,0,0.00,0,0,06-JAN-2025
OPTSTK,AUROPHARMA,27-Mar-2025,2025-03-27,1160.00,CE,0.00,0.00,0.00,149.85,180.80,0,0.00,0,0,06-JAN-2025
OPTSTK,AUROPHARMA,27-Feb-2025,2025-02-27,1440.00,PE,0.00,0.00,0.00,201.75,130.10,0,0.00,0,0,06-JAN-2025
OPTSTK,AUROPHARMA,27-Feb-2025,2025-02-27,1460.00,PE,0.00,0.00,0.00,200.10,146.40,0,0.00,0,0,06-JAN-2025
OPTSTK,AUROPHARMA,30-Jan-2025,2025-01-30,1260.00,PE,13.15,16.85,10.70,14.55,14.55,826,5790.51935,240350,-3300,06-JAN-2025
OPTSTK,AUROPHARMA,30-Jan-2025,2025-01-30,1280.00,PE,17.80,22.85,16.60,20.00,20.00,365,2610.22575,204600,12100,06-JAN-2025
OPTSTK,AUROPHARMA,27-Mar-2025,2025-03-27,1280.00,CE,0.00,0.00,0.00,81.05,94.35,0,0.00,0,0,06-JAN-2025
OPTSTK,AUROPHARMA,27-Mar-2025,2025-03-27,1360.00,CE,0.00,0.00,0.00,50.20,54.60,0,0.00,0,0,06-JAN-2025
OPTSTK,AUROPHARMA,27-Feb-2025,2025-02-27,1560.00,CE,0.00,0.00,0.00,10.65,3.50,0,0.00,0,0,06-JAN-2025
OPTSTK,AUROPHARMA,27-Mar-2025,2025-03-27,1120.00,CE,0.00,0.00,0.00,178.70,215.35,0,0.00,0,0,06-JAN-2025
FUTSTK,AUROPHARMA,27-Mar-2025,2025-03-27,,,1343.10,1343.10,1330.80,1330.80,1332.35,4,29.48,22000,-2200,06-JAN-2025
OPTSTK,AUROPHARMA,27-Mar-2025,2025-03-27,1280.00,PE,0.00,0.00,0.00,81.70,42.75,0,0.00,0,0,06-JAN-2025
OPTSTK,AUROPHARMA,27-Mar-2025,2025-03-27,1200.00,CE,0.00,0.00,0.00,123.85,148.75,0,0.00,0,0,06-JAN-2025
OPTSTK,AUROPHARMA,27-Feb-2025,2025-02-27,1200.00,PE,13.35,13.35,13.35,13.35,11.35,1,6.673425,3300,550,06-JAN-2025
OPTSTK,AUROPHARMA,30-Jan-2025,2025-01-30,1120.00,CE,0.00,0.00,0.00,303.80,198.05,0,0.00,0,0,06-JAN-2025
OPTSTK,AUROPHARMA,30-Jan-2025,2025-01-30,1440.00,PE,121.50,122.40,121.50,122.40,125.55,3,25.77465,8250,-550,06-JAN-2025
OPTSTK,AUROPHARMA,30-Jan-2025,2025-01-30,1200.00,CE,129.25,129.25,120.00,128.40,128.40,11,80.100625,29150,1100,06-JAN-2025
OPTSTK,AUROPHARMA,30-Jan-2025,2025-01-30,1200.00,PE,4.25,6.60,4.10,5.60,5.60,446,2957.4479,322300,-20900,06-JAN-2025
OPTSTK,AUROPHARMA,30-Jan-2025,2025-01-30,1300.00,PE,24.20,31.10,21.20,27.10,27.10,1022,7460.23932,358600,50600,06-JAN-2025
OPTSTK,AUROPHARMA,30-Jan-2025,2025-01-30,1300.00,CE,50.60,51.55,39.45,48.05,48.05,702,5197.45875,265650,33000,06-JAN-2025
OPTSTK,AUROPHARMA,27-Mar-2025,2025-03-27,1520.00,CE,0.00,0.00,0.00,16.50,13.90,0,0.00,0,0,06-JAN-2025
OPTSTK,AUROPHARMA,27-Mar-2025,2025-03-27,1240.00,PE,0.00,0.00,0.00,62.25,28.80,0,0.00,0,0,06-JAN-2025
OPTSTK,AUROPHARMA,30-Jan-2025,2025-01-30,1240.00,PE,10.15,12.30,7.80,10.65,10.65,381,2620.4926,142450,4400,06-JAN-2025
OPTSTK,AUROPHARMA,27-Feb-2025,2025-02-27,1220.00,CE,0.00,0.00,0.00,95.25,119.80,0,0.00,0,0,06-JAN-2025
OPTSTK,AUROPHARMA,30-Jan-2025,2025-01-30,1160.00,CE,0.00,0.00,0.00,148.30,159.05,0,0.00,2750,0,06-JAN-2025
OPTSTK,AUROPHARMA,27-Mar-2025,2025-03-27,1440.00,CE,0.00,0.00,0.00,29.55,28.85,0,0.00,0,0,06-JAN-2025
OPTSTK,AUROPHARMA,27-Mar-2025,2025-03-27,1440.00,PE,0.00,0.00,0.00,187.30,134.90,0,0.00,0,0,06-JAN-2025
FUTSTK,AUROPHARMA,30-Jan-2025,2025-01-30,,,1327.35,1329.80,1307.60,1320.50,1320.50,3961,28718.7381,13878150,268950,06-JAN-2025
OPTSTK,AUROPHARMA,30-Jan-2025,2025-01-30,1280.00,CE,56.00,64.00,51.60,56.55,58.45,72,529.836725,168300,1100,06-JAN-2025
OPTSTK,BATAINDIA,30-Jan-2025,2025-01-30,1200.00,CE,0.00,0.00,0.00,187.70,229.35,0,0.00,0,0,06-JAN-2025
OPTSTK,BATAINDIA,30-Jan-2025,2025-01-30,1430.00,CE,52.65,52.65,30.25,31.65,31.65,154,846.3975,50625,5250,06-JAN-2025
OPTSTK,INDIGO,27-Feb-2025,2025-02-27,4750.00,PE,0.00,0.00,0.00,256.85,490.40,0,0.00,0,0,06-JAN-2025
OPTSTK,BATAINDIA,27-Feb-2025,2025-02-27,1460.00,PE,0.00,0.00,0.00,110.80,58.00,0,0.00,0,0,06-JAN-2025
OPTSTK,BATAINDIA,30-Jan-2025,2025-01-30,1460.00,PE,39.20,65.95,30.25,61.65,61.65,339,1916.47068,20250,-12375,06-JAN-2025
OPTSTK,INDIGO,27-Feb-2025,2025-02-27,4100.00,PE,0.00,0.00,0.00,164.90,100.45,0,0.00,0,0,06-JAN-2025
OPTSTK,INDIGO,30-Jan-2025,2025-01-30,4350.00,PE,56.15,187.50,54.20,166.85,166.85,1455,9785.9517,20250,9900,06-JAN-2025
OPTSTK,INDIGO,27-Feb-2025,2025-02-27,4350.00,CE,0.00,0.00,0.00,531.25,171.20,0,0.00,0,0,06-JAN-2025
OPTSTK,INDIGO,30-Jan-2025,2025-01-30,4350.00,CE,176.90,178.55,89.25,97.10,97.10,1134,7587.8799,18900,16950,06-JAN-2025
OPTSTK,INDIGO,27-Feb-2025,2025-02-27,5000.00,PE,0.00,0.00,0.00,682.50,707.05,0,0.00,0,0,06-JAN-2025
OPTSTK,INDIGO,27-Feb-2025,2025-02-27,5000.00,CE,41.65,43.75,22.30,23.30,23.30,26,196.03425,4050,2100,06-JAN-2025
OPTSTK,INDIGO,30-Jan-2025,2025-01-30,5000.00,PE,520.00,564.05,520.00,564.05,713.65,5,41.58135,9000,300,06-JAN-2025
OPTSTK,BATAINDIA,27-Feb-2025,2025-02-27,1310.00,PE,0.00,0.00,0.00,31.20,6.75,0,0.00,0,0,06-JAN-2025
OPTSTK,BATAINDIA,30-Jan-2025,2025-01-30,1310.00,CE,0.00,0.00,0.00,66.25,121.50,0,0.00,3375,0,06-JAN-2025
OPTSTK,INDIGO,30-Jan-2025,2025-01-30,4150.00,PE,26.25,92.35,18.70,80.40,80.40,1635,10329.8656,46500,34800,06-JAN-2025
OPTSTK,INDIGO,27-Feb-2025,2025-02-27,4750.00,CE,0.00,0.00,0.00,150.00,52.80,0,0.00,150,0,06-JAN-2025
OPTSTK,BATAINDIA,27-Feb-2025,2025-02-27,1260.00,CE,0.00,0.00,0.00,145.30,178.35,0,0.00,0,0,06-JAN-2025
OPTSTK,BATAINDIA,27-Feb-2025,2025-02-27,1320.00,CE,0.00,0.00,0.00,104.10,124.80,0,0.00,0,0,06-JAN-2025
OPTSTK,INDIGO,30-Jan-2025,2025-01-30,3850.00,PE,0.00,0.00,0.00,60.90,10.95,0,0.00,0,0,06-JAN-2025
OPTSTK,INDIGO,27-Feb-2025,2025-02-27,3850.00,CE,0.00,0.00,0.00,941.85,490.95,0,0.00,0,0,06-JAN-2025
OPTSTK,BATAINDIA,27-Feb-2025,2025-02-27,1310.00,CE,0.00,0.00,0.00,88.10,133.30,0,0.00,0,0,06-JAN-2025
OPTSTK,INDIGO,27-Feb-2025,2025-02-27,5050.00,CE,0.00,0.00,0.00,170.60,18.05,0,0.00,0,0,06-JAN-2025
OPTSTK,INDIGO,27-Feb-2025,2025-02-27,4400.00,CE,0.00,0.00,0.00,327.35,150.20,0,0.00,0,0,06-JAN-2025
OPTSTK,INDIGO,30-Jan-2025,2025-01-30,4050.00,CE,0.00,0.00,0.00,464.75,276.55,0,0.00,0,0,06-JAN-2025
OPTSTK,INDIGO,27-Feb-2025,2025-02-27,4050.00,CE,0.00,0.00,0.00,765.80,339.85,0,0.00,0,0,06-JAN-2025
OPTSTK,BATAINDIA,27-Feb-2025,2025-02-27,1330.00,CE,0.00,0.00,0.00,76.00,116.55,0,0.00,0,0,06-JAN-2025
OPTSTK,BATAINDIA,27-Feb-2025,2025-02-27,1330.00,PE,0.00,0.00,0.00,38.85,9.80,0,0.00,0,0,06-JAN-2025
OPTSTK,BATAINDIA,30-Jan-2025,2025-01-30,1330.00,CE,0.00,0.00,0.00,69.85,103.10,0,0.00,9375,0,06-JAN-2025
OPTSTK,INDIGO,30-Jan-2025,2025-01-30,4900.00,PE,602.85,602.85,602.85,602.85,616.80,2,16.50855,5100,0,06-JAN-2025
OPTSTK,INDIGO,30-Jan-2025,2025-01-30,4000.00,PE,11.45,52.00,9.05,44.75,44.75,5492,33245.1125,159750,48600,06-JAN-2025
OPTSTK,BATAINDIA,27-Feb-2025,2025-02-27,1300.00,CE,0.00,0.00,0.00,117.00,141.95,0,0.00,0,0,06-JAN-2025
OPTSTK,BATAINDIA,30-Jan-2025,2025-01-30,1220.00,PE,0.00,0.00,0.00,0.95,0.05,0,0.00,11250,0,06-JAN-2025
OPTSTK,UNIONBANK,27-Feb-2025,2025-02-27,101.00,PE,0.00,0.00,0.00,2.00,1.50,0,0.00,0,0,06-JAN-2025
OPTSTK,UNIONBANK,30-Jan-2025,2025-01-30,114.00,PE,4.90,5.40,4.10,4.75,4.75,232,1220.68271,424800,287625,06-JAN-2025
OPTSTK,ITC,27-Mar-2025,2025-03-27,450.00,CE,0.00,0.00,0.00,42.60,16.30,0,0.00,0,0,06-JAN-2025
OPTSTK,ITC,27-Feb-2025,2025-02-27,450.00,PE,15.00,22.25,13.00,20.60,20.60,195,1456.7832,70400,-990400,06-JAN-2025
OPTSTK,UNIONBANK,27-Feb-2025,2025-02-27,113.00,PE,0.00,0.00,0.00,5.50,5.35,0,0.00,0,0,06-JAN-2025
OPTSTK,UNIONBANK,30-Jan-2025,2025-01-30,129.00,CE,1.10,1.10,0.80,0.90,0.90,265,1523.94566,907125,438075,06-JAN-2025
OPTSTK,UNIONBANK,30-Jan-2025,2025-01-30,118.00,CE,4.55,4.70,3.00,3.30,3.30,380,2044.08007,464625,362850,06-JAN-2025
OPTSTK,ITC,30-Jan-2025,2025-01-30,425.00,CE,22.70,22.90,22.70,22.90,21.90,3,21.4952,1600,1600,06-JAN-2025
OPTSTK,UNIONBANK,27-Mar-2025,2025-03-27,104.00,CE,0.00,0.00,0.00,20.70,15.45,0,0.00,0,0,06-JAN-2025
OPTSTK,UNIONBANK,27-Mar-2025,2025-03-27,104.00,PE,0.00,0.00,0.00,3.80,3.20,0,0.00,0,0,06-JAN-2025
OPTSTK,UNIONBANK,27-Feb-2025,2025-02-27,104.00,PE,0.00,0.00,0.00,3.35,2.15,0,0.00,0,0,06-JAN-2025
OPTSTK,ITC,30-Jan-2025,2025-01-30,500.00,PE,39.00,58.15,36.95,56.00,56.00,34,298.8784,40000,-708800,06-JAN-2025
OPTSTK,ITC,27-Feb-2025,2025-02-27,485.00,CE,5.60,6.40,3.95,3.95,3.95,78,611.2528,46400,-48000,06-JAN-2025
OPTSTK,ITC,27-Feb-2025,2025-02-27,490.00,CE,0.00,0.00,0.00,0.05,1.95,0,0.00,0,-401600,06-JAN-2025
OPTSTK,ITC,27-Feb-2025,2025-02-27,420.00,PE,8.00,9.30,7.00,7.05,7.05,6,41.076,6400,-8000,06-JAN-2025
OPTSTK,ITC,27-Mar-2025,2025-03-27,480.00,CE,6.00,7.20,6.00,7.20,6.15,3,23.3664,4800,-27200,06-JAN-2025
OPTSTK,ITC,27-Feb-2025,2025-02-27,450.00,CE,16.55,17.20,13.65,14.15,14.15,78,580.6776,78400,44800,06-JAN-2025
OPTSTK,ITC,27-Feb-2025,2025-02-27,445.00,PE,0.00,0.00,0.00,4.45,12.45,0,0.00,0,0,06-JAN-2025
OPTSTK,ITC,27-Feb-2025,2025-02-27,485.00,PE,0.00,0.00,0.00,2.65,40.25,0,0.00,0,-86400,06-JAN-2025
OPTSTK,UNIONBANK,27-Feb-2025,2025-02-27,138.00,CE,0.00,0.00,0.00,6.20,1.05,0,0.00,0,0,06-JAN-2025
OPTSTK,UNIONBANK,30-Jan-2025,2025-01-30,135.00,CE,1.25,1.25,0.40,0.45,0.45,348,2086.88752,845175,-305325,06-JAN-2025
OPTSTK,ITC,27-Feb-2025,2025-02-27,455.00,CE,0.00,0.00,0.00,34.45,9.90,0,0.00,0,0,06-JAN-2025
OPTSTK,ITC,30-Jan-2025,2025-01-30,450.00,PE,6.00,16.75,4.05,13.40,13.40,6951,51247.6392,1006400,-1883200,06-JAN-2025
OPTSTK,UNIONBANK,30-Jan-2025,2025-01-30,130.00,PE,14.30,16.70,14.20,16.70,15.40,13,83.8626,225675,4425,06-JAN-2025
OPTSTK,ITC,27-Feb-2025,2025-02-27,460.00,PE,22.00,28.05,22.00,25.85,21.05,5,38.8712,8000,-126400,06-JAN-2025
OPTSTK,UNIONBANK,30-Jan-2025,2025-01-30,135.00,PE,0.00,0.00,0.00,16.70,20.00,0,0.00,0,0,06-JAN-2025
OPTSTK,UNIONBANK,27-Mar-2025,2025-03-27,96.00,CE,0.00,0.00,0.00,26.75,21.50,0,0.00,0,0,06-JAN-2025
OPTSTK,UNIONBANK,27-Mar-2025,2025-03-27,96.00,PE,0.00,0.00,0.00,1.95,1.40,0,0.00,0,0,06-JAN-2025
OPTSTK,UNIONBANK,30-Jan-2025,2025-01-30,103.00,CE,0.00,0.00,0.00,22.05,12.85,0,0.00,0,0,06-JAN-2025
OPTSTK,ITC,30-Jan-2025,2025-01-30,495.00,CE,1.40,1.95,0.70,0.80,0.80,623,4943.6328,291200,-1408000,06-JAN-2025
OPTSTK,UNIONBANK,27-Feb-2025,2025-02-27,103.00,PE,0.00,0.00,0.00,2.40,1.90,0,0.00,0,0,06-JAN-2025
OPTSTK,UNIONBANK,30-Jan-2025,2025-01-30,127.00,CE,2.25,2.25,1.00,1.10,1.10,401,2276.22663,911550,318600,06-JAN-2025
OPTSTK,SJVN,30-Jan-2025,2025-01-30,117.50,PE,0.00,0.00,0.00,9.80,15.30,0,0.00,23625,0,06-JAN-2025
OPTSTK,SJVN,27-Feb-2025,2025-02-27,122.50,CE,0.00,0.00,0.00,6.25,2.20,0,0.00,0,0,06-JAN-2025
OPTSTK,SJVN,27-Feb-2025,2025-02-27,122.50,PE,0.00,0.00,0.00,18.35,20.70,0,0.00,0,0,06-JAN-2025
OPTSTK,SJVN,30-Jan-2025,2025-01-30,122.50,PE,0.00,0.00,0.00,14.40,19.70,0,0.00,4725,0,06-JAN-2025
OPTSTK,SJVN,30-Jan-2025,2025-01-30,100.00,PE,1.70,3.85,1.60,3.75,3.75,858,4163.91333,1771875,42525,06-JAN-2025
OPTSTK,SJVN,30-Jan-2025,2025-01-30,100.00,CE,8.10,8.10,5.45,5.60,5.60,69,345.9645,368550,189000,06-JAN-2025
OPTSTK,SJVN,27-Feb-2025,2025-02-27,115.00,CE,2.25,2.25,2.25,2.25,3.75,1,5.5400625,4725,4725,06-JAN-2025
OPTSTK,SJVN,27-Feb-2025,2025-02-27,110.00,CE,3.50,3.50,3.50,3.50,5.25,2,10.72575,18900,9450,06-JAN-2025
OPTSTK,SJVN,30-Jan-2025,2025-01-30,110.00,PE,5.50,10.00,5.40,9.85,9.85,240,1325.53496,1356075,-23625,06-JAN-2025
OPTSTK,SJVN,27-Feb-2025,2025-02-27,110.00,PE,0.00,0.00,0.00,9.35,11.35,0,0.00,0,0,06-JAN-2025
OPTSTK,SJVN,27-Mar-2025,2025-03-27,110.00,PE,0.00,0.00,0.00,12.35,12.85,0,0.00,0,0,06-JAN-2025
FUTSTK,SJVN,30-Jan-2025,2025-01-30,,,109.00,109.84,101.55,101.93,101.93,2860,14065.5491,16835175,2145150,06-JAN-2025
FUTSTK,SJVN,27-Feb-2025,2025-02-27,,,108.12,108.12,100.69,101.16,101.16,281,1371.01970,1578150,278775,06-JAN-2025
OPTSTK,SJVN,27-Feb-2025,2025-02-27,120.00,PE,0.00,0.00,0.00,14.30,18.65,0,0.00,0,0,06-JAN-2025
OPTSTK,SJVN,27-Mar-2025,2025-03-27,100.00,PE,0.00,0.00,0.00,7.60,7.35,0,0.00,0,0,06-JAN-2025
OPTSTK,SJVN,27-Mar-2025,2025-03-27,100.00,CE,0.00,0.00,0.00,18.25,11.70,0,0.00,0,0,06-JAN-2025
OPTSTK,SJVN,30-Jan-2025,2025-01-30,135.00,CE,0.15,0.20,0.10,0.15,0.10,25,159.636487,685125,-9450,06-JAN-2025
FUTSTK,SJVN,27-Mar-2025,2025-03-27,,,106.06,106.46,100.80,101.30,101.30,31,151.363012,193725,23625,06-JAN-2025
OPTSTK,SJVN,27-Mar-2025,2025-03-27,115.00,PE,0.00,0.00,0.00,15.20,16.15,0,0.00,0,0,06-JAN-2025
OPTSTK,SJVN,27-Feb-2025,2025-02-27,90.00,PE,0.00,0.00,0.00,5.55,2.30,0,0.00,113400,0,06-JAN-2025
OPTSTK,SJVN,30-Jan-2025,2025-01-30,90.00,CE,0.00,0.00,0.00,30.85,14.15,0,0.00,0,0,06-JAN-2025
OPTSTK,SJVN,27-Feb-2025,2025-02-27,130.00,PE,0.00,0.00,0.00,20.30,27.15,0,0.00,0,0,06-JAN-2025
OPTSTK,SJVN,30-Jan-2025,2025-01-30,112.50,PE,6.95,11.20,6.95,11.20,11.25,32,183.344175,708750,23625,06-JAN-2025
OPTSTK,SJVN,27-Feb-2025,2025-02-27,112.50,PE,0.00,0.00,0.00,11.95,13.05,0,0.00,0,0,06-JAN-2025
OPTSTK,SJVN,27-Feb-2025,2025-02-27,100.00,PE,0.00,0.00,0.00,5.55,5.85,0,0.00,0,0,06-JAN-2025
OPTSTK,SJVN,30-Jan-2025,2025-01-30,105.00,CE,5.40,5.55,3.10,3.25,3.25,815,4184.75531,1757700,1275750,06-JAN-2025
OPTSTK,SJVN,27-Feb-2025,2025-02-27,105.00,CE,0.00,0.00,0.00,8.00,7.20,0,0.00,4725,0,06-JAN-2025
OPTSTK,SJVN,27-Mar-2025,2025-03-27,105.00,PE,0.00,0.00,0.00,9.80,9.90,0,0.00,0,0,06-JAN-2025
OPTSTK,SJVN,30-Jan-2025,2025-01-30,97.50,CE,7.95,8.60,7.10,7.20,7.20,12,59.6413125,42525,37800,06-JAN-2025
OPTSTK,SJVN,27-Feb-2025,2025-02-27,97.50,CE,0.00,0.00,0.00,17.60,11.05,0,0.00,0,0,06-JAN-2025
OPTSTK,SJVN,27-Feb-2025,2025-02-27,125.00,PE,0.00,0.00,0.00,17.20,22.80,0,0.00,0,0,06-JAN-2025
OPTSTK,CROMPTON,27-Mar-2025,2025-03-27,300.00,PE,0.00,0.00,0.00,1.30,1.00,0,0.00,0,0,06-JAN-2025
OPTSTK,CROMPTON,27-Feb-2025,2025-02-27,440.00,PE,0.00,0.00,0.00,44.70,66.40,0,0.00,0,0,06-JAN-2025
OPTSTK,CROMPTON,27-Mar-2025,2025-03-27,440.00,PE,0.00,0.00,0.00,52.30,66.30,0,0.00,0,0,06-JAN-2025
OPTSTK,CROMPTON,27-Mar-2025,2025-03-27,420.00,PE,0.00,0.00,0.00,38.85,49.65,0,0.00,0,0,06-JAN-2025
OPTSTK,CROMPTON,27-Feb-2025,2025-02-27,420.00,CE,0.00,0.00,0.00,26.85,3.55,0,0.00,0,0,06-JAN-2025
OPTSTK,CROMPTON,27-Feb-2025,2025-02-27,415.00,CE,0.00,0.00,0.00,16.40,4.30,0,0.00,0,0,06-JAN-2025
OPTSTK,CROMPTON,27-Feb-2025,2025-02-27,370.00,PE,17.50,18.35,17.50,18.35,14.40,2,13.9653,3600,3600,06-JAN-2025
FUTSTK,CROMPTON,27-Mar-2025,2025-03-27,,,384.00,385.00,375.65,378.30,376.50,19,130.077,43200,-1800,06-JAN-2025
OPTSTK,CROMPTON,30-Jan-2025,2025-01-30,390.00,CE,4.45,8.25,4.45,5.55,5.55,1704,12165.3144,496800,120600,06-JAN-2025
OPTSTK,CROMPTON,27-Mar-2025,2025-03-27,410.00,PE,0.00,0.00,0.00,32.80,42.00,0,0.00,0,0,06-JAN-2025
OPTSTK,CROMPTON,30-Jan-2025,2025-01-30,410.00,CE,1.75,2.70,1.60,1.80,1.80,467,3464.0919,482400,-9000,06-JAN-2025
OPTSTK,CROMPTON,27-Feb-2025,2025-02-27,400.00,CE,0.00,0.00,0.00,36.35,7.45,0,0.00,0,0,06-JAN-2025
OPTSTK,CROMPTON,27-Feb-2025,2025-02-27,400.00,PE,0.00,0.00,0.00,22.50,32.70,0,0.00,0,0,06-JAN-2025
OPTSTK,CROMPTON,27-Feb-2025,2025-02-27,335.00,CE,0.00,0.00,0.00,65.95,42.50,0,0.00,0,0,06-JAN-2025
OPTSTK,CROMPTON,27-Mar-2025,2025-03-27,320.00,CE,0.00,0.00,0.00,82.40,58.55,0,0.00,0,0,06-JAN-2025
OPTSTK,CROMPTON,30-Jan-2025,2025-01-30,320.00,PE,0.00,0.00,0.00,0.35,0.25,0,0.00,0,0,06-JAN-2025
OPTSTK,CROMPTON,27-Mar-2025,2025-03-27,340.00,CE,0.00,0.00,0.00,65.85,42.60,0,0.00,0,0,06-JAN-2025
OPTSTK,CROMPTON,30-Jan-2025,2025-01-30,340.00,PE,1.50,2.60,1.40,2.45,2.45,171,1052.7966,325800,-19800,06-JAN-2025
OPTSTK,CROMPTON,30-Jan-2025,2025-01-30,380.00,PE,11.00,16.80,9.30,15.90,15.90,493,3491.3619,282600,54000,06-JAN-2025
OPTSTK,CROMPTON,30-Jan-2025,2025-01-30,380.00,CE,8.25,13.10,7.95,9.00,9.00,3394,23862.2355,631800,154800,06-JAN-2025
OPTSTK,CROMPTON,27-Feb-2025,2025-02-27,405.00,CE,0.00,0.00,0.00,20.30,6.25,0,0.00,0,0,06-JAN-2025
OPTSTK,CROMPTON,30-Jan-2025,2025-01-30,405.00,CE,2.70,3.55,2.15,2.30,2.30,281,2062.953,286200,-9000,06-JAN-2025
OPTSTK,CROMPTON,27-Feb-2025,2025-02-27,405.00,PE,0.00,0.00,0.00,26.60,36.45,0,0.00,0,0,06-JAN-2025
OPTSTK,CROMPTON,27-Mar-2025,2025-03-27,350.00,PE,0.00,0.00,0.00,8.30,9.55,0,0.00,0,0,06-JAN-2025
OPTSTK,CROMPTON,27-Feb-2025,2025-02-27,350.00,PE,7.20,7.20,6.95,6.95,6.80,2,12.8547,36000,-1800,06-JAN-2025
OPTSTK,CROMPTON,27-Feb-2025,2025-02-27,345.00,PE,0.00,0.00,0.00,4.70,5.45,0,0.00,0,0,06-JAN-2025
OPTSTK,CROMPTON,27-Mar-2025,2025-03-27,430.00,PE,0.00,0.00,0.00,45.35,57.80,0,0.00,0,0,06-JAN-2025
OPTSTK,CROMPTON,27-Feb-2025,2025-02-27,430.00,PE,0.00,0.00,0.00,38.40,57.30,0,0.00,0,0,06-JAN-2025
FUTSTK,CROMPTON,27-Feb-2025,2025-02-27,,,376.30,385.35,372.80,375.10,375.10,141,961.9974,243000,-39600,06-JAN-2025
OPTSTK,CROMPTON,27-Feb-2025,2025-02-27,435.00,CE,0.00,0.00,0.00,10.35,1.90,0,0.00,0,0,06-JAN-2025
OPTSTK,CROMPTON,27-Mar-2025,2025-03-27,420.00,CE,0.00,0.00,0.00,20.00,6.75,0,0.00,0,0,06-JAN-2025
OPTSTK,CROMPTON,30-Jan-2025,2025-01-30,420.00,PE,0.00,0.00,0.00,50.75,47.95,0,0.00,19800,0,06-JAN-2025
OPTSTK,BANKINDIA,30-Jan-2025,2025-01-30,112.00,PE,0.00,0.00,0.00,7.80,12.30,0,0.00,0,0,06-JAN-2025
OPTSTK,BANKINDIA,30-Jan-2025,2025-01-30,112.00,CE,1.40,1.55,0.65,0.75,0.75,109,594.138437,791300,-38600,06-JAN-2025
OPTSTK,BANDHANBNK,27-Feb-2025,2025-02-27,145.00,CE,0.00,0.00,0.00,33.50,13.30,0,0.00,0,0,06-JAN-2025
OPTSTK,BANDHANBNK,30-Jan-2025,2025-01-30,145.00,PE,1.30,3.20,1.00,2.80,2.80,1181,4865.8456,2304400,397600,06-JAN-2025
OPTSTK,BANKINDIA,30-Jan-2025,2025-01-30,92.00,CE,0.00,0.00,0.00,22.40,9.15,0,0.00,0,0,06-JAN-2025
OPTSTK,BANDHANBNK,30-Jan-2025,2025-01-30,167.50,CE,3.15,3.15,1.30,1.40,1.40,593,2811.242,935200,364000,06-JAN-2025
OPTSTK,BANDHANBNK,27-Feb-2025,2025-02-27,167.50,PE,0.00,0.00,0.00,14.90,18.25,0,0.00,0,0,06-JAN-2025
OPTSTK,BANDHANBNK,30-Jan-2025,2025-01-30,197.50,CE,0.00,0.00,0.00,0.15,0.05,0,0.00,5600,0,06-JAN-2025
OPTSTK,BANDHANBNK,27-Feb-2025,2025-02-27,150.00,PE,3.65,7.70,3.65,7.10,7.10,80,349.0746,266000,75600,06-JAN-2025
OPTSTK,BANKINDIA,30-Jan-2025,2025-01-30,88.00,CE,0.00,0.00,0.00,25.80,12.55,0,0.00,0,0,06-JAN-2025
OPTSTK,BANKINDIA,27-Feb-2025,2025-02-27,112.00,CE,0.00,0.00,0.00,11.10,1.95,0,0.00,0,0,06-JAN-2025
OPTSTK,BANDHANBNK,30-Jan-2025,2025-01-30,182.50,PE,0.00,0.00,0.00,22.35,30.35,0,0.00,19600,0,06-JAN-2025
OPTSTK,BANKINDIA,27-Feb-2025,2025-02-27,112.00,PE,0.00,0.00,0.00,9.15,13.10,0,0.00,0,0,06-JAN-2025
OPTSTK,BANKINDIA,27-Feb-2025,2025-02-27,110.00,CE,3.90,3.90,2.15,2.25,2.25,25,136.236287,86850,67550,06-JAN-2025
OPTSTK,BANKINDIA,30-Jan-2025,2025-01-30,110.00,PE,6.80,11.85,6.80,11.85,10.60,72,411.7076,405300,14475,06-JAN-2025
OPTSTK,BANKINDIA,27-Mar-2025,2025-03-27,110.00,CE,0.00,0.00,0.00,7.20,3.75,0,0.00,0,0,06-JAN-2025
OPTSTK,BANKINDIA,27-Mar-2025,2025-03-27,110.00,PE,0.00,0.00,0.00,12.05,12.35,0,0.00,0,0,06-JAN-2025
OPTSTK,BANKINDIA,30-Jan-2025,2025-01-30,110.00,CE,2.30,2.30,0.90,1.05,1.05,890,4778.99362,2624800,496975,06-JAN-2025
OPTSTK,BANKINDIA,27-Feb-2025,2025-02-27,110.00,PE,0.00,0.00,0.00,8.20,11.55,0,0.00,0,0,06-JAN-2025
OPTSTK,BANDHANBNK,27-Feb-2025,2025-02-27,167.50,CE,0.00,0.00,0.00,10.95,3.95,0,0.00,0,0,06-JAN-2025
OPTSTK,BANDHANBNK,30-Jan-2025,2025-01-30,167.50,PE,10.25,16.85,10.20,16.70,16.70,34,172.9224,123200,42000,06-JAN-2025
FUTSTK,BANKINDIA,27-Feb-2025,2025-02-27,,,107.01,107.20,98.80,99.52,99.52,673,3298.16976,2195375,622425,06-JAN-2025
OPTSTK,BANKINDIA,30-Jan-2025,2025-01-30,93.00,CE,0.00,0.00,0.00,21.55,8.35,0,0.00,0,0,06-JAN-2025
OPTSTK,BANKINDIA,27-Feb-2025,2025-02-27,93.00,CE,0.00,0.00,0.00,14.30,10.10,0,0.00,0,0,06-JAN-2025
OPTSTK,BANKINDIA,27-Feb-2025,2025-02-27,93.00,PE,0.00,0.00,0.00,2.95,2.40,0,0.00,0,0,06-JAN-2025
OPTSTK,BANKINDIA,30-Jan-2025,2025-01-30,93.00,PE,0.95,1.95,0.90,1.85,1.85,219,996.673712,651375,4825,06-JAN-2025
OPTSTK,BANKINDIA,27-Feb-2025,2025-02-27,96.00,CE,0.00,0.00,0.00,20.70,8.15,0,0.00,0,0,06-JAN-2025
OPTSTK,BANKINDIA,30-Jan-2025,2025-01-30,103.00,PE,3.45,6.50,3.45,6.25,6.25,103,533.7029,299150,-28950,06-JAN-2025
OPTSTK,BANKINDIA,27-Mar-2025,2025-03-27,120.00,PE,0.00,0.00,0.00,18.90,20.10,0,0.00,0,0,06-JAN-2025
OPTSTK,BANDHANBNK,27-Feb-2025,2025-02-27,172.50,PE,0.00,0.00,0.00,13.80,22.10,0,0.00,61600,0,06-JAN-2025
OPTSTK,BANDHANBNK,27-Feb-2025,2025-02-27,172.50,CE,0.00,0.00,0.00,4.05,2.85,0,0.00,28000,0,06-JAN-2025
OPTSTK,POWERGRID,30-Jan-2025,2025-01-30,330.00,CE,2.00,2.00,1.05,1.20,1.20,1697,10122.9651,4359600,-207000,06-JAN-2025
OPTSTK,POWERGRID,27-Feb-2025,2025-02-27,330.00,CE,4.70,5.00,3.40,3.75,3.75,41,246.4614,145800,-19800,06-JAN-2025
OPTSTK,POWERGRID,27-Feb-2025,2025-02-27,330.00,PE,0.00,0.00,0.00,18.75,26.15,0,0.00,91800,0,06-JAN-2025
OPTSTK,POWERGRID,27-Feb-2025,2025-02-27,290.00,PE,0.00,0.00,0.00,5.20,5.20,0,0.00,0,0,06-JAN-2025
OPTSTK,POWERGRID,30-Jan-2025,2025-01-30,290.00,CE,22.95,22.95,19.15,19.45,19.45,30,167.355,48600,10800,06-JAN-2025
OPTSTK,POWERGRID,27-Feb-2025,2025-02-27,300.00,CE,0.00,0.00,0.00,46.55,17.50,0,0.00,0,0,06-JAN-2025
OPTSTK,POWERGRID,27-Mar-2025,2025-03-27,300.00,CE,0.00,0.00,0.00,29.10,21.30,0,0.00,0,0,06-JAN-2025
OPTSTK,POWERGRID,30-Jan-2025,2025-01-30,300.00,CE,16.05,16.20,11.30,12.35,12.35,102,574.7148,498600,23400,06-JAN-2025
OPTSTK,POWERGRID,30-Jan-2025,2025-01-30,275.00,PE,0.35,0.80,0.35,0.75,0.75,125,620.0379,207000,68400,06-JAN-2025
OPTSTK,POWERGRID,27-Feb-2025,2025-02-27,360.00,PE,0.00,0.00,0.00,34.90,51.65,0,0.00,0,0,06-JAN-2025
OPTSTK,POWERGRID,27-Feb-2025,2025-02-27,275.00,PE,0.00,0.00,0.00,3.75,2.00,0,0.00,0,0,06-JAN-2025
OPTSTK,POWERGRID,30-Jan-2025,2025-01-30,285.00,CE,24.45,24.50,24.10,24.15,24.15,6,33.3999,16200,-10800,06-JAN-2025
OPTSTK,POWERGRID,27-Feb-2025,2025-02-27,285.00,CE,0.00,0.00,0.00,34.85,27.60,0,0.00,0,0,06-JAN-2025
OPTSTK,POWERGRID,27-Mar-2025,2025-03-27,360.00,CE,0.00,0.00,0.00,7.00,2.70,0,0.00,0,0,06-JAN-2025
OPTSTK,POWERGRID,27-Feb-2025,2025-02-27,360.00,CE,0.00,0.00,0.00,15.05,1.10,0,0.00,0,0,06-JAN-2025
OPTSTK,POWERGRID,30-Jan-2025,2025-01-30,320.00,PE,8.90,15.90,8.90,15.05,15.05,495,2959.1964,1431000,-43200,06-JAN-2025
OPTSTK,POWERGRID,27-Mar-2025,2025-03-27,320.00,CE,0.00,0.00,0.00,19.05,11.85,0,0.00,0,0,06-JAN-2025
OPTSTK,POWERGRID,30-Jan-2025,2025-01-30,335.00,CE,1.30,1.30,0.75,0.80,0.80,650,3930.606,550800,-48600,06-JAN-2025
OPTSTK,POWERGRID,27-Feb-2025,2025-02-27,320.00,PE,0.00,0.00,0.00,13.95,19.20,0,0.00,0,0,06-JAN-2025
OPTSTK,POWERGRID,27-Mar-2025,2025-03-27,260.00,PE,0.00,0.00,0.00,2.90,1.40,0,0.00,0,0,06-JAN-2025
OPTSTK,POWERGRID,27-Feb-2025,2025-02-27,260.00,CE,0.00,0.00,0.00,79.70,49.10,0,0.00,0,0,06-JAN-2025
OPTSTK,POWERGRID,30-Jan-2025,2025-01-30,295.00,CE,20.75,20.80,15.25,16.00,16.00,20,112.248,64800,-14400,06-JAN-2025
OPTSTK,POWERGRID,27-Feb-2025,2025-02-27,295.00,CE,0.00,0.00,0.00,28.00,20.60,0,0.00,0,0,06-JAN-2025
OPTSTK,POWERGRID,27-Feb-2025,2025-02-27,285.00,PE,0.00,0.00,0.00,5.95,3.90,0,0.00,0,0,06-JAN-2025
OPTSTK,POWERGRID,30-Jan-2025,2025-01-30,285.00,PE,0.60,1.65,0.60,1.55,1.55,437,2251.0683,273600,-3600,06-JAN-2025
OPTSTK,POWERGRID,27-Feb-2025,2025-02-27,340.00,PE,0.00,0.00,0.00,32.00,34.00,0,0.00,63000,0,06-JAN-2025
OPTSTK,POWERGRID,27-Feb-2025,2025-02-27,305.00,CE,0.00,0.00,0.00,22.05,14.75,0,0.00,0,0,06-JAN-2025
OPTSTK,POWERGRID,30-Jan-2025,2025-01-30,305.00,PE,2.70,6.75,2.70,6.20,6.20,1156,6449.346,536400,-25200,06-JAN-2025
OPTSTK,POWERGRID,27-Feb-2025,2025-02-27,305.00,PE,0.00,0.00,0.00,12.90,10.80,0,0.00,0,0,06-JAN-2025
OPTSTK,POWERGRID,30-Jan-2025,2025-01-30,360.00,PE,0.00,0.00,0.00,46.35,52.50,0,0.00,45000,0,06-JAN-2025
OPTSTK,POWERGRID,27-Feb-2025,2025-02-27,350.00,CE,1.85,1.85,1.45,1.50,1.50,14,88.614,118800,-5400,06-JAN-2025
OPTSTK,POWERGRID,27-Feb-2025,2025-02-27,345.00,PE,0.00,0.00,0.00,37.30,38.25,0,0.00,0,0,06-JAN-2025
OPTSTK,CANFINHOME,27-Feb-2025,2025-02-27,790.00,CE,0.00,0.00,0.00,24.95,8.45,0,0.00,0,0,06-JAN-2025
OPTSTK,CANFINHOME,30-Jan-2025,2025-01-30,790.00,CE,4.05,4.75,2.05,2.35,2.35,330,2552.05518,105300,-12675,06-JAN-2025
OPTSTK,CANFINHOME,27-Feb-2025,2025-02-27,820.00,PE,0.00,0.00,0.00,54.85,119.10,0,0.00,0,0,06-JAN-2025
OPTSTK,CANFINHOME,30-Jan-2025,2025-01-30,820.00,PE,0.00,0.00,0.00,87.00,119.30,0,0.00,975,0,06-JAN-2025
OPTSTK,CANFINHOME,30-Jan-2025,2025-01-30,820.00,CE,1.95,2.00,0.95,1.00,1.00,148,1185.19586,110175,-15600,06-JAN-2025
OPTSTK,CANFINHOME,30-Jan-2025,2025-01-30,760.00,PE,46.80,53.70,46.80,53.70,64.15,4,31.6548375,131625,0,06-JAN-2025
OPTSTK,CANFINHOME,27-Feb-2025,2025-02-27,770.00,CE,0.00,0.00,0.00,31.25,12.10,0,0.00,0,0,06-JAN-2025
OPTSTK,CANFINHOME,30-Jan-2025,2025-01-30,770.00,PE,51.20,51.20,51.20,51.20,72.70,1,8.0067,191100,975,06-JAN-2025
OPTSTK,CANFINHOME,27-Feb-2025,2025-02-27,680.00,CE,0.00,0.00,0.00,164.55,46.90,0,0.00,0,0,06-JAN-2025
OPTSTK,CANFINHOME,27-Feb-2025,2025-02-27,680.00,PE,0.00,0.00,0.00,10.45,22.65,0,0.00,0,0,06-JAN-2025
OPTSTK,CANFINHOME,30-Jan-2025,2025-01-30,850.00,PE,0.00,0.00,0.00,99.00,148.70,0,0.00,39000,0,06-JAN-2025
OPTSTK,CANFINHOME,30-Jan-2025,2025-01-30,980.00,CE,0.00,0.00,0.00,0.35,0.05,0,0.00,975,0,06-JAN-2025
OPTSTK,CANFINHOME,27-Feb-2025,2025-02-27,670.00,CE,0.00,0.00,0.00,82.10,52.95,0,0.00,0,0,06-JAN-2025
OPTSTK,CANFINHOME,30-Jan-2025,2025-01-30,740.00,PE,32.10,49.35,32.00,48.80,48.80,12,91.1118,117000,-3900,06-JAN-2025
OPTSTK,CANFINHOME,27-Feb-2025,2025-02-27,810.00,CE,0.00,0.00,0.00,19.75,5.75,0,0.00,0,0,06-JAN-2025
OPTSTK,CANFINHOME,30-Jan-2025,2025-01-30,780.00,PE,61.20,73.10,59.00,73.10,81.65,16,131.954062,52650,975,06-JAN-2025
OPTSTK,CANFINHOME,30-Jan-2025,2025-01-30,810.00,PE,0.00,0.00,0.00,41.85,109.70,0,0.00,0,0,06-JAN-2025
OPTSTK,CANFINHOME,30-Jan-2025,2025-01-30,880.00,PE,0.00,0.00,0.00,66.75,178.40,0,0.00,0,0,06-JAN-2025
OPTSTK,CANFINHOME,27-Feb-2025,2025-02-27,740.00,CE,0.00,0.00,0.00,119.05,20.00,0,0.00,0,0,06-JAN-2025
OPTSTK,CANFINHOME,30-Jan-2025,2025-01-30,720.00,PE,19.05,36.80,17.30,34.10,34.10,302,2194.31647,181350,12675,06-JAN-2025
OPTSTK,CANFINHOME,27-Feb-2025,2025-02-27,700.00,CE,0.00,0.00,0.00,148.55,36.10,0,0.00,0,0,06-JAN-2025
OPTSTK,CANFINHOME,30-Jan-2025,2025-01-30,700.00,CE,36.05,36.05,22.85,24.80,24.80,350,2478.55481,140400,97500,06-JAN-2025
OPTSTK,CANFINHOME,30-Jan-2025,2025-01-30,600.00,CE,0.00,0.00,0.00,280.15,101.05,0,0.00,0,0,06-JAN-2025
OPTSTK,CANFINHOME,27-Feb-2025,2025-02-27,600.00,PE,0.00,0.00,0.00,2.40,3.45,0,0.00,0,0,06-JAN-2025
OPTSTK,CANFINHOME,30-Jan-2025,2025-01-30,750.00,PE,33.05,57.50,33.05,57.50,57.50,32,248.371012,255450,-5850,06-JAN-2025
OPTSTK,CANFINHOME,30-Jan-2025,2025-01-30,770.00,CE,8.45,8.50,3.55,4.10,4.10,275,2079.16458,224250,-23400,06-JAN-2025
OPTSTK,CANFINHOME,30-Jan-2025,2025-01-30,680.00,PE,6.45,16.75,6.30,15.20,15.20,435,2936.62687,223275,67275,06-JAN-2025
OPTSTK,CANFINHOME,27-Feb-2025,2025-02-27,720.00,PE,0.00,0.00,0.00,28.65,42.55,0,0.00,9750,0,06-JAN-2025
OPTSTK,CANFINHOME,27-Feb-2025,2025-02-27,650.00,CE,0.00,0.00,0.00,96.30,66.45,0,0.00,0,0,06-JAN-2025
OPTSTK,CANFINHOME,27-Feb-2025,2025-02-27,690.00,PE,0.00,0.00,0.00,26.65,26.90,0,0.00,0,0,06-JAN-2025
OPTSTK,CANFINHOME,30-Jan-2025,2025-01-30,690.00,CE,36.50,38.80,28.30,29.85,29.85,33,231.942262,16575,15600,06-JAN-2025
OPTSTK,HAVELLS,30-Jan-2025,2025-01-30,1680.00,PE,34.00,71.00,31.90,66.80,66.80,656,5688.98325,84000,10000,06-JAN-2025
OPTSTK,HAVELLS,27-Feb-2025,2025-02-27,1500.00,CE,0.00,0.00,0.00,210.45,169.95,0,0.00,0,0,06-JAN-2025
OPTSTK,HAVELLS,27-Mar-2025,2025-03-27,1680.00,CE,0.00,0.00,0.00,110.35,70.40,0,0.00,0,0,06-JAN-2025
OPTSTK,HAVELLS,30-Jan-2025,2025-01-30,1920.00,CE,0.00,0.00,0.00,13.05,0.30,0,0.00,2000,0,06-JAN-2025
OPTSTK,HAVELLS,27-Feb-2025,2025-02-27,1880.00,PE,0.00,0.00,0.00,181.15,222.55,0,0.00,0,0,06-JAN-2025
OPTSTK,HAVELLS,30-Jan-2025,2025-01-30,1880.00,CE,3.75,3.90,2.60,2.75,0.80,61,574.30725,42500,-1000,06-JAN-2025
OPTSTK,HAVELLS,27-Mar-2025,2025-03-27,1880.00,PE,0.00,0.00,0.00,208.60,221.70,0,0.00,0,0,06-JAN-2025
OPTSTK,HAVELLS,27-Mar-2025,2025-03-27,1760.00,PE,0.00,0.00,0.00,126.75,128.60,0,0.00,0,0,06-JAN-2025
OPTSTK,HAVELLS,30-Jan-2025,2025-01-30,1840.00,PE,0.00,0.00,0.00,208.35,187.65,0,0.00,0,0,06-JAN-2025
OPTSTK,HAVELLS,27-Mar-2025,2025-03-27,1840.00,CE,0.00,0.00,0.00,48.85,21.65,0,0.00,0,0,06-JAN-2025
OPTSTK,HAVELLS,30-Jan-2025,2025-01-30,1620.00,PE,15.00,40.55,15.00,37.60,37.60,426,3512.23475,56500,7500,06-JAN-2025
OPTSTK,HAVELLS,27-Mar-2025,2025-03-27,1520.00,CE,0.00,0.00,0.00,211.60,168.75,0,0.00,0,0,06-JAN-2025
OPTSTK,HAVELLS,30-Jan-2025,2025-01-30,1740.00,CE,28.00,28.80,16.45,17.15,17.15,925,8143.35725,96000,14000,06-JAN-2025
OPTSTK,HAVELLS,30-Jan-2025,2025-01-30,1460.00,CE,0.00,0.00,0.00,282.55,193.40,0,0.00,0,0,06-JAN-2025
OPTSTK,HAVELLS,27-Feb-2025,2025-02-27,1860.00,PE,0.00,0.00,0.00,187.95,204.60,0,0.00,0,0,06-JAN-2025
OPTSTK,HAVELLS,27-Feb-2025,2025-02-27,1780.00,CE,0.00,0.00,0.00,48.45,20.60,0,0.00,0,0,06-JAN-2025
OPTSTK,HAVELLS,30-Jan-2025,2025-01-30,1440.00,PE,2.10,4.85,2.05,4.40,4.40,109,786.8705,44000,8500,06-JAN-2025
OPTSTK,HAVELLS,27-Feb-2025,2025-02-27,1440.00,CE,0.00,0.00,0.00,313.60,223.45,0,0.00,0,0,06-JAN-2025
OPTSTK,HAVELLS,27-Feb-2025,2025-02-27,1700.00,PE,0.00,0.00,0.00,82.10,81.60,0,0.00,0,0,06-JAN-2025
OPTSTK,HAVELLS,30-Jan-2025,2025-01-30,2000.00,CE,1.00,1.05,0.50,0.55,0.55,11,110.045,5500,-500,06-JAN-2025
OPTSTK,HAVELLS,27-Feb-2025,2025-02-27,1460.00,PE,0.00,0.00,0.00,9.60,5.05,0,0.00,0,0,06-JAN-2025
OPTSTK,HAVELLS,30-Jan-2025,2025-01-30,1520.00,PE,4.25,13.35,4.05,11.90,11.90,281,2147.033,64000,14000,06-JAN-2025
OPTSTK,HAVELLS,30-Jan-2025,2025-01-30,1360.00,CE,0.00,0.00,0.00,311.65,292.15,0,0.00,0,0,06-JAN-2025
OPTSTK,HAVELLS,27-Feb-2025,2025-02-27,1500.00,PE,0.00,0.00,0.00,15.25,9.50,0,0.00,0,0,06-JAN-2025
OPTSTK,HAVELLS,27-Feb-2025,2025-02-27,1520.00,CE,0.00,0.00,0.00,246.50,153.30,0,0.00,0,0,06-JAN-2025
OPTSTK,HAVELLS,30-Jan-2025,2025-01-30,1520.00,CE,147.65,152.90,147.60,152.90,136.85,3,25.04075,2500,1000,06-JAN-2025
OPTSTK,HAVELLS,30-Jan-2025,2025-01-30,1720.00,CE,36.45,36.45,21.35,22.30,22.30,671,5859.7645,91000,-12000,06-JAN-2025
OPTSTK,HAVELLS,27-Mar-2025,2025-03-27,1520.00,PE,0.00,0.00,0.00,27.75,20.35,0,0.00,0,0,06-JAN-2025
OPTSTK,HAVELLS,27-Mar-2025,2025-03-27,1600.00,PE,0.00,0.00,0.00,50.70,43.55,0,0.00,0,0,06-JAN-2025
FUTSTK,HAVELLS,30-Jan-2025,2025-01-30,,,1705.00,1710.05,1641.20,1648.50,1648.50,4952,41216.838,8950500,448000,06-JAN-2025
OPTSTK,HAVELLS,27-Feb-2025,2025-02-27,1820.00,PE,0.00,0.00,0.00,157.65,169.90,0,0.00,0,0,06-JAN-2025
FUTSTK,HAVELLS,27-Mar-2025,2025-03-27,,,1705.00,1705.25,1671.25,1671.25,1671.25,6,50.8375,3500,-500,06-JAN-2025
OPTSTK,IRFC,30-Jan-2025,2025-01-30,132.50,CE,18.65,18.65,18.65,18.65,15.65,1,5.3280375,109275,0,06-JAN-2025
OPTSTK,IRFC,27-Mar-2025,2025-03-27,175.00,CE,0.00,0.00,0.00,8.55,4.70,0,0.00,0,0,06-JAN-2025
OPTSTK,IRFC,30-Jan-2025,2025-01-30,175.00,PE,32.00,32.00,32.00,32.00,29.45,1,7.29675,14100,0,06-JAN-2025
OPTSTK,DELHIVERY,30-Jan-2025,2025-01-30,380.00,CE,1.35,1.65,1.00,1.55,1.55,320,1860.99028,442250,-64050,06-JAN-2025
OPTSTK,DELHIVERY,27-Mar-2025,2025-03-27,350.00,CE,0.00,0.00,0.00,31.60,17.70,0,0.00,0,0,06-JAN-2025
OPTSTK,DELHIVERY,27-Mar-2025,2025-03-27,320.00,PE,0.00,0.00,0.00,12.15,11.00,0,0.00,0,0,06-JAN-2025
OPTSTK,DELHIVERY,30-Jan-2025,2025-01-30,345.00,PE,17.00,20.30,15.85,17.55,17.55,53,293.0989,96075,-24400,06-JAN-2025
OPTSTK,DELHIVERY,27-Feb-2025,2025-02-27,360.00,PE,0.00,0.00,0.00,32.40,28.45,0,0.00,0,0,06-JAN-2025
OPTSTK,IRFC,27-Feb-2025,2025-02-27,145.00,PE,0.00,0.00,0.00,12.55,9.70,0,0.00,0,0,06-JAN-2025
OPTSTK,IRFC,27-Feb-2025,2025-02-27,155.00,CE,6.45,6.45,5.00,5.85,5.85,12,67.8615375,59925,-24675,06-JAN-2025
OPTSTK,IRFC,27-Mar-2025,2025-03-27,130.00,CE,0.00,0.00,0.00,27.30,22.90,0,0.00,0,0,06-JAN-2025
OPTSTK,DELHIVERY,30-Jan-2025,2025-01-30,370.00,PE,41.10,41.10,35.75,36.55,36.55,6,37.2626125,97600,7625,06-JAN-2025
OPTSTK,DELHIVERY,30-Jan-2025,2025-01-30,370.00,CE,2.40,2.60,1.60,2.40,2.40,377,2139.83806,628300,61000,06-JAN-2025
OPTSTK,IRFC,30-Jan-2025,2025-01-30,135.00,CE,17.05,17.05,11.90,12.35,12.35,26,136.606087,162150,7050,06-JAN-2025
OPTSTK,IRFC,27-Feb-2025,2025-02-27,135.00,PE,0.00,0.00,0.00,3.95,5.40,0,0.00,7050,0,06-JAN-2025
OPTSTK,IRFC,27-Feb-2025,2025-02-27,120.00,PE,0.00,0.00,0.00,4.10,1.65,0,0.00,0,0,06-JAN-2025
OPTSTK,DELHIVERY,30-Jan-2025,2025-01-30,400.00,PE,0.00,0.00,0.00,54.40,61.00,0,0.00,21350,0,06-JAN-2025
OPTSTK,DELHIVERY,30-Jan-2025,2025-01-30,400.00,CE,0.70,0.85,0.50,0.75,0.75,199,1216.03881,924150,-56425,06-JAN-2025
OPTSTK,IRFC,27-Feb-2025,2025-02-27,172.50,PE,0.00,0.00,0.00,29.75,28.45,0,0.00,0,0,06-JAN-2025
OPTSTK,DELHIVERY,27-Feb-2025,2025-02-27,335.00,PE,0.00,0.00,0.00,14.05,14.00,0,0.00,0,0,06-JAN-2025
OPTSTK,IRFC,27-Feb-2025,2025-02-27,175.00,CE,0.00,0.00,0.00,1.40,2.60,0,0.00,0,0,06-JAN-2025
OPTSTK,IRFC,27-Mar-2025,2025-03-27,160.00,CE,0.00,0.00,0.00,12.95,8.45,0,0.00,0,0,06-JAN-2025
OPTSTK,DELHIVERY,27-Mar-2025,2025-03-27,390.00,PE,0.00,0.00,0.00,48.10,53.05,0,0.00,0,0,06-JAN-2025
OPTSTK,DELHIVERY,27-Feb-2025,2025-02-27,325.00,CE,0.00,0.00,0.00,40.50,25.45,0,0.00,0,0,06-JAN-2025
OPTSTK,DELHIVERY,30-Jan-2025,2025-01-30,305.00,CE,32.65,32.65,32.50,32.60,32.60,5,25.740475,6100,6100,06-JAN-2025
OPTSTK,DELHIVERY,27-Feb-2025,2025-02-27,305.00,CE,0.00,0.00,0.00,55.10,39.60,0,0.00,0,0,06-JAN-2025
OPTSTK,IRFC,30-Jan-2025,2025-01-30,142.50,PE,2.50,5.95,2.50,5.55,5.55,118,609.914887,697950,119850,06-JAN-2025
OPTSTK,IRFC,30-Jan-2025,2025-01-30,142.50,CE,11.45,11.45,7.10,7.35,7.35,28,149.195625,239700,45825,06-JAN-2025
OPTSTK,IRFC,30-Jan-2025,2025-01-30,175.00,CE,1.30,1.35,0.65,0.70,0.70,672,4167.58811,2174925,10575,06-JAN-2025
OPTSTK,IRFC,30-Jan-2025,2025-01-30,157.50,CE,4.75,4.75,2.25,2.35,2.35,324,1834.86825,775500,31725,06-JAN-2025
OPTSTK,DELHIVERY,30-Jan-2025,2025-01-30,365.00,CE,2.50,3.25,2.10,3.05,3.05,213,1194.15963,183000,38125,06-JAN-2025
OPTSTK,DELHIVERY,30-Jan-2025,2025-01-30,360.00,CE,3.80,4.10,2.50,3.90,3.90,424,2349.73601,344650,-82350,06-JAN-2025
OPTSTK,HINDPETRO,27-Mar-2025,2025-03-27,410.00,CE,0.00,0.00,0.00,47.25,22.15,0,0.00,0,0,06-JAN-2025
OPTSTK,HINDPETRO,27-Feb-2025,2025-02-27,410.00,PE,0.00,0.00,0.00,50.00,33.05,0,0.00,0,0,06-JAN-2025
OPTSTK,HINDPETRO,27-Mar-2025,2025-03-27,410.00,PE,0.00,0.00,0.00,30.55,37.20,0,0.00,0,0,06-JAN-2025
OPTSTK,HINDPETRO,30-Jan-2025,2025-01-30,400.00,PE,8.40,20.60,8.40,20.10,20.10,1848,15551.8319,1042875,-50625,06-JAN-2025
OPTSTK,HINDPETRO,30-Jan-2025,2025-01-30,470.00,PE,0.00,0.00,0.00,93.45,79.60,0,0.00,0,0,06-JAN-2025
OPTSTK,HINDPETRO,27-Mar-2025,2025-03-27,440.00,PE,0.00,0.00,0.00,46.40,57.55,0,0.00,0,0,06-JAN-2025
OPTSTK,HINDPETRO,27-Mar-2025,2025-03-27,440.00,CE,0.00,0.00,0.00,33.65,12.90,0,0.00,0,0,06-JAN-2025
OPTSTK,HINDPETRO,30-Jan-2025,2025-01-30,320.00,CE,0.00,0.00,0.00,95.00,70.65,0,0.00,8100,0,06-JAN-2025
OPTSTK,HINDPETRO,30-Jan-2025,2025-01-30,395.00,PE,7.10,17.65,7.10,17.20,17.20,832,6881.85112,360450,135675,06-JAN-2025
OPTSTK,HINDPETRO,27-Feb-2025,2025-02-27,395.00,PE,0.00,0.00,0.00,18.95,24.25,0,0.00,0,0,06-JAN-2025
OPTSTK,HINDPETRO,27-Feb-2025,2025-02-27,395.00,CE,20.10,20.10,20.10,20.10,21.90,1,8.405775,2025,2025,06-JAN-2025
OPTSTK,HINDPETRO,30-Jan-2025,2025-01-30,415.00,CE,13.90,13.90,5.65,5.90,5.90,663,5679.49826,844425,151875,06-JAN-2025
OPTSTK,HINDPETRO,27-Feb-2025,2025-02-27,415.00,CE,0.00,0.00,0.00,37.15,14.20,0,0.00,0,0,06-JAN-2025
OPTSTK,HINDPETRO,27-Mar-2025,2025-03-27,370.00,PE,0.00,0.00,0.00,15.10,17.10,0,0.00,0,0,06-JAN-2025
OPTSTK,HINDPETRO,30-Jan-2025,2025-01-30,430.00,PE,27.95,37.20,27.95,35.80,42.95,13,121.797675,216675,-6075,06-JAN-2025
OPTSTK,HINDPETRO,27-Feb-2025,2025-02-27,345.00,PE,0.00,0.00,0.00,5.40,5.70,0,0.00,0,0,06-JAN-2025
OPTSTK,HINDPETRO,27-Feb-2025,2025-02-27,430.00,CE,8.25,8.25,7.45,7.45,9.95,2,17.732925,14175,2025,06-JAN-2025
OPTSTK,HINDPETRO,27-Mar-2025,2025-03-27,390.00,PE,0.00,0.00,0.00,22.00,26.05,0,0.00,0,0,06-JAN-2025
OPTSTK,HINDPETRO,27-Feb-2025,2025-02-27,390.00,PE,15.00,17.80,15.00,17.80,21.60,4,32.912325,8100,6075,06-JAN-2025
OPTSTK,HINDPETRO,27-Feb-2025,2025-02-27,390.00,CE,27.00,27.00,22.00,22.00,22.00,6,50.3080875,16200,8100,06-JAN-2025
OPTSTK,HINDPETRO,30-Jan-2025,2025-01-30,390.00,PE,6.20,15.00,5.60,14.55,14.55,1322,10751.0945,720900,89100,06-JAN-2025
OPTSTK,HINDPETRO,27-Mar-2025,2025-03-27,480.00,PE,0.00,0.00,0.00,72.60,89.85,0,0.00,0,0,06-JAN-2025
OPTSTK,HINDPETRO,30-Jan-2025,2025-01-30,470.00,CE,1.50,1.50,0.60,0.60,0.60,339,3232.04073,552825,52650,06-JAN-2025
OPTSTK,HINDPETRO,30-Jan-2025,2025-01-30,335.00,CE,0.00,0.00,0.00,59.55,56.40,0,0.00,0,0,06-JAN-2025
OPTSTK,HINDPETRO,27-Mar-2025,2025-03-27,340.00,PE,0.00,0.00,0.00,7.70,7.80,0,0.00,0,0,06-JAN-2025
OPTSTK,HINDPETRO,30-Jan-2025,2025-01-30,350.00,PE,0.95,2.85,0.95,2.75,2.75,762,5431.91973,805950,271350,06-JAN-2025
OPTSTK,HINDPETRO,27-Feb-2025,2025-02-27,405.00,PE,0.00,0.00,0.00,23.05,29.95,0,0.00,0,0,06-JAN-2025
OPTSTK,HINDPETRO,27-Mar-2025,2025-03-27,430.00,CE,0.00,0.00,0.00,37.80,15.55,0,0.00,0,0,06-JAN-2025
OPTSTK,HINDPETRO,30-Jan-2025,2025-01-30,435.00,CE,4.95,4.95,2.40,2.45,2.45,310,2749.71206,295650,52650,06-JAN-2025
OPTSTK,HINDPETRO,30-Jan-2025,2025-01-30,435.00,PE,41.05,41.10,40.90,41.05,47.20,12,115.678125,62775,-16200,06-JAN-2025
OPTSTK,HINDPETRO,27-Feb-2025,2025-02-27,420.00,PE,0.00,0.00,0.00,20.55,39.75,0,0.00,8100,0,06-JAN-2025
OPTSTK,HINDPETRO,27-Feb-2025,2025-02-27,420.00,CE,19.00,19.00,9.85,9.90,9.90,18,157.4964,64800,10125,06-JAN-2025
OPTSTK,HDFCBANK,27-Feb-2025,2025-02-27,1860.00,CE,19.40,19.65,11.80,12.45,12.45,18,185.576875,6050,-550,06-JAN-2025
OPTSTK,APOLLOTYRE,27-Feb-2025,2025-02-27,590.00,CE,0.00,0.00,0.00,16.25,2.15,0,0.00,0,0,06-JAN-2025
OPTSTK,APOLLOTYRE,27-Feb-2025,2025-02-27,510.00,PE,0.00,0.00,0.00,14.75,24.25,0,0.00,0,0,06-JAN-2025
OPTSTK,APOLLOTYRE,30-Jan-2025,2025-01-30,620.00,CE,0.30,0.30,0.15,0.25,0.05,18,189.7914,615400,-6800,06-JAN-2025
OPTSTK,APOLLOTYRE,30-Jan-2025,2025-01-30,560.00,PE,51.75,53.35,51.75,53.35,58.10,2,20.8267,86700,0,06-JAN-2025
OPTSTK,APOLLOTYRE,27-Feb-2025,2025-02-27,530.00,CE,11.30,11.30,7.75,7.75,7.75,9,82.42705,20400,11900,06-JAN-2025
OPTSTK,APOLLOTYRE,30-Jan-2025,2025-01-30,590.00,CE,0.55,0.70,0.40,0.45,0.45,33,331.2943,321300,-20400,06-JAN-2025
OPTSTK,HDFCBANK,27-Feb-2025,2025-02-27,1800.00,PE,68.00,94.35,62.20,91.80,91.80,93,964.338925,143000,17600,06-JAN-2025
OPTSTK,HDFCBANK,30-Jan-2025,2025-01-30,1800.00,CE,21.20,22.95,10.30,10.70,10.70,22913,228714.203,5441700,1057650,06-JAN-2025
OPTSTK,HDFCBANK,27-Feb-2025,2025-02-27,1780.00,PE,53.35,83.00,53.35,83.00,85.10,5,50.910475,6600,0,06-JAN-2025
OPTSTK,APOLLOTYRE,27-Mar-2025,2025-03-27,500.00,PE,0.00,0.00,0.00,15.90,23.10,0,0.00,0,0,06-JAN-2025
OPTSTK,APOLLOTYRE,27-Mar-2025,2025-03-27,500.00,CE,0.00,0.00,0.00,67.20,31.20,0,0.00,0,0,06-JAN-2025
OPTSTK,APOLLOTYRE,27-Mar-2025,2025-03-27,540.00,CE,0.00,0.00,0.00,43.60,15.10,0,0.00,0,0,06-JAN-2025
OPTSTK,APOLLOTYRE,27-Mar-2025,2025-03-27,440.00,PE,0.00,0.00,0.00,3.85,4.70,0,0.00,0,0,06-JAN-2025
OPTSTK,APOLLOTYRE,27-Feb-2025,2025-02-27,440.00,PE,0.00,0.00,0.00,8.10,2.50,0,0.00,0,0,06-JAN-2025
OPTSTK,HDFCBANK,30-Jan-2025,2025-01-30,1960.00,CE,1.25,1.45,0.80,0.95,0.95,529,5705.56332,241450,-88550,06-JAN-2025
OPTSTK,APOLLOTYRE,30-Jan-2025,2025-01-30,500.00,CE,21.00,21.00,11.80,12.70,12.70,628,5492.66515,275400,171700,06-JAN-2025
OPTSTK,HDFCBANK,30-Jan-2025,2025-01-30,1580.00,CE,0.00,0.00,0.00,206.05,139.80,0,0.00,0,0,06-JAN-2025
OPTSTK,APOLLOTYRE,27-Feb-2025,2025-02-27,500.00,CE,0.00,0.00,0.00,46.45,24.70,0,0.00,0,0,06-JAN-2025
OPTSTK,APOLLOTYRE,27-Feb-2025,2025-02-27,620.00,CE,0.00,0.00,0.00,8.70,0.75,0,0.00,0,0,06-JAN-2025
OPTSTK,APOLLOTYRE,27-Mar-2025,2025-03-27,560.00,CE,0.00,0.00,0.00,34.25,10.00,0,0.00,0,0,06-JAN-2025
OPTSTK,APOLLOTYRE,30-Jan-2025,2025-01-30,560.00,CE,2.05,2.20,1.00,1.15,1.15,860,8207.362,860200,-144500,06-JAN-2025
OPTSTK,APOLLOTYRE,27-Feb-2025,2025-02-27,560.00,CE,0.00,0.00,0.00,21.45,5.50,0,0.00,0,0,06-JAN-2025
OPTSTK,APOLLOTYRE,27-Feb-2025,2025-02-27,590.00,PE,0.00,0.00,0.00,56.60,85.75,0,0.00,0,0,06-JAN-2025
OPTSTK,HDFCBANK,30-Jan-2025,2025-01-30,1730.00,CE,57.85,59.05,32.30,33.60,33.60,4700,45727.6179,498300,438350,06-JAN-2025
OPTSTK,HDFCBANK,30-Jan-2025,2025-01-30,2100.00,CE,0.60,0.60,0.50,0.50,0.50,75,866.48265,199100,-13750,06-JAN-2025
OPTSTK,HDFCBANK,30-Jan-2025,2025-01-30,2100.00,PE,0.00,0.00,0.00,293.00,380.20,0,0.00,1650,0,06-JAN-2025
OPTSTK,HDFCBANK,27-Feb-2025,2025-02-27,1560.00,PE,4.50,9.35,4.50,9.25,6.10,102,879.9021,41800,37400,06-JAN-2025
OPTSTK,APOLLOTYRE,27-Mar-2025,2025-03-27,580.00,PE,0.00,0.00,0.00,53.80,77.15,0,0.00,0,0,06-JAN-2025
OPTSTK,HDFCBANK,27-Mar-2025,2025-03-27,1960.00,CE,0.00,0.00,0.00,40.75,9.35,0,0.00,0,0,06-JAN-2025
OPTSTK,HDFCBANK,27-Feb-2025,2025-02-27,1960.00,PE,0.00,0.00,0.00,174.65,234.15,0,0.00,0,0,06-JAN-2025
OPTSTK,M&M,30-Jan-2025,2025-01-30,3400.00,CE,25.45,33.00,12.80,13.50,13.50,4541,27169.5545,264950,-22225,06-JAN-2025
OPTSTK,M&M,27-Feb-2025,2025-02-27,2950.00,PE,0.00,0.00,0.00,144.50,64.15,0,0.00,0,0,06-JAN-2025
OPTSTK,M&M,30-Jan-2025,2025-01-30,2950.00,PE,14.60,33.00,12.70,30.80,30.80,2070,10769.2579,145600,-25200,06-JAN-2025
OPTSTK,M&M,27-Mar-2025,2025-03-27,3200.00,PE,0.00,0.00,0.00,310.50,201.00,0,0.00,0,0,06-JAN-2025
OPTSTK,M&M,30-Jan-2025,2025-01-30,2600.00,CE,0.00,0.00,0.00,352.00,517.90,0,0.00,1400,0,06-JAN-2025
OPTSTK,M&M,27-Feb-2025,2025-02-27,3350.00,CE,0.00,0.00,0.00,65.00,63.65,0,0.00,0,0,06-JAN-2025
OPTSTK,M&M,27-Feb-2025,2025-02-27,3350.00,PE,0.00,0.00,0.00,397.35,275.90,0,0.00,0,0,06-JAN-2025
OPTSTK,M&M,30-Jan-2025,2025-01-30,3350.00,PE,173.20,255.00,166.60,255.00,255.00,40,248.809137,13825,1750,06-JAN-2025
OPTSTK,M&M,30-Jan-2025,2025-01-30,3350.00,CE,39.80,45.70,17.50,18.65,18.65,2609,15422.0388,197050,27650,06-JAN-2025
OPTSTK,M&M,30-Jan-2025,2025-01-30,3100.00,PE,46.65,85.00,34.45,80.00,80.00,7367,40809.1119,373275,-35175,06-JAN-2025
OPTSTK,M&M,27-Feb-2025,2025-02-27,3100.00,CE,160.55,160.55,153.00,153.00,158.70,43,245.282712,13825,1225,06-JAN-2025
OPTSTK,M&M,30-Jan-2025,2025-01-30,2500.00,CE,0.00,0.00,0.00,702.00,616.90,0,0.00,12250,0,06-JAN-2025
OPTSTK,M&M,27-Feb-2025,2025-02-27,3150.00,CE,129.50,129.50,129.50,129.50,134.50,1,5.739125,525,0,06-JAN-2025
OPTSTK,M&M,30-Jan-2025,2025-01-30,3150.00,CE,122.25,142.00,65.70,69.75,69.75,4821,27290.8443,166950,10675,06-JAN-2025
OPTSTK,M&M,27-Feb-2025,2025-02-27,2500.00,PE,0.00,0.00,0.00,48.15,2.75,0,0.00,0,0,06-JAN-2025
OPTSTK,M&M,27-Feb-2025,2025-02-27,2600.00,PE,0.00,0.00,0.00,71.70,6.75,0,0.00,0,0,06-JAN-2025
OPTSTK,M&M,27-Feb-2025,2025-02-27,3200.00,CE,167.00,170.00,104.55,104.55,104.55,54,314.275062,11725,-350,06-JAN-2025
OPTSTK,M&M,27-Mar-2025,2025-03-27,3100.00,CE,0.00,0.00,0.00,181.25,200.35,0,0.00,0,0,06-JAN-2025
OPTSTK,M&M,30-Jan-2025,2025-01-30,3250.00,PE,106.20,181.45,89.50,171.85,171.85,1434,8473.94572,85750,-16275,06-JAN-2025
OPTSTK,M&M,27-Mar-2025,2025-03-27,2800.00,PE,0.00,0.00,0.00,109.75,46.45,0,0.00,0,0,06-JAN-2025
OPTSTK,M&M,27-Feb-2025,2025-02-27,3300.00,CE,117.05,117.30,72.45,72.45,77.75,24,142.262137,2800,-175,06-JAN-2025
OPTSTK,M&M,27-Mar-2025,2025-03-27,3300.00,PE,0.00,0.00,0.00,377.75,261.35,0,0.00,0,0,06-JAN-2025
OPTSTK,M&M,30-Jan-2025,2025-01-30,3300.00,PE,121.00,219.10,121.00,214.60,214.60,450,2731.21843,138600,-1575,06-JAN-2025
OPTSTK,M&M,30-Jan-2025,2025-01-30,3450.00,CE,18.65,23.75,9.45,9.85,9.85,1045,6335.76851,67725,19250,06-JAN-2025
OPTSTK,M&M,30-Jan-2025,2025-01-30,3500.00,CE,12.85,17.00,6.95,7.30,7.30,4060,24942.8416,471800,28875,06-JAN-2025
OPTSTK,M&M,27-Mar-2025,2025-03-27,3500.00,CE,0.00,0.00,0.00,67.45,61.55,0,0.00,0,0,06-JAN-2025
FUTSTK,M&M,30-Jan-2025,2025-01-30,,,3205.50,3246.00,3101.00,3111.95,3111.95,22532,124494.248,16993900,-589400,06-JAN-2025
OPTSTK,M&M,27-Feb-2025,2025-02-27,3100.00,PE,80.00,125.00,78.45,125.00,125.00,20,112.069912,2800,700,06-JAN-2025
OPTSTK,M&M,30-Jan-2025,2025-01-30,3250.00,CE,68.15,84.50,34.50,36.65,36.65,5948,34428.9346,240275,-20475,06-JAN-2025
OPTSTK,M&M,27-Mar-2025,2025-03-27,3300.00,CE,0.00,0.00,0.00,113.00,115.50,0,0.00,0,0,06-JAN-2025
OPTSTK,M&M,27-Mar-2025,2025-03-27,2600.00,PE,0.00,0.00,0.00,53.10,15.85,0,0.00,0,0,06-JAN-2025
OPTSTK,M&M,27-Mar-2025,2025-03-27,2600.00,CE,0.00,0.00,0.00,475.70,559.75,0,0.00,0,0,06-JAN-2025
OPTSTK,TRENT,27-Feb-2025,2025-02-27,7300.00,PE,0.00,0.00,0.00,556.65,494.00,0,0.00,0,0,06-JAN-2025
OPTSTK,TRENT,27-Mar-2025,2025-03-27,8400.00,PE,0.00,0.00,0.00,1383.60,1371.05,0,0.00,0,0,06-JAN-2025
OPTSTK,TRENT,27-Mar-2025,2025-03-27,6600.00,CE,0.00,0.00,0.00,887.90,723.20,0,0.00,0,0,06-JAN-2025
OPTSTK,TRENT,27-Feb-2025,2025-02-27,8000.00,PE,0.00,0.00,0.00,648.65,1011.35,0,0.00,200,0,06-JAN-2025
OPTSTK,TRENT,27-Feb-2025,2025-02-27,8000.00,CE,142.00,142.00,100.00,105.00,105.00,70,567.5267,13900,-1700,06-JAN-2025
OPTSTK,TRENT,27-Feb-2025,2025-02-27,6400.00,PE,90.00,140.00,90.00,131.05,131.05,18,117.43975,2000,1600,06-JAN-2025
OPTSTK,TRENT,27-Feb-2025,2025-02-27,7100.00,CE,0.00,0.00,0.00,501.00,344.80,0,0.00,0,0,06-JAN-2025
OPTSTK,TRENT,27-Feb-2025,2025-02-27,6600.00,CE,0.00,0.00,0.00,689.00,626.80,0,0.00,0,0,06-JAN-2025
OPTSTK,TRENT,30-Jan-2025,2025-01-30,6600.00,PE,33.05,106.60,27.65,94.70,94.70,1053,7025.12375,28000,-3700,06-JAN-2025
OPTSTK,TRENT,30-Jan-2025,2025-01-30,6700.00,PE,49.25,136.60,37.85,119.30,119.30,1470,9984.11075,41100,-400,06-JAN-2025
OPTSTK,TRENT,27-Feb-2025,2025-02-27,6700.00,CE,0.00,0.00,0.00,718.80,561.75,0,0.00,0,0,06-JAN-2025
OPTSTK,TRENT,27-Feb-2025,2025-02-27,6700.00,PE,0.00,0.00,0.00,167.45,199.25,0,0.00,100,0,06-JAN-2025
OPTSTK,TRENT,27-Mar-2025,2025-03-27,7600.00,PE,0.00,0.00,0.00,808.65,748.25,0,0.00,0,0,06-JAN-2025
OPTSTK,TRENT,27-Feb-2025,2025-02-27,7500.00,PE,0.00,0.00,0.00,677.55,625.35,0,0.00,0,0,06-JAN-2025
OPTSTK,TRENT,27-Mar-2025,2025-03-27,5600.00,PE,0.00,0.00,0.00,66.50,30.25,0,0.00,0,0,06-JAN-2025
OPTSTK,TRENT,30-Jan-2025,2025-01-30,7900.00,CE,70.85,70.90,29.05,33.60,33.60,860,6829.388,30700,14200,06-JAN-2025
OPTSTK,TRENT,27-Feb-2025,2025-02-27,7700.00,CE,0.00,0.00,0.00,270.25,142.90,0,0.00,0,0,06-JAN-2025
OPTSTK,TRENT,30-Jan-2025,2025-01-30,6200.00,PE,19.25,38.00,10.30,31.55,31.55,802,4994.35915,29300,-6600,06-JAN-2025
OPTSTK,TRENT,27-Mar-2025,2025-03-27,6000.00,CE,0.00,0.00,0.00,1305.35,1163.95,0,0.00,0,0,06-JAN-2025
OPTSTK,TRENT,27-Feb-2025,2025-02-27,7700.00,PE,0.00,0.00,0.00,810.00,770.90,0,0.00,0,0,06-JAN-2025
OPTSTK,TRENT,30-Jan-2025,2025-01-30,7700.00,PE,465.50,730.00,462.85,730.00,730.00,10,82.75685,5200,0,06-JAN-2025
OPTSTK,TRENT,30-Jan-2025,2025-01-30,7700.00,CE,112.00,116.20,48.20,54.75,54.75,2252,17503.7041,69800,-11900,06-JAN-2025
OPTSTK,TRENT,27-Feb-2025,2025-02-27,6100.00,PE,0.00,0.00,0.00,102.55,53.45,0,0.00,0,0,06-JAN-2025
OPTSTK,TRENT,27-Feb-2025,2025-02-27,6100.00,CE,0.00,0.00,0.00,1142.70,1010.15,0,0.00,0,0,06-JAN-2025
OPTSTK,TRENT,27-Feb-2025,2025-02-27,6800.00,CE,0.00,0.00,0.00,589.65,500.95,0,0.00,0,0,06-JAN-2025
OPTSTK,TRENT,27-Feb-2025,2025-02-27,6800.00,PE,131.65,254.60,131.65,254.55,237.50,10,70.1074,1700,200,06-JAN-2025
OPTSTK,TRENT,27-Mar-2025,2025-03-27,6800.00,PE,0.00,0.00,0.00,383.95,304.40,0,0.00,0,0,06-JAN-2025
OPTSTK,TRENT,27-Mar-2025,2025-03-27,6200.00,PE,0.00,0.00,0.00,180.45,115.45,0,0.00,0,0,06-JAN-2025
OPTSTK,TRENT,27-Mar-2025,2025-03-27,6200.00,CE,0.00,0.00,0.00,1156.15,1004.85,0,0.00,0,0,06-JAN-2025
OPTSTK,TRENT,30-Jan-2025,2025-01-30,6300.00,CE,0.00,0.00,0.00,755.75,755.80,0,0.00,0,0,06-JAN-2025
OPTSTK,TRENT,27-Feb-2025,2025-02-27,6300.00,CE,0.00,0.00,0.00,989.35,846.20,0,0.00,0,0,06-JAN-2025
OPTSTK,TRENT,30-Jan-2025,2025-01-30,6300.00,PE,14.10,48.90,9.00,42.95,42.95,1243,7871.9421,26900,3100,06-JAN-2025
OPTSTK,FEDERALBNK,27-Mar-2025,2025-03-27,180.00,PE,0.00,0.00,0.00,4.55,2.75,0,0.00,0,0,06-JAN-2025
OPTSTK,FEDERALBNK,27-Feb-2025,2025-02-27,230.00,CE,1.60,1.90,1.05,1.35,1.35,10,115.6275,45000,35000,06-JAN-2025
OPTSTK,FEDERALBNK,30-Jan-2025,2025-01-30,172.50,PE,0.40,0.60,0.40,0.60,0.10,111,960.0625,415000,165000,06-JAN-2025
OPTSTK,FEDERALBNK,30-Jan-2025,2025-01-30,182.50,PE,0.70,1.90,0.70,1.45,1.45,332,3052.0075,910000,-165000,06-JAN-2025
OPTSTK,FEDERALBNK,30-Jan-2025,2025-01-30,182.50,CE,19.55,19.55,16.45,16.45,16.65,7,70.3825,70000,15000,06-JAN-2025
OPTSTK,FEDERALBNK,30-Jan-2025,2025-01-30,180.00,CE,19.45,20.20,17.70,19.70,19.70,36,358.525,390000,55000,06-JAN-2025
OPTSTK,FEDERALBNK,27-Feb-2025,2025-02-27,230.00,PE,0.00,0.00,0.00,23.00,31.15,0,0.00,0,0,06-JAN-2025
OPTSTK,FEDERALBNK,27-Feb-2025,2025-02-27,220.00,CE,3.55,3.65,2.20,2.45,2.45,47,523.045,545000,-55000,06-JAN-2025
OPTSTK,FEDERALBNK,27-Mar-2025,2025-03-27,225.00,PE,0.00,0.00,0.00,28.40,26.95,0,0.00,0,0,06-JAN-2025
OPTSTK,FEDERALBNK,30-Jan-2025,2025-01-30,225.00,CE,0.90,1.05,0.40,0.50,0.50,614,6928.45,2005000,-310000,06-JAN-2025
OPTSTK,FEDERALBNK,30-Jan-2025,2025-01-30,225.00,PE,19.70,28.10,19.70,28.10,26.70,5,61.94,165000,5000,06-JAN-2025
OPTSTK,FEDERALBNK,27-Feb-2025,2025-02-27,190.00,CE,15.00,15.00,14.00,14.00,13.60,2,20.45,0,0,06-JAN-2025
OPTSTK,FEDERALBNK,30-Jan-2025,2025-01-30,190.00,PE,1.40,3.95,1.25,3.10,3.10,1527,14707.2675,3535000,95000,06-JAN-2025
OPTSTK,FEDERALBNK,27-Feb-2025,2025-02-27,235.00,PE,0.00,0.00,0.00,26.50,35.75,0,0.00,0,0,06-JAN-2025
OPTSTK,FEDERALBNK,30-Jan-2025,2025-01-30,232.50,CE,0.40,0.45,0.20,0.20,0.05,40,465.66,260000,-55000,06-JAN-2025
OPTSTK,FEDERALBNK,30-Jan-2025,2025-01-30,195.00,PE,2.30,5.95,2.25,4.80,4.80,1769,17630.675,4280000,250000,06-JAN-2025
OPTSTK,FEDERALBNK,27-Mar-2025,2025-03-27,195.00,CE,0.00,0.00,0.00,16.10,13.00,0,0.00,0,0,06-JAN-2025
OPTSTK,FEDERALBNK,27-Mar-2025,2025-03-27,185.00,PE,0.00,0.00,0.00,6.05,4.00,0,0.00,0,0,06-JAN-2025
OPTSTK,FEDERALBNK,30-Jan-2025,2025-01-30,185.00,CE,17.95,17.95,13.90,15.60,15.60,25,251.1275,125000,5000,06-JAN-2025
OPTSTK,FEDERALBNK,30-Jan-2025,2025-01-30,205.00,PE,5.55,11.80,3.20,10.10,10.10,939,9978.9925,2200000,-225000,06-JAN-2025
OPTSTK,FEDERALBNK,30-Jan-2025,2025-01-30,175.00,CE,0.00,0.00,0.00,34.60,23.55,0,0.00,0,0,06-JAN-2025
OPTSTK,FEDERALBNK,27-Feb-2025,2025-02-27,212.50,PE,0.00,0.00,0.00,18.25,16.50,0,0.00,0,0,06-JAN-2025
OPTSTK,FEDERALBNK,30-Jan-2025,2025-01-30,212.50,CE,3.70,3.70,1.50,1.85,1.85,986,10586.6275,3200000,730000,06-JAN-2025
OPTSTK,FEDERALBNK,27-Feb-2025,2025-02-27,212.50,CE,0.00,0.00,0.00,6.10,3.55,0,0.00,0,0,06-JAN-2025
OPTSTK,FEDERALBNK,27-Feb-2025,2025-02-27,225.00,CE,0.00,0.00,0.00,1.40,1.35,0,0.00,0,0,06-JAN-2025
OPTSTK,FEDERALBNK,27-Feb-2025,2025-02-27,225.00,PE,0.00,0.00,0.00,19.70,26.65,0,0.00,0,0,06-JAN-2025
OPTSTK,FEDERALBNK,27-Mar-2025,2025-03-27,225.00,CE,0.00,0.00,0.00,5.15,2.80,0,0.00,0,0,06-JAN-2025
OPTSTK,FEDERALBNK,27-Feb-2025,2025-02-27,200.00,CE,9.75,9.75,8.25,8.70,8.70,24,250.275,115000,40000,06-JAN-2025
OPTSTK,FEDERALBNK,30-Jan-2025,2025-01-30,200.00,PE,3.50,8.55,3.50,7.10,7.10,2149,22117.8675,4615000,-115000,06-JAN-2025
FUTSTK,FEDERALBNK,30-Jan-2025,2025-01-30,,,206.88,206.88,196.25,198.66,198.66,10048,100767.629,83120000,1995000,06-JAN-2025
OPTSTK,FEDERALBNK,27-Feb-2025,2025-02-27,182.50,CE,0.00,0.00,0.00,21.35,18.95,0,0.00,0,0,06-JAN-2025
OPTSTK,TATACOMM,27-Mar-2025,2025-03-27,1760.00,CE,0.00,0.00,0.00,119.20,69.90,0,0.00,0,0,06-JAN-2025
OPTSTK,TATACOMM,30-Jan-2025,2025-01-30,1880.00,PE,0.00,0.00,0.00,164.95,185.10,0,0.00,0,0,06-JAN-2025
OPTSTK,TATACOMM,27-Feb-2025,2025-02-27,1620.00,CE,0.00,0.00,0.00,175.05,121.40,0,0.00,0,0,06-JAN-2025
OPTSTK,TATACOMM,27-Mar-2025,2025-03-27,1440.00,CE,0.00,0.00,0.00,334.10,280.90,0,0.00,0,0,06-JAN-2025
OPTSTK,TATACOMM,27-Mar-2025,2025-03-27,1600.00,CE,0.00,0.00,0.00,210.75,154.85,0,0.00,0,0,06-JAN-2025
OPTSTK,TATACOMM,27-Feb-2025,2025-02-27,1600.00,PE,0.00,0.00,0.00,46.80,28.60,0,0.00,0,0,06-JAN-2025
OPTSTK,TATACOMM,27-Feb-2025,2025-02-27,1920.00,PE,0.00,0.00,0.00,206.35,223.30,0,0.00,0,0,06-JAN-2025
OPTSTK,TATACOMM,27-Feb-2025,2025-02-27,1840.00,CE,0.00,0.00,0.00,92.75,26.35,0,0.00,0,0,06-JAN-2025
OPTSTK,TATACOMM,27-Feb-2025,2025-02-27,1440.00,PE,0.00,0.00,0.00,14.25,3.75,0,0.00,0,0,06-JAN-2025
OPTSTK,TATACOMM,27-Feb-2025,2025-02-27,1400.00,PE,0.00,0.00,0.00,9.90,1.90,0,0.00,0,0,06-JAN-2025
OPTSTK,TATACOMM,30-Jan-2025,2025-01-30,1620.00,PE,12.10,25.50,11.00,22.90,22.90,322,1318.68375,21250,4500,06-JAN-2025
OPTSTK,TATACOMM,27-Mar-2025,2025-03-27,1480.00,CE,0.00,0.00,0.00,300.70,246.35,0,0.00,0,0,06-JAN-2025
OPTSTK,TATACOMM,27-Mar-2025,2025-03-27,1480.00,PE,0.00,0.00,0.00,20.65,13.40,0,0.00,0,0,06-JAN-2025
FUTSTK,TATACOMM,27-Feb-2025,2025-02-27,,,1753.25,1761.10,1701.05,1708.10,1708.10,137,590.021625,106250,4750,06-JAN-2025
OPTSTK,TATACOMM,27-Mar-2025,2025-03-27,1600.00,PE,0.00,0.00,0.00,48.50,40.15,0,0.00,0,0,06-JAN-2025
OPTSTK,TATACOMM,27-Feb-2025,2025-02-27,1440.00,CE,0.00,0.00,0.00,345.30,268.75,0,0.00,0,0,06-JAN-2025
OPTSTK,TATACOMM,27-Feb-2025,2025-02-27,1700.00,CE,0.00,0.00,0.00,125.50,75.10,0,0.00,0,0,06-JAN-2025
OPTSTK,TATACOMM,30-Jan-2025,2025-01-30,1700.00,PE,30.45,57.25,28.10,53.05,53.05,1633,7125.69762,181250,32250,06-JAN-2025
OPTSTK,TATACOMM,30-Jan-2025,2025-01-30,1920.00,CE,4.95,7.20,3.70,3.90,2.35,78,375.378125,31000,-1000,06-JAN-2025
OPTSTK,TATACOMM,27-Feb-2025,2025-02-27,1800.00,PE,0.00,0.00,0.00,131.35,128.10,0,0.00,0,0,06-JAN-2025
OPTSTK,TATACOMM,27-Mar-2025,2025-03-27,2000.00,PE,0.00,0.00,0.00,272.30,293.90,0,0.00,0,0,06-JAN-2025
OPTSTK,TATACOMM,27-Feb-2025,2025-02-27,1680.00,PE,0.00,0.00,0.00,74.25,58.10,0,0.00,0,0,06-JAN-2025
OPTSTK,TATACOMM,27-Mar-2025,2025-03-27,1680.00,CE,0.00,0.00,0.00,160.65,106.75,0,0.00,0,0,06-JAN-2025
OPTSTK,TATACOMM,30-Jan-2025,2025-01-30,1680.00,PE,25.05,47.30,23.15,43.55,43.55,566,2428.93362,37000,9750,06-JAN-2025
OPTSTK,TATACOMM,30-Jan-2025,2025-01-30,1820.00,CE,19.75,25.25,11.70,12.45,12.45,372,1708.29487,31500,-6500,06-JAN-2025
OPTSTK,TATACOMM,30-Jan-2025,2025-01-30,1820.00,PE,99.85,140.80,99.85,136.40,136.40,14,67.998,5000,1500,06-JAN-2025
OPTSTK,TATACOMM,27-Feb-2025,2025-02-27,1820.00,PE,0.00,0.00,0.00,134.15,142.45,0,0.00,0,0,06-JAN-2025
OPTSTK,TATACOMM,30-Jan-2025,2025-01-30,1900.00,PE,181.05,198.80,181.05,198.80,203.70,7,36.558125,176750,-500,06-JAN-2025
OPTSTK,TATACOMM,27-Feb-2025,2025-02-27,1900.00,CE,0.00,0.00,0.00,45.40,15.50,0,0.00,0,0,06-JAN-2025
OPTSTK,TATACOMM,30-Jan-2025,2025-01-30,1620.00,CE,102.95,103.15,95.10,99.90,99.90,9,38.69625,2000,1750,06-JAN-2025
OPTSTK,TATACOMM,30-Jan-2025,2025-01-30,1860.00,CE,12.45,14.95,6.85,7.50,7.50,515,2407.911,41250,5500,06-JAN-2025
OPTSTK,TATACOMM,30-Jan-2025,2025-01-30,1520.00,CE,0.00,0.00,0.00,306.10,181.00,0,0.00,0,0,06-JAN-2025
OPTSTK,ADANIENT,27-Mar-2025,2025-03-27,2840.00,PE,0.00,0.00,0.00,559.50,455.95,0,0.00,0,0,06-JAN-2025
OPTSTK,ADANIENT,30-Jan-2025,2025-01-30,2840.00,PE,0.00,0.00,0.00,250.45,385.00,0,0.00,0,0,06-JAN-2025
OPTSTK,ADANIENT,27-Feb-2025,2025-02-27,2180.00,CE,0.00,0.00,0.00,384.85,384.90,0,0.00,0,0,06-JAN-2025
OPTSTK,ADANIENT,27-Feb-2025,2025-02-27,2180.00,PE,0.00,0.00,0.00,137.25,69.60,0,0.00,0,0,06-JAN-2025
OPTSTK,ADANIENT,30-Jan-2025,2025-01-30,2420.00,PE,35.35,66.30,32.25,62.35,62.35,548,4062.16815,125700,38100,06-JAN-2025
OPTSTK,ADANIENT,27-Mar-2025,2025-03-27,2480.00,PE,0.00,0.00,0.00,325.40,230.35,0,0.00,0,0,06-JAN-2025
OPTSTK,ADANIENT,27-Feb-2025,2025-02-27,2200.00,PE,0.00,0.00,0.00,184.90,75.40,0,0.00,0,0,06-JAN-2025
OPTSTK,ADANIENT,27-Feb-2025,2025-02-27,2120.00,CE,0.00,0.00,0.00,508.75,428.80,0,0.00,0,0,06-JAN-2025
OPTSTK,ADANIENT,30-Jan-2025,2025-01-30,2120.00,CE,0.00,0.00,0.00,768.00,383.00,0,0.00,0,0,06-JAN-2025
OPTSTK,ADANIENT,27-Feb-2025,2025-02-27,2680.00,PE,0.00,0.00,0.00,441.00,308.80,0,0.00,0,0,06-JAN-2025
OPTSTK,ADANIENT,30-Jan-2025,2025-01-30,2860.00,CE,0.00,0.00,0.00,136.00,29.10,0,0.00,0,0,06-JAN-2025
OPTSTK,ADANIENT,30-Jan-2025,2025-01-30,2740.00,PE,0.00,0.00,0.00,170.90,303.60,0,0.00,900,0,06-JAN-2025
OPTSTK,ADANIENT,30-Jan-2025,2025-01-30,2320.00,CE,0.00,0.00,0.00,310.55,229.45,0,0.00,4800,0,06-JAN-2025
OPTSTK,ADANIENT,27-Feb-2025,2025-02-27,2320.00,PE,0.00,0.00,0.00,238.40,116.60,0,0.00,0,0,06-JAN-2025
OPTSTK,ADANIENT,27-Feb-2025,2025-02-27,2820.00,CE,0.00,0.00,0.00,124.00,89.60,0,0.00,0,0,06-JAN-2025
OPTSTK,ADANIENT,27-Feb-2025,2025-02-27,2340.00,CE,0.00,0.00,0.00,297.00,281.40,0,0.00,0,0,06-JAN-2025
OPTSTK,ADANIENT,30-Jan-2025,2025-01-30,2340.00,CE,184.60,184.60,184.60,184.60,216.40,1,7.5738,12000,-300,06-JAN-2025
OPTSTK,ADANIENT,30-Jan-2025,2025-01-30,2680.00,CE,45.30,45.50,23.85,26.30,26.30,699,5680.9716,87900,-26100,06-JAN-2025
OPTSTK,ADANIENT,27-Feb-2025,2025-02-27,2860.00,CE,0.00,0.00,0.00,114.70,80.45,0,0.00,0,0,06-JAN-2025
OPTSTK,ADANIENT,30-Jan-2025,2025-01-30,2860.00,PE,0.00,0.00,0.00,523.05,402.05,0,0.00,0,0,06-JAN-2025
OPTSTK,ADANIENT,27-Feb-2025,2025-02-27,2520.00,PE,0.00,0.00,0.00,343.60,211.10,0,0.00,0,0,06-JAN-2025
OPTSTK,ADANIENT,27-Mar-2025,2025-03-27,2160.00,CE,0.00,0.00,0.00,448.25,442.70,0,0.00,0,0,06-JAN-2025
OPTSTK,ADANIENT,27-Mar-2025,2025-03-27,2000.00,PE,0.00,0.00,0.00,111.70,54.60,0,0.00,0,0,06-JAN-2025
OPTSTK,ADANIENT,30-Jan-2025,2025-01-30,2200.00,CE,385.20,385.60,328.00,328.00,316.95,52,400.4697,805500,0,06-JAN-2025
OPTSTK,ADANIENT,27-Feb-2025,2025-02-27,2500.00,PE,114.00,150.05,114.00,133.00,133.00,23,181.7109,12600,2700,06-JAN-2025
OPTSTK,ADANIENT,30-Jan-2025,2025-01-30,2500.00,PE,54.15,100.95,51.65,94.10,94.10,6736,52106.1082,523200,-34800,06-JAN-2025
OPTSTK,ADANIENT,27-Feb-2025,2025-02-27,2160.00,CE,0.00,0.00,0.00,484.80,399.20,0,0.00,0,0,06-JAN-2025
OPTSTK,ADANIENT,30-Jan-2025,2025-01-30,2400.00,PE,31.95,60.10,29.00,55.40,55.40,3742,27475.2148,581400,15600,06-JAN-2025
OPTSTK,ADANIENT,27-Mar-2025,2025-03-27,2400.00,CE,0.00,0.00,0.00,324.90,300.25,0,0.00,0,0,06-JAN-2025
OPTSTK,ADANIENT,27-Mar-2025,2025-03-27,2280.00,PE,0.00,0.00,0.00,221.30,138.85,0,0.00,0,0,06-JAN-2025
OPTSTK,ADANIENT,27-Feb-2025,2025-02-27,2220.00,PE,0.00,0.00,0.00,153.25,81.45,0,0.00,0,0,06-JAN-2025
OPTSTK,ADANIENT,30-Jan-2025,2025-01-30,2220.00,CE,0.00,0.00,0.00,213.55,301.35,0,0.00,1200,0,06-JAN-2025
OPTSTK,HINDCOPPER,27-Mar-2025,2025-03-27,230.00,PE,0.00,0.00,0.00,12.75,16.40,0,0.00,0,0,06-JAN-2025
OPTSTK,GODREJPROP,30-Jan-2025,2025-01-30,2300.00,PE,10.70,10.75,8.95,9.35,9.35,6,31.1835375,1350,1350,06-JAN-2025
OPTSTK,HINDCOPPER,30-Jan-2025,2025-01-30,250.00,CE,8.80,8.80,3.35,3.85,3.85,1337,9041.47935,1340900,646600,06-JAN-2025
OPTSTK,HINDCOPPER,27-Mar-2025,2025-03-27,280.00,CE,4.50,4.50,4.50,4.50,8.05,1,7.53925,2650,2650,06-JAN-2025
OPTSTK,HINDCOPPER,30-Jan-2025,2025-01-30,280.00,CE,1.60,1.60,0.75,0.85,0.85,733,5458.98012,1727800,249100,06-JAN-2025
OPTSTK,HINDCOPPER,27-Mar-2025,2025-03-27,220.00,PE,0.00,0.00,0.00,9.65,12.10,0,0.00,0,0,06-JAN-2025
OPTSTK,GODREJPROP,27-Feb-2025,2025-02-27,2450.00,PE,0.00,0.00,0.00,52.20,68.55,0,0.00,0,0,06-JAN-2025
OPTSTK,GODREJPROP,27-Feb-2025,2025-02-27,2450.00,CE,0.00,0.00,0.00,488.65,258.10,0,0.00,0,0,06-JAN-2025
OPTSTK,GODREJPROP,30-Jan-2025,2025-01-30,2450.00,CE,210.70,218.90,210.70,218.90,218.90,5,29.9631375,1125,1125,06-JAN-2025
OPTSTK,GODREJPROP,30-Jan-2025,2025-01-30,2600.00,PE,37.05,86.50,28.35,79.35,79.35,1099,6580.40006,112275,19350,06-JAN-2025
OPTSTK,HINDCOPPER,30-Jan-2025,2025-01-30,290.00,PE,44.00,44.00,44.00,44.00,53.70,1,8.851,182850,2650,06-JAN-2025
OPTSTK,GODREJPROP,30-Jan-2025,2025-01-30,2300.00,CE,0.00,0.00,0.00,663.00,335.60,0,0.00,0,0,06-JAN-2025
OPTSTK,HINDCOPPER,30-Jan-2025,2025-01-30,205.00,PE,0.00,0.00,0.00,2.90,1.60,0,0.00,0,0,06-JAN-2025
OPTSTK,HINDCOPPER,27-Feb-2025,2025-02-27,300.00,PE,0.00,0.00,0.00,43.90,63.70,0,0.00,0,0,06-JAN-2025
OPTSTK,HINDCOPPER,27-Mar-2025,2025-03-27,300.00,CE,0.00,0.00,0.00,18.15,4.80,0,0.00,0,0,06-JAN-2025
OPTSTK,HINDCOPPER,27-Feb-2025,2025-02-27,275.00,PE,0.00,0.00,0.00,29.45,42.20,0,0.00,0,0,06-JAN-2025
OPTSTK,HINDCOPPER,30-Jan-2025,2025-01-30,275.00,PE,0.00,0.00,0.00,22.00,39.80,0,0.00,74200,0,06-JAN-2025
OPTSTK,GODREJPROP,30-Jan-2025,2025-01-30,3400.00,PE,0.00,0.00,0.00,530.00,769.20,0,0.00,6300,0,06-JAN-2025
OPTSTK,GODREJPROP,27-Feb-2025,2025-02-27,2550.00,CE,0.00,0.00,0.00,414.70,196.45,0,0.00,0,0,06-JAN-2025
FUTSTK,GODREJPROP,27-Feb-2025,2025-02-27,,,2768.40,2794.10,2633.25,2649.20,2649.20,349,2126.67682,88200,4275,06-JAN-2025
FUTSTK,GODREJPROP,30-Jan-2025,2025-01-30,,,2748.50,2781.45,2616.55,2630.30,2630.30,6460,39074.6822,5452425,89325,06-JAN-2025
OPTSTK,HINDCOPPER,30-Jan-2025,2025-01-30,320.00,CE,0.00,0.00,0.00,0.30,0.10,0,0.00,151050,0,06-JAN-2025
OPTSTK,HINDCOPPER,27-Feb-2025,2025-02-27,260.00,PE,25.15,25.15,25.15,25.15,30.75,1,7.556475,10600,0,06-JAN-2025
OPTSTK,GODREJPROP,27-Feb-2025,2025-02-27,2600.00,PE,78.70,78.70,78.70,78.70,128.60,1,6.027075,225,225,06-JAN-2025
OPTSTK,GODREJPROP,27-Feb-2025,2025-02-27,3100.00,CE,0.00,0.00,0.00,171.50,26.85,0,0.00,0,0,06-JAN-2025
OPTSTK,GODREJPROP,27-Mar-2025,2025-03-27,3100.00,PE,0.00,0.00,0.00,371.75,491.30,0,0.00,0,0,06-JAN-2025
OPTSTK,GODREJPROP,30-Jan-2025,2025-01-30,3100.00,CE,11.95,12.00,5.00,5.25,5.25,789,5516.01585,157950,-6975,06-JAN-2025
OPTSTK,GODREJPROP,27-Feb-2025,2025-02-27,3100.00,PE,0.00,0.00,0.00,399.85,481.05,0,0.00,0,0,06-JAN-2025
OPTSTK,GODREJPROP,30-Jan-2025,2025-01-30,2400.00,CE,289.30,289.30,248.65,248.65,249.75,3,17.9699625,675,675,06-JAN-2025
OPTSTK,GODREJPROP,30-Jan-2025,2025-01-30,2500.00,CE,261.10,261.10,170.00,172.65,172.65,14,84.385575,2475,1800,06-JAN-2025
OPTSTK,GODREJPROP,27-Feb-2025,2025-02-27,2700.00,PE,146.80,161.90,146.80,161.90,181.80,2,12.844575,675,0,06-JAN-2025
OPTSTK,PVRINOX,27-Feb-2025,2025-02-27,1380.00,CE,0.00,0.00,0.00,64.15,16.50,0,0.00,0,0,06-JAN-2025
OPTSTK,PVRINOX,27-Feb-2025,2025-02-27,1280.00,CE,0.00,0.00,0.00,276.75,46.35,0,0.00,0,0,06-JAN-2025
OPTSTK,PVRINOX,27-Feb-2025,2025-02-27,1280.00,PE,0.00,0.00,0.00,14.50,63.40,0,0.00,0,0,06-JAN-2025
OPTSTK,PVRINOX,30-Jan-2025,2025-01-30,1360.00,CE,20.35,21.75,9.50,10.35,10.35,1147,6410.76872,201465,-10175,06-JAN-2025
OPTSTK,PVRINOX,30-Jan-2025,2025-01-30,1680.00,PE,0.00,0.00,0.00,328.00,421.85,0,0.00,3256,0,06-JAN-2025
OPTSTK,PVRINOX,30-Jan-2025,2025-01-30,1680.00,CE,0.00,0.00,0.00,0.75,0.05,0,0.00,3663,0,06-JAN-2025
OPTSTK,PVRINOX,27-Feb-2025,2025-02-27,1520.00,PE,0.00,0.00,0.00,86.90,257.40,0,0.00,0,0,06-JAN-2025
OPTSTK,PVRINOX,30-Jan-2025,2025-01-30,1720.00,CE,0.00,0.00,0.00,2.00,0.05,0,0.00,407,0,06-JAN-2025
OPTSTK,PVRINOX,27-Feb-2025,2025-02-27,1480.00,CE,0.00,0.00,0.00,134.70,4.65,0,0.00,0,0,06-JAN-2025
OPTSTK,PVRINOX,27-Feb-2025,2025-02-27,1220.00,PE,0.00,0.00,0.00,24.40,34.65,0,0.00,0,0,06-JAN-2025
OPTSTK,PVRINOX,30-Jan-2025,2025-01-30,1240.00,PE,16.00,39.05,15.85,32.50,32.50,938,4850.98843,101343,45177,06-JAN-2025
OPTSTK,PVRINOX,27-Feb-2025,2025-02-27,1400.00,CE,31.00,31.00,16.05,16.05,13.05,9,52.1373105,4477,2442,06-JAN-2025
OPTSTK,PVRINOX,30-Jan-2025,2025-01-30,1400.00,PE,113.00,149.95,112.00,148.50,146.15,15,93.848502,97273,407,06-JAN-2025
OPTSTK,PVRINOX,30-Jan-2025,2025-01-30,1480.00,CE,4.45,4.60,2.45,2.55,2.55,264,1593.46442,101343,54131,06-JAN-2025
OPTSTK,PVRINOX,27-Feb-2025,2025-02-27,1400.00,PE,0.00,0.00,0.00,40.35,148.95,0,0.00,0,0,06-JAN-2025
OPTSTK,PVRINOX,27-Feb-2025,2025-02-27,1320.00,PE,0.00,0.00,0.00,21.10,88.20,0,0.00,0,0,06-JAN-2025
OPTSTK,PVRINOX,30-Jan-2025,2025-01-30,1320.00,CE,34.85,38.00,16.60,17.85,17.85,1027,5611.68120,212047,-27676,06-JAN-2025
OPTSTK,PVRINOX,27-Feb-2025,2025-02-27,1320.00,CE,0.00,0.00,0.00,244.05,31.55,0,0.00,0,0,06-JAN-2025
OPTSTK,PVRINOX,27-Feb-2025,2025-02-27,1360.00,PE,0.00,0.00,0.00,29.65,116.95,0,0.00,0,0,06-JAN-2025
OPTSTK,PVRINOX,30-Jan-2025,2025-01-30,1500.00,CE,3.80,3.80,2.15,2.40,2.40,824,5039.69072,478225,70411,06-JAN-2025
OPTSTK,PVRINOX,30-Jan-2025,2025-01-30,1160.00,CE,0.00,0.00,0.00,433.25,102.15,0,0.00,0,0,06-JAN-2025
OPTSTK,PVRINOX,27-Feb-2025,2025-02-27,1160.00,PE,0.00,0.00,0.00,3.70,16.10,0,0.00,0,0,06-JAN-2025
OPTSTK,PVRINOX,30-Jan-2025,2025-01-30,1600.00,PE,321.30,321.30,321.30,321.30,321.30,1,7.819691,24827,0,06-JAN-2025
OPTSTK,PVRINOX,30-Jan-2025,2025-01-30,1540.00,PE,0.00,0.00,0.00,201.85,282.55,0,0.00,2442,0,06-JAN-2025
OPTSTK,PVRINOX,27-Feb-2025,2025-02-27,1460.00,PE,0.00,0.00,0.00,141.85,201.45,0,0.00,0,0,06-JAN-2025
OPTSTK,PVRINOX,30-Jan-2025,2025-01-30,1440.00,CE,6.90,6.90,3.75,3.95,3.95,405,2380.76074,85063,-36223,06-JAN-2025
OPTSTK,PVRINOX,30-Jan-2025,2025-01-30,1320.00,PE,45.35,89.05,44.85,79.60,79.60,470,2660.13612,148148,-20757,06-JAN-2025
OPTSTK,PVRINOX,30-Jan-2025,2025-01-30,1700.00,CE,0.75,0.75,0.75,0.75,0.05,1,6.9220525,53317,-407,06-JAN-2025
OPTSTK,PVRINOX,27-Feb-2025,2025-02-27,1360.00,CE,0.00,0.00,0.00,213.30,20.65,0,0.00,0,0,06-JAN-2025
OPTSTK,POLYCAB,27-Feb-2025,2025-02-27,6700.00,PE,0.00,0.00,0.00,240.65,208.20,0,0.00,0,0,06-JAN-2025
OPTSTK,POLYCAB,30-Jan-2025,2025-01-30,6700.00,CE,0.00,0.00,0.00,649.60,397.70,0,0.00,500,0,06-JAN-2025
OPTSTK,POLYCAB,27-Feb-2025,2025-02-27,7600.00,CE,153.20,153.45,114.15,115.45,115.45,5,48.3215625,1625,0,06-JAN-2025
OPTSTK,POLYCAB,30-Jan-2025,2025-01-30,7900.00,PE,804.65,804.65,802.95,802.95,937.95,3,32.63825,375,250,06-JAN-2025
FUTSTK,POLYCAB,27-Feb-2025,2025-02-27,,,7257.20,7263.35,7010.90,7024.90,7024.90,224,1995.68468,27750,5125,06-JAN-2025
OPTSTK,POLYCAB,27-Mar-2025,2025-03-27,7800.00,CE,0.00,0.00,0.00,368.80,179.35,0,0.00,0,0,06-JAN-2025
OPTSTK,POLYCAB,30-Jan-2025,2025-01-30,7800.00,PE,716.90,716.90,716.85,716.85,846.25,2,21.2921875,250,250,06-JAN-2025
OPTSTK,POLYCAB,27-Feb-2025,2025-02-27,6000.00,CE,0.00,0.00,0.00,1381.70,1047.55,0,0.00,0,0,06-JAN-2025
OPTSTK,POLYCAB,27-Feb-2025,2025-02-27,8200.00,CE,0.00,0.00,0.00,272.20,49.35,0,0.00,0,0,06-JAN-2025
OPTSTK,POLYCAB,27-Feb-2025,2025-02-27,7500.00,PE,0.00,0.00,0.00,625.40,651.35,0,0.00,0,0,06-JAN-2025
OPTSTK,POLYCAB,27-Feb-2025,2025-02-27,7500.00,CE,180.00,180.00,142.30,143.90,143.90,19,181.699625,3625,1625,06-JAN-2025
OPTSTK,POLYCAB,27-Feb-2025,2025-02-27,8400.00,CE,0.00,0.00,0.00,75.00,33.15,0,0.00,125,0,06-JAN-2025
OPTSTK,POLYCAB,27-Mar-2025,2025-03-27,8400.00,CE,0.00,0.00,0.00,213.70,78.65,0,0.00,0,0,06-JAN-2025
OPTSTK,POLYCAB,30-Jan-2025,2025-01-30,7100.00,CE,280.00,299.55,177.75,185.10,185.10,493,4517.42675,27250,10250,06-JAN-2025
OPTSTK,POLYCAB,30-Jan-2025,2025-01-30,8000.00,PE,860.50,1029.85,820.00,1029.85,1029.85,199,2212.08293,27375,13000,06-JAN-2025
OPTSTK,POLYCAB,27-Feb-2025,2025-02-27,7900.00,PE,0.00,0.00,0.00,892.05,962.95,0,0.00,0,0,06-JAN-2025
OPTSTK,POLYCAB,27-Feb-2025,2025-02-27,6900.00,CE,0.00,0.00,0.00,648.05,406.95,0,0.00,0,0,06-JAN-2025
OPTSTK,POLYCAB,30-Jan-2025,2025-01-30,7200.00,CE,240.00,243.85,140.30,148.10,148.10,1260,11634.2275,65000,5000,06-JAN-2025
OPTSTK,POLYCAB,27-Mar-2025,2025-03-27,7200.00,PE,0.00,0.00,0.00,530.95,515.20,0,0.00,0,0,06-JAN-2025
OPTSTK,POLYCAB,30-Jan-2025,2025-01-30,6200.00,PE,15.35,35.20,15.00,32.55,32.55,260,2022.96218,39750,-2500,06-JAN-2025
OPTSTK,POLYCAB,27-Feb-2025,2025-02-27,8200.00,PE,0.00,0.00,0.00,1175.10,1222.80,0,0.00,0,0,06-JAN-2025
OPTSTK,POLYCAB,27-Feb-2025,2025-02-27,6400.00,PE,0.00,0.00,0.00,222.35,114.25,0,0.00,0,0,06-JAN-2025
OPTSTK,POLYCAB,27-Feb-2025,2025-02-27,7100.00,CE,0.00,0.00,0.00,540.30,311.55,0,0.00,0,0,06-JAN-2025
OPTSTK,POLYCAB,30-Jan-2025,2025-01-30,7100.00,PE,182.95,310.30,175.35,295.35,295.35,836,7666.92025,36500,-3000,06-JAN-2025
OPTSTK,POLYCAB,27-Mar-2025,2025-03-27,8400.00,PE,0.00,0.00,0.00,1317.40,1407.15,0,0.00,0,0,06-JAN-2025
OPTSTK,POLYCAB,27-Feb-2025,2025-02-27,6500.00,PE,89.00,121.00,89.00,117.45,117.45,24,198.22375,6875,-500,06-JAN-2025
OPTSTK,POLYCAB,30-Jan-2025,2025-01-30,7500.00,PE,440.00,574.05,425.15,574.05,587.95,18,180.627687,18500,-1250,06-JAN-2025
OPTSTK,POLYCAB,30-Jan-2025,2025-01-30,7300.00,PE,293.95,444.55,269.85,434.75,434.75,506,4821.85256,28000,-13375,06-JAN-2025
OPTSTK,POLYCAB,27-Feb-2025,2025-02-27,7300.00,PE,0.00,0.00,0.00,339.15,515.45,0,0.00,1500,0,06-JAN-2025
OPTSTK,POLYCAB,30-Jan-2025,2025-01-30,7300.00,CE,207.30,207.30,107.50,114.55,114.55,915,8521.33043,51000,4875,06-JAN-2025
OPTSTK,POLYCAB,27-Feb-2025,2025-02-27,7300.00,CE,0.00,0.00,0.00,445.75,233.45,0,0.00,0,0,06-JAN-2025
OPTSTK,TVSMOTOR,30-Jan-2025,2025-01-30,2740.00,PE,0.00,0.00,0.00,298.60,316.60,0,0.00,0,0,06-JAN-2025
OPTSTK,TVSMOTOR,30-Jan-2025,2025-01-30,2320.00,PE,15.95,33.50,15.75,32.25,32.25,41,336.914025,40950,1750,06-JAN-2025
OPTSTK,TVSMOTOR,30-Jan-2025,2025-01-30,2320.00,CE,0.00,0.00,0.00,211.00,129.20,0,0.00,2800,0,06-JAN-2025
OPTSTK,AMBUJACEM,27-Feb-2025,2025-02-27,495.00,PE,0.00,0.00,0.00,14.80,12.25,0,0.00,0,0,06-JAN-2025
OPTSTK,AMBUJACEM,30-Jan-2025,2025-01-30,495.00,PE,2.80,5.25,2.80,4.95,4.95,82,368.3529,72900,18000,06-JAN-2025
OPTSTK,AMBUJACEM,30-Jan-2025,2025-01-30,495.00,CE,0.00,0.00,0.00,65.45,42.95,0,0.00,0,0,06-JAN-2025
OPTSTK,TVSMOTOR,30-Jan-2025,2025-01-30,2340.00,CE,0.00,0.00,0.00,171.35,115.10,0,0.00,3850,0,06-JAN-2025
OPTSTK,TVSMOTOR,27-Feb-2025,2025-02-27,2340.00,CE,0.00,0.00,0.00,197.65,150.40,0,0.00,0,0,06-JAN-2025
OPTSTK,TVSMOTOR,27-Feb-2025,2025-02-27,2340.00,PE,0.00,0.00,0.00,80.00,54.20,0,0.00,350,0,06-JAN-2025
OPTSTK,AMBUJACEM,30-Jan-2025,2025-01-30,575.00,CE,5.55,5.80,2.65,2.75,2.75,212,1103.37345,136800,31500,06-JAN-2025
OPTSTK,AMBUJACEM,30-Jan-2025,2025-01-30,575.00,PE,45.15,46.85,42.70,46.85,46.85,6,33.46695,18000,0,06-JAN-2025
OPTSTK,AMBUJACEM,27-Feb-2025,2025-02-27,575.00,CE,0.00,0.00,0.00,31.45,14.10,0,0.00,0,0,06-JAN-2025
OPTSTK,AMBUJACEM,27-Mar-2025,2025-03-27,510.00,CE,0.00,0.00,0.00,73.40,50.15,0,0.00,0,0,06-JAN-2025
OPTSTK,TVSMOTOR,27-Feb-2025,2025-02-27,2680.00,PE,0.00,0.00,0.00,261.25,263.90,0,0.00,0,0,06-JAN-2025
OPTSTK,TVSMOTOR,30-Jan-2025,2025-01-30,2680.00,PE,0.00,0.00,0.00,247.60,259.75,0,0.00,0,0,06-JAN-2025
OPTSTK,TVSMOTOR,27-Feb-2025,2025-02-27,2360.00,CE,0.00,0.00,0.00,185.35,138.05,0,0.00,0,0,06-JAN-2025
FUTSTK,TVSMOTOR,27-Mar-2025,2025-03-27,,,2475.00,2475.00,2475.00,2475.00,2449.80,1,8.6625,4200,350,06-JAN-2025
OPTSTK,AMBUJACEM,27-Mar-2025,2025-03-27,520.00,PE,0.00,0.00,0.00,29.25,27.00,0,0.00,0,0,06-JAN-2025
OPTSTK,TVSMOTOR,30-Jan-2025,2025-01-30,2300.00,CE,160.00,160.00,160.00,160.00,160.00,3,25.83,98350,0,06-JAN-2025
OPTSTK,AMBUJACEM,27-Feb-2025,2025-02-27,550.00,CE,0.00,0.00,0.00,42.25,22.35,0,0.00,0,0,06-JAN-2025
OPTSTK,TVSMOTOR,27-Feb-2025,2025-02-27,2300.00,PE,0.00,0.00,0.00,31.20,41.15,0,0.00,8400,0,06-JAN-2025
OPTSTK,TVSMOTOR,27-Feb-2025,2025-02-27,2300.00,CE,0.00,0.00,0.00,250.00,176.95,0,0.00,1050,0,06-JAN-2025
OPTSTK,AMBUJACEM,30-Jan-2025,2025-01-30,480.00,PE,2.25,3.35,2.20,3.05,3.05,316,1372.8051,210600,78300,06-JAN-2025
OPTSTK,AMBUJACEM,27-Mar-2025,2025-03-27,480.00,CE,0.00,0.00,0.00,93.25,69.55,0,0.00,0,0,06-JAN-2025
OPTSTK,TVSMOTOR,27-Mar-2025,2025-03-27,2280.00,PE,0.00,0.00,0.00,67.20,50.65,0,0.00,0,0,06-JAN-2025
OPTSTK,TVSMOTOR,27-Feb-2025,2025-02-27,2280.00,CE,0.00,0.00,0.00,237.60,191.15,0,0.00,0,0,06-JAN-2025
OPTSTK,AMBUJACEM,27-Feb-2025,2025-02-27,450.00,PE,0.00,0.00,0.00,5.35,3.20,0,0.00,0,0,06-JAN-2025
OPTSTK,TVSMOTOR,30-Jan-2025,2025-01-30,2220.00,PE,0.00,0.00,0.00,6.50,7.25,0,0.00,13300,0,06-JAN-2025
OPTSTK,TVSMOTOR,27-Feb-2025,2025-02-27,2220.00,PE,0.00,0.00,0.00,35.10,21.95,0,0.00,0,0,06-JAN-2025
OPTSTK,AMBUJACEM,27-Mar-2025,2025-03-27,590.00,CE,0.00,0.00,0.00,35.05,17.15,0,0.00,0,0,06-JAN-2025
OPTSTK,AMBUJACEM,30-Jan-2025,2025-01-30,525.00,PE,7.50,14.05,7.50,13.10,13.10,246,1188.6615,74700,6300,06-JAN-2025
OPTSTK,TVSMOTOR,27-Feb-2025,2025-02-27,2700.00,CE,0.00,0.00,0.00,68.45,20.40,0,0.00,0,0,06-JAN-2025
OPTSTK,CONCOR,30-Jan-2025,2025-01-30,780.00,CE,24.15,24.15,13.75,17.05,17.05,893,7125.3095,485000,80000,06-JAN-2025
OPTSTK,CONCOR,27-Mar-2025,2025-03-27,780.00,CE,0.00,0.00,0.00,67.45,45.45,0,0.00,0,0,06-JAN-2025
OPTSTK,CONCOR,27-Feb-2025,2025-02-27,900.00,PE,0.00,0.00,0.00,106.10,133.35,0,0.00,0,0,06-JAN-2025
OPTSTK,CONCOR,30-Jan-2025,2025-01-30,840.00,CE,4.55,4.65,2.80,3.40,3.40,662,5583.3375,234000,0,06-JAN-2025
OPTSTK,CONCOR,27-Feb-2025,2025-02-27,710.00,PE,0.00,0.00,0.00,20.75,14.35,0,0.00,0,0,06-JAN-2025
OPTSTK,CONCOR,27-Mar-2025,2025-03-27,640.00,PE,0.00,0.00,0.00,10.80,5.85,0,0.00,0,0,06-JAN-2025
OPTSTK,CONCOR,27-Feb-2025,2025-02-27,740.00,CE,0.00,0.00,0.00,122.00,55.00,0,0.00,0,0,06-JAN-2025
OPTSTK,CONCOR,27-Feb-2025,2025-02-27,790.00,PE,0.00,0.00,0.00,54.05,49.10,0,0.00,0,0,06-JAN-2025
OPTSTK,CONCOR,27-Mar-2025,2025-03-27,920.00,CE,0.00,0.00,0.00,22.25,9.05,0,0.00,0,0,06-JAN-2025
OPTSTK,CONCOR,30-Jan-2025,2025-01-30,870.00,CE,2.15,2.15,1.30,1.50,1.50,179,1559.951,109000,-54000,06-JAN-2025
OPTSTK,CONCOR,27-Mar-2025,2025-03-27,740.00,CE,0.00,0.00,0.00,88.55,65.90,0,0.00,0,0,06-JAN-2025
OPTSTK,CONCOR,27-Feb-2025,2025-02-27,770.00,PE,0.00,0.00,0.00,43.90,38.00,0,0.00,0,0,06-JAN-2025
FUTSTK,CONCOR,27-Mar-2025,2025-03-27,,,785.80,785.80,763.85,771.00,771.00,41,316.662,55000,19000,06-JAN-2025
OPTSTK,CONCOR,27-Feb-2025,2025-02-27,750.00,PE,21.85,25.70,21.70,25.70,28.50,6,46.352,8000,4000,06-JAN-2025
OPTSTK,CONCOR,30-Jan-2025,2025-01-30,750.00,PE,8.95,20.50,8.95,17.65,17.65,760,5822.786,431000,24000,06-JAN-2025
OPTSTK,CONCOR,27-Mar-2025,2025-03-27,800.00,PE,0.00,0.00,0.00,67.60,61.80,0,0.00,0,0,06-JAN-2025
OPTSTK,CONCOR,30-Jan-2025,2025-01-30,680.00,CE,0.00,0.00,0.00,189.85,88.85,0,0.00,0,0,06-JAN-2025
OPTSTK,CONCOR,27-Feb-2025,2025-02-27,730.00,PE,11.00,18.00,11.00,16.00,20.60,3,22.35,3000,3000,06-JAN-2025
OPTSTK,CONCOR,30-Jan-2025,2025-01-30,730.00,CE,44.80,47.00,42.95,44.55,44.55,14,108.544,11000,11000,06-JAN-2025
FUTSTK,CONCOR,30-Jan-2025,2025-01-30,,,788.95,790.25,756.60,764.30,764.30,4100,31445.501,16886000,-184000,06-JAN-2025
OPTSTK,CONCOR,30-Jan-2025,2025-01-30,740.00,CE,45.80,45.80,35.40,38.05,38.05,35,272.5855,18000,12000,06-JAN-2025
OPTSTK,CONCOR,30-Jan-2025,2025-01-30,790.00,CE,19.05,19.50,10.85,13.05,13.05,617,4960.422,311000,22000,06-JAN-2025
OPTSTK,CONCOR,27-Mar-2025,2025-03-27,640.00,CE,0.00,0.00,0.00,158.70,138.85,0,0.00,0,0,06-JAN-2025
OPTSTK,CONCOR,30-Jan-2025,2025-01-30,660.00,PE,1.85,2.00,1.85,1.90,1.00,5,33.0955,25000,4000,06-JAN-2025
OPTSTK,CONCOR,30-Jan-2025,2025-01-30,690.00,PE,2.50,4.35,2.50,3.40,3.40,138,957.315,109000,34000,06-JAN-2025
OPTSTK,CONCOR,27-Feb-2025,2025-02-27,850.00,CE,0.00,0.00,0.00,28.35,12.80,0,0.00,0,0,06-JAN-2025
OPTSTK,CONCOR,27-Feb-2025,2025-02-27,850.00,PE,0.00,0.00,0.00,91.35,91.05,0,0.00,0,0,06-JAN-2025
OPTSTK,CONCOR,27-Mar-2025,2025-03-27,680.00,PE,0.00,0.00,0.00,19.25,12.70,0,0.00,0,0,06-JAN-2025
OPTSTK,CONCOR,27-Feb-2025,2025-02-27,680.00,PE,0.00,0.00,0.00,12.90,7.65,0,0.00,0,0,06-JAN-2025
OPTSTK,CONCOR,30-Jan-2025,2025-01-30,660.00,CE,0.00,0.00,0.00,206.75,107.50,0,0.00,0,0,06-JAN-2025
OPTSTK,CONCOR,30-Jan-2025,2025-01-30,950.00,PE,0.00,0.00,0.00,155.00,182.35,0,0.00,49000,0,06-JAN-2025
OPTSTK,CONCOR,27-Feb-2025,2025-02-27,750.00,CE,0.00,0.00,0.00,70.70,49.25,0,0.00,0,0,06-JAN-2025
OPTSTK,ONGC,27-Feb-2025,2025-02-27,240.00,PE,4.20,5.70,4.20,5.70,5.70,41,193.409562,454300,-9625,06-JAN-2025
OPTSTK,ONGC,30-Jan-2025,2025-01-30,217.50,CE,0.00,0.00,0.00,22.55,38.05,0,0.00,23100,0,06-JAN-2025
OPTSTK,ONGC,30-Jan-2025,2025-01-30,217.50,PE,0.35,0.50,0.35,0.40,0.40,57,239.102325,306075,3850,06-JAN-2025
OPTSTK,ONGC,30-Jan-2025,2025-01-30,260.00,CE,7.15,7.50,3.65,4.50,4.50,9501,48428.1721,5886650,592900,06-JAN-2025
OPTSTK,ONGC,30-Jan-2025,2025-01-30,260.00,PE,7.20,11.20,7.00,9.50,9.50,3427,17740.8442,2011625,-296450,06-JAN-2025
OPTSTK,JUBLFOOD,27-Feb-2025,2025-02-27,800.00,CE,28.50,34.20,22.05,23.35,23.35,35,362.058125,41250,18750,06-JAN-2025
OPTSTK,JUBLFOOD,30-Jan-2025,2025-01-30,780.00,PE,24.05,33.90,17.00,29.75,29.75,2410,24217.2693,297500,100000,06-JAN-2025
OPTSTK,ONGC,27-Feb-2025,2025-02-27,237.50,CE,0.00,0.00,0.00,27.00,24.30,0,0.00,1925,0,06-JAN-2025
OPTSTK,JUBLFOOD,27-Feb-2025,2025-02-27,740.00,CE,0.00,0.00,0.00,44.60,52.90,0,0.00,7500,0,06-JAN-2025
OPTSTK,JUBLFOOD,27-Feb-2025,2025-02-27,670.00,PE,0.00,0.00,0.00,22.50,3.70,0,0.00,0,0,06-JAN-2025
OPTSTK,ONGC,30-Jan-2025,2025-01-30,232.50,CE,0.00,0.00,0.00,27.00,24.35,0,0.00,165550,0,06-JAN-2025
OPTSTK,ONGC,30-Jan-2025,2025-01-30,240.00,CE,19.00,19.00,14.85,17.00,17.00,491,2427.77631,1647800,-88550,06-JAN-2025
OPTSTK,JUBLFOOD,30-Jan-2025,2025-01-30,810.00,CE,10.00,19.20,9.00,10.45,10.45,2224,22913.1943,351250,170000,06-JAN-2025
OPTSTK,JUBLFOOD,27-Mar-2025,2025-03-27,680.00,PE,0.00,0.00,0.00,32.55,8.70,0,0.00,0,0,06-JAN-2025
OPTSTK,ONGC,27-Feb-2025,2025-02-27,220.00,CE,0.00,0.00,0.00,21.65,38.10,0,0.00,7700,0,06-JAN-2025
OPTSTK,JUBLFOOD,27-Mar-2025,2025-03-27,680.00,CE,0.00,0.00,0.00,68.70,105.30,0,0.00,0,0,06-JAN-2025
OPTSTK,JUBLFOOD,30-Jan-2025,2025-01-30,720.00,CE,53.95,78.75,52.35,58.05,58.05,308,3015.94437,288750,-52500,06-JAN-2025
OPTSTK,ONGC,30-Jan-2025,2025-01-30,284.00,CE,1.15,1.15,0.50,0.65,0.65,666,3650.18692,435050,-121275,06-JAN-2025
OPTSTK,ONGC,27-Mar-2025,2025-03-27,295.00,PE,0.00,0.00,0.00,54.35,41.15,0,0.00,0,0,06-JAN-2025
OPTSTK,ONGC,27-Mar-2025,2025-03-27,295.00,CE,0.00,0.00,0.00,4.90,4.80,0,0.00,0,0,06-JAN-2025
OPTSTK,ONGC,30-Jan-2025,2025-01-30,295.00,CE,0.50,0.55,0.30,0.35,0.35,237,1348.00916,194425,40425,06-JAN-2025
OPTSTK,JUBLFOOD,27-Feb-2025,2025-02-27,820.00,PE,0.00,0.00,0.00,168.95,62.50,0,0.00,0,0,06-JAN-2025
OPTSTK,JUBLFOOD,30-Jan-2025,2025-01-30,820.00,CE,7.25,15.70,7.05,8.20,8.20,3422,35557.8125,452500,192500,06-JAN-2025
OPTSTK,JUBLFOOD,30-Jan-2025,2025-01-30,710.00,PE,3.50,7.00,3.00,6.00,6.00,1504,13426.7875,445000,-15000,06-JAN-2025
OPTSTK,ONGC,27-Feb-2025,2025-02-27,242.50,PE,0.00,0.00,0.00,15.45,6.75,0,0.00,0,0,06-JAN-2025
OPTSTK,ONGC,30-Jan-2025,2025-01-30,242.50,PE,2.10,3.00,1.65,2.50,2.50,1013,4774.03272,504350,-232925,06-JAN-2025
OPTSTK,JUBLFOOD,30-Jan-2025,2025-01-30,830.00,PE,0.00,0.00,0.00,179.45,64.85,0,0.00,0,0,06-JAN-2025
OPTSTK,ONGC,27-Feb-2025,2025-02-27,217.50,CE,0.00,0.00,0.00,31.10,40.30,0,0.00,0,0,06-JAN-2025
OPTSTK,ONGC,30-Jan-2025,2025-01-30,222.50,CE,0.00,0.00,0.00,24.35,33.35,0,0.00,102025,0,06-JAN-2025
OPTSTK,ONGC,30-Jan-2025,2025-01-30,287.50,PE,0.00,0.00,0.00,46.45,32.80,0,0.00,0,0,06-JAN-2025
OPTSTK,JUBLFOOD,30-Jan-2025,2025-01-30,650.00,PE,1.20,1.80,0.85,1.65,1.65,587,4778.82062,607500,26250,06-JAN-2025
OPTSTK,ONGC,30-Jan-2025,2025-01-30,212.50,CE,0.00,0.00,0.00,31.35,42.90,0,0.00,0,0,06-JAN-2025
OPTSTK,BSOFT,30-Jan-2025,2025-01-30,620.00,CE,2.05,3.10,2.05,2.25,2.25,391,2433.6115,426000,32000,06-JAN-2025
OPTSTK,BSOFT,30-Jan-2025,2025-01-30,560.00,CE,16.15,18.75,13.35,14.05,14.05,1077,6203.214,251000,4000,06-JAN-2025
OPTSTK,BSOFT,30-Jan-2025,2025-01-30,510.00,PE,4.65,6.45,4.15,6.20,6.20,329,1696.198,85000,-24000,06-JAN-2025
OPTSTK,BSOFT,30-Jan-2025,2025-01-30,700.00,CE,0.50,0.55,0.35,0.40,0.40,47,329.2035,238000,1000,06-JAN-2025
OPTSTK,BSOFT,30-Jan-2025,2025-01-30,530.00,CE,36.75,36.75,29.45,30.60,30.60,25,140.081,26000,20000,06-JAN-2025
OPTSTK,BSOFT,27-Feb-2025,2025-02-27,500.00,PE,7.95,9.85,7.95,9.85,8.80,3,15.2675,5000,3000,06-JAN-2025
OPTSTK,BSOFT,27-Mar-2025,2025-03-27,640.00,CE,0.00,0.00,0.00,25.40,9.20,0,0.00,0,0,06-JAN-2025
OPTSTK,BSOFT,27-Feb-2025,2025-02-27,680.00,CE,0.00,0.00,0.00,23.70,1.65,0,0.00,0,0,06-JAN-2025
OPTSTK,BSOFT,30-Jan-2025,2025-01-30,580.00,CE,9.00,10.80,7.30,7.85,7.85,754,4439.1755,590000,61000,06-JAN-2025
OPTSTK,BSOFT,27-Mar-2025,2025-03-27,580.00,PE,0.00,0.00,0.00,46.35,50.15,0,0.00,0,0,06-JAN-2025
OPTSTK,BSOFT,30-Jan-2025,2025-01-30,490.00,PE,0.00,0.00,0.00,6.20,2.20,0,0.00,0,0,06-JAN-2025
OPTSTK,BSOFT,30-Jan-2025,2025-01-30,550.00,CE,21.00,24.15,17.85,18.55,18.55,624,3559.792,233000,50000,06-JAN-2025
OPTSTK,BSOFT,30-Jan-2025,2025-01-30,550.00,PE,15.70,21.30,14.50,20.15,20.15,505,2868.9575,200000,5000,06-JAN-2025
OPTSTK,BSOFT,27-Mar-2025,2025-03-27,540.00,PE,0.00,0.00,0.00,27.90,28.10,0,0.00,0,0,06-JAN-2025
OPTSTK,BSOFT,27-Feb-2025,2025-02-27,480.00,CE,0.00,0.00,0.00,128.20,74.65,0,0.00,0,0,06-JAN-2025
OPTSTK,BSOFT,27-Feb-2025,2025-02-27,640.00,PE,0.00,0.00,0.00,72.55,93.15,0,0.00,0,0,06-JAN-2025
OPTSTK,BSOFT,30-Jan-2025,2025-01-30,660.00,PE,0.00,0.00,0.00,85.00,112.15,0,0.00,4000,0,06-JAN-2025
OPTSTK,BSOFT,27-Mar-2025,2025-03-27,520.00,PE,0.00,0.00,0.00,20.70,19.75,0,0.00,0,0,06-JAN-2025
OPTSTK,BSOFT,27-Feb-2025,2025-02-27,570.00,CE,20.00,20.00,20.00,20.00,19.85,1,5.9,3000,1000,06-JAN-2025
OPTSTK,BSOFT,30-Jan-2025,2025-01-30,580.00,PE,33.00,40.00,31.10,40.00,40.00,43,264.4605,307000,-5000,06-JAN-2025
OPTSTK,BSOFT,27-Feb-2025,2025-02-27,590.00,PE,0.00,0.00,0.00,45.80,52.65,0,0.00,0,0,06-JAN-2025
OPTSTK,BSOFT,30-Jan-2025,2025-01-30,630.00,CE,1.80,2.25,1.60,1.75,1.75,166,1048.796,302000,9000,06-JAN-2025
OPTSTK,BSOFT,30-Jan-2025,2025-01-30,630.00,PE,73.30,74.15,73.30,74.10,83.15,4,28.1515,61000,0,06-JAN-2025
OPTSTK,BSOFT,30-Jan-2025,2025-01-30,520.00,CE,36.75,37.35,36.75,37.35,37.35,2,11.141,14000,-1000,06-JAN-2025
OPTSTK,BSOFT,27-Feb-2025,2025-02-27,660.00,PE,0.00,0.00,0.00,85.90,111.20,0,0.00,0,0,06-JAN-2025
FUTSTK,BSOFT,27-Mar-2025,2025-03-27,,,561.00,565.45,554.75,557.10,557.10,23,128.78,51000,8000,06-JAN-2025
OPTSTK,BSOFT,27-Feb-2025,2025-02-27,610.00,CE,0.00,0.00,0.00,26.00,8.90,0,0.00,0,0,06-JAN-2025
OPTSTK,BSOFT,30-Jan-2025,2025-01-30,600.00,PE,55.00,55.40,53.35,55.40,55.90,3,19.6375,246000,0,06-JAN-2025
OPTSTK,BSOFT,27-Feb-2025,2025-02-27,480.00,PE,0.00,0.00,0.00,8.35,4.80,0,0.00,0,0,06-JAN-2025
OPTSTK,BSOFT,27-Mar-2025,2025-03-27,480.00,PE,0.00,0.00,0.00,10.20,8.25,0,0.00,0,0,06-JAN-2025
OPTSTK,BSOFT,30-Jan-2025,2025-01-30,460.00,PE,0.00,0.00,0.00,10.25,0.40,0,0.00,0,0,06-JAN-2025
OPTSTK,BSOFT,30-Jan-2025,2025-01-30,660.00,CE,1.05,1.10,0.70,0.95,0.95,209,1381.2235,474000,14000,06-JAN-2025
OPTSTK,SBIN,30-Jan-2025,2025-01-30,790.00,CE,25.45,25.60,14.15,15.15,15.15,11981,72575.3452,2104500,954000,06-JAN-2025
OPTSTK,SBIN,27-Feb-2025,2025-02-27,790.00,CE,36.40,36.40,26.90,27.50,27.50,81,498.20175,35250,15750,06-JAN-2025
OPTSTK,SBIN,27-Feb-2025,2025-02-27,900.00,CE,5.00,5.00,3.55,3.75,3.75,434,2942.80162,459750,5250,06-JAN-2025
OPTSTK,SBIN,27-Feb-2025,2025-02-27,840.00,CE,12.00,13.80,10.65,11.00,11.00,226,1443.8745,203250,23250,06-JAN-2025
OPTSTK,SBIN,27-Mar-2025,2025-03-27,680.00,PE,0.00,0.00,0.00,6.90,5.70,0,0.00,0,0,06-JAN-2025
OPTSTK,SBIN,27-Feb-2025,2025-02-27,880.00,PE,100.00,100.00,100.00,100.00,100.75,1,7.35,6000,0,06-JAN-2025
OPTSTK,SBIN,27-Feb-2025,2025-02-27,870.00,CE,6.00,6.40,6.00,6.40,6.90,4,26.288625,3750,2250,06-JAN-2025
OPTSTK,SBIN,30-Jan-2025,2025-01-30,870.00,CE,2.55,2.55,1.20,1.40,1.40,3318,21686.1648,1673250,-154500,06-JAN-2025
OPTSTK,SBIN,27-Mar-2025,2025-03-27,800.00,CE,35.00,36.10,29.15,29.75,29.75,230,1435.55587,255750,132750,06-JAN-2025
OPTSTK,SBIN,30-Jan-2025,2025-01-30,800.00,PE,19.10,34.85,19.10,30.70,30.70,7798,48358.4006,5109750,-646500,06-JAN-2025
OPTSTK,SBIN,30-Jan-2025,2025-01-30,840.00,PE,50.05,66.35,49.25,62.60,62.60,228,1536.29512,2037750,-18750,06-JAN-2025
OPTSTK,SBIN,27-Feb-2025,2025-02-27,920.00,CE,3.70,3.70,2.25,2.35,2.35,46,318.40425,28500,18000,06-JAN-2025
OPTSTK,SBIN,27-Feb-2025,2025-02-27,660.00,PE,2.50,2.75,2.10,2.40,2.40,27,134.15775,14250,14250,06-JAN-2025
OPTSTK,SBIN,27-Feb-2025,2025-02-27,770.00,PE,21.50,23.65,21.50,23.65,23.65,2,11.888625,29250,750,06-JAN-2025
OPTSTK,SBIN,27-Feb-2025,2025-02-27,890.00,CE,0.00,0.00,0.00,20.30,4.50,0,0.00,0,0,06-JAN-2025
OPTSTK,SBIN,27-Feb-2025,2025-02-27,840.00,PE,57.50,66.00,55.60,66.00,66.00,10,67.49325,81750,5250,06-JAN-2025
OPTSTK,SBIN,30-Jan-2025,2025-01-30,930.00,CE,0.55,0.55,0.40,0.45,0.45,232,1618.99537,408000,12000,06-JAN-2025
OPTSTK,SBIN,27-Mar-2025,2025-03-27,800.00,PE,36.50,41.70,36.50,41.70,46.15,5,31.4445,33000,2250,06-JAN-2025
OPTSTK,SBIN,30-Jan-2025,2025-01-30,750.00,PE,4.35,10.55,4.35,8.85,8.85,10062,57186.6011,2006250,407250,06-JAN-2025
OPTSTK,SBIN,30-Jan-2025,2025-01-30,800.00,CE,20.30,20.30,10.60,11.25,11.25,24434,149048.542,8199000,1170750,06-JAN-2025
OPTSTK,SBIN,27-Feb-2025,2025-02-27,800.00,PE,27.90,40.45,27.90,37.75,37.75,133,833.85075,215250,-6000,06-JAN-2025
OPTSTK,SBIN,27-Feb-2025,2025-02-27,770.00,CE,41.00,42.35,36.30,37.80,39.05,28,169.907625,8250,3750,06-JAN-2025
OPTSTK,SBIN,30-Jan-2025,2025-01-30,980.00,CE,0.30,0.35,0.20,0.25,0.25,424,3117.258,394500,56250,06-JAN-2025
OPTSTK,SBIN,30-Jan-2025,2025-01-30,810.00,PE,24.40,41.85,24.40,38.05,38.05,2099,13262.1232,1253250,-204000,06-JAN-2025
OPTSTK,SBIN,30-Jan-2025,2025-01-30,660.00,CE,0.00,0.00,0.00,176.55,119.45,0,0.00,0,0,06-JAN-2025
OPTSTK,SBIN,30-Jan-2025,2025-01-30,720.00,PE,1.70,4.25,1.60,3.60,3.60,4329,23475.3817,1244250,-33750,06-JAN-2025
OPTSTK,SBIN,27-Feb-2025,2025-02-27,900.00,PE,103.95,103.95,103.95,103.95,118.60,3,22.588875,9750,2250,06-JAN-2025
OPTSTK,SBIN,27-Feb-2025,2025-02-27,730.00,CE,0.00,0.00,0.00,102.65,64.60,0,0.00,0,0,06-JAN-2025
OPTSTK,SBIN,30-Jan-2025,2025-01-30,740.00,PE,3.40,7.80,3.20,6.65,6.65,5611,31381.8513,1438500,123750,06-JAN-2025
OPTSTK,SBIN,27-Feb-2025,2025-02-27,660.00,CE,0.00,0.00,0.00,194.20,124.15,0,0.00,0,0,06-JAN-2025
OPTSTK,SBIN,27-Mar-2025,2025-03-27,680.00,CE,0.00,0.00,0.00,151.65,112.10,0,0.00,0,0,06-JAN-2025
OPTSTK,SBIN,30-Jan-2025,2025-01-30,720.00,CE,72.05,72.35,60.50,62.35,62.35,12,70.757625,13500,3750,06-JAN-2025
OPTSTK,BIOCON,30-Jan-2025,2025-01-30,395.00,PE,25.60,25.60,25.35,25.35,37.65,2,21.02375,5000,0,06-JAN-2025
OPTSTK,BIOCON,27-Feb-2025,2025-02-27,355.00,PE,0.00,0.00,0.00,26.20,15.55,0,0.00,0,0,06-JAN-2025
OPTSTK,BIOCON,27-Mar-2025,2025-03-27,410.00,PE,0.00,0.00,0.00,66.90,54.15,0,0.00,0,0,06-JAN-2025
OPTSTK,JKCEMENT,30-Jan-2025,2025-01-30,4100.00,PE,0.00,0.00,0.00,146.45,2.35,0,0.00,0,0,06-JAN-2025
OPTSTK,JKCEMENT,27-Mar-2025,2025-03-27,4100.00,PE,0.00,0.00,0.00,82.45,31.15,0,0.00,0,0,06-JAN-2025
OPTSTK,BIOCON,30-Jan-2025,2025-01-30,335.00,PE,1.60,3.15,1.10,3.00,3.00,102,859.59875,345000,-50000,06-JAN-2025
OPTSTK,JKCEMENT,27-Feb-2025,2025-02-27,5000.00,CE,0.00,0.00,0.00,114.50,96.30,0,0.00,250,0,06-JAN-2025
OPTSTK,BIOCON,27-Feb-2025,2025-02-27,310.00,CE,0.00,0.00,0.00,67.20,53.70,0,0.00,0,0,06-JAN-2025
OPTSTK,BIOCON,30-Jan-2025,2025-01-30,310.00,PE,0.25,0.65,0.25,0.60,0.60,27,209.55,487500,5000,06-JAN-2025
OPTSTK,JKCEMENT,30-Jan-2025,2025-01-30,4150.00,PE,15.00,15.00,15.00,15.00,3.75,1,5.20625,7625,0,06-JAN-2025
OPTSTK,BIOCON,27-Mar-2025,2025-03-27,320.00,CE,0.00,0.00,0.00,46.50,49.65,0,0.00,0,0,06-JAN-2025
OPTSTK,JKCEMENT,30-Jan-2025,2025-01-30,5050.00,CE,32.25,32.25,28.35,28.55,30.00,5,31.745,4500,500,06-JAN-2025
OPTSTK,JKCEMENT,30-Jan-2025,2025-01-30,5050.00,PE,0.00,0.00,0.00,865.95,355.90,0,0.00,0,0,06-JAN-2025
OPTSTK,BIOCON,27-Mar-2025,2025-03-27,420.00,CE,0.00,0.00,0.00,8.90,6.50,0,0.00,0,0,06-JAN-2025
OPTSTK,BIOCON,27-Feb-2025,2025-02-27,420.00,PE,0.00,0.00,0.00,62.25,61.05,0,0.00,0,0,06-JAN-2025
OPTSTK,JKCEMENT,30-Jan-2025,2025-01-30,4050.00,PE,0.00,0.00,0.00,152.50,1.40,0,0.00,0,0,06-JAN-2025
OPTSTK,RECLTD,30-Jan-2025,2025-01-30,510.00,CE,33.35,34.35,20.90,22.10,22.10,931,4975.788,777000,60000,06-JAN-2025
OPTSTK,RECLTD,30-Jan-2025,2025-01-30,510.00,PE,6.95,19.55,6.95,17.95,17.95,3101,16246.5065,1219000,-70000,06-JAN-2025
OPTSTK,RECLTD,27-Feb-2025,2025-02-27,510.00,PE,0.00,0.00,0.00,39.15,31.50,0,0.00,0,0,06-JAN-2025
OPTSTK,JKCEMENT,27-Feb-2025,2025-02-27,4000.00,CE,0.00,0.00,0.00,380.95,748.55,0,0.00,0,0,06-JAN-2025
OPTSTK,JKCEMENT,27-Feb-2025,2025-02-27,4800.00,PE,0.00,0.00,0.00,654.80,219.95,0,0.00,0,0,06-JAN-2025
OPTSTK,JKCEMENT,27-Mar-2025,2025-03-27,4800.00,CE,0.00,0.00,0.00,246.50,224.65,0,0.00,0,0,06-JAN-2025
OPTSTK,JKCEMENT,27-Feb-2025,2025-02-27,5250.00,PE,0.00,0.00,0.00,656.80,541.25,0,0.00,0,0,06-JAN-2025
OPTSTK,JKCEMENT,30-Jan-2025,2025-01-30,5250.00,PE,0.00,0.00,0.00,1052.40,534.55,0,0.00,0,0,06-JAN-2025
OPTSTK,JKCEMENT,30-Jan-2025,2025-01-30,5250.00,CE,0.00,0.00,0.00,12.15,9.55,0,0.00,0,0,06-JAN-2025
OPTSTK,JKCEMENT,27-Feb-2025,2025-02-27,5250.00,CE,0.00,0.00,0.00,67.65,43.25,0,0.00,0,0,06-JAN-2025
OPTSTK,JKCEMENT,30-Jan-2025,2025-01-30,4950.00,CE,57.70,57.70,43.45,43.45,49.60,14,87.430125,5875,500,06-JAN-2025
OPTSTK,JKCEMENT,27-Feb-2025,2025-02-27,4950.00,CE,0.00,0.00,0.00,135.75,111.40,0,0.00,0,0,06-JAN-2025
OPTSTK,JKCEMENT,30-Jan-2025,2025-01-30,4950.00,PE,0.00,0.00,0.00,280.10,275.95,0,0.00,500,0,06-JAN-2025
OPTSTK,JKCEMENT,27-Feb-2025,2025-02-27,4950.00,PE,0.00,0.00,0.00,428.70,312.30,0,0.00,0,0,06-JAN-2025
OPTSTK,BIOCON,27-Feb-2025,2025-02-27,330.00,CE,0.00,0.00,0.00,52.95,37.80,0,0.00,0,0,06-JAN-2025
OPTSTK,BIOCON,27-Feb-2025,2025-02-27,330.00,PE,5.00,5.50,5.00,5.50,6.50,3,25.15,12500,7500,06-JAN-2025
OPTSTK,BAJAJ-AUTO,27-Feb-2025,2025-02-27,8000.00,PE,65.95,79.80,65.95,77.90,77.90,15,90.8329125,6675,525,06-JAN-2025
OPTSTK,BAJAJ-AUTO,27-Mar-2025,2025-03-27,9200.00,CE,0.00,0.00,0.00,520.90,355.80,0,0.00,0,0,06-JAN-2025
OPTSTK,BAJAJ-AUTO,30-Jan-2025,2025-01-30,9200.00,CE,167.30,209.95,110.15,115.35,115.35,5501,38642.0673,133950,-2775,06-JAN-2025
OPTSTK,BAJAJ-AUTO,27-Feb-2025,2025-02-27,9200.00,PE,0.00,0.00,0.00,627.55,538.55,0,0.00,0,0,06-JAN-2025
OPTSTK,BAJAJ-AUTO,30-Jan-2025,2025-01-30,8200.00,PE,26.30,63.15,24.70,58.25,58.25,890,5502.04871,53025,-1275,06-JAN-2025
OPTSTK,BAJAJ-AUTO,27-Feb-2025,2025-02-27,9900.00,PE,0.00,0.00,0.00,1084.45,1063.10,0,0.00,0,0,06-JAN-2025
OPTSTK,BAJAJ-AUTO,27-Mar-2025,2025-03-27,8600.00,PE,0.00,0.00,0.00,384.60,297.35,0,0.00,0,0,06-JAN-2025
OPTSTK,BAJAJ-AUTO,30-Jan-2025,2025-01-30,7800.00,PE,14.00,23.95,9.15,22.45,22.45,882,5171.98586,48825,-3975,06-JAN-2025
OPTSTK,BAJAJ-AUTO,27-Feb-2025,2025-02-27,7800.00,CE,0.00,0.00,0.00,1485.20,1141.55,0,0.00,0,0,06-JAN-2025
OPTSTK,BAJAJ-AUTO,27-Feb-2025,2025-02-27,7400.00,CE,0.00,0.00,0.00,1816.60,1508.05,0,0.00,0,0,06-JAN-2025
OPTSTK,BAJAJ-AUTO,30-Jan-2025,2025-01-30,7400.00,CE,0.00,0.00,0.00,2592.50,1457.70,0,0.00,0,0,06-JAN-2025
OPTSTK,BAJAJ-AUTO,30-Jan-2025,2025-01-30,7400.00,PE,5.20,7.95,4.10,6.85,6.85,67,372.133875,10050,-1050,06-JAN-2025
OPTSTK,BAJAJ-AUTO,27-Feb-2025,2025-02-27,8500.00,PE,144.80,186.15,144.80,182.35,182.35,12,78.0562125,2250,75,06-JAN-2025
OPTSTK,BAJAJ-AUTO,27-Mar-2025,2025-03-27,8200.00,PE,0.00,0.00,0.00,243.40,164.80,0,0.00,0,0,06-JAN-2025
OPTSTK,BAJAJ-AUTO,27-Feb-2025,2025-02-27,8200.00,PE,0.00,0.00,0.00,224.65,109.85,0,0.00,0,0,06-JAN-2025
OPTSTK,BAJAJ-AUTO,27-Mar-2025,2025-03-27,8200.00,CE,0.00,0.00,0.00,1070.00,909.05,0,0.00,0,0,06-JAN-2025
OPTSTK,BAJAJ-AUTO,30-Jan-2025,2025-01-30,8200.00,CE,0.00,0.00,0.00,683.30,703.10,0,0.00,300,0,06-JAN-2025
OPTSTK,BAJAJ-AUTO,27-Mar-2025,2025-03-27,7600.00,PE,0.00,0.00,0.00,104.60,53.20,0,0.00,0,0,06-JAN-2025
OPTSTK,BAJAJ-AUTO,30-Jan-2025,2025-01-30,7600.00,PE,4.65,14.50,4.65,12.80,12.80,610,3481.93533,104475,14700,06-JAN-2025
OPTSTK,BAJAJ-AUTO,30-Jan-2025,2025-01-30,9400.00,CE,109.95,135.00,68.15,71.40,71.40,1449,10328.3968,47625,11175,06-JAN-2025
OPTSTK,BAJAJ-AUTO,27-Feb-2025,2025-02-27,9400.00,PE,0.00,0.00,0.00,738.40,672.65,0,0.00,0,0,06-JAN-2025
OPTSTK,BAJAJ-AUTO,27-Feb-2025,2025-02-27,9400.00,CE,0.00,0.00,0.00,221.45,186.45,0,0.00,75,0,06-JAN-2025
OPTSTK,BAJAJ-AUTO,30-Jan-2025,2025-01-30,7900.00,CE,0.00,0.00,0.00,1310.20,972.50,0,0.00,0,0,06-JAN-2025
OPTSTK,BAJAJ-AUTO,27-Feb-2025,2025-02-27,8800.00,CE,0.00,0.00,0.00,427.75,425.35,0,0.00,75,0,06-JAN-2025
OPTSTK,BAJAJ-AUTO,27-Feb-2025,2025-02-27,7800.00,PE,0.00,0.00,0.00,61.00,43.05,0,0.00,1575,0,06-JAN-2025
OPTSTK,BAJAJ-AUTO,30-Jan-2025,2025-01-30,7800.00,CE,0.00,0.00,0.00,2225.35,1067.20,0,0.00,0,0,06-JAN-2025
OPTSTK,BAJAJ-AUTO,27-Mar-2025,2025-03-27,7800.00,PE,0.00,0.00,0.00,141.90,80.50,0,0.00,0,0,06-JAN-2025
OPTSTK,BAJAJ-AUTO,27-Feb-2025,2025-02-27,8200.00,CE,0.00,0.00,0.00,1186.05,812.15,0,0.00,0,0,06-JAN-2025
OPTSTK,BAJAJ-AUTO,30-Jan-2025,2025-01-30,9900.00,PE,0.00,0.00,0.00,870.00,1050.00,0,0.00,525,0,06-JAN-2025
OPTSTK,BAJAJ-AUTO,27-Feb-2025,2025-02-27,9900.00,CE,0.00,0.00,0.00,187.05,81.65,0,0.00,0,0,06-JAN-2025
OPTSTK,BAJAJ-AUTO,27-Feb-2025,2025-02-27,9700.00,CE,0.00,0.00,0.00,234.95,115.30,0,0.00,0,0,06-JAN-2025
FUTSTK,PETRONET,27-Mar-2025,2025-03-27,,,334.20,334.75,329.00,334.50,334.50,5,24.96525,81000,-1500,06-JAN-2025
OPTSTK,PETRONET,27-Feb-2025,2025-02-27,400.00,PE,0.00,0.00,0.00,70.20,68.60,0,0.00,0,0,06-JAN-2025
OPTSTK,PETRONET,27-Mar-2025,2025-03-27,320.00,CE,0.00,0.00,0.00,41.35,25.25,0,0.00,0,0,06-JAN-2025
OPTSTK,PETRONET,27-Mar-2025,2025-03-27,400.00,PE,0.00,0.00,0.00,56.50,68.00,0,0.00,0,0,06-JAN-2025
OPTSTK,PETRONET,30-Jan-2025,2025-01-30,330.00,CE,9.45,9.45,6.30,8.80,8.80,1120,5676.3165,1566000,-46500,06-JAN-2025
OPTSTK,PETRONET,27-Feb-2025,2025-02-27,355.00,CE,0.00,0.00,0.00,17.35,6.40,0,0.00,0,0,06-JAN-2025
OPTSTK,PETRONET,27-Feb-2025,2025-02-27,355.00,PE,0.00,0.00,0.00,23.15,29.60,0,0.00,0,0,06-JAN-2025
OPTSTK,PETRONET,30-Jan-2025,2025-01-30,400.00,PE,0.00,0.00,0.00,69.35,69.90,0,0.00,0,0,06-JAN-2025
OPTSTK,PETRONET,27-Mar-2025,2025-03-27,350.00,CE,0.00,0.00,0.00,24.45,11.70,0,0.00,0,0,06-JAN-2025
OPTSTK,PETRONET,27-Feb-2025,2025-02-27,280.00,CE,0.00,0.00,0.00,57.75,52.10,0,0.00,0,0,06-JAN-2025
OPTSTK,PETRONET,30-Jan-2025,2025-01-30,345.00,PE,19.10,19.25,18.00,18.60,18.60,17,92.715,502500,-6000,06-JAN-2025
OPTSTK,PETRONET,30-Jan-2025,2025-01-30,360.00,PE,30.90,33.75,30.40,33.00,31.65,8,47.07075,160500,4500,06-JAN-2025
OPTSTK,PETRONET,27-Mar-2025,2025-03-27,350.00,PE,0.00,0.00,0.00,23.40,28.15,0,0.00,0,0,06-JAN-2025
OPTSTK,PETRONET,30-Jan-2025,2025-01-30,350.00,PE,22.00,25.15,20.95,23.95,23.30,18,100.69875,490500,-6000,06-JAN-2025
OPTSTK,PETRONET,30-Jan-2025,2025-01-30,315.00,CE,0.00,0.00,0.00,19.70,18.95,0,0.00,87000,0,06-JAN-2025
OPTSTK,PETRONET,30-Jan-2025,2025-01-30,315.00,PE,3.30,4.85,3.15,3.85,3.85,492,2353.92675,357000,58500,06-JAN-2025
OPTSTK,PETRONET,27-Feb-2025,2025-02-27,315.00,CE,0.00,0.00,0.00,40.40,24.05,0,0.00,0,0,06-JAN-2025
OPTSTK,PETRONET,27-Feb-2025,2025-02-27,385.00,CE,0.00,0.00,0.00,7.85,1.75,0,0.00,0,0,06-JAN-2025
OPTSTK,PETRONET,30-Jan-2025,2025-01-30,305.00,PE,1.75,2.50,1.75,2.15,2.15,272,1253.196,273000,45000,06-JAN-2025
OPTSTK,PETRONET,27-Mar-2025,2025-03-27,290.00,PE,0.00,0.00,0.00,3.80,3.60,0,0.00,0,0,06-JAN-2025
OPTSTK,PETRONET,27-Feb-2025,2025-02-27,390.00,PE,0.00,0.00,0.00,61.90,59.20,0,0.00,0,0,06-JAN-2025
OPTSTK,PETRONET,27-Feb-2025,2025-02-27,360.00,CE,0.00,0.00,0.00,13.80,5.25,0,0.00,0,0,06-JAN-2025
OPTSTK,PETRONET,27-Mar-2025,2025-03-27,380.00,PE,0.00,0.00,0.00,41.65,50.60,0,0.00,0,0,06-JAN-2025
OPTSTK,PETRONET,30-Jan-2025,2025-01-30,310.00,CE,22.85,22.85,22.10,22.10,22.10,2,9.97425,55500,0,06-JAN-2025
OPTSTK,PETRONET,30-Jan-2025,2025-01-30,310.00,PE,2.35,3.50,2.30,2.90,2.90,369,1731.8295,540000,-30000,06-JAN-2025
OPTSTK,PETRONET,27-Feb-2025,2025-02-27,310.00,CE,0.00,0.00,0.00,36.45,27.45,0,0.00,0,0,06-JAN-2025
OPTSTK,PETRONET,30-Jan-2025,2025-01-30,390.00,CE,0.20,0.25,0.20,0.25,0.25,23,134.62425,141000,0,06-JAN-2025
OPTSTK,PETRONET,30-Jan-2025,2025-01-30,390.00,PE,0.00,0.00,0.00,68.00,60.00,0,0.00,4500,0,06-JAN-2025
OPTSTK,PETRONET,27-Feb-2025,2025-02-27,400.00,CE,1.40,1.40,1.25,1.35,0.80,8,48.15675,123000,4500,06-JAN-2025
OPTSTK,PETRONET,30-Jan-2025,2025-01-30,385.00,PE,0.00,0.00,0.00,56.75,55.10,0,0.00,0,0,06-JAN-2025
OPTSTK,PETRONET,27-Feb-2025,2025-02-27,385.00,PE,0.00,0.00,0.00,43.30,54.65,0,0.00,0,0,06-JAN-2025
OPTSTK,PETRONET,30-Jan-2025,2025-01-30,385.00,CE,0.00,0.00,0.00,0.40,0.20,0,0.00,3000,0,06-JAN-2025
OPTSTK,EICHERMOT,27-Feb-2025,2025-02-27,5700.00,PE,0.00,0.00,0.00,850.65,468.35,0,0.00,0,0,06-JAN-2025
OPTSTK,TORNTPHARM,27-Feb-2025,2025-02-27,2900.00,PE,0.00,0.00,0.00,50.00,3.70,0,0.00,0,0,06-JAN-2025
OPTSTK,KEI,30-Jan-2025,2025-01-30,5000.00,CE,13.05,13.05,8.95,10.00,10.00,201,1510.73542,16200,-5700,06-JAN-2025
OPTSTK,EICHERMOT,27-Mar-2025,2025-03-27,5000.00,CE,0.00,0.00,0.00,235.95,443.90,0,0.00,0,0,06-JAN-2025
OPTSTK,EICHERMOT,27-Feb-2025,2025-02-27,5600.00,PE,0.00,0.00,0.00,768.10,393.50,0,0.00,0,0,06-JAN-2025
OPTSTK,EICHERMOT,27-Feb-2025,2025-02-27,4750.00,PE,0.00,0.00,0.00,182.15,33.35,0,0.00,0,0,06-JAN-2025
OPTSTK,TORNTPHARM,27-Feb-2025,2025-02-27,3200.00,CE,0.00,0.00,0.00,212.90,235.15,0,0.00,0,0,06-JAN-2025
OPTSTK,TORNTPHARM,27-Mar-2025,2025-03-27,3200.00,CE,0.00,0.00,0.00,356.65,269.10,0,0.00,0,0,06-JAN-2025
OPTSTK,TORNTPHARM,27-Feb-2025,2025-02-27,3050.00,CE,0.00,0.00,0.00,436.15,356.40,0,0.00,0,0,06-JAN-2025
OPTSTK,TORNTPHARM,30-Jan-2025,2025-01-30,2900.00,CE,0.00,0.00,0.00,406.90,475.90,0,0.00,0,0,06-JAN-2025
OPTSTK,EICHERMOT,27-Feb-2025,2025-02-27,5650.00,CE,0.00,0.00,0.00,34.65,84.40,0,0.00,0,0,06-JAN-2025
OPTSTK,EICHERMOT,30-Jan-2025,2025-01-30,5650.00,PE,372.55,405.25,348.80,405.25,404.00,4,42.1320375,700,0,06-JAN-2025
OPTSTK,EICHERMOT,30-Jan-2025,2025-01-30,5650.00,CE,34.00,34.55,18.85,24.30,24.30,259,2572.0618,27825,875,06-JAN-2025
OPTSTK,EICHERMOT,30-Jan-2025,2025-01-30,5050.00,CE,342.15,342.15,272.40,273.05,273.05,3,28.0658,97475,-175,06-JAN-2025
OPTSTK,EICHERMOT,27-Mar-2025,2025-03-27,4600.00,CE,0.00,0.00,0.00,440.50,751.65,0,0.00,0,0,06-JAN-2025
OPTSTK,EICHERMOT,27-Feb-2025,2025-02-27,5700.00,CE,0.00,0.00,0.00,69.15,73.00,0,0.00,0,0,06-JAN-2025
OPTSTK,TORNTPHARM,27-Mar-2025,2025-03-27,4000.00,CE,0.00,0.00,0.00,44.80,12.20,0,0.00,0,0,06-JAN-2025
OPTSTK,TORNTPHARM,30-Jan-2025,2025-01-30,3000.00,CE,0.00,0.00,0.00,440.00,377.65,0,0.00,500,0,06-JAN-2025
OPTSTK,EICHERMOT,27-Feb-2025,2025-02-27,4800.00,PE,0.00,0.00,0.00,161.45,41.20,0,0.00,175,0,06-JAN-2025
OPTSTK,EICHERMOT,30-Jan-2025,2025-01-30,5250.00,CE,179.95,189.20,110.70,140.15,140.15,695,6554.69561,60200,-6300,06-JAN-2025
OPTSTK,EICHERMOT,30-Jan-2025,2025-01-30,5250.00,PE,92.95,141.05,79.00,113.05,113.05,1667,15633.6834,73850,-17325,06-JAN-2025
OPTSTK,EICHERMOT,27-Feb-2025,2025-02-27,5250.00,CE,0.00,0.00,0.00,100.30,232.80,0,0.00,0,0,06-JAN-2025
OPTSTK,EICHERMOT,27-Feb-2025,2025-02-27,5250.00,PE,0.00,0.00,0.00,483.10,182.45,0,0.00,0,0,06-JAN-2025
OPTSTK,EICHERMOT,30-Jan-2025,2025-01-30,4950.00,PE,22.25,37.60,20.65,29.95,29.95,442,3851.0185,69300,-5075,06-JAN-2025
OPTSTK,EICHERMOT,30-Jan-2025,2025-01-30,4950.00,CE,340.55,362.50,340.55,356.65,356.65,16,148.4742,18375,-525,06-JAN-2025
OPTSTK,EICHERMOT,27-Feb-2025,2025-02-27,4950.00,PE,0.00,0.00,0.00,69.25,73.00,0,0.00,175,0,06-JAN-2025
OPTSTK,EICHERMOT,27-Feb-2025,2025-02-27,4950.00,CE,0.00,0.00,0.00,197.45,420.50,0,0.00,0,0,06-JAN-2025
OPTSTK,EICHERMOT,27-Feb-2025,2025-02-27,5550.00,PE,0.00,0.00,0.00,725.00,358.30,0,0.00,0,0,06-JAN-2025
OPTSTK,EICHERMOT,30-Jan-2025,2025-01-30,4750.00,PE,10.50,16.75,9.65,12.85,12.85,326,2716.66946,32900,-8575,06-JAN-2025
OPTSTK,EICHERMOT,27-Mar-2025,2025-03-27,4300.00,PE,0.00,0.00,0.00,71.25,9.55,0,0.00,0,0,06-JAN-2025
OPTSTK,KEI,27-Feb-2025,2025-02-27,4300.00,CE,0.00,0.00,0.00,358.35,238.00,0,0.00,0,0,06-JAN-2025
OPTSTK,DABUR,27-Feb-2025,2025-02-27,565.00,CE,0.00,0.00,0.00,5.60,2.25,0,0.00,0,0,06-JAN-2025
OPTSTK,DABUR,27-Mar-2025,2025-03-27,500.00,PE,0.00,0.00,0.00,19.05,14.90,0,0.00,0,0,06-JAN-2025
OPTSTK,DABUR,27-Feb-2025,2025-02-27,550.00,PE,0.00,0.00,0.00,35.75,44.10,0,0.00,0,0,06-JAN-2025
OPTSTK,DABUR,27-Feb-2025,2025-02-27,580.00,CE,0.00,0.00,0.00,12.20,1.15,0,0.00,0,0,06-JAN-2025
OPTSTK,DABUR,27-Mar-2025,2025-03-27,580.00,PE,0.00,0.00,0.00,70.65,69.70,0,0.00,0,0,06-JAN-2025
OPTSTK,DABUR,27-Feb-2025,2025-02-27,580.00,PE,0.00,0.00,0.00,55.75,70.75,0,0.00,0,0,06-JAN-2025
OPTSTK,DABUR,27-Mar-2025,2025-03-27,580.00,CE,0.00,0.00,0.00,6.70,3.05,0,0.00,0,0,06-JAN-2025
OPTSTK,DABUR,27-Mar-2025,2025-03-27,490.00,CE,0.00,0.00,0.00,39.50,33.10,0,0.00,0,0,06-JAN-2025
OPTSTK,DABUR,27-Feb-2025,2025-02-27,480.00,CE,0.00,0.00,0.00,62.20,35.00,0,0.00,0,0,06-JAN-2025
OPTSTK,DABUR,27-Feb-2025,2025-02-27,540.00,CE,10.55,10.55,9.00,9.00,6.15,2,13.744375,2500,2500,06-JAN-2025
OPTSTK,DABUR,30-Jan-2025,2025-01-30,570.00,CE,1.75,1.80,0.60,0.65,0.65,307,2190.32,176250,-53750,06-JAN-2025
OPTSTK,DABUR,30-Jan-2025,2025-01-30,570.00,PE,0.00,0.00,0.00,60.00,62.85,0,0.00,1250,0,06-JAN-2025
OPTSTK,DABUR,27-Mar-2025,2025-03-27,570.00,PE,0.00,0.00,0.00,62.60,61.00,0,0.00,0,0,06-JAN-2025
OPTSTK,DABUR,27-Feb-2025,2025-02-27,455.00,CE,0.00,0.00,0.00,59.85,55.75,0,0.00,0,0,06-JAN-2025
OPTSTK,DABUR,30-Jan-2025,2025-01-30,485.00,PE,3.05,5.65,2.70,4.75,4.75,768,4701.5975,326250,242500,06-JAN-2025
OPTSTK,DABUR,30-Jan-2025,2025-01-30,490.00,PE,3.15,7.10,2.30,6.10,6.10,1436,8895.65812,546250,110000,06-JAN-2025
OPTSTK,DABUR,27-Feb-2025,2025-02-27,490.00,PE,0.00,0.00,0.00,10.00,8.40,0,0.00,0,0,06-JAN-2025
OPTSTK,DABUR,30-Jan-2025,2025-01-30,450.00,CE,54.15,56.35,54.15,56.35,57.00,2,12.63125,3750,0,06-JAN-2025
OPTSTK,DABUR,30-Jan-2025,2025-01-30,550.00,PE,39.00,48.25,39.00,46.05,43.70,39,289.516875,173750,10000,06-JAN-2025
OPTSTK,DABUR,27-Feb-2025,2025-02-27,515.00,CE,0.00,0.00,0.00,20.30,14.25,0,0.00,0,0,06-JAN-2025
OPTSTK,DABUR,27-Mar-2025,2025-03-27,520.00,CE,0.00,0.00,0.00,23.75,17.30,0,0.00,0,0,06-JAN-2025
OPTSTK,DABUR,27-Mar-2025,2025-03-27,470.00,PE,0.00,0.00,0.00,8.85,5.55,0,0.00,0,0,06-JAN-2025
OPTSTK,DABUR,30-Jan-2025,2025-01-30,505.00,CE,15.05,15.85,11.15,12.85,12.85,950,6152.42,198750,86250,06-JAN-2025
OPTSTK,DABUR,30-Jan-2025,2025-01-30,630.00,PE,0.00,0.00,0.00,119.00,122.35,0,0.00,47500,0,06-JAN-2025
OPTSTK,DABUR,30-Jan-2025,2025-01-30,555.00,PE,49.85,49.85,49.85,49.85,48.35,3,22.681875,11250,3750,06-JAN-2025
OPTSTK,DABUR,30-Jan-2025,2025-01-30,555.00,CE,1.90,1.90,1.10,1.30,1.30,147,1022.27812,102500,20000,06-JAN-2025
OPTSTK,DABUR,30-Jan-2025,2025-01-30,440.00,PE,0.60,0.70,0.40,0.70,0.70,9,49.56875,10000,7500,06-JAN-2025
FUTSTK,DABUR,30-Jan-2025,2025-01-30,,,525.20,525.20,502.45,506.00,506.00,9033,57421.095,20710000,1746250,06-JAN-2025
OPTSTK,DABUR,27-Feb-2025,2025-02-27,430.00,PE,0.00,0.00,0.00,1.30,0.30,0,0.00,0,0,06-JAN-2025
OPTSTK,DABUR,27-Feb-2025,2025-02-27,525.00,PE,0.00,0.00,0.00,28.95,25.55,0,0.00,0,0,06-JAN-2025
OPTSTK,DABUR,30-Jan-2025,2025-01-30,455.00,PE,1.15,1.25,0.85,1.25,1.25,44,250.84625,46250,10000,06-JAN-2025
OPTSTK,DABUR,30-Jan-2025,2025-01-30,480.00,PE,1.30,4.45,1.25,3.80,3.80,1622,9801.0825,586250,185000,06-JAN-2025
OPTSTK,DABUR,30-Jan-2025,2025-01-30,460.00,PE,0.90,1.60,0.75,1.40,1.40,333,1920.0225,212500,40000,06-JAN-2025
OPTSTK,ANGELONE,30-Jan-2025,2025-01-30,3950.00,CE,3.60,4.80,2.50,2.95,2.95,72,569.3331,70800,2200,06-JAN-2025
OPTSTK,ANGELONE,30-Jan-2025,2025-01-30,2800.00,CE,166.00,250.00,109.20,115.85,115.85,1923,11332.8502,124800,80800,06-JAN-2025
OPTSTK,ANGELONE,27-Feb-2025,2025-02-27,3600.00,CE,0.00,0.00,0.00,148.40,24.35,0,0.00,0,0,06-JAN-2025
OPTSTK,ANGELONE,30-Jan-2025,2025-01-30,2900.00,CE,107.00,186.00,76.10,82.55,82.55,5470,33110.9598,230400,35400,06-JAN-2025
OPTSTK,ANGELONE,30-Jan-2025,2025-01-30,2900.00,PE,145.05,248.65,101.65,241.35,241.35,2502,15266.9643,151000,9000,06-JAN-2025
OPTSTK,ANGELONE,27-Mar-2025,2025-03-27,2600.00,CE,0.00,0.00,0.00,535.30,357.60,0,0.00,0,0,06-JAN-2025
OPTSTK,ANGELONE,30-Jan-2025,2025-01-30,2600.00,CE,272.20,272.20,220.05,228.80,235.35,30,170.0257,4800,3400,06-JAN-2025
OPTSTK,ANGELONE,30-Jan-2025,2025-01-30,2800.00,PE,133.30,183.05,67.55,175.20,175.20,4737,27717.296,155000,12000,06-JAN-2025
OPTSTK,ANGELONE,30-Jan-2025,2025-01-30,3500.00,CE,14.95,19.80,8.00,9.00,9.00,1442,10131.8438,246400,29800,06-JAN-2025
OPTSTK,ANGELONE,27-Feb-2025,2025-02-27,2700.00,PE,0.00,0.00,0.00,234.10,170.35,0,0.00,0,0,06-JAN-2025
OPTSTK,ANGELONE,27-Mar-2025,2025-03-27,2200.00,CE,0.00,0.00,0.00,810.95,632.05,0,0.00,0,0,06-JAN-2025
OPTSTK,ANGELONE,30-Jan-2025,2025-01-30,2950.00,PE,151.40,282.20,128.80,274.85,274.85,364,2275.6257,18000,1000,06-JAN-2025
OPTSTK,ANGELONE,30-Jan-2025,2025-01-30,3200.00,CE,39.60,65.00,25.90,27.00,27.00,3442,22330.6687,190600,15600,06-JAN-2025
OPTSTK,ANGELONE,27-Mar-2025,2025-03-27,3200.00,PE,0.00,0.00,0.00,498.05,523.90,0,0.00,0,0,06-JAN-2025
OPTSTK,ANGELONE,27-Feb-2025,2025-02-27,3300.00,CE,0.00,0.00,0.00,221.80,57.75,0,0.00,0,0,06-JAN-2025
OPTSTK,ANGELONE,27-Mar-2025,2025-03-27,3400.00,PE,0.00,0.00,0.00,634.55,680.25,0,0.00,0,0,06-JAN-2025
OPTSTK,ANGELONE,27-Mar-2025,2025-03-27,3000.00,PE,0.00,0.00,0.00,376.25,383.85,0,0.00,0,0,06-JAN-2025
OPTSTK,ANGELONE,30-Jan-2025,2025-01-30,3150.00,CE,49.00,77.10,31.10,32.20,32.20,517,3312.7756,35200,6400,06-JAN-2025
OPTSTK,ANGELONE,30-Jan-2025,2025-01-30,3150.00,PE,362.50,362.55,362.50,362.55,415.55,2,14.0501,7800,400,06-JAN-2025
OPTSTK,ANGELONE,30-Jan-2025,2025-01-30,2500.00,PE,32.30,57.50,17.10,53.25,53.25,2091,10593.3533,163600,1200,06-JAN-2025
OPTSTK,ANGELONE,30-Jan-2025,2025-01-30,3250.00,PE,446.55,472.85,446.55,472.85,503.40,2,14.8388,2000,0,06-JAN-2025
OPTSTK,ANGELONE,30-Jan-2025,2025-01-30,2650.00,PE,74.55,106.00,37.05,100.70,100.70,282,1540.0759,23000,11200,06-JAN-2025
OPTSTK,ANGELONE,27-Mar-2025,2025-03-27,3600.00,PE,0.00,0.00,0.00,783.80,849.05,0,0.00,0,0,06-JAN-2025
OPTSTK,ANGELONE,30-Jan-2025,2025-01-30,3450.00,CE,17.75,20.00,10.00,10.25,10.25,59,408.7491,21400,-1800,06-JAN-2025
OPTSTK,ANGELONE,27-Feb-2025,2025-02-27,3000.00,PE,319.25,319.25,319.25,319.25,345.15,1,6.6385,200,-200,06-JAN-2025
OPTSTK,ANGELONE,30-Jan-2025,2025-01-30,3900.00,CE,3.40,3.40,3.40,3.40,0.55,4,31.2272,7600,-800,06-JAN-2025
OPTSTK,ANGELONE,27-Mar-2025,2025-03-27,2800.00,CE,0.00,0.00,0.00,425.70,257.15,0,0.00,0,0,06-JAN-2025
OPTSTK,ANGELONE,27-Feb-2025,2025-02-27,2800.00,PE,150.00,198.00,150.00,198.00,221.50,4,23.8165,800,200,06-JAN-2025
OPTSTK,SAIL,30-Jan-2025,2025-01-30,140.00,PE,27.55,30.10,27.55,28.90,29.05,28,189.71,556000,-60000,06-JAN-2025
FUTSTK,SAIL,27-Mar-2025,2025-03-27,,,114.15,114.15,111.26,111.42,111.42,42,188.7768,612000,80000,06-JAN-2025
OPTSTK,SAIL,30-Jan-2025,2025-01-30,110.00,PE,1.90,4.00,1.90,3.65,3.65,3045,13817.012,3524000,744000,06-JAN-2025
OPTSTK,SAIL,30-Jan-2025,2025-01-30,110.00,CE,5.80,5.95,4.25,4.60,4.60,1411,6478.91,1888000,856000,06-JAN-2025
OPTSTK,SAIL,27-Feb-2025,2025-02-27,110.00,PE,4.15,5.75,4.15,5.75,6.40,10,45.952,68000,24000,06-JAN-2025
OPTSTK,SAIL,27-Feb-2025,2025-02-27,110.00,CE,7.65,7.65,7.00,7.20,7.20,10,46.894,24000,12000,06-JAN-2025
OPTSTK,SAIL,30-Jan-2025,2025-01-30,145.00,CE,0.05,0.10,0.05,0.05,0.05,32,185.668,3360000,-24000,06-JAN-2025
FUTSTK,SAIL,27-Feb-2025,2025-02-27,,,114.31,114.54,110.81,111.29,111.29,336,1512.838,7644000,576000,06-JAN-2025
OPTSTK,SAIL,30-Jan-2025,2025-01-30,137.50,CE,0.10,0.10,0.10,0.10,0.15,5,27.52,796000,0,06-JAN-2025
OPTSTK,SAIL,30-Jan-2025,2025-01-30,115.00,CE,3.90,3.90,2.20,2.45,2.45,2520,11863.502,4856000,1096000,06-JAN-2025
OPTSTK,SAIL,27-Mar-2025,2025-03-27,90.00,CE,0.00,0.00,0.00,31.05,23.10,0,0.00,0,0,06-JAN-2025
OPTSTK,SAIL,30-Jan-2025,2025-01-30,90.00,PE,0.10,0.30,0.10,0.25,0.25,138,497.724,572000,80000,06-JAN-2025
OPTSTK,SAIL,27-Mar-2025,2025-03-27,100.00,PE,0.00,0.00,0.00,4.00,3.75,0,0.00,0,0,06-JAN-2025
OPTSTK,SAIL,27-Feb-2025,2025-02-27,135.00,CE,0.85,0.85,0.85,0.85,1.15,1,5.434,4000,-4000,06-JAN-2025
OPTSTK,SAIL,30-Jan-2025,2025-01-30,122.50,PE,0.00,0.00,0.00,8.15,12.85,0,0.00,740000,0,06-JAN-2025
OPTSTK,SAIL,27-Feb-2025,2025-02-27,100.00,CE,0.00,0.00,0.00,22.55,13.90,0,0.00,0,0,06-JAN-2025
OPTSTK,SAIL,30-Jan-2025,2025-01-30,100.00,PE,0.60,1.00,0.50,0.90,0.90,1107,4465.278,2856000,-292000,06-JAN-2025
OPTSTK,SAIL,27-Feb-2025,2025-02-27,100.00,PE,2.45,2.45,2.25,2.30,2.30,7,28.658,36000,24000,06-JAN-2025
OPTSTK,SAIL,30-Jan-2025,2025-01-30,142.50,PE,0.00,0.00,0.00,21.60,31.50,0,0.00,16000,0,06-JAN-2025
OPTSTK,SAIL,27-Mar-2025,2025-03-27,140.00,CE,0.00,0.00,0.00,5.50,1.65,0,0.00,0,0,06-JAN-2025
OPTSTK,SAIL,27-Feb-2025,2025-02-27,130.00,PE,0.00,0.00,0.00,7.50,20.15,0,0.00,8000,0,06-JAN-2025
OPTSTK,SAIL,30-Jan-2025,2025-01-30,130.00,CE,0.45,0.45,0.25,0.30,0.30,605,3153.836,5648000,476000,06-JAN-2025
OPTSTK,SAIL,27-Mar-2025,2025-03-27,130.00,CE,0.00,0.00,0.00,8.25,3.20,0,0.00,0,0,06-JAN-2025
OPTSTK,SAIL,27-Mar-2025,2025-03-27,120.00,PE,0.00,0.00,0.00,12.25,13.60,0,0.00,0,0,06-JAN-2025
OPTSTK,SAIL,27-Feb-2025,2025-02-27,112.50,PE,0.00,0.00,0.00,5.00,7.70,0,0.00,8000,0,06-JAN-2025
OPTSTK,SAIL,30-Jan-2025,2025-01-30,112.50,CE,5.10,5.25,3.10,3.40,3.40,1330,6179.636,1080000,276000,06-JAN-2025
OPTSTK,SAIL,27-Feb-2025,2025-02-27,105.00,CE,0.00,0.00,0.00,19.30,10.60,0,0.00,0,0,06-JAN-2025
OPTSTK,SAIL,27-Mar-2025,2025-03-27,105.00,PE,0.00,0.00,0.00,5.55,5.55,0,0.00,0,0,06-JAN-2025
OPTSTK,SAIL,27-Feb-2025,2025-02-27,105.00,PE,3.60,3.80,3.60,3.70,3.70,3,13.04,88000,0,06-JAN-2025
OPTSTK,SAIL,27-Mar-2025,2025-03-27,100.00,CE,0.00,0.00,0.00,23.40,15.60,0,0.00,0,0,06-JAN-2025
OPTSTK,SAIL,27-Feb-2025,2025-02-27,150.00,CE,0.25,0.25,0.25,0.25,0.25,1,6.01,56000,0,06-JAN-2025
OPTSTK,SAIL,30-Jan-2025,2025-01-30,150.00,PE,0.00,0.00,0.00,33.70,38.95,0,0.00,36000,0,06-JAN-2025
OPTSTK,BHARATFORG,27-Mar-2025,2025-03-27,1200.00,PE,0.00,0.00,0.00,41.50,39.25,0,0.00,0,0,06-JAN-2025
FUTSTK,BHARATFORG,30-Jan-2025,2025-01-30,,,1302.75,1306.00,1254.20,1263.05,1263.05,5046,32134.5687,11643500,-180000,06-JAN-2025
OPTSTK,BHARATFORG,30-Jan-2025,2025-01-30,1120.00,PE,2.40,3.85,2.40,3.25,3.25,33,185.3835,12000,12000,06-JAN-2025
OPTSTK,BHARATFORG,30-Jan-2025,2025-01-30,1520.00,PE,0.00,0.00,0.00,160.70,253.00,0,0.00,0,0,06-JAN-2025
OPTSTK,BHARATFORG,30-Jan-2025,2025-01-30,1600.00,CE,0.80,0.80,0.80,0.80,0.05,1,8.004,7500,-500,06-JAN-2025
OPTSTK,BHARATFORG,30-Jan-2025,2025-01-30,1520.00,CE,0.00,0.00,0.00,1.05,0.45,0,0.00,62500,0,06-JAN-2025
OPTSTK,BHARATFORG,27-Mar-2025,2025-03-27,1040.00,CE,0.00,0.00,0.00,302.50,242.00,0,0.00,0,0,06-JAN-2025
OPTSTK,BHARATFORG,27-Mar-2025,2025-03-27,1200.00,CE,0.00,0.00,0.00,177.40,117.60,0,0.00,0,0,06-JAN-2025
OPTSTK,BHARATFORG,30-Jan-2025,2025-01-30,1200.00,CE,93.50,93.50,73.30,75.50,75.50,22,140.74925,12000,-1000,06-JAN-2025
OPTSTK,BHARATFORG,27-Feb-2025,2025-02-27,1200.00,PE,22.50,22.50,21.00,21.00,28.90,15,91.5825,8500,7500,06-JAN-2025
OPTSTK,BHARATFORG,27-Mar-2025,2025-03-27,1120.00,CE,0.00,0.00,0.00,235.85,174.45,0,0.00,0,0,06-JAN-2025
OPTSTK,BHARATFORG,30-Jan-2025,2025-01-30,1120.00,CE,0.00,0.00,0.00,322.80,148.35,0,0.00,0,0,06-JAN-2025
OPTSTK,BHARATFORG,27-Feb-2025,2025-02-27,1440.00,CE,0.00,0.00,0.00,69.15,12.30,0,0.00,0,0,06-JAN-2025
OPTSTK,BHARATFORG,27-Mar-2025,2025-03-27,1280.00,CE,0.00,0.00,0.00,128.60,73.80,0,0.00,0,0,06-JAN-2025
OPTSTK,BHARATFORG,27-Feb-2025,2025-02-27,1280.00,PE,0.00,0.00,0.00,68.10,63.45,0,0.00,0,0,06-JAN-2025
OPTSTK,BHARATFORG,30-Jan-2025,2025-01-30,1360.00,PE,78.15,107.75,78.15,106.30,106.30,39,282.92525,93500,-2000,06-JAN-2025
OPTSTK,BHARATFORG,27-Mar-2025,2025-03-27,1360.00,PE,0.00,0.00,0.00,111.20,122.50,0,0.00,0,0,06-JAN-2025
OPTSTK,BHARATFORG,30-Jan-2025,2025-01-30,1500.00,PE,0.00,0.00,0.00,187.10,233.40,0,0.00,28000,0,06-JAN-2025
OPTSTK,BHARATFORG,27-Mar-2025,2025-03-27,1160.00,CE,0.00,0.00,0.00,205.55,144.50,0,0.00,0,0,06-JAN-2025
OPTSTK,BHARATFORG,27-Feb-2025,2025-02-27,1340.00,PE,0.00,0.00,0.00,87.60,100.15,0,0.00,0,0,06-JAN-2025
OPTSTK,BHARATFORG,27-Feb-2025,2025-02-27,1220.00,CE,0.00,0.00,0.00,145.80,88.35,0,0.00,0,0,06-JAN-2025
OPTSTK,BHARATFORG,30-Jan-2025,2025-01-30,1080.00,CE,0.00,0.00,0.00,357.85,186.35,0,0.00,0,0,06-JAN-2025
OPTSTK,BHARATFORG,27-Mar-2025,2025-03-27,1400.00,CE,0.00,0.00,0.00,74.30,32.15,0,0.00,0,0,06-JAN-2025
OPTSTK,BHARATFORG,30-Jan-2025,2025-01-30,1080.00,PE,0.70,3.80,0.70,1.40,1.40,21,113.563,60000,4000,06-JAN-2025
OPTSTK,BHARATFORG,30-Jan-2025,2025-01-30,1400.00,CE,8.40,8.45,3.75,4.25,4.25,1183,8313.1555,515000,-14000,06-JAN-2025
OPTSTK,BHARATFORG,30-Jan-2025,2025-01-30,1440.00,CE,4.05,4.05,2.10,2.25,2.25,168,1211.991,89000,-11500,06-JAN-2025
OPTSTK,BHARATFORG,27-Feb-2025,2025-02-27,1260.00,PE,0.00,0.00,0.00,50.35,53.25,0,0.00,0,0,06-JAN-2025
OPTSTK,BHARATFORG,30-Jan-2025,2025-01-30,1320.00,CE,26.85,29.75,13.70,15.80,15.80,850,5689.89925,252000,-13000,06-JAN-2025
OPTSTK,BHARATFORG,30-Jan-2025,2025-01-30,1140.00,PE,2.45,5.35,2.40,4.70,4.70,93,531.9945,25500,500,06-JAN-2025
OPTSTK,BHARATFORG,30-Jan-2025,2025-01-30,1540.00,CE,0.65,0.80,0.65,0.70,0.30,4,30.81475,67000,-1000,06-JAN-2025
OPTSTK,BHARATFORG,27-Mar-2025,2025-03-27,1520.00,CE,0.00,0.00,0.00,39.95,12.10,0,0.00,0,0,06-JAN-2025
OPTSTK,TIINDIA,27-Mar-2025,2025-03-27,3400.00,PE,0.00,0.00,0.00,192.15,180.95,0,0.00,0,0,06-JAN-2025
OPTSTK,TIINDIA,27-Feb-2025,2025-02-27,3250.00,CE,0.00,0.00,0.00,528.75,357.95,0,0.00,0,0,06-JAN-2025
OPTSTK,TIINDIA,30-Jan-2025,2025-01-30,3300.00,PE,44.00,68.00,41.85,55.55,55.55,44,221.102625,17550,-3450,06-JAN-2025
OPTSTK,TIINDIA,27-Mar-2025,2025-03-27,3300.00,PE,0.00,0.00,0.00,155.45,140.25,0,0.00,0,0,06-JAN-2025
OPTSTK,TIINDIA,27-Feb-2025,2025-02-27,3450.00,CE,0.00,0.00,0.00,399.25,237.40,0,0.00,0,0,06-JAN-2025
OPTSTK,TIINDIA,27-Mar-2025,2025-03-27,4000.00,PE,0.00,0.00,0.00,511.10,550.05,0,0.00,0,0,06-JAN-2025
OPTSTK,TIINDIA,30-Jan-2025,2025-01-30,4000.00,PE,0.00,0.00,0.00,515.75,507.95,0,0.00,0,0,06-JAN-2025
OPTSTK,TIINDIA,30-Jan-2025,2025-01-30,3000.00,PE,9.40,17.95,9.40,17.10,17.10,26,117.65565,3900,3900,06-JAN-2025
OPTSTK,TIINDIA,27-Feb-2025,2025-02-27,3550.00,PE,0.00,0.00,0.00,211.75,215.45,0,0.00,0,0,06-JAN-2025
OPTSTK,TIINDIA,27-Feb-2025,2025-02-27,3750.00,CE,0.00,0.00,0.00,248.20,114.30,0,0.00,0,0,06-JAN-2025
OPTSTK,TIINDIA,27-Feb-2025,2025-02-27,3750.00,PE,0.00,0.00,0.00,314.25,338.90,0,0.00,0,0,06-JAN-2025
OPTSTK,TIINDIA,27-Mar-2025,2025-03-27,3200.00,CE,0.00,0.00,0.00,618.35,442.40,0,0.00,0,0,06-JAN-2025
OPTSTK,TIINDIA,27-Mar-2025,2025-03-27,4000.00,CE,0.00,0.00,0.00,220.25,98.30,0,0.00,0,0,06-JAN-2025
OPTSTK,TIINDIA,27-Mar-2025,2025-03-27,3900.00,CE,0.00,0.00,0.00,254.25,122.20,0,0.00,0,0,06-JAN-2025
OPTSTK,TIINDIA,27-Mar-2025,2025-03-27,3700.00,PE,0.00,0.00,0.00,331.25,340.55,0,0.00,0,0,06-JAN-2025
OPTSTK,TIINDIA,27-Feb-2025,2025-02-27,3700.00,PE,0.00,0.00,0.00,366.10,305.40,0,0.00,0,0,06-JAN-2025
OPTSTK,TIINDIA,30-Jan-2025,2025-01-30,3250.00,PE,35.00,59.85,31.05,53.75,53.75,78,385.871475,13200,300,06-JAN-2025
OPTSTK,TIINDIA,30-Jan-2025,2025-01-30,3800.00,PE,0.00,0.00,0.00,381.30,334.85,0,0.00,0,0,06-JAN-2025
OPTSTK,TIINDIA,27-Mar-2025,2025-03-27,4200.00,PE,0.00,0.00,0.00,650.65,711.00,0,0.00,0,0,06-JAN-2025
OPTSTK,TIINDIA,30-Jan-2025,2025-01-30,4200.00,CE,0.00,0.00,0.00,98.75,4.80,0,0.00,0,0,06-JAN-2025
OPTSTK,TIINDIA,30-Jan-2025,2025-01-30,3400.00,PE,51.15,51.15,51.15,51.15,88.80,1,5.176725,150,150,06-JAN-2025
OPTSTK,TIINDIA,27-Mar-2025,2025-03-27,3400.00,CE,0.00,0.00,0.00,490.50,320.35,0,0.00,0,0,06-JAN-2025
OPTSTK,TIINDIA,27-Feb-2025,2025-02-27,3500.00,PE,0.00,0.00,0.00,262.80,189.20,0,0.00,0,0,06-JAN-2025
OPTSTK,TIINDIA,27-Feb-2025,2025-02-27,3500.00,CE,0.00,0.00,0.00,404.85,212.20,0,0.00,0,0,06-JAN-2025
OPTSTK,TIINDIA,27-Mar-2025,2025-03-27,3500.00,PE,0.00,0.00,0.00,233.75,228.00,0,0.00,0,0,06-JAN-2025
OPTSTK,TIINDIA,27-Feb-2025,2025-02-27,3700.00,CE,0.00,0.00,0.00,311.70,130.30,0,0.00,0,0,06-JAN-2025
OPTSTK,TIINDIA,27-Feb-2025,2025-02-27,4100.00,PE,0.00,0.00,0.00,623.55,612.50,0,0.00,0,0,06-JAN-2025
OPTSTK,TIINDIA,30-Jan-2025,2025-01-30,4200.00,PE,0.00,0.00,0.00,667.30,696.70,0,0.00,0,0,06-JAN-2025
OPTSTK,TIINDIA,27-Feb-2025,2025-02-27,3300.00,CE,0.00,0.00,0.00,516.85,324.90,0,0.00,0,0,06-JAN-2025
OPTSTK,TIINDIA,27-Feb-2025,2025-02-27,4200.00,CE,0.00,0.00,0.00,151.85,29.90,0,0.00,0,0,06-JAN-2025
OPTSTK,TIINDIA,27-Feb-2025,2025-02-27,4200.00,PE,0.00,0.00,0.00,697.20,700.20,0,0.00,0,0,06-JAN-2025
OPTSTK,TIINDIA,27-Mar-2025,2025-03-27,3600.00,CE,0.00,0.00,0.00,382.05,223.65,0,0.00,0,0,06-JAN-2025
OPTSTK,DIVISLAB,27-Mar-2025,2025-03-27,6800.00,CE,0.00,0.00,0.00,110.15,54.70,0,0.00,0,0,06-JAN-2025
OPTSTK,DIVISLAB,27-Feb-2025,2025-02-27,6800.00,PE,0.00,0.00,0.00,854.65,866.55,0,0.00,0,0,06-JAN-2025
OPTSTK,DIVISLAB,27-Feb-2025,2025-02-27,6800.00,CE,0.00,0.00,0.00,129.10,23.20,0,0.00,0,0,06-JAN-2025
OPTSTK,DIVISLAB,30-Jan-2025,2025-01-30,6800.00,CE,9.05,9.05,5.25,6.50,6.50,346,2354.9792,35000,3500,06-JAN-2025
OPTSTK,DIVISLAB,27-Feb-2025,2025-02-27,5650.00,CE,0.00,0.00,0.00,469.75,400.15,0,0.00,0,0,06-JAN-2025
OPTSTK,DIVISLAB,30-Jan-2025,2025-01-30,5650.00,CE,370.75,372.90,298.70,322.70,320.30,9,53.9956,500,-100,06-JAN-2025
OPTSTK,DIVISLAB,27-Feb-2025,2025-02-27,6200.00,PE,0.00,0.00,0.00,443.05,377.65,0,0.00,0,0,06-JAN-2025
OPTSTK,DIVISLAB,27-Mar-2025,2025-03-27,6200.00,CE,0.00,0.00,0.00,272.65,191.45,0,0.00,0,0,06-JAN-2025
OPTSTK,DIVISLAB,27-Mar-2025,2025-03-27,6500.00,CE,0.00,0.00,0.00,176.55,106.05,0,0.00,0,0,06-JAN-2025
OPTSTK,DIVISLAB,30-Jan-2025,2025-01-30,5950.00,PE,130.60,191.00,130.60,175.80,175.80,624,3811.9798,16700,-3600,06-JAN-2025
OPTSTK,DIVISLAB,27-Feb-2025,2025-02-27,5950.00,CE,0.00,0.00,0.00,303.70,226.70,0,0.00,0,0,06-JAN-2025
OPTSTK,DIVISLAB,30-Jan-2025,2025-01-30,5800.00,PE,53.10,119.35,53.10,107.80,107.80,1620,9553.9249,66400,-3100,06-JAN-2025
OPTSTK,DIVISLAB,27-Mar-2025,2025-03-27,5800.00,CE,0.00,0.00,0.00,456.55,375.00,0,0.00,0,0,06-JAN-2025
OPTSTK,DIVISLAB,27-Mar-2025,2025-03-27,5400.00,PE,0.00,0.00,0.00,125.35,73.95,0,0.00,0,0,06-JAN-2025
OPTSTK,DIVISLAB,27-Mar-2025,2025-03-27,5400.00,CE,0.00,0.00,0.00,709.60,644.85,0,0.00,0,0,06-JAN-2025
OPTSTK,DIVISLAB,27-Mar-2025,2025-03-27,7000.00,PE,0.00,0.00,0.00,1065.60,1039.45,0,0.00,0,0,06-JAN-2025
OPTSTK,DIVISLAB,27-Feb-2025,2025-02-27,7000.00,PE,0.00,0.00,0.00,1015.70,1053.20,0,0.00,0,0,06-JAN-2025
OPTSTK,DIVISLAB,30-Jan-2025,2025-01-30,7000.00,PE,0.00,0.00,0.00,1071.70,1078.10,0,0.00,0,0,06-JAN-2025
OPTSTK,DIVISLAB,27-Feb-2025,2025-02-27,7000.00,CE,0.00,0.00,0.00,93.70,11.80,0,0.00,0,0,06-JAN-2025
OPTSTK,DIVISLAB,27-Mar-2025,2025-03-27,6200.00,PE,0.00,0.00,0.00,473.90,408.80,0,0.00,0,0,06-JAN-2025
OPTSTK,DIVISLAB,30-Jan-2025,2025-01-30,5400.00,PE,14.80,25.10,14.55,22.10,22.10,208,1127.29005,27400,-100,06-JAN-2025
OPTSTK,DIVISLAB,27-Feb-2025,2025-02-27,5400.00,CE,0.00,0.00,0.00,763.65,588.55,0,0.00,0,0,06-JAN-2025
OPTSTK,DIVISLAB,30-Jan-2025,2025-01-30,7000.00,CE,2.15,4.00,2.10,3.35,3.35,221,1547.7025,42000,700,06-JAN-2025
OPTSTK,DIVISLAB,27-Feb-2025,2025-02-27,5350.00,PE,0.00,0.00,0.00,77.80,37.40,0,0.00,0,0,06-JAN-2025
OPTSTK,DIVISLAB,27-Feb-2025,2025-02-27,5750.00,PE,0.00,0.00,0.00,200.30,138.85,0,0.00,0,0,06-JAN-2025
OPTSTK,DIVISLAB,27-Feb-2025,2025-02-27,6900.00,PE,0.00,0.00,0.00,933.95,959.05,0,0.00,0,0,06-JAN-2025
OPTSTK,DIVISLAB,30-Jan-2025,2025-01-30,6900.00,PE,0.00,0.00,0.00,988.80,979.20,0,0.00,0,0,06-JAN-2025
OPTSTK,DIVISLAB,27-Feb-2025,2025-02-27,5100.00,CE,0.00,0.00,0.00,999.85,852.95,0,0.00,0,0,06-JAN-2025
OPTSTK,DIVISLAB,27-Feb-2025,2025-02-27,5100.00,PE,0.00,0.00,0.00,56.10,12.55,0,0.00,0,0,06-JAN-2025
OPTSTK,DIVISLAB,27-Feb-2025,2025-02-27,6400.00,CE,0.00,0.00,0.00,233.60,76.75,0,0.00,0,0,06-JAN-2025
OPTSTK,DIVISLAB,27-Mar-2025,2025-03-27,6000.00,CE,0.00,0.00,0.00,356.10,272.45,0,0.00,0,0,06-JAN-2025
OPTSTK,DIVISLAB,27-Feb-2025,2025-02-27,6000.00,CE,0.00,0.00,0.00,395.65,203.80,0,0.00,0,0,06-JAN-2025
OPTSTK,HINDALCO,30-Jan-2025,2025-01-30,590.00,PE,14.55,25.10,14.00,23.55,23.55,1690,14416.2599,733600,-22400,06-JAN-2025
OPTSTK,HINDALCO,27-Feb-2025,2025-02-27,650.00,PE,0.00,0.00,0.00,46.70,76.15,0,0.00,0,0,06-JAN-2025
OPTSTK,HINDALCO,27-Mar-2025,2025-03-27,520.00,CE,0.00,0.00,0.00,125.50,71.85,0,0.00,0,0,06-JAN-2025
OPTSTK,HINDALCO,30-Jan-2025,2025-01-30,630.00,CE,4.65,4.80,2.60,2.85,2.85,2353,20863.8283,2409400,310800,06-JAN-2025
OPTSTK,HINDALCO,27-Feb-2025,2025-02-27,690.00,CE,0.00,0.00,0.00,20.00,2.35,0,0.00,0,0,06-JAN-2025
OPTSTK,HINDALCO,27-Feb-2025,2025-02-27,690.00,PE,0.00,0.00,0.00,72.60,111.65,0,0.00,0,0,06-JAN-2025
OPTSTK,HINDALCO,30-Jan-2025,2025-01-30,600.00,PE,19.05,32.10,18.95,30.35,30.35,1014,8882.2188,2178400,-100800,06-JAN-2025
OPTSTK,HINDALCO,27-Feb-2025,2025-02-27,600.00,PE,28.50,34.60,28.50,34.60,38.95,7,61.9038,54600,2800,06-JAN-2025
OPTSTK,HINDALCO,27-Feb-2025,2025-02-27,620.00,PE,0.00,0.00,0.00,38.00,52.55,0,0.00,5600,0,06-JAN-2025
OPTSTK,HINDALCO,27-Feb-2025,2025-02-27,560.00,PE,12.85,14.00,12.10,14.00,18.15,3,24.0653,4200,4200,06-JAN-2025
OPTSTK,HINDALCO,27-Feb-2025,2025-02-27,700.00,PE,0.00,0.00,0.00,72.70,121.00,0,0.00,0,0,06-JAN-2025
OPTSTK,HINDALCO,27-Feb-2025,2025-02-27,670.00,CE,0.00,0.00,0.00,26.10,4.00,0,0.00,0,0,06-JAN-2025
OPTSTK,HINDALCO,27-Feb-2025,2025-02-27,500.00,PE,0.00,0.00,0.00,3.75,3.25,0,0.00,0,0,06-JAN-2025
OPTSTK,HINDALCO,30-Jan-2025,2025-01-30,530.00,CE,56.65,56.65,55.75,55.75,49.85,4,32.8209,9800,-1400,06-JAN-2025
OPTSTK,HINDALCO,27-Feb-2025,2025-02-27,500.00,CE,0.00,0.00,0.00,163.00,82.15,0,0.00,0,0,06-JAN-2025
OPTSTK,HINDALCO,30-Jan-2025,2025-01-30,500.00,CE,0.00,0.00,0.00,196.70,77.00,0,0.00,0,0,06-JAN-2025
OPTSTK,HINDALCO,30-Jan-2025,2025-01-30,680.00,CE,1.15,1.15,0.50,0.60,0.60,374,3564.0619,736400,-50400,06-JAN-2025
OPTSTK,HINDALCO,27-Feb-2025,2025-02-27,680.00,PE,0.00,0.00,0.00,60.50,102.45,0,0.00,0,0,06-JAN-2025
OPTSTK,HINDALCO,27-Mar-2025,2025-03-27,580.00,CE,0.00,0.00,0.00,80.75,35.05,0,0.00,0,0,06-JAN-2025
OPTSTK,HINDALCO,30-Jan-2025,2025-01-30,780.00,CE,0.25,0.25,0.25,0.25,0.25,6,65.541,21000,0,06-JAN-2025
OPTSTK,HINDALCO,27-Feb-2025,2025-02-27,610.00,PE,0.00,0.00,0.00,24.80,45.50,0,0.00,16800,0,06-JAN-2025
OPTSTK,HINDALCO,27-Feb-2025,2025-02-27,660.00,PE,0.00,0.00,0.00,49.45,84.65,0,0.00,0,0,06-JAN-2025
OPTSTK,HINDALCO,30-Jan-2025,2025-01-30,660.00,CE,1.95,1.95,1.10,1.15,1.15,1043,9656.2515,988400,-124600,06-JAN-2025
OPTSTK,HINDALCO,27-Mar-2025,2025-03-27,660.00,PE,0.00,0.00,0.00,58.35,86.20,0,0.00,0,0,06-JAN-2025
OPTSTK,HINDALCO,27-Feb-2025,2025-02-27,530.00,CE,0.00,0.00,0.00,110.85,57.70,0,0.00,0,0,06-JAN-2025
OPTSTK,HINDALCO,27-Feb-2025,2025-02-27,530.00,PE,0.00,0.00,0.00,5.45,8.55,0,0.00,0,0,06-JAN-2025
OPTSTK,HINDALCO,30-Jan-2025,2025-01-30,760.00,PE,0.00,0.00,0.00,141.45,182.55,0,0.00,19600,0,06-JAN-2025
OPTSTK,HINDALCO,30-Jan-2025,2025-01-30,610.00,PE,27.00,39.00,25.35,37.90,37.90,167,1502.543,498400,-32200,06-JAN-2025
OPTSTK,HINDALCO,27-Feb-2025,2025-02-27,660.00,CE,0.00,0.00,0.00,51.60,5.10,0,0.00,0,0,06-JAN-2025
OPTSTK,HINDALCO,27-Mar-2025,2025-03-27,520.00,PE,0.00,0.00,0.00,7.35,10.10,0,0.00,0,0,06-JAN-2025
OPTSTK,HINDALCO,27-Mar-2025,2025-03-27,660.00,CE,0.00,0.00,0.00,39.00,10.00,0,0.00,0,0,06-JAN-2025
OPTSTK,HINDALCO,27-Feb-2025,2025-02-27,700.00,CE,2.75,2.75,1.95,2.60,2.60,9,88.4989,109200,4200,06-JAN-2025
OPTSTK,IEX,27-Mar-2025,2025-03-27,160.00,CE,0.00,0.00,0.00,29.15,21.00,0,0.00,0,0,06-JAN-2025
OPTSTK,IEX,27-Feb-2025,2025-02-27,150.00,CE,0.00,0.00,0.00,32.30,26.45,0,0.00,0,0,06-JAN-2025
OPTSTK,IEX,27-Feb-2025,2025-02-27,170.00,PE,6.75,6.90,5.90,6.10,6.10,8,52.905,78750,0,06-JAN-2025
OPTSTK,IEX,30-Jan-2025,2025-01-30,165.00,CE,15.05,16.60,11.50,11.80,11.80,38,253.4325,60000,48750,06-JAN-2025
OPTSTK,IEX,27-Mar-2025,2025-03-27,185.00,PE,0.00,0.00,0.00,16.70,16.95,0,0.00,0,0,06-JAN-2025
OPTSTK,IEX,30-Jan-2025,2025-01-30,185.00,PE,9.70,13.55,8.45,13.40,13.40,61,448.61625,765000,33750,06-JAN-2025
OPTSTK,IEX,27-Mar-2025,2025-03-27,185.00,CE,0.00,0.00,0.00,15.20,8.30,0,0.00,0,0,06-JAN-2025
OPTSTK,IEX,27-Feb-2025,2025-02-27,185.00,PE,0.00,0.00,0.00,19.65,15.35,0,0.00,0,0,06-JAN-2025
OPTSTK,IEX,27-Feb-2025,2025-02-27,185.00,CE,0.00,0.00,0.00,12.90,5.75,0,0.00,0,0,06-JAN-2025
OPTSTK,IEX,27-Mar-2025,2025-03-27,165.00,PE,0.00,0.00,0.00,7.70,6.80,0,0.00,0,0,06-JAN-2025
OPTSTK,IEX,27-Feb-2025,2025-02-27,145.00,PE,0.00,0.00,0.00,3.55,0.85,0,0.00,0,0,06-JAN-2025
OPTSTK,IEX,30-Jan-2025,2025-01-30,180.00,CE,5.70,6.20,3.45,3.80,3.80,1963,13600.3387,2655000,645000,06-JAN-2025
OPTSTK,IEX,27-Feb-2025,2025-02-27,162.50,PE,0.00,0.00,0.00,5.05,4.20,0,0.00,0,0,06-JAN-2025
OPTSTK,IEX,27-Feb-2025,2025-02-27,170.00,CE,0.00,0.00,0.00,19.70,12.25,0,0.00,0,0,06-JAN-2025
OPTSTK,IEX,30-Jan-2025,2025-01-30,205.00,PE,0.00,0.00,0.00,22.90,30.80,0,0.00,41250,0,06-JAN-2025
OPTSTK,IEX,30-Jan-2025,2025-01-30,205.00,CE,0.45,0.50,0.30,0.30,0.30,322,2479.695,1425000,851250,06-JAN-2025
OPTSTK,IEX,30-Jan-2025,2025-01-30,150.00,PE,0.25,0.60,0.15,0.55,0.55,211,1190.2875,1023750,45000,06-JAN-2025
OPTSTK,IEX,30-Jan-2025,2025-01-30,150.00,CE,0.00,0.00,0.00,34.85,24.60,0,0.00,0,0,06-JAN-2025
OPTSTK,IEX,30-Jan-2025,2025-01-30,170.00,PE,2.60,4.75,2.15,4.60,4.60,2011,13107.9543,2921250,1616250,06-JAN-2025
OPTSTK,IEX,27-Feb-2025,2025-02-27,177.50,CE,0.00,0.00,0.00,15.65,8.55,0,0.00,0,0,06-JAN-2025
OPTSTK,IEX,27-Feb-2025,2025-02-27,172.50,CE,0.00,0.00,0.00,18.35,10.90,0,0.00,0,0,06-JAN-2025
OPTSTK,IEX,27-Mar-2025,2025-03-27,190.00,PE,0.00,0.00,0.00,19.55,20.30,0,0.00,0,0,06-JAN-2025
OPTSTK,IEX,27-Feb-2025,2025-02-27,190.00,PE,0.00,0.00,0.00,14.00,18.90,0,0.00,7500,0,06-JAN-2025
OPTSTK,IEX,27-Feb-2025,2025-02-27,202.50,CE,0.00,0.00,0.00,6.20,1.95,0,0.00,0,0,06-JAN-2025
OPTSTK,IEX,27-Feb-2025,2025-02-27,202.50,PE,0.00,0.00,0.00,26.00,28.90,0,0.00,0,0,06-JAN-2025
OPTSTK,IEX,30-Jan-2025,2025-01-30,197.50,PE,21.20,23.10,20.00,23.10,23.75,4,32.9025,52500,3750,06-JAN-2025
OPTSTK,IEX,27-Feb-2025,2025-02-27,175.00,PE,8.00,8.75,8.00,8.75,9.40,3,20.638125,48750,3750,06-JAN-2025
OPTSTK,IEX,27-Feb-2025,2025-02-27,157.50,CE,0.00,0.00,0.00,28.35,20.45,0,0.00,0,0,06-JAN-2025
OPTSTK,IEX,30-Jan-2025,2025-01-30,172.50,PE,3.45,5.75,2.75,5.40,5.40,481,3192.50625,352500,52500,06-JAN-2025
OPTSTK,IEX,30-Jan-2025,2025-01-30,172.50,CE,8.40,10.30,6.85,7.05,7.05,83,561.6675,93750,26250,06-JAN-2025
OPTSTK,IEX,30-Jan-2025,2025-01-30,182.50,PE,7.65,11.55,6.95,11.55,11.55,51,366.54,348750,0,06-JAN-2025
OPTSTK,IEX,30-Jan-2025,2025-01-30,157.50,PE,0.65,1.35,0.55,1.35,1.35,135,802.269375,420000,142500,06-JAN-2025
OPTSTK,IEX,27-Mar-2025,2025-03-27,210.00,CE,0.00,0.00,0.00,7.05,2.55,0,0.00,0,0,06-JAN-2025
OPTSTK,MARICO,27-Mar-2025,2025-03-27,660.00,PE,0.00,0.00,0.00,46.50,31.20,0,0.00,0,0,06-JAN-2025
OPTSTK,MARICO,27-Feb-2025,2025-02-27,660.00,PE,0.00,0.00,0.00,40.30,27.20,0,0.00,0,0,06-JAN-2025
OPTSTK,MARICO,27-Mar-2025,2025-03-27,680.00,CE,0.00,0.00,0.00,23.75,21.05,0,0.00,0,0,06-JAN-2025
OPTSTK,MARICO,30-Jan-2025,2025-01-30,720.00,CE,4.00,4.55,1.15,1.75,1.75,666,5768.2548,406800,98400,06-JAN-2025
OPTSTK,MARICO,27-Mar-2025,2025-03-27,720.00,CE,0.00,0.00,0.00,13.35,10.00,0,0.00,0,0,06-JAN-2025
OPTSTK,MARICO,27-Feb-2025,2025-02-27,720.00,PE,0.00,0.00,0.00,78.90,69.95,0,0.00,0,0,06-JAN-2025
OPTSTK,MARICO,27-Mar-2025,2025-03-27,720.00,PE,0.00,0.00,0.00,87.75,71.10,0,0.00,0,0,06-JAN-2025
OPTSTK,MARICO,30-Jan-2025,2025-01-30,720.00,PE,67.40,75.35,67.40,69.65,69.55,5,47.4606,8400,3600,06-JAN-2025
OPTSTK,MARICO,27-Feb-2025,2025-02-27,670.00,CE,0.00,0.00,0.00,19.75,17.75,0,0.00,0,0,06-JAN-2025
OPTSTK,MARICO,30-Jan-2025,2025-01-30,670.00,PE,30.60,38.75,26.25,28.90,28.90,193,1628.439,72000,19200,06-JAN-2025
OPTSTK,MARICO,30-Jan-2025,2025-01-30,550.00,PE,0.50,0.50,0.50,0.50,0.05,2,13.212,3600,0,06-JAN-2025
OPTSTK,MARICO,27-Feb-2025,2025-02-27,610.00,PE,0.00,0.00,0.00,17.90,7.70,0,0.00,0,0,06-JAN-2025
OPTSTK,MARICO,27-Feb-2025,2025-02-27,570.00,PE,0.00,0.00,0.00,7.00,1.80,0,0.00,0,0,06-JAN-2025
OPTSTK,MARICO,30-Jan-2025,2025-01-30,610.00,PE,3.20,6.95,2.80,4.40,4.40,772,5698.866,170400,-18000,06-JAN-2025
OPTSTK,MARICO,27-Feb-2025,2025-02-27,680.00,CE,0.00,0.00,0.00,28.85,14.25,0,0.00,0,0,06-JAN-2025
OPTSTK,MARICO,27-Feb-2025,2025-02-27,680.00,PE,0.00,0.00,0.00,51.75,39.40,0,0.00,0,0,06-JAN-2025
OPTSTK,MARICO,27-Feb-2025,2025-02-27,640.00,CE,0.00,0.00,0.00,46.85,32.00,0,0.00,0,0,06-JAN-2025
OPTSTK,MARICO,27-Feb-2025,2025-02-27,760.00,PE,0.00,0.00,0.00,110.55,105.95,0,0.00,0,0,06-JAN-2025
OPTSTK,MARICO,30-Jan-2025,2025-01-30,570.00,PE,1.00,1.50,0.95,1.05,1.05,280,1919.3628,219600,-36000,06-JAN-2025
OPTSTK,MARICO,27-Feb-2025,2025-02-27,580.00,PE,0.00,0.00,0.00,10.40,2.70,0,0.00,0,0,06-JAN-2025
OPTSTK,MARICO,30-Jan-2025,2025-01-30,580.00,CE,0.00,0.00,0.00,81.25,71.45,0,0.00,0,0,06-JAN-2025
OPTSTK,MARICO,30-Jan-2025,2025-01-30,660.00,PE,16.30,31.25,16.30,22.65,22.65,911,7475.9094,166800,-205200,06-JAN-2025
FUTSTK,MARICO,27-Feb-2025,2025-02-27,,,665.50,665.50,637.25,649.95,649.95,117,911.5302,104400,-12000,06-JAN-2025
OPTSTK,MARICO,27-Feb-2025,2025-02-27,650.00,PE,0.00,0.00,0.00,36.50,22.05,0,0.00,0,0,06-JAN-2025
OPTSTK,MARICO,30-Jan-2025,2025-01-30,650.00,CE,30.00,30.00,11.40,16.90,16.90,3032,24235.104,580800,64800,06-JAN-2025
OPTSTK,MARICO,27-Feb-2025,2025-02-27,650.00,CE,0.00,0.00,0.00,27.25,26.60,0,0.00,0,0,06-JAN-2025
OPTSTK,MARICO,30-Jan-2025,2025-01-30,610.00,CE,47.55,47.55,33.45,43.80,43.80,21,163.644,18000,1200,06-JAN-2025
OPTSTK,MARICO,30-Jan-2025,2025-01-30,700.00,CE,8.05,8.25,2.15,3.25,3.25,2633,22220.4954,958800,133200,06-JAN-2025
OPTSTK,MARICO,27-Mar-2025,2025-03-27,640.00,PE,0.00,0.00,0.00,35.60,21.75,0,0.00,0,0,06-JAN-2025
OPTSTK,MARICO,30-Jan-2025,2025-01-30,660.00,CE,23.60,23.60,8.20,12.45,12.45,3348,27004.3722,619200,278400,06-JAN-2025
OPTSTK,MARICO,27-Mar-2025,2025-03-27,680.00,PE,0.00,0.00,0.00,58.90,42.75,0,0.00,0,0,06-JAN-2025
OPTSTK,MARICO,30-Jan-2025,2025-01-30,680.00,PE,38.00,47.40,37.75,40.50,34.95,28,242.5776,31200,3600,06-JAN-2025
OPTSTK,HUDCO,27-Feb-2025,2025-02-27,205.00,CE,0.00,0.00,0.00,38.10,41.65,0,0.00,0,0,06-JAN-2025
FUTSTK,HUDCO,27-Mar-2025,2025-03-27,,,249.40,255.00,241.44,241.44,241.44,35,209.79936,109125,14550,06-JAN-2025
OPTSTK,UBL,30-Jan-2025,2025-01-30,2000.00,PE,15.00,29.40,12.85,27.35,27.35,151,1221.1968,41600,-12400,06-JAN-2025
OPTSTK,UBL,30-Jan-2025,2025-01-30,2120.00,PE,54.15,81.80,53.95,81.45,81.45,77,672.6626,70400,400,06-JAN-2025
OPTSTK,HUDCO,27-Mar-2025,2025-03-27,250.00,CE,0.00,0.00,0.00,22.80,21.30,0,0.00,0,0,06-JAN-2025
OPTSTK,HUDCO,27-Feb-2025,2025-02-27,250.00,PE,0.00,0.00,0.00,41.40,24.40,0,0.00,0,0,06-JAN-2025
OPTSTK,UBL,27-Feb-2025,2025-02-27,1920.00,CE,0.00,0.00,0.00,136.15,189.65,0,0.00,0,0,06-JAN-2025
OPTSTK,UBL,27-Feb-2025,2025-02-27,1760.00,CE,0.00,0.00,0.00,238.60,334.25,0,0.00,0,0,06-JAN-2025
OPTSTK,UBL,30-Jan-2025,2025-01-30,1760.00,PE,0.00,0.00,0.00,37.30,0.10,0,0.00,0,0,06-JAN-2025
OPTSTK,UBL,27-Feb-2025,2025-02-27,2300.00,CE,0.00,0.00,0.00,20.40,15.15,0,0.00,0,0,06-JAN-2025
OPTSTK,UBL,30-Jan-2025,2025-01-30,1880.00,CE,0.00,0.00,0.00,152.50,206.30,0,0.00,0,0,06-JAN-2025
OPTSTK,UBL,27-Feb-2025,2025-02-27,2280.00,PE,0.00,0.00,0.00,330.25,200.55,0,0.00,0,0,06-JAN-2025
OPTSTK,UBL,30-Jan-2025,2025-01-30,2280.00,CE,10.00,10.50,4.95,5.75,4.20,77,704.286,34800,-10400,06-JAN-2025
OPTSTK,UBL,27-Feb-2025,2025-02-27,2220.00,CE,0.00,0.00,0.00,34.55,30.15,0,0.00,0,0,06-JAN-2025
OPTSTK,UBL,30-Jan-2025,2025-01-30,2220.00,CE,18.00,19.35,9.05,10.65,10.65,37,330.6514,35200,-2000,06-JAN-2025
OPTSTK,UBL,30-Jan-2025,2025-01-30,2020.00,PE,17.50,34.75,17.50,33.15,33.15,17,139.3788,15200,1600,06-JAN-2025
OPTSTK,UBL,30-Jan-2025,2025-01-30,2280.00,PE,0.00,0.00,0.00,341.25,198.35,0,0.00,0,0,06-JAN-2025
OPTSTK,HUDCO,30-Jan-2025,2025-01-30,255.00,PE,16.40,20.65,11.45,19.85,19.85,144,940.766625,150350,14550,06-JAN-2025
OPTSTK,HUDCO,27-Feb-2025,2025-02-27,255.00,CE,0.00,0.00,0.00,15.75,14.20,0,0.00,0,0,06-JAN-2025
OPTSTK,HUDCO,30-Jan-2025,2025-01-30,270.00,CE,3.60,5.30,2.00,2.45,2.45,1984,13166.8576,1471975,-70325,06-JAN-2025
OPTSTK,UBL,30-Jan-2025,2025-01-30,2060.00,PE,33.50,52.40,32.80,49.95,49.95,37,311.231,11200,-5200,06-JAN-2025
OPTSTK,UBL,30-Jan-2025,2025-01-30,2200.00,PE,0.00,0.00,0.00,201.00,128.00,0,0.00,400,0,06-JAN-2025
OPTSTK,HUDCO,27-Feb-2025,2025-02-27,220.00,PE,0.00,0.00,0.00,24.30,9.95,0,0.00,0,0,06-JAN-2025
OPTSTK,HUDCO,30-Jan-2025,2025-01-30,220.00,CE,0.00,0.00,0.00,29.30,25.35,0,0.00,109125,0,06-JAN-2025
OPTSTK,HUDCO,27-Mar-2025,2025-03-27,180.00,CE,0.00,0.00,0.00,59.20,65.00,0,0.00,0,0,06-JAN-2025
OPTSTK,HUDCO,27-Mar-2025,2025-03-27,180.00,PE,0.00,0.00,0.00,8.35,3.10,0,0.00,0,0,06-JAN-2025
OPTSTK,HUDCO,27-Feb-2025,2025-02-27,230.00,PE,0.00,0.00,0.00,29.50,13.95,0,0.00,0,0,06-JAN-2025
OPTSTK,HUDCO,30-Jan-2025,2025-01-30,230.00,CE,20.00,26.10,15.60,16.75,16.75,98,595.593337,516525,-36375,06-JAN-2025
OPTSTK,UBL,27-Feb-2025,2025-02-27,2120.00,CE,0.00,0.00,0.00,56.70,63.30,0,0.00,0,0,06-JAN-2025
OPTSTK,UBL,27-Feb-2025,2025-02-27,2300.00,PE,0.00,0.00,0.00,276.45,217.40,0,0.00,0,0,06-JAN-2025
OPTSTK,UBL,30-Jan-2025,2025-01-30,2300.00,CE,8.75,9.50,4.05,4.65,4.65,124,1143.334,28800,2400,06-JAN-2025
OPTSTK,HUDCO,27-Feb-2025,2025-02-27,250.00,CE,14.25,17.05,11.55,11.60,16.05,13,83.039275,19400,9700,06-JAN-2025
OPTSTK,UBL,27-Feb-2025,2025-02-27,1720.00,CE,0.00,0.00,0.00,269.30,373.05,0,0.00,0,0,06-JAN-2025
OPTSTK,INDUSINDBK,27-Feb-2025,2025-02-27,880.00,CE,0.00,0.00,0.00,110.00,110.95,0,0.00,500,0,06-JAN-2025
OPTSTK,GODREJCP,27-Feb-2025,2025-02-27,1260.00,CE,0.00,0.00,0.00,10.00,12.45,0,0.00,0,0,06-JAN-2025
OPTSTK,HDFCAMC,27-Feb-2025,2025-02-27,4350.00,CE,0.00,0.00,0.00,249.90,110.65,0,0.00,0,0,06-JAN-2025
OPTSTK,HDFCAMC,30-Jan-2025,2025-01-30,4350.00,CE,77.15,78.70,41.40,52.85,52.85,502,3317.07847,19200,3900,06-JAN-2025
OPTSTK,HDFCAMC,30-Jan-2025,2025-01-30,4350.00,PE,198.40,331.35,198.40,294.40,294.40,15,104.438625,2850,1050,06-JAN-2025
OPTSTK,HDFCAMC,30-Jan-2025,2025-01-30,5000.00,PE,0.00,0.00,0.00,737.05,873.80,0,0.00,0,0,06-JAN-2025
OPTSTK,HDFCAMC,27-Feb-2025,2025-02-27,5000.00,CE,0.00,0.00,0.00,101.15,12.00,0,0.00,0,0,06-JAN-2025
OPTSTK,HDFCAMC,30-Jan-2025,2025-01-30,5000.00,CE,2.75,3.15,1.90,2.60,2.60,21,157.574775,39750,150,06-JAN-2025
OPTSTK,INDUSINDBK,30-Jan-2025,2025-01-30,720.00,PE,0.50,4.90,0.25,0.55,0.55,121,436.15925,19500,8000,06-JAN-2025
OPTSTK,HDFCAMC,30-Jan-2025,2025-01-30,4150.00,CE,165.20,165.20,97.70,120.00,120.00,441,2824.65997,19200,8100,06-JAN-2025
OPTSTK,HDFCAMC,27-Feb-2025,2025-02-27,4150.00,PE,0.00,0.00,0.00,179.95,193.85,0,0.00,0,0,06-JAN-2025
OPTSTK,INDUSINDBK,30-Jan-2025,2025-01-30,880.00,CE,120.10,120.30,99.65,99.65,98.35,6,29.61075,61000,-2000,06-JAN-2025
OPTSTK,HDFCAMC,27-Feb-2025,2025-02-27,3850.00,CE,0.00,0.00,0.00,548.55,365.70,0,0.00,0,0,06-JAN-2025
OPTSTK,HDFCAMC,30-Jan-2025,2025-01-30,3850.00,CE,277.75,277.75,277.70,277.70,305.70,2,12.383175,300,300,06-JAN-2025
OPTSTK,HDFCAMC,30-Jan-2025,2025-01-30,3850.00,PE,21.75,65.20,20.15,46.70,46.70,306,1788.9657,7350,-750,06-JAN-2025
OPTSTK,GODREJCP,30-Jan-2025,2025-01-30,950.00,CE,0.00,0.00,0.00,132.55,196.10,0,0.00,0,0,06-JAN-2025
OPTSTK,INDUSINDBK,27-Mar-2025,2025-03-27,1060.00,CE,0.00,0.00,0.00,35.40,32.00,0,0.00,0,0,06-JAN-2025
OPTSTK,INDUSINDBK,27-Mar-2025,2025-03-27,1060.00,PE,0.00,0.00,0.00,144.30,106.35,0,0.00,0,0,06-JAN-2025
OPTSTK,INDUSINDBK,27-Feb-2025,2025-02-27,1060.00,PE,0.00,0.00,0.00,138.05,99.95,0,0.00,0,0,06-JAN-2025
OPTSTK,INDUSINDBK,27-Feb-2025,2025-02-27,1060.00,CE,0.00,0.00,0.00,23.30,20.15,0,0.00,0,0,06-JAN-2025
OPTSTK,HDFCAMC,27-Feb-2025,2025-02-27,4050.00,CE,0.00,0.00,0.00,411.25,239.40,0,0.00,0,0,06-JAN-2025
OPTSTK,INDUSINDBK,27-Feb-2025,2025-02-27,970.00,CE,0.00,0.00,0.00,50.20,52.95,0,0.00,0,0,06-JAN-2025
OPTSTK,INDUSINDBK,30-Jan-2025,2025-01-30,970.00,CE,51.05,51.40,33.85,36.80,36.80,744,3754.31825,302500,27500,06-JAN-2025
OPTSTK,GODREJCP,27-Feb-2025,2025-02-27,970.00,CE,0.00,0.00,0.00,128.40,183.00,0,0.00,0,0,06-JAN-2025
OPTSTK,INDUSINDBK,30-Jan-2025,2025-01-30,970.00,PE,22.25,37.30,19.90,33.40,33.40,1784,8916.17475,464000,-24000,06-JAN-2025
OPTSTK,GODREJCP,27-Feb-2025,2025-02-27,970.00,PE,0.00,0.00,0.00,15.05,1.85,0,0.00,0,0,06-JAN-2025
OPTSTK,HDFCAMC,30-Jan-2025,2025-01-30,4900.00,PE,0.00,0.00,0.00,661.40,775.20,0,0.00,0,0,06-JAN-2025
OPTSTK,HDFCAMC,30-Jan-2025,2025-01-30,4000.00,PE,45.45,118.60,45.35,92.55,92.55,1321,8095.8243,109950,3150,06-JAN-2025
OPTSTK,GODREJCP,30-Jan-2025,2025-01-30,1360.00,CE,1.00,1.60,0.65,0.75,0.75,29,197.355,22000,500,06-JAN-2025
OPTSTK,GODREJCP,30-Jan-2025,2025-01-30,1300.00,PE,0.00,0.00,0.00,214.85,153.50,0,0.00,6500,0,06-JAN-2025
OPTSTK,HDFCAMC,27-Mar-2025,2025-03-27,4800.00,PE,0.00,0.00,0.00,599.00,679.85,0,0.00,0,0,06-JAN-2025
OPTSTK,YESBANK,27-Mar-2025,2025-03-27,22.00,PE,0.00,0.00,0.00,3.05,3.30,0,0.00,0,0,06-JAN-2025
OPTSTK,YESBANK,27-Feb-2025,2025-02-27,22.00,PE,3.10,3.10,3.10,3.10,3.15,4,26.104,104000,104000,06-JAN-2025
OPTSTK,YESBANK,27-Feb-2025,2025-02-27,22.00,CE,0.55,0.55,0.35,0.40,0.40,12,69.94,572000,130000,06-JAN-2025
OPTSTK,YESBANK,27-Feb-2025,2025-02-27,21.00,PE,2.35,2.35,2.35,2.35,2.40,4,24.284,104000,104000,06-JAN-2025
OPTSTK,YESBANK,27-Feb-2025,2025-02-27,18.00,PE,0.50,0.75,0.50,0.75,0.75,2,9.685,312000,52000,06-JAN-2025
FUTSTK,YESBANK,27-Mar-2025,2025-03-27,,,20.29,20.29,19.17,19.22,19.22,88,446.0638,4264000,1586000,06-JAN-2025
OPTSTK,YESBANK,30-Jan-2025,2025-01-30,17.00,PE,0.10,0.25,0.05,0.25,0.25,365,1627.951,5018000,1976000,06-JAN-2025
FUTSTK,YESBANK,27-Feb-2025,2025-02-27,,,20.24,20.24,19.03,19.06,19.06,403,2036.7594,33306000,3952000,06-JAN-2025
OPTSTK,YESBANK,30-Jan-2025,2025-01-30,21.00,PE,1.60,2.35,1.60,2.35,2.20,36,216.294,5200000,-156000,06-JAN-2025
OPTSTK,YESBANK,27-Feb-2025,2025-02-27,19.00,CE,0.00,0.00,0.00,2.15,1.20,0,0.00,0,0,06-JAN-2025
OPTSTK,YESBANK,30-Jan-2025,2025-01-30,19.00,PE,0.35,0.95,0.35,0.90,0.90,697,3558.958,12220000,2678000,06-JAN-2025
OPTSTK,YESBANK,30-Jan-2025,2025-01-30,19.00,CE,1.20,1.20,0.85,0.85,0.85,675,3496.246,8398000,4680000,06-JAN-2025
OPTSTK,YESBANK,30-Jan-2025,2025-01-30,23.00,PE,0.00,0.00,0.00,2.90,4.00,0,0.00,598000,0,06-JAN-2025
OPTSTK,YESBANK,27-Mar-2025,2025-03-27,26.00,PE,0.00,0.00,0.00,6.15,6.80,0,0.00,0,0,06-JAN-2025
OPTSTK,YESBANK,27-Mar-2025,2025-03-27,26.00,CE,0.00,0.00,0.00,0.40,0.10,0,0.00,0,0,06-JAN-2025
OPTSTK,YESBANK,27-Feb-2025,2025-02-27,18.00,CE,0.00,0.00,0.00,3.55,1.70,0,0.00,0,0,06-JAN-2025
OPTSTK,YESBANK,27-Feb-2025,2025-02-27,23.00,CE,0.00,0.00,0.00,0.65,0.15,0,0.00,0,0,06-JAN-2025
OPTSTK,YESBANK,30-Jan-2025,2025-01-30,24.00,PE,0.00,0.00,0.00,3.80,5.00,0,0.00,130000,0,06-JAN-2025
OPTSTK,YESBANK,27-Feb-2025,2025-02-27,24.00,CE,0.25,0.25,0.15,0.20,0.20,10,62.933,1404000,-26000,06-JAN-2025
OPTSTK,YESBANK,27-Feb-2025,2025-02-27,24.00,PE,0.00,0.00,0.00,4.15,4.95,0,0.00,0,0,06-JAN-2025
OPTSTK,YESBANK,27-Mar-2025,2025-03-27,24.00,CE,0.00,0.00,0.00,0.75,0.20,0,0.00,0,0,06-JAN-2025
OPTSTK,YESBANK,30-Jan-2025,2025-01-30,24.00,CE,0.10,0.10,0.05,0.05,0.05,21,131.417,8762000,104000,06-JAN-2025
OPTSTK,YESBANK,27-Mar-2025,2025-03-27,18.00,PE,0.00,0.00,0.00,0.95,0.85,0,0.00,0,0,06-JAN-2025
OPTSTK,MFSL,27-Feb-2025,2025-02-27,1220.00,CE,0.00,0.00,0.00,32.35,12.60,0,0.00,0,0,06-JAN-2025
OPTSTK,MFSL,27-Mar-2025,2025-03-27,1040.00,CE,0.00,0.00,0.00,130.95,98.05,0,0.00,0,0,06-JAN-2025
OPTSTK,MFSL,30-Jan-2025,2025-01-30,1280.00,PE,0.00,0.00,0.00,79.00,182.70,0,0.00,0,0,06-JAN-2025
OPTSTK,MFSL,27-Mar-2025,2025-03-27,1120.00,PE,0.00,0.00,0.00,71.35,66.10,0,0.00,0,0,06-JAN-2025
OPTSTK,MFSL,30-Jan-2025,2025-01-30,960.00,CE,0.00,0.00,0.00,150.00,137.75,0,0.00,800,0,06-JAN-2025
OPTSTK,MFSL,27-Mar-2025,2025-03-27,960.00,CE,0.00,0.00,0.00,188.50,157.10,0,0.00,0,0,06-JAN-2025
OPTSTK,MFSL,27-Feb-2025,2025-02-27,1080.00,PE,0.00,0.00,0.00,45.65,37.40,0,0.00,0,0,06-JAN-2025
OPTSTK,MFSL,30-Jan-2025,2025-01-30,1080.00,CE,36.60,43.95,36.35,42.30,41.85,24,215.3004,22400,3200,06-JAN-2025
OPTSTK,MFSL,27-Mar-2025,2025-03-27,1080.00,PE,0.00,0.00,0.00,53.05,46.20,0,0.00,0,0,06-JAN-2025
OPTSTK,MFSL,27-Feb-2025,2025-02-27,1160.00,PE,0.00,0.00,0.00,81.50,82.95,0,0.00,0,0,06-JAN-2025
OPTSTK,MFSL,30-Jan-2025,2025-01-30,1160.00,PE,69.60,73.40,69.60,72.10,73.90,6,59.1624,8000,1600,06-JAN-2025
OPTSTK,MFSL,30-Jan-2025,2025-01-30,1220.00,PE,0.00,0.00,0.00,95.45,125.45,0,0.00,800,0,06-JAN-2025
OPTSTK,MFSL,30-Jan-2025,2025-01-30,1140.00,CE,18.45,18.45,12.35,14.60,14.60,157,1450.306,69600,0,06-JAN-2025
OPTSTK,MFSL,27-Feb-2025,2025-02-27,1140.00,CE,0.00,0.00,0.00,60.40,32.95,0,0.00,0,0,06-JAN-2025
OPTSTK,MFSL,30-Jan-2025,2025-01-30,1240.00,PE,152.55,152.55,152.55,152.55,144.15,1,11.1404,5600,800,06-JAN-2025
OPTSTK,MFSL,30-Jan-2025,2025-01-30,960.00,PE,0.00,0.00,0.00,2.25,1.20,0,0.00,800,0,06-JAN-2025
OPTSTK,MFSL,30-Jan-2025,2025-01-30,1160.00,CE,15.30,15.30,8.20,10.50,10.50,441,4129.6204,96800,-71200,06-JAN-2025
OPTSTK,MFSL,27-Feb-2025,2025-02-27,1160.00,CE,0.00,0.00,0.00,35.00,26.35,0,0.00,0,0,06-JAN-2025
OPTSTK,MFSL,27-Mar-2025,2025-03-27,1120.00,CE,0.00,0.00,0.00,85.75,54.85,0,0.00,0,0,06-JAN-2025
OPTSTK,MFSL,27-Feb-2025,2025-02-27,1080.00,CE,0.00,0.00,0.00,125.45,60.05,0,0.00,0,0,06-JAN-2025
OPTSTK,MFSL,30-Jan-2025,2025-01-30,1060.00,CE,47.25,55.95,46.85,50.90,50.90,25,222.2196,83200,-10400,06-JAN-2025
OPTSTK,MFSL,27-Mar-2025,2025-03-27,1200.00,PE,0.00,0.00,0.00,117.15,117.50,0,0.00,0,0,06-JAN-2025
OPTSTK,MFSL,30-Jan-2025,2025-01-30,1300.00,PE,0.00,0.00,0.00,180.00,202.30,0,0.00,3200,0,06-JAN-2025
OPTSTK,MFSL,27-Feb-2025,2025-02-27,1140.00,PE,0.00,0.00,0.00,71.90,69.75,0,0.00,0,0,06-JAN-2025
FUTSTK,MFSL,30-Jan-2025,2025-01-30,,,1108.40,1108.40,1083.80,1092.15,1092.15,2782,24320.5016,3376000,-84000,06-JAN-2025
OPTSTK,MFSL,27-Mar-2025,2025-03-27,1080.00,CE,0.00,0.00,0.00,106.75,74.35,0,0.00,0,0,06-JAN-2025
OPTSTK,MFSL,30-Jan-2025,2025-01-30,1200.00,PE,115.35,115.35,114.60,114.60,107.35,2,21.0396,19200,800,06-JAN-2025
OPTSTK,MFSL,27-Feb-2025,2025-02-27,1060.00,PE,0.00,0.00,0.00,35.50,29.20,0,0.00,0,0,06-JAN-2025
OPTSTK,MFSL,30-Jan-2025,2025-01-30,1060.00,PE,16.55,22.00,16.15,20.15,20.15,104,898.5268,60000,8000,06-JAN-2025
OPTSTK,MFSL,27-Feb-2025,2025-02-27,1060.00,CE,0.00,0.00,0.00,103.00,71.65,0,0.00,0,0,06-JAN-2025
OPTSTK,MFSL,27-Feb-2025,2025-02-27,1120.00,PE,0.00,0.00,0.00,62.05,57.70,0,0.00,0,0,06-JAN-2025
OPTSTK,MFSL,30-Jan-2025,2025-01-30,1120.00,PE,52.45,52.45,43.25,52.20,45.80,25,233.5648,107200,-5600,06-JAN-2025
OPTSTK,MFSL,30-Jan-2025,2025-01-30,1020.00,CE,0.00,0.00,0.00,151.65,83.85,0,0.00,0,0,06-JAN-2025
OPTSTK,MPHASIS,30-Jan-2025,2025-01-30,2500.00,PE,6.35,9.40,4.05,9.25,9.25,345,2377.9712,59950,-2750,06-JAN-2025
OPTSTK,MPHASIS,27-Feb-2025,2025-02-27,3100.00,CE,0.00,0.00,0.00,184.95,70.20,0,0.00,0,0,06-JAN-2025
OPTSTK,MPHASIS,30-Jan-2025,2025-01-30,3250.00,CE,12.25,13.75,10.95,11.90,11.90,127,1139.39677,14575,4400,06-JAN-2025
OPTSTK,MPHASIS,27-Feb-2025,2025-02-27,2650.00,CE,0.00,0.00,0.00,355.25,309.20,0,0.00,0,0,06-JAN-2025
OPTSTK,MPHASIS,30-Jan-2025,2025-01-30,3300.00,PE,0.00,0.00,0.00,412.85,393.85,0,0.00,275,0,06-JAN-2025
OPTSTK,MPHASIS,27-Feb-2025,2025-02-27,3300.00,PE,0.00,0.00,0.00,401.05,399.55,0,0.00,0,0,06-JAN-2025
OPTSTK,MPHASIS,27-Feb-2025,2025-02-27,3400.00,PE,0.00,0.00,0.00,474.35,487.35,0,0.00,0,0,06-JAN-2025
OPTSTK,MPHASIS,30-Jan-2025,2025-01-30,3400.00,PE,485.00,485.00,485.00,485.00,489.75,1,10.68375,275,275,06-JAN-2025
OPTSTK,MPHASIS,27-Feb-2025,2025-02-27,2550.00,CE,0.00,0.00,0.00,430.75,391.10,0,0.00,0,0,06-JAN-2025
OPTSTK,MPHASIS,30-Jan-2025,2025-01-30,2550.00,CE,0.00,0.00,0.00,473.60,363.35,0,0.00,0,0,06-JAN-2025
FUTSTK,MPHASIS,27-Mar-2025,2025-03-27,,,2956.50,2956.50,2956.50,2956.50,2940.85,1,8.130375,2750,275,06-JAN-2025
OPTSTK,MPHASIS,27-Mar-2025,2025-03-27,2600.00,PE,0.00,0.00,0.00,73.20,44.10,0,0.00,0,0,06-JAN-2025
OPTSTK,MPHASIS,27-Feb-2025,2025-02-27,2600.00,CE,0.00,0.00,0.00,469.10,349.10,0,0.00,0,0,06-JAN-2025
OPTSTK,MPHASIS,27-Feb-2025,2025-02-27,3100.00,PE,0.00,0.00,0.00,200.00,242.90,0,0.00,275,0,06-JAN-2025
OPTSTK,MPHASIS,30-Jan-2025,2025-01-30,3300.00,CE,10.45,11.00,7.30,8.25,8.25,1007,9162.45935,66825,-24750,06-JAN-2025
OPTSTK,MPHASIS,30-Jan-2025,2025-01-30,3250.00,PE,0.00,0.00,0.00,402.70,347.30,0,0.00,550,0,06-JAN-2025
OPTSTK,MPHASIS,27-Feb-2025,2025-02-27,2500.00,PE,0.00,0.00,0.00,43.40,13.25,0,0.00,0,0,06-JAN-2025
OPTSTK,MPHASIS,27-Mar-2025,2025-03-27,2500.00,PE,0.00,0.00,0.00,49.55,26.00,0,0.00,0,0,06-JAN-2025
OPTSTK,MPHASIS,27-Mar-2025,2025-03-27,2700.00,CE,0.00,0.00,0.00,360.50,307.15,0,0.00,0,0,06-JAN-2025
OPTSTK,MPHASIS,27-Feb-2025,2025-02-27,2700.00,PE,0.00,0.00,0.00,92.10,48.15,0,0.00,0,0,06-JAN-2025
OPTSTK,MPHASIS,30-Jan-2025,2025-01-30,3150.00,PE,0.00,0.00,0.00,284.00,258.85,0,0.00,550,0,06-JAN-2025
OPTSTK,MPHASIS,30-Jan-2025,2025-01-30,3150.00,CE,33.00,33.00,22.00,23.90,23.90,567,4950.88618,37950,-275,06-JAN-2025
FUTSTK,MPHASIS,30-Jan-2025,2025-01-30,,,2900.00,2939.95,2884.05,2901.40,2901.40,4348,34731.2806,2937550,-215325,06-JAN-2025
OPTSTK,MPHASIS,30-Jan-2025,2025-01-30,3050.00,CE,61.95,61.95,42.00,44.40,44.40,424,3610.83222,34925,2750,06-JAN-2025
OPTSTK,MPHASIS,27-Mar-2025,2025-03-27,3000.00,PE,0.00,0.00,0.00,237.25,200.95,0,0.00,0,0,06-JAN-2025
OPTSTK,MPHASIS,30-Jan-2025,2025-01-30,2400.00,CE,0.00,0.00,0.00,559.85,508.85,0,0.00,0,0,06-JAN-2025
OPTSTK,MPHASIS,30-Jan-2025,2025-01-30,2400.00,PE,0.00,0.00,0.00,37.15,0.55,0,0.00,0,0,06-JAN-2025
OPTSTK,MPHASIS,30-Jan-2025,2025-01-30,2500.00,CE,0.00,0.00,0.00,481.10,411.10,0,0.00,0,0,06-JAN-2025
OPTSTK,MPHASIS,27-Feb-2025,2025-02-27,2650.00,PE,0.00,0.00,0.00,63.60,36.20,0,0.00,0,0,06-JAN-2025
OPTSTK,MPHASIS,30-Jan-2025,2025-01-30,2650.00,CE,0.00,0.00,0.00,225.40,272.45,0,0.00,825,0,06-JAN-2025
OPTSTK,MPHASIS,30-Jan-2025,2025-01-30,2650.00,PE,23.05,26.40,15.95,25.60,25.60,152,1116.4681,15950,-5225,06-JAN-2025
OPTSTK,MPHASIS,30-Jan-2025,2025-01-30,2950.00,PE,125.25,132.30,112.60,129.40,129.40,128,1082.47686,34100,1100,06-JAN-2025
OPTSTK,SIEMENS,27-Feb-2025,2025-02-27,6600.00,PE,0.00,0.00,0.00,190.40,359.00,0,0.00,0,0,06-JAN-2025
OPTSTK,SIEMENS,30-Jan-2025,2025-01-30,6600.00,PE,205.90,302.90,163.75,270.30,270.30,958,4893.02058,51525,-5325,06-JAN-2025
OPTSTK,SHRIRAMFIN,27-Feb-2025,2025-02-27,2700.00,PE,0.00,0.00,0.00,31.00,43.05,0,0.00,600,0,06-JAN-2025
OPTSTK,SIEMENS,27-Feb-2025,2025-02-27,6500.00,PE,237.35,331.00,214.00,330.00,306.35,14,71.280975,825,600,06-JAN-2025
OPTSTK,SIEMENS,30-Jan-2025,2025-01-30,8200.00,PE,0.00,0.00,0.00,575.00,1691.10,0,0.00,900,0,06-JAN-2025
OPTSTK,SHRIRAMFIN,27-Feb-2025,2025-02-27,3300.00,CE,0.00,0.00,0.00,171.00,53.65,0,0.00,0,0,06-JAN-2025
OPTSTK,SIEMENS,27-Mar-2025,2025-03-27,5200.00,CE,0.00,0.00,0.00,1646.30,1375.95,0,0.00,0,0,06-JAN-2025
OPTSTK,SIEMENS,27-Feb-2025,2025-02-27,7800.00,PE,0.00,0.00,0.00,706.45,1284.30,0,0.00,0,0,06-JAN-2025
OPTSTK,SIEMENS,30-Jan-2025,2025-01-30,7800.00,CE,11.30,11.30,7.60,8.20,8.20,46,269.406637,39450,-675,06-JAN-2025
OPTSTK,SIEMENS,30-Jan-2025,2025-01-30,6000.00,CE,628.40,644.80,504.90,504.90,549.30,17,83.9412,1575,525,06-JAN-2025
OPTSTK,SIEMENS,27-Feb-2025,2025-02-27,6000.00,CE,0.00,0.00,0.00,1600.30,645.80,0,0.00,0,0,06-JAN-2025
OPTSTK,SIEMENS,27-Mar-2025,2025-03-27,7400.00,CE,0.00,0.00,0.00,320.75,137.25,0,0.00,0,0,06-JAN-2025
OPTSTK,SHRIRAMFIN,30-Jan-2025,2025-01-30,3150.00,PE,146.95,218.80,146.95,215.60,215.60,47,235.5747,16800,-750,06-JAN-2025
OPTSTK,SIEMENS,30-Jan-2025,2025-01-30,5900.00,PE,23.75,48.10,22.60,40.95,40.95,83,369.819487,21450,450,06-JAN-2025
OPTSTK,SIEMENS,27-Feb-2025,2025-02-27,5900.00,CE,0.00,0.00,0.00,995.30,720.35,0,0.00,0,0,06-JAN-2025
OPTSTK,SIEMENS,30-Jan-2025,2025-01-30,8500.00,CE,0.00,0.00,0.00,3.00,0.15,0,0.00,4650,0,06-JAN-2025
OPTSTK,SHRIRAMFIN,27-Feb-2025,2025-02-27,2600.00,CE,0.00,0.00,0.00,553.20,418.85,0,0.00,0,0,06-JAN-2025
OPTSTK,SHRIRAMFIN,30-Jan-2025,2025-01-30,2600.00,PE,5.45,12.55,5.45,11.80,11.80,499,1953.10095,58200,7050,06-JAN-2025
OPTSTK,SHRIRAMFIN,30-Jan-2025,2025-01-30,2850.00,PE,29.00,59.50,28.05,55.95,55.95,469,2037.1692,33000,3300,06-JAN-2025
OPTSTK,SIEMENS,30-Jan-2025,2025-01-30,6700.00,CE,166.00,176.60,107.75,117.05,117.05,1763,9040.65705,138675,11175,06-JAN-2025
OPTSTK,SIEMENS,30-Jan-2025,2025-01-30,6700.00,PE,256.95,362.65,220.00,339.25,339.25,263,1380.23838,67050,-4050,06-JAN-2025
OPTSTK,SIEMENS,27-Mar-2025,2025-03-27,7600.00,CE,0.00,0.00,0.00,264.75,102.30,0,0.00,0,0,06-JAN-2025
OPTSTK,SHRIRAMFIN,30-Jan-2025,2025-01-30,3450.00,PE,0.00,0.00,0.00,447.70,470.95,0,0.00,0,0,06-JAN-2025
OPTSTK,SHRIRAMFIN,27-Mar-2025,2025-03-27,2800.00,PE,0.00,0.00,0.00,152.50,96.80,0,0.00,0,0,06-JAN-2025
OPTSTK,SHRIRAMFIN,27-Feb-2025,2025-02-27,2500.00,CE,0.00,0.00,0.00,631.85,506.15,0,0.00,0,0,06-JAN-2025
OPTSTK,SHRIRAMFIN,30-Jan-2025,2025-01-30,3250.00,CE,41.45,46.25,22.70,23.85,23.85,344,1692.13245,34350,-150,06-JAN-2025
OPTSTK,SIEMENS,30-Jan-2025,2025-01-30,7200.00,CE,42.50,43.60,28.95,31.20,31.20,813,4411.48893,96825,6525,06-JAN-2025
OPTSTK,SHRIRAMFIN,30-Jan-2025,2025-01-30,2650.00,CE,0.00,0.00,0.00,323.15,341.40,0,0.00,150,0,06-JAN-2025
OPTSTK,SHRIRAMFIN,27-Feb-2025,2025-02-27,2650.00,PE,0.00,0.00,0.00,71.80,32.80,0,0.00,0,0,06-JAN-2025
OPTSTK,SHRIRAMFIN,30-Jan-2025,2025-01-30,3300.00,PE,306.35,306.35,302.00,302.00,332.95,2,10.812525,16950,150,06-JAN-2025
OPTSTK,SHRIRAMFIN,30-Jan-2025,2025-01-30,3300.00,CE,30.00,31.50,16.35,17.40,17.40,1130,5629.55482,242100,-8850,06-JAN-2025
OPTSTK,BRITANNIA,30-Jan-2025,2025-01-30,5450.00,CE,3.30,6.10,3.30,4.50,1.05,32,174.56405,4900,1000,06-JAN-2025
OPTSTK,BRITANNIA,30-Jan-2025,2025-01-30,5200.00,CE,17.00,17.70,10.25,11.20,11.20,1164,6067.51965,57800,-11300,06-JAN-2025
OPTSTK,BRITANNIA,27-Mar-2025,2025-03-27,5200.00,PE,0.00,0.00,0.00,460.80,405.10,0,0.00,0,0,06-JAN-2025
OPTSTK,BRITANNIA,27-Mar-2025,2025-03-27,5600.00,CE,0.00,0.00,0.00,43.10,17.60,0,0.00,0,0,06-JAN-2025
OPTSTK,BRITANNIA,27-Feb-2025,2025-02-27,4450.00,CE,0.00,0.00,0.00,431.15,411.75,0,0.00,0,0,06-JAN-2025
FUTSTK,BRITANNIA,30-Jan-2025,2025-01-30,,,4854.95,4879.00,4783.60,4800.85,4800.85,7279,35162.2691,2601200,-65200,06-JAN-2025
OPTSTK,BRITANNIA,27-Feb-2025,2025-02-27,5100.00,CE,0.00,0.00,0.00,219.20,59.75,0,0.00,0,0,06-JAN-2025
OPTSTK,BRITANNIA,27-Mar-2025,2025-03-27,4900.00,PE,0.00,0.00,0.00,270.35,208.80,0,0.00,0,0,06-JAN-2025
OPTSTK,BRITANNIA,27-Mar-2025,2025-03-27,4900.00,CE,0.00,0.00,0.00,220.50,172.00,0,0.00,0,0,06-JAN-2025
FUTSTK,BRITANNIA,27-Feb-2025,2025-02-27,,,4892.90,4902.55,4818.75,4830.55,4830.55,232,1129.52565,43600,3500,06-JAN-2025
OPTSTK,BRITANNIA,27-Feb-2025,2025-02-27,4700.00,PE,0.00,0.00,0.00,124.50,91.90,0,0.00,0,0,06-JAN-2025
OPTSTK,BRITANNIA,27-Mar-2025,2025-03-27,4700.00,PE,0.00,0.00,0.00,173.40,116.65,0,0.00,0,0,06-JAN-2025
OPTSTK,BRITANNIA,27-Feb-2025,2025-02-27,4100.00,CE,0.00,0.00,0.00,913.35,732.95,0,0.00,0,0,06-JAN-2025
OPTSTK,BRITANNIA,30-Jan-2025,2025-01-30,4100.00,PE,0.00,0.00,0.00,0.20,0.10,0,0.00,0,0,06-JAN-2025
OPTSTK,BRITANNIA,30-Jan-2025,2025-01-30,4350.00,CE,0.00,0.00,0.00,454.40,463.50,0,0.00,300,0,06-JAN-2025
OPTSTK,BRITANNIA,30-Jan-2025,2025-01-30,4350.00,PE,3.55,8.95,3.50,7.30,3.00,39,169.90015,11600,-300,06-JAN-2025
OPTSTK,BRITANNIA,27-Mar-2025,2025-03-27,5000.00,CE,0.00,0.00,0.00,180.10,131.65,0,0.00,0,0,06-JAN-2025
OPTSTK,BRITANNIA,30-Jan-2025,2025-01-30,5700.00,CE,3.00,3.00,3.00,3.00,0.05,1,5.703,300,100,06-JAN-2025
OPTSTK,BRITANNIA,27-Mar-2025,2025-03-27,4400.00,PE,0.00,0.00,0.00,75.20,36.80,0,0.00,0,0,06-JAN-2025
OPTSTK,BRITANNIA,30-Jan-2025,2025-01-30,4000.00,CE,0.00,0.00,0.00,740.00,809.00,0,0.00,300,0,06-JAN-2025
OPTSTK,BRITANNIA,30-Jan-2025,2025-01-30,4800.00,CE,129.75,138.95,95.00,103.10,103.10,3522,17309.8983,182900,-6100,06-JAN-2025
OPTSTK,BRITANNIA,27-Feb-2025,2025-02-27,5250.00,PE,0.00,0.00,0.00,486.60,440.10,0,0.00,0,0,06-JAN-2025
OPTSTK,BRITANNIA,30-Jan-2025,2025-01-30,5250.00,PE,430.00,430.00,430.00,430.00,441.75,1,5.68,300,-100,06-JAN-2025
OPTSTK,BRITANNIA,27-Feb-2025,2025-02-27,5250.00,CE,0.00,0.00,0.00,64.10,31.60,0,0.00,0,0,06-JAN-2025
OPTSTK,BRITANNIA,30-Jan-2025,2025-01-30,5250.00,CE,11.85,11.85,8.35,8.65,8.65,373,1961.7998,20800,-5000,06-JAN-2025
OPTSTK,BRITANNIA,30-Jan-2025,2025-01-30,4950.00,CE,64.60,64.65,42.25,46.50,46.50,781,3906.74485,37200,2700,06-JAN-2025
OPTSTK,BRITANNIA,27-Feb-2025,2025-02-27,4950.00,PE,0.00,0.00,0.00,274.45,216.30,0,0.00,0,0,06-JAN-2025
OPTSTK,BRITANNIA,30-Jan-2025,2025-01-30,5550.00,CE,0.00,0.00,0.00,5.55,0.35,0,0.00,200,0,06-JAN-2025
OPTSTK,BRITANNIA,27-Feb-2025,2025-02-27,4750.00,CE,0.00,0.00,0.00,238.60,198.40,0,0.00,0,0,06-JAN-2025
OPTSTK,BRITANNIA,30-Jan-2025,2025-01-30,5400.00,PE,0.00,0.00,0.00,577.60,586.50,0,0.00,300,0,06-JAN-2025
OPTSTK,BRITANNIA,30-Jan-2025,2025-01-30,5400.00,CE,6.30,6.80,4.20,4.50,4.50,474,2562.07605,57900,-13200,06-JAN-2025
OPTSTK,JIOFIN,30-Jan-2025,2025-01-30,350.00,CE,1.20,1.20,0.55,0.60,0.60,960,5555.02612,2511300,288750,06-JAN-2025
OPTSTK,JIOFIN,30-Jan-2025,2025-01-30,265.00,CE,0.00,0.00,0.00,65.40,33.55,0,0.00,0,0,06-JAN-2025
OPTSTK,JIOFIN,30-Jan-2025,2025-01-30,265.00,PE,0.00,0.00,0.00,1.60,0.65,0,0.00,0,0,06-JAN-2025
OPTSTK,JIOFIN,27-Mar-2025,2025-03-27,300.00,CE,0.00,0.00,0.00,28.00,17.60,0,0.00,0,0,06-JAN-2025
OPTSTK,JIOFIN,30-Jan-2025,2025-01-30,335.00,CE,2.25,2.25,1.20,1.30,1.30,565,3136.9668,605550,9900,06-JAN-2025
OPTSTK,JIOFIN,30-Jan-2025,2025-01-30,320.00,PE,17.80,25.95,17.65,25.50,25.50,142,799.107375,928950,-37950,06-JAN-2025
OPTSTK,JIOFIN,30-Jan-2025,2025-01-30,305.00,CE,12.50,13.30,6.60,7.15,7.15,1888,9776.9199,952050,178200,06-JAN-2025
OPTSTK,JIOFIN,27-Feb-2025,2025-02-27,305.00,PE,0.00,0.00,0.00,16.50,16.75,0,0.00,0,0,06-JAN-2025
OPTSTK,JIOFIN,27-Feb-2025,2025-02-27,290.00,PE,7.60,10.35,7.50,10.25,10.25,312,1534.60725,427350,412500,06-JAN-2025
OPTSTK,JIOFIN,30-Jan-2025,2025-01-30,290.00,PE,3.15,7.35,3.15,6.95,6.95,1131,5512.5048,1224300,-19800,06-JAN-2025
OPTSTK,JIOFIN,30-Jan-2025,2025-01-30,300.00,PE,5.75,12.40,5.75,11.60,11.60,2583,13169.1730,3357750,-450450,06-JAN-2025
OPTSTK,JIOFIN,27-Feb-2025,2025-02-27,250.00,PE,0.60,0.80,0.60,0.80,0.80,3,12.408,4950,0,06-JAN-2025
OPTSTK,JIOFIN,30-Jan-2025,2025-01-30,250.00,CE,0.00,0.00,0.00,59.95,47.90,0,0.00,8250,0,06-JAN-2025
OPTSTK,JIOFIN,27-Feb-2025,2025-02-27,320.00,CE,9.50,9.50,7.00,7.15,7.15,54,291.9411,115500,54450,06-JAN-2025
OPTSTK,JIOFIN,27-Mar-2025,2025-03-27,320.00,CE,0.00,0.00,0.00,18.70,9.85,0,0.00,0,0,06-JAN-2025
OPTSTK,JIOFIN,27-Mar-2025,2025-03-27,260.00,PE,0.00,0.00,0.00,4.55,3.20,0,0.00,0,0,06-JAN-2025
OPTSTK,JIOFIN,30-Jan-2025,2025-01-30,260.00,CE,0.00,0.00,0.00,69.90,38.25,0,0.00,0,0,06-JAN-2025
OPTSTK,JIOFIN,30-Jan-2025,2025-01-30,295.00,PE,4.75,9.65,4.75,9.00,9.00,858,4277.76937,663300,61050,06-JAN-2025
OPTSTK,JIOFIN,30-Jan-2025,2025-01-30,400.00,PE,0.00,0.00,0.00,86.00,101.55,0,0.00,1650,0,06-JAN-2025
OPTSTK,JIOFIN,30-Jan-2025,2025-01-30,340.00,PE,36.10,42.90,34.65,42.90,42.90,14,87.42525,217800,6600,06-JAN-2025
OPTSTK,JIOFIN,27-Mar-2025,2025-03-27,340.00,CE,0.00,0.00,0.00,12.00,5.05,0,0.00,0,0,06-JAN-2025
OPTSTK,JIOFIN,30-Jan-2025,2025-01-30,320.00,CE,5.55,5.55,2.80,3.10,3.10,2582,13781.8914,2328150,-247500,06-JAN-2025
OPTSTK,JIOFIN,27-Feb-2025,2025-02-27,305.00,CE,12.00,12.00,12.00,12.00,11.35,1,5.2305,3300,0,06-JAN-2025
OPTSTK,JIOFIN,27-Mar-2025,2025-03-27,290.00,PE,0.00,0.00,0.00,12.90,11.85,0,0.00,0,0,06-JAN-2025
OPTSTK,JIOFIN,27-Feb-2025,2025-02-27,285.00,PE,0.00,0.00,0.00,8.45,7.45,0,0.00,0,0,06-JAN-2025
OPTSTK,JIOFIN,30-Jan-2025,2025-01-30,285.00,PE,2.65,5.50,2.60,5.20,5.20,661,3151.18567,417450,-46200,06-JAN-2025
OPTSTK,JIOFIN,27-Feb-2025,2025-02-27,265.00,PE,0.00,0.00,0.00,3.55,2.45,0,0.00,0,0,06-JAN-2025
OPTSTK,JIOFIN,27-Feb-2025,2025-02-27,265.00,CE,0.00,0.00,0.00,47.45,36.65,0,0.00,0,0,06-JAN-2025
OPTSTK,JIOFIN,27-Feb-2025,2025-02-27,360.00,CE,0.00,0.00,0.00,2.05,0.90,0,0.00,9900,0,06-JAN-2025
OPTSTK,JIOFIN,27-Feb-2025,2025-02-27,335.00,PE,0.00,0.00,0.00,34.65,38.35,0,0.00,0,0,06-JAN-2025
OPTSTK,JIOFIN,30-Jan-2025,2025-01-30,250.00,PE,0.35,0.65,0.25,0.60,0.60,193,797.582775,303600,169950,06-JAN-2025
OPTSTK,JIOFIN,30-Jan-2025,2025-01-30,270.00,CE,37.25,37.25,29.15,29.15,29.05,7,34.800975,16500,8250,06-JAN-2025
OPTSTK,TATAMOTORS,27-Feb-2025,2025-02-27,710.00,CE,0.00,0.00,0.00,64.55,81.35,0,0.00,0,0,06-JAN-2025
OPTSTK,TATAMOTORS,30-Jan-2025,2025-01-30,940.00,PE,147.00,154.00,147.00,154.00,159.70,5,29.931,155100,-2750,06-JAN-2025
OPTSTK,TATAMOTORS,27-Feb-2025,2025-02-27,650.00,PE,0.00,0.00,0.00,8.60,1.45,0,0.00,0,0,06-JAN-2025
OPTSTK,TATAMOTORS,27-Feb-2025,2025-02-27,850.00,PE,0.00,0.00,0.00,110.95,77.65,0,0.00,0,0,06-JAN-2025
OPTSTK,TATAMOTORS,30-Jan-2025,2025-01-30,850.00,PE,62.95,84.45,58.35,74.45,74.45,168,850.694075,501600,-2750,06-JAN-2025
OPTSTK,TATAMOTORS,27-Feb-2025,2025-02-27,690.00,CE,0.00,0.00,0.00,77.55,97.80,0,0.00,0,0,06-JAN-2025
OPTSTK,TATAMOTORS,30-Jan-2025,2025-01-30,620.00,CE,0.00,0.00,0.00,154.75,159.00,0,0.00,4950,0,06-JAN-2025
OPTSTK,TATAMOTORS,30-Jan-2025,2025-01-30,860.00,CE,4.55,5.00,2.35,2.95,2.95,6672,31693.4810,1381050,40150,06-JAN-2025
OPTSTK,TATAMOTORS,27-Feb-2025,2025-02-27,860.00,PE,0.00,0.00,0.00,95.35,85.60,0,0.00,0,0,06-JAN-2025
OPTSTK,TATAMOTORS,30-Jan-2025,2025-01-30,640.00,CE,0.00,0.00,0.00,110.00,139.15,0,0.00,1650,0,06-JAN-2025
OPTSTK,TATAMOTORS,27-Mar-2025,2025-03-27,660.00,PE,0.00,0.00,0.00,15.45,4.50,0,0.00,0,0,06-JAN-2025
OPTSTK,TATAMOTORS,30-Jan-2025,2025-01-30,720.00,PE,3.00,7.50,2.80,5.35,5.35,6480,25827.1758,1317800,-308000,06-JAN-2025
OPTSTK,TATAMOTORS,30-Jan-2025,2025-01-30,880.00,PE,87.75,113.25,85.90,113.25,101.25,61,326.170075,249150,20350,06-JAN-2025
OPTSTK,TATAMOTORS,27-Mar-2025,2025-03-27,880.00,PE,95.00,95.00,95.00,95.00,104.15,1,5.3625,550,550,06-JAN-2025
OPTSTK,TATAMOTORS,30-Jan-2025,2025-01-30,810.00,CE,16.75,17.00,7.75,10.30,10.30,14444,65364.7755,1723700,-66550,06-JAN-2025
OPTSTK,TATAMOTORS,27-Feb-2025,2025-02-27,670.00,PE,2.90,4.00,2.90,4.00,2.80,3,11.1089,1100,550,06-JAN-2025
OPTSTK,TATAMOTORS,27-Feb-2025,2025-02-27,780.00,PE,25.00,36.55,25.00,33.15,33.15,82,365.055075,74250,19800,06-JAN-2025
OPTSTK,TATAMOTORS,30-Jan-2025,2025-01-30,780.00,PE,13.00,29.00,13.00,22.35,22.35,22955,100898.707,1756700,182600,06-JAN-2025
OPTSTK,TATAMOTORS,27-Feb-2025,2025-02-27,710.00,PE,6.70,11.80,6.70,10.40,10.40,28,110.669625,11550,-3300,06-JAN-2025
OPTSTK,TATAMOTORS,30-Jan-2025,2025-01-30,660.00,PE,0.80,1.85,0.75,1.35,1.35,1213,4411.75955,431200,73150,06-JAN-2025
OPTSTK,TATAMOTORS,27-Feb-2025,2025-02-27,740.00,PE,12.50,19.80,12.10,17.60,17.60,191,793.199,81400,20350,06-JAN-2025
OPTSTK,TATAMOTORS,30-Jan-2025,2025-01-30,740.00,CE,63.90,63.90,39.40,47.60,47.60,424,1842.36442,1130800,-25300,06-JAN-2025
OPTSTK,TATAMOTORS,30-Jan-2025,2025-01-30,790.00,CE,24.70,26.95,12.95,17.20,17.20,25268,112643.522,2852850,949300,06-JAN-2025
OPTSTK,TATAMOTORS,27-Mar-2025,2025-03-27,760.00,PE,30.95,30.95,30.00,30.00,29.40,2,8.695225,6600,0,06-JAN-2025
OPTSTK,TATAMOTORS,27-Mar-2025,2025-03-27,880.00,CE,15.80,15.80,15.80,15.80,13.35,1,4.9269,4400,0,06-JAN-2025
OPTSTK,TATAMOTORS,27-Feb-2025,2025-02-27,870.00,CE,0.00,0.00,0.00,9.30,8.35,0,0.00,0,0,06-JAN-2025
OPTSTK,TATAMOTORS,27-Feb-2025,2025-02-27,770.00,PE,21.25,29.00,20.50,28.35,28.35,13,56.858725,22000,2750,06-JAN-2025
OPTSTK,TATAMOTORS,30-Jan-2025,2025-01-30,960.00,PE,169.20,176.75,166.70,176.75,179.55,8,49.793425,123750,-2200,06-JAN-2025
OPTSTK,TATAMOTORS,27-Feb-2025,2025-02-27,960.00,PE,0.00,0.00,0.00,200.00,175.80,0,0.00,1100,0,06-JAN-2025
OPTSTK,TATAMOTORS,30-Jan-2025,2025-01-30,660.00,CE,127.25,127.25,125.20,125.20,119.40,4,17.29695,8250,-1650,06-JAN-2025
OPTSTK,MOTHERSON,30-Jan-2025,2025-01-30,182.50,CE,0.50,0.50,0.30,0.30,0.15,35,227.2426,585750,-3550,06-JAN-2025
OPTSTK,MOTHERSON,27-Feb-2025,2025-02-27,135.00,CE,0.00,0.00,0.00,31.75,21.70,0,0.00,0,0,06-JAN-2025
OPTSTK,MOTHERSON,27-Feb-2025,2025-02-27,157.50,PE,0.00,0.00,0.00,9.80,8.55,0,0.00,0,0,06-JAN-2025
OPTSTK,MOTHERSON,30-Jan-2025,2025-01-30,145.00,CE,16.20,16.70,11.00,11.00,11.45,12,68.009125,120700,10650,06-JAN-2025
OPTSTK,MOTHERSON,30-Jan-2025,2025-01-30,210.00,CE,0.00,0.00,0.00,0.10,0.05,0,0.00,35500,0,06-JAN-2025
OPTSTK,MOTHERSON,27-Feb-2025,2025-02-27,155.00,CE,0.00,0.00,0.00,17.95,8.00,0,0.00,0,0,06-JAN-2025
OPTSTK,MOTHERSON,30-Jan-2025,2025-01-30,155.00,CE,7.95,8.70,4.85,5.15,5.15,1197,6824.48982,1945400,582200,06-JAN-2025
OPTSTK,MOTHERSON,30-Jan-2025,2025-01-30,180.00,PE,20.05,26.05,20.05,25.50,25.50,16,116.360125,1579750,-17750,06-JAN-2025
OPTSTK,MOTHERSON,30-Jan-2025,2025-01-30,180.00,CE,0.55,0.65,0.35,0.35,0.35,653,4183.1141,2573750,39050,06-JAN-2025
OPTSTK,MOTHERSON,27-Feb-2025,2025-02-27,142.50,PE,0.00,0.00,0.00,3.85,2.50,0,0.00,0,0,06-JAN-2025
OPTSTK,MOTHERSON,30-Jan-2025,2025-01-30,142.50,PE,0.90,1.50,0.55,1.40,1.40,230,1173.21287,472150,81650,06-JAN-2025
OPTSTK,MOTHERSON,27-Feb-2025,2025-02-27,142.50,CE,0.00,0.00,0.00,19.55,15.70,0,0.00,0,0,06-JAN-2025
OPTSTK,MOTHERSON,27-Mar-2025,2025-03-27,175.00,PE,0.00,0.00,0.00,22.10,21.55,0,0.00,0,0,06-JAN-2025
OPTSTK,MOTHERSON,27-Feb-2025,2025-02-27,140.00,PE,0.00,0.00,0.00,3.55,1.95,0,0.00,0,0,06-JAN-2025
OPTSTK,MOTHERSON,30-Jan-2025,2025-01-30,195.00,CE,0.00,0.00,0.00,0.20,0.05,0,0.00,152650,0,06-JAN-2025
OPTSTK,MOTHERSON,30-Jan-2025,2025-01-30,195.00,PE,0.00,0.00,0.00,37.00,39.85,0,0.00,237850,0,06-JAN-2025
OPTSTK,MOTHERSON,27-Feb-2025,2025-02-27,130.00,PE,0.65,1.10,0.65,1.10,0.55,9,41.819,184600,7100,06-JAN-2025
OPTSTK,MOTHERSON,27-Feb-2025,2025-02-27,130.00,CE,0.00,0.00,0.00,35.85,26.10,0,0.00,0,0,06-JAN-2025
OPTSTK,MOTHERSON,30-Jan-2025,2025-01-30,130.00,PE,0.15,0.35,0.15,0.30,0.10,50,231.195525,2218750,14200,06-JAN-2025
OPTSTK,MOTHERSON,27-Feb-2025,2025-02-27,135.00,PE,0.00,0.00,0.00,2.50,1.10,0,0.00,0,0,06-JAN-2025
OPTSTK,MOTHERSON,27-Feb-2025,2025-02-27,137.50,PE,0.00,0.00,0.00,2.60,1.45,0,0.00,0,0,06-JAN-2025
OPTSTK,MOTHERSON,30-Jan-2025,2025-01-30,152.50,PE,2.25,4.75,2.05,4.20,4.20,622,3446.61157,670950,88750,06-JAN-2025
OPTSTK,MOTHERSON,27-Feb-2025,2025-02-27,152.50,CE,0.00,0.00,0.00,13.25,9.25,0,0.00,0,0,06-JAN-2025
OPTSTK,MOTHERSON,27-Feb-2025,2025-02-27,152.50,PE,5.55,5.55,5.55,5.55,6.00,1,5.610775,3550,3550,06-JAN-2025
OPTSTK,MOTHERSON,27-Mar-2025,2025-03-27,145.00,CE,0.00,0.00,0.00,20.10,15.90,0,0.00,0,0,06-JAN-2025
OPTSTK,MOTHERSON,27-Feb-2025,2025-02-27,177.50,PE,0.00,0.00,0.00,22.85,23.05,0,0.00,0,0,06-JAN-2025
OPTSTK,MOTHERSON,30-Jan-2025,2025-01-30,137.50,CE,17.75,17.75,17.75,17.75,17.85,1,5.511375,31950,3550,06-JAN-2025
OPTSTK,MOTHERSON,27-Feb-2025,2025-02-27,150.00,CE,0.00,0.00,0.00,16.00,10.70,0,0.00,3550,0,06-JAN-2025
OPTSTK,MOTHERSON,30-Jan-2025,2025-01-30,165.00,CE,3.05,3.50,1.65,1.80,1.80,2668,15862.2875,4018600,209450,06-JAN-2025
OPTSTK,MOTHERSON,27-Feb-2025,2025-02-27,177.50,CE,0.00,0.00,0.00,3.95,1.55,0,0.00,0,0,06-JAN-2025
OPTSTK,MOTHERSON,27-Feb-2025,2025-02-27,137.50,CE,0.00,0.00,0.00,23.25,19.60,0,0.00,0,0,06-JAN-2025
OPTSTK,ADANIGREEN,30-Jan-2025,2025-01-30,1580.00,CE,0.00,0.00,0.00,1.80,0.05,0,0.00,20250,0,06-JAN-2025
OPTSTK,ADANIGREEN,30-Jan-2025,2025-01-30,1140.00,PE,141.70,160.25,141.70,160.25,167.40,2,9.6823125,21000,375,06-JAN-2025
OPTSTK,ADANIGREEN,27-Feb-2025,2025-02-27,1060.00,PE,0.00,0.00,0.00,117.10,128.80,0,0.00,0,0,06-JAN-2025
OPTSTK,ADANIGREEN,27-Feb-2025,2025-02-27,1080.00,CE,0.00,0.00,0.00,160.15,55.10,0,0.00,0,0,06-JAN-2025
OPTSTK,ADANIGREEN,30-Jan-2025,2025-01-30,1020.00,PE,46.00,81.10,44.50,79.85,79.85,452,1829.54793,61875,-375,06-JAN-2025
OPTSTK,ADANIGREEN,30-Jan-2025,2025-01-30,1020.00,CE,64.25,66.70,38.95,40.35,40.35,557,2229.54375,85500,16125,06-JAN-2025
OPTSTK,ADANIGREEN,27-Feb-2025,2025-02-27,1160.00,PE,0.00,0.00,0.00,179.10,200.80,0,0.00,0,0,06-JAN-2025
OPTSTK,ADANIGREEN,30-Jan-2025,2025-01-30,1240.00,CE,8.45,8.45,5.25,5.65,5.65,91,425.26425,76125,4125,06-JAN-2025
OPTSTK,ADANIGREEN,30-Jan-2025,2025-01-30,1140.00,CE,18.50,18.75,12.60,13.30,13.30,536,2321.01562,106875,20250,06-JAN-2025
OPTSTK,ADANIGREEN,30-Jan-2025,2025-01-30,920.00,CE,117.30,117.30,89.50,91.30,91.30,30,114.0525,9000,5625,06-JAN-2025
OPTSTK,ADANIGREEN,27-Feb-2025,2025-02-27,1080.00,PE,0.00,0.00,0.00,133.45,142.10,0,0.00,0,0,06-JAN-2025
OPTSTK,ADANIGREEN,27-Feb-2025,2025-02-27,920.00,CE,0.00,0.00,0.00,164.00,125.50,0,0.00,0,0,06-JAN-2025
OPTSTK,ADANIGREEN,30-Jan-2025,2025-01-30,1480.00,CE,0.00,0.00,0.00,2.50,0.25,0,0.00,12000,0,06-JAN-2025
OPTSTK,ADANIGREEN,30-Jan-2025,2025-01-30,1120.00,CE,26.65,27.00,15.10,15.60,15.60,509,2174.74875,126375,28125,06-JAN-2025
OPTSTK,ADANIGREEN,27-Mar-2025,2025-03-27,1120.00,PE,0.00,0.00,0.00,173.00,186.35,0,0.00,0,0,06-JAN-2025
OPTSTK,ADANIGREEN,30-Jan-2025,2025-01-30,1320.00,CE,2.75,3.00,2.75,3.00,1.95,11,54.564375,7500,-375,06-JAN-2025
OPTSTK,ADANIGREEN,27-Mar-2025,2025-03-27,1240.00,CE,0.00,0.00,0.00,97.45,38.10,0,0.00,0,0,06-JAN-2025
OPTSTK,ADANIGREEN,27-Mar-2025,2025-03-27,1080.00,PE,0.00,0.00,0.00,149.95,159.20,0,0.00,0,0,06-JAN-2025
OPTSTK,ADANIGREEN,27-Feb-2025,2025-02-27,1140.00,CE,0.00,0.00,0.00,101.95,38.95,0,0.00,0,0,06-JAN-2025
OPTSTK,ADANIGREEN,27-Feb-2025,2025-02-27,1000.00,CE,80.00,81.35,77.00,80.00,80.00,11,44.4988125,4125,3750,06-JAN-2025
OPTSTK,ADANIGREEN,30-Jan-2025,2025-01-30,860.00,PE,6.65,16.50,6.65,15.25,15.25,463,1513.53956,169875,8250,06-JAN-2025
OPTSTK,ADANIGREEN,30-Jan-2025,2025-01-30,860.00,CE,0.00,0.00,0.00,314.55,140.60,0,0.00,0,0,06-JAN-2025
OPTSTK,ADANIGREEN,30-Jan-2025,2025-01-30,940.00,PE,18.00,41.30,17.45,39.95,39.95,510,1857.25837,101625,31500,06-JAN-2025
OPTSTK,ADANIGREEN,30-Jan-2025,2025-01-30,940.00,CE,100.25,100.25,77.05,79.75,79.75,44,168.912937,13500,9375,06-JAN-2025
OPTSTK,ADANIGREEN,30-Jan-2025,2025-01-30,1000.00,CE,72.00,72.70,46.65,48.35,48.35,1024,4039.81275,256125,111750,06-JAN-2025
OPTSTK,ADANIGREEN,27-Feb-2025,2025-02-27,940.00,PE,37.00,65.00,37.00,60.00,60.00,15,56.1436875,7875,5250,06-JAN-2025
OPTSTK,ADANIGREEN,27-Feb-2025,2025-02-27,920.00,PE,0.00,0.00,0.00,35.00,54.05,0,0.00,0,0,06-JAN-2025
OPTSTK,ADANIGREEN,30-Jan-2025,2025-01-30,1080.00,PE,93.80,123.95,93.80,118.75,118.75,43,192.232687,81000,-10125,06-JAN-2025
OPTSTK,ADANIGREEN,30-Jan-2025,2025-01-30,1300.00,CE,4.50,5.10,3.40,3.75,3.75,1325,6479.30325,360000,-32625,06-JAN-2025
OPTSTK,ADANIGREEN,27-Feb-2025,2025-02-27,900.00,PE,0.00,0.00,0.00,48.80,46.25,0,0.00,0,0,06-JAN-2025
OPTSTK,ADANIGREEN,27-Feb-2025,2025-02-27,900.00,CE,0.00,0.00,0.00,224.35,137.50,0,0.00,0,0,06-JAN-2025
OPTSTK,ATGL,27-Feb-2025,2025-02-27,730.00,PE,0.00,0.00,0.00,102.35,69.30,0,0.00,0,0,06-JAN-2025
OPTSTK,ATGL,27-Feb-2025,2025-02-27,740.00,PE,0.00,0.00,0.00,68.55,75.30,0,0.00,0,0,06-JAN-2025
OPTSTK,ATGL,27-Feb-2025,2025-02-27,740.00,CE,0.00,0.00,0.00,145.75,46.15,0,0.00,0,0,06-JAN-2025
OPTSTK,ATGL,30-Jan-2025,2025-01-30,760.00,PE,0.00,0.00,0.00,57.50,72.90,0,0.00,46500,0,06-JAN-2025
OPTSTK,ATGL,30-Jan-2025,2025-01-30,860.00,CE,0.00,0.00,0.00,3.25,4.15,0,0.00,9300,0,06-JAN-2025
OPTSTK,ATGL,27-Mar-2025,2025-03-27,860.00,PE,0.00,0.00,0.00,207.65,171.10,0,0.00,0,0,06-JAN-2025
OPTSTK,ATGL,30-Jan-2025,2025-01-30,830.00,CE,3.00,3.00,2.65,2.65,6.90,13,83.9065375,15500,-3100,06-JAN-2025
OPTSTK,ATGL,30-Jan-2025,2025-01-30,700.00,CE,32.00,35.55,26.30,28.50,28.50,95,537.543875,181350,-1550,06-JAN-2025
OPTSTK,ATGL,27-Feb-2025,2025-02-27,760.00,CE,0.00,0.00,0.00,135.20,39.05,0,0.00,0,0,06-JAN-2025
OPTSTK,ATGL,27-Feb-2025,2025-02-27,840.00,CE,0.00,0.00,0.00,99.00,19.00,0,0.00,0,0,06-JAN-2025
OPTSTK,ATGL,30-Jan-2025,2025-01-30,840.00,CE,2.80,2.90,2.25,2.85,2.85,30,195.871175,44950,-5425,06-JAN-2025
OPTSTK,ATGL,27-Feb-2025,2025-02-27,650.00,CE,0.00,0.00,0.00,87.25,90.95,0,0.00,0,0,06-JAN-2025
OPTSTK,ATGL,27-Mar-2025,2025-03-27,560.00,PE,0.00,0.00,0.00,32.70,14.90,0,0.00,0,0,06-JAN-2025
OPTSTK,ATGL,30-Jan-2025,2025-01-30,560.00,PE,2.55,2.95,2.55,2.90,1.85,3,13.0851,13950,775,06-JAN-2025
OPTSTK,ATGL,30-Jan-2025,2025-01-30,710.00,CE,30.50,32.70,23.00,24.75,24.75,53,302.609212,79825,10075,06-JAN-2025
OPTSTK,ATGL,27-Mar-2025,2025-03-27,560.00,CE,0.00,0.00,0.00,154.85,166.90,0,0.00,0,0,06-JAN-2025
OPTSTK,ATGL,27-Mar-2025,2025-03-27,860.00,CE,0.00,0.00,0.00,35.20,27.50,0,0.00,0,0,06-JAN-2025
OPTSTK,ATGL,30-Jan-2025,2025-01-30,670.00,PE,16.40,23.80,16.10,23.40,23.40,26,138.73585,50375,-6975,06-JAN-2025
OPTSTK,ATGL,30-Jan-2025,2025-01-30,760.00,CE,11.20,12.20,8.90,10.05,10.05,60,358.12285,77500,1550,06-JAN-2025
OPTSTK,ATGL,27-Feb-2025,2025-02-27,760.00,PE,0.00,0.00,0.00,77.65,88.00,0,0.00,0,0,06-JAN-2025
OPTSTK,ATGL,27-Feb-2025,2025-02-27,580.00,PE,0.00,0.00,0.00,18.20,11.55,0,0.00,0,0,06-JAN-2025
OPTSTK,ATGL,30-Jan-2025,2025-01-30,610.00,PE,7.45,7.45,7.45,7.45,7.10,1,4.7852375,17825,775,06-JAN-2025
OPTSTK,ATGL,30-Jan-2025,2025-01-30,610.00,CE,0.00,0.00,0.00,216.90,103.60,0,0.00,0,0,06-JAN-2025
OPTSTK,ATGL,30-Jan-2025,2025-01-30,720.00,CE,28.05,28.05,18.55,20.50,20.50,133,764.372812,96100,14725,06-JAN-2025
OPTSTK,ATGL,27-Feb-2025,2025-02-27,820.00,CE,0.00,0.00,0.00,107.20,22.95,0,0.00,0,0,06-JAN-2025
OPTSTK,ATGL,27-Mar-2025,2025-03-27,760.00,CE,0.00,0.00,0.00,59.75,54.30,0,0.00,0,0,06-JAN-2025
OPTSTK,ATGL,27-Feb-2025,2025-02-27,710.00,PE,0.00,0.00,0.00,89.85,58.05,0,0.00,0,0,06-JAN-2025
OPTSTK,ATGL,30-Jan-2025,2025-01-30,710.00,PE,36.50,47.70,36.35,43.35,43.35,14,81.724525,49600,2325,06-JAN-2025
OPTSTK,ATGL,27-Feb-2025,2025-02-27,750.00,PE,0.00,0.00,0.00,115.60,81.50,0,0.00,0,0,06-JAN-2025
OPTSTK,ATGL,27-Feb-2025,2025-02-27,750.00,CE,0.00,0.00,0.00,47.05,42.50,0,0.00,0,0,06-JAN-2025
OPTSTK,ATGL,30-Jan-2025,2025-01-30,800.00,PE,0.00,0.00,0.00,79.15,103.80,0,0.00,12400,0,06-JAN-2025
OPTSTK,ATGL,27-Mar-2025,2025-03-27,700.00,CE,0.00,0.00,0.00,80.95,78.90,0,0.00,0,0,06-JAN-2025
OPTSTK,ATGL,30-Jan-2025,2025-01-30,770.00,CE,14.65,15.00,7.40,8.80,8.80,26,157.009962,35650,3100,06-JAN-2025
OPTSTK,SHREECEM,27-Mar-2025,2025-03-27,25000.00,CE,0.00,0.00,0.00,2485.40,1869.80,0,0.00,0,0,06-JAN-2025
OPTSTK,SHREECEM,27-Feb-2025,2025-02-27,25000.00,CE,0.00,0.00,0.00,1928.80,1591.30,0,0.00,0,0,06-JAN-2025
OPTSTK,SHREECEM,30-Jan-2025,2025-01-30,21500.00,PE,0.00,0.00,0.00,26.65,0.35,0,0.00,250,0,06-JAN-2025
OPTSTK,SHREECEM,27-Feb-2025,2025-02-27,29000.00,PE,0.00,0.00,0.00,3385.65,2965.35,0,0.00,0,0,06-JAN-2025
OPTSTK,SHREECEM,27-Mar-2025,2025-03-27,29000.00,CE,0.00,0.00,0.00,684.70,313.10,0,0.00,0,0,06-JAN-2025
OPTSTK,SHREECEM,30-Jan-2025,2025-01-30,26250.00,CE,630.15,729.30,480.00,480.00,524.70,119,799.01085,1800,725,06-JAN-2025
OPTSTK,SHREECEM,27-Feb-2025,2025-02-27,26250.00,PE,0.00,0.00,0.00,1006.85,972.60,0,0.00,0,0,06-JAN-2025
OPTSTK,SHREECEM,27-Feb-2025,2025-02-27,26250.00,CE,0.00,0.00,0.00,1428.65,881.80,0,0.00,0,0,06-JAN-2025
OPTSTK,SHREECEM,27-Feb-2025,2025-02-27,30500.00,PE,0.00,0.00,0.00,4638.05,4344.15,0,0.00,0,0,06-JAN-2025
OPTSTK,SHREECEM,30-Jan-2025,2025-01-30,30500.00,PE,0.00,0.00,0.00,5057.75,4459.35,0,0.00,0,0,06-JAN-2025
OPTSTK,SHREECEM,27-Feb-2025,2025-02-27,30500.00,CE,0.00,0.00,0.00,233.70,44.05,0,0.00,0,0,06-JAN-2025
OPTSTK,SHREECEM,30-Jan-2025,2025-01-30,30500.00,CE,0.00,0.00,0.00,38.85,2.40,0,0.00,125,0,06-JAN-2025
OPTSTK,SHREECEM,27-Mar-2025,2025-03-27,23000.00,PE,0.00,0.00,0.00,230.20,149.05,0,0.00,0,0,06-JAN-2025
OPTSTK,SHREECEM,30-Jan-2025,2025-01-30,23000.00,CE,0.00,0.00,0.00,2914.40,3021.45,0,0.00,0,0,06-JAN-2025
OPTSTK,SHREECEM,30-Jan-2025,2025-01-30,26250.00,PE,766.10,766.10,622.50,737.60,750.45,33,222.039175,475,225,06-JAN-2025
OPTSTK,SHREECEM,27-Feb-2025,2025-02-27,23250.00,PE,0.00,0.00,0.00,164.05,96.00,0,0.00,0,0,06-JAN-2025
OPTSTK,SHREECEM,30-Jan-2025,2025-01-30,22500.00,PE,0.00,0.00,0.00,319.35,4.10,0,0.00,0,0,06-JAN-2025
OPTSTK,SHREECEM,27-Mar-2025,2025-03-27,23500.00,PE,0.00,0.00,0.00,313.20,221.25,0,0.00,0,0,06-JAN-2025
OPTSTK,SHREECEM,27-Feb-2025,2025-02-27,22750.00,CE,0.00,0.00,0.00,3987.15,3430.95,0,0.00,0,0,06-JAN-2025
OPTSTK,SHREECEM,30-Jan-2025,2025-01-30,25750.00,CE,0.00,0.00,0.00,940.85,770.55,0,0.00,850,0,06-JAN-2025
OPTSTK,SHREECEM,27-Mar-2025,2025-03-27,27000.00,PE,0.00,0.00,0.00,1551.80,1542.95,0,0.00,0,0,06-JAN-2025
OPTSTK,SHREECEM,30-Jan-2025,2025-01-30,27000.00,CE,359.35,398.50,201.75,230.00,230.00,87,594.384862,6900,-225,06-JAN-2025
OPTSTK,SHREECEM,30-Jan-2025,2025-01-30,27000.00,PE,1350.00,1591.20,1350.00,1591.20,1240.45,6,42.6883,1100,-100,06-JAN-2025
OPTSTK,SHREECEM,27-Mar-2025,2025-03-27,25500.00,PE,0.00,0.00,0.00,866.60,781.15,0,0.00,0,0,06-JAN-2025
OPTSTK,SHREECEM,27-Feb-2025,2025-02-27,27250.00,CE,0.00,0.00,0.00,966.55,500.30,0,0.00,0,0,06-JAN-2025
OPTSTK,SHREECEM,30-Jan-2025,2025-01-30,27500.00,PE,0.00,0.00,0.00,2604.45,1630.55,0,0.00,0,0,06-JAN-2025
OPTSTK,SHREECEM,27-Feb-2025,2025-02-27,29500.00,CE,0.00,0.00,0.00,366.60,102.15,0,0.00,0,0,06-JAN-2025
OPTSTK,SHREECEM,27-Mar-2025,2025-03-27,29500.00,PE,0.00,0.00,0.00,3190.60,3395.35,0,0.00,0,0,06-JAN-2025
OPTSTK,SHREECEM,30-Jan-2025,2025-01-30,28000.00,CE,171.50,185.30,90.05,114.60,114.60,511,3594.98231,11975,2975,06-JAN-2025
OPTSTK,SHREECEM,27-Feb-2025,2025-02-27,28000.00,CE,0.00,0.00,0.00,682.15,309.10,0,0.00,0,0,06-JAN-2025
OPTSTK,SHREECEM,27-Feb-2025,2025-02-27,28000.00,PE,0.00,0.00,0.00,2631.55,2133.10,0,0.00,0,0,06-JAN-2025
OPTSTK,ABCAPITAL,27-Feb-2025,2025-02-27,180.00,PE,6.50,7.75,6.50,7.75,10.05,6,30.2859,27000,10800,06-JAN-2025
OPTSTK,ABCAPITAL,30-Jan-2025,2025-01-30,180.00,CE,7.00,7.00,4.10,4.45,4.45,1386,6917.7186,915300,237600,06-JAN-2025
OPTSTK,ABCAPITAL,27-Mar-2025,2025-03-27,180.00,CE,0.00,0.00,0.00,18.65,10.60,0,0.00,0,0,06-JAN-2025
OPTSTK,SBICARD,27-Mar-2025,2025-03-27,680.00,PE,14.00,14.00,14.00,14.00,8.40,1,5.552,2400,-800,06-JAN-2025
OPTSTK,SBICARD,27-Feb-2025,2025-02-27,680.00,PE,0.00,0.00,0.00,11.00,5.30,0,0.00,4000,0,06-JAN-2025
OPTSTK,SBICARD,27-Feb-2025,2025-02-27,845.00,CE,0.00,0.00,0.00,0.90,1.50,0,0.00,0,0,06-JAN-2025
OPTSTK,ABCAPITAL,27-Feb-2025,2025-02-27,180.00,CE,9.05,9.05,7.60,7.90,8.05,11,55.9008,51300,13500,06-JAN-2025
OPTSTK,ABCAPITAL,30-Jan-2025,2025-01-30,230.00,PE,0.00,0.00,0.00,42.00,52.75,0,0.00,569700,0,06-JAN-2025
OPTSTK,SBICARD,27-Feb-2025,2025-02-27,720.00,PE,14.00,25.00,14.00,25.00,16.55,5,29.59,6400,1600,06-JAN-2025
OPTSTK,SBICARD,27-Feb-2025,2025-02-27,820.00,PE,0.00,0.00,0.00,102.80,84.85,0,0.00,0,0,06-JAN-2025
OPTSTK,SBICARD,30-Jan-2025,2025-01-30,820.00,PE,0.00,0.00,0.00,147.75,86.25,0,0.00,800,0,06-JAN-2025
OPTSTK,SBICARD,27-Feb-2025,2025-02-27,655.00,PE,0.00,0.00,0.00,15.30,2.10,0,0.00,0,0,06-JAN-2025
OPTSTK,SBICARD,27-Mar-2025,2025-03-27,770.00,CE,0.00,0.00,0.00,10.75,19.05,0,0.00,0,0,06-JAN-2025
OPTSTK,ABCAPITAL,30-Jan-2025,2025-01-30,212.50,PE,0.00,0.00,0.00,24.20,35.40,0,0.00,5400,0,06-JAN-2025
OPTSTK,ABCAPITAL,27-Feb-2025,2025-02-27,215.00,CE,0.00,0.00,0.00,9.50,0.75,0,0.00,0,0,06-JAN-2025
OPTSTK,ABCAPITAL,30-Jan-2025,2025-01-30,215.00,CE,0.25,0.25,0.15,0.15,0.05,2,11.6208,224100,2700,06-JAN-2025
OPTSTK,SBICARD,30-Jan-2025,2025-01-30,730.00,CE,26.20,43.30,20.20,23.30,23.30,2278,13832.036,320800,-338400,06-JAN-2025
OPTSTK,SBICARD,27-Mar-2025,2025-03-27,730.00,PE,0.00,0.00,0.00,58.05,24.95,0,0.00,0,0,06-JAN-2025
OPTSTK,SBICARD,27-Feb-2025,2025-02-27,730.00,PE,0.00,0.00,0.00,40.20,20.90,0,0.00,0,0,06-JAN-2025
OPTSTK,SBICARD,30-Jan-2025,2025-01-30,645.00,CE,0.00,0.00,0.00,34.60,88.55,0,0.00,3200,0,06-JAN-2025
OPTSTK,SBICARD,30-Jan-2025,2025-01-30,645.00,PE,1.05,1.70,1.00,1.70,0.15,82,424.0168,61600,-23200,06-JAN-2025
OPTSTK,SBICARD,30-Jan-2025,2025-01-30,560.00,CE,0.00,0.00,0.00,140.15,173.05,0,0.00,0,0,06-JAN-2025
OPTSTK,SBICARD,27-Mar-2025,2025-03-27,560.00,PE,0.00,0.00,0.00,1.75,0.10,0,0.00,0,0,06-JAN-2025
OPTSTK,SBICARD,27-Mar-2025,2025-03-27,860.00,CE,0.00,0.00,0.00,1.95,2.90,0,0.00,0,0,06-JAN-2025
OPTSTK,SBICARD,27-Feb-2025,2025-02-27,830.00,PE,0.00,0.00,0.00,111.20,93.90,0,0.00,0,0,06-JAN-2025
OPTSTK,SBICARD,30-Jan-2025,2025-01-30,830.00,PE,0.00,0.00,0.00,131.85,96.05,0,0.00,0,0,06-JAN-2025
OPTSTK,ABCAPITAL,30-Jan-2025,2025-01-30,160.00,PE,0.40,1.20,0.40,1.05,1.05,257,1116.396,737100,137700,06-JAN-2025
OPTSTK,ABCAPITAL,27-Feb-2025,2025-02-27,195.00,PE,0.00,0.00,0.00,14.80,20.15,0,0.00,0,0,06-JAN-2025
OPTSTK,ABCAPITAL,30-Jan-2025,2025-01-30,185.00,PE,4.45,11.50,4.45,10.95,10.95,434,2254.82805,1174500,-264600,06-JAN-2025
OPTSTK,ABCAPITAL,30-Jan-2025,2025-01-30,205.00,CE,0.50,0.50,0.30,0.35,0.35,293,1624.82355,850500,240300,06-JAN-2025
OPTSTK,ABCAPITAL,27-Feb-2025,2025-02-27,205.00,CE,0.00,0.00,0.00,12.90,1.60,0,0.00,0,0,06-JAN-2025
OPTSTK,ABCAPITAL,27-Mar-2025,2025-03-27,205.00,CE,0.00,0.00,0.00,8.45,3.20,0,0.00,0,0,06-JAN-2025
OPTSTK,BAJFINANCE,30-Jan-2025,2025-01-30,5800.00,PE,2.45,2.90,1.00,2.15,2.15,47,340.87,52500,-375,06-JAN-2025
OPTSTK,BAJFINANCE,30-Jan-2025,2025-01-30,5800.00,CE,0.00,0.00,0.00,1249.30,1574.95,0,0.00,0,0,06-JAN-2025
OPTSTK,MRF,30-Jan-2025,2025-01-30,115000.00,PE,300.00,685.60,300.00,500.20,500.20,294,1698.12767,610,610,06-JAN-2025
OPTSTK,MRF,27-Feb-2025,2025-02-27,115000.00,PE,0.00,0.00,0.00,2084.95,845.50,0,0.00,0,0,06-JAN-2025
OPTSTK,BAJFINANCE,30-Jan-2025,2025-01-30,7000.00,CE,559.95,650.00,415.05,435.10,435.10,1534,14389.8959,206750,-40250,06-JAN-2025
OPTSTK,BAJFINANCE,30-Jan-2025,2025-01-30,6100.00,CE,0.00,0.00,0.00,624.75,1276.60,0,0.00,0,0,06-JAN-2025
OPTSTK,MRF,27-Feb-2025,2025-02-27,123000.00,PE,0.00,0.00,0.00,4841.20,3361.90,0,0.00,0,0,06-JAN-2025
OPTSTK,BAJFINANCE,27-Feb-2025,2025-02-27,8100.00,PE,0.00,0.00,0.00,1229.95,752.45,0,0.00,0,0,06-JAN-2025
OPTSTK,MRF,27-Feb-2025,2025-02-27,126000.00,PE,0.00,0.00,0.00,6281.75,4946.30,0,0.00,0,0,06-JAN-2025
OPTSTK,MRF,27-Mar-2025,2025-03-27,138000.00,CE,0.00,0.00,0.00,4712.55,996.65,0,0.00,0,0,06-JAN-2025
OPTSTK,MRF,27-Mar-2025,2025-03-27,129000.00,CE,0.00,0.00,0.00,8943.90,3069.95,0,0.00,0,0,06-JAN-2025
OPTSTK,MRF,30-Jan-2025,2025-01-30,129000.00,PE,0.00,0.00,0.00,8641.75,6335.45,0,0.00,0,0,06-JAN-2025
OPTSTK,MRF,27-Feb-2025,2025-02-27,129000.00,PE,0.00,0.00,0.00,7942.50,6874.95,0,0.00,0,0,06-JAN-2025
OPTSTK,BAJFINANCE,30-Jan-2025,2025-01-30,5400.00,PE,1.50,2.25,1.50,1.65,0.05,8,54.017875,3375,125,06-JAN-2025
OPTSTK,BAJFINANCE,27-Mar-2025,2025-03-27,7000.00,PE,120.00,140.00,95.15,130.00,130.00,5,44.5189375,750,250,06-JAN-2025
OPTSTK,BAJFINANCE,27-Mar-2025,2025-03-27,7000.00,CE,0.00,0.00,0.00,389.75,621.60,0,0.00,0,0,06-JAN-2025
OPTSTK,BAJFINANCE,27-Mar-2025,2025-03-27,7600.00,PE,0.00,0.00,0.00,833.80,438.55,0,0.00,0,0,06-JAN-2025
OPTSTK,MRF,27-Feb-2025,2025-02-27,134500.00,CE,0.00,0.00,0.00,4706.40,812.80,0,0.00,0,0,06-JAN-2025
OPTSTK,MRF,27-Feb-2025,2025-02-27,134500.00,PE,0.00,0.00,0.00,6315.80,11149.95,0,0.00,0,0,06-JAN-2025
OPTSTK,BAJFINANCE,30-Jan-2025,2025-01-30,7300.00,PE,100.00,164.00,71.05,150.75,150.75,11532,106977.885,266500,23875,06-JAN-2025
OPTSTK,MRF,27-Feb-2025,2025-02-27,134000.00,CE,0.00,0.00,0.00,3244.50,887.20,0,0.00,0,0,06-JAN-2025
OPTSTK,MRF,30-Jan-2025,2025-01-30,123500.00,CE,0.00,0.00,0.00,6063.15,2600.10,0,0.00,0,0,06-JAN-2025
OPTSTK,MRF,30-Jan-2025,2025-01-30,123500.00,PE,0.00,0.00,0.00,4354.45,2677.55,0,0.00,0,0,06-JAN-2025
OPTSTK,MRF,27-Mar-2025,2025-03-27,140000.00,CE,0.00,0.00,0.00,4020.00,751.15,0,0.00,0,0,06-JAN-2025
OPTSTK,MRF,27-Feb-2025,2025-02-27,140000.00,CE,0.00,0.00,0.00,1710.10,285.60,0,0.00,15,0,06-JAN-2025
OPTSTK,BAJFINANCE,30-Jan-2025,2025-01-30,6900.00,PE,28.00,50.60,22.00,47.00,47.00,6065,52575.9943,202875,-52125,06-JAN-2025
OPTSTK,MRF,30-Jan-2025,2025-01-30,139000.00,CE,0.00,0.00,0.00,255.75,33.45,0,0.00,275,0,06-JAN-2025
OPTSTK,MRF,27-Feb-2025,2025-02-27,139000.00,PE,0.00,0.00,0.00,14884.85,15143.40,0,0.00,0,0,06-JAN-2025
OPTSTK,BAJFINANCE,27-Mar-2025,2025-03-27,6400.00,CE,0.00,0.00,0.00,720.40,1086.40,0,0.00,0,0,06-JAN-2025
OPTSTK,MRF,30-Jan-2025,2025-01-30,133000.00,PE,0.00,0.00,0.00,3436.00,9793.30,0,0.00,15,0,06-JAN-2025
OPTSTK,MRF,27-Feb-2025,2025-02-27,133000.00,PE,0.00,0.00,0.00,10478.25,9904.45,0,0.00,0,0,06-JAN-2025
OPTSTK,MRF,27-Feb-2025,2025-02-27,126500.00,CE,0.00,0.00,0.00,9036.60,2831.00,0,0.00,0,0,06-JAN-2025
OPTIDX,NIFTYNXT50,27-Mar-2025,2025-03-27,62000.00,PE,0.00,0.00,0.00,528.95,440.60,0,0.00,0,0,06-JAN-2025
OPTIDX,NIFTYNXT50,27-Mar-2025,2025-03-27,62000.00,CE,0.00,0.00,0.00,8182.90,6347.90,0,0.00,0,0,06-JAN-2025
OPTIDX,NIFTYNXT50,27-Feb-2025,2025-02-27,62000.00,CE,0.00,0.00,0.00,10145.95,5840.20,0,0.00,0,0,06-JAN-2025
OPTIDX,NIFTYNXT50,27-Feb-2025,2025-02-27,62000.00,PE,0.00,0.00,0.00,326.75,250.05,0,0.00,0,0,06-JAN-2025
OPTIDX,NIFTYNXT50,27-Feb-2025,2025-02-27,59500.00,CE,0.00,0.00,0.00,12415.15,8132.30,0,0.00,0,0,06-JAN-2025
OPTIDX,NIFTYNXT50,27-Mar-2025,2025-03-27,59500.00,CE,0.00,0.00,0.00,10349.10,8533.60,0,0.00,0,0,06-JAN-2025
OPTIDX,NIFTYNXT50,30-Jan-2025,2025-01-30,59500.00,CE,0.00,0.00,0.00,11560.35,7765.95,0,0.00,0,0,06-JAN-2025
OPTIDX,NIFTYNXT50,27-Mar-2025,2025-03-27,59500.00,PE,0.00,0.00,0.00,239.40,163.05,0,0.00,0,0,06-JAN-2025
OPTIDX,NIFTYNXT50,27-Feb-2025,2025-02-27,59500.00,PE,0.00,0.00,0.00,140.00,66.10,0,0.00,0,0,06-JAN-2025
OPTIDX,NIFTYNXT50,30-Jan-2025,2025-01-30,59500.00,PE,0.00,0.00,0.00,215.45,5.65,0,0.00,0,0,06-JAN-2025
OPTIDX,NIFTYNXT50,30-Jan-2025,2025-01-30,63200.00,CE,0.00,0.00,0.00,8363.55,4224.15,0,0.00,0,0,06-JAN-2025
OPTIDX,NIFTYNXT50,27-Feb-2025,2025-02-27,75700.00,PE,0.00,0.00,0.00,5414.75,8105.65,0,0.00,0,0,06-JAN-2025
OPTIDX,NIFTYNXT50,30-Jan-2025,2025-01-30,75700.00,CE,0.00,0.00,0.00,1576.60,8.95,0,0.00,0,0,06-JAN-2025
OPTIDX,NIFTYNXT50,30-Jan-2025,2025-01-30,64800.00,CE,0.00,0.00,0.00,7112.85,2885.60,0,0.00,0,0,06-JAN-2025
OPTIDX,NIFTYNXT50,30-Jan-2025,2025-01-30,64600.00,CE,0.00,0.00,0.00,7263.95,3041.50,0,0.00,0,0,06-JAN-2025
OPTIDX,NIFTYNXT50,27-Feb-2025,2025-02-27,72700.00,CE,0.00,0.00,0.00,2878.50,410.70,0,0.00,0,0,06-JAN-2025
OPTIDX,NIFTYNXT50,27-Mar-2025,2025-03-27,72700.00,PE,0.00,0.00,0.00,4736.80,5440.20,0,0.00,0,0,06-JAN-2025
OPTIDX,NIFTYNXT50,30-Jan-2025,2025-01-30,70900.00,CE,0.00,0.00,0.00,3346.05,243.20,0,0.00,0,0,06-JAN-2025
OPTIDX,NIFTYNXT50,27-Feb-2025,2025-02-27,70900.00,PE,0.00,0.00,0.00,2664.05,3981.55,0,0.00,0,0,06-JAN-2025
OPTIDX,NIFTYNXT50,30-Jan-2025,2025-01-30,72700.00,CE,0.00,0.00,0.00,2565.55,81.50,0,0.00,0,0,06-JAN-2025
OPTIDX,NIFTYNXT50,27-Mar-2025,2025-03-27,78000.00,PE,0.00,0.00,0.00,8734.75,10026.90,0,0.00,0,0,06-JAN-2025
OPTIDX,NIFTYNXT50,27-Feb-2025,2025-02-27,78000.00,CE,0.00,0.00,0.00,1182.45,45.40,0,0.00,0,0,06-JAN-2025
OPTIDX,NIFTYNXT50,30-Jan-2025,2025-01-30,78000.00,PE,0.00,0.00,0.00,7852.10,10659.00,0,0.00,0,0,06-JAN-2025
OPTIDX,NIFTYNXT50,30-Jan-2025,2025-01-30,81500.00,PE,0.00,0.00,0.00,10767.65,14142.30,0,0.00,0,0,06-JAN-2025
OPTIDX,NIFTYNXT50,30-Jan-2025,2025-01-30,81500.00,CE,0.00,0.00,0.00,529.85,0.05,0,0.00,0,0,06-JAN-2025
OPTIDX,NIFTYNXT50,27-Feb-2025,2025-02-27,81500.00,CE,0.00,0.00,0.00,593.75,7.75,0,0.00,0,0,06-JAN-2025
OPTIDX,NIFTYNXT50,27-Feb-2025,2025-02-27,82500.00,CE,0.00,0.00,0.00,481.30,4.50,0,0.00,0,0,06-JAN-2025
OPTIDX,NIFTYNXT50,27-Mar-2025,2025-03-27,64300.00,PE,0.00,0.00,0.00,981.30,932.70,0,0.00,0,0,06-JAN-2025
OPTIDX,NIFTYNXT50,27-Feb-2025,2025-02-27,71400.00,CE,0.00,0.00,0.00,3485.15,643.15,0,0.00,0,0,06-JAN-2025
OPTIDX,NIFTYNXT50,27-Feb-2025,2025-02-27,71400.00,PE,0.00,0.00,0.00,2900.35,4363.05,0,0.00,0,0,06-JAN-2025
OPTIDX,NIFTYNXT50,27-Mar-2025,2025-03-27,71400.00,PE,0.00,0.00,0.00,3927.60,4471.50,0,0.00,0,0,06-JAN-2025
OPTIDX,NIFTYNXT50,30-Jan-2025,2025-01-30,71400.00,CE,0.00,0.00,0.00,3114.30,182.65,0,0.00,0,0,06-JAN-2025
OPTSTK,PERSISTENT,30-Jan-2025,2025-01-30,5600.00,PE,18.95,39.40,16.90,37.70,37.70,136,765.88225,30800,1200,06-JAN-2025
OPTSTK,PERSISTENT,30-Jan-2025,2025-01-30,6700.00,CE,114.60,134.00,88.30,92.75,92.75,521,3547.43785,46800,3400,06-JAN-2025
OPTSTK,PERSISTENT,27-Feb-2025,2025-02-27,6700.00,CE,0.00,0.00,0.00,321.00,171.65,0,0.00,0,0,06-JAN-2025
OPTSTK,PERSISTENT,30-Jan-2025,2025-01-30,7600.00,PE,0.00,0.00,0.00,2118.40,1257.65,0,0.00,0,0,06-JAN-2025
OPTSTK,PERSISTENT,30-Jan-2025,2025-01-30,6500.00,PE,230.00,358.45,223.70,353.15,353.15,322,2186.0302,26800,-6100,06-JAN-2025
OPTSTK,PERSISTENT,30-Jan-2025,2025-01-30,6900.00,PE,0.00,0.00,0.00,555.20,598.75,0,0.00,1200,0,06-JAN-2025
OPTSTK,PERSISTENT,30-Jan-2025,2025-01-30,7200.00,PE,0.00,0.00,0.00,821.60,870.40,0,0.00,500,0,06-JAN-2025
OPTSTK,PERSISTENT,27-Mar-2025,2025-03-27,5400.00,PE,0.00,0.00,0.00,102.65,52.35,0,0.00,0,0,06-JAN-2025
OPTSTK,PERSISTENT,27-Feb-2025,2025-02-27,6200.00,PE,250.00,250.00,250.00,250.00,218.00,1,6.45,100,100,06-JAN-2025
OPTSTK,PERSISTENT,30-Jan-2025,2025-01-30,6000.00,PE,71.70,120.15,57.00,117.50,117.50,882,5381.84065,61900,-1000,06-JAN-2025
OPTSTK,PERSISTENT,30-Jan-2025,2025-01-30,6000.00,CE,485.30,490.00,406.25,414.35,414.35,18,115.7787,23800,-200,06-JAN-2025
OPTSTK,PERSISTENT,30-Jan-2025,2025-01-30,5800.00,PE,35.15,70.35,30.25,67.35,67.35,400,2344.0445,51000,4700,06-JAN-2025
OPTSTK,PERSISTENT,27-Mar-2025,2025-03-27,5800.00,CE,0.00,0.00,0.00,901.80,728.80,0,0.00,0,0,06-JAN-2025
FUTSTK,PERSISTENT,27-Feb-2025,2025-02-27,,,6470.00,6512.30,6310.15,6322.00,6322.00,106,676.859,30000,500,06-JAN-2025
OPTSTK,PERSISTENT,30-Jan-2025,2025-01-30,6200.00,PE,110.05,192.90,102.00,188.70,188.70,733,4669.9235,45700,1900,06-JAN-2025
OPTSTK,PERSISTENT,30-Jan-2025,2025-01-30,6300.00,PE,153.10,241.80,135.00,232.65,232.65,880,5727.0237,48300,-5300,06-JAN-2025
OPTSTK,PERSISTENT,27-Feb-2025,2025-02-27,7500.00,CE,0.00,0.00,0.00,112.35,31.90,0,0.00,0,0,06-JAN-2025
OPTSTK,PERSISTENT,30-Jan-2025,2025-01-30,5600.00,CE,0.00,0.00,0.00,853.00,748.90,0,0.00,1500,0,06-JAN-2025
OPTSTK,PERSISTENT,27-Feb-2025,2025-02-27,5400.00,CE,0.00,0.00,0.00,748.20,988.60,0,0.00,0,0,06-JAN-2025
OPTSTK,PERSISTENT,27-Feb-2025,2025-02-27,7000.00,PE,0.00,0.00,0.00,1195.90,718.15,0,0.00,0,0,06-JAN-2025
OPTSTK,PERSISTENT,30-Jan-2025,2025-01-30,6100.00,PE,98.00,153.35,75.10,149.80,149.80,148,921.96385,19300,-1000,06-JAN-2025
OPTSTK,PERSISTENT,27-Feb-2025,2025-02-27,5700.00,PE,0.00,0.00,0.00,120.50,66.60,0,0.00,0,0,06-JAN-2025
OPTSTK,PERSISTENT,30-Jan-2025,2025-01-30,6800.00,PE,0.00,0.00,0.00,474.75,515.05,0,0.00,2600,0,06-JAN-2025
OPTSTK,PERSISTENT,27-Feb-2025,2025-02-27,6800.00,CE,0.00,0.00,0.00,181.20,142.60,0,0.00,0,0,06-JAN-2025
OPTSTK,PERSISTENT,30-Jan-2025,2025-01-30,6200.00,CE,298.30,298.30,286.65,287.35,287.35,6,38.945,14100,-200,06-JAN-2025
OPTSTK,PERSISTENT,30-Jan-2025,2025-01-30,5900.00,CE,523.45,523.45,523.45,523.45,487.75,1,6.42345,400,0,06-JAN-2025
OPTSTK,PERSISTENT,27-Feb-2025,2025-02-27,6300.00,PE,0.00,0.00,0.00,232.15,263.45,0,0.00,200,0,06-JAN-2025
OPTSTK,PERSISTENT,27-Feb-2025,2025-02-27,6900.00,CE,0.00,0.00,0.00,251.45,117.60,0,0.00,0,0,06-JAN-2025
OPTSTK,PERSISTENT,30-Jan-2025,2025-01-30,6900.00,CE,68.90,79.20,52.30,56.15,56.15,375,2611.87805,28000,5400,06-JAN-2025
OPTSTK,PERSISTENT,27-Mar-2025,2025-03-27,6200.00,PE,0.00,0.00,0.00,347.85,273.15,0,0.00,0,0,06-JAN-2025
OPTSTK,PERSISTENT,27-Feb-2025,2025-02-27,6300.00,CE,0.00,0.00,0.00,502.55,334.85,0,0.00,0,0,06-JAN-2025
OPTSTK,INFY,27-Feb-2025,2025-02-27,2160.00,PE,0.00,0.00,0.00,290.85,213.35,0,0.00,0,0,06-JAN-2025
OPTSTK,INFY,27-Feb-2025,2025-02-27,1780.00,CE,0.00,0.00,0.00,179.55,186.75,0,0.00,0,0,06-JAN-2025
OPTSTK,INFY,27-Feb-2025,2025-02-27,2160.00,CE,0.00,0.00,0.00,26.45,11.90,0,0.00,0,0,06-JAN-2025
OPTSTK,INFY,30-Jan-2025,2025-01-30,1880.00,PE,23.75,29.65,18.40,28.15,28.15,1554,11843.1514,700400,23200,06-JAN-2025
OPTSTK,INFY,27-Feb-2025,2025-02-27,1760.00,CE,0.00,0.00,0.00,178.30,203.85,0,0.00,0,0,06-JAN-2025
OPTSTK,INFY,30-Jan-2025,2025-01-30,2160.00,CE,4.20,5.10,3.65,4.05,4.05,1356,11738.796,328800,16400,06-JAN-2025
OPTSTK,INFY,27-Mar-2025,2025-03-27,1880.00,PE,0.00,0.00,0.00,75.90,47.00,0,0.00,0,0,06-JAN-2025
OPTSTK,INFY,27-Feb-2025,2025-02-27,1640.00,PE,0.00,0.00,0.00,20.40,1.35,0,0.00,0,0,06-JAN-2025
OPTSTK,INFY,30-Jan-2025,2025-01-30,2280.00,CE,1.10,1.45,0.90,1.15,1.15,192,1751.9012,145600,6000,06-JAN-2025
OPTSTK,INFY,30-Jan-2025,2025-01-30,1960.00,CE,45.50,59.70,40.55,45.40,45.40,12032,96661.5208,3386000,48800,06-JAN-2025
OPTSTK,INFY,30-Jan-2025,2025-01-30,1840.00,PE,14.90,19.50,11.50,18.55,18.55,1421,10548.5804,534000,-5200,06-JAN-2025
OPTSTK,INFY,27-Feb-2025,2025-02-27,2200.00,PE,0.00,0.00,0.00,300.00,248.90,0,0.00,400,0,06-JAN-2025
OPTSTK,INFY,27-Feb-2025,2025-02-27,2120.00,PE,0.00,0.00,0.00,258.35,179.50,0,0.00,0,0,06-JAN-2025
OPTSTK,INFY,27-Mar-2025,2025-03-27,2120.00,PE,0.00,0.00,0.00,218.65,183.35,0,0.00,0,0,06-JAN-2025
OPTSTK,INFY,30-Jan-2025,2025-01-30,2120.00,CE,6.40,8.55,5.90,6.60,6.60,1059,9009.4486,235600,10400,06-JAN-2025
OPTSTK,INFY,27-Feb-2025,2025-02-27,1720.00,CE,0.00,0.00,0.00,205.75,239.50,0,0.00,0,0,06-JAN-2025
OPTSTK,INFY,27-Mar-2025,2025-03-27,1720.00,CE,0.00,0.00,0.00,244.55,253.75,0,0.00,0,0,06-JAN-2025
OPTSTK,INFY,30-Jan-2025,2025-01-30,1740.00,CE,0.00,0.00,0.00,166.00,206.90,0,0.00,3200,0,06-JAN-2025
OPTSTK,INFY,30-Jan-2025,2025-01-30,1640.00,CE,0.00,0.00,0.00,280.00,305.20,0,0.00,3600,0,06-JAN-2025
OPTSTK,INFY,27-Feb-2025,2025-02-27,2100.00,CE,24.00,26.65,20.20,23.55,23.55,266,2260.1894,114400,69600,06-JAN-2025
OPTSTK,INFY,30-Jan-2025,2025-01-30,2280.00,PE,0.00,0.00,0.00,486.05,332.20,0,0.00,0,0,06-JAN-2025
OPTSTK,INFY,27-Feb-2025,2025-02-27,2240.00,PE,0.00,0.00,0.00,359.30,285.70,0,0.00,0,0,06-JAN-2025
OPTSTK,INFY,27-Feb-2025,2025-02-27,2140.00,CE,0.00,0.00,0.00,23.80,14.50,0,0.00,0,0,06-JAN-2025
OPTSTK,INFY,27-Feb-2025,2025-02-27,1560.00,CE,0.00,0.00,0.00,334.55,393.05,0,0.00,0,0,06-JAN-2025
OPTSTK,INFY,27-Mar-2025,2025-03-27,1960.00,PE,0.00,0.00,0.00,114.70,81.30,0,0.00,0,0,06-JAN-2025
OPTSTK,INFY,27-Feb-2025,2025-02-27,1960.00,PE,0.00,0.00,0.00,90.05,70.05,0,0.00,400,0,06-JAN-2025
OPTSTK,INFY,30-Jan-2025,2025-01-30,1600.00,PE,1.20,1.40,0.35,1.30,1.30,299,1914.9244,409200,-12000,06-JAN-2025
OPTSTK,INFY,27-Feb-2025,2025-02-27,1820.00,PE,0.00,0.00,0.00,41.20,19.20,0,0.00,0,0,06-JAN-2025
OPTSTK,INFY,27-Mar-2025,2025-03-27,1920.00,PE,0.00,0.00,0.00,94.15,62.70,0,0.00,0,0,06-JAN-2025
OPTSTK,INFY,27-Mar-2025,2025-03-27,1920.00,CE,0.00,0.00,0.00,116.20,108.70,0,0.00,400,0,06-JAN-2025
OPTSTK,INFY,30-Jan-2025,2025-01-30,1920.00,CE,69.45,85.80,62.10,67.95,67.95,2002,15937.5872,581200,43600,06-JAN-2025
OPTSTK,INFY,30-Jan-2025,2025-01-30,2120.00,PE,180.10,180.10,180.10,180.10,177.00,1,9.2004,2000,-400,06-JAN-2025
OPTSTK,INFY,27-Feb-2025,2025-02-27,2120.00,CE,0.00,0.00,0.00,33.25,17.65,0,0.00,0,0,06-JAN-2025
OPTSTK,DIXON,27-Mar-2025,2025-03-27,18500.00,PE,0.00,0.00,0.00,1744.10,1398.85,0,0.00,0,0,06-JAN-2025
OPTSTK,DIXON,27-Feb-2025,2025-02-27,16250.00,PE,0.00,0.00,0.00,553.00,305.00,0,0.00,0,0,06-JAN-2025
OPTSTK,DIXON,27-Feb-2025,2025-02-27,17000.00,CE,0.00,0.00,0.00,1029.90,1720.80,0,0.00,0,0,06-JAN-2025
OPTSTK,DIXON,30-Jan-2025,2025-01-30,20250.00,CE,180.00,194.00,99.30,113.30,113.30,649,6619.85745,17300,5200,06-JAN-2025
OPTSTK,DIXON,27-Feb-2025,2025-02-27,20250.00,CE,0.00,0.00,0.00,691.85,374.20,0,0.00,0,0,06-JAN-2025
OPTSTK,DIXON,30-Jan-2025,2025-01-30,16750.00,CE,0.00,0.00,0.00,1762.15,1569.05,0,0.00,200,0,06-JAN-2025
OPTSTK,DIXON,27-Feb-2025,2025-02-27,18750.00,CE,0.00,0.00,0.00,1186.15,814.35,0,0.00,0,0,06-JAN-2025
OPTSTK,DIXON,30-Jan-2025,2025-01-30,18750.00,PE,700.00,1099.00,633.70,1041.20,1041.20,684,6676.80052,12350,2500,06-JAN-2025
OPTSTK,DIXON,30-Jan-2025,2025-01-30,16000.00,PE,54.80,110.40,46.45,102.45,102.45,2946,23688.2278,58900,5750,06-JAN-2025
OPTSTK,DIXON,27-Mar-2025,2025-03-27,16000.00,PE,0.00,0.00,0.00,668.35,399.15,0,0.00,0,0,06-JAN-2025
OPTSTK,DIXON,30-Jan-2025,2025-01-30,16750.00,PE,115.05,231.05,97.05,212.35,212.35,494,4176.74805,11450,-4100,06-JAN-2025
OPTSTK,DIXON,30-Jan-2025,2025-01-30,19500.00,PE,1086.85,1674.10,1086.85,1660.85,1660.85,165,1707.063,10150,4950,06-JAN-2025
OPTSTK,DIXON,27-Mar-2025,2025-03-27,19500.00,PE,0.00,0.00,0.00,2335.85,2005.75,0,0.00,0,0,06-JAN-2025
OPTSTK,DIXON,27-Feb-2025,2025-02-27,20250.00,PE,0.00,0.00,0.00,2649.80,2392.70,0,0.00,0,0,06-JAN-2025
OPTSTK,DIXON,30-Jan-2025,2025-01-30,12000.00,PE,12.00,12.55,9.50,12.10,12.10,23,138.1163,4150,-750,06-JAN-2025
OPTSTK,DIXON,27-Mar-2025,2025-03-27,16500.00,PE,0.00,0.00,0.00,834.95,539.10,0,0.00,0,0,06-JAN-2025
OPTSTK,DIXON,27-Feb-2025,2025-02-27,19250.00,PE,0.00,0.00,0.00,1967.85,1665.05,0,0.00,0,0,06-JAN-2025
OPTSTK,DIXON,30-Jan-2025,2025-01-30,16500.00,CE,2003.45,2003.45,1680.00,1680.00,1680.00,2,18.341725,150,0,06-JAN-2025
OPTSTK,DIXON,27-Mar-2025,2025-03-27,20000.00,PE,0.00,0.00,0.00,2662.50,2348.25,0,0.00,0,0,06-JAN-2025
OPTSTK,DIXON,30-Jan-2025,2025-01-30,19250.00,CE,413.95,455.00,250.00,280.50,280.50,1668,16361.7993,25100,1550,06-JAN-2025
OPTSTK,DIXON,27-Mar-2025,2025-03-27,16500.00,CE,0.00,0.00,0.00,2671.10,2319.15,0,0.00,0,0,06-JAN-2025
OPTSTK,DIXON,30-Jan-2025,2025-01-30,18000.00,PE,431.00,688.50,331.30,627.80,627.80,5956,55093.3971,120750,2100,06-JAN-2025
OPTSTK,DIXON,27-Feb-2025,2025-02-27,18000.00,CE,1211.30,1300.00,1111.00,1113.00,1113.00,74,712.412675,3150,1800,06-JAN-2025
OPTSTK,DIXON,30-Jan-2025,2025-01-30,18000.00,CE,940.60,1111.35,672.30,724.65,724.65,2799,26407.7623,68550,-800,06-JAN-2025
OPTSTK,DIXON,27-Feb-2025,2025-02-27,17500.00,CE,0.00,0.00,0.00,872.35,1414.65,0,0.00,0,0,06-JAN-2025
OPTSTK,DIXON,27-Feb-2025,2025-02-27,17500.00,PE,454.95,652.80,454.95,650.60,709.45,9,81.3645,250,200,06-JAN-2025
OPTSTK,DIXON,30-Jan-2025,2025-01-30,14750.00,PE,20.00,27.35,20.00,25.95,10.85,14,103.42015,2400,0,06-JAN-2025
OPTSTK,DIXON,30-Jan-2025,2025-01-30,18750.00,CE,595.95,671.35,384.35,414.85,414.85,3730,36023.7719,41750,3450,06-JAN-2025
OPTSTK,DIXON,27-Mar-2025,2025-03-27,18000.00,CE,0.00,0.00,0.00,1844.55,1440.35,0,0.00,0,0,06-JAN-2025
OPTSTK,DIXON,30-Jan-2025,2025-01-30,15500.00,PE,22.00,66.50,20.85,60.05,60.05,684,5317.51917,26400,2000,06-JAN-2025
OPTSTK,DIXON,30-Jan-2025,2025-01-30,15500.00,CE,0.00,0.00,0.00,2416.30,2646.30,0,0.00,1750,0,06-JAN-2025
FUTSTK,IDFCFIRSTB,27-Feb-2025,2025-02-27,,,66.26,66.53,62.69,62.97,62.97,1771,8497.85775,28875000,5647500,06-JAN-2025
FUTSTK,IDFCFIRSTB,30-Jan-2025,2025-01-30,,,65.90,66.37,62.50,62.78,62.78,14920,71663.838,440827500,5415000,06-JAN-2025
OPTSTK,IDFCFIRSTB,30-Jan-2025,2025-01-30,68.00,PE,3.50,5.80,3.35,5.70,5.70,177,959.37,1065000,0,06-JAN-2025
OPTSTK,IDFCFIRSTB,27-Feb-2025,2025-02-27,70.00,CE,1.55,1.55,0.95,0.95,0.95,201,1072.60875,2137500,292500,06-JAN-2025
OPTSTK,IDFCFIRSTB,27-Feb-2025,2025-02-27,59.00,CE,0.00,0.00,0.00,5.30,5.15,0,0.00,0,0,06-JAN-2025
OPTSTK,IDFCFIRSTB,27-Mar-2025,2025-03-27,72.00,PE,0.00,0.00,0.00,10.20,9.10,0,0.00,0,0,06-JAN-2025
OPTSTK,IDFCFIRSTB,27-Mar-2025,2025-03-27,68.00,CE,0.00,0.00,0.00,2.20,1.60,0,0.00,0,0,06-JAN-2025
OPTSTK,IDFCFIRSTB,27-Feb-2025,2025-02-27,68.00,PE,5.95,5.95,5.95,5.95,5.70,1,5.54625,7500,0,06-JAN-2025
OPTSTK,IDFCFIRSTB,27-Feb-2025,2025-02-27,68.00,CE,0.00,0.00,0.00,3.20,0.95,0,0.00,0,0,06-JAN-2025
OPTSTK,IDFCFIRSTB,30-Jan-2025,2025-01-30,55.00,PE,0.15,0.25,0.10,0.25,0.25,353,1461.07125,3247500,-367500,06-JAN-2025
OPTSTK,IDFCFIRSTB,27-Feb-2025,2025-02-27,66.00,CE,1.80,1.80,1.80,1.80,1.50,1,5.085,7500,7500,06-JAN-2025
OPTSTK,IDFCFIRSTB,30-Jan-2025,2025-01-30,66.00,PE,2.00,4.20,1.90,4.10,4.10,661,3422.26875,2445000,-45000,06-JAN-2025
OPTSTK,IDFCFIRSTB,30-Jan-2025,2025-01-30,80.00,PE,16.90,16.90,16.90,16.90,17.05,1,7.2675,45000,0,06-JAN-2025
OPTSTK,IDFCFIRSTB,27-Mar-2025,2025-03-27,70.00,PE,0.00,0.00,0.00,8.65,7.50,0,0.00,0,0,06-JAN-2025
OPTSTK,IDFCFIRSTB,30-Jan-2025,2025-01-30,70.00,PE,4.65,7.70,4.65,7.35,7.35,95,541.91625,5617500,0,06-JAN-2025
OPTSTK,IDFCFIRSTB,30-Jan-2025,2025-01-30,65.00,PE,1.65,3.60,1.45,3.35,3.35,1479,7486.76625,8070000,217500,06-JAN-2025
OPTSTK,IDFCFIRSTB,27-Feb-2025,2025-02-27,57.00,CE,0.00,0.00,0.00,6.70,6.70,0,0.00,0,0,06-JAN-2025
OPTSTK,IDFCFIRSTB,27-Feb-2025,2025-02-27,59.00,PE,0.00,0.00,0.00,1.85,0.95,0,0.00,0,0,06-JAN-2025
OPTSTK,IDFCFIRSTB,27-Feb-2025,2025-02-27,56.00,PE,0.00,0.00,0.00,0.95,0.35,0,0.00,0,0,06-JAN-2025
OPTSTK,IDFCFIRSTB,27-Mar-2025,2025-03-27,56.00,PE,0.00,0.00,0.00,1.30,0.65,0,0.00,0,0,06-JAN-2025
OPTSTK,IDFCFIRSTB,30-Jan-2025,2025-01-30,56.00,PE,0.15,0.35,0.15,0.30,0.30,334,1409.40375,3480000,772500,06-JAN-2025
OPTSTK,IDFCFIRSTB,27-Feb-2025,2025-02-27,56.00,CE,0.00,0.00,0.00,10.20,7.50,0,0.00,0,0,06-JAN-2025
OPTSTK,IDFCFIRSTB,30-Jan-2025,2025-01-30,56.00,CE,7.30,7.40,6.95,6.95,6.95,13,61.64625,75000,0,06-JAN-2025
OPTSTK,IDFCFIRSTB,27-Mar-2025,2025-03-27,72.00,CE,0.00,0.00,0.00,1.25,0.75,0,0.00,0,0,06-JAN-2025
FUTSTK,IDFCFIRSTB,27-Mar-2025,2025-03-27,,,66.29,66.58,62.93,63.17,63.17,273,1313.80575,3390000,1537500,06-JAN-2025
OPTSTK,IDFCFIRSTB,27-Feb-2025,2025-02-27,65.00,PE,2.95,4.40,2.95,4.20,4.20,26,134.22,307500,120000,06-JAN-2025
OPTSTK,IDFCFIRSTB,30-Jan-2025,2025-01-30,65.00,CE,2.50,2.75,1.15,1.25,1.25,4526,22646.9737,16785000,2340000,06-JAN-2025
OPTSTK,IDFCFIRSTB,27-Feb-2025,2025-02-27,69.00,PE,0.00,0.00,0.00,5.40,6.50,0,0.00,22500,0,06-JAN-2025
OPTSTK,IDFCFIRSTB,27-Mar-2025,2025-03-27,62.00,CE,0.00,0.00,0.00,4.50,4.00,0,0.00,0,0,06-JAN-2025
OPTSTK,IDFCFIRSTB,30-Jan-2025,2025-01-30,62.00,PE,0.75,1.90,0.70,1.75,1.75,2136,10147.8675,10200000,1012500,06-JAN-2025
OPTSTK,IDFCFIRSTB,27-Feb-2025,2025-02-27,66.00,PE,5.05,5.05,5.05,5.05,4.25,1,5.32875,37500,7500,06-JAN-2025
OPTSTK,NYKAA,27-Mar-2025,2025-03-27,160.00,PE,0.00,0.00,0.00,11.50,5.15,0,0.00,0,0,06-JAN-2025
OPTSTK,NYKAA,30-Jan-2025,2025-01-30,180.00,PE,11.70,13.75,9.75,11.60,11.60,171,966.002575,194700,159300,06-JAN-2025
OPTSTK,NYKAA,30-Jan-2025,2025-01-30,170.00,CE,6.45,9.20,5.90,7.20,7.20,3578,18734.2906,1203600,-737500,06-JAN-2025
OPTSTK,NYKAA,30-Jan-2025,2025-01-30,172.50,PE,6.90,8.90,5.60,7.00,7.00,588,3106.7217,312700,256650,06-JAN-2025
OPTSTK,NYKAA,27-Feb-2025,2025-02-27,172.50,PE,0.00,0.00,0.00,16.85,8.65,0,0.00,0,0,06-JAN-2025
OPTSTK,NYKAA,30-Jan-2025,2025-01-30,182.50,PE,12.70,12.70,12.70,12.70,12.65,2,11.5168,5900,5900,06-JAN-2025
OPTSTK,NYKAA,30-Jan-2025,2025-01-30,152.50,CE,20.75,20.75,19.80,19.80,20.25,2,10.193725,11800,2950,06-JAN-2025
OPTSTK,NYKAA,27-Feb-2025,2025-02-27,152.50,PE,0.00,0.00,0.00,6.45,1.90,0,0.00,0,0,06-JAN-2025
OPTSTK,NYKAA,27-Feb-2025,2025-02-27,182.50,CE,0.00,0.00,0.00,4.60,5.35,0,0.00,0,0,06-JAN-2025
OPTSTK,NYKAA,27-Mar-2025,2025-03-27,145.00,CE,0.00,0.00,0.00,23.95,30.30,0,0.00,0,0,06-JAN-2025
OPTSTK,NYKAA,27-Feb-2025,2025-02-27,167.50,CE,0.00,0.00,0.00,9.20,11.90,0,0.00,0,0,06-JAN-2025
OPTSTK,NYKAA,30-Jan-2025,2025-01-30,167.50,CE,7.95,10.70,6.85,8.60,8.60,276,1436.13965,174050,-103250,06-JAN-2025
OPTSTK,NYKAA,27-Mar-2025,2025-03-27,140.00,PE,0.00,0.00,0.00,4.10,1.05,0,0.00,0,0,06-JAN-2025
OPTSTK,NYKAA,30-Jan-2025,2025-01-30,195.00,CE,0.85,1.40,0.65,0.80,0.80,614,3548.65972,424800,115050,06-JAN-2025
OPTSTK,NYKAA,27-Feb-2025,2025-02-27,195.00,CE,0.00,0.00,0.00,8.15,2.40,0,0.00,0,0,06-JAN-2025
OPTSTK,NYKAA,27-Feb-2025,2025-02-27,185.00,CE,0.00,0.00,0.00,11.45,4.60,0,0.00,0,0,06-JAN-2025
OPTSTK,NYKAA,27-Feb-2025,2025-02-27,185.00,PE,0.00,0.00,0.00,19.10,16.30,0,0.00,0,0,06-JAN-2025
OPTSTK,NYKAA,30-Jan-2025,2025-01-30,157.50,PE,2.20,2.20,1.20,1.65,1.65,31,145.542675,50150,35400,06-JAN-2025
OPTSTK,NYKAA,30-Jan-2025,2025-01-30,145.00,CE,0.00,0.00,0.00,21.05,27.30,0,0.00,2950,0,06-JAN-2025
OPTSTK,NYKAA,27-Mar-2025,2025-03-27,155.00,PE,0.00,0.00,0.00,9.20,3.70,0,0.00,0,0,06-JAN-2025
OPTSTK,NYKAA,30-Jan-2025,2025-01-30,155.00,PE,1.35,2.00,1.00,1.35,1.35,444,2046.84127,539850,141600,06-JAN-2025
OPTSTK,NYKAA,30-Jan-2025,2025-01-30,155.00,CE,16.50,17.65,16.50,17.65,18.05,3,15.214625,20650,2950,06-JAN-2025
OPTSTK,NYKAA,30-Jan-2025,2025-01-30,182.50,CE,3.45,3.70,2.15,2.60,2.60,460,2516.44735,147500,20650,06-JAN-2025
OPTSTK,NYKAA,27-Feb-2025,2025-02-27,182.50,PE,0.00,0.00,0.00,23.95,14.60,0,0.00,0,0,06-JAN-2025
OPTSTK,NYKAA,27-Feb-2025,2025-02-27,177.50,PE,0.00,0.00,0.00,20.25,11.40,0,0.00,0,0,06-JAN-2025
OPTSTK,NYKAA,30-Jan-2025,2025-01-30,177.50,CE,4.35,6.15,3.25,3.95,3.95,1112,5968.49752,386450,138650,06-JAN-2025
OPTSTK,NYKAA,30-Jan-2025,2025-01-30,200.00,CE,0.70,0.80,0.30,0.50,0.50,1089,6444.22337,802400,587050,06-JAN-2025
OPTSTK,NYKAA,30-Jan-2025,2025-01-30,142.50,CE,0.00,0.00,0.00,34.80,29.70,0,0.00,0,0,06-JAN-2025
OPTSTK,NYKAA,30-Jan-2025,2025-01-30,142.50,PE,0.00,0.00,0.00,0.50,0.10,0,0.00,44250,0,06-JAN-2025
OPTSTK,NYKAA,27-Mar-2025,2025-03-27,175.00,CE,0.00,0.00,0.00,9.05,10.70,0,0.00,0,0,06-JAN-2025
OPTSTK,NYKAA,27-Feb-2025,2025-02-27,140.00,PE,0.00,0.00,0.00,1.45,0.45,0,0.00,20650,0,06-JAN-2025
OPTSTK,NYKAA,27-Mar-2025,2025-03-27,140.00,CE,0.00,0.00,0.00,27.45,34.60,0,0.00,0,0,06-JAN-2025
OPTSTK,LODHA,27-Feb-2025,2025-02-27,1520.00,CE,0.00,0.00,0.00,60.95,35.15,0,0.00,0,0,06-JAN-2025
OPTSTK,LODHA,27-Feb-2025,2025-02-27,1340.00,PE,0.00,0.00,0.00,78.60,79.15,0,0.00,0,0,06-JAN-2025
OPTSTK,LODHA,27-Feb-2025,2025-02-27,1240.00,PE,0.00,0.00,0.00,105.15,38.70,0,0.00,0,0,06-JAN-2025
OPTSTK,LODHA,27-Feb-2025,2025-02-27,1600.00,CE,0.00,0.00,0.00,45.00,20.75,0,0.00,0,0,06-JAN-2025
OPTSTK,LODHA,27-Mar-2025,2025-03-27,1600.00,PE,0.00,0.00,0.00,246.10,268.35,0,0.00,0,0,06-JAN-2025
OPTSTK,LODHA,30-Jan-2025,2025-01-30,1480.00,CE,37.00,37.00,16.50,17.15,17.15,170,1148.62252,56250,22950,06-JAN-2025
OPTSTK,LODHA,30-Jan-2025,2025-01-30,1600.00,PE,0.00,0.00,0.00,333.95,251.65,0,0.00,0,0,06-JAN-2025
OPTSTK,LODHA,27-Feb-2025,2025-02-27,1200.00,PE,0.00,0.00,0.00,87.05,27.40,0,0.00,0,0,06-JAN-2025
OPTSTK,LODHA,30-Jan-2025,2025-01-30,1200.00,PE,3.05,13.85,3.05,12.10,12.10,154,838.531575,88650,5850,06-JAN-2025
OPTSTK,LODHA,27-Mar-2025,2025-03-27,1200.00,CE,0.00,0.00,0.00,284.05,205.30,0,0.00,0,0,06-JAN-2025
OPTSTK,LODHA,30-Jan-2025,2025-01-30,1640.00,CE,8.45,8.45,2.15,2.95,2.95,515,3812.74605,115200,4500,06-JAN-2025
OPTSTK,LODHA,30-Jan-2025,2025-01-30,1160.00,CE,0.00,0.00,0.00,181.40,196.90,0,0.00,0,0,06-JAN-2025
OPTSTK,LODHA,27-Feb-2025,2025-02-27,1600.00,PE,0.00,0.00,0.00,343.35,259.30,0,0.00,0,0,06-JAN-2025
OPTSTK,LODHA,27-Feb-2025,2025-02-27,1300.00,CE,0.00,0.00,0.00,193.35,119.45,0,0.00,0,0,06-JAN-2025
OPTSTK,LODHA,27-Mar-2025,2025-03-27,1120.00,PE,0.00,0.00,0.00,29.15,22.20,0,0.00,0,0,06-JAN-2025
OPTSTK,LODHA,27-Mar-2025,2025-03-27,1120.00,CE,0.00,0.00,0.00,343.45,264.80,0,0.00,0,0,06-JAN-2025
OPTSTK,LODHA,30-Jan-2025,2025-01-30,1360.00,CE,73.95,73.95,56.50,56.50,56.50,47,300.777975,31500,11700,06-JAN-2025
OPTSTK,LODHA,27-Mar-2025,2025-03-27,1360.00,CE,0.00,0.00,0.00,185.70,113.10,0,0.00,0,0,06-JAN-2025
OPTSTK,LODHA,27-Feb-2025,2025-02-27,1300.00,PE,0.00,0.00,0.00,63.00,60.85,0,0.00,0,0,06-JAN-2025
OPTSTK,LODHA,27-Mar-2025,2025-03-27,1680.00,PE,0.00,0.00,0.00,303.90,334.45,0,0.00,0,0,06-JAN-2025
OPTSTK,LODHA,30-Jan-2025,2025-01-30,1480.00,PE,0.00,0.00,0.00,105.90,146.30,0,0.00,900,0,06-JAN-2025
OPTSTK,LODHA,30-Jan-2025,2025-01-30,1400.00,CE,80.00,86.95,36.70,38.00,38.00,1040,6800.30572,180900,46800,06-JAN-2025
OPTSTK,LODHA,27-Mar-2025,2025-03-27,1480.00,CE,0.00,0.00,0.00,130.35,67.35,0,0.00,0,0,06-JAN-2025
OPTSTK,LODHA,27-Feb-2025,2025-02-27,1160.00,PE,0.00,0.00,0.00,70.85,18.65,0,0.00,0,0,06-JAN-2025
FUTSTK,LODHA,30-Jan-2025,2025-01-30,,,1415.40,1466.95,1346.65,1351.50,1351.50,2640,16562.8257,3372750,-115650,06-JAN-2025
OPTSTK,LODHA,30-Jan-2025,2025-01-30,1320.00,CE,0.00,0.00,0.00,86.80,77.10,0,0.00,3600,0,06-JAN-2025
FUTSTK,LODHA,27-Feb-2025,2025-02-27,,,1440.55,1454.05,1355.95,1357.85,1357.85,55,345.8799,23400,1800,06-JAN-2025
OPTSTK,LODHA,30-Jan-2025,2025-01-30,1600.00,CE,12.00,13.45,4.50,4.90,4.90,643,4651.03485,243000,45000,06-JAN-2025
OPTSTK,LODHA,27-Mar-2025,2025-03-27,1600.00,CE,0.00,0.00,0.00,89.05,38.00,0,0.00,0,0,06-JAN-2025
OPTSTK,LODHA,30-Jan-2025,2025-01-30,1280.00,CE,0.00,0.00,0.00,156.25,101.60,0,0.00,900,0,06-JAN-2025
OPTSTK,LODHA,30-Jan-2025,2025-01-30,1300.00,CE,125.00,125.00,90.00,91.20,88.85,24,150.719175,10800,5850,06-JAN-2025
OPTSTK,LODHA,27-Feb-2025,2025-02-27,1540.00,PE,0.00,0.00,0.00,187.45,210.05,0,0.00,0,0,06-JAN-2025
OPTSTK,INDIAMART,27-Feb-2025,2025-02-27,2600.00,CE,0.00,0.00,0.00,120.30,15.45,0,0.00,0,0,06-JAN-2025
OPTSTK,INDIAMART,30-Jan-2025,2025-01-30,2600.00,PE,0.00,0.00,0.00,360.00,414.40,0,0.00,900,0,06-JAN-2025
OPTSTK,INDIAMART,27-Feb-2025,2025-02-27,2600.00,PE,0.00,0.00,0.00,332.00,414.20,0,0.00,0,0,06-JAN-2025
OPTSTK,INDIAMART,30-Jan-2025,2025-01-30,2150.00,PE,38.00,38.10,36.45,36.45,61.20,4,26.25195,6600,-600,06-JAN-2025
OPTSTK,INDIAMART,30-Jan-2025,2025-01-30,2060.00,CE,0.00,0.00,0.00,227.85,154.80,0,0.00,0,0,06-JAN-2025
OPTSTK,INDIAMART,30-Jan-2025,2025-01-30,1920.00,PE,0.00,0.00,0.00,14.80,6.25,0,0.00,0,0,06-JAN-2025
OPTSTK,INDIAMART,27-Feb-2025,2025-02-27,2200.00,CE,0.00,0.00,0.00,249.60,114.20,0,0.00,600,0,06-JAN-2025
OPTSTK,INDIAMART,27-Feb-2025,2025-02-27,2160.00,PE,0.00,0.00,0.00,107.55,96.90,0,0.00,0,0,06-JAN-2025
OPTSTK,INDIAMART,27-Feb-2025,2025-02-27,2000.00,CE,0.00,0.00,0.00,431.10,234.45,0,0.00,0,0,06-JAN-2025
OPTSTK,INDIAMART,27-Feb-2025,2025-02-27,2080.00,PE,0.00,0.00,0.00,76.70,63.65,0,0.00,0,0,06-JAN-2025
OPTSTK,INDIAMART,27-Feb-2025,2025-02-27,2280.00,CE,0.00,0.00,0.00,146.15,81.20,0,0.00,0,0,06-JAN-2025
OPTSTK,INDIAMART,30-Jan-2025,2025-01-30,2460.00,PE,0.00,0.00,0.00,255.15,282.15,0,0.00,0,0,06-JAN-2025
OPTSTK,INDIAMART,30-Jan-2025,2025-01-30,2800.00,PE,0.00,0.00,0.00,515.00,611.45,0,0.00,600,0,06-JAN-2025
OPTSTK,INDIAMART,30-Jan-2025,2025-01-30,2060.00,PE,0.00,0.00,0.00,41.95,29.30,0,0.00,0,0,06-JAN-2025
OPTSTK,INDIAMART,30-Jan-2025,2025-01-30,2420.00,CE,32.90,32.90,32.90,32.90,13.50,2,14.7174,600,600,06-JAN-2025
OPTSTK,INDIAMART,30-Jan-2025,2025-01-30,2400.00,PE,226.00,226.00,226.00,226.00,229.15,1,7.878,5700,0,06-JAN-2025
OPTSTK,INDIAMART,30-Jan-2025,2025-01-30,2500.00,PE,0.00,0.00,0.00,226.45,318.95,0,0.00,8400,0,06-JAN-2025
OPTSTK,INDIAMART,27-Feb-2025,2025-02-27,2140.00,CE,0.00,0.00,0.00,217.55,144.60,0,0.00,0,0,06-JAN-2025
OPTSTK,INDIAMART,27-Feb-2025,2025-02-27,2420.00,CE,0.00,0.00,0.00,93.80,41.55,0,0.00,0,0,06-JAN-2025
OPTSTK,INDIAMART,30-Jan-2025,2025-01-30,2300.00,PE,109.10,158.15,99.85,158.15,149.60,114,828.41985,78900,-6300,06-JAN-2025
OPTSTK,INDIAMART,30-Jan-2025,2025-01-30,2300.00,CE,68.90,68.90,34.10,39.95,39.95,560,3939.4929,81300,13500,06-JAN-2025
OPTSTK,INDIAMART,27-Feb-2025,2025-02-27,2100.00,PE,0.00,0.00,0.00,80.75,71.15,0,0.00,0,0,06-JAN-2025
OPTSTK,INDIAMART,30-Jan-2025,2025-01-30,2560.00,CE,8.05,8.10,8.05,8.10,3.45,6,46.22565,1800,1800,06-JAN-2025
OPTSTK,INDIAMART,27-Feb-2025,2025-02-27,2560.00,CE,0.00,0.00,0.00,57.85,19.45,0,0.00,0,0,06-JAN-2025
OPTSTK,INDIAMART,30-Jan-2025,2025-01-30,2520.00,CE,0.00,0.00,0.00,11.90,5.25,0,0.00,900,0,06-JAN-2025
OPTSTK,INDIAMART,27-Feb-2025,2025-02-27,2520.00,CE,0.00,0.00,0.00,66.65,24.40,0,0.00,0,0,06-JAN-2025
OPTSTK,INDIAMART,27-Feb-2025,2025-02-27,2360.00,PE,0.00,0.00,0.00,212.95,217.05,0,0.00,0,0,06-JAN-2025
OPTSTK,INDIAMART,30-Jan-2025,2025-01-30,2200.00,PE,54.00,94.30,53.80,89.05,89.05,276,1883.8041,93600,-7500,06-JAN-2025
OPTSTK,INDIAMART,27-Feb-2025,2025-02-27,1880.00,CE,0.00,0.00,0.00,401.75,330.20,0,0.00,0,0,06-JAN-2025
OPTSTK,INDIAMART,30-Jan-2025,2025-01-30,2220.00,PE,98.00,98.05,87.75,92.20,97.15,14,97.21095,5100,3600,06-JAN-2025
OPTSTK,INDIAMART,30-Jan-2025,2025-01-30,1920.00,CE,0.00,0.00,0.00,339.70,271.10,0,0.00,0,0,06-JAN-2025
OPTSTK,TATACHEM,30-Jan-2025,2025-01-30,1040.00,PE,32.95,64.85,32.95,61.35,61.35,572,3435.59122,403700,-66550,06-JAN-2025
OPTSTK,LTF,27-Feb-2025,2025-02-27,137.50,CE,0.00,0.00,0.00,9.65,8.15,0,0.00,0,0,06-JAN-2025
OPTSTK,LTF,27-Feb-2025,2025-02-27,137.50,PE,0.00,0.00,0.00,8.60,5.90,0,0.00,0,0,06-JAN-2025
OPTSTK,TATACHEM,27-Mar-2025,2025-03-27,1160.00,CE,0.00,0.00,0.00,53.00,16.35,0,0.00,0,0,06-JAN-2025
OPTSTK,LTF,30-Jan-2025,2025-01-30,145.00,PE,7.40,13.40,7.40,13.25,13.25,58,400.741144,575598,93702,06-JAN-2025
OPTSTK,LTF,30-Jan-2025,2025-01-30,137.50,PE,3.35,7.50,3.20,7.25,7.25,388,2469.73038,803160,160632,06-JAN-2025
OPTSTK,TATACHEM,27-Mar-2025,2025-03-27,1080.00,PE,0.00,0.00,0.00,86.10,107.00,0,0.00,0,0,06-JAN-2025
OPTSTK,TATACHEM,27-Mar-2025,2025-03-27,1080.00,CE,0.00,0.00,0.00,83.25,34.05,0,0.00,0,0,06-JAN-2025
OPTSTK,TATACHEM,30-Jan-2025,2025-01-30,1080.00,CE,14.10,14.70,7.40,8.15,8.15,1865,11170.4620,678150,138050,06-JAN-2025
OPTSTK,LTF,27-Feb-2025,2025-02-27,145.00,PE,0.00,0.00,0.00,10.80,10.05,0,0.00,0,0,06-JAN-2025
OPTSTK,LTF,27-Mar-2025,2025-03-27,145.00,PE,0.00,0.00,0.00,14.20,11.25,0,0.00,0,0,06-JAN-2025
OPTSTK,TATACHEM,27-Feb-2025,2025-02-27,920.00,PE,17.65,18.60,13.00,18.30,18.30,38,195.836575,21450,18150,06-JAN-2025
OPTSTK,TATACHEM,30-Jan-2025,2025-01-30,940.00,CE,86.30,86.30,67.20,67.60,67.75,20,111.331,7150,7150,06-JAN-2025
OPTSTK,TATACHEM,30-Jan-2025,2025-01-30,900.00,CE,0.00,0.00,0.00,223.35,99.90,0,0.00,0,0,06-JAN-2025
OPTSTK,LTF,27-Feb-2025,2025-02-27,115.00,CE,0.00,0.00,0.00,32.90,24.95,0,0.00,0,0,06-JAN-2025
OPTSTK,TATACHEM,30-Jan-2025,2025-01-30,880.00,CE,0.00,0.00,0.00,293.05,117.75,0,0.00,0,0,06-JAN-2025
OPTSTK,TATACHEM,27-Mar-2025,2025-03-27,880.00,CE,0.00,0.00,0.00,209.35,139.90,0,0.00,0,0,06-JAN-2025
OPTSTK,TATACHEM,30-Jan-2025,2025-01-30,1280.00,CE,0.60,1.35,0.60,0.70,0.05,35,246.53475,172150,-4400,06-JAN-2025
OPTSTK,LTF,27-Feb-2025,2025-02-27,150.00,PE,0.00,0.00,0.00,13.50,13.45,0,0.00,0,0,06-JAN-2025
OPTSTK,TATACHEM,27-Feb-2025,2025-02-27,1100.00,CE,22.00,23.10,17.40,17.75,17.75,62,381.576525,35750,18150,06-JAN-2025
OPTSTK,TATACHEM,30-Jan-2025,2025-01-30,1080.00,PE,68.10,97.50,68.10,95.55,95.55,45,289.6839,213950,-2200,06-JAN-2025
OPTSTK,TATACHEM,27-Mar-2025,2025-03-27,920.00,PE,0.00,0.00,0.00,24.20,26.15,0,0.00,0,0,06-JAN-2025
OPTSTK,TATACHEM,30-Jan-2025,2025-01-30,920.00,CE,105.40,105.40,80.00,80.00,80.00,9,49.86685,20350,2200,06-JAN-2025
OPTSTK,TATACHEM,27-Feb-2025,2025-02-27,940.00,PE,0.00,0.00,0.00,18.00,24.05,0,0.00,550,0,06-JAN-2025
OPTSTK,TATACHEM,27-Feb-2025,2025-02-27,980.00,CE,0.00,0.00,0.00,121.70,60.30,0,0.00,0,0,06-JAN-2025
OPTSTK,TATACHEM,27-Feb-2025,2025-02-27,1040.00,PE,0.00,0.00,0.00,51.70,72.60,0,0.00,0,0,06-JAN-2025
OPTSTK,TATACHEM,30-Jan-2025,2025-01-30,1240.00,CE,1.20,1.55,0.55,0.70,0.70,185,1262.62647,210100,-74250,06-JAN-2025
OPTSTK,LTF,27-Mar-2025,2025-03-27,140.00,PE,0.00,0.00,0.00,11.35,8.45,0,0.00,0,0,06-JAN-2025
OPTSTK,LTF,27-Feb-2025,2025-02-27,140.00,PE,10.00,10.00,10.00,10.00,7.15,1,6.693,17848,4462,06-JAN-2025
OPTSTK,TATACHEM,30-Jan-2025,2025-01-30,1160.00,PE,0.00,0.00,0.00,116.50,165.05,0,0.00,9350,0,06-JAN-2025
OPTSTK,LTF,27-Mar-2025,2025-03-27,160.00,PE,0.00,0.00,0.00,24.60,21.95,0,0.00,0,0,06-JAN-2025
OPTSTK,TATACHEM,30-Jan-2025,2025-01-30,1200.00,PE,175.60,205.00,175.50,205.00,203.95,6,45.824075,67100,0,06-JAN-2025
OPTSTK,IRB,27-Mar-2025,2025-03-27,52.00,PE,0.00,0.00,0.00,4.00,2.35,0,0.00,0,0,06-JAN-2025
OPTSTK,IRB,27-Mar-2025,2025-03-27,56.00,PE,0.00,0.00,0.00,5.90,4.00,0,0.00,0,0,06-JAN-2025
OPTSTK,IRB,30-Jan-2025,2025-01-30,56.00,CE,4.50,4.50,2.70,3.20,3.20,44,268.309125,1107000,92250,06-JAN-2025
OPTSTK,IRB,30-Jan-2025,2025-01-30,68.00,PE,0.00,0.00,0.00,14.95,10.70,0,0.00,0,0,06-JAN-2025
OPTSTK,IRB,27-Mar-2025,2025-03-27,68.00,CE,0.00,0.00,0.00,2.85,1.90,0,0.00,0,0,06-JAN-2025
OPTSTK,IRB,27-Feb-2025,2025-02-27,51.00,PE,0.00,0.00,0.00,2.75,1.35,0,0.00,0,0,06-JAN-2025
OPTSTK,IRB,27-Feb-2025,2025-02-27,68.00,PE,0.00,0.00,0.00,15.50,11.15,0,0.00,0,0,06-JAN-2025
OPTSTK,IRB,30-Jan-2025,2025-01-30,68.00,CE,0.45,0.45,0.15,0.20,0.20,280,1960.30737,2009000,-727750,06-JAN-2025
OPTSTK,IRB,27-Feb-2025,2025-02-27,48.00,PE,0.00,0.00,0.00,0.35,0.70,0,0.00,369000,0,06-JAN-2025
OPTSTK,IRB,27-Feb-2025,2025-02-27,48.00,CE,0.00,0.00,0.00,9.70,10.45,0,0.00,0,0,06-JAN-2025
OPTSTK,IRB,30-Jan-2025,2025-01-30,48.00,PE,0.10,0.15,0.10,0.15,0.20,28,138.1085,533000,256250,06-JAN-2025
OPTSTK,IRB,30-Jan-2025,2025-01-30,48.00,CE,0.00,0.00,0.00,8.65,9.65,0,0.00,0,0,06-JAN-2025
OPTSTK,IRB,27-Mar-2025,2025-03-27,48.00,CE,0.00,0.00,0.00,11.25,11.20,0,0.00,0,0,06-JAN-2025
OPTSTK,IRB,27-Mar-2025,2025-03-27,48.00,PE,0.00,0.00,0.00,2.50,1.25,0,0.00,0,0,06-JAN-2025
OPTSTK,IRB,27-Feb-2025,2025-02-27,51.00,CE,0.00,0.00,0.00,8.25,8.10,0,0.00,0,0,06-JAN-2025
FUTSTK,IRB,30-Jan-2025,2025-01-30,,,60.02,60.59,56.85,57.56,57.56,3270,19669.7438,76147250,10106500,06-JAN-2025
OPTSTK,IRB,30-Jan-2025,2025-01-30,65.00,PE,7.45,7.45,7.45,7.45,8.05,1,7.426125,30750,-10250,06-JAN-2025
OPTSTK,IRB,30-Jan-2025,2025-01-30,56.00,PE,0.90,1.85,0.85,1.55,1.55,189,1109.53175,1619500,-51250,06-JAN-2025
OPTSTK,IRB,27-Mar-2025,2025-03-27,56.00,CE,0.00,0.00,0.00,6.75,6.05,0,0.00,0,0,06-JAN-2025
OPTSTK,IRB,27-Feb-2025,2025-02-27,56.00,PE,0.00,0.00,0.00,7.10,3.15,0,0.00,0,0,06-JAN-2025
OPTSTK,IRB,27-Feb-2025,2025-02-27,56.00,CE,3.90,3.90,3.90,3.90,5.00,1,6.13975,20500,10250,06-JAN-2025
OPTSTK,IRB,27-Feb-2025,2025-02-27,65.00,CE,0.00,0.00,0.00,1.95,1.65,0,0.00,10250,0,06-JAN-2025
OPTSTK,IRB,27-Feb-2025,2025-02-27,65.00,PE,0.00,0.00,0.00,10.80,8.75,0,0.00,0,0,06-JAN-2025
OPTSTK,IRB,30-Jan-2025,2025-01-30,55.00,CE,4.45,4.55,3.30,3.80,3.80,46,277.072875,635500,-41000,06-JAN-2025
OPTSTK,IRB,30-Jan-2025,2025-01-30,62.00,CE,1.70,1.70,0.70,0.80,0.80,603,3901.97,2603500,379250,06-JAN-2025
OPTSTK,IRB,27-Mar-2025,2025-03-27,62.00,CE,0.00,0.00,0.00,4.45,3.55,0,0.00,0,0,06-JAN-2025
OPTSTK,IRB,27-Mar-2025,2025-03-27,62.00,PE,0.00,0.00,0.00,9.45,7.35,0,0.00,0,0,06-JAN-2025
OPTSTK,IRB,27-Feb-2025,2025-02-27,62.00,PE,0.00,0.00,0.00,10.95,6.60,0,0.00,0,0,06-JAN-2025
OPTSTK,IRB,30-Jan-2025,2025-01-30,62.00,PE,3.65,5.80,3.65,5.15,5.15,22,149.767875,574000,-51250,06-JAN-2025
OPTSTK,IRB,27-Mar-2025,2025-03-27,66.00,PE,0.00,0.00,0.00,12.25,10.15,0,0.00,0,0,06-JAN-2025
OPTSTK,IRB,30-Jan-2025,2025-01-30,49.00,PE,0.20,0.20,0.20,0.20,0.30,29,146.247,317750,205000,06-JAN-2025
OPTSTK,IRB,30-Jan-2025,2025-01-30,61.00,CE,2.05,2.15,0.90,1.05,1.05,201,1284.7965,1353000,-30750,06-JAN-2025
OPTSTK,IRB,27-Feb-2025,2025-02-27,61.00,PE,0.00,0.00,0.00,7.95,5.95,0,0.00,0,0,06-JAN-2025
OPTSTK,CUB,30-Jan-2025,2025-01-30,145.00,CE,0.00,0.00,0.00,35.70,24.60,0,0.00,0,0,06-JAN-2025
OPTSTK,CUB,27-Feb-2025,2025-02-27,150.00,CE,0.00,0.00,0.00,34.85,21.60,0,0.00,0,0,06-JAN-2025
OPTSTK,CUB,27-Feb-2025,2025-02-27,170.00,PE,0.00,0.00,0.00,7.90,7.65,0,0.00,0,0,06-JAN-2025
OPTSTK,CUB,30-Jan-2025,2025-01-30,170.00,PE,2.80,5.55,2.65,5.20,5.20,572,4984.8875,1735000,185000,06-JAN-2025
OPTSTK,CUB,30-Jan-2025,2025-01-30,177.50,CE,3.45,3.45,1.80,1.90,1.90,91,817.565,560000,135000,06-JAN-2025
OPTSTK,CUB,30-Jan-2025,2025-01-30,200.00,PE,30.60,30.60,30.60,30.60,30.35,2,23.06,120000,10000,06-JAN-2025
OPTSTK,CUB,30-Jan-2025,2025-01-30,165.00,PE,1.40,3.30,1.40,2.95,2.95,495,4147.55,935000,70000,06-JAN-2025
OPTSTK,CUB,27-Feb-2025,2025-02-27,165.00,PE,3.50,4.65,3.50,4.65,5.40,2,16.9075,10000,5000,06-JAN-2025
OPTSTK,CUB,30-Jan-2025,2025-01-30,165.00,CE,8.30,8.30,7.05,7.45,7.45,39,336.58,200000,75000,06-JAN-2025
OPTSTK,CUB,27-Feb-2025,2025-02-27,165.00,CE,0.00,0.00,0.00,23.80,10.80,0,0.00,0,0,06-JAN-2025
FUTSTK,CUB,30-Jan-2025,2025-01-30,,,174.33,175.99,168.65,169.44,169.44,1465,12543.8165,28825000,310000,06-JAN-2025
OPTSTK,CUB,30-Jan-2025,2025-01-30,210.00,CE,0.00,0.00,0.00,0.10,0.05,0,0.00,25000,0,06-JAN-2025
OPTSTK,CUB,30-Jan-2025,2025-01-30,197.50,PE,28.80,28.95,28.80,28.95,27.95,9,101.8575,50000,0,06-JAN-2025
OPTSTK,CUB,30-Jan-2025,2025-01-30,190.00,PE,0.00,0.00,0.00,20.40,20.80,0,0.00,0,0,06-JAN-2025
OPTSTK,CUB,27-Feb-2025,2025-02-27,162.50,PE,0.00,0.00,0.00,5.15,4.40,0,0.00,0,0,06-JAN-2025
OPTSTK,CUB,27-Feb-2025,2025-02-27,190.00,PE,0.00,0.00,0.00,17.80,21.35,0,0.00,0,0,06-JAN-2025
OPTSTK,CUB,30-Jan-2025,2025-01-30,140.00,PE,0.10,0.15,0.10,0.15,0.05,9,63.05,55000,-5000,06-JAN-2025
OPTSTK,CUB,30-Jan-2025,2025-01-30,150.00,PE,0.35,0.45,0.30,0.45,0.45,110,827.115,400000,220000,06-JAN-2025
OPTSTK,CUB,27-Feb-2025,2025-02-27,150.00,PE,0.00,0.00,0.00,2.45,1.30,0,0.00,0,0,06-JAN-2025
OPTSTK,CUB,27-Feb-2025,2025-02-27,167.50,CE,0.00,0.00,0.00,15.10,9.40,0,0.00,0,0,06-JAN-2025
OPTSTK,CUB,30-Jan-2025,2025-01-30,167.50,PE,2.45,4.30,2.40,3.90,3.90,150,1283.055,185000,-70000,06-JAN-2025
OPTSTK,CUB,27-Feb-2025,2025-02-27,167.50,PE,0.00,0.00,0.00,6.95,6.45,0,0.00,0,0,06-JAN-2025
OPTSTK,CUB,30-Jan-2025,2025-01-30,197.50,CE,0.25,0.35,0.20,0.20,0.15,6,59.335,250000,-5000,06-JAN-2025
OPTSTK,CUB,27-Feb-2025,2025-02-27,160.00,PE,0.00,0.00,0.00,4.65,3.60,0,0.00,0,0,06-JAN-2025
OPTSTK,KPITTECH,27-Feb-2025,2025-02-27,1720.00,CE,0.00,0.00,0.00,47.05,16.30,0,0.00,0,0,06-JAN-2025
OPTSTK,KPITTECH,30-Jan-2025,2025-01-30,1480.00,PE,64.00,83.40,63.55,83.40,69.90,20,124.1372,38000,-800,06-JAN-2025
FUTSTK,IOC,27-Mar-2025,2025-03-27,,,139.03,139.03,133.95,135.10,135.10,122,806.102212,429000,204750,06-JAN-2025
OPTSTK,IOC,27-Feb-2025,2025-02-27,155.00,PE,0.00,0.00,0.00,19.85,21.55,0,0.00,0,0,06-JAN-2025
OPTSTK,BOSCHLTD,30-Jan-2025,2025-01-30,31500.00,CE,0.00,0.00,0.00,3992.65,2259.55,0,0.00,0,0,06-JAN-2025
OPTSTK,BOSCHLTD,27-Feb-2025,2025-02-27,31500.00,PE,0.00,0.00,0.00,489.30,374.10,0,0.00,0,0,06-JAN-2025
OPTSTK,BOSCHLTD,30-Jan-2025,2025-01-30,31500.00,PE,97.00,220.45,97.00,209.40,209.40,78,617.627025,2975,-700,06-JAN-2025
OPTSTK,BOSCHLTD,27-Feb-2025,2025-02-27,31500.00,CE,0.00,0.00,0.00,3574.35,2643.20,0,0.00,0,0,06-JAN-2025
OPTSTK,KPITTECH,27-Mar-2025,2025-03-27,1560.00,PE,0.00,0.00,0.00,183.70,156.75,0,0.00,0,0,06-JAN-2025
OPTSTK,IOC,30-Jan-2025,2025-01-30,142.50,PE,6.35,10.70,5.95,9.90,9.90,199,1466.20256,1038375,97500,06-JAN-2025
OPTSTK,BOSCHLTD,27-Mar-2025,2025-03-27,32000.00,PE,0.00,0.00,0.00,827.30,697.15,0,0.00,0,0,06-JAN-2025
OPTSTK,BOSCHLTD,27-Feb-2025,2025-02-27,32000.00,CE,0.00,0.00,0.00,3996.85,2277.90,0,0.00,0,0,06-JAN-2025
OPTSTK,BOSCHLTD,27-Feb-2025,2025-02-27,36500.00,PE,0.00,0.00,0.00,2777.15,3035.35,0,0.00,0,0,06-JAN-2025
OPTSTK,BOSCHLTD,30-Jan-2025,2025-01-30,32000.00,PE,200.00,360.00,200.00,309.45,309.45,85,685.544912,6175,400,06-JAN-2025
OPTSTK,IOC,27-Feb-2025,2025-02-27,142.50,CE,2.80,2.80,2.75,2.75,3.25,2,14.1643125,0,0,06-JAN-2025
OPTSTK,IOC,27-Feb-2025,2025-02-27,142.50,PE,0.00,0.00,0.00,10.25,11.45,0,0.00,0,0,06-JAN-2025
OPTSTK,BOSCHLTD,30-Jan-2025,2025-01-30,32000.00,CE,1966.60,1966.60,1966.60,1966.60,1855.00,1,8.49165,25,25,06-JAN-2025
OPTSTK,KPITTECH,27-Mar-2025,2025-03-27,1680.00,CE,0.00,0.00,0.00,67.75,39.10,0,0.00,0,0,06-JAN-2025
FUTSTK,KPITTECH,27-Mar-2025,2025-03-27,,,0.00,0.00,0.00,1471.00,1473.30,0,0.00,6400,0,06-JAN-2025
OPTSTK,IOC,30-Jan-2025,2025-01-30,130.00,PE,0.95,3.05,0.95,2.65,2.65,1797,11579.5704,4879875,-117000,06-JAN-2025
OPTSTK,IOC,27-Mar-2025,2025-03-27,130.00,PE,0.00,0.00,0.00,5.70,5.55,0,0.00,0,0,06-JAN-2025
OPTSTK,BOSCHLTD,27-Feb-2025,2025-02-27,34500.00,CE,0.00,0.00,0.00,1707.05,911.80,0,0.00,0,0,06-JAN-2025
OPTSTK,BOSCHLTD,27-Mar-2025,2025-03-27,36000.00,PE,0.00,0.00,0.00,2646.35,2758.60,0,0.00,0,0,06-JAN-2025
OPTSTK,BOSCHLTD,27-Feb-2025,2025-02-27,36000.00,CE,586.00,586.00,465.55,500.00,455.15,6,54.7543,425,75,06-JAN-2025
OPTSTK,BOSCHLTD,27-Mar-2025,2025-03-27,36000.00,CE,0.00,0.00,0.00,1486.60,754.90,0,0.00,0,0,06-JAN-2025
OPTSTK,KPITTECH,27-Feb-2025,2025-02-27,1720.00,PE,0.00,0.00,0.00,324.95,268.20,0,0.00,0,0,06-JAN-2025
OPTSTK,KPITTECH,27-Feb-2025,2025-02-27,1680.00,CE,0.00,0.00,0.00,55.05,21.85,0,0.00,0,0,06-JAN-2025
OPTSTK,KPITTECH,27-Mar-2025,2025-03-27,1680.00,PE,0.00,0.00,0.00,265.20,242.80,0,0.00,0,0,06-JAN-2025
OPTSTK,BOSCHLTD,27-Feb-2025,2025-02-27,38000.00,CE,160.00,161.15,160.00,161.15,161.15,5,47.7003,850,-75,06-JAN-2025
OPTSTK,IOC,30-Jan-2025,2025-01-30,137.50,CE,4.75,4.75,2.15,2.50,2.50,1908,13041.4805,3315000,823875,06-JAN-2025
OPTSTK,KPITTECH,27-Mar-2025,2025-03-27,1400.00,CE,0.00,0.00,0.00,175.25,143.15,0,0.00,0,0,06-JAN-2025
OPTSTK,KPITTECH,30-Jan-2025,2025-01-30,1400.00,PE,33.00,44.05,28.00,41.85,41.85,380,2185.239,298000,78800,06-JAN-2025
OPTSTK,BSE,27-Feb-2025,2025-02-27,5100.00,PE,0.00,0.00,0.00,391.50,398.25,0,0.00,0,0,06-JAN-2025
OPTSTK,BSE,27-Feb-2025,2025-02-27,5100.00,CE,0.00,0.00,0.00,797.80,436.05,0,0.00,0,0,06-JAN-2025
OPTSTK,BSE,30-Jan-2025,2025-01-30,5700.00,PE,457.90,653.10,457.90,646.95,646.95,23,181.343187,16000,125,06-JAN-2025
OPTSTK,BSE,30-Jan-2025,2025-01-30,6200.00,CE,32.00,32.10,15.95,16.85,16.85,692,5381.70781,89875,9125,06-JAN-2025
OPTSTK,BSE,30-Jan-2025,2025-01-30,6000.00,PE,710.00,733.90,710.00,733.90,933.10,2,16.804875,7250,-250,06-JAN-2025
OPTSTK,BSE,27-Feb-2025,2025-02-27,6200.00,CE,0.00,0.00,0.00,183.40,113.45,0,0.00,0,0,06-JAN-2025
FUTSTK,BSE,27-Feb-2025,2025-02-27,,,5397.15,5404.30,5113.75,5138.65,5138.65,307,2001.08456,41750,6625,06-JAN-2025
OPTSTK,BSE,27-Mar-2025,2025-03-27,5600.00,CE,0.00,0.00,0.00,689.05,352.50,0,0.00,0,0,06-JAN-2025
OPTSTK,BSE,30-Jan-2025,2025-01-30,5400.00,CE,239.00,243.00,105.55,113.15,113.15,3749,26018.5721,170000,23625,06-JAN-2025
OPTSTK,BSE,30-Jan-2025,2025-01-30,5400.00,PE,245.00,421.00,243.00,404.15,404.15,885,6322.60131,85000,-17125,06-JAN-2025
OPTSTK,BSE,27-Feb-2025,2025-02-27,6100.00,PE,0.00,0.00,0.00,958.55,1082.45,0,0.00,0,0,06-JAN-2025
OPTSTK,BSE,30-Jan-2025,2025-01-30,6100.00,PE,0.00,0.00,0.00,1567.80,1022.55,0,0.00,0,0,06-JAN-2025
OPTSTK,BSE,30-Jan-2025,2025-01-30,5700.00,CE,108.95,115.00,49.00,52.95,52.95,2055,14818.2483,182250,-875,06-JAN-2025
OPTSTK,BSE,30-Jan-2025,2025-01-30,6200.00,PE,0.00,0.00,0.00,1654.65,1113.85,0,0.00,0,0,06-JAN-2025
OPTSTK,BSE,27-Feb-2025,2025-02-27,5900.00,PE,0.00,0.00,0.00,825.80,923.35,0,0.00,0,0,06-JAN-2025
OPTSTK,BSE,27-Feb-2025,2025-02-27,5900.00,CE,0.00,0.00,0.00,442.10,168.80,0,0.00,0,0,06-JAN-2025
OPTSTK,BSE,30-Jan-2025,2025-01-30,4600.00,CE,0.00,0.00,0.00,512.35,597.75,0,0.00,0,0,06-JAN-2025
OPTSTK,BSE,27-Mar-2025,2025-03-27,6000.00,PE,0.00,0.00,0.00,988.50,1064.45,0,0.00,0,0,06-JAN-2025
OPTSTK,BSE,30-Jan-2025,2025-01-30,6000.00,CE,53.15,54.80,24.05,25.90,25.90,3202,24150.0575,219375,-25000,06-JAN-2025
OPTSTK,BSE,27-Feb-2025,2025-02-27,3600.00,PE,0.00,0.00,0.00,14.00,15.15,0,0.00,500,0,06-JAN-2025
OPTSTK,BSE,30-Jan-2025,2025-01-30,4600.00,PE,61.15,63.80,52.50,60.30,60.30,83,483.408,9375,9375,06-JAN-2025
OPTSTK,BSE,27-Mar-2025,2025-03-27,5400.00,CE,0.00,0.00,0.00,776.20,422.40,0,0.00,0,0,06-JAN-2025
OPTSTK,BSE,27-Feb-2025,2025-02-27,5400.00,CE,324.75,324.75,207.00,207.00,207.00,14,98.913375,1625,250,06-JAN-2025
OPTSTK,BSE,30-Jan-2025,2025-01-30,5800.00,PE,510.00,744.65,510.00,736.80,736.80,32,259.842625,15750,1125,06-JAN-2025
OPTSTK,BSE,27-Mar-2025,2025-03-27,5800.00,CE,0.00,0.00,0.00,610.20,292.60,0,0.00,0,0,06-JAN-2025
OPTSTK,BSE,30-Jan-2025,2025-01-30,5800.00,CE,86.90,90.75,38.60,42.15,42.15,2242,16405.3296,148875,-15125,06-JAN-2025
OPTSTK,BSE,30-Jan-2025,2025-01-30,5000.00,PE,83.75,189.85,83.75,175.50,175.50,5105,32804.6725,151750,10500,06-JAN-2025
OPTSTK,BSE,30-Jan-2025,2025-01-30,5900.00,CE,63.35,67.35,29.95,32.65,32.65,998,7414.4415,81625,1250,06-JAN-2025
OPTSTK,BSE,30-Jan-2025,2025-01-30,5900.00,PE,823.20,825.20,823.20,825.15,845.95,3,25.2169375,2500,-125,06-JAN-2025
OPTSTK,BSE,30-Jan-2025,2025-01-30,6400.00,CE,16.45,17.25,10.10,11.85,11.85,1205,9661.34062,176625,-6250,06-JAN-2025
OPTSTK,BSE,27-Feb-2025,2025-02-27,4500.00,PE,0.00,0.00,0.00,180.15,154.25,0,0.00,0,0,06-JAN-2025
OPTSTK,BSE,30-Jan-2025,2025-01-30,4500.00,PE,18.15,49.55,17.40,44.30,44.30,2702,15321.7060,143250,64125,06-JAN-2025
OPTIDX,BANKNIFTY,30-Jan-2025,2025-01-30,49900.00,CE,1670.85,1670.85,996.70,1075.20,1075.20,62236,475788.318,74370,64290,06-JAN-2025
OPTIDX,BANKNIFTY,27-Mar-2025,2025-03-27,44000.00,CE,0.00,0.00,0.00,8119.05,6623.25,0,0.00,0,0,06-JAN-2025
OPTIDX,BANKNIFTY,27-Feb-2025,2025-02-27,44000.00,PE,40.00,82.85,40.00,71.35,71.35,466,6160.58967,7290,5340,06-JAN-2025
OPTIDX,BANKNIFTY,27-Feb-2025,2025-02-27,44000.00,CE,0.00,0.00,0.00,9157.30,6360.90,0,0.00,0,0,06-JAN-2025
OPTIDX,BANKNIFTY,30-Jan-2025,2025-01-30,44000.00,PE,6.75,16.70,4.85,13.05,13.05,222531,1469100.76,392010,-25905,06-JAN-2025
OPTIDX,BANKNIFTY,27-Feb-2025,2025-02-27,49300.00,PE,825.00,855.00,811.55,811.55,811.55,15,225.62403,600,420,06-JAN-2025
OPTIDX,BANKNIFTY,27-Feb-2025,2025-02-27,45500.00,CE,0.00,0.00,0.00,7760.90,4927.25,0,0.00,0,0,06-JAN-2025
OPTIDX,BANKNIFTY,27-Mar-2025,2025-03-27,50000.00,CE,2589.55,2603.20,1939.70,2016.80,2016.80,407,6361.32808,6900,4680,06-JAN-2025
OPTIDX,BANKNIFTY,30-Jan-2025,2025-01-30,53200.00,CE,215.00,221.60,107.25,112.60,112.60,56926,455483.554,201720,53670,06-JAN-2025
OPTIDX,BANKNIFTY,27-Feb-2025,2025-02-27,53200.00,PE,0.00,0.00,0.00,2082.05,3131.85,0,0.00,5850,0,06-JAN-2025
OPTIDX,BANKNIFTY,30-Jan-2025,2025-01-30,51500.00,PE,1011.95,1893.60,990.10,1729.45,1729.45,92689,735901.734,936855,-89940,06-JAN-2025
OPTIDX,BANKNIFTY,27-Mar-2025,2025-03-27,51500.00,CE,1620.00,1620.00,1168.30,1208.70,1208.70,249,3944.16513,5310,1560,06-JAN-2025
OPTIDX,BANKNIFTY,27-Feb-2025,2025-02-27,48900.00,PE,0.00,0.00,0.00,365.05,645.80,0,0.00,60,0,06-JAN-2025
OPTIDX,BANKNIFTY,27-Mar-2025,2025-03-27,48900.00,CE,0.00,0.00,0.00,3686.85,2572.25,0,0.00,90,0,06-JAN-2025
OPTIDX,BANKNIFTY,27-Feb-2025,2025-02-27,51500.00,CE,1240.80,1269.35,808.50,854.60,854.60,3921,61686.3301,98280,18750,06-JAN-2025
OPTIDX,BANKNIFTY,30-Jan-2025,2025-01-30,53400.00,PE,2350.00,3402.00,2350.00,3332.05,3332.05,371,3139.65444,26460,-1800,06-JAN-2025
OPTIDX,BANKNIFTY,27-Mar-2025,2025-03-27,48900.00,PE,0.00,0.00,0.00,795.80,832.10,0,0.00,0,0,06-JAN-2025
OPTIDX,BANKNIFTY,30-Jan-2025,2025-01-30,51500.00,CE,778.80,778.80,379.00,406.60,406.60,318300,2483457.87,1268175,174405,06-JAN-2025
OPTIDX,BANKNIFTY,27-Mar-2025,2025-03-27,51500.00,PE,1310.00,1872.50,1310.00,1787.95,1787.95,115,1836.23065,5250,420,06-JAN-2025
OPTIDX,BANKNIFTY,27-Feb-2025,2025-02-27,53400.00,PE,0.00,0.00,0.00,1939.35,3293.80,0,0.00,180,0,06-JAN-2025
OPTIDX,BANKNIFTY,30-Jan-2025,2025-01-30,48900.00,CE,1695.70,1748.20,1695.70,1720.40,1720.40,7,53.15139,5310,0,06-JAN-2025
OPTIDX,BANKNIFTY,30-Jan-2025,2025-01-30,47700.00,CE,0.00,0.00,0.00,5409.35,2563.85,0,0.00,0,0,06-JAN-2025
OPTIDX,BANKNIFTY,30-Jan-2025,2025-01-30,47700.00,PE,75.50,253.00,72.40,218.40,218.40,66994,480965.246,60270,-45435,06-JAN-2025
OPTIDX,BANKNIFTY,30-Jan-2025,2025-01-30,43000.00,CE,8180.00,8180.00,6981.85,7096.55,7096.55,68,513.43824,15090,-165,06-JAN-2025
OPTIDX,BANKNIFTY,30-Jan-2025,2025-01-30,43000.00,PE,4.45,6.70,4.00,4.95,4.95,343920,2218546.30,1153245,114420,06-JAN-2025
OPTIDX,BANKNIFTY,27-Feb-2025,2025-02-27,56100.00,PE,0.00,0.00,0.00,3877.30,5706.15,0,0.00,0,0,06-JAN-2025
OPTIDX,BANKNIFTY,27-Feb-2025,2025-02-27,56100.00,CE,0.00,0.00,0.00,1090.85,65.05,0,0.00,0,0,06-JAN-2025
OPTIDX,BANKNIFTY,30-Jan-2025,2025-01-30,56100.00,CE,18.45,21.25,17.00,20.60,20.60,11999,101005.447,40410,11070,06-JAN-2025
OPTIDX,BANKNIFTY,30-Jan-2025,2025-01-30,60500.00,PE,0.00,0.00,0.00,8543.60,10310.10,0,0.00,300,0,06-JAN-2025
OPTIDX,BANKNIFTY,27-Feb-2025,2025-02-27,60500.00,PE,0.00,0.00,0.00,8169.00,10001.15,0,0.00,720,0,06-JAN-2025
OPTSTK,ZYDUSLIFE,27-Mar-2025,2025-03-27,800.00,PE,0.00,0.00,0.00,6.25,2.15,0,0.00,0,0,06-JAN-2025
OPTSTK,ZYDUSLIFE,27-Feb-2025,2025-02-27,1140.00,PE,0.00,0.00,0.00,174.60,169.65,0,0.00,0,0,06-JAN-2025
OPTSTK,ZYDUSLIFE,30-Jan-2025,2025-01-30,1100.00,CE,1.60,1.65,0.95,1.20,1.20,697,6907.08825,726300,-246600,06-JAN-2025
OPTSTK,ZYDUSLIFE,27-Mar-2025,2025-03-27,1100.00,CE,0.00,0.00,0.00,19.35,10.25,0,0.00,0,0,06-JAN-2025
OPTSTK,ZYDUSLIFE,27-Feb-2025,2025-02-27,920.00,PE,19.50,21.20,19.50,21.20,16.45,3,25.3827,10800,-1800,06-JAN-2025
OPTSTK,ZYDUSLIFE,27-Feb-2025,2025-02-27,1080.00,PE,0.00,0.00,0.00,134.15,114.95,0,0.00,0,0,06-JAN-2025
OPTSTK,ZYDUSLIFE,27-Mar-2025,2025-03-27,920.00,PE,0.00,0.00,0.00,33.95,22.50,0,0.00,0,0,06-JAN-2025
OPTSTK,ZYDUSLIFE,30-Jan-2025,2025-01-30,940.00,CE,38.15,38.25,36.70,37.70,39.75,5,44.00055,24300,1800,06-JAN-2025
OPTSTK,ZYDUSLIFE,27-Feb-2025,2025-02-27,940.00,CE,0.00,0.00,0.00,64.25,53.75,0,0.00,0,0,06-JAN-2025
OPTSTK,ZYDUSLIFE,27-Mar-2025,2025-03-27,940.00,PE,0.00,0.00,0.00,41.95,29.75,0,0.00,0,0,06-JAN-2025
OPTSTK,ZYDUSLIFE,27-Mar-2025,2025-03-27,920.00,CE,0.00,0.00,0.00,88.20,77.45,0,0.00,0,0,06-JAN-2025
OPTSTK,ZYDUSLIFE,27-Feb-2025,2025-02-27,820.00,CE,0.00,0.00,0.00,152.95,150.70,0,0.00,0,0,06-JAN-2025
OPTSTK,ZYDUSLIFE,27-Feb-2025,2025-02-27,940.00,PE,0.00,0.00,0.00,34.80,23.30,0,0.00,0,0,06-JAN-2025
OPTSTK,ZYDUSLIFE,27-Mar-2025,2025-03-27,940.00,CE,0.00,0.00,0.00,76.55,65.00,0,0.00,0,0,06-JAN-2025
OPTSTK,ZYDUSLIFE,30-Jan-2025,2025-01-30,1080.00,CE,2.50,2.50,1.50,1.90,1.90,107,1041.68205,154800,3600,06-JAN-2025
OPTSTK,ZYDUSLIFE,27-Feb-2025,2025-02-27,860.00,PE,0.00,0.00,0.00,10.80,4.40,0,0.00,0,0,06-JAN-2025
OPTSTK,ZYDUSLIFE,27-Feb-2025,2025-02-27,890.00,PE,0.00,0.00,0.00,17.65,9.00,0,0.00,0,0,06-JAN-2025
OPTSTK,ZYDUSLIFE,27-Feb-2025,2025-02-27,890.00,CE,0.00,0.00,0.00,96.45,88.95,0,0.00,0,0,06-JAN-2025
OPTSTK,ZYDUSLIFE,30-Jan-2025,2025-01-30,980.00,PE,25.65,37.35,24.35,33.05,33.05,248,2257.695,366300,-2700,06-JAN-2025
OPTSTK,ZYDUSLIFE,27-Feb-2025,2025-02-27,1050.00,CE,0.00,0.00,0.00,20.80,11.40,0,0.00,0,0,06-JAN-2025
FUTSTK,ZYDUSLIFE,30-Jan-2025,2025-01-30,,,977.55,978.55,956.55,966.15,966.15,2656,23064.0916,11118600,-293400,06-JAN-2025
OPTSTK,ZYDUSLIFE,27-Mar-2025,2025-03-27,1120.00,PE,0.00,0.00,0.00,158.00,149.80,0,0.00,0,0,06-JAN-2025
OPTSTK,ZYDUSLIFE,27-Mar-2025,2025-03-27,1040.00,PE,0.00,0.00,0.00,97.60,85.75,0,0.00,0,0,06-JAN-2025
OPTSTK,ZYDUSLIFE,27-Mar-2025,2025-03-27,1040.00,CE,0.00,0.00,0.00,34.05,22.45,0,0.00,0,0,06-JAN-2025
OPTSTK,ZYDUSLIFE,30-Jan-2025,2025-01-30,990.00,PE,30.70,42.00,30.10,39.50,39.45,50,462.3903,57600,6300,06-JAN-2025
OPTSTK,ZYDUSLIFE,27-Feb-2025,2025-02-27,990.00,CE,0.00,0.00,0.00,40.00,28.75,0,0.00,0,0,06-JAN-2025
OPTSTK,ZYDUSLIFE,27-Feb-2025,2025-02-27,950.00,CE,0.00,0.00,0.00,58.75,47.90,0,0.00,0,0,06-JAN-2025
OPTSTK,ZYDUSLIFE,30-Jan-2025,2025-01-30,1060.00,CE,3.75,3.90,2.20,2.90,2.90,266,2544.0831,128700,10800,06-JAN-2025
OPTSTK,ZYDUSLIFE,30-Jan-2025,2025-01-30,1030.00,CE,7.45,7.45,4.45,5.80,5.80,150,1397.5893,63900,-3600,06-JAN-2025
OPTSTK,ZYDUSLIFE,30-Jan-2025,2025-01-30,960.00,CE,35.15,35.15,23.15,28.60,28.60,406,3606.1011,174600,48600,06-JAN-2025
OPTSTK,ZYDUSLIFE,27-Feb-2025,2025-02-27,900.00,CE,0.00,0.00,0.00,89.35,81.20,0,0.00,0,0,06-JAN-2025
OPTSTK,ZYDUSLIFE,27-Feb-2025,2025-02-27,1010.00,PE,0.00,0.00,0.00,72.20,60.45,0,0.00,0,0,06-JAN-2025
OPTSTK,CDSL,30-Jan-2025,2025-01-30,2200.00,CE,2.50,2.50,0.30,0.65,0.65,281,2164.56835,134050,-15750,06-JAN-2025
OPTSTK,CDSL,27-Feb-2025,2025-02-27,1760.00,CE,134.05,134.05,106.20,106.50,99.20,3,19.693625,700,700,06-JAN-2025
OPTSTK,CDSL,27-Feb-2025,2025-02-27,1560.00,PE,0.00,0.00,0.00,121.20,32.50,0,0.00,0,0,06-JAN-2025
OPTSTK,CDSL,27-Feb-2025,2025-02-27,1960.00,PE,0.00,0.00,0.00,381.45,246.15,0,0.00,0,0,06-JAN-2025
OPTSTK,CDSL,27-Feb-2025,2025-02-27,1820.00,PE,0.00,0.00,0.00,140.80,146.30,0,0.00,0,0,06-JAN-2025
OPTSTK,CDSL,30-Jan-2025,2025-01-30,1820.00,PE,65.00,118.45,63.85,114.15,114.15,104,697.00155,115500,-5600,06-JAN-2025
OPTSTK,CDSL,30-Jan-2025,2025-01-30,1480.00,CE,0.00,0.00,0.00,204.00,261.95,0,0.00,0,0,06-JAN-2025
FUTSTK,CDSL,27-Mar-2025,2025-03-27,,,1816.80,1819.95,1754.15,1755.00,1755.00,51,317.9414,19600,1750,06-JAN-2025
OPTSTK,CDSL,27-Mar-2025,2025-03-27,1600.00,CE,0.00,0.00,0.00,307.65,216.35,0,0.00,0,0,06-JAN-2025
OPTSTK,CDSL,30-Jan-2025,2025-01-30,1840.00,CE,54.00,57.65,24.25,25.05,25.05,716,4697.98157,203000,3850,06-JAN-2025
OPTSTK,CDSL,27-Feb-2025,2025-02-27,1620.00,PE,0.00,0.00,0.00,58.05,49.85,0,0.00,0,0,06-JAN-2025
OPTSTK,CDSL,27-Feb-2025,2025-02-27,1620.00,CE,0.00,0.00,0.00,265.00,176.60,0,0.00,0,0,06-JAN-2025
OPTSTK,CDSL,27-Feb-2025,2025-02-27,1520.00,CE,0.00,0.00,0.00,208.85,249.45,0,0.00,0,0,06-JAN-2025
OPTSTK,CDSL,27-Feb-2025,2025-02-27,1520.00,PE,0.00,0.00,0.00,103.20,23.65,0,0.00,0,0,06-JAN-2025
OPTSTK,CDSL,27-Mar-2025,2025-03-27,1720.00,PE,0.00,0.00,0.00,117.00,111.00,0,0.00,0,0,06-JAN-2025
OPTSTK,CDSL,30-Jan-2025,2025-01-30,2080.00,CE,0.00,0.00,0.00,7.55,3.25,0,0.00,1050,0,06-JAN-2025
OPTSTK,CDSL,27-Feb-2025,2025-02-27,1740.00,CE,0.00,0.00,0.00,190.85,108.45,0,0.00,0,0,06-JAN-2025
OPTSTK,CDSL,30-Jan-2025,2025-01-30,2080.00,PE,0.00,0.00,0.00,474.95,342.80,0,0.00,0,0,06-JAN-2025
OPTSTK,CDSL,27-Mar-2025,2025-03-27,2080.00,PE,0.00,0.00,0.00,327.50,353.95,0,0.00,0,0,06-JAN-2025
OPTSTK,CDSL,27-Feb-2025,2025-02-27,1840.00,CE,73.00,73.00,73.00,73.00,67.95,1,6.6955,350,350,06-JAN-2025
OPTSTK,CDSL,30-Jan-2025,2025-01-30,2200.00,PE,0.00,0.00,0.00,240.00,459.80,0,0.00,350,0,06-JAN-2025
OPTSTK,CDSL,27-Feb-2025,2025-02-27,1700.00,CE,0.00,0.00,0.00,180.30,128.75,0,0.00,350,0,06-JAN-2025
OPTSTK,CDSL,30-Jan-2025,2025-01-30,1880.00,PE,119.20,163.55,118.95,163.55,164.45,13,91.74445,14350,-1400,06-JAN-2025
OPTSTK,CDSL,27-Feb-2025,2025-02-27,1880.00,PE,0.00,0.00,0.00,319.55,186.30,0,0.00,0,0,06-JAN-2025
OPTSTK,CDSL,27-Feb-2025,2025-02-27,1880.00,CE,0.00,0.00,0.00,71.70,55.50,0,0.00,0,0,06-JAN-2025
OPTSTK,CDSL,27-Mar-2025,2025-03-27,1640.00,CE,0.00,0.00,0.00,281.80,191.45,0,0.00,0,0,06-JAN-2025
OPTSTK,CDSL,27-Feb-2025,2025-02-27,1920.00,PE,0.00,0.00,0.00,350.00,215.35,0,0.00,0,0,06-JAN-2025
OPTSTK,CDSL,30-Jan-2025,2025-01-30,1920.00,CE,28.35,28.35,11.90,12.15,12.15,237,1606.17712,74900,1050,06-JAN-2025
OPTSTK,CDSL,27-Feb-2025,2025-02-27,1920.00,CE,0.00,0.00,0.00,62.90,45.00,0,0.00,0,0,06-JAN-2025
OPTSTK,CDSL,30-Jan-2025,2025-01-30,1500.00,PE,3.00,6.10,3.00,5.80,5.80,265,1395.50127,101850,14350,06-JAN-2025
OPTSTK,CDSL,27-Feb-2025,2025-02-27,1960.00,CE,0.00,0.00,0.00,55.05,36.15,0,0.00,0,0,06-JAN-2025
OPTSTK,CDSL,27-Feb-2025,2025-02-27,1680.00,PE,0.00,0.00,0.00,184.90,72.50,0,0.00,0,0,06-JAN-2025
OPTSTK,CDSL,27-Feb-2025,2025-02-27,1660.00,CE,0.00,0.00,0.00,238.50,151.50,0,0.00,0,0,06-JAN-2025
OPTSTK,UPL,27-Feb-2025,2025-02-27,540.00,CE,21.30,21.30,21.30,21.30,17.80,1,7.605615,4065,0,06-JAN-2025
OPTSTK,UPL,27-Mar-2025,2025-03-27,540.00,PE,0.00,0.00,0.00,52.35,35.30,0,0.00,0,0,06-JAN-2025
OPTSTK,UPL,30-Jan-2025,2025-01-30,575.55,CE,2.45,2.60,1.20,1.20,2.25,52,406.79539,74525,4065,06-JAN-2025
OPTSTK,UPL,30-Jan-2025,2025-01-30,640.00,CE,0.30,0.30,0.25,0.30,0.30,3,26.0275175,23035,1355,06-JAN-2025
OPTSTK,UPL,30-Jan-2025,2025-01-30,660.00,CE,0.15,0.15,0.15,0.15,0.05,1,8.9450325,5420,0,06-JAN-2025
OPTSTK,UPL,27-Feb-2025,2025-02-27,550.00,CE,13.80,13.80,13.00,13.00,14.25,2,15.26814,8130,0,06-JAN-2025
OPTSTK,UPL,27-Feb-2025,2025-02-27,480.00,PE,6.00,7.50,6.00,7.50,6.65,4,26.38185,21680,1355,06-JAN-2025
OPTSTK,UPL,30-Jan-2025,2025-01-30,450.00,PE,0.30,0.85,0.30,0.85,0.85,72,439.658882,346880,-28455,06-JAN-2025
OPTSTK,UPL,27-Feb-2025,2025-02-27,580.00,PE,0.00,0.00,0.00,51.00,59.95,0,0.00,0,0,06-JAN-2025
OPTSTK,UPL,27-Mar-2025,2025-03-27,580.00,PE,0.00,0.00,0.00,81.40,62.10,0,0.00,0,0,06-JAN-2025
OPTSTK,UPL,30-Jan-2025,2025-01-30,580.00,PE,45.40,60.55,45.40,60.55,57.95,13,111.777337,151760,6775,06-JAN-2025
OPTSTK,UPL,27-Mar-2025,2025-03-27,500.00,CE,0.00,0.00,0.00,38.15,45.05,0,0.00,0,0,06-JAN-2025
OPTSTK,UPL,27-Mar-2025,2025-03-27,540.00,CE,0.00,0.00,0.00,21.75,24.55,0,0.00,0,0,06-JAN-2025
OPTSTK,UPL,30-Jan-2025,2025-01-30,550.00,PE,23.35,35.00,22.95,31.75,31.75,166,1299.85827,242545,-27100,06-JAN-2025
OPTSTK,UPL,27-Feb-2025,2025-02-27,550.00,PE,0.00,0.00,0.00,41.00,37.65,0,0.00,1355,0,06-JAN-2025
OPTSTK,UPL,27-Mar-2025,2025-03-27,480.00,CE,0.00,0.00,0.00,49.05,58.50,0,0.00,0,0,06-JAN-2025
OPTSTK,UPL,27-Mar-2025,2025-03-27,480.00,PE,0.00,0.00,0.00,20.70,10.15,0,0.00,0,0,06-JAN-2025
OPTSTK,UPL,27-Feb-2025,2025-02-27,480.00,CE,0.00,0.00,0.00,85.15,52.55,0,0.00,0,0,06-JAN-2025
OPTSTK,UPL,30-Jan-2025,2025-01-30,480.00,CE,50.25,50.30,50.25,50.30,45.95,2,14.3704525,69105,0,06-JAN-2025
OPTSTK,UPL,30-Jan-2025,2025-01-30,450.00,CE,0.00,0.00,0.00,62.90,73.65,0,0.00,17615,0,06-JAN-2025
FUTSTK,UPL,27-Mar-2025,2025-03-27,,,536.45,542.45,524.70,528.30,528.30,35,253.750172,35230,-1355,06-JAN-2025
OPTSTK,UPL,30-Jan-2025,2025-01-30,660.00,PE,0.00,0.00,0.00,154.45,135.80,0,0.00,5420,0,06-JAN-2025
OPTSTK,UPL,30-Jan-2025,2025-01-30,580.00,CE,2.05,2.65,1.00,1.35,1.35,1336,10530.6880,596200,88075,06-JAN-2025
OPTSTK,UPL,30-Jan-2025,2025-01-30,498.80,PE,3.45,6.30,3.45,6.30,6.30,60,409.452545,58265,1355,06-JAN-2025
OPTSTK,UPL,30-Jan-2025,2025-01-30,630.00,CE,0.30,0.40,0.30,0.30,0.10,25,213.522255,51490,-4065,06-JAN-2025
FUTSTK,UPL,27-Feb-2025,2025-02-27,,,531.55,539.55,520.50,525.00,525.00,246,1768.75196,819775,42005,06-JAN-2025
OPTSTK,UPL,30-Jan-2025,2025-01-30,570.00,PE,41.15,51.95,38.35,48.20,49.05,26,216.753252,111110,5420,06-JAN-2025
OPTSTK,UPL,27-Feb-2025,2025-02-27,450.00,CE,0.00,0.00,0.00,62.95,77.70,0,0.00,0,0,06-JAN-2025
OPTSTK,UPL,27-Mar-2025,2025-03-27,600.00,PE,0.00,0.00,0.00,97.70,77.85,0,0.00,0,0,06-JAN-2025
OPTSTK,UPL,27-Feb-2025,2025-02-27,460.00,CE,0.00,0.00,0.00,101.10,68.90,0,0.00,0,0,06-JAN-2025
OPTSTK,UPL,27-Mar-2025,2025-03-27,460.00,CE,0.00,0.00,0.00,61.80,73.85,0,0.00,0,0,06-JAN-2025
OPTSTK,UPL,30-Jan-2025,2025-01-30,600.00,PE,67.00,67.50,67.00,67.50,76.70,11,99.4238025,144985,2710,06-JAN-2025
OPTSTK,UPL,27-Mar-2025,2025-03-27,460.00,PE,0.00,0.00,0.00,13.80,5.80,0,0.00,0,0,06-JAN-2025
OPTSTK,SYNGENE,30-Jan-2025,2025-01-30,1000.00,CE,0.95,1.25,0.50,1.20,1.20,76,760.726,285000,2000,06-JAN-2025
OPTSTK,SYNGENE,30-Jan-2025,2025-01-30,1000.00,PE,0.00,0.00,0.00,136.20,133.70,0,0.00,0,0,06-JAN-2025
OPTSTK,SYNGENE,27-Feb-2025,2025-02-27,820.00,PE,20.00,20.00,20.00,20.00,13.45,1,8.4,5000,1000,06-JAN-2025
OPTSTK,SYNGENE,27-Feb-2025,2025-02-27,760.00,PE,0.00,0.00,0.00,5.10,2.95,0,0.00,0,0,06-JAN-2025
OPTSTK,SYNGENE,30-Jan-2025,2025-01-30,810.00,PE,8.30,11.25,7.55,8.65,8.65,65,532.5025,61000,2000,06-JAN-2025
OPTSTK,SYNGENE,30-Jan-2025,2025-01-30,810.00,CE,50.15,50.15,50.15,50.15,60.30,1,8.6015,1000,1000,06-JAN-2025
OPTSTK,SYNGENE,27-Mar-2025,2025-03-27,900.00,PE,0.00,0.00,0.00,74.25,55.60,0,0.00,0,0,06-JAN-2025
FUTSTK,SYNGENE,27-Feb-2025,2025-02-27,,,862.15,871.15,853.20,869.05,869.05,74,638.7205,66000,-8000,06-JAN-2025
OPTSTK,SYNGENE,27-Feb-2025,2025-02-27,810.00,PE,0.00,0.00,0.00,23.15,10.85,0,0.00,0,0,06-JAN-2025
OPTSTK,SYNGENE,30-Jan-2025,2025-01-30,950.00,CE,3.00,4.75,2.35,4.35,4.35,233,2222.9715,126000,-15000,06-JAN-2025
OPTSTK,SYNGENE,30-Jan-2025,2025-01-30,900.00,CE,11.20,14.80,8.20,13.75,13.75,637,5808.782,208000,-58000,06-JAN-2025
OPTSTK,SYNGENE,27-Mar-2025,2025-03-27,900.00,CE,0.00,0.00,0.00,37.10,31.00,0,0.00,0,0,06-JAN-2025
OPTSTK,SYNGENE,30-Jan-2025,2025-01-30,920.00,CE,6.10,9.50,5.05,8.95,8.95,104,964.5785,150000,4000,06-JAN-2025
FUTSTK,SYNGENE,27-Mar-2025,2025-03-27,,,0.00,0.00,0.00,862.20,875.05,0,0.00,0,0,06-JAN-2025
OPTSTK,SYNGENE,27-Mar-2025,2025-03-27,880.00,PE,0.00,0.00,0.00,62.25,44.20,0,0.00,0,0,06-JAN-2025
OPTSTK,SYNGENE,27-Mar-2025,2025-03-27,880.00,CE,0.00,0.00,0.00,44.75,39.30,0,0.00,0,0,06-JAN-2025
OPTSTK,SYNGENE,27-Feb-2025,2025-02-27,810.00,CE,0.00,0.00,0.00,69.90,70.80,0,0.00,0,0,06-JAN-2025
OPTSTK,SYNGENE,30-Jan-2025,2025-01-30,720.00,PE,0.35,0.65,0.30,0.60,0.60,134,965.481,198000,5000,06-JAN-2025
OPTSTK,SYNGENE,27-Mar-2025,2025-03-27,720.00,CE,0.00,0.00,0.00,146.95,154.90,0,0.00,0,0,06-JAN-2025
OPTSTK,SYNGENE,27-Mar-2025,2025-03-27,720.00,PE,0.00,0.00,0.00,7.35,2.15,0,0.00,0,0,06-JAN-2025
OPTSTK,SYNGENE,30-Jan-2025,2025-01-30,950.00,PE,0.00,0.00,0.00,82.00,85.80,0,0.00,1000,0,06-JAN-2025
OPTSTK,SYNGENE,30-Jan-2025,2025-01-30,720.00,CE,0.00,0.00,0.00,158.55,145.45,0,0.00,0,0,06-JAN-2025
OPTSTK,SYNGENE,30-Jan-2025,2025-01-30,890.00,CE,11.80,17.85,10.60,17.25,17.25,96,868.4015,37000,-14000,06-JAN-2025
OPTSTK,SYNGENE,27-Feb-2025,2025-02-27,890.00,PE,0.00,0.00,0.00,62.50,44.40,0,0.00,0,0,06-JAN-2025
OPTSTK,SYNGENE,27-Feb-2025,2025-02-27,770.00,CE,0.00,0.00,0.00,98.10,103.50,0,0.00,0,0,06-JAN-2025
OPTSTK,SYNGENE,30-Jan-2025,2025-01-30,860.00,CE,20.40,31.05,20.40,29.70,29.70,319,2830.109,200000,32000,06-JAN-2025
OPTSTK,SYNGENE,27-Mar-2025,2025-03-27,860.00,PE,0.00,0.00,0.00,51.35,34.25,0,0.00,0,0,06-JAN-2025
OPTSTK,SYNGENE,27-Mar-2025,2025-03-27,860.00,CE,0.00,0.00,0.00,53.50,49.05,0,0.00,0,0,06-JAN-2025
OPTSTK,SYNGENE,30-Jan-2025,2025-01-30,830.00,CE,39.65,49.50,39.65,45.35,44.70,3,26.245,2000,-1000,06-JAN-2025
OPTSTK,SYNGENE,30-Jan-2025,2025-01-30,970.00,PE,0.00,0.00,0.00,70.50,104.60,0,0.00,0,0,06-JAN-2025
OPTSTK,SYNGENE,27-Feb-2025,2025-02-27,970.00,PE,0.00,0.00,0.00,121.85,104.50,0,0.00,0,0,06-JAN-2025
OPTSTK,SYNGENE,30-Jan-2025,2025-01-30,970.00,CE,0.00,0.00,0.00,29.55,1.10,0,0.00,0,0,06-JAN-2025
OPTSTK,HFCL,30-Jan-2025,2025-01-30,90.00,CE,0.00,0.00,0.00,45.15,17.50,0,0.00,0,0,06-JAN-2025
OPTSTK,HFCL,27-Feb-2025,2025-02-27,90.00,CE,0.00,0.00,0.00,46.45,19.20,0,0.00,0,0,06-JAN-2025
OPTSTK,HFCL,27-Mar-2025,2025-03-27,95.00,PE,0.00,0.00,0.00,4.85,4.50,0,0.00,0,0,06-JAN-2025
OPTSTK,HFCL,27-Mar-2025,2025-03-27,90.00,PE,0.00,0.00,0.00,3.50,3.05,0,0.00,0,0,06-JAN-2025
OPTSTK,HFCL,30-Jan-2025,2025-01-30,130.00,CE,0.75,0.75,0.30,0.35,0.35,492,2663.7522,1863350,240700,06-JAN-2025
OPTSTK,HFCL,27-Feb-2025,2025-02-27,127.50,PE,0.00,0.00,0.00,18.75,22.15,0,0.00,0,0,06-JAN-2025
OPTSTK,HFCL,30-Jan-2025,2025-01-30,127.50,CE,1.00,1.00,0.40,0.40,0.65,75,398.551475,302950,37350,06-JAN-2025
OPTSTK,HFCL,27-Feb-2025,2025-02-27,112.50,CE,0.00,0.00,0.00,13.45,6.25,0,0.00,0,0,06-JAN-2025
OPTSTK,HFCL,30-Jan-2025,2025-01-30,112.50,CE,5.25,5.40,2.45,2.50,2.50,180,866.9682,394250,37350,06-JAN-2025
OPTSTK,HFCL,30-Jan-2025,2025-01-30,117.50,CE,4.25,4.25,1.30,1.35,1.35,222,1099.76245,693050,153550,06-JAN-2025
OPTSTK,HFCL,27-Feb-2025,2025-02-27,117.50,CE,0.00,0.00,0.00,11.20,4.60,0,0.00,0,0,06-JAN-2025
OPTSTK,HFCL,27-Feb-2025,2025-02-27,117.50,PE,0.00,0.00,0.00,12.55,14.45,0,0.00,0,0,06-JAN-2025
OPTSTK,HFCL,27-Feb-2025,2025-02-27,105.00,CE,0.00,0.00,0.00,34.55,9.50,0,0.00,0,0,06-JAN-2025
OPTSTK,HFCL,27-Mar-2025,2025-03-27,115.00,PE,0.00,0.00,0.00,13.15,14.35,0,0.00,0,0,06-JAN-2025
OPTSTK,HFCL,27-Mar-2025,2025-03-27,115.00,CE,0.00,0.00,0.00,14.90,7.50,0,0.00,0,0,06-JAN-2025
OPTSTK,HFCL,30-Jan-2025,2025-01-30,115.00,CE,4.30,4.30,1.75,1.90,1.90,1118,5459.574,2207800,419150,06-JAN-2025
OPTSTK,HFCL,27-Feb-2025,2025-02-27,130.00,PE,0.00,0.00,0.00,13.95,24.25,0,0.00,0,0,06-JAN-2025
OPTSTK,HFCL,30-Jan-2025,2025-01-30,130.00,PE,0.00,0.00,0.00,17.30,23.40,0,0.00,124500,0,06-JAN-2025
OPTSTK,HFCL,30-Jan-2025,2025-01-30,140.00,PE,0.00,0.00,0.00,24.85,33.00,0,0.00,24900,0,06-JAN-2025
OPTSTK,HFCL,30-Jan-2025,2025-01-30,120.00,CE,2.60,2.60,0.95,1.00,1.00,1221,6160.68122,2855200,-373500,06-JAN-2025
OPTSTK,HFCL,30-Jan-2025,2025-01-30,122.50,PE,0.00,0.00,0.00,10.05,16.65,0,0.00,215800,0,06-JAN-2025
OPTSTK,HFCL,27-Feb-2025,2025-02-27,135.00,PE,0.00,0.00,0.00,16.60,28.60,0,0.00,0,0,06-JAN-2025
OPTSTK,HFCL,27-Feb-2025,2025-02-27,100.00,CE,0.00,0.00,0.00,38.30,12.25,0,0.00,0,0,06-JAN-2025
OPTSTK,HFCL,27-Feb-2025,2025-02-27,115.00,PE,0.00,0.00,0.00,6.75,12.75,0,0.00,4150,0,06-JAN-2025
OPTSTK,HFCL,27-Feb-2025,2025-02-27,122.50,PE,0.00,0.00,0.00,15.50,18.15,0,0.00,0,0,06-JAN-2025
OPTSTK,HFCL,27-Feb-2025,2025-02-27,140.00,CE,0.00,0.00,0.00,5.60,0.95,0,0.00,4150,0,06-JAN-2025
OPTSTK,HFCL,27-Mar-2025,2025-03-27,90.00,CE,0.00,0.00,0.00,29.80,20.85,0,0.00,0,0,06-JAN-2025
OPTSTK,HFCL,27-Feb-2025,2025-02-27,130.00,CE,0.00,0.00,0.00,19.50,2.00,0,0.00,0,0,06-JAN-2025
FUTSTK,HFCL,27-Mar-2025,2025-03-27,,,111.91,111.91,108.29,108.29,108.29,28,127.827055,83000,58100,06-JAN-2025
OPTSTK,HFCL,30-Jan-2025,2025-01-30,135.00,CE,0.30,0.35,0.15,0.20,0.20,136,763.502475,1402700,286350,06-JAN-2025
OPTSTK,HFCL,27-Feb-2025,2025-02-27,135.00,CE,0.00,0.00,0.00,17.20,1.40,0,0.00,0,0,06-JAN-2025
OPTSTK,HFCL,27-Feb-2025,2025-02-27,92.50,PE,0.00,0.00,0.00,2.75,2.45,0,0.00,0,0,06-JAN-2025
OPTSTK,HFCL,30-Jan-2025,2025-01-30,92.50,CE,0.00,0.00,0.00,38.90,15.30,0,0.00,0,0,06-JAN-2025
OPTSTK,PNB,27-Feb-2025,2025-02-27,96.00,CE,0.00,0.00,0.00,16.30,9.40,0,0.00,0,0,06-JAN-2025
OPTSTK,PNB,27-Mar-2025,2025-03-27,96.00,PE,2.50,2.50,2.50,2.50,3.75,1,7.88,8000,8000,06-JAN-2025
OPTSTK,PNB,30-Jan-2025,2025-01-30,103.00,CE,4.35,4.35,3.00,3.15,3.15,1422,12100.272,4312000,2248000,06-JAN-2025
OPTSTK,PNB,27-Feb-2025,2025-02-27,109.00,CE,0.00,0.00,0.00,4.45,3.20,0,0.00,40000,0,06-JAN-2025
OPTSTK,PNB,30-Jan-2025,2025-01-30,109.00,CE,1.95,1.95,1.10,1.15,1.15,568,5010.64,1960000,-296000,06-JAN-2025
OPTSTK,PNB,27-Feb-2025,2025-02-27,109.00,PE,0.00,0.00,0.00,10.75,9.40,0,0.00,0,0,06-JAN-2025
OPTSTK,PNB,30-Jan-2025,2025-01-30,109.00,PE,5.65,8.05,5.40,7.95,7.95,149,1383.736,592000,-208000,06-JAN-2025
OPTSTK,PNB,27-Feb-2025,2025-02-27,107.00,PE,0.00,0.00,0.00,5.55,8.10,0,0.00,8000,0,06-JAN-2025
OPTSTK,PNB,30-Jan-2025,2025-01-30,86.00,PE,0.10,0.25,0.10,0.25,0.25,105,723.896,2656000,24000,06-JAN-2025
OPTSTK,PNB,27-Mar-2025,2025-03-27,120.00,CE,0.00,0.00,0.00,3.80,2.00,0,0.00,0,0,06-JAN-2025
OPTSTK,PNB,30-Jan-2025,2025-01-30,120.00,CE,0.30,0.30,0.15,0.20,0.20,2068,19887.824,10736000,368000,06-JAN-2025
OPTSTK,PNB,27-Feb-2025,2025-02-27,102.00,PE,0.00,0.00,0.00,6.55,5.25,0,0.00,0,0,06-JAN-2025
OPTSTK,PNB,27-Mar-2025,2025-03-27,102.00,PE,0.00,0.00,0.00,7.95,6.35,0,0.00,0,0,06-JAN-2025
OPTSTK,PNB,27-Feb-2025,2025-02-27,102.00,CE,6.00,6.00,6.00,6.00,6.00,2,17.28,8000,-8000,06-JAN-2025
OPTSTK,PNB,27-Mar-2025,2025-03-27,102.00,CE,0.00,0.00,0.00,3.00,7.60,0,0.00,32000,0,06-JAN-2025
OPTSTK,PNB,27-Feb-2025,2025-02-27,115.00,PE,0.00,0.00,0.00,14.90,13.90,0,0.00,0,0,06-JAN-2025
OPTSTK,PNB,30-Jan-2025,2025-01-30,119.00,CE,0.30,0.30,0.15,0.15,0.15,49,467.468,520000,96000,06-JAN-2025
OPTSTK,PNB,27-Feb-2025,2025-02-27,92.00,CE,0.00,0.00,0.00,19.05,12.25,0,0.00,0,0,06-JAN-2025
OPTSTK,PNB,30-Jan-2025,2025-01-30,121.00,CE,0.20,0.20,0.15,0.15,0.15,86,833.552,1088000,152000,06-JAN-2025
OPTSTK,PNB,27-Feb-2025,2025-02-27,86.00,PE,0.00,0.00,0.00,1.75,0.60,0,0.00,0,0,06-JAN-2025
OPTSTK,PNB,30-Jan-2025,2025-01-30,98.00,CE,6.65,7.45,5.95,6.10,6.10,26,217.768,120000,8000,06-JAN-2025
OPTSTK,PNB,27-Feb-2025,2025-02-27,98.00,PE,0.00,0.00,0.00,4.95,3.45,0,0.00,0,0,06-JAN-2025
OPTSTK,PNB,30-Jan-2025,2025-01-30,93.00,CE,0.00,0.00,0.00,16.80,9.90,0,0.00,0,0,06-JAN-2025
OPTSTK,PNB,27-Feb-2025,2025-02-27,95.00,PE,1.90,2.35,1.90,2.20,2.20,68,528.08,360000,336000,06-JAN-2025
OPTSTK,PNB,27-Mar-2025,2025-03-27,114.00,PE,0.00,0.00,0.00,15.10,13.80,0,0.00,0,0,06-JAN-2025
OPTSTK,PNB,30-Jan-2025,2025-01-30,114.00,PE,0.00,0.00,0.00,18.15,12.35,0,0.00,0,0,06-JAN-2025
OPTSTK,PNB,27-Feb-2025,2025-02-27,99.00,PE,0.00,0.00,0.00,5.35,3.85,0,0.00,0,0,06-JAN-2025
OPTSTK,PNB,30-Jan-2025,2025-01-30,99.00,PE,1.15,2.45,1.15,2.20,2.20,462,3732.076,1288000,-24000,06-JAN-2025
OPTSTK,PNB,30-Jan-2025,2025-01-30,99.00,CE,6.40,6.40,5.50,5.60,5.60,11,92.1,232000,-32000,06-JAN-2025
OPTSTK,PNB,27-Feb-2025,2025-02-27,99.00,CE,0.00,0.00,0.00,9.75,7.55,0,0.00,0,0,06-JAN-2025
OPTSTK,PNB,27-Mar-2025,2025-03-27,106.00,CE,0.00,0.00,0.00,8.15,5.80,0,0.00,0,0,06-JAN-2025
OPTSTK,PNB,27-Feb-2025,2025-02-27,106.00,PE,0.00,0.00,0.00,4.20,7.50,0,0.00,144000,0,06-JAN-2025
OPTSTK,PNB,30-Jan-2025,2025-01-30,104.00,CE,4.45,4.55,2.55,2.70,2.70,1351,11562.66,3456000,1048000,06-JAN-2025
FUTSTK,IDEA,30-Jan-2025,2025-01-30,,,8.33,8.38,7.86,7.90,7.90,11245,36197.5,3220040000,15280000,06-JAN-2025
OPTSTK,IDEA,27-Feb-2025,2025-02-27,5.00,PE,0.05,0.05,0.05,0.05,0.05,1,2.02,40000,40000,06-JAN-2025
OPTSTK,IDEA,27-Feb-2025,2025-02-27,12.00,PE,3.75,3.75,3.75,3.75,4.05,2,12.6,160000,80000,06-JAN-2025
OPTSTK,IDEA,27-Feb-2025,2025-02-27,4.00,PE,0.00,0.00,0.00,0.05,0.05,0,0.00,0,0,06-JAN-2025
OPTSTK,IDEA,27-Feb-2025,2025-02-27,4.00,CE,0.00,0.00,0.00,4.45,3.90,0,0.00,0,0,06-JAN-2025
OPTSTK,IDEA,27-Mar-2025,2025-03-27,4.00,PE,0.05,0.05,0.05,0.05,0.05,4,6.48,160000,160000,06-JAN-2025
OPTSTK,IDEA,27-Mar-2025,2025-03-27,4.00,CE,0.00,0.00,0.00,3.70,3.95,0,0.00,0,0,06-JAN-2025
OPTSTK,IDEA,27-Mar-2025,2025-03-27,2.00,PE,0.00,0.00,0.00,0.05,0.05,0,0.00,1000000,0,06-JAN-2025
OPTSTK,IDEA,30-Jan-2025,2025-01-30,5.00,CE,0.00,0.00,0.00,3.30,2.90,0,0.00,320000,0,06-JAN-2025
OPTSTK,IDEA,27-Feb-2025,2025-02-27,11.00,PE,0.00,0.00,0.00,3.45,3.10,0,0.00,0,0,06-JAN-2025
OPTSTK,IDEA,27-Feb-2025,2025-02-27,11.00,CE,0.10,0.10,0.10,0.10,0.10,16,71.04,1920000,520000,06-JAN-2025
OPTSTK,IDEA,30-Jan-2025,2025-01-30,11.00,CE,0.05,0.05,0.05,0.05,0.05,10,44.2,33200000,400000,06-JAN-2025
OPTSTK,IDEA,30-Jan-2025,2025-01-30,12.00,CE,0.00,0.00,0.00,0.05,0.05,0,0.00,17720000,0,06-JAN-2025
OPTSTK,IDEA,27-Feb-2025,2025-02-27,12.00,CE,0.10,0.10,0.05,0.10,0.05,22,106.28,5480000,200000,06-JAN-2025
OPTSTK,IDEA,27-Mar-2025,2025-03-27,12.00,CE,0.20,0.20,0.15,0.15,0.10,17,82.64,2320000,-80000,06-JAN-2025
OPTSTK,IDEA,27-Mar-2025,2025-03-27,12.00,PE,0.00,0.00,0.00,4.40,4.05,0,0.00,0,0,06-JAN-2025
FUTSTK,IDEA,27-Feb-2025,2025-02-27,,,8.41,8.42,7.92,7.96,7.96,1050,3409.228,148880000,2800000,06-JAN-2025
OPTSTK,IDEA,27-Feb-2025,2025-02-27,8.00,CE,0.85,0.85,0.60,0.65,0.65,514,1790.86,18000000,2280000,06-JAN-2025
OPTSTK,IDEA,30-Jan-2025,2025-01-30,8.00,PE,0.20,0.45,0.20,0.45,0.45,3940,13174.08,108560000,4840000,06-JAN-2025
OPTSTK,IDEA,30-Jan-2025,2025-01-30,8.00,CE,0.60,0.60,0.30,0.35,0.35,9231,31059.1,162320000,13120000,06-JAN-2025
OPTSTK,IDEA,27-Mar-2025,2025-03-27,8.00,PE,0.65,0.80,0.65,0.80,0.80,56,195.4,6080000,960000,06-JAN-2025
OPTSTK,IDEA,27-Feb-2025,2025-02-27,8.00,PE,0.45,0.70,0.45,0.65,0.65,170,584.84,11760000,1600000,06-JAN-2025
OPTSTK,IDEA,27-Mar-2025,2025-03-27,8.00,CE,1.00,1.05,0.90,0.90,0.90,83,296.68,4480000,1400000,06-JAN-2025
OPTSTK,ATUL,27-Feb-2025,2025-02-27,6900.00,PE,0.00,0.00,0.00,243.15,287.90,0,0.00,0,0,06-JAN-2025
OPTSTK,AUBANK,27-Feb-2025,2025-02-27,490.00,PE,0.00,0.00,0.00,8.55,2.85,0,0.00,0,0,06-JAN-2025
OPTSTK,ATUL,30-Jan-2025,2025-01-30,7600.00,CE,37.00,37.00,37.00,37.00,12.65,1,7.637,600,0,06-JAN-2025
OPTSTK,ATUL,30-Jan-2025,2025-01-30,6400.00,PE,67.25,67.25,66.00,66.00,66.00,7,45.26575,1100,-400,06-JAN-2025
OPTSTK,ATUL,27-Feb-2025,2025-02-27,6400.00,CE,0.00,0.00,0.00,1051.80,559.40,0,0.00,0,0,06-JAN-2025
OPTSTK,ATUL,30-Jan-2025,2025-01-30,6000.00,PE,10.00,21.90,10.00,17.00,17.00,125,752.2472,11400,6700,06-JAN-2025
OPTSTK,AUBANK,27-Feb-2025,2025-02-27,550.00,CE,32.00,32.00,32.00,32.00,33.00,1,5.82,6000,1000,06-JAN-2025
OPTSTK,AUBANK,30-Jan-2025,2025-01-30,650.00,CE,2.45,2.75,1.05,1.15,1.15,304,1981.329,161000,-7000,06-JAN-2025
OPTSTK,AUBANK,30-Jan-2025,2025-01-30,650.00,PE,0.00,0.00,0.00,83.25,87.85,0,0.00,96000,0,06-JAN-2025
OPTSTK,AUBANK,27-Mar-2025,2025-03-27,650.00,CE,11.60,11.60,5.10,5.30,7.45,11,72.388,6000,6000,06-JAN-2025
OPTSTK,ATUL,27-Feb-2025,2025-02-27,6500.00,PE,0.00,0.00,0.00,115.90,121.05,0,0.00,0,0,06-JAN-2025
OPTSTK,AUBANK,27-Feb-2025,2025-02-27,505.00,CE,0.00,0.00,0.00,61.95,64.55,0,0.00,0,0,06-JAN-2025
OPTSTK,AUBANK,27-Feb-2025,2025-02-27,505.00,PE,0.00,0.00,0.00,12.35,4.95,0,0.00,0,0,06-JAN-2025
OPTSTK,AUBANK,30-Jan-2025,2025-01-30,630.00,CE,5.00,5.05,1.95,2.05,2.05,291,1842.3905,92000,20000,06-JAN-2025
OPTSTK,AUBANK,30-Jan-2025,2025-01-30,600.00,CE,11.15,12.30,5.05,5.25,5.25,2529,15363.214,1428000,390000,06-JAN-2025
OPTSTK,AUBANK,30-Jan-2025,2025-01-30,620.00,PE,55.00,55.00,55.00,55.00,59.60,1,6.75,21000,1000,06-JAN-2025
OPTSTK,AUBANK,30-Jan-2025,2025-01-30,560.00,CE,30.20,32.10,15.85,16.60,16.60,857,4961.2935,438000,16000,06-JAN-2025
OPTSTK,AUBANK,30-Jan-2025,2025-01-30,510.00,CE,0.00,0.00,0.00,44.00,54.00,0,0.00,2000,0,06-JAN-2025
OPTSTK,AUBANK,30-Jan-2025,2025-01-30,700.00,CE,0.60,1.05,0.30,0.45,0.45,85,595.4545,95000,37000,06-JAN-2025
OPTSTK,ATUL,27-Feb-2025,2025-02-27,7800.00,CE,0.00,0.00,0.00,284.95,35.85,0,0.00,0,0,06-JAN-2025
OPTSTK,ATUL,30-Jan-2025,2025-01-30,7800.00,CE,0.00,0.00,0.00,581.30,5.00,0,0.00,0,0,06-JAN-2025
OPTSTK,ATUL,27-Feb-2025,2025-02-27,7800.00,PE,0.00,0.00,0.00,719.85,956.20,0,0.00,0,0,06-JAN-2025
OPTSTK,AUBANK,27-Feb-2025,2025-02-27,670.00,CE,0.00,0.00,0.00,4.40,1.95,0,0.00,0,0,06-JAN-2025
OPTSTK,AUBANK,30-Jan-2025,2025-01-30,670.00,CE,1.35,1.50,0.60,0.75,0.15,15,100.648,23000,0,06-JAN-2025
OPTSTK,AUBANK,27-Feb-2025,2025-02-27,670.00,PE,0.00,0.00,0.00,117.70,105.75,0,0.00,0,0,06-JAN-2025
OPTSTK,AUBANK,27-Feb-2025,2025-02-27,500.00,PE,5.10,7.45,4.90,7.20,4.15,10,50.63,31000,2000,06-JAN-2025
OPTSTK,AUBANK,30-Jan-2025,2025-01-30,540.00,CE,32.50,34.30,26.65,27.75,27.75,62,353.1725,94000,-9000,06-JAN-2025
OPTSTK,AUBANK,27-Feb-2025,2025-02-27,470.00,PE,0.00,0.00,0.00,4.95,1.20,0,0.00,0,0,06-JAN-2025
OPTSTK,AUBANK,27-Feb-2025,2025-02-27,590.00,CE,0.00,0.00,0.00,19.10,15.20,0,0.00,0,0,06-JAN-2025
OPTSTK,AUBANK,30-Jan-2025,2025-01-30,590.00,CE,13.65,16.25,6.80,7.00,7.00,1261,7563.985,398000,216000,06-JAN-2025
OPTSTK,AUBANK,27-Feb-2025,2025-02-27,565.00,PE,0.00,0.00,0.00,37.80,25.00,0,0.00,0,0,06-JAN-2025
OPTSTK,AUBANK,30-Jan-2025,2025-01-30,565.00,PE,11.45,24.50,11.45,23.10,23.10,563,3289.589,87000,14000,06-JAN-2025
OPTSTK,POONAWALLA,30-Jan-2025,2025-01-30,365.00,PE,0.00,0.00,0.00,48.20,51.35,0,0.00,17400,0,06-JAN-2025
OPTSTK,POONAWALLA,27-Mar-2025,2025-03-27,360.00,CE,0.00,0.00,0.00,19.30,9.95,0,0.00,0,0,06-JAN-2025
OPTSTK,POONAWALLA,27-Mar-2025,2025-03-27,360.00,PE,0.00,0.00,0.00,52.35,51.35,0,0.00,0,0,06-JAN-2025
OPTSTK,POONAWALLA,30-Jan-2025,2025-01-30,270.00,PE,1.00,1.40,1.00,1.20,1.20,26,102.2134,126150,-8700,06-JAN-2025
OPTSTK,BERGEPAINT,27-Feb-2025,2025-02-27,450.00,CE,0.00,0.00,0.00,57.55,16.80,0,0.00,0,0,06-JAN-2025
OPTSTK,BERGEPAINT,30-Jan-2025,2025-01-30,370.00,PE,0.00,0.00,0.00,0.10,0.05,0,0.00,0,0,06-JAN-2025
OPTSTK,BERGEPAINT,30-Jan-2025,2025-01-30,370.00,CE,0.00,0.00,0.00,173.55,79.25,0,0.00,0,0,06-JAN-2025
OPTSTK,BERGEPAINT,27-Feb-2025,2025-02-27,460.00,PE,0.00,0.00,0.00,12.85,20.30,0,0.00,0,0,06-JAN-2025
OPTSTK,BERGEPAINT,27-Mar-2025,2025-03-27,460.00,CE,0.00,0.00,0.00,20.85,17.10,0,0.00,0,0,06-JAN-2025
OPTSTK,POONAWALLA,30-Jan-2025,2025-01-30,360.00,PE,0.00,0.00,0.00,41.05,46.75,0,0.00,21750,0,06-JAN-2025
OPTSTK,BERGEPAINT,27-Mar-2025,2025-03-27,360.00,CE,0.00,0.00,0.00,89.10,93.15,0,0.00,0,0,06-JAN-2025
OPTSTK,BERGEPAINT,30-Jan-2025,2025-01-30,550.00,CE,0.00,0.00,0.00,0.30,0.05,0,0.00,67320,0,06-JAN-2025
OPTSTK,BERGEPAINT,30-Jan-2025,2025-01-30,400.00,PE,0.85,1.25,0.85,1.15,1.15,59,312.31662,254760,23760,06-JAN-2025
OPTSTK,BERGEPAINT,27-Feb-2025,2025-02-27,470.00,PE,0.00,0.00,0.00,16.25,26.65,0,0.00,0,0,06-JAN-2025
OPTSTK,POONAWALLA,27-Feb-2025,2025-02-27,370.00,PE,0.00,0.00,0.00,32.40,57.40,0,0.00,0,0,06-JAN-2025
OPTSTK,POONAWALLA,27-Feb-2025,2025-02-27,370.00,CE,0.00,0.00,0.00,41.75,4.25,0,0.00,0,0,06-JAN-2025
OPTSTK,BERGEPAINT,27-Feb-2025,2025-02-27,460.00,CE,0.00,0.00,0.00,50.60,12.30,0,0.00,0,0,06-JAN-2025
OPTSTK,BERGEPAINT,30-Jan-2025,2025-01-30,460.00,PE,12.20,20.60,12.20,18.55,18.55,109,686.763,163680,-5280,06-JAN-2025
OPTSTK,POONAWALLA,27-Feb-2025,2025-02-27,355.00,PE,0.00,0.00,0.00,45.20,45.05,0,0.00,0,0,06-JAN-2025
OPTSTK,POONAWALLA,30-Jan-2025,2025-01-30,355.00,PE,0.00,0.00,0.00,43.15,42.30,0,0.00,1450,0,06-JAN-2025
OPTSTK,BERGEPAINT,27-Feb-2025,2025-02-27,410.00,PE,0.00,0.00,0.00,2.85,2.60,0,0.00,0,0,06-JAN-2025
OPTSTK,BERGEPAINT,27-Mar-2025,2025-03-27,410.00,PE,0.00,0.00,0.00,9.85,4.45,0,0.00,0,0,06-JAN-2025
OPTSTK,BERGEPAINT,30-Jan-2025,2025-01-30,410.00,PE,1.40,2.20,1.40,1.95,1.95,126,684.97638,224400,13200,06-JAN-2025
OPTSTK,POONAWALLA,30-Jan-2025,2025-01-30,400.00,CE,0.25,0.25,0.25,0.25,0.15,6,34.82175,117450,0,06-JAN-2025
OPTSTK,BERGEPAINT,30-Jan-2025,2025-01-30,530.00,PE,0.00,0.00,0.00,83.00,80.10,0,0.00,10560,0,06-JAN-2025
OPTSTK,BERGEPAINT,30-Jan-2025,2025-01-30,470.00,CE,6.65,6.65,3.10,4.30,4.30,378,2366.35344,337920,92400,06-JAN-2025
OPTSTK,BERGEPAINT,27-Mar-2025,2025-03-27,430.00,CE,0.00,0.00,0.00,35.45,33.40,0,0.00,0,0,06-JAN-2025
OPTSTK,BERGEPAINT,30-Jan-2025,2025-01-30,510.00,CE,0.50,0.55,0.50,0.55,0.20,9,60.65136,76560,6600,06-JAN-2025
OPTSTK,BERGEPAINT,27-Feb-2025,2025-02-27,390.00,PE,0.00,0.00,0.00,1.30,0.75,0,0.00,0,0,06-JAN-2025
OPTSTK,BERGEPAINT,27-Feb-2025,2025-02-27,390.00,CE,0.00,0.00,0.00,107.80,62.10,0,0.00,0,0,06-JAN-2025
OPTSTK,POONAWALLA,27-Feb-2025,2025-02-27,315.00,PE,0.00,0.00,0.00,21.55,18.60,0,0.00,0,0,06-JAN-2025
OPTSTK,DLF,30-Jan-2025,2025-01-30,790.00,PE,8.20,18.90,7.80,16.70,16.70,820,5445.05816,353100,110550,06-JAN-2025
OPTSTK,DLF,30-Jan-2025,2025-01-30,790.00,CE,47.75,47.75,32.75,35.70,35.70,87,593.673712,28875,13200,06-JAN-2025
OPTSTK,DLF,27-Mar-2025,2025-03-27,860.00,CE,0.00,0.00,0.00,63.65,32.60,0,0.00,0,0,06-JAN-2025
OPTSTK,DLF,30-Jan-2025,2025-01-30,860.00,PE,36.60,62.05,36.60,57.70,57.70,69,516.471862,319275,3300,06-JAN-2025
OPTSTK,DLF,27-Feb-2025,2025-02-27,860.00,PE,0.00,0.00,0.00,43.20,67.95,0,0.00,825,0,06-JAN-2025
OPTSTK,DLF,30-Jan-2025,2025-01-30,820.00,CE,31.90,33.05,17.75,19.70,19.70,2606,18094.3294,450450,143550,06-JAN-2025
OPTSTK,DLF,30-Jan-2025,2025-01-30,820.00,PE,15.85,33.60,15.65,30.95,30.95,1395,9735.71403,520575,23925,06-JAN-2025
OPTSTK,DLF,30-Jan-2025,2025-01-30,900.00,CE,4.45,4.70,2.25,2.60,2.60,2319,17273.8145,1399200,-50325,06-JAN-2025
OPTSTK,DLF,30-Jan-2025,2025-01-30,950.00,CE,1.40,1.40,0.75,0.90,0.90,211,1655.40746,383625,6600,06-JAN-2025
OPTSTK,DLF,27-Mar-2025,2025-03-27,920.00,PE,0.00,0.00,0.00,105.90,117.40,0,0.00,0,0,06-JAN-2025
FUTSTK,DLF,27-Feb-2025,2025-02-27,,,838.00,841.70,808.75,813.40,813.40,411,2772.62081,569250,40425,06-JAN-2025
OPTSTK,DLF,30-Jan-2025,2025-01-30,880.00,PE,60.05,77.95,60.05,65.00,76.25,15,117.640462,139425,-2475,06-JAN-2025
OPTSTK,DLF,30-Jan-2025,2025-01-30,880.00,CE,13.95,13.95,3.80,4.45,4.45,1949,14226.7995,772200,-248325,06-JAN-2025
OPTSTK,DLF,30-Jan-2025,2025-01-30,850.00,CE,16.05,17.50,8.50,9.65,9.65,2023,14375.7442,1463550,99000,06-JAN-2025
OPTSTK,DLF,27-Mar-2025,2025-03-27,860.00,PE,0.00,0.00,0.00,69.40,74.10,0,0.00,0,0,06-JAN-2025
OPTSTK,DLF,27-Feb-2025,2025-02-27,700.00,CE,0.00,0.00,0.00,143.55,117.60,0,0.00,0,0,06-JAN-2025
OPTSTK,DLF,30-Jan-2025,2025-01-30,700.00,CE,0.00,0.00,0.00,128.00,110.05,0,0.00,1650,0,06-JAN-2025
OPTSTK,DLF,30-Jan-2025,2025-01-30,850.00,PE,29.90,54.10,29.90,51.00,51.00,282,2074.97523,504900,-48675,06-JAN-2025
OPTSTK,DLF,27-Feb-2025,2025-02-27,850.00,CE,24.50,24.50,19.00,19.00,25.20,3,21.5832375,19800,825,06-JAN-2025
OPTSTK,DLF,27-Feb-2025,2025-02-27,850.00,PE,0.00,0.00,0.00,38.95,61.25,0,0.00,1650,0,06-JAN-2025
OPTSTK,DLF,30-Jan-2025,2025-01-30,890.00,CE,8.25,8.25,2.90,3.40,3.40,859,6333.87191,282975,61050,06-JAN-2025
OPTSTK,DLF,30-Jan-2025,2025-01-30,980.00,CE,0.80,0.80,0.45,0.50,0.50,31,250.767825,174900,0,06-JAN-2025
OPTSTK,DLF,30-Jan-2025,2025-01-30,780.00,PE,5.55,15.05,5.50,13.55,13.55,982,6410.65177,437250,40425,06-JAN-2025
OPTSTK,DLF,27-Feb-2025,2025-02-27,840.00,CE,0.00,0.00,0.00,33.85,28.75,0,0.00,4125,0,06-JAN-2025
OPTSTK,DLF,27-Mar-2025,2025-03-27,840.00,PE,0.00,0.00,0.00,59.00,61.70,0,0.00,0,0,06-JAN-2025
OPTSTK,DLF,27-Feb-2025,2025-02-27,700.00,PE,0.00,0.00,0.00,17.05,5.05,0,0.00,0,0,06-JAN-2025
OPTSTK,DLF,30-Jan-2025,2025-01-30,810.00,CE,39.15,39.15,22.00,24.25,24.25,1786,12319.7006,201300,9075,06-JAN-2025
OPTSTK,DLF,27-Mar-2025,2025-03-27,800.00,CE,0.00,0.00,0.00,94.20,58.15,0,0.00,0,0,06-JAN-2025
OPTSTK,DLF,27-Feb-2025,2025-02-27,770.00,CE,0.00,0.00,0.00,100.80,64.15,0,0.00,0,0,06-JAN-2025
OPTSTK,DLF,30-Jan-2025,2025-01-30,770.00,CE,64.50,64.50,45.95,50.70,50.70,8,54.2524125,7425,0,06-JAN-2025
OPTSTK,DLF,30-Jan-2025,2025-01-30,890.00,PE,68.05,88.20,68.05,88.20,84.85,5,39.8574,44550,0,06-JAN-2025
OPTSTK,DLF,27-Mar-2025,2025-03-27,900.00,CE,0.00,0.00,0.00,47.85,21.10,0,0.00,0,0,06-JAN-2025
OPTSTK,RELIANCE,27-Mar-2025,2025-03-27,1380.00,CE,0.00,0.00,0.00,19.20,10.15,0,0.00,0,0,06-JAN-2025
OPTSTK,RELIANCE,27-Feb-2025,2025-02-27,1380.00,CE,8.50,8.50,5.70,5.70,5.70,13,90.146,5500,3500,06-JAN-2025
OPTSTK,RELIANCE,30-Jan-2025,2025-01-30,1380.00,CE,1.40,1.90,0.95,1.10,1.10,1121,7742.47275,422500,-19000,06-JAN-2025
OPTSTK,RELIANCE,27-Mar-2025,2025-03-27,1140.00,PE,0.00,0.00,0.00,24.15,15.40,0,0.00,0,0,06-JAN-2025
OPTSTK,RELIANCE,30-Jan-2025,2025-01-30,1140.00,CE,105.30,107.50,105.30,107.50,86.60,2,12.464,7000,1000,06-JAN-2025
OPTSTK,RELIANCE,27-Mar-2025,2025-03-27,1100.00,CE,0.00,0.00,0.00,151.15,142.15,0,0.00,0,0,06-JAN-2025
OPTSTK,RELIANCE,30-Jan-2025,2025-01-30,1270.00,PE,31.65,56.40,25.95,54.85,54.85,2222,14533.335,843000,-101500,06-JAN-2025
OPTSTK,RELIANCE,27-Feb-2025,2025-02-27,1270.00,PE,40.00,53.40,40.00,51.75,64.60,5,32.8875,3000,1500,06-JAN-2025
OPTSTK,RELIANCE,27-Mar-2025,2025-03-27,1080.00,CE,0.00,0.00,0.00,167.25,159.40,0,0.00,0,0,06-JAN-2025
OPTSTK,RELIANCE,30-Jan-2025,2025-01-30,1160.00,CE,103.65,103.65,69.90,72.00,72.00,112,693.51025,104500,4500,06-JAN-2025
OPTSTK,RELIANCE,27-Feb-2025,2025-02-27,1160.00,PE,6.95,14.50,4.00,14.25,14.25,367,2148.5785,146500,104000,06-JAN-2025
OPTSTK,RELIANCE,30-Jan-2025,2025-01-30,1160.00,PE,3.40,7.85,2.35,7.35,7.35,3867,22531.0252,1314000,-92500,06-JAN-2025
OPTSTK,RELIANCE,30-Jan-2025,2025-01-30,1020.00,CE,0.00,0.00,0.00,331.15,202.55,0,0.00,0,0,06-JAN-2025
OPTSTK,RELIANCE,30-Jan-2025,2025-01-30,1020.00,PE,0.65,1.90,0.40,0.70,0.70,25,127.59925,8000,8000,06-JAN-2025
OPTSTK,RELIANCE,27-Mar-2025,2025-03-27,1200.00,CE,95.00,95.00,76.00,76.00,69.90,19,122.23525,20000,7000,06-JAN-2025
OPTSTK,RELIANCE,27-Feb-2025,2025-02-27,1200.00,CE,77.00,86.00,57.25,58.85,58.85,144,913.5295,132500,16000,06-JAN-2025
OPTSTK,RELIANCE,27-Mar-2025,2025-03-27,1120.00,CE,0.00,0.00,0.00,135.80,125.70,0,0.00,0,0,06-JAN-2025
OPTSTK,RELIANCE,30-Jan-2025,2025-01-30,1120.00,PE,1.45,3.30,1.05,3.10,3.10,2384,13375.981,762000,71500,06-JAN-2025
OPTSTK,RELIANCE,30-Jan-2025,2025-01-30,1190.00,PE,5.95,14.10,4.45,13.15,13.15,6189,37122.9595,561000,-18500,06-JAN-2025
OPTSTK,RELIANCE,27-Feb-2025,2025-02-27,1190.00,CE,0.00,0.00,0.00,67.90,63.05,0,0.00,1000,0,06-JAN-2025
OPTSTK,RELIANCE,27-Feb-2025,2025-02-27,1400.00,PE,139.00,169.95,139.00,169.65,169.65,13,101.1355,26500,4000,06-JAN-2025
OPTSTK,RELIANCE,27-Mar-2025,2025-03-27,1320.00,PE,0.00,0.00,0.00,112.70,103.85,0,0.00,0,0,06-JAN-2025
OPTSTK,RELIANCE,30-Jan-2025,2025-01-30,1440.00,PE,184.75,184.75,179.00,179.00,215.65,3,24.32875,260000,0,06-JAN-2025
OPTSTK,RELIANCE,30-Jan-2025,2025-01-30,1440.00,CE,0.55,0.75,0.45,0.55,0.55,291,2096.0385,429500,14500,06-JAN-2025
OPTSTK,RELIANCE,30-Jan-2025,2025-01-30,1240.00,PE,17.20,35.35,13.70,33.20,33.20,11354,71775.518,1892000,-147500,06-JAN-2025
OPTSTK,RELIANCE,30-Jan-2025,2025-01-30,1460.00,PE,203.30,234.00,200.00,234.00,234.00,4,33.5565,325500,-1000,06-JAN-2025
OPTSTK,RELIANCE,27-Feb-2025,2025-02-27,1460.00,CE,2.00,3.50,2.00,2.55,2.55,12,87.75775,2000,2000,06-JAN-2025
OPTSTK,RELIANCE,30-Jan-2025,2025-01-30,1460.00,CE,0.50,0.55,0.40,0.50,0.50,165,1204.89025,332500,-23500,06-JAN-2025
OPTSTK,RELIANCE,30-Jan-2025,2025-01-30,1500.00,PE,238.55,271.50,231.50,271.25,271.25,104,913.552,3376500,-18000,06-JAN-2025
OPTSTK,RELIANCE,30-Jan-2025,2025-01-30,1410.00,PE,0.00,0.00,0.00,176.00,185.90,0,0.00,17000,0,06-JAN-2025
OPTSTK,RELIANCE,30-Jan-2025,2025-01-30,1480.00,CE,0.40,0.60,0.40,0.45,0.45,73,540.3675,116500,0,06-JAN-2025
OPTSTK,PIIND,27-Feb-2025,2025-02-27,4100.00,CE,0.00,0.00,0.00,249.85,15.60,0,0.00,0,0,06-JAN-2025
OPTSTK,PIIND,30-Jan-2025,2025-01-30,4100.00,CE,10.20,11.00,7.60,7.60,1.95,23,118.129187,17125,500,06-JAN-2025
OPTSTK,PIIND,30-Jan-2025,2025-01-30,4100.00,PE,431.80,460.65,407.75,460.65,483.60,7,39.6236875,2000,125,06-JAN-2025
OPTSTK,PIIND,27-Mar-2025,2025-03-27,4100.00,CE,0.00,0.00,0.00,113.75,35.35,0,0.00,0,0,06-JAN-2025
OPTSTK,PIIND,27-Mar-2025,2025-03-27,4200.00,PE,0.00,0.00,0.00,466.70,561.60,0,0.00,0,0,06-JAN-2025
OPTSTK,PIIND,27-Feb-2025,2025-02-27,4200.00,CE,0.00,0.00,0.00,205.75,8.75,0,0.00,0,0,06-JAN-2025
OPTSTK,PIIND,30-Jan-2025,2025-01-30,4300.00,CE,2.00,3.55,2.00,3.55,0.20,2,10.7569375,4750,0,06-JAN-2025
OPTSTK,PIIND,27-Feb-2025,2025-02-27,4200.00,PE,0.00,0.00,0.00,287.45,568.40,0,0.00,0,0,06-JAN-2025
OPTSTK,PIIND,27-Mar-2025,2025-03-27,3600.00,PE,0.00,0.00,0.00,123.40,137.10,0,0.00,0,0,06-JAN-2025
OPTSTK,PIIND,30-Jan-2025,2025-01-30,3600.00,PE,65.40,108.35,57.80,99.80,99.80,417,1920.66037,40625,5375,06-JAN-2025
OPTSTK,PIIND,30-Jan-2025,2025-01-30,3600.00,CE,139.15,162.00,105.00,114.60,114.60,181,843.512875,12750,5125,06-JAN-2025
OPTSTK,PIIND,30-Jan-2025,2025-01-30,4250.00,CE,0.00,0.00,0.00,9.00,0.35,0,0.00,2750,0,06-JAN-2025
OPTSTK,PIIND,27-Mar-2025,2025-03-27,4200.00,CE,0.00,0.00,0.00,88.55,23.45,0,0.00,0,0,06-JAN-2025
OPTSTK,PIIND,27-Feb-2025,2025-02-27,3600.00,PE,0.00,0.00,0.00,86.00,114.55,0,0.00,1625,0,06-JAN-2025
OPTSTK,PIIND,27-Feb-2025,2025-02-27,4300.00,PE,0.00,0.00,0.00,347.65,663.40,0,0.00,0,0,06-JAN-2025
OPTSTK,PIIND,27-Feb-2025,2025-02-27,3900.00,CE,0.00,0.00,0.00,357.20,43.60,0,0.00,0,0,06-JAN-2025
OPTSTK,PIIND,27-Mar-2025,2025-03-27,4400.00,PE,0.00,0.00,0.00,626.10,744.85,0,0.00,0,0,06-JAN-2025
OPTSTK,PIIND,27-Feb-2025,2025-02-27,4150.00,CE,0.00,0.00,0.00,64.10,11.75,0,0.00,0,0,06-JAN-2025
OPTSTK,PIIND,30-Jan-2025,2025-01-30,3950.00,CE,21.00,27.05,17.40,17.85,17.85,64,317.620625,9375,250,06-JAN-2025
OPTSTK,PIIND,30-Jan-2025,2025-01-30,3750.00,CE,70.05,82.00,49.55,55.50,55.50,214,1020.302,38500,625,06-JAN-2025
OPTSTK,PIIND,27-Feb-2025,2025-02-27,3750.00,PE,0.00,0.00,0.00,160.30,198.50,0,0.00,0,0,06-JAN-2025
OPTSTK,PIIND,30-Jan-2025,2025-01-30,3100.00,PE,4.80,5.95,4.80,5.95,0.45,5,19.4085,6250,375,06-JAN-2025
OPTSTK,PIIND,30-Jan-2025,2025-01-30,3100.00,CE,0.00,0.00,0.00,1445.10,514.40,0,0.00,0,0,06-JAN-2025
OPTSTK,PIIND,30-Jan-2025,2025-01-30,4000.00,CE,18.70,20.55,12.75,13.70,13.70,701,3519.08425,78625,-6625,06-JAN-2025
OPTSTK,PIIND,27-Mar-2025,2025-03-27,3500.00,CE,0.00,0.00,0.00,399.45,247.10,0,0.00,0,0,06-JAN-2025
OPTSTK,PIIND,27-Feb-2025,2025-02-27,3500.00,CE,0.00,0.00,0.00,645.65,207.05,0,0.00,0,0,06-JAN-2025
OPTSTK,PIIND,27-Feb-2025,2025-02-27,3600.00,CE,0.00,0.00,0.00,565.25,149.25,0,0.00,0,0,06-JAN-2025
OPTSTK,PIIND,30-Jan-2025,2025-01-30,3200.00,CE,0.00,0.00,0.00,1347.70,416.35,0,0.00,0,0,06-JAN-2025
OPTSTK,PIIND,30-Jan-2025,2025-01-30,4200.00,PE,0.00,0.00,0.00,420.00,581.85,0,0.00,1250,0,06-JAN-2025
OPTSTK,PIIND,30-Jan-2025,2025-01-30,4200.00,CE,7.05,7.30,5.05,5.05,0.65,34,178.768375,33375,-750,06-JAN-2025
OPTSTK,PIIND,27-Feb-2025,2025-02-27,3900.00,PE,0.00,0.00,0.00,144.30,306.10,0,0.00,0,0,06-JAN-2025
OPTSTK,PIIND,27-Mar-2025,2025-03-27,3900.00,PE,0.00,0.00,0.00,265.40,317.15,0,0.00,0,0,06-JAN-2025
OPTSTK,BEL,27-Feb-2025,2025-02-27,360.00,CE,0.00,0.00,0.00,0.80,0.70,0,0.00,22800,0,06-JAN-2025
OPTSTK,BEL,30-Jan-2025,2025-01-30,360.00,CE,0.20,0.20,0.20,0.20,0.05,15,153.9855,324900,14250,06-JAN-2025
FUTSTK,BEL,27-Feb-2025,2025-02-27,,,294.65,294.65,282.40,283.95,283.95,1022,8374.02675,7159200,615600,06-JAN-2025
OPTSTK,BEL,27-Feb-2025,2025-02-27,265.00,CE,0.00,0.00,0.00,40.90,26.50,0,0.00,0,0,06-JAN-2025
OPTSTK,BEL,27-Mar-2025,2025-03-27,310.00,PE,0.00,0.00,0.00,30.45,33.35,0,0.00,0,0,06-JAN-2025
OPTSTK,BEL,27-Feb-2025,2025-02-27,350.00,PE,0.00,0.00,0.00,51.50,65.65,0,0.00,0,0,06-JAN-2025
OPTSTK,BEL,27-Mar-2025,2025-03-27,300.00,CE,0.00,0.00,0.00,25.50,13.25,0,0.00,0,0,06-JAN-2025
OPTSTK,BEL,27-Feb-2025,2025-02-27,310.00,PE,28.00,32.00,28.00,32.00,31.25,2,19.38,5700,0,06-JAN-2025
OPTSTK,BEL,27-Feb-2025,2025-02-27,240.00,CE,0.00,0.00,0.00,73.60,46.15,0,0.00,0,0,06-JAN-2025
OPTSTK,BEL,30-Jan-2025,2025-01-30,230.00,PE,0.20,0.20,0.20,0.20,0.10,1,6.5607,2850,2850,06-JAN-2025
OPTSTK,BEL,27-Feb-2025,2025-02-27,230.00,PE,0.00,0.00,0.00,2.30,0.80,0,0.00,0,0,06-JAN-2025
OPTSTK,BEL,30-Jan-2025,2025-01-30,345.00,CE,0.30,0.30,0.25,0.25,0.25,55,541.22355,649800,-25650,06-JAN-2025
OPTSTK,BEL,27-Feb-2025,2025-02-27,240.00,PE,1.50,1.50,1.50,1.50,1.70,1,6.88275,5700,2850,06-JAN-2025
OPTSTK,BEL,27-Mar-2025,2025-03-27,240.00,PE,0.00,0.00,0.00,4.30,3.20,0,0.00,0,0,06-JAN-2025
OPTSTK,BEL,30-Jan-2025,2025-01-30,240.00,CE,0.00,0.00,0.00,55.55,43.55,0,0.00,0,0,06-JAN-2025
OPTSTK,BEL,27-Mar-2025,2025-03-27,320.00,CE,8.00,8.00,8.00,8.00,8.00,1,9.348,14250,0,06-JAN-2025
OPTSTK,BEL,30-Jan-2025,2025-01-30,320.00,CE,1.55,1.55,0.90,1.00,1.00,1909,17470.2306,5774100,370500,06-JAN-2025
OPTSTK,BEL,27-Feb-2025,2025-02-27,320.00,PE,0.00,0.00,0.00,28.00,39.10,0,0.00,14250,0,06-JAN-2025
OPTSTK,BEL,27-Feb-2025,2025-02-27,330.00,PE,44.25,47.85,44.25,47.85,47.85,3,32.109525,11400,8550,06-JAN-2025
OPTSTK,BEL,27-Feb-2025,2025-02-27,270.00,PE,4.65,8.50,4.65,7.90,7.90,31,244.169475,65550,25650,06-JAN-2025
OPTSTK,BEL,27-Feb-2025,2025-02-27,255.00,PE,0.00,0.00,0.00,5.00,4.15,0,0.00,0,0,06-JAN-2025
OPTSTK,BEL,30-Jan-2025,2025-01-30,255.00,PE,0.60,1.75,0.55,1.65,1.65,512,3739.78995,453150,302100,06-JAN-2025
OPTSTK,BEL,30-Jan-2025,2025-01-30,275.00,CE,18.80,18.80,13.30,13.80,13.80,90,742.799775,265050,85500,06-JAN-2025
OPTSTK,BEL,30-Jan-2025,2025-01-30,350.00,CE,0.30,0.30,0.20,0.25,0.25,547,5460.21525,4762350,245100,06-JAN-2025
OPTSTK,BEL,27-Feb-2025,2025-02-27,255.00,CE,0.00,0.00,0.00,48.40,33.75,0,0.00,0,0,06-JAN-2025
OPTSTK,BEL,27-Feb-2025,2025-02-27,250.00,PE,2.40,3.90,2.40,3.60,3.60,27,195.123825,68400,65550,06-JAN-2025
OPTSTK,BEL,27-Mar-2025,2025-03-27,250.00,CE,0.00,0.00,0.00,55.95,41.00,0,0.00,0,0,06-JAN-2025
OPTSTK,BEL,30-Jan-2025,2025-01-30,270.00,PE,2.10,4.90,1.70,4.40,4.40,2241,17455.0359,3659400,-34200,06-JAN-2025
OPTSTK,BEL,27-Mar-2025,2025-03-27,270.00,PE,0.00,0.00,0.00,11.80,11.30,0,0.00,0,0,06-JAN-2025
OPTSTK,BEL,27-Feb-2025,2025-02-27,340.00,PE,0.00,0.00,0.00,44.50,56.45,0,0.00,2850,0,06-JAN-2025
OPTSTK,BEL,27-Feb-2025,2025-02-27,290.00,CE,16.05,16.05,12.00,12.40,12.40,48,414.630825,108300,54150,06-JAN-2025
OPTSTK,BEL,30-Jan-2025,2025-01-30,305.00,CE,4.35,4.35,2.40,2.55,2.55,1753,15394.5856,2439600,-17100,06-JAN-2025
OPTSTK,BEL,27-Feb-2025,2025-02-27,325.00,PE,0.00,0.00,0.00,37.10,43.25,0,0.00,0,0,06-JAN-2025
OPTSTK,LALPATHLAB,30-Jan-2025,2025-01-30,3500.00,CE,4.95,19.60,4.00,11.70,11.70,3009,15852.6353,46950,32400,06-JAN-2025
OPTSTK,LALPATHLAB,27-Feb-2025,2025-02-27,3500.00,CE,33.00,36.50,33.00,36.00,13.10,32,169.6956,4800,4800,06-JAN-2025
OPTSTK,LALPATHLAB,30-Jan-2025,2025-01-30,2850.00,PE,36.95,54.00,21.55,45.85,45.85,575,2490.46627,28950,17100,06-JAN-2025
OPTSTK,LALPATHLAB,27-Feb-2025,2025-02-27,2750.00,CE,0.00,0.00,0.00,304.70,305.75,0,0.00,0,0,06-JAN-2025
OPTSTK,LALPATHLAB,30-Jan-2025,2025-01-30,2750.00,CE,330.00,330.00,330.00,330.00,272.30,1,4.62,150,0,06-JAN-2025
OPTSTK,LALPATHLAB,27-Feb-2025,2025-02-27,2750.00,PE,0.00,0.00,0.00,65.65,28.95,0,0.00,0,0,06-JAN-2025
OPTSTK,LALPATHLAB,30-Jan-2025,2025-01-30,2750.00,PE,9.20,31.40,9.20,25.10,25.10,190,788.964975,17550,3150,06-JAN-2025
OPTSTK,LALPATHLAB,30-Jan-2025,2025-01-30,2950.00,PE,56.35,92.50,52.20,82.55,82.55,851,3854.52832,41550,19800,06-JAN-2025
OPTSTK,LALPATHLAB,27-Feb-2025,2025-02-27,3200.00,PE,0.00,0.00,0.00,296.70,230.80,0,0.00,0,0,06-JAN-2025
OPTSTK,LALPATHLAB,27-Feb-2025,2025-02-27,3400.00,PE,0.00,0.00,0.00,437.85,389.90,0,0.00,0,0,06-JAN-2025
OPTSTK,LALPATHLAB,30-Jan-2025,2025-01-30,2900.00,PE,28.45,70.10,28.45,63.05,63.05,1960,8668.49925,76800,22800,06-JAN-2025
OPTSTK,LALPATHLAB,27-Feb-2025,2025-02-27,3250.00,CE,76.90,96.00,75.00,85.00,49.10,34,169.98885,3000,3000,06-JAN-2025
OPTSTK,LALPATHLAB,27-Feb-2025,2025-02-27,2650.00,PE,0.00,0.00,0.00,40.75,14.15,0,0.00,0,0,06-JAN-2025
OPTSTK,LALPATHLAB,30-Jan-2025,2025-01-30,2650.00,PE,7.10,18.65,7.05,14.50,14.50,214,854.9346,8700,-1050,06-JAN-2025
OPTSTK,LALPATHLAB,27-Feb-2025,2025-02-27,3250.00,PE,0.00,0.00,0.00,327.45,267.50,0,0.00,0,0,06-JAN-2025
OPTSTK,LALPATHLAB,27-Feb-2025,2025-02-27,2650.00,CE,0.00,0.00,0.00,378.50,390.00,0,0.00,0,0,06-JAN-2025
OPTSTK,LALPATHLAB,27-Feb-2025,2025-02-27,3050.00,PE,0.00,0.00,0.00,195.40,136.50,0,0.00,0,0,06-JAN-2025
OPTSTK,LALPATHLAB,30-Jan-2025,2025-01-30,3600.00,PE,0.00,0.00,0.00,498.95,584.05,0,0.00,0,0,06-JAN-2025
OPTSTK,LALPATHLAB,27-Feb-2025,2025-02-27,3600.00,CE,22.35,27.55,22.35,27.45,27.45,43,233.88645,5400,5400,06-JAN-2025
OPTSTK,LALPATHLAB,30-Jan-2025,2025-01-30,3000.00,CE,70.00,166.40,67.20,120.20,120.20,9768,45664.8003,129600,66600,06-JAN-2025
OPTSTK,LALPATHLAB,27-Feb-2025,2025-02-27,3150.00,CE,0.00,0.00,0.00,101.35,77.20,0,0.00,0,0,06-JAN-2025
OPTSTK,LALPATHLAB,27-Feb-2025,2025-02-27,3150.00,PE,0.00,0.00,0.00,257.30,196.55,0,0.00,0,0,06-JAN-2025
OPTSTK,LALPATHLAB,27-Feb-2025,2025-02-27,3000.00,CE,0.00,0.00,0.00,217.10,140.20,0,0.00,0,0,06-JAN-2025
OPTSTK,LALPATHLAB,30-Jan-2025,2025-01-30,2800.00,PE,16.00,41.20,16.00,36.00,36.00,1051,4458.87427,49950,20700,06-JAN-2025
FUTSTK,NTPC,27-Feb-2025,2025-02-27,,,343.50,343.50,327.90,328.60,328.60,520,2599.53075,2628000,49500,06-JAN-2025
FUTSTK,IRCTC,27-Mar-2025,2025-03-27,,,808.40,808.40,778.00,782.60,782.60,32,220.673687,45500,14875,06-JAN-2025
OPTSTK,IRCTC,27-Feb-2025,2025-02-27,920.00,PE,0.00,0.00,0.00,118.85,144.05,0,0.00,0,0,06-JAN-2025
OPTSTK,IRCTC,30-Jan-2025,2025-01-30,710.00,PE,1.65,5.15,1.35,4.05,4.05,785,4902.10962,130375,42000,06-JAN-2025
OPTSTK,IRCTC,27-Feb-2025,2025-02-27,710.00,CE,0.00,0.00,0.00,97.25,77.70,0,0.00,0,0,06-JAN-2025
OPTSTK,NTPC,27-Feb-2025,2025-02-27,380.00,CE,2.70,3.00,1.90,1.95,1.95,42,240.8145,78000,13500,06-JAN-2025
OPTSTK,IRCTC,27-Mar-2025,2025-03-27,820.00,CE,0.00,0.00,0.00,47.75,28.95,0,0.00,0,0,06-JAN-2025
OPTSTK,IRCTC,30-Jan-2025,2025-01-30,820.00,PE,34.25,57.80,31.55,53.55,53.55,33,249.365812,215250,-2625,06-JAN-2025
OPTSTK,IRCTC,30-Jan-2025,2025-01-30,820.00,CE,12.90,12.90,5.60,6.15,6.15,1531,11089.554,542500,81375,06-JAN-2025
OPTSTK,NTPC,27-Mar-2025,2025-03-27,300.00,CE,0.00,0.00,0.00,47.55,37.45,0,0.00,0,0,06-JAN-2025
OPTSTK,IRCTC,27-Feb-2025,2025-02-27,760.00,PE,27.00,27.00,27.00,27.00,27.15,2,13.7725,0,-1750,06-JAN-2025
OPTSTK,IRCTC,27-Mar-2025,2025-03-27,640.00,CE,0.00,0.00,0.00,161.45,143.50,0,0.00,0,0,06-JAN-2025
OPTSTK,IRCTC,27-Feb-2025,2025-02-27,680.00,CE,0.00,0.00,0.00,157.30,102.00,0,0.00,0,0,06-JAN-2025
OPTSTK,IRCTC,27-Feb-2025,2025-02-27,880.00,CE,0.00,0.00,0.00,41.60,7.00,0,0.00,0,0,06-JAN-2025
OPTSTK,IRCTC,30-Jan-2025,2025-01-30,780.00,PE,11.45,29.00,11.00,25.15,25.15,1252,8748.83318,458500,11375,06-JAN-2025
OPTSTK,IRCTC,27-Feb-2025,2025-02-27,780.00,CE,0.00,0.00,0.00,87.00,34.65,0,0.00,0,0,06-JAN-2025
OPTSTK,NTPC,30-Jan-2025,2025-01-30,385.00,CE,0.45,0.50,0.35,0.35,0.15,58,335.30925,129000,-55500,06-JAN-2025
OPTSTK,NTPC,27-Mar-2025,2025-03-27,290.00,CE,0.00,0.00,0.00,55.10,45.25,0,0.00,0,0,06-JAN-2025
OPTSTK,NTPC,30-Jan-2025,2025-01-30,290.00,PE,0.35,0.70,0.30,0.65,0.65,329,1433.817,931500,-3000,06-JAN-2025
OPTSTK,NTPC,27-Feb-2025,2025-02-27,300.00,PE,3.50,4.55,3.45,4.40,4.40,50,228.05775,310500,-46500,06-JAN-2025
OPTSTK,IRCTC,27-Feb-2025,2025-02-27,840.00,CE,12.30,12.40,12.20,12.40,14.15,3,22.372875,3500,2625,06-JAN-2025
OPTSTK,IRCTC,30-Jan-2025,2025-01-30,840.00,CE,6.70,6.70,3.10,3.45,3.45,1148,8482.93075,392875,63000,06-JAN-2025
OPTSTK,NTPC,27-Feb-2025,2025-02-27,345.00,CE,0.00,0.00,0.00,16.75,8.65,0,0.00,0,0,06-JAN-2025
OPTSTK,NTPC,27-Mar-2025,2025-03-27,320.00,CE,0.00,0.00,0.00,34.30,24.25,0,0.00,0,0,06-JAN-2025
OPTSTK,NTPC,27-Feb-2025,2025-02-27,320.00,CE,20.50,20.50,18.75,18.75,20.05,2,10.18875,4500,3000,06-JAN-2025
OPTSTK,NTPC,30-Jan-2025,2025-01-30,320.00,PE,2.00,5.45,1.90,5.15,5.15,3409,16562.268,1411500,-16500,06-JAN-2025
OPTSTK,IRCTC,30-Jan-2025,2025-01-30,980.00,CE,0.00,0.00,0.00,0.55,0.05,0,0.00,7000,0,06-JAN-2025
OPTSTK,NTPC,27-Feb-2025,2025-02-27,280.00,PE,1.50,2.25,1.45,2.05,2.05,120,507.219,477000,-49500,06-JAN-2025
FUTSTK,IRCTC,27-Feb-2025,2025-02-27,,,807.25,807.25,772.05,776.80,776.80,231,1586.92187,1033375,53375,06-JAN-2025
OPTSTK,NTPC,27-Feb-2025,2025-02-27,295.00,CE,0.00,0.00,0.00,47.50,37.95,0,0.00,0,0,06-JAN-2025
OPTSTK,IRCTC,30-Jan-2025,2025-01-30,760.00,CE,36.85,36.85,26.25,28.95,28.95,57,393.605187,55125,11375,06-JAN-2025
OPTSTK,IRCTC,30-Jan-2025,2025-01-30,870.00,CE,2.65,2.85,1.40,1.50,1.50,482,3677.67925,282625,-8750,06-JAN-2025
OPTSTK,LAURUSLABS,30-Jan-2025,2025-01-30,680.00,PE,77.50,77.50,76.40,76.40,78.80,2,25.7363,3400,1700,06-JAN-2025
OPTSTK,LAURUSLABS,27-Feb-2025,2025-02-27,540.00,CE,0.00,0.00,0.00,52.40,70.40,0,0.00,0,0,06-JAN-2025
FUTSTK,LAURUSLABS,30-Jan-2025,2025-01-30,,,616.30,616.40,597.30,602.90,602.90,4069,41775.239,22450200,32300,06-JAN-2025
OPTSTK,LAURUSLABS,27-Feb-2025,2025-02-27,650.00,CE,0.00,0.00,0.00,15.70,12.00,0,0.00,15300,0,06-JAN-2025
OPTSTK,LAURUSLABS,30-Jan-2025,2025-01-30,650.00,PE,52.15,56.80,52.15,54.00,51.95,3,35.92015,107100,5100,06-JAN-2025
OPTSTK,LAURUSLABS,30-Jan-2025,2025-01-30,550.00,CE,60.00,60.00,53.30,56.05,54.85,13,134.0246,137700,6800,06-JAN-2025
OPTSTK,LAURUSLABS,27-Feb-2025,2025-02-27,640.00,CE,0.00,0.00,0.00,21.00,14.70,0,0.00,13600,0,06-JAN-2025
OPTSTK,LAURUSLABS,27-Mar-2025,2025-03-27,640.00,PE,0.00,0.00,0.00,79.00,53.10,0,0.00,0,0,06-JAN-2025
OPTSTK,LAURUSLABS,30-Jan-2025,2025-01-30,600.00,PE,15.25,22.40,13.90,20.15,20.15,818,8609.73245,722500,79900,06-JAN-2025
OPTSTK,LAURUSLABS,30-Jan-2025,2025-01-30,570.00,CE,48.00,48.00,38.80,41.00,41.00,45,468.62285,273700,13600,06-JAN-2025
OPTSTK,LAURUSLABS,27-Feb-2025,2025-02-27,680.00,PE,0.00,0.00,0.00,125.45,80.15,0,0.00,0,0,06-JAN-2025
OPTSTK,LAURUSLABS,30-Jan-2025,2025-01-30,590.00,CE,32.00,33.50,25.00,28.80,28.80,169,1775.9968,782000,15300,06-JAN-2025
OPTSTK,LAURUSLABS,30-Jan-2025,2025-01-30,610.00,CE,23.00,23.65,15.75,18.60,18.60,910,9726.7353,999600,100300,06-JAN-2025
OPTSTK,LAURUSLABS,27-Feb-2025,2025-02-27,620.00,CE,27.50,27.50,21.95,22.80,22.80,4,43.7614,40800,1700,06-JAN-2025
OPTSTK,LAURUSLABS,27-Feb-2025,2025-02-27,610.00,CE,28.70,28.70,28.70,28.70,25.75,1,10.8579,10200,1700,06-JAN-2025
OPTSTK,LAURUSLABS,27-Mar-2025,2025-03-27,540.00,CE,0.00,0.00,0.00,63.90,76.85,0,0.00,0,0,06-JAN-2025
OPTSTK,LAURUSLABS,27-Feb-2025,2025-02-27,590.00,CE,0.00,0.00,0.00,29.70,35.75,0,0.00,0,0,06-JAN-2025
OPTSTK,LAURUSLABS,27-Mar-2025,2025-03-27,520.00,CE,0.00,0.00,0.00,76.85,92.80,0,0.00,0,0,06-JAN-2025
OPTSTK,LAURUSLABS,27-Feb-2025,2025-02-27,630.00,PE,0.00,0.00,0.00,67.95,42.30,0,0.00,0,0,06-JAN-2025
OPTSTK,LAURUSLABS,30-Jan-2025,2025-01-30,630.00,CE,12.90,14.15,9.40,11.05,11.05,543,5917.45945,438600,45900,06-JAN-2025
OPTSTK,LAURUSLABS,30-Jan-2025,2025-01-30,600.00,CE,27.60,29.25,20.00,23.20,23.20,1158,12267.0419,1215500,149600,06-JAN-2025
OPTSTK,LAURUSLABS,27-Mar-2025,2025-03-27,680.00,CE,0.00,0.00,0.00,9.50,11.60,0,0.00,3400,0,06-JAN-2025
OPTSTK,LAURUSLABS,27-Feb-2025,2025-02-27,660.00,CE,0.00,0.00,0.00,14.50,9.70,0,0.00,5100,0,06-JAN-2025
OPTSTK,LAURUSLABS,30-Jan-2025,2025-01-30,500.00,CE,100.25,100.25,100.25,100.25,101.90,1,10.20425,15300,0,06-JAN-2025
OPTSTK,LAURUSLABS,30-Jan-2025,2025-01-30,540.00,CE,0.00,0.00,0.00,76.25,63.65,0,0.00,57800,0,06-JAN-2025
OPTSTK,LAURUSLABS,27-Mar-2025,2025-03-27,580.00,PE,0.00,0.00,0.00,41.50,21.55,0,0.00,0,0,06-JAN-2025
OPTSTK,LAURUSLABS,27-Feb-2025,2025-02-27,580.00,PE,0.00,0.00,0.00,51.75,16.55,0,0.00,0,0,06-JAN-2025
OPTSTK,LAURUSLABS,30-Jan-2025,2025-01-30,580.00,CE,39.80,40.05,31.10,35.45,35.45,84,877.7032,646000,1700,06-JAN-2025
OPTSTK,LAURUSLABS,27-Feb-2025,2025-02-27,620.00,PE,0.00,0.00,0.00,78.05,36.05,0,0.00,0,0,06-JAN-2025
OPTSTK,LAURUSLABS,27-Feb-2025,2025-02-27,570.00,CE,0.00,0.00,0.00,38.80,48.05,0,0.00,0,0,06-JAN-2025
OPTSTK,LAURUSLABS,30-Jan-2025,2025-01-30,570.00,PE,6.20,10.30,5.55,9.25,9.25,410,4031.63245,460700,79900,06-JAN-2025
OPTSTK,ABB,30-Jan-2025,2025-01-30,6900.00,PE,251.15,377.60,251.00,335.00,335.00,89,802.761625,32750,-1875,06-JAN-2025
OPTSTK,ABB,30-Jan-2025,2025-01-30,7500.00,CE,32.50,32.50,16.55,18.25,18.25,1057,9938.41925,140750,24500,06-JAN-2025
OPTSTK,ABB,30-Jan-2025,2025-01-30,7200.00,PE,480.00,623.05,480.00,623.05,613.90,17,164.903625,13250,-1000,06-JAN-2025
OPTSTK,ABB,27-Feb-2025,2025-02-27,7200.00,PE,0.00,0.00,0.00,467.60,677.65,0,0.00,0,0,06-JAN-2025
OPTSTK,ABB,27-Mar-2025,2025-03-27,7200.00,PE,0.00,0.00,0.00,659.05,729.75,0,0.00,0,0,06-JAN-2025
OPTSTK,ABB,27-Mar-2025,2025-03-27,6200.00,PE,0.00,0.00,0.00,226.60,214.05,0,0.00,0,0,06-JAN-2025
OPTSTK,ABB,27-Feb-2025,2025-02-27,6200.00,PE,0.00,0.00,0.00,141.90,153.20,0,0.00,0,0,06-JAN-2025
OPTSTK,ABB,30-Jan-2025,2025-01-30,5600.00,CE,0.00,0.00,0.00,1980.55,1051.35,0,0.00,0,0,06-JAN-2025
OPTSTK,ABB,27-Feb-2025,2025-02-27,6400.00,CE,0.00,0.00,0.00,1298.35,504.85,0,0.00,0,0,06-JAN-2025
OPTSTK,ABB,30-Jan-2025,2025-01-30,7200.00,CE,70.40,70.45,37.15,40.80,40.80,1032,9353.51712,85750,20500,06-JAN-2025
OPTSTK,ABB,30-Jan-2025,2025-01-30,8600.00,PE,0.00,0.00,0.00,1592.50,1942.15,0,0.00,1000,0,06-JAN-2025
OPTSTK,ABB,30-Jan-2025,2025-01-30,8800.00,PE,0.00,0.00,0.00,1860.00,2141.00,0,0.00,125,0,06-JAN-2025
OPTSTK,ABB,27-Feb-2025,2025-02-27,7300.00,CE,0.00,0.00,0.00,379.30,142.00,0,0.00,0,0,06-JAN-2025
OPTSTK,ABB,27-Feb-2025,2025-02-27,7300.00,PE,0.00,0.00,0.00,642.45,751.90,0,0.00,0,0,06-JAN-2025
OPTSTK,ABB,30-Jan-2025,2025-01-30,7100.00,CE,95.35,95.35,51.00,53.85,53.85,576,5163.17562,55875,8500,06-JAN-2025
OPTSTK,ABB,30-Jan-2025,2025-01-30,6300.00,CE,0.00,0.00,0.00,1280.20,448.10,0,0.00,0,0,06-JAN-2025
OPTSTK,ABB,27-Feb-2025,2025-02-27,6300.00,PE,0.00,0.00,0.00,189.90,186.10,0,0.00,0,0,06-JAN-2025
OPTSTK,ABB,30-Jan-2025,2025-01-30,8000.00,PE,0.00,0.00,0.00,1175.00,1349.50,0,0.00,7375,0,06-JAN-2025
OPTSTK,ABB,27-Mar-2025,2025-03-27,7600.00,PE,0.00,0.00,0.00,904.30,1023.60,0,0.00,0,0,06-JAN-2025
OPTSTK,ABB,27-Feb-2025,2025-02-27,7600.00,CE,0.00,0.00,0.00,599.75,85.15,0,0.00,0,0,06-JAN-2025
OPTSTK,ABB,27-Feb-2025,2025-02-27,6600.00,PE,0.00,0.00,0.00,243.05,311.25,0,0.00,0,0,06-JAN-2025
OPTSTK,ABB,30-Jan-2025,2025-01-30,7900.00,PE,0.00,0.00,0.00,990.00,1252.15,0,0.00,250,0,06-JAN-2025
OPTSTK,ABB,27-Mar-2025,2025-03-27,8000.00,PE,0.00,0.00,0.00,1184.95,1352.90,0,0.00,0,0,06-JAN-2025
OPTSTK,ABB,27-Feb-2025,2025-02-27,6500.00,PE,0.00,0.00,0.00,254.50,265.05,0,0.00,0,0,06-JAN-2025
OPTSTK,ABB,27-Feb-2025,2025-02-27,5600.00,PE,0.00,0.00,0.00,51.90,35.30,0,0.00,0,0,06-JAN-2025
OPTSTK,ABB,30-Jan-2025,2025-01-30,5600.00,PE,5.25,9.85,5.00,6.00,6.30,22,154.204562,2625,1000,06-JAN-2025
OPTSTK,ABB,27-Mar-2025,2025-03-27,5600.00,PE,0.00,0.00,0.00,91.10,69.30,0,0.00,0,0,06-JAN-2025
OPTSTK,ABB,27-Mar-2025,2025-03-27,6200.00,CE,0.00,0.00,0.00,1083.85,725.35,0,0.00,0,0,06-JAN-2025
OPTSTK,ABB,30-Jan-2025,2025-01-30,8800.00,CE,0.00,0.00,0.00,2.50,0.20,0,0.00,500,0,06-JAN-2025
OPTSTK,ABB,27-Mar-2025,2025-03-27,7400.00,PE,0.00,0.00,0.00,776.95,871.55,0,0.00,0,0,06-JAN-2025
OPTSTK,ABB,27-Feb-2025,2025-02-27,7400.00,CE,132.90,132.90,98.85,98.85,120.30,2,18.7896875,500,125,06-JAN-2025
OPTSTK,ABB,27-Feb-2025,2025-02-27,7400.00,PE,0.00,0.00,0.00,562.75,829.25,0,0.00,0,0,06-JAN-2025
OPTSTK,ABB,27-Feb-2025,2025-02-27,7500.00,CE,0.00,0.00,0.00,309.40,101.45,0,0.00,0,0,06-JAN-2025
OPTIDX,FINNIFTY,27-Feb-2025,2025-02-27,22600.00,CE,0.00,0.00,0.00,2143.00,1156.75,0,0.00,0,0,06-JAN-2025
OPTIDX,FINNIFTY,30-Jan-2025,2025-01-30,22600.00,PE,70.05,166.00,62.00,142.95,142.95,1717,9751.94871,12725,1150,06-JAN-2025
OPTIDX,FINNIFTY,30-Jan-2025,2025-01-30,23150.00,PE,144.40,343.35,142.85,307.65,307.65,2294,13413.732,6775,1850,06-JAN-2025
OPTIDX,FINNIFTY,27-Feb-2025,2025-02-27,22500.00,CE,0.00,0.00,0.00,2219.25,1230.40,0,0.00,0,0,06-JAN-2025
FUTIDX,FINNIFTY,27-Feb-2025,2025-02-27,,,24021.50,24207.20,23501.15,23617.70,23617.70,47,725.730135,2535,1365,06-JAN-2025
FUTIDX,FINNIFTY,27-Mar-2025,2025-03-27,,,0.00,0.00,0.00,23913.35,23665.40,0,0.00,0,0,06-JAN-2025
OPTIDX,FINNIFTY,27-Mar-2025,2025-03-27,22200.00,PE,0.00,0.00,0.00,266.30,203.95,0,0.00,0,0,06-JAN-2025
OPTIDX,FINNIFTY,30-Jan-2025,2025-01-30,25150.00,CE,46.95,48.60,25.00,29.60,29.60,314,1977.30601,4025,2575,06-JAN-2025
OPTIDX,FINNIFTY,27-Mar-2025,2025-03-27,23400.00,CE,0.00,0.00,0.00,1155.50,858.85,0,0.00,0,0,06-JAN-2025
OPTIDX,FINNIFTY,30-Jan-2025,2025-01-30,27000.00,PE,0.00,0.00,0.00,2440.85,3562.70,0,0.00,0,0,06-JAN-2025
OPTIDX,FINNIFTY,27-Mar-2025,2025-03-27,27000.00,CE,0.00,0.00,0.00,113.05,36.20,0,0.00,0,0,06-JAN-2025
OPTIDX,FINNIFTY,27-Mar-2025,2025-03-27,24100.00,CE,0.00,0.00,0.00,804.40,537.05,0,0.00,0,0,06-JAN-2025
OPTIDX,FINNIFTY,30-Jan-2025,2025-01-30,22200.00,CE,0.00,0.00,0.00,2715.35,1264.65,0,0.00,0,0,06-JAN-2025
OPTIDX,FINNIFTY,30-Jan-2025,2025-01-30,23450.00,CE,590.00,590.00,393.60,424.10,424.10,4958,29615.8409,11225,8300,06-JAN-2025
OPTIDX,FINNIFTY,30-Jan-2025,2025-01-30,22750.00,PE,85.50,206.00,63.35,180.65,180.65,1749,10009.3834,6950,900,06-JAN-2025
OPTIDX,FINNIFTY,30-Jan-2025,2025-01-30,25250.00,PE,0.00,0.00,0.00,1673.65,1836.60,0,0.00,0,0,06-JAN-2025
OPTIDX,FINNIFTY,30-Jan-2025,2025-01-30,24850.00,PE,0.00,0.00,0.00,885.00,1460.75,0,0.00,4400,0,06-JAN-2025
OPTIDX,FINNIFTY,27-Feb-2025,2025-02-27,26100.00,CE,0.00,0.00,0.00,49.30,32.50,0,0.00,65,0,06-JAN-2025
OPTIDX,FINNIFTY,30-Jan-2025,2025-01-30,24300.00,CE,161.10,231.20,121.00,130.60,130.60,3950,24156.9881,22250,-2975,06-JAN-2025
OPTIDX,FINNIFTY,27-Mar-2025,2025-03-27,24300.00,CE,0.00,0.00,0.00,719.55,463.65,0,0.00,0,0,06-JAN-2025
OPTIDX,FINNIFTY,30-Jan-2025,2025-01-30,25400.00,PE,0.00,0.00,0.00,1308.15,1981.10,0,0.00,0,0,06-JAN-2025
OPTIDX,FINNIFTY,27-Feb-2025,2025-02-27,24300.00,PE,0.00,0.00,0.00,882.40,1042.20,0,0.00,0,0,06-JAN-2025
OPTIDX,FINNIFTY,30-Jan-2025,2025-01-30,22650.00,CE,957.00,997.85,957.00,976.85,888.95,24,141.75735,500,500,06-JAN-2025
OPTIDX,FINNIFTY,30-Jan-2025,2025-01-30,26800.00,CE,5.40,7.25,4.10,4.50,4.50,1227,8222.46962,8450,4275,06-JAN-2025
OPTIDX,FINNIFTY,30-Jan-2025,2025-01-30,23800.00,PE,396.50,690.55,310.10,639.45,639.45,11700,70943.7779,65625,-20075,06-JAN-2025
OPTIDX,FINNIFTY,27-Mar-2025,2025-03-27,23800.00,CE,0.00,0.00,0.00,944.50,662.30,0,0.00,0,0,06-JAN-2025
OPTIDX,FINNIFTY,30-Jan-2025,2025-01-30,22450.00,PE,57.65,133.20,45.50,113.80,113.80,1423,8016.11167,10925,-6000,06-JAN-2025
OPTIDX,FINNIFTY,30-Jan-2025,2025-01-30,25100.00,CE,60.00,63.00,29.55,33.35,33.35,2338,14696.1394,19675,-2075,06-JAN-2025
OPTIDX,FINNIFTY,30-Jan-2025,2025-01-30,22250.00,CE,0.00,0.00,0.00,1469.35,1220.50,0,0.00,0,0,06-JAN-2025
OPTIDX,FINNIFTY,30-Jan-2025,2025-01-30,25500.00,PE,0.00,0.00,0.00,1654.85,2078.20,0,0.00,25,0,06-JAN-2025
OPTIDX,FINNIFTY,27-Feb-2025,2025-02-27,26400.00,PE,0.00,0.00,0.00,2217.20,2850.35,0,0.00,0,0,06-JAN-2025
OPTSTK,LICHSGFIN,30-Jan-2025,2025-01-30,610.00,PE,16.05,27.55,14.40,25.25,25.25,873,5513.6715,177000,-240000,06-JAN-2025
OPTSTK,LICHSGFIN,27-Feb-2025,2025-02-27,650.00,CE,8.00,8.00,7.00,7.00,12.05,2,13.15,5000,2000,06-JAN-2025
OPTSTK,LICHSGFIN,27-Feb-2025,2025-02-27,640.00,CE,0.00,0.00,0.00,14.00,14.65,0,0.00,6000,0,06-JAN-2025
OPTSTK,LICHSGFIN,30-Jan-2025,2025-01-30,640.00,CE,6.50,6.75,3.25,3.45,3.45,1043,6719.1365,342000,-37000,06-JAN-2025
OPTSTK,LICHSGFIN,27-Feb-2025,2025-02-27,560.00,PE,0.00,0.00,0.00,17.20,12.90,0,0.00,0,0,06-JAN-2025
OPTSTK,LICHSGFIN,30-Jan-2025,2025-01-30,690.00,PE,0.00,0.00,0.00,69.25,93.60,0,0.00,37000,0,06-JAN-2025
OPTSTK,LICHSGFIN,30-Jan-2025,2025-01-30,690.00,CE,1.20,1.20,0.60,0.60,0.95,26,179.6285,80000,-15000,06-JAN-2025
OPTSTK,LICHSGFIN,30-Jan-2025,2025-01-30,600.00,CE,23.20,23.95,13.75,14.95,14.95,1109,6837.219,728000,188000,06-JAN-2025
OPTSTK,LICHSGFIN,27-Mar-2025,2025-03-27,680.00,CE,0.00,0.00,0.00,19.70,12.15,0,0.00,0,0,06-JAN-2025
OPTSTK,LICHSGFIN,30-Jan-2025,2025-01-30,740.00,CE,0.00,0.00,0.00,0.35,0.10,0,0.00,109000,0,06-JAN-2025
OPTSTK,LICHSGFIN,27-Feb-2025,2025-02-27,540.00,CE,0.00,0.00,0.00,116.80,67.20,0,0.00,0,0,06-JAN-2025
OPTSTK,LICHSGFIN,27-Feb-2025,2025-02-27,530.00,CE,0.00,0.00,0.00,77.80,75.15,0,0.00,0,0,06-JAN-2025
OPTSTK,LICHSGFIN,30-Jan-2025,2025-01-30,500.00,PE,0.40,1.50,0.40,0.80,0.80,42,210.306,71000,16000,06-JAN-2025
OPTSTK,LICHSGFIN,27-Feb-2025,2025-02-27,500.00,CE,0.00,0.00,0.00,149.40,101.20,0,0.00,0,0,06-JAN-2025
OPTSTK,LICHSGFIN,27-Feb-2025,2025-02-27,540.00,PE,0.00,0.00,0.00,12.35,7.70,0,0.00,0,0,06-JAN-2025
OPTSTK,LICHSGFIN,30-Jan-2025,2025-01-30,740.00,PE,0.00,0.00,0.00,133.00,142.50,0,0.00,129000,0,06-JAN-2025
OPTSTK,LICHSGFIN,27-Mar-2025,2025-03-27,520.00,PE,0.00,0.00,0.00,15.20,7.60,0,0.00,0,0,06-JAN-2025
OPTSTK,LICHSGFIN,27-Mar-2025,2025-03-27,520.00,CE,0.00,0.00,0.00,92.80,89.55,0,0.00,0,0,06-JAN-2025
OPTSTK,LICHSGFIN,27-Mar-2025,2025-03-27,620.00,PE,0.00,0.00,0.00,58.35,45.90,0,0.00,0,0,06-JAN-2025
OPTSTK,LICHSGFIN,27-Feb-2025,2025-02-27,700.00,PE,0.00,0.00,0.00,84.15,103.10,0,0.00,0,0,06-JAN-2025
OPTSTK,LICHSGFIN,30-Jan-2025,2025-01-30,510.00,PE,0.00,0.00,0.00,0.40,0.55,0,0.00,19000,0,06-JAN-2025
OPTSTK,LICHSGFIN,27-Mar-2025,2025-03-27,540.00,CE,0.00,0.00,0.00,79.10,74.25,0,0.00,0,0,06-JAN-2025
OPTSTK,LICHSGFIN,27-Mar-2025,2025-03-27,580.00,CE,0.00,0.00,0.00,55.70,48.35,0,0.00,0,0,06-JAN-2025
OPTSTK,LICHSGFIN,27-Feb-2025,2025-02-27,620.00,CE,0.00,0.00,0.00,24.30,21.10,0,0.00,1000,0,06-JAN-2025
OPTSTK,LICHSGFIN,30-Jan-2025,2025-01-30,560.00,PE,2.35,6.25,2.35,5.50,5.50,626,3534.0535,325000,18000,06-JAN-2025
OPTSTK,LICHSGFIN,27-Feb-2025,2025-02-27,520.00,CE,0.00,0.00,0.00,132.65,83.50,0,0.00,0,0,06-JAN-2025
OPTSTK,LICHSGFIN,27-Feb-2025,2025-02-27,520.00,PE,0.00,0.00,0.00,8.55,4.25,0,0.00,0,0,06-JAN-2025
OPTSTK,LICHSGFIN,30-Jan-2025,2025-01-30,630.00,PE,26.95,40.80,26.95,40.25,40.25,44,291.779,151000,12000,06-JAN-2025
OPTSTK,LICHSGFIN,27-Feb-2025,2025-02-27,620.00,PE,0.00,0.00,0.00,38.70,40.85,0,0.00,0,0,06-JAN-2025
OPTSTK,LICHSGFIN,30-Jan-2025,2025-01-30,560.00,CE,43.90,43.90,43.90,43.90,43.10,1,6.039,32000,-1000,06-JAN-2025
OPTSTK,LICHSGFIN,27-Feb-2025,2025-02-27,560.00,CE,0.00,0.00,0.00,102.00,52.55,0,0.00,0,0,06-JAN-2025
OPTSTK,LICHSGFIN,27-Mar-2025,2025-03-27,560.00,PE,0.00,0.00,0.00,28.40,17.95,0,0.00,0,0,06-JAN-2025
OPTSTK,JINDALSTEL,30-Jan-2025,2025-01-30,1000.00,CE,12.05,12.10,5.70,8.40,8.40,1679,10575.6634,753750,21875,06-JAN-2025
OPTSTK,JINDALSTEL,30-Jan-2025,2025-01-30,780.00,PE,0.25,0.75,0.25,0.75,0.25,39,190.244062,222500,-1250,06-JAN-2025
OPTSTK,JINDALSTEL,27-Feb-2025,2025-02-27,1000.00,PE,0.00,0.00,0.00,123.50,76.60,0,0.00,0,0,06-JAN-2025
OPTSTK,JINDALSTEL,30-Jan-2025,2025-01-30,1000.00,PE,64.00,67.00,64.00,66.80,66.80,7,46.654375,207500,-1250,06-JAN-2025
OPTSTK,JINDALSTEL,30-Jan-2025,2025-01-30,960.00,CE,25.70,25.70,15.00,20.25,20.25,1215,7437.0325,303125,-82500,06-JAN-2025
OPTSTK,JINDALSTEL,30-Jan-2025,2025-01-30,1100.00,CE,1.00,1.00,0.60,0.80,0.80,43,295.82625,146250,-7500,06-JAN-2025
OPTSTK,JINDALSTEL,27-Feb-2025,2025-02-27,1120.00,CE,0.00,0.00,0.00,15.05,4.85,0,0.00,0,0,06-JAN-2025
OPTSTK,JINDALSTEL,30-Jan-2025,2025-01-30,760.00,CE,0.00,0.00,0.00,186.50,182.80,0,0.00,0,0,06-JAN-2025
OPTSTK,JINDALSTEL,27-Mar-2025,2025-03-27,880.00,CE,0.00,0.00,0.00,115.05,97.80,0,0.00,0,0,06-JAN-2025
OPTSTK,JINDALSTEL,30-Jan-2025,2025-01-30,870.00,PE,4.80,8.05,4.55,6.70,6.70,154,843.341562,65625,8125,06-JAN-2025
OPTSTK,JINDALSTEL,30-Jan-2025,2025-01-30,1090.00,CE,0.95,0.95,0.85,0.85,1.35,20,136.36375,30000,3125,06-JAN-2025
OPTSTK,JINDALSTEL,27-Feb-2025,2025-02-27,960.00,CE,0.00,0.00,0.00,42.40,40.20,0,0.00,1250,0,06-JAN-2025
OPTSTK,JINDALSTEL,27-Mar-2025,2025-03-27,960.00,CE,0.00,0.00,0.00,72.15,53.30,0,0.00,0,0,06-JAN-2025
OPTSTK,JINDALSTEL,27-Mar-2025,2025-03-27,960.00,PE,0.00,0.00,0.00,73.45,59.85,0,0.00,0,0,06-JAN-2025
OPTSTK,JINDALSTEL,27-Feb-2025,2025-02-27,840.00,PE,0.00,0.00,0.00,5.70,8.90,0,0.00,1250,0,06-JAN-2025
OPTSTK,JINDALSTEL,30-Jan-2025,2025-01-30,1080.00,CE,1.50,1.60,0.90,1.20,1.20,253,1709.48562,306875,7500,06-JAN-2025
OPTSTK,JINDALSTEL,27-Feb-2025,2025-02-27,800.00,CE,0.00,0.00,0.00,135.90,150.80,0,0.00,0,0,06-JAN-2025
OPTSTK,JINDALSTEL,27-Feb-2025,2025-02-27,1020.00,CE,0.00,0.00,0.00,33.25,19.90,0,0.00,0,0,06-JAN-2025
OPTSTK,JINDALSTEL,30-Jan-2025,2025-01-30,1030.00,CE,5.25,5.35,2.85,4.20,4.20,660,4264.87125,190000,40625,06-JAN-2025
OPTSTK,JINDALSTEL,30-Jan-2025,2025-01-30,1030.00,PE,92.25,93.65,92.25,93.65,92.05,2,14.036875,11875,1250,06-JAN-2025
OPTSTK,JINDALSTEL,30-Jan-2025,2025-01-30,1010.00,CE,8.45,8.60,4.45,6.75,6.75,592,3759.47875,140000,16250,06-JAN-2025
OPTSTK,JINDALSTEL,30-Jan-2025,2025-01-30,980.00,PE,43.00,58.05,42.40,51.70,51.70,86,553.290312,64375,-9375,06-JAN-2025
OPTSTK,JINDALSTEL,30-Jan-2025,2025-01-30,1060.00,CE,2.60,2.60,1.45,1.95,1.95,368,2442.14187,151250,5625,06-JAN-2025
OPTSTK,JINDALSTEL,27-Feb-2025,2025-02-27,1040.00,CE,10.35,11.25,10.35,11.25,15.35,3,19.7053125,14375,1875,06-JAN-2025
OPTSTK,JINDALSTEL,30-Jan-2025,2025-01-30,1040.00,PE,101.00,101.00,101.00,101.00,100.80,1,7.13125,13750,625,06-JAN-2025
OPTSTK,JINDALSTEL,27-Mar-2025,2025-03-27,1040.00,PE,0.00,0.00,0.00,122.30,111.15,0,0.00,0,0,06-JAN-2025
OPTSTK,JINDALSTEL,30-Jan-2025,2025-01-30,990.00,PE,58.10,59.10,58.10,58.60,58.60,7,45.8725,21250,625,06-JAN-2025
OPTSTK,JINDALSTEL,30-Jan-2025,2025-01-30,740.00,PE,0.60,0.75,0.50,0.50,0.05,5,23.1428125,13750,0,06-JAN-2025
OPTSTK,JINDALSTEL,30-Jan-2025,2025-01-30,1040.00,CE,4.45,4.45,2.20,3.20,3.20,479,3122.61093,276875,15000,06-JAN-2025
OPTSTK,JINDALSTEL,30-Jan-2025,2025-01-30,800.00,CE,0.00,0.00,0.00,138.45,143.50,0,0.00,5000,0,06-JAN-2025
OPTSTK,COROMANDEL,30-Jan-2025,2025-01-30,2040.00,PE,0.00,0.00,0.00,98.40,111.85,0,0.00,2450,0,06-JAN-2025
OPTSTK,COROMANDEL,30-Jan-2025,2025-01-30,2040.00,CE,29.30,31.10,19.35,23.00,23.00,71,512.953525,34650,2800,06-JAN-2025
OPTSTK,GUJGASLTD,27-Feb-2025,2025-02-27,420.00,PE,0.00,0.00,0.00,10.95,0.75,0,0.00,0,0,06-JAN-2025
OPTSTK,COROMANDEL,27-Feb-2025,2025-02-27,1780.00,CE,0.00,0.00,0.00,144.05,191.60,0,0.00,0,0,06-JAN-2025
OPTSTK,COROMANDEL,30-Jan-2025,2025-01-30,1780.00,CE,0.00,0.00,0.00,157.00,171.30,0,0.00,8400,0,06-JAN-2025
OPTSTK,GUJGASLTD,30-Jan-2025,2025-01-30,480.00,CE,30.00,30.25,30.00,30.25,35.50,3,19.128125,36250,-2500,06-JAN-2025
OPTSTK,COROMANDEL,30-Jan-2025,2025-01-30,1640.00,CE,0.00,0.00,0.00,238.05,305.65,0,0.00,700,0,06-JAN-2025
OPTSTK,GUJGASLTD,27-Feb-2025,2025-02-27,450.00,PE,0.00,0.00,0.00,7.20,3.15,0,0.00,0,0,06-JAN-2025
OPTSTK,COROMANDEL,30-Jan-2025,2025-01-30,2120.00,CE,11.00,12.90,7.50,9.80,9.80,162,1207.2907,96250,-1750,06-JAN-2025
OPTSTK,GUJGASLTD,27-Feb-2025,2025-02-27,550.00,CE,0.00,0.00,0.00,17.40,10.00,0,0.00,0,0,06-JAN-2025
OPTSTK,COROMANDEL,30-Jan-2025,2025-01-30,2100.00,CE,14.25,16.40,9.90,12.90,12.90,397,2934.63765,50400,9450,06-JAN-2025
OPTSTK,COROMANDEL,27-Feb-2025,2025-02-27,2100.00,PE,0.00,0.00,0.00,254.70,169.25,0,0.00,0,0,06-JAN-2025
OPTSTK,COROMANDEL,30-Jan-2025,2025-01-30,1940.00,PE,40.05,54.60,35.80,50.75,50.75,362,2515.2127,48650,-8050,06-JAN-2025
OPTSTK,COROMANDEL,27-Feb-2025,2025-02-27,1940.00,PE,0.00,0.00,0.00,137.40,67.85,0,0.00,0,0,06-JAN-2025
OPTSTK,COROMANDEL,30-Jan-2025,2025-01-30,1720.00,PE,5.30,5.30,4.75,5.10,5.10,30,181.1313,56000,1050,06-JAN-2025
OPTSTK,COROMANDEL,27-Feb-2025,2025-02-27,1600.00,CE,0.00,0.00,0.00,224.15,354.85,0,0.00,0,0,06-JAN-2025
OPTSTK,COROMANDEL,30-Jan-2025,2025-01-30,1600.00,PE,1.50,1.50,1.50,1.50,0.05,1,5.60525,39550,-350,06-JAN-2025
OPTSTK,GUJGASLTD,30-Jan-2025,2025-01-30,555.00,PE,0.00,0.00,0.00,50.55,46.50,0,0.00,0,0,06-JAN-2025
OPTSTK,COROMANDEL,30-Jan-2025,2025-01-30,2200.00,PE,0.00,0.00,0.00,447.00,253.90,0,0.00,0,0,06-JAN-2025
OPTSTK,COROMANDEL,30-Jan-2025,2025-01-30,1940.00,CE,70.70,77.00,53.60,59.55,59.55,168,1178.72002,50050,-700,06-JAN-2025
OPTSTK,GUJGASLTD,30-Jan-2025,2025-01-30,515.00,PE,13.90,20.00,13.90,17.10,17.10,137,910.516875,73750,11250,06-JAN-2025
OPTSTK,COROMANDEL,27-Feb-2025,2025-02-27,1860.00,PE,0.00,0.00,0.00,91.90,36.00,0,0.00,0,0,06-JAN-2025
OPTSTK,GUJGASLTD,30-Jan-2025,2025-01-30,470.00,CE,0.00,0.00,0.00,48.40,43.65,0,0.00,6250,0,06-JAN-2025
OPTSTK,GUJGASLTD,27-Feb-2025,2025-02-27,570.00,CE,0.00,0.00,0.00,12.15,5.90,0,0.00,0,0,06-JAN-2025
OPTSTK,COROMANDEL,27-Feb-2025,2025-02-27,1760.00,PE,0.00,0.00,0.00,99.40,13.05,0,0.00,0,0,06-JAN-2025
OPTSTK,COROMANDEL,27-Feb-2025,2025-02-27,1800.00,CE,0.00,0.00,0.00,108.10,175.70,0,0.00,0,0,06-JAN-2025
OPTSTK,COROMANDEL,27-Feb-2025,2025-02-27,2240.00,CE,0.00,0.00,0.00,12.00,8.00,0,0.00,0,0,06-JAN-2025
OPTSTK,GUJGASLTD,30-Jan-2025,2025-01-30,525.00,CE,9.10,9.80,6.35,7.85,7.85,149,992.0475,58750,-11250,06-JAN-2025
OPTSTK,GUJGASLTD,30-Jan-2025,2025-01-30,505.00,CE,17.90,17.90,13.70,16.60,16.60,114,742.218125,72500,-3750,06-JAN-2025
OPTSTK,COROMANDEL,27-Feb-2025,2025-02-27,1740.00,PE,0.00,0.00,0.00,42.95,10.30,0,0.00,0,0,06-JAN-2025
OPTSTK,COROMANDEL,27-Feb-2025,2025-02-27,2000.00,CE,0.00,0.00,0.00,43.75,57.65,0,0.00,0,0,06-JAN-2025
OPTSTK,UNITDSPR,27-Mar-2025,2025-03-27,1600.00,PE,0.00,0.00,0.00,90.85,43.90,0,0.00,0,0,06-JAN-2025
OPTSTK,UNITDSPR,30-Jan-2025,2025-01-30,1720.00,PE,72.85,91.70,72.85,89.20,89.20,7,44.2379,3150,2100,06-JAN-2025
OPTSTK,UNITDSPR,27-Mar-2025,2025-03-27,1720.00,PE,0.00,0.00,0.00,165.65,104.15,0,0.00,0,0,06-JAN-2025
OPTSTK,UNITDSPR,27-Feb-2025,2025-02-27,1720.00,PE,0.00,0.00,0.00,213.70,96.35,0,0.00,0,0,06-JAN-2025
OPTSTK,UNITDSPR,27-Feb-2025,2025-02-27,1720.00,CE,0.00,0.00,0.00,27.45,33.95,0,0.00,0,0,06-JAN-2025
OPTSTK,UNITDSPR,30-Jan-2025,2025-01-30,1720.00,CE,22.45,22.95,13.90,15.20,15.20,465,2829.03215,63700,0,06-JAN-2025
OPTSTK,UNITDSPR,27-Feb-2025,2025-02-27,1640.00,CE,0.00,0.00,0.00,46.10,67.45,0,0.00,0,0,06-JAN-2025
OPTSTK,UNITDSPR,27-Mar-2025,2025-03-27,1840.00,PE,0.00,0.00,0.00,259.60,191.45,0,0.00,0,0,06-JAN-2025
OPTSTK,UNITDSPR,27-Mar-2025,2025-03-27,1480.00,PE,0.00,0.00,0.00,40.35,12.85,0,0.00,0,0,06-JAN-2025
OPTSTK,UNITDSPR,27-Mar-2025,2025-03-27,1840.00,CE,0.00,0.00,0.00,19.80,19.65,0,0.00,0,0,06-JAN-2025
OPTSTK,UNITDSPR,27-Feb-2025,2025-02-27,1840.00,PE,0.00,0.00,0.00,315.65,190.65,0,0.00,0,0,06-JAN-2025
OPTSTK,UNITDSPR,27-Feb-2025,2025-02-27,1460.00,CE,0.00,0.00,0.00,150.45,200.15,0,0.00,0,0,06-JAN-2025
OPTSTK,UNITDSPR,27-Feb-2025,2025-02-27,1860.00,PE,0.00,0.00,0.00,278.05,208.45,0,0.00,0,0,06-JAN-2025
OPTSTK,UNITDSPR,27-Feb-2025,2025-02-27,1760.00,CE,0.00,0.00,0.00,20.80,22.90,0,0.00,0,0,06-JAN-2025
OPTSTK,UNITDSPR,27-Mar-2025,2025-03-27,1760.00,PE,0.00,0.00,0.00,195.25,130.65,0,0.00,0,0,06-JAN-2025
OPTSTK,UNITDSPR,27-Feb-2025,2025-02-27,1360.00,CE,0.00,0.00,0.00,191.35,294.85,0,0.00,0,0,06-JAN-2025
OPTSTK,UNITDSPR,27-Mar-2025,2025-03-27,1360.00,PE,0.00,0.00,0.00,13.40,2.30,0,0.00,0,0,06-JAN-2025
OPTSTK,UNITDSPR,30-Jan-2025,2025-01-30,1400.00,CE,0.00,0.00,0.00,287.10,247.45,0,0.00,39550,0,06-JAN-2025
OPTSTK,UNITDSPR,30-Jan-2025,2025-01-30,1400.00,PE,1.70,1.70,1.70,1.70,0.10,1,4.90595,39200,-350,06-JAN-2025
OPTSTK,UNITDSPR,27-Mar-2025,2025-03-27,1680.00,PE,0.00,0.00,0.00,138.25,80.70,0,0.00,0,0,06-JAN-2025
OPTSTK,UNITDSPR,27-Feb-2025,2025-02-27,1740.00,PE,0.00,0.00,0.00,175.35,110.20,0,0.00,0,0,06-JAN-2025
OPTSTK,UNITDSPR,27-Mar-2025,2025-03-27,1440.00,CE,0.00,0.00,0.00,182.00,230.00,0,0.00,0,0,06-JAN-2025
OPTSTK,UNITDSPR,27-Feb-2025,2025-02-27,1440.00,CE,0.00,0.00,0.00,135.90,218.45,0,0.00,0,0,06-JAN-2025
OPTSTK,UNITDSPR,27-Feb-2025,2025-02-27,1440.00,PE,0.00,0.00,0.00,47.15,3.55,0,0.00,0,0,06-JAN-2025
OPTSTK,UNITDSPR,30-Jan-2025,2025-01-30,1840.00,PE,0.00,0.00,0.00,365.00,192.25,0,0.00,0,0,06-JAN-2025
OPTSTK,UNITDSPR,30-Jan-2025,2025-01-30,1700.00,PE,51.00,76.00,51.00,75.00,75.00,68,419.487075,18550,-3150,06-JAN-2025
OPTSTK,UNITDSPR,27-Feb-2025,2025-02-27,1700.00,PE,0.00,0.00,0.00,144.90,83.40,0,0.00,0,0,06-JAN-2025
OPTSTK,UNITDSPR,30-Jan-2025,2025-01-30,1880.00,PE,0.00,0.00,0.00,402.30,231.15,0,0.00,0,0,06-JAN-2025
OPTSTK,UNITDSPR,30-Jan-2025,2025-01-30,1880.00,CE,2.20,2.25,1.35,1.45,1.45,78,513.7167,43050,-7700,06-JAN-2025
OPTSTK,UNITDSPR,30-Jan-2025,2025-01-30,1860.00,CE,4.40,4.40,0.60,0.60,0.95,2,13.0375,0,0,06-JAN-2025
OPTSTK,UNITDSPR,27-Mar-2025,2025-03-27,1520.00,PE,0.00,0.00,0.00,54.40,20.35,0,0.00,0,0,06-JAN-2025
OPTSTK,UNITDSPR,27-Feb-2025,2025-02-27,1600.00,PE,31.00,32.80,31.00,32.80,34.00,2,11.4233,2450,350,06-JAN-2025
OPTSTK,ABFRL,30-Jan-2025,2025-01-30,265.00,PE,3.45,9.30,3.20,8.45,8.45,294,2075.2186,356200,140400,06-JAN-2025
OPTSTK,ABFRL,27-Mar-2025,2025-03-27,240.00,PE,0.00,0.00,0.00,5.95,5.90,0,0.00,0,0,06-JAN-2025
OPTSTK,ABFRL,30-Jan-2025,2025-01-30,240.00,CE,0.00,0.00,0.00,75.75,28.00,0,0.00,0,0,06-JAN-2025
OPTSTK,ABFRL,30-Jan-2025,2025-01-30,295.00,PE,19.10,30.45,19.10,30.25,30.25,11,92.0725,114400,7800,06-JAN-2025
OPTSTK,ABFRL,27-Feb-2025,2025-02-27,295.00,CE,0.00,0.00,0.00,15.95,5.15,0,0.00,0,0,06-JAN-2025
OPTSTK,ABFRL,27-Mar-2025,2025-03-27,240.00,CE,0.00,0.00,0.00,52.60,35.00,0,0.00,0,0,06-JAN-2025
OPTSTK,ABFRL,27-Feb-2025,2025-02-27,290.00,CE,7.75,7.75,7.75,7.75,6.35,1,7.7415,7800,0,06-JAN-2025
OPTSTK,ABFRL,30-Jan-2025,2025-01-30,305.00,PE,34.10,35.45,34.10,35.45,38.90,2,17.6683,18200,2600,06-JAN-2025
FUTSTK,ABFRL,27-Feb-2025,2025-02-27,,,283.10,283.10,266.50,268.20,268.20,124,884.9633,928200,39000,06-JAN-2025
OPTSTK,ABFRL,30-Jan-2025,2025-01-30,260.00,CE,21.55,21.55,11.65,12.55,12.55,45,320.9596,72800,41600,06-JAN-2025
FUTSTK,ABFRL,30-Jan-2025,2025-01-30,,,281.45,281.45,264.55,266.50,266.50,2811,19849.0435,57028400,67600,06-JAN-2025
OPTSTK,ABFRL,27-Feb-2025,2025-02-27,260.00,CE,0.00,0.00,0.00,65.80,18.30,0,0.00,0,0,06-JAN-2025
OPTSTK,ABFRL,30-Jan-2025,2025-01-30,260.00,PE,2.40,7.00,2.25,6.20,6.20,535,3681.1099,624000,-5200,06-JAN-2025
OPTSTK,ABFRL,27-Feb-2025,2025-02-27,260.00,PE,0.00,0.00,0.00,5.40,10.25,0,0.00,0,0,06-JAN-2025
OPTSTK,ABFRL,30-Jan-2025,2025-01-30,330.00,PE,56.00,61.50,56.00,61.50,63.05,3,30.251,429000,2600,06-JAN-2025
OPTSTK,ABFRL,27-Feb-2025,2025-02-27,330.00,CE,0.00,0.00,0.00,23.80,1.00,0,0.00,0,0,06-JAN-2025
OPTSTK,ABFRL,27-Feb-2025,2025-02-27,240.00,PE,0.00,0.00,0.00,2.50,3.85,0,0.00,0,0,06-JAN-2025
OPTSTK,ABFRL,30-Jan-2025,2025-01-30,310.00,PE,32.40,41.65,32.40,41.65,43.60,4,35.8605,197600,0,06-JAN-2025
OPTSTK,ABFRL,30-Jan-2025,2025-01-30,310.00,CE,1.20,1.20,0.55,0.70,0.70,337,2723.1568,540800,-205400,06-JAN-2025
OPTSTK,ABFRL,27-Feb-2025,2025-02-27,320.00,PE,0.00,0.00,0.00,26.60,53.05,0,0.00,0,0,06-JAN-2025
OPTSTK,ABFRL,27-Feb-2025,2025-02-27,320.00,CE,0.00,0.00,0.00,28.05,1.65,0,0.00,0,0,06-JAN-2025
OPTSTK,ABFRL,30-Jan-2025,2025-01-30,320.00,PE,47.25,51.90,47.25,51.70,53.25,19,183.3377,345800,-10400,06-JAN-2025
OPTSTK,ABFRL,30-Jan-2025,2025-01-30,295.00,CE,3.75,3.75,1.40,1.60,1.60,306,2365.0458,431600,67600,06-JAN-2025
OPTSTK,ABFRL,30-Jan-2025,2025-01-30,250.00,PE,1.05,3.65,1.00,3.30,3.30,739,4847.6922,715000,-62400,06-JAN-2025
FUTSTK,ABFRL,27-Mar-2025,2025-03-27,,,281.20,281.50,268.50,270.60,270.60,28,199.2003,163800,20800,06-JAN-2025
OPTSTK,ABFRL,30-Jan-2025,2025-01-30,255.00,PE,1.65,5.05,1.50,4.50,4.50,308,2066.4137,278200,104000,06-JAN-2025
OPTSTK,ABFRL,30-Jan-2025,2025-01-30,300.00,PE,22.50,36.15,22.50,34.90,34.90,40,343.7616,689000,20800,06-JAN-2025
OPTSTK,ABFRL,27-Feb-2025,2025-02-27,290.00,PE,0.00,0.00,0.00,13.45,28.00,0,0.00,0,0,06-JAN-2025
OPTSTK,ABFRL,27-Mar-2025,2025-03-27,290.00,CE,0.00,0.00,0.00,22.70,9.85,0,0.00,0,0,06-JAN-2025
OPTSTK,ABFRL,30-Jan-2025,2025-01-30,305.00,CE,1.80,1.80,0.85,0.90,0.90,193,1536.5935,252200,-67600,06-JAN-2025
OPTSTK,ABFRL,27-Mar-2025,2025-03-27,290.00,PE,0.00,0.00,0.00,25.15,30.05,0,0.00,0,0,06-JAN-2025
OPTSTK,ABFRL,30-Jan-2025,2025-01-30,290.00,PE,15.65,26.15,15.20,25.80,25.80,77,620.2651,499200,-2600,06-JAN-2025
OPTSTK,NCC,27-Mar-2025,2025-03-27,300.00,CE,0.00,0.00,0.00,26.20,9.70,0,0.00,0,0,06-JAN-2025
OPTSTK,NCC,30-Jan-2025,2025-01-30,305.00,CE,1.35,1.35,0.80,0.85,0.85,22,119.5214,218325,5325,06-JAN-2025
OPTSTK,NCC,27-Feb-2025,2025-02-27,305.00,PE,0.00,0.00,0.00,35.30,47.05,0,0.00,0,0,06-JAN-2025
OPTSTK,NCC,27-Feb-2025,2025-02-27,290.00,CE,0.00,0.00,0.00,16.70,8.00,0,0.00,1775,0,06-JAN-2025
OPTSTK,NCC,30-Jan-2025,2025-01-30,305.00,PE,0.00,0.00,0.00,25.90,45.05,0,0.00,35500,0,06-JAN-2025
OPTSTK,NCC,30-Jan-2025,2025-01-30,310.00,PE,0.00,0.00,0.00,30.60,49.65,0,0.00,30175,0,06-JAN-2025
OPTSTK,NCC,30-Jan-2025,2025-01-30,350.00,CE,0.35,0.35,0.35,0.35,0.05,1,6.2187125,35500,0,06-JAN-2025
OPTSTK,NCC,30-Jan-2025,2025-01-30,235.00,PE,0.00,0.00,0.00,3.70,2.80,0,0.00,0,0,06-JAN-2025
OPTSTK,NCC,30-Jan-2025,2025-01-30,275.00,PE,10.45,19.10,10.45,19.10,19.10,31,159.694087,69225,-12425,06-JAN-2025
FUTSTK,NCC,27-Feb-2025,2025-02-27,,,275.35,276.95,262.10,262.55,262.55,111,527.3667,468600,23075,06-JAN-2025
OPTSTK,NCC,27-Feb-2025,2025-02-27,310.00,CE,0.00,0.00,0.00,32.90,4.15,0,0.00,0,0,06-JAN-2025
OPTSTK,NCC,27-Feb-2025,2025-02-27,285.00,CE,0.00,0.00,0.00,26.80,9.30,0,0.00,0,0,06-JAN-2025
OPTSTK,NCC,30-Jan-2025,2025-01-30,265.00,CE,10.90,11.05,8.15,8.45,8.45,107,521.311287,110050,101175,06-JAN-2025
OPTSTK,NCC,27-Feb-2025,2025-02-27,270.00,CE,16.20,16.20,16.20,16.20,16.20,1,5.08005,1775,1775,06-JAN-2025
OPTSTK,OBEROIRLTY,27-Feb-2025,2025-02-27,2200.00,CE,0.00,0.00,0.00,104.35,125.75,0,0.00,0,0,06-JAN-2025
OPTSTK,OBEROIRLTY,30-Jan-2025,2025-01-30,2420.00,PE,195.80,230.85,195.80,230.85,215.75,9,82.863375,2800,350,06-JAN-2025
OPTSTK,OBEROIRLTY,27-Feb-2025,2025-02-27,2420.00,CE,0.00,0.00,0.00,125.10,44.95,0,0.00,0,0,06-JAN-2025
OPTSTK,OBEROIRLTY,27-Mar-2025,2025-03-27,2120.00,CE,0.00,0.00,0.00,321.50,202.20,0,0.00,0,0,06-JAN-2025
OPTSTK,OBEROIRLTY,27-Feb-2025,2025-02-27,2140.00,PE,0.00,0.00,0.00,65.45,69.25,0,0.00,0,0,06-JAN-2025
OPTSTK,OBEROIRLTY,30-Jan-2025,2025-01-30,2400.00,CE,35.65,38.00,19.05,23.05,23.05,1310,11119.9877,267050,57050,06-JAN-2025
OPTSTK,OBEROIRLTY,27-Mar-2025,2025-03-27,2440.00,CE,0.00,0.00,0.00,153.65,66.30,0,0.00,0,0,06-JAN-2025
OPTSTK,OBEROIRLTY,27-Mar-2025,2025-03-27,2240.00,CE,0.00,0.00,0.00,248.35,138.25,0,0.00,0,0,06-JAN-2025
OPTSTK,OBEROIRLTY,30-Jan-2025,2025-01-30,2240.00,PE,49.55,105.00,49.55,94.45,94.45,382,3109.23742,52850,2800,06-JAN-2025
OPTSTK,OBEROIRLTY,27-Mar-2025,2025-03-27,2240.00,PE,0.00,0.00,0.00,125.25,135.90,0,0.00,0,0,06-JAN-2025
OPTSTK,OBEROIRLTY,27-Feb-2025,2025-02-27,2440.00,CE,0.00,0.00,0.00,47.10,40.45,0,0.00,0,0,06-JAN-2025
OPTSTK,OBEROIRLTY,27-Mar-2025,2025-03-27,2520.00,PE,0.00,0.00,0.00,276.50,321.35,0,0.00,0,0,06-JAN-2025
OPTSTK,OBEROIRLTY,30-Jan-2025,2025-01-30,2120.00,CE,145.95,147.55,126.55,136.40,136.40,36,284.4219,12600,7700,06-JAN-2025
OPTSTK,OBEROIRLTY,27-Mar-2025,2025-03-27,2120.00,PE,0.00,0.00,0.00,80.55,81.65,0,0.00,0,0,06-JAN-2025
OPTSTK,OBEROIRLTY,27-Feb-2025,2025-02-27,2040.00,CE,0.00,0.00,0.00,167.40,226.05,0,0.00,0,0,06-JAN-2025
OPTSTK,OBEROIRLTY,27-Mar-2025,2025-03-27,2040.00,PE,0.00,0.00,0.00,57.65,54.60,0,0.00,0,0,06-JAN-2025
OPTSTK,OBEROIRLTY,30-Jan-2025,2025-01-30,2280.00,CE,80.10,88.40,46.55,53.45,53.45,746,6117.9167,93100,-3150,06-JAN-2025
OPTSTK,OBEROIRLTY,30-Jan-2025,2025-01-30,2300.00,CE,72.00,78.40,40.40,47.20,47.20,2663,21944.2051,721000,13650,06-JAN-2025
OPTSTK,OBEROIRLTY,27-Feb-2025,2025-02-27,2100.00,PE,0.00,0.00,0.00,53.95,54.75,0,0.00,0,0,06-JAN-2025
OPTSTK,OBEROIRLTY,30-Jan-2025,2025-01-30,2100.00,CE,155.10,155.10,139.00,151.10,151.10,20,157.2676,41300,-2100,06-JAN-2025
FUTSTK,OBEROIRLTY,27-Mar-2025,2025-03-27,,,2247.05,2247.05,2220.00,2220.00,2242.40,8,62.324675,11200,2800,06-JAN-2025
OPTSTK,OBEROIRLTY,30-Jan-2025,2025-01-30,2120.00,PE,20.50,48.10,19.90,40.20,40.20,316,2387.56332,43750,3150,06-JAN-2025
OPTSTK,OBEROIRLTY,27-Feb-2025,2025-02-27,2200.00,PE,0.00,0.00,0.00,58.25,95.25,0,0.00,350,0,06-JAN-2025
OPTSTK,OBEROIRLTY,30-Jan-2025,2025-01-30,1940.00,PE,7.55,8.25,7.10,7.95,4.30,32,218.127175,14350,350,06-JAN-2025
OPTSTK,OBEROIRLTY,30-Jan-2025,2025-01-30,2600.00,CE,5.20,7.30,4.00,5.25,5.25,280,2553.14482,110950,-10850,06-JAN-2025
OPTSTK,OBEROIRLTY,30-Jan-2025,2025-01-30,2600.00,PE,0.00,0.00,0.00,579.00,381.55,0,0.00,0,0,06-JAN-2025
OPTSTK,OBEROIRLTY,27-Feb-2025,2025-02-27,2400.00,PE,0.00,0.00,0.00,391.55,217.45,0,0.00,0,0,06-JAN-2025
OPTSTK,OBEROIRLTY,27-Feb-2025,2025-02-27,2120.00,CE,0.00,0.00,0.00,133.00,171.45,0,0.00,0,0,06-JAN-2025
OPTSTK,OBEROIRLTY,27-Feb-2025,2025-02-27,2260.00,CE,0.00,0.00,0.00,200.90,97.45,0,0.00,0,0,06-JAN-2025
OPTSTK,OBEROIRLTY,30-Jan-2025,2025-01-30,2240.00,CE,104.70,111.00,60.85,69.25,69.25,339,2741.0467,49350,15750,06-JAN-2025
OPTSTK,OBEROIRLTY,27-Feb-2025,2025-02-27,2240.00,PE,0.00,0.00,0.00,272.30,115.45,0,0.00,0,0,06-JAN-2025
OPTSTK,GMRAIRPORT,27-Feb-2025,2025-02-27,74.00,PE,0.00,0.00,0.00,1.45,2.90,0,0.00,90000,0,06-JAN-2025
OPTSTK,GMRAIRPORT,27-Mar-2025,2025-03-27,74.00,PE,0.00,0.00,0.00,4.20,3.70,0,0.00,0,0,06-JAN-2025
OPTSTK,GMRAIRPORT,27-Mar-2025,2025-03-27,92.00,PE,0.00,0.00,0.00,14.70,15.55,0,0.00,0,0,06-JAN-2025
OPTSTK,GMRAIRPORT,27-Feb-2025,2025-02-27,92.00,PE,0.00,0.00,0.00,12.70,15.35,0,0.00,0,0,06-JAN-2025
OPTSTK,GMRAIRPORT,30-Jan-2025,2025-01-30,71.00,CE,7.50,7.65,6.30,6.50,6.50,85,372.1275,106875,67500,06-JAN-2025
OPTSTK,GMRAIRPORT,30-Jan-2025,2025-01-30,82.00,PE,4.80,6.40,4.65,6.10,6.10,278,1369.8225,1563750,-118125,06-JAN-2025
OPTSTK,GMRAIRPORT,30-Jan-2025,2025-01-30,82.00,CE,1.30,1.30,0.75,0.80,0.80,1560,7272.90843,4207500,1063125,06-JAN-2025
OPTSTK,GMRAIRPORT,27-Feb-2025,2025-02-27,82.00,CE,0.00,0.00,0.00,8.75,2.50,0,0.00,0,0,06-JAN-2025
OPTSTK,GMRAIRPORT,30-Jan-2025,2025-01-30,94.00,PE,0.00,0.00,0.00,13.80,17.20,0,0.00,292500,0,06-JAN-2025
OPTSTK,GMRAIRPORT,27-Feb-2025,2025-02-27,79.00,CE,0.00,0.00,0.00,6.50,3.55,0,0.00,0,0,06-JAN-2025
OPTSTK,GMRAIRPORT,27-Feb-2025,2025-02-27,100.00,CE,0.15,0.20,0.15,0.15,0.15,11,61.970625,208125,-56250,06-JAN-2025
OPTSTK,GMRAIRPORT,27-Feb-2025,2025-02-27,74.00,CE,0.00,0.00,0.00,13.30,6.00,0,0.00,0,0,06-JAN-2025
OPTSTK,GMRAIRPORT,30-Jan-2025,2025-01-30,96.00,PE,17.95,18.80,17.90,18.80,19.20,8,51.44625,1423125,-22500,06-JAN-2025
OPTSTK,GMRAIRPORT,30-Jan-2025,2025-01-30,96.00,CE,0.05,0.05,0.05,0.05,0.05,1,5.4028125,1125000,-5625,06-JAN-2025
OPTSTK,GMRAIRPORT,30-Jan-2025,2025-01-30,94.00,CE,0.05,0.05,0.05,0.05,0.05,3,15.8709375,320625,-5625,06-JAN-2025
OPTSTK,GMRAIRPORT,27-Mar-2025,2025-03-27,88.00,PE,0.00,0.00,0.00,11.85,12.30,0,0.00,0,0,06-JAN-2025
OPTSTK,GMRAIRPORT,27-Feb-2025,2025-02-27,82.00,PE,0.00,0.00,0.00,6.80,7.30,0,0.00,0,0,06-JAN-2025
OPTSTK,GMRAIRPORT,27-Mar-2025,2025-03-27,82.00,CE,0.00,0.00,0.00,6.60,3.65,0,0.00,0,0,06-JAN-2025
OPTSTK,GMRAIRPORT,27-Feb-2025,2025-02-27,69.00,CE,0.00,0.00,0.00,12.70,9.35,0,0.00,0,0,06-JAN-2025
OPTSTK,GMRAIRPORT,27-Feb-2025,2025-02-27,88.00,CE,0.00,0.00,0.00,6.20,1.15,0,0.00,0,0,06-JAN-2025
OPTSTK,GMRAIRPORT,30-Jan-2025,2025-01-30,77.00,PE,1.85,3.20,1.85,2.85,2.85,1276,5714.78625,1456875,225000,06-JAN-2025
OPTSTK,GMRAIRPORT,27-Feb-2025,2025-02-27,69.00,PE,0.00,0.00,0.00,1.75,1.30,0,0.00,0,0,06-JAN-2025
OPTSTK,GMRAIRPORT,30-Jan-2025,2025-01-30,69.00,PE,0.45,0.65,0.45,0.60,0.60,123,481.300312,438750,438750,06-JAN-2025
OPTSTK,GMRAIRPORT,30-Jan-2025,2025-01-30,69.00,CE,0.00,0.00,0.00,15.70,8.20,0,0.00,0,0,06-JAN-2025
FUTSTK,GMRAIRPORT,30-Jan-2025,2025-01-30,,,78.50,79.01,76.15,76.56,76.56,5205,22572.2818,272306250,-2570625,06-JAN-2025
OPTSTK,GMRAIRPORT,30-Jan-2025,2025-01-30,75.00,CE,4.60,4.65,3.35,3.60,3.60,502,2225.69437,1743750,140625,06-JAN-2025
OPTSTK,GMRAIRPORT,30-Jan-2025,2025-01-30,73.00,PE,0.85,1.55,0.75,1.40,1.40,326,1359.96468,686250,39375,06-JAN-2025
OPTSTK,GMRAIRPORT,30-Jan-2025,2025-01-30,73.00,CE,5.80,5.80,4.65,4.95,4.95,126,553.553437,146250,106875,06-JAN-2025
OPTSTK,GMRAIRPORT,27-Feb-2025,2025-02-27,73.00,PE,0.00,0.00,0.00,1.00,2.50,0,0.00,5625,0,06-JAN-2025
OPTSTK,GMRAIRPORT,27-Feb-2025,2025-02-27,73.00,CE,0.00,0.00,0.00,9.90,6.60,0,0.00,0,0,06-JAN-2025
OPTSTK,GMRAIRPORT,30-Jan-2025,2025-01-30,83.00,PE,5.25,7.25,5.25,6.90,6.90,96,483.1875,956250,5625,06-JAN-2025
OPTSTK,GMRAIRPORT,27-Feb-2025,2025-02-27,88.00,PE,0.00,0.00,0.00,10.15,11.90,0,0.00,0,0,06-JAN-2025
OPTIDX,MIDCPNIFTY,27-Feb-2025,2025-02-27,13050.00,CE,0.00,0.00,0.00,435.85,241.15,0,0.00,0,0,06-JAN-2025
OPTIDX,MIDCPNIFTY,27-Mar-2025,2025-03-27,13050.00,CE,0.00,0.00,0.00,633.30,348.75,0,0.00,0,0,06-JAN-2025
OPTIDX,MIDCPNIFTY,27-Mar-2025,2025-03-27,13050.00,PE,0.00,0.00,0.00,459.10,510.50,0,0.00,0,0,06-JAN-2025
OPTIDX,MIDCPNIFTY,30-Jan-2025,2025-01-30,11375.00,PE,0.00,0.00,0.00,116.45,1.10,0,0.00,0,0,06-JAN-2025
OPTIDX,MIDCPNIFTY,30-Jan-2025,2025-01-30,11375.00,CE,0.00,0.00,0.00,1346.25,1373.05,0,0.00,0,0,06-JAN-2025
OPTIDX,MIDCPNIFTY,27-Mar-2025,2025-03-27,12525.00,PE,0.00,0.00,0.00,255.70,262.30,0,0.00,0,0,06-JAN-2025
OPTIDX,MIDCPNIFTY,30-Jan-2025,2025-01-30,12525.00,CE,369.10,369.10,367.35,368.50,360.35,15,96.699875,1050,750,06-JAN-2025
OPTIDX,MIDCPNIFTY,27-Feb-2025,2025-02-27,12525.00,CE,0.00,0.00,0.00,685.70,502.00,0,0.00,0,0,06-JAN-2025
OPTIDX,MIDCPNIFTY,27-Mar-2025,2025-03-27,12525.00,CE,0.00,0.00,0.00,945.45,617.85,0,0.00,0,0,06-JAN-2025
OPTIDX,MIDCPNIFTY,27-Feb-2025,2025-02-27,12525.00,PE,0.00,0.00,0.00,408.40,210.55,0,0.00,0,0,06-JAN-2025
OPTIDX,MIDCPNIFTY,30-Jan-2025,2025-01-30,12825.00,CE,375.00,377.50,205.85,223.85,223.85,8437,55107.9958,53850,21200,06-JAN-2025
OPTIDX,MIDCPNIFTY,27-Mar-2025,2025-03-27,12825.00,PE,0.00,0.00,0.00,362.50,391.75,0,0.00,0,0,06-JAN-2025
OPTIDX,MIDCPNIFTY,30-Jan-2025,2025-01-30,12475.00,CE,400.55,400.55,398.05,400.25,393.25,17,109.43125,900,850,06-JAN-2025
OPTIDX,MIDCPNIFTY,27-Feb-2025,2025-02-27,11400.00,PE,0.00,0.00,0.00,92.05,13.15,0,0.00,0,0,06-JAN-2025
OPTIDX,MIDCPNIFTY,27-Mar-2025,2025-03-27,12475.00,PE,0.00,0.00,0.00,240.30,243.90,0,0.00,0,0,06-JAN-2025
OPTIDX,MIDCPNIFTY,27-Feb-2025,2025-02-27,12475.00,PE,0.00,0.00,0.00,387.20,192.40,0,0.00,0,0,06-JAN-2025
OPTIDX,MIDCPNIFTY,27-Feb-2025,2025-02-27,12325.00,PE,0.00,0.00,0.00,327.80,144.50,0,0.00,0,0,06-JAN-2025
OPTIDX,MIDCPNIFTY,27-Mar-2025,2025-03-27,12325.00,PE,0.00,0.00,0.00,198.60,194.00,0,0.00,0,0,06-JAN-2025
OPTIDX,MIDCPNIFTY,27-Mar-2025,2025-03-27,12325.00,CE,0.00,0.00,0.00,1084.70,746.60,0,0.00,0,0,06-JAN-2025
OPTIDX,MIDCPNIFTY,27-Feb-2025,2025-02-27,12325.00,CE,0.00,0.00,0.00,801.50,634.05,0,0.00,0,0,06-JAN-2025
OPTIDX,MIDCPNIFTY,30-Jan-2025,2025-01-30,11625.00,CE,0.00,0.00,0.00,1152.70,1127.45,0,0.00,0,0,06-JAN-2025
OPTIDX,MIDCPNIFTY,27-Feb-2025,2025-02-27,13625.00,PE,0.00,0.00,0.00,1049.55,885.15,0,0.00,0,0,06-JAN-2025
OPTIDX,MIDCPNIFTY,30-Jan-2025,2025-01-30,11900.00,CE,0.00,0.00,0.00,957.00,865.10,0,0.00,0,0,06-JAN-2025
OPTIDX,MIDCPNIFTY,27-Mar-2025,2025-03-27,11900.00,PE,0.00,0.00,0.00,107.40,92.20,0,0.00,0,0,06-JAN-2025
OPTIDX,MIDCPNIFTY,27-Mar-2025,2025-03-27,11900.00,CE,0.00,0.00,0.00,1410.80,1063.55,0,0.00,0,0,06-JAN-2025
OPTIDX,MIDCPNIFTY,27-Feb-2025,2025-02-27,11900.00,CE,0.00,0.00,0.00,1084.95,966.05,0,0.00,0,0,06-JAN-2025
OPTIDX,MIDCPNIFTY,30-Jan-2025,2025-01-30,11900.00,PE,17.95,49.40,17.90,43.55,43.55,15719,93781.1740,198350,24850,06-JAN-2025
OPTIDX,MIDCPNIFTY,27-Feb-2025,2025-02-27,11900.00,PE,0.00,0.00,0.00,193.90,55.55,0,0.00,0,0,06-JAN-2025
OPTIDX,MIDCPNIFTY,30-Jan-2025,2025-01-30,11425.00,CE,0.00,0.00,0.00,1306.45,1323.65,0,0.00,0,0,06-JAN-2025
OPTIDX,MIDCPNIFTY,30-Jan-2025,2025-01-30,11425.00,PE,0.00,0.00,0.00,125.75,1.45,0,0.00,0,0,06-JAN-2025
OPTIDX,MIDCPNIFTY,27-Feb-2025,2025-02-27,14100.00,CE,0.00,0.00,0.00,145.90,31.60,0,0.00,0,0,06-JAN-2025
OPTSTK,TATACONSUM,30-Jan-2025,2025-01-30,1090.00,CE,0.00,0.00,0.00,0.75,0.40,0,0.00,5016,0,06-JAN-2025
OPTSTK,DMART,30-Jan-2025,2025-01-30,3900.00,CE,215.00,241.25,160.20,166.90,166.90,394,2422.4919,47550,-2700,06-JAN-2025
OPTSTK,DMART,27-Feb-2025,2025-02-27,3900.00,PE,150.00,150.00,150.00,150.00,141.50,1,6.075,300,150,06-JAN-2025
OPTSTK,TATACONSUM,30-Jan-2025,2025-01-30,960.00,CE,12.35,23.25,11.40,18.20,18.20,3194,14243.2810,200184,18240,06-JAN-2025
OPTSTK,DMART,27-Feb-2025,2025-02-27,4500.00,CE,68.25,68.25,55.00,55.00,32.00,13,88.907025,5550,1350,06-JAN-2025
OPTSTK,DMART,30-Jan-2025,2025-01-30,4500.00,PE,0.00,0.00,0.00,485.55,551.25,0,0.00,1950,0,06-JAN-2025
OPTSTK,DMART,27-Feb-2025,2025-02-27,3450.00,CE,0.00,0.00,0.00,244.90,538.55,0,0.00,0,0,06-JAN-2025
OPTSTK,DMART,30-Jan-2025,2025-01-30,3450.00,CE,0.00,0.00,0.00,605.00,504.30,0,0.00,3600,0,06-JAN-2025
OPTSTK,DMART,27-Mar-2025,2025-03-27,4200.00,PE,0.00,0.00,0.00,666.20,341.20,0,0.00,0,0,06-JAN-2025
OPTSTK,DMART,27-Mar-2025,2025-03-27,3600.00,CE,0.00,0.00,0.00,218.35,457.00,0,0.00,0,0,06-JAN-2025
OPTSTK,DMART,27-Mar-2025,2025-03-27,3700.00,PE,0.00,0.00,0.00,298.80,97.30,0,0.00,0,0,06-JAN-2025
OPTSTK,TATACONSUM,30-Jan-2025,2025-01-30,790.00,PE,0.75,0.75,0.45,0.55,0.05,32,115.358652,140904,1824,06-JAN-2025
OPTSTK,TATACONSUM,27-Mar-2025,2025-03-27,880.00,PE,0.00,0.00,0.00,34.20,14.05,0,0.00,0,0,06-JAN-2025
OPTSTK,DMART,27-Mar-2025,2025-03-27,3200.00,PE,0.00,0.00,0.00,80.55,11.85,0,0.00,0,0,06-JAN-2025
OPTSTK,TATACONSUM,27-Feb-2025,2025-02-27,870.00,PE,0.00,0.00,0.00,7.00,7.25,0,0.00,0,0,06-JAN-2025
OPTSTK,DMART,27-Feb-2025,2025-02-27,3100.00,CE,0.00,0.00,0.00,532.90,866.30,0,0.00,150,0,06-JAN-2025
OPTSTK,TATACONSUM,27-Mar-2025,2025-03-27,800.00,PE,0.00,0.00,0.00,11.00,2.60,0,0.00,0,0,06-JAN-2025
OPTSTK,TATACONSUM,30-Jan-2025,2025-01-30,800.00,CE,0.00,0.00,0.00,129.10,150.50,0,0.00,456,0,06-JAN-2025
OPTSTK,DMART,30-Jan-2025,2025-01-30,4000.00,CE,163.00,185.00,112.55,121.75,121.75,5011,31129.2492,211950,-76200,06-JAN-2025
OPTSTK,DMART,27-Mar-2025,2025-03-27,3900.00,CE,0.00,0.00,0.00,113.15,265.80,0,0.00,0,0,06-JAN-2025
OPTSTK,TATACONSUM,27-Feb-2025,2025-02-27,920.00,CE,0.00,0.00,0.00,73.90,55.85,0,0.00,0,0,06-JAN-2025
OPTSTK,TATACONSUM,30-Jan-2025,2025-01-30,1030.00,CE,1.95,4.45,1.75,3.20,3.20,448,2110.53763,80256,15504,06-JAN-2025
OPTSTK,DMART,27-Mar-2025,2025-03-27,4500.00,PE,0.00,0.00,0.00,930.60,562.80,0,0.00,0,0,06-JAN-2025
OPTSTK,DMART,30-Jan-2025,2025-01-30,3150.00,PE,3.00,4.00,2.45,2.80,2.80,16,75.66675,9600,0,06-JAN-2025
OPTSTK,TATACONSUM,30-Jan-2025,2025-01-30,1010.00,PE,73.10,73.60,70.20,73.60,64.60,4,19.746852,2280,912,06-JAN-2025
OPTSTK,DMART,27-Feb-2025,2025-02-27,4250.00,PE,0.00,0.00,0.00,708.50,352.05,0,0.00,0,0,06-JAN-2025
OPTSTK,DMART,30-Jan-2025,2025-01-30,4250.00,CE,71.60,79.10,46.00,49.05,49.05,545,3523.60957,30300,3450,06-JAN-2025
OPTSTK,DMART,27-Mar-2025,2025-03-27,3600.00,PE,0.00,0.00,0.00,241.65,69.35,0,0.00,0,0,06-JAN-2025
OPTSTK,DMART,30-Jan-2025,2025-01-30,3850.00,PE,60.75,98.85,53.90,92.50,92.50,753,4432.04422,40500,3750,06-JAN-2025
OPTSTK,TATACONSUM,27-Mar-2025,2025-03-27,1040.00,PE,0.00,0.00,0.00,134.80,95.20,0,0.00,0,0,06-JAN-2025
OPTSTK,TATACONSUM,27-Mar-2025,2025-03-27,920.00,CE,0.00,0.00,0.00,50.40,66.65,0,0.00,0,0,06-JAN-2025
OPTSTK,TATACONSUM,30-Jan-2025,2025-01-30,1080.00,PE,138.00,138.00,138.00,138.00,128.90,2,11.10816,456,456,06-JAN-2025
OPTSTK,TITAN,30-Jan-2025,2025-01-30,3700.00,CE,23.95,30.45,16.30,18.30,18.30,9031,58848.3657,245525,47250,06-JAN-2025
OPTSTK,TITAN,30-Jan-2025,2025-01-30,3550.00,CE,65.00,83.00,47.40,55.25,55.25,13890,87898.1146,210700,111300,06-JAN-2025
OPTSTK,TITAN,27-Feb-2025,2025-02-27,3300.00,CE,0.00,0.00,0.00,237.35,244.00,0,0.00,175,0,06-JAN-2025
OPTSTK,TITAN,30-Jan-2025,2025-01-30,3300.00,PE,29.10,32.00,13.80,24.40,24.40,5142,29879.3646,232925,39900,06-JAN-2025
OPTSTK,TITAN,30-Jan-2025,2025-01-30,3600.00,CE,44.75,60.05,33.55,38.95,38.95,18587,118614.014,394975,12600,06-JAN-2025
OPTSTK,TITAN,27-Mar-2025,2025-03-27,3600.00,PE,0.00,0.00,0.00,309.90,191.50,0,0.00,0,0,06-JAN-2025
OPTSTK,TITAN,27-Mar-2025,2025-03-27,2600.00,PE,0.00,0.00,0.00,3.85,0.20,0,0.00,0,0,06-JAN-2025
OPTSTK,TITAN,27-Feb-2025,2025-02-27,3400.00,PE,65.25,85.55,65.25,80.20,73.50,16,97.2867,2800,1575,06-JAN-2025
OPTSTK,TITAN,27-Mar-2025,2025-03-27,3400.00,PE,0.00,0.00,0.00,187.55,93.50,0,0.00,0,0,06-JAN-2025
OPTSTK,TITAN,30-Jan-2025,2025-01-30,3100.00,PE,5.45,8.00,3.45,6.05,6.05,1833,9960.57116,232925,-29400,06-JAN-2025
OPTSTK,TITAN,27-Mar-2025,2025-03-27,3100.00,PE,0.00,0.00,0.00,67.20,19.95,0,0.00,0,0,06-JAN-2025
OPTSTK,TITAN,30-Jan-2025,2025-01-30,3100.00,CE,428.00,428.00,428.00,428.00,385.75,1,6.174,6825,-175,06-JAN-2025
OPTSTK,TITAN,27-Feb-2025,2025-02-27,3250.00,CE,0.00,0.00,0.00,210.50,282.15,0,0.00,0,0,06-JAN-2025
OPTSTK,TITAN,27-Feb-2025,2025-02-27,3300.00,PE,48.75,55.00,40.60,53.65,53.65,19,111.385662,10150,1400,06-JAN-2025
OPTSTK,TITAN,30-Jan-2025,2025-01-30,3000.00,CE,0.00,0.00,0.00,486.00,484.00,0,0.00,4375,0,06-JAN-2025
OPTSTK,TITAN,30-Jan-2025,2025-01-30,2800.00,CE,0.00,0.00,0.00,541.50,682.80,0,0.00,0,0,06-JAN-2025
OPTSTK,TITAN,27-Feb-2025,2025-02-27,2800.00,PE,0.00,0.00,0.00,26.20,0.40,0,0.00,0,0,06-JAN-2025
OPTSTK,TITAN,27-Mar-2025,2025-03-27,3600.00,CE,0.00,0.00,0.00,97.95,114.80,0,0.00,0,0,06-JAN-2025
OPTSTK,TITAN,30-Jan-2025,2025-01-30,4100.00,CE,3.00,3.50,1.15,1.65,1.65,965,6928.21368,43750,19425,06-JAN-2025
OPTSTK,TITAN,30-Jan-2025,2025-01-30,4000.00,CE,3.55,6.20,2.65,3.00,3.00,4701,32941.209,204925,94500,06-JAN-2025
OPTSTK,TITAN,27-Mar-2025,2025-03-27,3000.00,PE,0.00,0.00,0.00,43.30,10.15,0,0.00,0,0,06-JAN-2025
OPTSTK,TITAN,30-Jan-2025,2025-01-30,3150.00,CE,0.00,0.00,0.00,318.70,337.70,0,0.00,4025,0,06-JAN-2025
OPTSTK,TITAN,27-Feb-2025,2025-02-27,3150.00,PE,0.00,0.00,0.00,62.30,14.95,0,0.00,0,0,06-JAN-2025
OPTSTK,TITAN,27-Feb-2025,2025-02-27,3900.00,PE,0.00,0.00,0.00,405.00,408.65,0,0.00,175,0,06-JAN-2025
OPTSTK,TITAN,30-Jan-2025,2025-01-30,2800.00,PE,1.55,1.55,1.20,1.45,1.45,74,362.7757,151375,-175,06-JAN-2025
OPTSTK,TITAN,30-Jan-2025,2025-01-30,3350.00,CE,201.90,214.00,149.80,167.90,167.90,456,2819.74726,93100,-11900,06-JAN-2025
OPTSTK,TITAN,27-Feb-2025,2025-02-27,3650.00,PE,0.00,0.00,0.00,334.90,207.85,0,0.00,0,0,06-JAN-2025
OPTSTK,TITAN,27-Feb-2025,2025-02-27,4000.00,CE,0.00,0.00,0.00,15.50,8.75,0,0.00,0,0,06-JAN-2025
OPTSTK,TITAN,27-Feb-2025,2025-02-27,3350.00,CE,0.00,0.00,0.00,156.50,208.70,0,0.00,0,0,06-JAN-2025
OPTSTK,TITAN,30-Jan-2025,2025-01-30,3350.00,PE,39.75,45.30,20.65,34.10,34.10,3253,19238.3953,136675,16100,06-JAN-2025
FUTSTK,TITAN,30-Jan-2025,2025-01-30,,,3490.00,3548.50,3452.20,3483.40,3483.40,19298,118439.339,8105300,-102900,06-JAN-2025
OPTSTK,TITAN,27-Feb-2025,2025-02-27,2900.00,CE,0.00,0.00,0.00,408.05,599.55,0,0.00,0,0,06-JAN-2025
OPTSTK,NMDC,27-Feb-2025,2025-02-27,74.00,CE,0.00,0.00,0.00,3.45,1.10,0,0.00,0,0,06-JAN-2025
OPTSTK,NMDC,27-Mar-2025,2025-03-27,74.00,CE,0.00,0.00,0.00,4.60,1.90,0,0.00,0,0,06-JAN-2025
OPTSTK,NMDC,30-Jan-2025,2025-01-30,62.00,PE,0.70,1.25,0.60,1.20,1.20,362,3073.91625,2119500,337500,06-JAN-2025
OPTSTK,NMDC,30-Jan-2025,2025-01-30,62.00,CE,0.00,0.00,0.00,8.60,4.40,0,0.00,0,0,06-JAN-2025
OPTSTK,NMDC,27-Feb-2025,2025-02-27,71.00,CE,0.00,0.00,0.00,4.60,1.80,0,0.00,0,0,06-JAN-2025
OPTSTK,NMDC,30-Jan-2025,2025-01-30,71.65,PE,5.85,7.00,5.75,7.00,7.00,41,432.07425,3186000,0,06-JAN-2025
OPTSTK,NMDC,30-Jan-2025,2025-01-30,71.65,CE,1.20,1.20,0.55,0.60,0.60,242,2362.7295,5994000,-202500,06-JAN-2025
OPTSTK,NMDC,30-Jan-2025,2025-01-30,56.65,PE,0.15,0.30,0.15,0.25,0.25,63,483.53625,2416500,0,06-JAN-2025
OPTSTK,NMDC,30-Jan-2025,2025-01-30,70.00,PE,3.60,5.55,3.60,5.50,5.50,199,2007.63225,6831000,229500,06-JAN-2025
OPTSTK,NMDC,30-Jan-2025,2025-01-30,88.35,PE,0.00,0.00,0.00,21.55,23.05,0,0.00,40500,0,06-JAN-2025
OPTSTK,NMDC,30-Jan-2025,2025-01-30,88.35,CE,0.00,0.00,0.00,0.05,0.05,0,0.00,94500,0,06-JAN-2025
OPTSTK,NMDC,30-Jan-2025,2025-01-30,74.00,PE,0.00,0.00,0.00,6.60,9.10,0,0.00,13500,0,06-JAN-2025
OPTSTK,NMDC,27-Mar-2025,2025-03-27,74.00,PE,0.00,0.00,0.00,8.00,9.95,0,0.00,0,0,06-JAN-2025
OPTSTK,NMDC,27-Feb-2025,2025-02-27,83.35,CE,0.00,0.00,0.00,0.30,0.20,0,0.00,499500,0,06-JAN-2025
OPTSTK,NMDC,27-Feb-2025,2025-02-27,62.00,CE,0.00,0.00,0.00,9.80,5.65,0,0.00,0,0,06-JAN-2025
OPTSTK,NMDC,30-Jan-2025,2025-01-30,71.00,PE,0.00,0.00,0.00,3.95,6.50,0,0.00,553500,0,06-JAN-2025
OPTSTK,NMDC,30-Jan-2025,2025-01-30,67.00,PE,2.05,3.50,2.05,3.35,3.35,592,5579.253,4077000,553500,06-JAN-2025
OPTSTK,NMDC,30-Jan-2025,2025-01-30,65.00,PE,1.10,2.40,1.10,2.25,2.25,1433,12941.9032,6520500,13500,06-JAN-2025
OPTSTK,NMDC,27-Feb-2025,2025-02-27,86.65,CE,0.00,0.00,0.00,0.35,0.10,0,0.00,94500,0,06-JAN-2025
OPTSTK,NMDC,27-Feb-2025,2025-02-27,90.00,CE,0.00,0.00,0.00,0.15,0.05,0,0.00,67500,0,06-JAN-2025
OPTSTK,NMDC,30-Jan-2025,2025-01-30,66.65,CE,2.80,2.80,1.75,1.80,1.80,342,3178.51425,2767500,607500,06-JAN-2025
OPTSTK,NMDC,30-Jan-2025,2025-01-30,66.65,PE,1.65,3.30,1.65,3.10,3.10,608,5686.2675,7303500,-216000,06-JAN-2025
OPTSTK,NMDC,30-Jan-2025,2025-01-30,76.65,PE,10.65,11.20,10.65,10.95,11.55,53,625.89375,5400000,-553500,06-JAN-2025
OPTSTK,NMDC,27-Feb-2025,2025-02-27,69.00,CE,2.40,2.40,2.40,2.40,2.35,1,9.639,13500,13500,06-JAN-2025
OPTSTK,NMDC,30-Jan-2025,2025-01-30,69.00,PE,3.40,4.85,3.40,4.85,4.95,31,305.16075,1120500,-27000,06-JAN-2025
FUTSTK,NMDC,30-Jan-2025,2025-01-30,,,67.42,67.69,65.08,65.25,65.25,4640,41411.0016,232915500,-9328500,06-JAN-2025
OPTSTK,NMDC,30-Jan-2025,2025-01-30,73.00,CE,0.60,0.60,0.40,0.45,0.45,226,2241.76275,3483000,1282500,06-JAN-2025
OPTSTK,NMDC,27-Feb-2025,2025-02-27,73.00,CE,0.00,0.00,0.00,3.80,1.30,0,0.00,0,0,06-JAN-2025
OPTSTK,NMDC,30-Jan-2025,2025-01-30,61.00,PE,0.60,0.90,0.50,0.90,0.90,83,691.497,1323000,270000,06-JAN-2025
OPTSTK,NMDC,27-Feb-2025,2025-02-27,61.00,PE,0.00,0.00,0.00,1.45,1.80,0,0.00,0,0,06-JAN-2025
OPTSTK,NMDC,27-Feb-2025,2025-02-27,61.00,CE,0.00,0.00,0.00,10.50,6.30,0,0.00,0,0,06-JAN-2025
OPTSTK,NMDC,30-Jan-2025,2025-01-30,61.00,CE,0.00,0.00,0.00,9.40,5.10,0,0.00,0,0,06-JAN-2025
OPTSTK,NMDC,30-Jan-2025,2025-01-30,81.65,PE,0.00,0.00,0.00,12.30,16.40,0,0.00,634500,0,06-JAN-2025
OPTSTK,RAMCOCEM,27-Feb-2025,2025-02-27,890.00,PE,0.00,0.00,0.00,14.50,11.50,0,0.00,0,0,06-JAN-2025
OPTSTK,RAMCOCEM,30-Jan-2025,2025-01-30,890.00,CE,0.00,0.00,0.00,77.05,70.70,0,0.00,1700,0,06-JAN-2025
FUTSTK,RAMCOCEM,27-Mar-2025,2025-03-27,,,0.00,0.00,0.00,998.00,966.35,0,0.00,4250,0,06-JAN-2025
OPTSTK,RAMCOCEM,27-Feb-2025,2025-02-27,930.00,PE,0.00,0.00,0.00,25.75,23.75,0,0.00,0,0,06-JAN-2025
OPTSTK,RAMCOCEM,30-Jan-2025,2025-01-30,1020.00,CE,11.00,11.50,6.15,6.70,6.70,186,1624.59097,65450,850,06-JAN-2025
OPTSTK,RAMCOCEM,30-Jan-2025,2025-01-30,1120.00,PE,0.00,0.00,0.00,218.65,163.10,0,0.00,0,0,06-JAN-2025
OPTSTK,RAMCOCEM,27-Feb-2025,2025-02-27,1120.00,CE,0.00,0.00,0.00,19.85,2.80,0,0.00,0,0,06-JAN-2025
OPTSTK,RAMCOCEM,30-Jan-2025,2025-01-30,1010.00,PE,39.90,52.30,39.90,52.30,61.25,2,17.9537,6800,0,06-JAN-2025
OPTSTK,RAMCOCEM,30-Jan-2025,2025-01-30,1030.00,CE,8.85,9.00,5.05,5.30,5.30,189,1663.89157,103700,50150,06-JAN-2025
OPTSTK,RAMCOCEM,30-Jan-2025,2025-01-30,1060.00,PE,91.60,93.10,91.60,93.10,105.05,5,48.97105,17000,3400,06-JAN-2025
OPTSTK,RAMCOCEM,30-Jan-2025,2025-01-30,1070.00,CE,3.70,3.85,2.05,2.30,2.30,103,939.009025,113050,47600,06-JAN-2025
OPTSTK,RAMCOCEM,30-Jan-2025,2025-01-30,1100.00,PE,0.00,0.00,0.00,200.50,143.45,0,0.00,0,0,06-JAN-2025
OPTSTK,RAMCOCEM,27-Mar-2025,2025-03-27,1160.00,CE,0.00,0.00,0.00,14.45,3.95,0,0.00,0,0,06-JAN-2025
OPTSTK,RAMCOCEM,27-Feb-2025,2025-02-27,1040.00,CE,0.00,0.00,0.00,41.00,12.10,0,0.00,0,0,06-JAN-2025
OPTSTK,RAMCOCEM,30-Jan-2025,2025-01-30,1040.00,CE,7.00,7.55,4.10,4.25,4.25,170,1510.14102,85850,11050,06-JAN-2025
OPTSTK,RAMCOCEM,27-Mar-2025,2025-03-27,1040.00,PE,0.00,0.00,0.00,87.55,93.35,0,0.00,0,0,06-JAN-2025
OPTSTK,RAMCOCEM,27-Feb-2025,2025-02-27,990.00,PE,0.00,0.00,0.00,51.55,54.25,0,0.00,0,0,06-JAN-2025
OPTSTK,RAMCOCEM,30-Jan-2025,2025-01-30,990.00,CE,22.20,23.00,12.50,13.75,13.75,130,1111.9972,75650,10200,06-JAN-2025
OPTSTK,RAMCOCEM,30-Jan-2025,2025-01-30,990.00,PE,25.95,43.00,25.95,39.95,46.25,51,445.32945,19550,7650,06-JAN-2025
OPTSTK,RAMCOCEM,27-Feb-2025,2025-02-27,990.00,CE,0.00,0.00,0.00,50.55,25.90,0,0.00,0,0,06-JAN-2025
OPTSTK,RAMCOCEM,27-Feb-2025,2025-02-27,1050.00,PE,0.00,0.00,0.00,88.15,98.05,0,0.00,0,0,06-JAN-2025
OPTSTK,RAMCOCEM,27-Feb-2025,2025-02-27,1030.00,CE,0.00,0.00,0.00,34.30,14.20,0,0.00,0,0,06-JAN-2025
OPTSTK,RAMCOCEM,27-Feb-2025,2025-02-27,950.00,CE,0.00,0.00,0.00,71.60,43.50,0,0.00,0,0,06-JAN-2025
OPTSTK,RAMCOCEM,30-Jan-2025,2025-01-30,950.00,PE,11.85,24.65,11.85,24.10,24.10,89,733.0077,135150,-1700,06-JAN-2025
OPTSTK,RAMCOCEM,27-Feb-2025,2025-02-27,800.00,CE,0.00,0.00,0.00,194.30,160.90,0,0.00,0,0,06-JAN-2025
OPTSTK,RAMCOCEM,27-Feb-2025,2025-02-27,800.00,PE,0.00,0.00,0.00,5.00,1.10,0,0.00,0,0,06-JAN-2025
OPTSTK,RAMCOCEM,27-Feb-2025,2025-02-27,870.00,CE,0.00,0.00,0.00,127.90,97.95,0,0.00,0,0,06-JAN-2025
OPTSTK,RAMCOCEM,30-Jan-2025,2025-01-30,910.00,PE,4.05,11.45,3.95,10.80,10.80,100,779.3344,65450,-5950,06-JAN-2025
OPTSTK,RAMCOCEM,30-Jan-2025,2025-01-30,1100.00,CE,2.15,2.20,1.15,1.50,1.50,417,3904.36577,606900,45050,06-JAN-2025
OPTSTK,RAMCOCEM,27-Feb-2025,2025-02-27,1080.00,PE,0.00,0.00,0.00,114.50,123.55,0,0.00,0,0,06-JAN-2025
OPTSTK,RAMCOCEM,27-Mar-2025,2025-03-27,920.00,CE,0.00,0.00,0.00,102.65,72.20,0,0.00,0,0,06-JAN-2025
OPTSTK,RAMCOCEM,30-Jan-2025,2025-01-30,1140.00,PE,0.00,0.00,0.00,216.35,182.90,0,0.00,0,0,06-JAN-2025
OPTSTK,CGPOWER,27-Feb-2025,2025-02-27,600.00,CE,0.00,0.00,0.00,173.40,123.85,0,0.00,0,0,06-JAN-2025
OPTSTK,CGPOWER,27-Mar-2025,2025-03-27,800.00,CE,0.00,0.00,0.00,47.70,22.50,0,0.00,0,0,06-JAN-2025
OPTSTK,IGL,27-Feb-2025,2025-02-27,395.00,CE,0.00,0.00,0.00,31.75,45.10,0,0.00,0,0,06-JAN-2025
OPTSTK,IGL,30-Jan-2025,2025-01-30,395.00,CE,33.10,33.10,27.10,30.55,36.90,6,35.069375,122375,-4125,06-JAN-2025
OPTSTK,CGPOWER,30-Jan-2025,2025-01-30,710.00,CE,44.15,44.15,31.35,31.40,31.40,8,43.2125375,13775,1450,06-JAN-2025
OPTSTK,IGL,30-Jan-2025,2025-01-30,365.00,CE,0.00,0.00,0.00,42.05,62.10,0,0.00,5500,0,06-JAN-2025
OPTSTK,IGL,27-Mar-2025,2025-03-27,490.00,PE,0.00,0.00,0.00,102.10,71.75,0,0.00,0,0,06-JAN-2025
OPTSTK,IGL,30-Jan-2025,2025-01-30,490.00,CE,2.25,2.30,0.95,1.20,1.20,521,3518.67243,959750,-39875,06-JAN-2025
OPTSTK,IGL,30-Jan-2025,2025-01-30,380.00,PE,1.55,3.85,1.40,3.35,3.35,675,3555.00818,632500,-26125,06-JAN-2025
OPTSTK,IGL,27-Feb-2025,2025-02-27,405.00,PE,0.00,0.00,0.00,36.85,15.70,0,0.00,0,0,06-JAN-2025
OPTSTK,IGL,27-Feb-2025,2025-02-27,350.00,PE,0.00,0.00,0.00,12.50,2.75,0,0.00,0,0,06-JAN-2025
OPTSTK,IGL,27-Feb-2025,2025-02-27,420.00,CE,20.00,21.30,19.50,19.50,30.35,3,18.161,11000,1375,06-JAN-2025
OPTSTK,IGL,27-Feb-2025,2025-02-27,415.00,PE,0.00,0.00,0.00,42.90,19.90,0,0.00,0,0,06-JAN-2025
OPTSTK,CGPOWER,27-Feb-2025,2025-02-27,690.00,PE,0.00,0.00,0.00,26.30,24.95,0,0.00,0,0,06-JAN-2025
OPTSTK,CGPOWER,30-Jan-2025,2025-01-30,690.00,PE,11.20,17.00,9.35,15.15,14.75,43,219.094637,17400,3625,06-JAN-2025
OPTSTK,IGL,27-Feb-2025,2025-02-27,370.00,PE,6.00,7.50,6.00,7.00,5.75,8,41.4975,17875,0,06-JAN-2025
OPTSTK,CGPOWER,30-Jan-2025,2025-01-30,860.00,PE,0.00,0.00,0.00,119.60,142.65,0,0.00,0,0,06-JAN-2025
OPTSTK,CGPOWER,27-Feb-2025,2025-02-27,830.00,CE,0.00,0.00,0.00,26.55,8.50,0,0.00,0,0,06-JAN-2025
OPTSTK,CGPOWER,27-Feb-2025,2025-02-27,830.00,PE,0.00,0.00,0.00,102.40,116.25,0,0.00,0,0,06-JAN-2025
OPTSTK,IGL,30-Jan-2025,2025-01-30,510.00,CE,0.00,0.00,0.00,1.00,0.90,0,0.00,8250,0,06-JAN-2025
OPTSTK,IGL,27-Feb-2025,2025-02-27,510.00,PE,0.00,0.00,0.00,117.65,85.70,0,0.00,0,0,06-JAN-2025
OPTSTK,CGPOWER,27-Feb-2025,2025-02-27,700.00,PE,0.00,0.00,0.00,18.00,29.15,0,0.00,725,0,06-JAN-2025
OPTSTK,CGPOWER,27-Feb-2025,2025-02-27,670.00,PE,0.00,0.00,0.00,20.05,17.80,0,0.00,0,0,06-JAN-2025
OPTSTK,CGPOWER,27-Mar-2025,2025-03-27,820.00,PE,0.00,0.00,0.00,102.50,111.60,0,0.00,0,0,06-JAN-2025
OPTSTK,IGL,27-Feb-2025,2025-02-27,425.00,CE,0.00,0.00,0.00,20.20,27.85,0,0.00,0,0,06-JAN-2025
OPTSTK,IGL,30-Jan-2025,2025-01-30,500.00,PE,0.00,0.00,0.00,81.35,75.00,0,0.00,0,0,06-JAN-2025
OPTSTK,CGPOWER,30-Jan-2025,2025-01-30,820.00,PE,0.00,0.00,0.00,75.95,104.55,0,0.00,2175,0,06-JAN-2025
OPTSTK,CGPOWER,27-Feb-2025,2025-02-27,820.00,PE,0.00,0.00,0.00,98.50,107.85,0,0.00,0,0,06-JAN-2025
OPTSTK,CGPOWER,27-Feb-2025,2025-02-27,820.00,CE,0.00,0.00,0.00,45.70,10.00,0,0.00,0,0,06-JAN-2025
OPTSTK,CGPOWER,27-Feb-2025,2025-02-27,770.00,PE,0.00,0.00,0.00,63.20,69.30,0,0.00,0,0,06-JAN-2025
OPTSTK,CGPOWER,27-Feb-2025,2025-02-27,770.00,CE,0.00,0.00,0.00,46.60,20.95,0,0.00,0,0,06-JAN-2025
OPTSTK,IGL,27-Mar-2025,2025-03-27,500.00,PE,0.00,0.00,0.00,110.45,79.55,0,0.00,0,0,06-JAN-2025
OPTSTK,CGPOWER,30-Jan-2025,2025-01-30,640.00,PE,3.00,4.80,3.00,4.80,4.80,3,13.9983,22475,725,06-JAN-2025
OPTSTK,ZOMATO,30-Jan-2025,2025-01-30,335.00,PE,0.00,0.00,0.00,60.80,68.80,0,0.00,4000,0,06-JAN-2025
OPTSTK,ZOMATO,30-Jan-2025,2025-01-30,320.00,CE,0.80,0.80,0.55,0.65,0.65,1304,8363.475,1616000,-240000,06-JAN-2025
OPTSTK,ZOMATO,27-Feb-2025,2025-02-27,280.00,CE,14.95,14.95,10.70,11.55,10.95,31,181.048,74000,14000,06-JAN-2025
OPTSTK,ZOMATO,30-Jan-2025,2025-01-30,240.00,PE,1.35,3.25,1.10,2.70,2.70,2128,10306.977,3316000,720000,06-JAN-2025
OPTSTK,ZOMATO,27-Feb-2025,2025-02-27,305.00,PE,0.00,0.00,0.00,39.55,41.85,0,0.00,0,0,06-JAN-2025
OPTSTK,ZOMATO,27-Feb-2025,2025-02-27,300.00,PE,0.00,0.00,0.00,32.80,37.80,0,0.00,0,0,06-JAN-2025
OPTSTK,ZOMATO,30-Jan-2025,2025-01-30,300.00,CE,2.80,2.80,1.40,1.75,1.75,4061,24522.764,8814000,906000,06-JAN-2025
OPTSTK,ZOMATO,30-Jan-2025,2025-01-30,265.00,CE,15.00,16.00,10.00,11.20,11.20,1456,8073.194,696000,222000,06-JAN-2025
OPTSTK,ZOMATO,27-Feb-2025,2025-02-27,265.00,PE,0.00,0.00,0.00,16.05,14.80,0,0.00,0,0,06-JAN-2025
OPTSTK,ZOMATO,27-Feb-2025,2025-02-27,270.00,CE,16.30,16.30,14.80,15.00,14.90,18,102.618,42000,28000,06-JAN-2025
OPTSTK,ZOMATO,27-Feb-2025,2025-02-27,320.00,PE,0.00,0.00,0.00,45.45,54.65,0,0.00,0,0,06-JAN-2025
OPTSTK,ZOMATO,27-Feb-2025,2025-02-27,250.00,CE,0.00,0.00,0.00,51.15,25.65,0,0.00,0,0,06-JAN-2025
OPTSTK,ZOMATO,27-Mar-2025,2025-03-27,320.00,CE,0.00,0.00,0.00,12.25,5.20,0,0.00,0,0,06-JAN-2025
OPTSTK,ZOMATO,27-Mar-2025,2025-03-27,260.00,PE,0.00,0.00,0.00,17.35,15.55,0,0.00,0,0,06-JAN-2025
OPTSTK,ZOMATO,30-Jan-2025,2025-01-30,295.00,CE,3.40,3.40,1.80,2.25,2.25,1530,9102.908,1804000,340000,06-JAN-2025
OPTSTK,ZOMATO,27-Feb-2025,2025-02-27,285.00,CE,11.20,11.20,11.20,11.20,9.30,1,5.924,2000,2000,06-JAN-2025
OPTSTK,ZOMATO,30-Jan-2025,2025-01-30,285.00,PE,16.45,24.85,15.35,23.90,23.90,413,2518.643,646000,-144000,06-JAN-2025
OPTSTK,ZOMATO,27-Feb-2025,2025-02-27,340.00,CE,2.00,2.05,1.45,1.70,1.10,33,225.537,128000,4000,06-JAN-2025
OPTSTK,ZOMATO,27-Mar-2025,2025-03-27,320.00,PE,0.00,0.00,0.00,53.25,55.70,0,0.00,0,0,06-JAN-2025
OPTSTK,ZOMATO,27-Feb-2025,2025-02-27,320.00,CE,0.00,0.00,0.00,17.35,2.55,0,0.00,0,0,06-JAN-2025
OPTSTK,ZOMATO,30-Jan-2025,2025-01-30,305.00,CE,1.90,1.95,1.10,1.30,1.30,992,6079.134,1170000,-148000,06-JAN-2025
OPTSTK,ZOMATO,30-Jan-2025,2025-01-30,290.00,CE,4.70,4.70,2.45,3.00,3.00,3982,23363.377,3832000,366000,06-JAN-2025
OPTSTK,ZOMATO,27-Feb-2025,2025-02-27,305.00,CE,0.00,0.00,0.00,11.60,4.60,0,0.00,0,0,06-JAN-2025
OPTSTK,ZOMATO,30-Jan-2025,2025-01-30,270.00,CE,12.95,13.00,7.75,8.90,8.90,4298,24047.54,2376000,434000,06-JAN-2025
FUTSTK,ZOMATO,27-Feb-2025,2025-02-27,,,276.20,277.20,264.75,266.75,266.75,1082,5851.616,2730000,394000,06-JAN-2025
OPTSTK,ZOMATO,30-Jan-2025,2025-01-30,275.00,PE,10.90,17.75,9.60,16.40,16.40,3945,22727.139,2192000,-308000,06-JAN-2025
OPTSTK,ZOMATO,27-Feb-2025,2025-02-27,275.00,CE,0.00,0.00,0.00,21.00,12.80,0,0.00,2000,0,06-JAN-2025
OPTSTK,ZOMATO,30-Jan-2025,2025-01-30,285.00,CE,6.10,6.10,3.20,3.95,3.95,3507,20302.488,3024000,926000,06-JAN-2025
OPTSTK,ZOMATO,27-Feb-2025,2025-02-27,245.00,PE,0.00,0.00,0.00,8.60,6.75,0,0.00,0,0,06-JAN-2025
OPTSTK,ZOMATO,30-Jan-2025,2025-01-30,245.00,PE,1.60,4.50,1.55,3.85,3.85,1059,5255.755,998000,300000,06-JAN-2025
OPTSTK,ZOMATO,27-Feb-2025,2025-02-27,250.00,PE,6.60,10.10,6.00,9.50,9.50,49,253.036,198000,16000,06-JAN-2025
OPTSTK,ADANIENSOL,30-Jan-2025,2025-01-30,720.00,CE,74.50,74.50,66.15,67.50,67.50,13,64.1771875,6250,2500,06-JAN-2025
OPTSTK,ADANIENSOL,30-Jan-2025,2025-01-30,880.00,PE,102.30,119.80,102.25,117.65,117.65,11,68.39875,26875,1875,06-JAN-2025
OPTSTK,ADANIENSOL,27-Feb-2025,2025-02-27,880.00,CE,0.00,0.00,0.00,59.45,34.40,0,0.00,0,0,06-JAN-2025
OPTSTK,ADANIENSOL,30-Jan-2025,2025-01-30,720.00,PE,8.80,18.85,8.80,17.35,17.35,291,1332.74875,31875,-4375,06-JAN-2025
OPTSTK,ADANIENSOL,27-Feb-2025,2025-02-27,820.00,CE,0.00,0.00,0.00,88.70,52.55,0,0.00,0,0,06-JAN-2025
OPTSTK,ADANIENSOL,30-Jan-2025,2025-01-30,820.00,PE,35.05,70.50,34.20,69.40,69.40,152,829.44625,141875,-29375,06-JAN-2025
OPTSTK,ADANIENSOL,30-Jan-2025,2025-01-30,920.00,CE,7.95,7.95,3.55,4.00,4.00,178,1028.26531,106875,26875,06-JAN-2025
FUTSTK,ADANIENSOL,30-Jan-2025,2025-01-30,,,821.25,823.30,765.05,769.15,769.15,3756,18460.3731,5733750,-104375,06-JAN-2025
OPTSTK,ADANIENSOL,27-Mar-2025,2025-03-27,800.00,CE,0.00,0.00,0.00,118.20,78.70,0,0.00,0,0,06-JAN-2025
OPTSTK,ADANIENSOL,27-Mar-2025,2025-03-27,800.00,PE,0.00,0.00,0.00,111.45,98.30,0,0.00,0,0,06-JAN-2025
OPTSTK,ADANIENSOL,27-Feb-2025,2025-02-27,800.00,PE,0.00,0.00,0.00,141.70,83.80,0,0.00,0,0,06-JAN-2025
OPTSTK,ADANIENSOL,27-Feb-2025,2025-02-27,820.00,PE,0.00,0.00,0.00,106.10,96.05,0,0.00,0,0,06-JAN-2025
OPTSTK,ADANIENSOL,30-Jan-2025,2025-01-30,820.00,CE,35.90,35.95,17.30,18.10,18.10,984,5180.32781,241875,51250,06-JAN-2025
OPTSTK,ADANIENSOL,27-Mar-2025,2025-03-27,760.00,PE,0.00,0.00,0.00,90.40,76.40,0,0.00,0,0,06-JAN-2025
OPTSTK,ADANIENSOL,27-Mar-2025,2025-03-27,640.00,CE,0.00,0.00,0.00,205.00,166.45,0,0.00,0,0,06-JAN-2025
OPTSTK,ADANIENSOL,30-Jan-2025,2025-01-30,880.00,CE,11.95,11.95,6.70,7.10,7.10,305,1693.0075,118125,-12500,06-JAN-2025
OPTSTK,ADANIENSOL,27-Mar-2025,2025-03-27,680.00,CE,0.00,0.00,0.00,179.70,140.00,0,0.00,0,0,06-JAN-2025
OPTSTK,ADANIENSOL,30-Jan-2025,2025-01-30,780.00,CE,47.15,47.30,31.00,32.50,32.50,303,1544.7975,93750,40625,06-JAN-2025
OPTSTK,ADANIENSOL,27-Feb-2025,2025-02-27,960.00,CE,0.00,0.00,0.00,42.30,18.70,0,0.00,0,0,06-JAN-2025
OPTSTK,ADANIENSOL,27-Feb-2025,2025-02-27,780.00,PE,0.00,0.00,0.00,84.10,72.40,0,0.00,0,0,06-JAN-2025
OPTSTK,ADANIENSOL,30-Jan-2025,2025-01-30,900.00,PE,137.45,137.55,132.00,134.20,134.20,8,51.70875,52500,-2500,06-JAN-2025
OPTSTK,ADANIENSOL,30-Jan-2025,2025-01-30,840.00,PE,56.35,85.85,55.85,85.15,85.15,69,392.885625,99375,-5000,06-JAN-2025
OPTSTK,ADANIENSOL,30-Jan-2025,2025-01-30,900.00,CE,10.00,10.25,4.85,5.30,5.30,1313,7438.66562,546250,-86250,06-JAN-2025
OPTSTK,ADANIENSOL,27-Mar-2025,2025-03-27,880.00,CE,0.00,0.00,0.00,87.95,51.50,0,0.00,0,0,06-JAN-2025
OPTSTK,ADANIENSOL,30-Jan-2025,2025-01-30,960.00,PE,0.00,0.00,0.00,134.15,192.05,0,0.00,625,0,06-JAN-2025
OPTSTK,ADANIENSOL,30-Jan-2025,2025-01-30,840.00,CE,27.50,27.50,12.50,13.25,13.25,1041,5572.81437,471250,40000,06-JAN-2025
OPTSTK,ADANIENSOL,27-Mar-2025,2025-03-27,920.00,PE,0.00,0.00,0.00,186.65,179.10,0,0.00,0,0,06-JAN-2025
OPTSTK,ADANIENSOL,27-Feb-2025,2025-02-27,660.00,CE,0.00,0.00,0.00,175.05,137.90,0,0.00,0,0,06-JAN-2025
OPTSTK,ADANIENSOL,27-Feb-2025,2025-02-27,840.00,PE,0.00,0.00,0.00,168.35,109.10,0,0.00,0,0,06-JAN-2025
OPTSTK,ADANIENSOL,27-Mar-2025,2025-03-27,840.00,PE,0.00,0.00,0.00,134.60,122.90,0,0.00,0,0,06-JAN-2025
OPTSTK,ADANIENSOL,30-Jan-2025,2025-01-30,800.00,CE,45.00,45.05,23.50,24.35,24.35,1499,7773.36093,600625,138750,06-JAN-2025
OPTSTK,CANBK,30-Jan-2025,2025-01-30,112.00,CE,0.80,0.80,0.25,0.25,0.25,278,2107.71787,1201500,195750,06-JAN-2025
OPTSTK,CANBK,27-Feb-2025,2025-02-27,110.00,CE,1.60,1.75,1.25,1.30,1.30,111,834.9615,695250,256500,06-JAN-2025
OPTSTK,CANBK,27-Mar-2025,2025-03-27,110.00,PE,0.00,0.00,0.00,12.60,13.45,0,0.00,0,0,06-JAN-2025
OPTSTK,CANBK,30-Jan-2025,2025-01-30,110.00,PE,10.00,12.85,10.00,12.60,12.60,65,534.17475,6372000,-114750,06-JAN-2025
OPTSTK,CANBK,30-Jan-2025,2025-01-30,110.00,CE,0.80,0.80,0.35,0.40,0.40,1869,13938.6352,17199000,2679750,06-JAN-2025
OPTSTK,CANBK,27-Feb-2025,2025-02-27,110.00,PE,12.80,12.80,12.80,12.80,12.95,2,16.578,33750,13500,06-JAN-2025
OPTSTK,METROPOLIS,27-Feb-2025,2025-02-27,1980.00,PE,0.00,0.00,0.00,86.45,56.80,0,0.00,0,0,06-JAN-2025
OPTSTK,METROPOLIS,30-Jan-2025,2025-01-30,1980.00,PE,49.70,64.55,44.05,54.85,54.85,496,4036.2078,86800,58400,06-JAN-2025
OPTSTK,METROPOLIS,27-Feb-2025,2025-02-27,2040.00,PE,0.00,0.00,0.00,92.90,82.90,0,0.00,0,0,06-JAN-2025
OPTSTK,METROPOLIS,30-Jan-2025,2025-01-30,2040.00,PE,75.50,93.25,75.50,83.80,83.80,408,3463.192,28400,16000,06-JAN-2025
OPTSTK,CANBK,27-Mar-2025,2025-03-27,84.00,CE,0.00,0.00,0.00,20.25,15.70,0,0.00,0,0,06-JAN-2025
FUTSTK,METROPOLIS,30-Jan-2025,2025-01-30,,,1998.30,2065.90,1975.00,2048.50,2048.50,7424,60289.3058,1751200,283600,06-JAN-2025
OPTSTK,CANBK,27-Feb-2025,2025-02-27,93.00,CE,0.00,0.00,0.00,12.25,7.90,0,0.00,0,0,06-JAN-2025
OPTSTK,CANBK,27-Feb-2025,2025-02-27,93.00,PE,0.00,0.00,0.00,3.05,2.65,0,0.00,0,0,06-JAN-2025
OPTSTK,CANBK,30-Jan-2025,2025-01-30,93.00,CE,7.40,7.40,6.20,6.25,6.25,22,148.095,128250,40500,06-JAN-2025
OPTSTK,METROPOLIS,27-Feb-2025,2025-02-27,1980.00,CE,0.00,0.00,0.00,159.40,134.60,0,0.00,0,0,06-JAN-2025
OPTSTK,METROPOLIS,30-Jan-2025,2025-01-30,1980.00,CE,74.40,125.25,74.40,125.25,101.25,50,413.8892,6800,6800,06-JAN-2025
OPTSTK,METROPOLIS,30-Jan-2025,2025-01-30,2400.00,PE,0.00,0.00,0.00,289.65,351.75,0,0.00,0,0,06-JAN-2025
OPTSTK,METROPOLIS,30-Jan-2025,2025-01-30,1760.00,CE,0.00,0.00,0.00,437.95,288.00,0,0.00,0,0,06-JAN-2025
OPTSTK,METROPOLIS,30-Jan-2025,2025-01-30,2160.00,CE,13.00,50.20,11.35,47.50,47.50,1617,14255.3108,222800,212000,06-JAN-2025
OPTSTK,METROPOLIS,30-Jan-2025,2025-01-30,2000.00,PE,56.90,75.20,50.75,64.55,64.55,1183,9763.1912,174800,58800,06-JAN-2025
OPTSTK,METROPOLIS,30-Jan-2025,2025-01-30,1860.00,PE,16.00,23.70,15.20,20.95,20.95,210,1579.5386,22000,6000,06-JAN-2025
OPTSTK,METROPOLIS,30-Jan-2025,2025-01-30,2180.00,PE,180.10,180.10,180.10,180.10,150.60,2,18.8808,800,800,06-JAN-2025
OPTSTK,METROPOLIS,27-Feb-2025,2025-02-27,2180.00,CE,0.00,0.00,0.00,72.75,46.65,0,0.00,0,0,06-JAN-2025
OPTSTK,CANBK,30-Jan-2025,2025-01-30,109.00,PE,8.65,10.50,8.60,10.50,11.60,16,127.6155,580500,20250,06-JAN-2025
OPTSTK,CANBK,27-Feb-2025,2025-02-27,109.00,PE,0.00,0.00,0.00,11.00,12.15,0,0.00,0,0,06-JAN-2025
OPTSTK,CANBK,27-Feb-2025,2025-02-27,109.00,CE,0.00,0.00,0.00,4.40,1.55,0,0.00,0,0,06-JAN-2025
OPTSTK,CANBK,30-Jan-2025,2025-01-30,109.00,CE,1.00,1.00,0.40,0.45,0.45,428,3165.534,2119500,587250,06-JAN-2025
OPTSTK,CANBK,27-Feb-2025,2025-02-27,86.00,PE,0.00,0.00,0.00,1.90,0.90,0,0.00,0,0,06-JAN-2025
OPTSTK,METROPOLIS,27-Feb-2025,2025-02-27,2020.00,PE,0.00,0.00,0.00,104.60,73.50,0,0.00,0,0,06-JAN-2025
OPTSTK,METROPOLIS,27-Feb-2025,2025-02-27,2020.00,CE,0.00,0.00,0.00,138.05,111.70,0,0.00,0,0,06-JAN-2025
OPTSTK,PEL,30-Jan-2025,2025-01-30,1100.00,PE,40.05,75.95,39.50,71.20,71.20,651,5629.1745,582000,-17250,06-JAN-2025
OPTSTK,PEL,30-Jan-2025,2025-01-30,1100.00,CE,37.95,37.95,20.35,22.15,22.15,1410,11953.0522,378750,111750,06-JAN-2025
OPTSTK,SBILIFE,30-Jan-2025,2025-01-30,1600.00,PE,147.00,165.05,144.85,165.05,159.90,22,144.495937,58125,3750,06-JAN-2025
OPTSTK,SBILIFE,27-Feb-2025,2025-02-27,1440.00,PE,0.00,0.00,0.00,76.30,47.20,0,0.00,0,0,06-JAN-2025
OPTSTK,PEL,27-Feb-2025,2025-02-27,880.00,PE,0.00,0.00,0.00,9.30,6.50,0,0.00,0,0,06-JAN-2025
OPTSTK,SBILIFE,27-Feb-2025,2025-02-27,1260.00,PE,0.00,0.00,0.00,12.15,3.15,0,0.00,0,0,06-JAN-2025
OPTSTK,SBILIFE,27-Feb-2025,2025-02-27,1260.00,CE,0.00,0.00,0.00,177.00,189.85,0,0.00,0,0,06-JAN-2025
OPTSTK,PEL,27-Mar-2025,2025-03-27,1280.00,CE,0.00,0.00,0.00,45.20,15.50,0,0.00,0,0,06-JAN-2025
OPTSTK,PEL,30-Jan-2025,2025-01-30,1280.00,CE,2.60,2.75,1.80,2.00,2.00,6,57.69825,46500,3000,06-JAN-2025
OPTSTK,SBILIFE,30-Jan-2025,2025-01-30,1760.00,CE,0.70,0.75,0.65,0.65,0.05,4,26.4105,113625,0,06-JAN-2025
OPTSTK,SBILIFE,30-Jan-2025,2025-01-30,1760.00,PE,0.00,0.00,0.00,338.00,317.55,0,0.00,15750,0,06-JAN-2025
OPTSTK,SBILIFE,27-Feb-2025,2025-02-27,1360.00,PE,0.00,0.00,0.00,42.90,17.80,0,0.00,0,0,06-JAN-2025
OPTSTK,SBILIFE,27-Feb-2025,2025-02-27,1300.00,CE,0.00,0.00,0.00,145.30,153.90,0,0.00,0,0,06-JAN-2025
OPTSTK,SBILIFE,30-Jan-2025,2025-01-30,1400.00,PE,13.90,24.50,11.45,22.55,22.55,1017,5416.12518,172125,1875,06-JAN-2025
OPTSTK,SBILIFE,27-Feb-2025,2025-02-27,1480.00,PE,0.00,0.00,0.00,97.50,69.10,0,0.00,0,0,06-JAN-2025
OPTSTK,SBILIFE,30-Jan-2025,2025-01-30,1500.00,PE,62.05,80.15,60.90,80.15,72.45,83,488.56425,60750,-1875,06-JAN-2025
OPTSTK,PEL,27-Feb-2025,2025-02-27,1180.00,CE,0.00,0.00,0.00,55.70,20.15,0,0.00,0,0,06-JAN-2025
OPTSTK,PEL,30-Jan-2025,2025-01-30,1180.00,CE,10.70,10.90,5.85,6.55,6.55,511,4551.92137,77250,4500,06-JAN-2025
OPTSTK,PEL,27-Feb-2025,2025-02-27,920.00,CE,0.00,0.00,0.00,290.85,148.20,0,0.00,0,0,06-JAN-2025
OPTSTK,PEL,30-Jan-2025,2025-01-30,1300.00,CE,1.90,1.95,1.25,1.40,1.40,180,1757.09025,606750,-32250,06-JAN-2025
OPTSTK,PEL,27-Feb-2025,2025-02-27,1280.00,PE,0.00,0.00,0.00,153.85,227.60,0,0.00,0,0,06-JAN-2025
OPTSTK,SBILIFE,27-Mar-2025,2025-03-27,1280.00,CE,0.00,0.00,0.00,175.20,182.65,0,0.00,0,0,06-JAN-2025
OPTSTK,PEL,30-Jan-2025,2025-01-30,1280.00,PE,0.00,0.00,0.00,231.00,228.15,0,0.00,0,0,06-JAN-2025
OPTSTK,PEL,27-Feb-2025,2025-02-27,1280.00,CE,0.00,0.00,0.00,76.90,6.95,0,0.00,0,0,06-JAN-2025
OPTSTK,PEL,30-Jan-2025,2025-01-30,1020.00,PE,12.40,29.50,12.40,27.95,27.95,231,1805.10037,64500,3750,06-JAN-2025
OPTSTK,SBILIFE,30-Jan-2025,2025-01-30,1440.00,PE,31.20,42.45,25.05,39.25,39.25,1126,6226.73306,100875,-24000,06-JAN-2025
OPTSTK,SBILIFE,27-Mar-2025,2025-03-27,1280.00,PE,0.00,0.00,0.00,23.05,9.20,0,0.00,0,0,06-JAN-2025
OPTSTK,SBILIFE,27-Feb-2025,2025-02-27,1280.00,CE,0.00,0.00,0.00,192.65,171.60,0,0.00,0,0,06-JAN-2025
OPTSTK,PEL,27-Feb-2025,2025-02-27,1200.00,PE,121.00,121.00,121.00,121.00,157.90,1,9.9075,750,750,06-JAN-2025
OPTSTK,SBILIFE,27-Mar-2025,2025-03-27,1360.00,PE,0.00,0.00,0.00,47.00,25.60,0,0.00,0,0,06-JAN-2025
OPTSTK,SBILIFE,30-Jan-2025,2025-01-30,1500.00,CE,18.75,25.00,13.70,16.20,16.20,2045,11641.4390,247125,18000,06-JAN-2025
OPTSTK,SBILIFE,30-Jan-2025,2025-01-30,1440.00,CE,44.70,52.90,33.00,38.15,38.15,2941,16330.2238,614250,29625,06-JAN-2025
OPTSTK,NATIONALUM,30-Jan-2025,2025-01-30,227.50,CE,1.60,1.90,1.00,1.05,1.05,71,609.256875,408750,-3750,06-JAN-2025
OPTSTK,NATIONALUM,27-Feb-2025,2025-02-27,235.00,PE,0.00,0.00,0.00,18.15,36.50,0,0.00,0,0,06-JAN-2025
OPTSTK,NATIONALUM,30-Jan-2025,2025-01-30,235.00,CE,0.95,1.05,0.55,0.60,0.60,393,3474.06937,1770000,-26250,06-JAN-2025
OPTSTK,NATIONALUM,30-Jan-2025,2025-01-30,275.00,CE,0.00,0.00,0.00,0.20,0.05,0,0.00,60000,0,06-JAN-2025
OPTSTK,NATIONALUM,27-Mar-2025,2025-03-27,250.00,CE,0.00,0.00,0.00,13.30,4.10,0,0.00,0,0,06-JAN-2025
OPTSTK,NATIONALUM,27-Mar-2025,2025-03-27,210.00,CE,0.00,0.00,0.00,28.75,14.00,0,0.00,0,0,06-JAN-2025
OPTSTK,NATIONALUM,30-Jan-2025,2025-01-30,210.00,CE,7.50,7.50,3.95,4.30,4.30,1543,12470.9625,2418750,956250,06-JAN-2025
OPTSTK,NATIONALUM,30-Jan-2025,2025-01-30,230.00,CE,1.60,1.60,0.85,0.90,0.90,920,7975.91625,3026250,-52500,06-JAN-2025
OPTSTK,NATIONALUM,30-Jan-2025,2025-01-30,227.50,PE,21.85,21.85,21.85,21.85,28.25,1,9.350625,71250,0,06-JAN-2025
OPTSTK,NATIONALUM,27-Feb-2025,2025-02-27,195.00,CE,0.00,0.00,0.00,63.00,17.15,0,0.00,0,0,06-JAN-2025
OPTSTK,NATIONALUM,30-Jan-2025,2025-01-30,195.00,PE,3.15,6.10,2.90,5.50,5.50,796,5960.655,1233750,408750,06-JAN-2025
OPTSTK,NATIONALUM,30-Jan-2025,2025-01-30,195.00,CE,15.65,15.65,10.80,11.55,11.55,51,395.619375,93750,75000,06-JAN-2025
OPTSTK,NATIONALUM,30-Jan-2025,2025-01-30,245.00,PE,0.00,0.00,0.00,34.00,44.35,0,0.00,7500,0,06-JAN-2025
OPTSTK,NATIONALUM,30-Jan-2025,2025-01-30,225.00,CE,1.80,2.40,1.20,1.30,1.30,590,5015.1075,2197500,213750,06-JAN-2025
OPTSTK,NATIONALUM,30-Jan-2025,2025-01-30,225.00,PE,22.80,26.20,22.80,26.20,26.10,4,37.423125,671250,-3750,06-JAN-2025
OPTSTK,NATIONALUM,27-Feb-2025,2025-02-27,255.00,CE,0.00,0.00,0.00,2.20,1.55,0,0.00,56250,0,06-JAN-2025
OPTSTK,NATIONALUM,27-Feb-2025,2025-02-27,190.00,PE,0.00,0.00,0.00,4.50,8.15,0,0.00,0,0,06-JAN-2025
OPTSTK,NATIONALUM,30-Jan-2025,2025-01-30,212.50,PE,11.20,15.75,10.30,14.80,14.80,137,1153.90125,457500,-33750,06-JAN-2025
OPTSTK,NATIONALUM,30-Jan-2025,2025-01-30,212.50,CE,5.30,6.20,3.25,3.60,3.60,433,3526.485,360000,22500,06-JAN-2025
OPTSTK,NATIONALUM,27-Feb-2025,2025-02-27,235.00,CE,0.00,0.00,0.00,3.75,3.80,0,0.00,15000,0,06-JAN-2025
OPTSTK,NATIONALUM,30-Jan-2025,2025-01-30,235.00,PE,0.00,0.00,0.00,24.50,34.95,0,0.00,258750,0,06-JAN-2025
OPTSTK,NATIONALUM,30-Jan-2025,2025-01-30,180.00,CE,26.40,26.40,26.40,26.40,22.90,1,7.74,3750,3750,06-JAN-2025
OPTSTK,NATIONALUM,27-Feb-2025,2025-02-27,215.00,CE,0.00,0.00,0.00,48.50,8.60,0,0.00,0,0,06-JAN-2025
OPTSTK,NATIONALUM,27-Feb-2025,2025-02-27,240.00,PE,0.00,0.00,0.00,20.40,40.70,0,0.00,0,0,06-JAN-2025
OPTSTK,NATIONALUM,27-Feb-2025,2025-02-27,240.00,CE,0.00,0.00,0.00,3.50,3.05,0,0.00,15000,0,06-JAN-2025
OPTSTK,NATIONALUM,30-Jan-2025,2025-01-30,240.00,PE,34.00,39.35,34.00,39.35,39.35,4,41.555625,971250,-3750,06-JAN-2025
OPTSTK,NATIONALUM,27-Feb-2025,2025-02-27,190.00,CE,20.00,20.00,20.00,20.00,20.05,1,7.875,3750,3750,06-JAN-2025
OPTSTK,NATIONALUM,27-Mar-2025,2025-03-27,220.00,PE,0.00,0.00,0.00,22.90,27.25,0,0.00,0,0,06-JAN-2025
OPTSTK,NATIONALUM,27-Feb-2025,2025-02-27,200.00,CE,0.00,0.00,0.00,59.15,14.60,0,0.00,0,0,06-JAN-2025
OPTSTK,NATIONALUM,27-Feb-2025,2025-02-27,200.00,PE,7.05,12.05,7.05,12.05,12.05,9,70.72875,33750,7500,06-JAN-2025
OPTSTK,NATIONALUM,30-Jan-2025,2025-01-30,200.00,PE,5.75,8.15,4.45,7.40,7.40,1614,12506.3775,2658750,-450000,06-JAN-2025
OPTSTK,SUNTV,30-Jan-2025,2025-01-30,600.00,CE,0.00,0.00,0.00,168.10,72.65,0,0.00,0,0,06-JAN-2025
OPTSTK,SUNTV,30-Jan-2025,2025-01-30,710.00,CE,8.70,8.75,4.95,5.90,5.90,108,580.438875,51750,0,06-JAN-2025
OPTSTK,SUNTV,30-Jan-2025,2025-01-30,710.00,PE,0.00,0.00,0.00,34.55,45.10,0,0.00,6750,0,06-JAN-2025
OPTSTK,MARUTI,27-Feb-2025,2025-02-27,10500.00,CE,0.00,0.00,0.00,766.25,1388.40,0,0.00,0,0,06-JAN-2025
OPTSTK,MARUTI,30-Jan-2025,2025-01-30,10500.00,CE,0.00,0.00,0.00,1446.00,1307.20,0,0.00,8800,0,06-JAN-2025
OPTSTK,MARUTI,30-Jan-2025,2025-01-30,10500.00,PE,16.80,21.05,13.70,19.45,19.45,3980,20930.3749,115750,-21300,06-JAN-2025
OPTSTK,MARUTI,27-Feb-2025,2025-02-27,10500.00,PE,44.70,61.05,44.70,61.00,32.45,31,163.62725,5550,500,06-JAN-2025
OPTSTK,SUNTV,30-Jan-2025,2025-01-30,650.00,CE,0.00,0.00,0.00,42.05,32.25,0,0.00,18750,0,06-JAN-2025
OPTSTK,SUNTV,30-Jan-2025,2025-01-30,650.00,PE,7.30,12.15,7.30,10.85,10.85,61,302.004375,41250,-9750,06-JAN-2025
OPTSTK,SUNTV,30-Jan-2025,2025-01-30,630.00,CE,0.00,0.00,0.00,129.45,46.70,0,0.00,0,0,06-JAN-2025
OPTSTK,SUNTV,30-Jan-2025,2025-01-30,630.00,PE,3.90,6.25,3.90,6.05,6.05,85,404.938125,57750,28500,06-JAN-2025
OPTSTK,SUNTV,27-Feb-2025,2025-02-27,690.00,CE,0.00,0.00,0.00,42.50,22.95,0,0.00,0,0,06-JAN-2025
OPTSTK,SUNTV,27-Feb-2025,2025-02-27,690.00,PE,0.00,0.00,0.00,37.40,37.75,0,0.00,0,0,06-JAN-2025
OPTSTK,SUNTV,30-Jan-2025,2025-01-30,690.00,PE,21.95,33.40,21.85,29.95,30.75,55,296.24775,51000,-2250,06-JAN-2025
OPTSTK,MARUTI,27-Feb-2025,2025-02-27,9900.00,CE,0.00,0.00,0.00,1210.50,1955.85,0,0.00,0,0,06-JAN-2025
OPTSTK,MARUTI,27-Feb-2025,2025-02-27,12500.00,PE,0.00,0.00,0.00,1522.65,797.90,0,0.00,0,0,06-JAN-2025
OPTSTK,MARUTI,30-Jan-2025,2025-01-30,12500.00,PE,616.60,781.25,592.00,739.65,739.65,172,1135.52922,20200,3850,06-JAN-2025
OPTSTK,MARUTI,27-Feb-2025,2025-02-27,13100.00,CE,0.00,0.00,0.00,29.70,65.45,0,0.00,0,0,06-JAN-2025
OPTSTK,MARUTI,27-Feb-2025,2025-02-27,9800.00,PE,0.00,0.00,0.00,118.20,4.05,0,0.00,0,0,06-JAN-2025
OPTSTK,MARUTI,30-Jan-2025,2025-01-30,13100.00,PE,0.00,0.00,0.00,2023.25,1297.25,0,0.00,0,0,06-JAN-2025
OPTSTK,SUNTV,30-Jan-2025,2025-01-30,700.00,CE,11.65,11.80,6.75,8.05,8.05,467,2482.30875,234000,-5250,06-JAN-2025
OPTSTK,SUNTV,27-Feb-2025,2025-02-27,700.00,PE,0.00,0.00,0.00,26.75,43.95,0,0.00,0,0,06-JAN-2025
OPTSTK,MARUTI,27-Feb-2025,2025-02-27,10300.00,PE,0.00,0.00,0.00,178.05,19.15,0,0.00,0,0,06-JAN-2025
OPTSTK,SUNTV,27-Feb-2025,2025-02-27,670.00,PE,0.00,0.00,0.00,28.15,26.90,0,0.00,0,0,06-JAN-2025
OPTSTK,MARUTI,27-Feb-2025,2025-02-27,12200.00,PE,0.00,0.00,0.00,1254.10,592.00,0,0.00,0,0,06-JAN-2025
OPTSTK,MARUTI,27-Mar-2025,2025-03-27,12200.00,CE,0.00,0.00,0.00,198.00,382.15,0,0.00,0,0,06-JAN-2025
OPTSTK,MARUTI,30-Jan-2025,2025-01-30,13200.00,PE,0.00,0.00,0.00,1450.00,1393.80,0,0.00,250,0,06-JAN-2025
OPTSTK,SUNTV,27-Feb-2025,2025-02-27,760.00,CE,0.00,0.00,0.00,5.55,5.65,0,0.00,1500,0,06-JAN-2025
OPTSTK,MARUTI,30-Jan-2025,2025-01-30,13200.00,CE,16.35,18.30,8.30,10.55,10.55,1520,10041.1231,89200,-1600,06-JAN-2025
OPTSTK,MARUTI,27-Mar-2025,2025-03-27,12600.00,CE,0.00,0.00,0.00,128.15,248.40,0,0.00,0,0,06-JAN-2025
OPTSTK,MARUTI,27-Mar-2025,2025-03-27,12600.00,PE,0.00,0.00,0.00,1604.60,907.95,0,0.00,0,0,06-JAN-2025
OPTSTK,SUNTV,30-Jan-2025,2025-01-30,880.00,CE,0.00,0.00,0.00,0.35,0.05,0,0.00,0,0,06-JAN-2025
OPTSTK,ALKEM,27-Feb-2025,2025-02-27,5600.00,CE,0.00,0.00,0.00,306.90,195.20,0,0.00,0,0,06-JAN-2025
OPTSTK,SONACOMS,30-Jan-2025,2025-01-30,680.00,CE,0.00,0.00,0.00,2.50,0.80,0,0.00,22475,0,06-JAN-2025
OPTSTK,SONACOMS,27-Mar-2025,2025-03-27,680.00,CE,0.00,0.00,0.00,22.15,9.65,0,0.00,0,0,06-JAN-2025
OPTSTK,SONACOMS,27-Feb-2025,2025-02-27,680.00,PE,0.00,0.00,0.00,56.45,96.70,0,0.00,0,0,06-JAN-2025
OPTSTK,ALKEM,27-Mar-2025,2025-03-27,6100.00,PE,0.00,0.00,0.00,704.20,573.55,0,0.00,0,0,06-JAN-2025
OPTSTK,ALKEM,30-Jan-2025,2025-01-30,5700.00,PE,0.00,0.00,0.00,228.00,226.85,0,0.00,3300,0,06-JAN-2025
OPTSTK,ALKEM,30-Jan-2025,2025-01-30,5650.00,PE,244.15,244.15,222.10,222.10,222.10,6,35.2995,4200,0,06-JAN-2025
OPTSTK,ALKEM,30-Jan-2025,2025-01-30,5650.00,CE,87.80,102.10,71.50,96.75,96.75,225,1289.80535,19200,1500,06-JAN-2025
OPTSTK,ALKEM,27-Feb-2025,2025-02-27,5650.00,CE,0.00,0.00,0.00,193.30,173.05,0,0.00,0,0,06-JAN-2025
OPTSTK,ALKEM,30-Jan-2025,2025-01-30,5050.00,CE,0.00,0.00,0.00,449.25,509.00,0,0.00,0,0,06-JAN-2025
OPTSTK,ALKEM,27-Feb-2025,2025-02-27,5050.00,CE,0.00,0.00,0.00,520.20,560.30,0,0.00,0,0,06-JAN-2025
OPTSTK,ALKEM,27-Mar-2025,2025-03-27,6100.00,CE,0.00,0.00,0.00,123.00,90.10,0,0.00,0,0,06-JAN-2025
OPTSTK,ALKEM,30-Jan-2025,2025-01-30,6100.00,PE,0.00,0.00,0.00,480.00,556.85,0,0.00,100,0,06-JAN-2025
OPTSTK,ALKEM,27-Feb-2025,2025-02-27,5700.00,PE,0.00,0.00,0.00,395.30,271.25,0,0.00,0,0,06-JAN-2025
OPTSTK,ALKEM,30-Jan-2025,2025-01-30,6100.00,CE,13.00,23.70,12.40,21.00,10.80,29,177.45605,4200,-800,06-JAN-2025
OPTSTK,ALKEM,27-Mar-2025,2025-03-27,6200.00,PE,0.00,0.00,0.00,781.95,652.80,0,0.00,0,0,06-JAN-2025
OPTSTK,ALKEM,30-Jan-2025,2025-01-30,6200.00,CE,0.00,0.00,0.00,13.85,5.90,0,0.00,1100,0,06-JAN-2025
OPTSTK,ALKEM,30-Jan-2025,2025-01-30,4900.00,PE,0.00,0.00,0.00,16.50,2.90,0,0.00,1200,0,06-JAN-2025
OPTSTK,ALKEM,27-Feb-2025,2025-02-27,4800.00,CE,0.00,0.00,0.00,809.95,783.30,0,0.00,0,0,06-JAN-2025
OPTSTK,ALKEM,27-Feb-2025,2025-02-27,5250.00,CE,0.00,0.00,0.00,387.80,403.40,0,0.00,0,0,06-JAN-2025
OPTSTK,ALKEM,27-Feb-2025,2025-02-27,5250.00,PE,0.00,0.00,0.00,163.40,76.20,0,0.00,0,0,06-JAN-2025
OPTSTK,ALKEM,30-Jan-2025,2025-01-30,5250.00,PE,52.35,61.70,49.60,60.00,34.85,22,116.71405,6000,700,06-JAN-2025
OPTSTK,ALKEM,30-Jan-2025,2025-01-30,5250.00,CE,0.00,0.00,0.00,295.55,335.05,0,0.00,100,0,06-JAN-2025
OPTSTK,ALKEM,30-Jan-2025,2025-01-30,4950.00,PE,0.00,0.00,0.00,36.65,4.45,0,0.00,0,0,06-JAN-2025
OPTSTK,ALKEM,27-Feb-2025,2025-02-27,5950.00,CE,0.00,0.00,0.00,104.40,76.65,0,0.00,0,0,06-JAN-2025
OPTSTK,ALKEM,27-Feb-2025,2025-02-27,5550.00,CE,0.00,0.00,0.00,233.30,219.25,0,0.00,0,0,06-JAN-2025
OPTSTK,ALKEM,30-Jan-2025,2025-01-30,5800.00,CE,45.00,60.35,37.45,57.55,57.55,439,2568.7819,20300,5700,06-JAN-2025
OPTSTK,SONACOMS,30-Jan-2025,2025-01-30,560.00,PE,10.00,15.20,10.00,14.50,14.50,15,66.54305,29450,1550,06-JAN-2025
OPTSTK,ALKEM,27-Feb-2025,2025-02-27,6100.00,CE,0.00,0.00,0.00,74.30,48.15,0,0.00,0,0,06-JAN-2025
OPTSTK,ALKEM,27-Feb-2025,2025-02-27,5700.00,CE,0.00,0.00,0.00,175.35,152.75,0,0.00,0,0,06-JAN-2025
OPTSTK,ALKEM,30-Jan-2025,2025-01-30,5700.00,CE,70.95,87.00,57.15,80.95,80.95,1107,6390.8868,28900,-2700,06-JAN-2025
OPTSTK,SONACOMS,27-Feb-2025,2025-02-27,700.00,PE,0.00,0.00,0.00,67.80,114.70,0,0.00,0,0,06-JAN-2025
OPTSTK,HDFCLIFE,30-Jan-2025,2025-01-30,730.00,PE,0.00,0.00,0.00,111.00,120.85,0,0.00,55000,0,06-JAN-2025
OPTSTK,HDFCLIFE,27-Feb-2025,2025-02-27,590.00,PE,0.00,0.00,0.00,12.20,12.40,0,0.00,0,0,06-JAN-2025
OPTSTK,HDFCLIFE,27-Feb-2025,2025-02-27,590.00,CE,0.00,0.00,0.00,56.00,34.00,0,0.00,0,0,06-JAN-2025
OPTSTK,HDFCLIFE,30-Jan-2025,2025-01-30,700.00,CE,1.25,1.35,0.75,0.80,0.80,583,4495.0411,1207800,106700,06-JAN-2025
OPTSTK,HDFCLIFE,30-Jan-2025,2025-01-30,700.00,PE,81.20,89.05,81.20,85.75,91.10,5,43.19865,257400,0,06-JAN-2025
OPTSTK,HDFCLIFE,30-Jan-2025,2025-01-30,590.00,PE,4.50,10.00,3.95,9.00,9.00,710,4664.48785,326700,-22000,06-JAN-2025
OPTSTK,HDFCLIFE,30-Jan-2025,2025-01-30,580.00,PE,2.95,7.15,2.60,6.30,6.30,958,6168.10755,298100,-94600,06-JAN-2025
OPTSTK,HDFCLIFE,27-Mar-2025,2025-03-27,580.00,CE,0.00,0.00,0.00,70.10,47.10,0,0.00,0,0,06-JAN-2025
OPTSTK,HDFCLIFE,30-Jan-2025,2025-01-30,540.00,CE,74.00,74.15,68.00,68.00,68.70,17,114.49295,16500,16500,06-JAN-2025
OPTSTK,HDFCLIFE,27-Feb-2025,2025-02-27,620.00,PE,0.00,0.00,0.00,16.25,26.30,0,0.00,2200,0,06-JAN-2025
OPTSTK,HDFCLIFE,27-Mar-2025,2025-03-27,620.00,PE,0.00,0.00,0.00,27.45,29.80,0,0.00,0,0,06-JAN-2025
OPTSTK,HDFCLIFE,30-Jan-2025,2025-01-30,560.00,CE,52.85,53.70,52.85,53.70,49.90,2,13.49205,2200,2200,06-JAN-2025
OPTSTK,HDFCLIFE,27-Mar-2025,2025-03-27,520.00,PE,0.00,0.00,0.00,2.90,1.85,0,0.00,0,0,06-JAN-2025
OPTSTK,HDFCLIFE,27-Mar-2025,2025-03-27,520.00,CE,0.00,0.00,0.00,118.70,95.45,0,0.00,0,0,06-JAN-2025
OPTSTK,HDFCLIFE,27-Feb-2025,2025-02-27,610.00,CE,0.00,0.00,0.00,43.00,22.75,0,0.00,0,0,06-JAN-2025
OPTSTK,HDFCLIFE,27-Feb-2025,2025-02-27,650.00,PE,0.00,0.00,0.00,38.70,46.35,0,0.00,0,0,06-JAN-2025
OPTSTK,HDFCLIFE,30-Jan-2025,2025-01-30,650.00,PE,29.90,46.45,29.45,43.70,43.70,39,296.0034,550000,-2200,06-JAN-2025
OPTSTK,HDFCLIFE,30-Jan-2025,2025-01-30,620.00,PE,12.90,24.30,12.90,22.40,22.40,1159,8152.7424,764500,50600,06-JAN-2025
OPTSTK,HDFCLIFE,30-Jan-2025,2025-01-30,620.00,CE,20.00,20.60,10.90,11.70,11.70,1812,12634.4872,869000,170500,06-JAN-2025
OPTSTK,HDFCLIFE,27-Feb-2025,2025-02-27,560.00,PE,0.00,0.00,0.00,4.85,4.55,0,0.00,0,0,06-JAN-2025
OPTSTK,HDFCLIFE,30-Jan-2025,2025-01-30,590.00,CE,34.10,34.10,26.60,28.15,28.15,35,238.3304,39600,9900,06-JAN-2025
OPTSTK,HDFCLIFE,30-Jan-2025,2025-01-30,610.00,PE,8.95,18.55,8.70,17.05,17.05,1132,7784.7671,476300,108900,06-JAN-2025
OPTSTK,HDFCLIFE,27-Mar-2025,2025-03-27,560.00,CE,0.00,0.00,0.00,85.00,61.50,0,0.00,0,0,06-JAN-2025
OPTSTK,HDFCLIFE,30-Jan-2025,2025-01-30,520.00,PE,0.30,0.75,0.30,0.70,0.70,83,475.30175,154000,29700,06-JAN-2025
OPTSTK,HDFCLIFE,27-Feb-2025,2025-02-27,630.00,PE,0.00,0.00,0.00,27.80,32.35,0,0.00,0,0,06-JAN-2025
OPTSTK,HDFCLIFE,30-Jan-2025,2025-01-30,630.00,CE,15.00,15.30,7.55,8.15,8.15,1714,12069.6680,1051600,-41800,06-JAN-2025
OPTSTK,HDFCLIFE,30-Jan-2025,2025-01-30,670.00,PE,58.50,62.10,58.50,62.10,62.10,6,48.1635,30800,3300,06-JAN-2025
OPTSTK,HDFCLIFE,30-Jan-2025,2025-01-30,710.00,PE,0.00,0.00,0.00,80.15,101.00,0,0.00,1100,0,06-JAN-2025
FUTSTK,HDFCLIFE,30-Jan-2025,2025-01-30,,,625.80,629.30,606.15,609.20,609.20,6866,46347.0469,27571500,503800,06-JAN-2025
FUTSTK,HDFCLIFE,27-Mar-2025,2025-03-27,,,631.00,631.00,614.85,617.95,617.95,39,265.9723,56100,16500,06-JAN-2025
OPTSTK,HDFCLIFE,30-Jan-2025,2025-01-30,760.00,PE,0.00,0.00,0.00,127.50,150.70,0,0.00,5500,0,06-JAN-2025
OPTSTK,NESTLEIND,27-Feb-2025,2025-02-27,2280.00,CE,0.00,0.00,0.00,100.15,32.00,0,0.00,0,0,06-JAN-2025
OPTSTK,NESTLEIND,27-Feb-2025,2025-02-27,2100.00,CE,0.00,0.00,0.00,122.10,126.15,0,0.00,0,0,06-JAN-2025
OPTSTK,NESTLEIND,30-Jan-2025,2025-01-30,2280.00,CE,24.55,26.30,10.00,11.55,11.55,1006,4615.5517,88200,12000,06-JAN-2025
OPTSTK,NESTLEIND,27-Feb-2025,2025-02-27,2280.00,PE,0.00,0.00,0.00,102.75,105.20,0,0.00,0,0,06-JAN-2025
OPTSTK,NESTLEIND,27-Mar-2025,2025-03-27,2400.00,PE,0.00,0.00,0.00,235.75,199.05,0,0.00,0,0,06-JAN-2025
OPTSTK,NESTLEIND,30-Jan-2025,2025-01-30,2240.00,PE,44.70,89.95,41.30,78.85,78.85,538,2474.8031,48600,-10000,06-JAN-2025
OPTSTK,NESTLEIND,27-Mar-2025,2025-03-27,2240.00,CE,0.00,0.00,0.00,73.90,65.30,0,0.00,0,0,06-JAN-2025
OPTSTK,NESTLEIND,27-Mar-2025,2025-03-27,2000.00,CE,0.00,0.00,0.00,213.05,224.60,0,0.00,0,0,06-JAN-2025
OPTSTK,NESTLEIND,27-Mar-2025,2025-03-27,2160.00,PE,0.00,0.00,0.00,81.20,49.50,0,0.00,0,0,06-JAN-2025
OPTSTK,NESTLEIND,30-Jan-2025,2025-01-30,2440.00,CE,3.70,3.70,1.30,1.80,1.80,15,73.262,19000,-1000,06-JAN-2025
OPTSTK,NESTLEIND,30-Jan-2025,2025-01-30,1960.00,CE,0.00,0.00,0.00,346.80,233.95,0,0.00,0,0,06-JAN-2025
OPTSTK,NESTLEIND,30-Jan-2025,2025-01-30,2140.00,PE,13.20,31.95,10.90,25.95,25.95,1916,8285.7778,218200,151800,06-JAN-2025
OPTSTK,NESTLEIND,30-Jan-2025,2025-01-30,2520.00,CE,0.00,0.00,0.00,33.75,0.05,0,0.00,0,0,06-JAN-2025
OPTSTK,NESTLEIND,30-Jan-2025,2025-01-30,2520.00,PE,0.00,0.00,0.00,245.50,323.90,0,0.00,0,0,06-JAN-2025
OPTSTK,NESTLEIND,27-Mar-2025,2025-03-27,1960.00,PE,0.00,0.00,0.00,19.20,6.15,0,0.00,0,0,06-JAN-2025
OPTSTK,NESTLEIND,27-Feb-2025,2025-02-27,1960.00,PE,0.00,0.00,0.00,10.35,2.65,0,0.00,0,0,06-JAN-2025
OPTSTK,NESTLEIND,30-Jan-2025,2025-01-30,2360.00,CE,8.15,8.60,3.10,3.60,3.60,667,3154.3287,59600,17200,06-JAN-2025
OPTSTK,NESTLEIND,30-Jan-2025,2025-01-30,2500.00,PE,300.00,321.30,300.00,319.85,304.05,62,349.1487,17800,-7200,06-JAN-2025
OPTSTK,NESTLEIND,27-Feb-2025,2025-02-27,2560.00,PE,0.00,0.00,0.00,298.85,351.45,0,0.00,0,0,06-JAN-2025
OPTSTK,NESTLEIND,30-Jan-2025,2025-01-30,2560.00,PE,0.00,0.00,0.00,277.60,363.70,0,0.00,0,0,06-JAN-2025
OPTSTK,NESTLEIND,27-Mar-2025,2025-03-27,2560.00,CE,0.00,0.00,0.00,9.50,4.10,0,0.00,0,0,06-JAN-2025
OPTSTK,NESTLEIND,27-Mar-2025,2025-03-27,2560.00,PE,0.00,0.00,0.00,373.35,341.50,0,0.00,0,0,06-JAN-2025
OPTSTK,NESTLEIND,27-Feb-2025,2025-02-27,1920.00,CE,0.00,0.00,0.00,357.75,284.60,0,0.00,0,0,06-JAN-2025
OPTSTK,NESTLEIND,27-Feb-2025,2025-02-27,2120.00,PE,0.00,0.00,0.00,36.00,26.45,0,0.00,200,0,06-JAN-2025
OPTSTK,NESTLEIND,27-Feb-2025,2025-02-27,2040.00,CE,0.00,0.00,0.00,254.40,174.15,0,0.00,0,0,06-JAN-2025
OPTSTK,NESTLEIND,27-Feb-2025,2025-02-27,2040.00,PE,0.00,0.00,0.00,21.35,9.65,0,0.00,0,0,06-JAN-2025
OPTSTK,NESTLEIND,30-Jan-2025,2025-01-30,2120.00,CE,124.00,128.55,73.70,80.40,80.40,44,194.5088,9400,2600,06-JAN-2025
OPTSTK,NESTLEIND,30-Jan-2025,2025-01-30,2300.00,CE,19.00,20.00,7.40,8.60,8.60,3093,14291.5237,363200,-5600,06-JAN-2025
OPTSTK,NESTLEIND,27-Feb-2025,2025-02-27,2300.00,CE,46.70,46.70,21.00,21.00,26.40,2,9.3354,400,400,06-JAN-2025
OPTSTK,NESTLEIND,30-Jan-2025,2025-01-30,2100.00,CE,111.05,111.05,86.50,97.45,97.45,42,184.5288,19000,3400,06-JAN-2025
OPTSTK,NESTLEIND,30-Jan-2025,2025-01-30,2100.00,PE,6.00,19.95,6.00,15.25,15.25,1244,5255.6127,170800,24200,06-JAN-2025
OPTSTK,NESTLEIND,30-Jan-2025,2025-01-30,1940.00,CE,0.00,0.00,0.00,324.75,253.75,0,0.00,0,0,06-JAN-2025
OPTSTK,AARTIIND,27-Mar-2025,2025-03-27,430.00,CE,0.00,0.00,0.00,32.75,19.55,0,0.00,0,0,06-JAN-2025
OPTSTK,AARTIIND,30-Jan-2025,2025-01-30,430.00,PE,18.95,30.75,17.35,29.25,29.25,71,320.821,282000,12000,06-JAN-2025
OPTSTK,AARTIIND,27-Mar-2025,2025-03-27,360.00,PE,0.00,0.00,0.00,12.15,8.50,0,0.00,0,0,06-JAN-2025
OPTSTK,AARTIIND,27-Feb-2025,2025-02-27,380.00,PE,4.05,9.00,4.05,9.00,9.00,18,69.742,37000,6000,06-JAN-2025
OPTSTK,AARTIIND,30-Jan-2025,2025-01-30,380.00,PE,2.35,4.95,1.70,4.40,4.40,436,1671.39,385000,101000,06-JAN-2025
OPTSTK,AARTIIND,30-Jan-2025,2025-01-30,465.00,PE,0.00,0.00,0.00,55.75,60.45,0,0.00,0,0,06-JAN-2025
OPTSTK,AARTIIND,30-Jan-2025,2025-01-30,405.00,CE,19.10,19.40,12.05,12.80,12.80,112,469.1085,82000,45000,06-JAN-2025
OPTSTK,AARTIIND,30-Jan-2025,2025-01-30,405.00,PE,7.00,13.75,6.20,12.75,12.75,235,978.838,114000,55000,06-JAN-2025
OPTSTK,AARTIIND,30-Jan-2025,2025-01-30,510.00,CE,0.35,0.35,0.35,0.35,0.10,1,5.1035,16000,0,06-JAN-2025
OPTSTK,AARTIIND,30-Jan-2025,2025-01-30,415.00,PE,9.50,19.65,9.50,18.60,18.60,208,893.0805,186000,8000,06-JAN-2025
OPTSTK,AARTIIND,30-Jan-2025,2025-01-30,415.00,CE,14.60,15.80,7.85,8.65,8.65,252,1072.2105,173000,33000,06-JAN-2025
OPTSTK,AARTIIND,27-Feb-2025,2025-02-27,410.00,PE,0.00,0.00,0.00,26.20,23.55,0,0.00,0,0,06-JAN-2025
OPTSTK,AARTIIND,30-Jan-2025,2025-01-30,440.00,PE,24.50,34.65,24.50,32.90,38.45,28,132.4605,176000,-8000,06-JAN-2025
OPTSTK,AARTIIND,27-Feb-2025,2025-02-27,400.00,PE,9.75,16.20,9.75,14.75,14.75,61,252.1575,69000,40000,06-JAN-2025
OPTSTK,AARTIIND,27-Feb-2025,2025-02-27,400.00,CE,0.00,0.00,0.00,31.00,26.20,0,0.00,5000,0,06-JAN-2025
OPTSTK,AARTIIND,27-Mar-2025,2025-03-27,400.00,PE,0.00,0.00,0.00,26.45,22.80,0,0.00,0,0,06-JAN-2025
OPTSTK,AARTIIND,30-Jan-2025,2025-01-30,400.00,PE,4.85,11.50,4.75,10.70,10.70,724,2961.307,539000,55000,06-JAN-2025
OPTSTK,AARTIIND,30-Jan-2025,2025-01-30,470.00,PE,50.40,50.40,50.40,50.40,65.10,1,5.204,11000,0,06-JAN-2025
OPTSTK,AARTIIND,30-Jan-2025,2025-01-30,470.00,CE,1.35,1.35,0.70,0.85,0.85,208,979.474,163000,-9000,06-JAN-2025
OPTSTK,AARTIIND,27-Feb-2025,2025-02-27,470.00,PE,0.00,0.00,0.00,64.00,66.45,0,0.00,0,0,06-JAN-2025
OPTSTK,AARTIIND,30-Jan-2025,2025-01-30,540.00,CE,0.25,0.25,0.25,0.25,0.05,1,5.4025,127000,0,06-JAN-2025
OPTSTK,AARTIIND,27-Mar-2025,2025-03-27,370.00,CE,0.00,0.00,0.00,65.00,50.50,0,0.00,0,0,06-JAN-2025
OPTSTK,AARTIIND,27-Feb-2025,2025-02-27,370.00,PE,0.00,0.00,0.00,10.95,7.60,0,0.00,0,0,06-JAN-2025
OPTSTK,AARTIIND,27-Mar-2025,2025-03-27,370.00,PE,0.00,0.00,0.00,15.05,11.25,0,0.00,0,0,06-JAN-2025
OPTSTK,AARTIIND,27-Feb-2025,2025-02-27,460.00,PE,0.00,0.00,0.00,42.95,58.05,0,0.00,0,0,06-JAN-2025
OPTSTK,AARTIIND,27-Feb-2025,2025-02-27,410.00,CE,0.00,0.00,0.00,34.60,21.30,0,0.00,0,0,06-JAN-2025
OPTSTK,AARTIIND,30-Jan-2025,2025-01-30,400.00,CE,25.50,25.65,14.80,15.70,15.70,184,766.908,225000,48000,06-JAN-2025
OPTSTK,AARTIIND,30-Jan-2025,2025-01-30,350.00,CE,0.00,0.00,0.00,105.75,56.30,0,0.00,0,0,06-JAN-2025
OPTSTK,AARTIIND,27-Mar-2025,2025-03-27,430.00,PE,0.00,0.00,0.00,41.75,39.40,0,0.00,0,0,06-JAN-2025
OPTSTK,AARTIIND,30-Jan-2025,2025-01-30,350.00,PE,0.40,1.00,0.40,0.90,0.90,228,799.636,303000,63000,06-JAN-2025
OPTSTK,AARTIIND,27-Feb-2025,2025-02-27,430.00,PE,0.00,0.00,0.00,36.95,35.65,0,0.00,0,0,06-JAN-2025
OPTSTK,TATASTEEL,27-Feb-2025,2025-02-27,138.00,CE,0.00,0.00,0.00,9.95,3.75,0,0.00,0,0,06-JAN-2025
OPTSTK,TATASTEEL,27-Mar-2025,2025-03-27,142.00,PE,0.00,0.00,0.00,8.95,11.70,0,0.00,0,0,06-JAN-2025
OPTSTK,TATASTEEL,30-Jan-2025,2025-01-30,146.00,CE,1.40,1.40,0.60,0.65,0.65,501,4044.029,1083500,286000,06-JAN-2025
OPTSTK,TATASTEEL,30-Jan-2025,2025-01-30,146.00,PE,9.25,13.75,9.25,13.75,13.60,14,121.91575,242000,-33000,06-JAN-2025
OPTSTK,TATASTEEL,27-Mar-2025,2025-03-27,146.00,CE,0.00,0.00,0.00,8.10,2.90,0,0.00,0,0,06-JAN-2025
OPTSTK,TATASTEEL,27-Feb-2025,2025-02-27,146.00,CE,0.00,0.00,0.00,6.20,1.65,0,0.00,0,0,06-JAN-2025
OPTSTK,TATASTEEL,27-Feb-2025,2025-02-27,130.00,CE,0.00,0.00,0.00,19.30,7.45,0,0.00,0,0,06-JAN-2025
OPTSTK,TATASTEEL,30-Jan-2025,2025-01-30,130.00,PE,1.10,3.20,1.10,2.85,2.85,7673,55844.8,9190500,-2645500,06-JAN-2025
OPTSTK,BAJAJFINSV,27-Feb-2025,2025-02-27,1620.00,CE,0.00,0.00,0.00,55.05,109.15,0,0.00,0,0,06-JAN-2025
OPTSTK,BAJAJFINSV,27-Mar-2025,2025-03-27,1520.00,CE,0.00,0.00,0.00,122.80,201.55,0,0.00,0,0,06-JAN-2025
OPTSTK,TATASTEEL,27-Feb-2025,2025-02-27,123.00,CE,0.00,0.00,0.00,20.35,12.10,0,0.00,0,0,06-JAN-2025
OPTSTK,TATASTEEL,30-Jan-2025,2025-01-30,121.00,PE,0.90,0.90,0.70,0.75,0.75,33,221.012,121000,121000,06-JAN-2025
OPTSTK,TATASTEEL,27-Feb-2025,2025-02-27,160.00,PE,0.00,0.00,0.00,20.70,26.55,0,0.00,5500,0,06-JAN-2025
OPTSTK,TATASTEEL,27-Feb-2025,2025-02-27,139.00,PE,0.00,0.00,0.00,6.35,8.90,0,0.00,0,0,06-JAN-2025
OPTSTK,TATASTEEL,30-Jan-2025,2025-01-30,139.00,PE,3.90,8.45,3.85,8.00,8.00,335,2675.4695,1226500,-242000,06-JAN-2025
OPTSTK,TATASTEEL,27-Feb-2025,2025-02-27,141.00,CE,0.00,0.00,0.00,6.00,2.80,0,0.00,5500,0,06-JAN-2025
OPTSTK,TATASTEEL,30-Jan-2025,2025-01-30,141.00,CE,2.50,2.50,1.15,1.30,1.30,678,5323.098,1881000,357500,06-JAN-2025
OPTSTK,TATASTEEL,27-Feb-2025,2025-02-27,150.00,PE,16.70,16.70,16.70,16.70,17.40,1,9.1685,88000,-5500,06-JAN-2025
OPTSTK,BAJAJFINSV,30-Jan-2025,2025-01-30,1380.00,PE,0.90,6.70,0.30,0.85,0.85,89,614.79175,38500,-4500,06-JAN-2025
OPTSTK,BAJAJFINSV,30-Jan-2025,2025-01-30,1960.00,PE,0.00,0.00,0.00,215.05,267.10,0,0.00,0,0,06-JAN-2025
OPTSTK,BAJAJFINSV,27-Feb-2025,2025-02-27,1960.00,PE,0.00,0.00,0.00,358.75,261.25,0,0.00,0,0,06-JAN-2025
OPTSTK,TATASTEEL,27-Mar-2025,2025-03-27,118.00,CE,0.00,0.00,0.00,25.90,17.40,0,0.00,0,0,06-JAN-2025
OPTSTK,BAJAJFINSV,30-Jan-2025,2025-01-30,1420.00,PE,0.95,1.15,0.65,1.10,1.10,47,333.93,146000,-7000,06-JAN-2025
OPTSTK,TATASTEEL,30-Jan-2025,2025-01-30,139.00,CE,3.65,3.65,1.60,1.75,1.75,1021,7934.993,2387000,753500,06-JAN-2025
OPTSTK,TATASTEEL,27-Feb-2025,2025-02-27,156.00,CE,0.00,0.00,0.00,3.15,0.50,0,0.00,0,0,06-JAN-2025
OPTSTK,TATASTEEL,27-Feb-2025,2025-02-27,147.00,PE,0.00,0.00,0.00,9.50,14.90,0,0.00,5500,0,06-JAN-2025
OPTSTK,TATASTEEL,30-Jan-2025,2025-01-30,147.00,PE,13.85,14.65,13.35,14.65,14.50,11,97.2785,352000,5500,06-JAN-2025
OPTSTK,TATASTEEL,27-Feb-2025,2025-02-27,117.00,CE,0.00,0.00,0.00,25.50,17.00,0,0.00,0,0,06-JAN-2025
OPTSTK,TATASTEEL,27-Mar-2025,2025-03-27,152.00,CE,0.00,0.00,0.00,5.95,1.75,0,0.00,0,0,06-JAN-2025
OPTSTK,BAJAJFINSV,27-Mar-2025,2025-03-27,1920.00,CE,0.00,0.00,0.00,9.80,16.85,0,0.00,0,0,06-JAN-2025
OPTSTK,BAJAJFINSV,30-Jan-2025,2025-01-30,1920.00,PE,198.00,198.00,198.00,198.00,227.85,1,10.59,1500,0,06-JAN-2025
OPTSTK,TATASTEEL,27-Feb-2025,2025-02-27,115.00,CE,0.00,0.00,0.00,31.35,18.80,0,0.00,0,0,06-JAN-2025
OPTSTK,MANAPPURAM,27-Mar-2025,2025-03-27,205.00,CE,0.00,0.00,0.00,11.70,6.00,0,0.00,0,0,06-JAN-2025
OPTSTK,MANAPPURAM,27-Feb-2025,2025-02-27,160.00,CE,0.00,0.00,0.00,15.55,24.00,0,0.00,0,0,06-JAN-2025
OPTSTK,MANAPPURAM,30-Jan-2025,2025-01-30,217.50,CE,0.85,0.85,0.85,0.85,0.30,5,32.7525,708000,-15000,06-JAN-2025
OPTSTK,MANAPPURAM,27-Feb-2025,2025-02-27,217.50,CE,0.00,0.00,0.00,5.45,1.80,0,0.00,0,0,06-JAN-2025
OPTSTK,MANAPPURAM,30-Jan-2025,2025-01-30,217.50,PE,0.00,0.00,0.00,59.20,37.55,0,0.00,0,0,06-JAN-2025
OPTSTK,MANAPPURAM,27-Feb-2025,2025-02-27,217.50,PE,0.00,0.00,0.00,35.95,37.90,0,0.00,0,0,06-JAN-2025
OPTSTK,MANAPPURAM,30-Jan-2025,2025-01-30,160.00,PE,0.35,0.60,0.35,0.60,1.20,15,72.192,2226000,-45000,06-JAN-2025
FUTSTK,MANAPPURAM,30-Jan-2025,2025-01-30,,,188.00,189.19,179.09,180.63,180.63,984,5392.1676,67362000,-2943000,06-JAN-2025
OPTSTK,MANAPPURAM,30-Jan-2025,2025-01-30,202.50,PE,0.00,0.00,0.00,13.65,23.65,0,0.00,27000,0,06-JAN-2025
OPTSTK,MANAPPURAM,30-Jan-2025,2025-01-30,202.50,CE,0.00,0.00,0.00,3.70,1.35,0,0.00,177000,0,06-JAN-2025
OPTSTK,MANAPPURAM,27-Feb-2025,2025-02-27,202.50,PE,0.00,0.00,0.00,24.85,25.35,0,0.00,0,0,06-JAN-2025
OPTSTK,MANAPPURAM,27-Feb-2025,2025-02-27,192.50,PE,0.00,0.00,0.00,18.45,18.05,0,0.00,0,0,06-JAN-2025
OPTSTK,MANAPPURAM,30-Jan-2025,2025-01-30,192.50,PE,10.50,11.05,10.50,11.05,15.50,2,12.1965,342000,-6000,06-JAN-2025
OPTSTK,MANAPPURAM,30-Jan-2025,2025-01-30,212.50,CE,0.00,0.00,0.00,1.65,0.50,0,0.00,87000,0,06-JAN-2025
OPTSTK,MANAPPURAM,27-Feb-2025,2025-02-27,212.50,PE,0.00,0.00,0.00,32.05,33.55,0,0.00,0,0,06-JAN-2025
OPTSTK,MANAPPURAM,27-Feb-2025,2025-02-27,160.00,PE,0.00,0.00,0.00,15.95,3.20,0,0.00,0,0,06-JAN-2025
OPTSTK,MANAPPURAM,30-Jan-2025,2025-01-30,150.00,PE,0.30,0.30,0.25,0.25,0.30,18,81.1455,282000,-54000,06-JAN-2025
OPTSTK,MANAPPURAM,27-Feb-2025,2025-02-27,165.00,PE,0.00,0.00,0.00,18.80,4.50,0,0.00,0,0,06-JAN-2025
OPTSTK,MANAPPURAM,27-Mar-2025,2025-03-27,165.00,PE,0.00,0.00,0.00,8.20,6.45,0,0.00,0,0,06-JAN-2025
OPTSTK,MANAPPURAM,30-Jan-2025,2025-01-30,165.00,PE,0.50,1.00,0.50,0.95,0.95,25,124.3725,945000,-75000,06-JAN-2025
OPTSTK,MANAPPURAM,27-Mar-2025,2025-03-27,185.00,PE,0.00,0.00,0.00,16.75,15.45,0,0.00,0,0,06-JAN-2025
OPTSTK,MANAPPURAM,27-Feb-2025,2025-02-27,185.00,CE,0.00,0.00,0.00,7.35,9.40,0,0.00,0,0,06-JAN-2025
OPTSTK,MANAPPURAM,30-Jan-2025,2025-01-30,185.00,PE,4.70,7.80,4.65,7.80,7.80,49,280.071,1155000,-147000,06-JAN-2025
OPTSTK,MANAPPURAM,30-Jan-2025,2025-01-30,165.00,CE,0.00,0.00,0.00,19.55,17.10,0,0.00,6000,0,06-JAN-2025
OPTSTK,MANAPPURAM,27-Feb-2025,2025-02-27,165.00,CE,0.00,0.00,0.00,13.50,20.40,0,0.00,0,0,06-JAN-2025
OPTSTK,MANAPPURAM,27-Feb-2025,2025-02-27,207.50,CE,0.00,0.00,0.00,7.75,3.15,0,0.00,0,0,06-JAN-2025
OPTSTK,MANAPPURAM,30-Jan-2025,2025-01-30,220.00,CE,0.30,0.30,0.15,0.20,0.25,23,151.9575,2034000,-69000,06-JAN-2025
OPTSTK,MANAPPURAM,27-Feb-2025,2025-02-27,180.00,CE,0.00,0.00,0.00,8.60,11.60,0,0.00,0,0,06-JAN-2025
OPTSTK,MANAPPURAM,30-Jan-2025,2025-01-30,130.00,PE,0.00,0.00,0.00,0.90,0.05,0,0.00,3000,0,06-JAN-2025
OPTSTK,MANAPPURAM,30-Jan-2025,2025-01-30,187.50,PE,5.00,8.10,3.20,8.10,11.95,4,23.1975,261000,-12000,06-JAN-2025
OPTSTK,MANAPPURAM,27-Feb-2025,2025-02-27,187.50,PE,0.00,0.00,0.00,15.60,14.80,0,0.00,0,0,06-JAN-2025
OPTSTK,OFSS,30-Jan-2025,2025-01-30,13250.00,CE,192.35,210.00,115.10,119.50,119.50,210,1406.5834,9000,2950,06-JAN-2025
OPTSTK,OFSS,30-Jan-2025,2025-01-30,12250.00,CE,589.65,610.00,363.85,388.80,388.80,376,2383.60412,13050,2750,06-JAN-2025
OPTSTK,OFSS,30-Jan-2025,2025-01-30,10000.00,CE,0.00,0.00,0.00,2633.10,2057.05,0,0.00,300,0,06-JAN-2025
FUTSTK,OFSS,27-Mar-2025,2025-03-27,,,12402.60,12402.60,11964.20,11991.40,11991.40,31,186.94625,3250,950,06-JAN-2025
OPTSTK,OFSS,27-Mar-2025,2025-03-27,12000.00,PE,0.00,0.00,0.00,861.55,764.80,0,0.00,0,0,06-JAN-2025
OPTSTK,OFSS,27-Mar-2025,2025-03-27,12000.00,CE,0.00,0.00,0.00,1357.90,942.05,0,0.00,0,0,06-JAN-2025
OPTSTK,OFSS,27-Feb-2025,2025-02-27,12000.00,PE,0.00,0.00,0.00,400.00,631.40,0,0.00,600,0,06-JAN-2025
OPTSTK,OFSS,30-Jan-2025,2025-01-30,12250.00,PE,366.95,658.20,349.95,648.90,648.90,262,1675.3805,8900,0,06-JAN-2025
OPTSTK,OFSS,27-Feb-2025,2025-02-27,14500.00,CE,0.00,0.00,0.00,162.00,97.25,0,0.00,50,0,06-JAN-2025
OPTSTK,OFSS,27-Feb-2025,2025-02-27,14500.00,PE,0.00,0.00,0.00,2896.70,2457.45,0,0.00,0,0,06-JAN-2025
OPTSTK,OFSS,27-Mar-2025,2025-03-27,14500.00,CE,0.00,0.00,0.00,468.20,205.25,0,0.00,0,0,06-JAN-2025
OPTSTK,OFSS,30-Jan-2025,2025-01-30,14500.00,CE,36.50,45.20,24.70,25.90,25.90,297,2157.74337,14750,300,06-JAN-2025
OPTSTK,OFSS,30-Jan-2025,2025-01-30,14500.00,PE,0.00,0.00,0.00,2043.60,2449.70,0,0.00,100,0,06-JAN-2025
OPTSTK,OFSS,27-Mar-2025,2025-03-27,14500.00,PE,0.00,0.00,0.00,2426.75,2491.25,0,0.00,0,0,06-JAN-2025
OPTSTK,OFSS,30-Jan-2025,2025-01-30,10250.00,PE,0.00,0.00,0.00,21.70,22.30,0,0.00,4100,0,06-JAN-2025
OPTSTK,OFSS,30-Jan-2025,2025-01-30,14000.00,PE,0.00,0.00,0.00,1588.70,1972.10,0,0.00,50,0,06-JAN-2025
OPTSTK,OFSS,30-Jan-2025,2025-01-30,14000.00,CE,72.20,83.10,45.10,46.85,46.85,977,6867.3518,42550,-450,06-JAN-2025
OPTSTK,OFSS,27-Feb-2025,2025-02-27,14000.00,PE,0.00,0.00,0.00,1500.00,2020.05,0,0.00,50,0,06-JAN-2025
OPTSTK,OFSS,27-Feb-2025,2025-02-27,13250.00,PE,0.00,0.00,0.00,1413.35,1418.35,0,0.00,0,0,06-JAN-2025
OPTSTK,OFSS,30-Jan-2025,2025-01-30,15000.00,PE,0.00,0.00,0.00,3973.35,2938.45,0,0.00,0,0,06-JAN-2025
OPTSTK,OFSS,30-Jan-2025,2025-01-30,9500.00,PE,21.00,21.00,14.65,17.10,17.10,17,80.8983,2550,150,06-JAN-2025
OPTSTK,OFSS,30-Jan-2025,2025-01-30,9500.00,CE,0.00,0.00,0.00,2880.00,2545.75,0,0.00,50,0,06-JAN-2025
OPTSTK,OFSS,27-Feb-2025,2025-02-27,15000.00,PE,0.00,0.00,0.00,3316.15,2914.80,0,0.00,0,0,06-JAN-2025
OPTSTK,OFSS,27-Mar-2025,2025-03-27,15000.00,CE,0.00,0.00,0.00,369.20,144.25,0,0.00,0,0,06-JAN-2025
OPTSTK,OFSS,27-Feb-2025,2025-02-27,12750.00,PE,0.00,0.00,0.00,1103.00,1066.15,0,0.00,0,0,06-JAN-2025
OPTSTK,OFSS,30-Jan-2025,2025-01-30,12750.00,PE,633.55,994.70,624.00,987.70,987.70,40,271.655225,8750,-350,06-JAN-2025
OPTSTK,OFSS,27-Mar-2025,2025-03-27,14000.00,CE,0.00,0.00,0.00,588.35,287.85,0,0.00,0,0,06-JAN-2025
OPTSTK,OFSS,27-Feb-2025,2025-02-27,14000.00,CE,0.00,0.00,0.00,281.75,155.10,0,0.00,50,0,06-JAN-2025
OPTSTK,OFSS,27-Mar-2025,2025-03-27,14000.00,PE,0.00,0.00,0.00,2055.95,2081.20,0,0.00,0,0,06-JAN-2025
OPTSTK,OFSS,30-Jan-2025,2025-01-30,13250.00,PE,1290.25,1290.25,1290.25,1290.25,1300.45,1,7.270125,100,50,06-JAN-2025
OPTSTK,ADANIPORTS,27-Mar-2025,2025-03-27,1200.00,CE,0.00,0.00,0.00,157.75,83.20,0,0.00,0,0,06-JAN-2025
OPTSTK,ADANIPORTS,30-Jan-2025,2025-01-30,1200.00,CE,40.00,41.50,25.05,26.15,26.15,5952,29310.1098,1044400,248400,06-JAN-2025
OPTSTK,ADANIPORTS,27-Mar-2025,2025-03-27,1200.00,PE,0.00,0.00,0.00,92.15,102.55,0,0.00,0,0,06-JAN-2025
FUTSTK,ADANIPORTS,30-Jan-2025,2025-01-30,,,1202.00,1207.30,1164.15,1167.80,1167.80,9192,43444.488,27650400,-254000,06-JAN-2025
OPTSTK,ACC,27-Feb-2025,2025-02-27,2080.00,CE,0.00,0.00,0.00,245.50,62.15,0,0.00,0,0,06-JAN-2025
OPTSTK,ACC,27-Feb-2025,2025-02-27,2080.00,PE,0.00,0.00,0.00,78.00,138.15,0,0.00,600,0,06-JAN-2025
OPTSTK,ACC,27-Feb-2025,2025-02-27,2000.00,PE,58.00,84.50,58.00,84.50,91.90,26,160.72605,6600,6600,06-JAN-2025
OPTSTK,ACC,27-Mar-2025,2025-03-27,2000.00,PE,0.00,0.00,0.00,98.35,109.00,0,0.00,0,0,06-JAN-2025
OPTSTK,ACC,27-Mar-2025,2025-03-27,1760.00,PE,0.00,0.00,0.00,29.80,26.40,0,0.00,0,0,06-JAN-2025
OPTSTK,ACC,30-Jan-2025,2025-01-30,1760.00,CE,0.00,0.00,0.00,601.40,235.85,0,0.00,0,0,06-JAN-2025
OPTSTK,ACC,27-Feb-2025,2025-02-27,2400.00,PE,0.00,0.00,0.00,262.00,400.00,0,0.00,600,0,06-JAN-2025
OPTSTK,ACC,30-Jan-2025,2025-01-30,2500.00,PE,0.00,0.00,0.00,409.45,504.95,0,0.00,81000,0,06-JAN-2025
OPTSTK,ACC,27-Feb-2025,2025-02-27,1880.00,PE,0.00,0.00,0.00,39.95,42.40,0,0.00,0,0,06-JAN-2025
OPTSTK,ACC,30-Jan-2025,2025-01-30,1880.00,PE,5.05,22.90,5.05,20.45,21.15,145,825.012,16500,1200,06-JAN-2025
OPTSTK,ACC,27-Feb-2025,2025-02-27,2220.00,PE,0.00,0.00,0.00,192.60,240.90,0,0.00,0,0,06-JAN-2025
OPTSTK,ADANIPORTS,27-Feb-2025,2025-02-27,1220.00,CE,0.00,0.00,0.00,123.65,55.00,0,0.00,0,0,06-JAN-2025
OPTSTK,ADANIPORTS,30-Jan-2025,2025-01-30,1340.00,PE,0.00,0.00,0.00,131.95,177.65,0,0.00,194000,0,06-JAN-2025
OPTSTK,ADANIPORTS,30-Jan-2025,2025-01-30,1220.00,CE,30.65,31.95,19.00,19.95,19.95,2748,13670.0274,993600,95600,06-JAN-2025
OPTSTK,ACC,27-Mar-2025,2025-03-27,2280.00,PE,0.00,0.00,0.00,249.25,296.65,0,0.00,0,0,06-JAN-2025
OPTSTK,ACC,27-Feb-2025,2025-02-27,1840.00,PE,0.00,0.00,0.00,32.15,31.10,0,0.00,0,0,06-JAN-2025
OPTSTK,ADANIPORTS,27-Feb-2025,2025-02-27,1240.00,PE,0.00,0.00,0.00,149.75,113.05,0,0.00,0,0,06-JAN-2025
OPTSTK,ADANIPORTS,30-Jan-2025,2025-01-30,1180.00,CE,52.00,52.55,32.60,34.00,34.00,2691,13115.4004,240000,94800,06-JAN-2025
OPTSTK,ACC,27-Feb-2025,2025-02-27,2060.00,CE,0.00,0.00,0.00,157.50,69.45,0,0.00,0,0,06-JAN-2025
OPTSTK,ADANIPORTS,27-Feb-2025,2025-02-27,1180.00,PE,0.00,0.00,0.00,66.65,77.10,0,0.00,0,0,06-JAN-2025
OPTSTK,ADANIPORTS,27-Feb-2025,2025-02-27,1180.00,CE,125.00,125.00,125.00,125.00,71.45,1,5.22,400,400,06-JAN-2025
OPTSTK,ACC,27-Mar-2025,2025-03-27,1920.00,PE,0.00,0.00,0.00,69.40,73.10,0,0.00,0,0,06-JAN-2025
OPTSTK,ACC,27-Feb-2025,2025-02-27,1840.00,CE,0.00,0.00,0.00,413.85,192.80,0,0.00,0,0,06-JAN-2025
OPTSTK,ADANIPORTS,27-Feb-2025,2025-02-27,1440.00,CE,0.00,0.00,0.00,44.60,9.80,0,0.00,0,0,06-JAN-2025
OPTSTK,ADANIPORTS,30-Jan-2025,2025-01-30,1440.00,PE,258.00,261.00,247.00,260.00,272.00,14,95.0578,18000,0,06-JAN-2025
OPTSTK,ACC,30-Jan-2025,2025-01-30,2300.00,PE,263.30,268.90,262.00,262.00,308.25,5,38.4627,112500,-300,06-JAN-2025
OPTSTK,ADANIPORTS,30-Jan-2025,2025-01-30,1060.00,PE,5.50,9.00,4.65,8.65,8.65,567,2418.8116,87200,12000,06-JAN-2025
OPTSTK,ACC,30-Jan-2025,2025-01-30,2600.00,PE,0.00,0.00,0.00,512.00,604.40,0,0.00,6600,0,06-JAN-2025
OPTSTK,ASIANPAINT,27-Mar-2025,2025-03-27,1840.00,PE,0.00,0.00,0.00,4.10,0.95,0,0.00,0,0,06-JAN-2025
OPTSTK,ASIANPAINT,27-Feb-2025,2025-02-27,2200.00,PE,23.50,45.50,23.05,43.20,43.20,129,577.3062,64800,10600,06-JAN-2025
OPTSTK,ASIANPAINT,30-Jan-2025,2025-01-30,2100.00,CE,226.00,226.00,178.05,178.05,180.20,13,59.6238,12000,600,06-JAN-2025
OPTSTK,ASIANPAINT,27-Feb-2025,2025-02-27,2420.00,CE,0.00,0.00,0.00,47.80,27.60,0,0.00,0,0,06-JAN-2025
OPTSTK,ASIANPAINT,30-Jan-2025,2025-01-30,2420.00,CE,25.55,25.55,11.85,13.35,13.35,755,3678.1135,67800,-200,06-JAN-2025
OPTSTK,ASIANPAINT,30-Jan-2025,2025-01-30,2600.00,PE,300.00,327.00,300.00,327.00,327.00,21,122.5597,217400,3000,06-JAN-2025
OPTSTK,ASIANPAINT,30-Jan-2025,2025-01-30,2080.00,CE,0.00,0.00,0.00,893.15,198.85,0,0.00,0,0,06-JAN-2025
OPTSTK,ASIANPAINT,30-Jan-2025,2025-01-30,2280.00,PE,31.10,67.05,28.80,61.65,61.65,1624,7575.93,295000,21800,06-JAN-2025
OPTSTK,ASIANPAINT,27-Mar-2025,2025-03-27,2280.00,PE,0.00,0.00,0.00,103.30,80.55,0,0.00,0,0,06-JAN-2025
OPTSTK,ASIANPAINT,27-Mar-2025,2025-03-27,2200.00,CE,0.00,0.00,0.00,171.05,147.30,0,0.00,0,0,06-JAN-2025
OPTSTK,ASIANPAINT,27-Feb-2025,2025-02-27,2280.00,PE,51.00,73.55,49.75,73.55,73.55,3,14.0286,1400,0,06-JAN-2025
OPTSTK,ASIANPAINT,27-Feb-2025,2025-02-27,2400.00,CE,60.20,60.20,34.75,36.35,36.35,96,468.8551,34600,5800,06-JAN-2025
OPTSTK,ASIANPAINT,30-Jan-2025,2025-01-30,2260.00,CE,101.05,101.05,59.60,65.10,65.10,599,2790.6001,79000,10600,06-JAN-2025
OPTSTK,ASIANPAINT,30-Jan-2025,2025-01-30,2240.00,PE,20.50,48.00,19.05,43.60,43.60,1197,5446.662,135800,22000,06-JAN-2025
OPTSTK,ASIANPAINT,27-Mar-2025,2025-03-27,2240.00,PE,0.00,0.00,0.00,85.05,62.85,0,0.00,0,0,06-JAN-2025
OPTSTK,ASIANPAINT,27-Mar-2025,2025-03-27,2440.00,CE,0.00,0.00,0.00,63.65,40.60,0,0.00,0,0,06-JAN-2025
OPTSTK,ASIANPAINT,27-Feb-2025,2025-02-27,2540.00,PE,0.00,0.00,0.00,268.15,257.65,0,0.00,0,0,06-JAN-2025
OPTSTK,ASIANPAINT,30-Jan-2025,2025-01-30,1960.00,PE,0.65,2.55,0.65,2.35,2.35,427,1675.0748,103400,-6200,06-JAN-2025
OPTSTK,ASIANPAINT,30-Jan-2025,2025-01-30,2300.00,CE,76.10,79.80,41.25,45.70,45.70,4536,21342.2508,518200,67200,06-JAN-2025
OPTSTK,ASIANPAINT,27-Feb-2025,2025-02-27,2300.00,PE,51.80,88.50,51.50,84.15,84.15,76,360.3074,14200,4800,06-JAN-2025
OPTSTK,ASIANPAINT,27-Feb-2025,2025-02-27,2140.00,CE,0.00,0.00,0.00,185.95,167.85,0,0.00,0,0,06-JAN-2025
OPTSTK,ASIANPAINT,30-Jan-2025,2025-01-30,2520.00,CE,8.90,8.90,4.00,4.65,4.65,257,1297.8065,69400,-2600,06-JAN-2025
OPTSTK,ASIANPAINT,27-Feb-2025,2025-02-27,2520.00,CE,0.00,0.00,0.00,120.30,11.15,0,0.00,0,0,06-JAN-2025
OPTSTK,ASIANPAINT,27-Feb-2025,2025-02-27,1960.00,CE,0.00,0.00,0.00,536.80,327.70,0,0.00,0,0,06-JAN-2025
OPTSTK,ASIANPAINT,30-Jan-2025,2025-01-30,2560.00,CE,5.05,5.15,2.65,3.10,3.10,397,2035.5718,65200,3200,06-JAN-2025
OPTSTK,ASIANPAINT,27-Feb-2025,2025-02-27,2560.00,CE,0.00,0.00,0.00,103.45,7.45,0,0.00,0,0,06-JAN-2025
OPTSTK,ASIANPAINT,30-Jan-2025,2025-01-30,2140.00,PE,7.35,18.20,6.25,16.25,16.25,716,3080.7149,74800,21000,06-JAN-2025
OPTSTK,ASIANPAINT,27-Mar-2025,2025-03-27,2280.00,CE,0.00,0.00,0.00,126.90,101.15,0,0.00,0,0,06-JAN-2025
OPTSTK,ASIANPAINT,30-Jan-2025,2025-01-30,2120.00,CE,0.00,0.00,0.00,163.70,162.05,0,0.00,2400,0,06-JAN-2025
OPTSTK,ASIANPAINT,27-Feb-2025,2025-02-27,2100.00,CE,0.00,0.00,0.00,215.55,200.20,0,0.00,0,0,06-JAN-2025
OPTSTK,ASIANPAINT,27-Mar-2025,2025-03-27,1920.00,PE,0.00,0.00,0.00,9.20,2.95,0,0.00,0,0,06-JAN-2025
OPTSTK,LTTS,27-Mar-2025,2025-03-27,4300.00,PE,0.00,0.00,0.00,124.90,58.05,0,0.00,0,0,06-JAN-2025
OPTSTK,LTTS,30-Jan-2025,2025-01-30,4300.00,CE,0.00,0.00,0.00,790.70,492.05,0,0.00,0,0,06-JAN-2025
OPTSTK,LTTS,27-Mar-2025,2025-03-27,4300.00,CE,0.00,0.00,0.00,570.60,584.90,0,0.00,0,0,06-JAN-2025
OPTSTK,LTTS,27-Feb-2025,2025-02-27,4400.00,CE,0.00,0.00,0.00,978.15,458.05,0,0.00,0,0,06-JAN-2025
OPTSTK,LTTS,27-Feb-2025,2025-02-27,5500.00,PE,0.00,0.00,0.00,437.80,708.80,0,0.00,0,0,06-JAN-2025
OPTSTK,LTTS,27-Mar-2025,2025-03-27,4200.00,CE,0.00,0.00,0.00,641.55,666.00,0,0.00,0,0,06-JAN-2025
OPTSTK,LTTS,27-Mar-2025,2025-03-27,4200.00,PE,0.00,0.00,0.00,97.65,40.65,0,0.00,0,0,06-JAN-2025
OPTSTK,LTTS,27-Feb-2025,2025-02-27,5200.00,PE,0.00,0.00,0.00,280.25,454.90,0,0.00,0,0,06-JAN-2025
OPTSTK,LTTS,27-Mar-2025,2025-03-27,5200.00,CE,0.00,0.00,0.00,151.90,114.85,0,0.00,0,0,06-JAN-2025
OPTSTK,LTTS,30-Jan-2025,2025-01-30,4600.00,CE,262.40,262.40,262.40,262.40,244.25,3,14.5872,3300,0,06-JAN-2025
OPTSTK,LTTS,30-Jan-2025,2025-01-30,4600.00,PE,75.00,108.90,71.40,96.40,96.40,37,173.64205,24500,-100,06-JAN-2025
OPTSTK,LTTS,30-Jan-2025,2025-01-30,5000.00,PE,247.35,310.00,247.35,302.75,302.75,16,84.49415,15100,-300,06-JAN-2025
OPTSTK,LTTS,30-Jan-2025,2025-01-30,4200.00,CE,0.00,0.00,0.00,872.05,586.45,0,0.00,0,0,06-JAN-2025
OPTSTK,LTTS,27-Feb-2025,2025-02-27,4200.00,PE,0.00,0.00,0.00,26.75,21.35,0,0.00,0,0,06-JAN-2025
OPTSTK,LTTS,27-Feb-2025,2025-02-27,4300.00,PE,0.00,0.00,0.00,50.00,34.15,0,0.00,700,0,06-JAN-2025
OPTSTK,LTTS,27-Feb-2025,2025-02-27,4200.00,CE,0.00,0.00,0.00,1152.15,625.25,0,0.00,0,0,06-JAN-2025
OPTSTK,LTTS,27-Feb-2025,2025-02-27,5000.00,CE,0.00,0.00,0.00,100.00,122.10,0,0.00,100,0,06-JAN-2025
OPTSTK,LTTS,30-Jan-2025,2025-01-30,5000.00,CE,86.20,98.75,67.00,75.50,75.50,879,4467.2385,65000,-7400,06-JAN-2025
OPTSTK,LTTS,27-Feb-2025,2025-02-27,4450.00,CE,0.00,0.00,0.00,411.30,419.80,0,0.00,0,0,06-JAN-2025
OPTSTK,LTTS,27-Feb-2025,2025-02-27,4000.00,CE,0.00,0.00,0.00,1335.05,809.10,0,0.00,0,0,06-JAN-2025
OPTSTK,LTTS,27-Feb-2025,2025-02-27,4250.00,CE,0.00,0.00,0.00,549.85,581.55,0,0.00,0,0,06-JAN-2025
OPTSTK,LTTS,27-Feb-2025,2025-02-27,4800.00,CE,0.00,0.00,0.00,668.50,203.30,0,0.00,0,0,06-JAN-2025
OPTSTK,LTTS,27-Feb-2025,2025-02-27,5050.00,PE,0.00,0.00,0.00,456.30,344.30,0,0.00,0,0,06-JAN-2025
OPTSTK,LTTS,27-Feb-2025,2025-02-27,4350.00,PE,0.00,0.00,0.00,105.30,42.45,0,0.00,0,0,06-JAN-2025
OPTSTK,LTTS,30-Jan-2025,2025-01-30,4350.00,CE,0.00,0.00,0.00,976.90,446.40,0,0.00,0,0,06-JAN-2025
OPTSTK,LTTS,30-Jan-2025,2025-01-30,4400.00,PE,39.90,46.75,32.10,45.50,45.50,48,213.23915,15100,1600,06-JAN-2025
OPTSTK,LTTS,27-Feb-2025,2025-02-27,4400.00,PE,0.00,0.00,0.00,49.15,52.20,0,0.00,0,0,06-JAN-2025
OPTSTK,LTTS,30-Jan-2025,2025-01-30,5500.00,CE,15.05,16.50,10.70,11.85,11.85,132,727.7695,41900,1500,06-JAN-2025
OPTSTK,LTTS,30-Jan-2025,2025-01-30,4350.00,PE,29.45,36.85,29.45,36.85,13.45,3,13.14575,5500,300,06-JAN-2025
OPTSTK,LTTS,27-Feb-2025,2025-02-27,4100.00,PE,0.00,0.00,0.00,19.05,12.65,0,0.00,0,0,06-JAN-2025
OPTSTK,LTTS,27-Feb-2025,2025-02-27,4100.00,CE,0.00,0.00,0.00,1242.65,715.60,0,0.00,0,0,06-JAN-2025
OPTSTK,LTTS,30-Jan-2025,2025-01-30,4400.00,CE,0.00,0.00,0.00,350.70,402.15,0,0.00,0,0,06-JAN-2025
OPTSTK,LTTS,27-Feb-2025,2025-02-27,4450.00,PE,0.00,0.00,0.00,137.45,63.50,0,0.00,0,0,06-JAN-2025
OPTSTK,COFORGE,27-Feb-2025,2025-02-27,10500.00,PE,0.00,0.00,0.00,1163.95,959.80,0,0.00,0,0,06-JAN-2025
OPTSTK,COFORGE,30-Jan-2025,2025-01-30,10500.00,CE,81.90,99.10,72.90,77.75,77.75,1039,8249.01663,39750,4275,06-JAN-2025
OPTSTK,COFORGE,30-Jan-2025,2025-01-30,8000.00,CE,0.00,0.00,0.00,1504.40,1669.65,0,0.00,6225,0,06-JAN-2025
OPTSTK,COFORGE,27-Feb-2025,2025-02-27,9200.00,CE,0.00,0.00,0.00,527.35,757.60,0,0.00,0,0,06-JAN-2025
OPTSTK,LICI,30-Jan-2025,2025-01-30,850.00,PE,5.20,16.70,5.20,14.85,14.85,657,3252.45386,198950,51750,06-JAN-2025
OPTSTK,LICI,30-Jan-2025,2025-01-30,920.00,CE,20.00,20.30,8.15,8.75,8.75,900,4819.80898,227125,-27600,06-JAN-2025
OPTSTK,COFORGE,30-Jan-2025,2025-01-30,9900.00,CE,251.90,278.05,219.95,224.45,224.45,719,5474.87328,49800,3225,06-JAN-2025
OPTSTK,COFORGE,27-Mar-2025,2025-03-27,8600.00,CE,0.00,0.00,0.00,1334.35,1305.00,0,0.00,0,0,06-JAN-2025
OPTSTK,LICI,30-Jan-2025,2025-01-30,830.00,PE,3.50,10.40,3.50,9.15,9.15,260,1251.6807,92000,31050,06-JAN-2025
OPTSTK,COFORGE,30-Jan-2025,2025-01-30,10300.00,PE,679.70,687.05,673.25,687.05,726.90,16,131.749312,1500,900,06-JAN-2025
OPTSTK,COFORGE,27-Feb-2025,2025-02-27,10300.00,PE,0.00,0.00,0.00,1022.55,815.00,0,0.00,0,0,06-JAN-2025
OPTSTK,COFORGE,27-Feb-2025,2025-02-27,10300.00,CE,0.00,0.00,0.00,344.95,245.35,0,0.00,0,0,06-JAN-2025
OPTSTK,COFORGE,30-Jan-2025,2025-01-30,10300.00,CE,129.00,140.10,106.75,111.90,111.90,115,899.078812,20925,1500,06-JAN-2025
OPTSTK,COFORGE,30-Jan-2025,2025-01-30,7800.00,CE,0.00,0.00,0.00,1600.00,1867.25,0,0.00,900,0,06-JAN-2025
OPTSTK,LICI,27-Feb-2025,2025-02-27,820.00,PE,10.00,15.00,10.00,15.00,17.15,3,14.34625,1725,1725,06-JAN-2025
OPTSTK,LICI,27-Feb-2025,2025-02-27,820.00,CE,0.00,0.00,0.00,155.40,80.85,0,0.00,0,0,06-JAN-2025
OPTSTK,LICI,30-Jan-2025,2025-01-30,820.00,CE,0.00,0.00,0.00,143.65,67.40,0,0.00,0,0,06-JAN-2025
OPTSTK,LICI,30-Jan-2025,2025-01-30,820.00,PE,2.50,8.35,2.50,7.55,7.55,354,1679.24753,119025,41400,06-JAN-2025
OPTSTK,LICI,30-Jan-2025,2025-01-30,760.00,CE,0.00,0.00,0.00,193.85,120.30,0,0.00,0,0,06-JAN-2025
OPTSTK,LICI,30-Jan-2025,2025-01-30,890.00,CE,28.15,28.15,16.70,18.30,18.30,738,3866.7002,156975,118450,06-JAN-2025
OPTSTK,LICI,27-Feb-2025,2025-02-27,890.00,PE,0.00,0.00,0.00,51.25,46.00,0,0.00,0,0,06-JAN-2025
OPTSTK,LICI,30-Jan-2025,2025-01-30,850.00,CE,47.00,47.10,40.40,41.00,45.95,57,292.988087,48875,5175,06-JAN-2025
OPTSTK,LICI,27-Feb-2025,2025-02-27,850.00,PE,19.95,19.95,19.95,19.95,27.35,1,5.0022125,575,575,06-JAN-2025
OPTSTK,LICI,30-Jan-2025,2025-01-30,1060.00,CE,0.00,0.00,0.00,1.15,0.35,0,0.00,25875,0,06-JAN-2025
OPTSTK,COFORGE,30-Jan-2025,2025-01-30,8200.00,CE,0.00,0.00,0.00,1318.90,1473.95,0,0.00,6225,0,06-JAN-2025
OPTSTK,COFORGE,27-Feb-2025,2025-02-27,8200.00,PE,0.00,0.00,0.00,398.95,37.95,0,0.00,0,0,06-JAN-2025
OPTSTK,COFORGE,30-Jan-2025,2025-01-30,8200.00,PE,15.05,22.20,15.05,20.85,20.85,134,826.052625,12450,-1575,06-JAN-2025
OPTSTK,LICI,27-Mar-2025,2025-03-27,780.00,CE,0.00,0.00,0.00,146.25,120.90,0,0.00,0,0,06-JAN-2025
OPTSTK,LICI,27-Mar-2025,2025-03-27,1000.00,CE,0.00,0.00,0.00,36.75,17.90,0,0.00,0,0,06-JAN-2025
OPTSTK,LICI,27-Feb-2025,2025-02-27,960.00,PE,0.00,0.00,0.00,76.75,91.90,0,0.00,0,0,06-JAN-2025
OPTSTK,LICI,27-Mar-2025,2025-03-27,960.00,CE,0.00,0.00,0.00,49.05,27.30,0,0.00,0,0,06-JAN-2025
OPTSTK,LICI,27-Mar-2025,2025-03-27,960.00,PE,0.00,0.00,0.00,99.85,97.35,0,0.00,0,0,06-JAN-2025
OPTSTK,NHPC,27-Feb-2025,2025-02-27,91.00,PE,0.00,0.00,0.00,11.25,12.15,0,0.00,0,0,06-JAN-2025
OPTSTK,OIL,27-Feb-2025,2025-02-27,370.00,CE,0.00,0.00,0.00,74.00,95.25,0,0.00,0,0,06-JAN-2025
OPTSTK,NHPC,27-Mar-2025,2025-03-27,72.00,CE,0.00,0.00,0.00,14.15,10.55,0,0.00,0,0,06-JAN-2025
OPTSTK,OIL,27-Mar-2025,2025-03-27,560.00,PE,0.00,0.00,0.00,134.50,106.95,0,0.00,0,0,06-JAN-2025
OPTSTK,OIL,27-Feb-2025,2025-02-27,510.00,CE,0.00,0.00,0.00,13.50,16.15,0,0.00,0,0,06-JAN-2025
OPTSTK,OIL,30-Jan-2025,2025-01-30,520.00,CE,6.15,6.15,2.25,2.35,2.35,245,1378.73426,279500,8600,06-JAN-2025
OPTSTK,OIL,27-Mar-2025,2025-03-27,520.00,CE,0.00,0.00,0.00,18.45,21.55,0,0.00,0,0,06-JAN-2025
OPTSTK,OIL,27-Feb-2025,2025-02-27,500.00,PE,0.00,0.00,0.00,47.05,56.40,0,0.00,0,0,06-JAN-2025
OPTSTK,NHPC,27-Mar-2025,2025-03-27,82.00,CE,0.00,0.00,0.00,8.30,5.05,0,0.00,0,0,06-JAN-2025
OPTSTK,NHPC,27-Mar-2025,2025-03-27,82.00,PE,0.00,0.00,0.00,6.80,6.55,0,0.00,0,0,06-JAN-2025
OPTSTK,NHPC,30-Jan-2025,2025-01-30,70.00,PE,0.20,0.45,0.20,0.45,0.45,139,625.8976,928000,6400,06-JAN-2025
OPTSTK,NHPC,27-Feb-2025,2025-02-27,70.00,CE,0.00,0.00,0.00,16.90,11.00,0,0.00,0,0,06-JAN-2025
OPTSTK,NHPC,27-Feb-2025,2025-02-27,67.00,CE,0.00,0.00,0.00,16.85,13.50,0,0.00,0,0,06-JAN-2025
OPTSTK,NHPC,30-Jan-2025,2025-01-30,67.00,PE,0.00,0.00,0.00,0.90,0.10,0,0.00,0,0,06-JAN-2025
OPTSTK,OIL,27-Mar-2025,2025-03-27,500.00,PE,0.00,0.00,0.00,86.90,62.35,0,0.00,0,0,06-JAN-2025
OPTSTK,OIL,27-Mar-2025,2025-03-27,500.00,CE,0.00,0.00,0.00,22.95,27.45,0,0.00,0,0,06-JAN-2025
OPTSTK,OIL,30-Jan-2025,2025-01-30,540.00,PE,0.00,0.00,0.00,62.20,82.65,0,0.00,0,0,06-JAN-2025
OPTSTK,OIL,27-Feb-2025,2025-02-27,540.00,PE,0.00,0.00,0.00,69.45,86.85,0,0.00,0,0,06-JAN-2025
OPTSTK,NHPC,27-Mar-2025,2025-03-27,78.00,PE,0.00,0.00,0.00,4.95,4.50,0,0.00,0,0,06-JAN-2025
OPTSTK,NHPC,27-Feb-2025,2025-02-27,78.00,CE,0.00,0.00,0.00,11.55,5.65,0,0.00,0,0,06-JAN-2025
OPTSTK,NHPC,27-Mar-2025,2025-03-27,78.00,CE,0.00,0.00,0.00,10.40,6.90,0,0.00,0,0,06-JAN-2025
OPTSTK,OIL,30-Jan-2025,2025-01-30,550.00,CE,2.15,2.25,0.90,1.00,1.00,66,391.219912,69875,8600,06-JAN-2025
OPTSTK,NHPC,27-Feb-2025,2025-02-27,78.00,PE,0.00,0.00,0.00,2.30,3.60,0,0.00,19200,0,06-JAN-2025
OPTSTK,NHPC,30-Jan-2025,2025-01-30,78.00,PE,1.40,2.60,1.35,2.50,2.50,101,516.64,633600,-121600,06-JAN-2025
OPTSTK,NHPC,27-Feb-2025,2025-02-27,86.00,CE,0.00,0.00,0.00,7.55,2.40,0,0.00,0,0,06-JAN-2025
OPTSTK,NHPC,27-Mar-2025,2025-03-27,86.00,PE,0.00,0.00,0.00,8.95,9.05,0,0.00,0,0,06-JAN-2025
OPTSTK,OIL,30-Jan-2025,2025-01-30,450.00,PE,6.40,13.70,5.80,12.90,12.90,530,2625.65041,403125,7525,06-JAN-2025
OPTSTK,OIL,27-Feb-2025,2025-02-27,450.00,CE,0.00,0.00,0.00,30.25,39.10,0,0.00,0,0,06-JAN-2025
OPTSTK,OIL,30-Jan-2025,2025-01-30,450.00,CE,35.50,35.50,22.45,22.70,22.70,54,276.1417,124700,-5375,06-JAN-2025
OPTSTK,OIL,30-Jan-2025,2025-01-30,500.00,PE,26.05,45.50,26.05,45.50,45.50,19,109.225912,68800,-1075,06-JAN-2025
OPTSTK,OIL,30-Jan-2025,2025-01-30,500.00,CE,11.25,11.25,4.70,5.10,5.10,922,5023.00791,498800,21500,06-JAN-2025
OPTSTK,OIL,30-Jan-2025,2025-01-30,480.00,PE,19.05,30.35,16.70,29.85,29.85,392,2120.30688,250475,-117175,06-JAN-2025
OPTSTK,OIL,27-Mar-2025,2025-03-27,480.00,CE,0.00,0.00,0.00,28.50,34.60,0,0.00,0,0,06-JAN-2025
OPTSTK,DALBHARAT,30-Jan-2025,2025-01-30,2040.00,CE,8.65,8.65,8.65,8.65,1.30,1,5.6337875,2750,0,06-JAN-2025
OPTSTK,DALBHARAT,27-Mar-2025,2025-03-27,1640.00,CE,0.00,0.00,0.00,190.25,177.25,0,0.00,0,0,06-JAN-2025
OPTSTK,DALBHARAT,27-Mar-2025,2025-03-27,1640.00,PE,0.00,0.00,0.00,62.05,37.30,0,0.00,0,0,06-JAN-2025
OPTSTK,DALBHARAT,30-Jan-2025,2025-01-30,1640.00,PE,9.90,23.75,9.90,21.80,10.75,48,218.703925,17325,2750,06-JAN-2025
OPTSTK,DALBHARAT,27-Mar-2025,2025-03-27,1840.00,PE,0.00,0.00,0.00,158.90,127.20,0,0.00,0,0,06-JAN-2025
OPTSTK,DALBHARAT,27-Feb-2025,2025-02-27,1840.00,PE,0.00,0.00,0.00,117.35,115.35,0,0.00,0,0,06-JAN-2025
OPTSTK,DALBHARAT,30-Jan-2025,2025-01-30,2100.00,PE,0.00,0.00,0.00,369.75,335.30,0,0.00,275,0,06-JAN-2025
OPTSTK,DALBHARAT,30-Jan-2025,2025-01-30,2100.00,CE,3.90,4.55,3.90,4.00,0.45,12,69.4414875,12650,550,06-JAN-2025
OPTSTK,DALBHARAT,27-Feb-2025,2025-02-27,1940.00,PE,0.00,0.00,0.00,216.10,188.35,0,0.00,0,0,06-JAN-2025
OPTSTK,DALBHARAT,27-Feb-2025,2025-02-27,1940.00,CE,0.00,0.00,0.00,38.95,22.80,0,0.00,0,0,06-JAN-2025
OPTSTK,DALBHARAT,27-Mar-2025,2025-03-27,1720.00,CE,0.00,0.00,0.00,144.20,126.50,0,0.00,0,0,06-JAN-2025
OPTSTK,DALBHARAT,27-Feb-2025,2025-02-27,1720.00,PE,0.00,0.00,0.00,65.40,51.70,0,0.00,0,0,06-JAN-2025
OPTSTK,DALBHARAT,30-Jan-2025,2025-01-30,1480.00,PE,0.00,0.00,0.00,11.65,0.35,0,0.00,0,0,06-JAN-2025
OPTSTK,DALBHARAT,30-Jan-2025,2025-01-30,1840.00,PE,56.70,108.95,56.65,108.50,99.30,41,215.51915,15400,1925,06-JAN-2025
OPTSTK,DALBHARAT,27-Feb-2025,2025-02-27,1840.00,CE,0.00,0.00,0.00,129.85,48.80,0,0.00,0,0,06-JAN-2025
OPTSTK,DALBHARAT,27-Mar-2025,2025-03-27,2080.00,PE,0.00,0.00,0.00,334.50,309.60,0,0.00,0,0,06-JAN-2025
OPTSTK,DALBHARAT,30-Jan-2025,2025-01-30,2080.00,CE,5.80,6.05,3.90,4.10,0.65,19,108.91925,4950,0,06-JAN-2025
OPTSTK,DALBHARAT,27-Mar-2025,2025-03-27,1760.00,PE,0.00,0.00,0.00,113.95,83.35,0,0.00,0,0,06-JAN-2025
OPTSTK,DALBHARAT,27-Feb-2025,2025-02-27,1780.00,CE,0.00,0.00,0.00,90.65,72.75,0,0.00,0,0,06-JAN-2025
OPTSTK,DALBHARAT,27-Mar-2025,2025-03-27,2160.00,CE,0.00,0.00,0.00,20.45,9.00,0,0.00,0,0,06-JAN-2025
OPTSTK,DALBHARAT,27-Feb-2025,2025-02-27,1760.00,CE,0.00,0.00,0.00,171.75,82.35,0,0.00,0,0,06-JAN-2025
OPTSTK,DALBHARAT,27-Mar-2025,2025-03-27,1880.00,PE,0.00,0.00,0.00,184.20,152.80,0,0.00,0,0,06-JAN-2025
OPTSTK,DALBHARAT,27-Feb-2025,2025-02-27,1620.00,PE,0.00,0.00,0.00,41.60,20.80,0,0.00,0,0,06-JAN-2025
OPTSTK,DALBHARAT,27-Feb-2025,2025-02-27,1780.00,PE,0.00,0.00,0.00,109.80,79.90,0,0.00,0,0,06-JAN-2025
OPTSTK,DALBHARAT,27-Mar-2025,2025-03-27,1840.00,CE,0.00,0.00,0.00,90.65,70.05,0,0.00,0,0,06-JAN-2025
OPTSTK,DALBHARAT,30-Jan-2025,2025-01-30,1840.00,CE,42.00,63.00,27.50,30.60,30.60,446,2313.5365,28050,550,06-JAN-2025
OPTSTK,DALBHARAT,30-Jan-2025,2025-01-30,1620.00,CE,0.00,0.00,0.00,155.50,150.75,0,0.00,275,0,06-JAN-2025
OPTSTK,DALBHARAT,30-Jan-2025,2025-01-30,1620.00,PE,8.45,20.15,8.45,20.15,7.70,43,193.486837,12925,1100,06-JAN-2025
OPTSTK,DALBHARAT,27-Feb-2025,2025-02-27,1860.00,PE,0.00,0.00,0.00,158.65,128.65,0,0.00,0,0,06-JAN-2025
OPTSTK,DALBHARAT,30-Jan-2025,2025-01-30,2020.00,PE,0.00,0.00,0.00,217.75,257.00,0,0.00,0,0,06-JAN-2025
OPTSTK,DALBHARAT,27-Feb-2025,2025-02-27,1520.00,CE,0.00,0.00,0.00,343.95,256.65,0,0.00,0,0,06-JAN-2025
OPTSTK,PFC,27-Feb-2025,2025-02-27,380.00,PE,3.50,3.90,3.50,3.90,6.10,3,14.9617,2600,2600,06-JAN-2025
OPTSTK,PFC,27-Feb-2025,2025-02-27,470.00,CE,21.25,21.60,15.65,15.65,22.95,22,139.8059,46800,14300,06-JAN-2025
OPTSTK,PFC,27-Mar-2025,2025-03-27,440.00,PE,0.00,0.00,0.00,34.70,31.65,0,0.00,0,0,06-JAN-2025
OPTSTK,PFC,27-Feb-2025,2025-02-27,440.00,CE,30.00,30.00,29.00,29.00,29.00,5,30.537,7800,6500,06-JAN-2025
OPTSTK,PFC,30-Jan-2025,2025-01-30,560.00,CE,0.70,0.70,0.45,0.50,0.50,171,1246.07925,898300,-14300,06-JAN-2025
OPTSTK,PFC,27-Feb-2025,2025-02-27,510.00,CE,6.90,6.90,6.75,6.75,11.55,2,13.43745,3900,1300,06-JAN-2025
OPTSTK,PFC,30-Jan-2025,2025-01-30,400.00,PE,1.45,3.60,1.35,3.20,3.20,2186,11439.1387,1974700,-92300,06-JAN-2025
OPTSTK,PFC,27-Feb-2025,2025-02-27,400.00,CE,0.00,0.00,0.00,115.70,60.95,0,0.00,0,0,06-JAN-2025
OPTSTK,PFC,30-Jan-2025,2025-01-30,550.00,CE,0.90,0.90,0.45,0.50,0.50,674,4824.86485,812500,-122200,06-JAN-2025
OPTSTK,PFC,27-Feb-2025,2025-02-27,400.00,PE,6.50,8.50,6.10,7.95,7.95,27,142.96555,24700,20800,06-JAN-2025
OPTSTK,PFC,30-Jan-2025,2025-01-30,460.00,CE,20.05,20.45,10.55,11.35,11.35,3788,23334.5027,2570100,309400,06-JAN-2025
OPTSTK,PFC,30-Jan-2025,2025-01-30,400.00,CE,51.25,51.25,51.25,51.25,52.65,10,58.6625,192400,0,06-JAN-2025
OPTSTK,PFC,27-Mar-2025,2025-03-27,560.00,CE,0.00,0.00,0.00,22.25,9.20,0,0.00,0,0,06-JAN-2025
OPTSTK,PFC,27-Feb-2025,2025-02-27,510.00,PE,0.00,0.00,0.00,66.90,70.20,0,0.00,0,0,06-JAN-2025
OPTSTK,PFC,27-Feb-2025,2025-02-27,360.00,PE,0.00,0.00,0.00,6.75,3.20,0,0.00,0,0,06-JAN-2025
OPTSTK,PFC,30-Jan-2025,2025-01-30,470.00,PE,14.90,32.20,14.90,30.20,30.20,894,5737.095,1114100,-92300,06-JAN-2025
OPTSTK,PFC,30-Jan-2025,2025-01-30,440.00,CE,30.50,30.50,19.55,20.90,20.90,606,3650.76855,552500,193700,06-JAN-2025
OPTSTK,PFC,27-Feb-2025,2025-02-27,440.00,PE,13.50,22.00,13.50,20.55,20.55,36,214.6534,79300,13000,06-JAN-2025
OPTSTK,PFC,27-Feb-2025,2025-02-27,390.00,CE,0.00,0.00,0.00,89.45,68.40,0,0.00,0,0,06-JAN-2025
OPTSTK,PFC,30-Jan-2025,2025-01-30,480.00,CE,10.60,11.05,5.30,5.80,5.80,4134,26185.2084,2821000,-193700,06-JAN-2025
OPTSTK,PFC,30-Jan-2025,2025-01-30,380.00,PE,0.75,1.65,0.70,1.50,1.50,586,2904.6381,755300,137800,06-JAN-2025
OPTSTK,PFC,30-Jan-2025,2025-01-30,390.00,CE,0.00,0.00,0.00,116.45,61.05,0,0.00,0,0,06-JAN-2025
OPTSTK,PFC,27-Mar-2025,2025-03-27,560.00,PE,0.00,0.00,0.00,108.90,114.45,0,0.00,0,0,06-JAN-2025
OPTSTK,PFC,30-Jan-2025,2025-01-30,560.00,PE,0.00,0.00,0.00,100.50,111.70,0,0.00,87100,0,06-JAN-2025
OPTSTK,PFC,27-Feb-2025,2025-02-27,520.00,CE,6.75,6.75,5.00,5.00,9.60,9,61.47895,46800,2600,06-JAN-2025
OPTSTK,PFC,27-Feb-2025,2025-02-27,470.00,PE,27.00,34.10,27.00,34.10,41.95,3,19.5663,9100,2600,06-JAN-2025
OPTSTK,PFC,27-Feb-2025,2025-02-27,490.00,CE,10.90,11.00,10.10,11.00,11.00,4,26.0351,3900,3900,06-JAN-2025
OPTSTK,PFC,27-Mar-2025,2025-03-27,500.00,PE,0.00,0.00,0.00,66.95,67.50,0,0.00,0,0,06-JAN-2025
OPTSTK,PFC,30-Jan-2025,2025-01-30,500.00,PE,41.60,56.80,40.70,54.75,54.75,82,584.5931,1528800,28600,06-JAN-2025
OPTSTK,PFC,27-Feb-2025,2025-02-27,540.00,PE,0.00,0.00,0.00,82.40,94.90,0,0.00,1300,0,06-JAN-2025
OPTSTK,PFC,30-Jan-2025,2025-01-30,540.00,CE,1.25,1.25,0.75,0.80,0.80,507,3565.45735,846300,84500,06-JAN-2025
OPTSTK,PFC,30-Jan-2025,2025-01-30,580.00,CE,0.35,0.35,0.35,0.35,0.30,8,60.3564,115700,0,06-JAN-2025
OPTSTK,HAL,27-Feb-2025,2025-02-27,3700.00,PE,67.60,67.60,67.60,67.60,63.55,1,5.6514,150,150,06-JAN-2025
OPTSTK,INDIANB,30-Jan-2025,2025-01-30,560.00,CE,6.30,6.30,4.20,4.85,4.85,128,687.04285,113050,1900,06-JAN-2025
OPTSTK,INDIANB,30-Jan-2025,2025-01-30,560.00,PE,0.00,0.00,0.00,37.20,52.80,0,0.00,29450,0,06-JAN-2025
OPTSTK,HAL,27-Feb-2025,2025-02-27,4050.00,CE,0.00,0.00,0.00,434.40,273.00,0,0.00,0,0,06-JAN-2025
OPTSTK,HAL,27-Feb-2025,2025-02-27,4050.00,PE,132.80,154.85,132.80,154.85,182.50,5,31.421775,450,150,06-JAN-2025
OPTSTK,INDIANB,30-Jan-2025,2025-01-30,510.00,CE,24.25,24.25,18.50,20.80,20.80,301,1518.13182,48450,32300,06-JAN-2025
OPTSTK,INDIANB,27-Feb-2025,2025-02-27,520.00,CE,0.00,0.00,0.00,87.60,26.80,0,0.00,0,0,06-JAN-2025
OPTSTK,HAL,30-Jan-2025,2025-01-30,3600.00,CE,0.00,0.00,0.00,678.00,530.15,0,0.00,1800,0,06-JAN-2025
OPTSTK,HAL,30-Jan-2025,2025-01-30,3500.00,PE,5.00,10.20,4.65,8.80,8.80,718,3778.05997,73800,11400,06-JAN-2025
OPTSTK,HAL,27-Feb-2025,2025-02-27,3650.00,CE,0.00,0.00,0.00,704.05,539.55,0,0.00,0,0,06-JAN-2025
OPTSTK,HAL,27-Feb-2025,2025-02-27,3600.00,CE,0.00,0.00,0.00,1005.65,579.80,0,0.00,0,0,06-JAN-2025
OPTSTK,HAL,27-Mar-2025,2025-03-27,3600.00,PE,0.00,0.00,0.00,104.10,73.20,0,0.00,0,0,06-JAN-2025
FUTSTK,HAL,27-Feb-2025,2025-02-27,,,4247.10,4253.95,4102.00,4130.50,4130.50,1071,6689.6415,578250,20850,06-JAN-2025
OPTSTK,HAL,30-Jan-2025,2025-01-30,4600.00,CE,23.65,23.65,15.75,16.65,16.65,2624,18180.6753,402450,-23700,06-JAN-2025
OPTSTK,HAL,27-Mar-2025,2025-03-27,4600.00,PE,0.00,0.00,0.00,550.90,560.25,0,0.00,0,0,06-JAN-2025
OPTSTK,INDIANB,30-Jan-2025,2025-01-30,490.00,PE,9.55,12.95,8.80,11.60,11.60,89,424.007325,256500,2850,06-JAN-2025
OPTSTK,HAL,27-Mar-2025,2025-03-27,4700.00,CE,0.00,0.00,0.00,231.25,106.55,0,0.00,0,0,06-JAN-2025
OPTSTK,INDIANB,30-Jan-2025,2025-01-30,570.00,CE,4.15,4.40,3.00,3.75,3.75,141,768.5348,128250,-31350,06-JAN-2025
OPTSTK,HAL,30-Jan-2025,2025-01-30,4550.00,PE,0.00,0.00,0.00,339.70,458.85,0,0.00,450,0,06-JAN-2025
OPTSTK,HAL,27-Feb-2025,2025-02-27,4550.00,CE,0.00,0.00,0.00,209.10,88.70,0,0.00,0,0,06-JAN-2025
OPTSTK,HAL,27-Feb-2025,2025-02-27,4450.00,PE,0.00,0.00,0.00,409.70,419.40,0,0.00,0,0,06-JAN-2025
OPTSTK,HAL,27-Feb-2025,2025-02-27,4700.00,PE,0.00,0.00,0.00,468.20,613.10,0,0.00,300,0,06-JAN-2025
OPTSTK,HAL,27-Mar-2025,2025-03-27,4400.00,PE,0.00,0.00,0.00,429.05,421.50,0,0.00,0,0,06-JAN-2025
OPTSTK,INDIANB,27-Feb-2025,2025-02-27,490.00,CE,0.00,0.00,0.00,76.05,42.40,0,0.00,0,0,06-JAN-2025
OPTSTK,INDIANB,30-Jan-2025,2025-01-30,520.00,CE,20.10,20.10,14.00,15.95,15.95,591,3010.42222,186200,86450,06-JAN-2025
OPTSTK,INDIANB,30-Jan-2025,2025-01-30,630.00,CE,0.00,0.00,0.00,1.10,0.35,0,0.00,84550,0,06-JAN-2025
OPTSTK,INDIANB,27-Mar-2025,2025-03-27,600.00,CE,0.00,0.00,0.00,32.00,11.10,0,0.00,0,0,06-JAN-2025
OPTSTK,INDIANB,27-Mar-2025,2025-03-27,560.00,PE,0.00,0.00,0.00,52.85,62.30,0,0.00,0,0,06-JAN-2025
OPTSTK,INDIANB,27-Feb-2025,2025-02-27,560.00,CE,0.00,0.00,0.00,64.65,13.15,0,0.00,0,0,06-JAN-2025
OPTSTK,HAL,27-Mar-2025,2025-03-27,4600.00,CE,0.00,0.00,0.00,263.15,129.55,0,0.00,0,0,06-JAN-2025
OPTSTK,HAL,27-Feb-2025,2025-02-27,4600.00,PE,0.00,0.00,0.00,395.00,532.25,0,0.00,900,0,06-JAN-2025
OPTSTK,HAL,30-Jan-2025,2025-01-30,3650.00,CE,0.00,0.00,0.00,641.45,485.15,0,0.00,0,0,06-JAN-2025
OPTSTK,HAL,27-Feb-2025,2025-02-27,3650.00,PE,0.00,0.00,0.00,79.10,52.90,0,0.00,0,0,06-JAN-2025
FUTSTK,GLENMARK,27-Feb-2025,2025-02-27,,,1643.70,1652.00,1628.00,1637.75,1637.75,76,404.746387,53300,2925,06-JAN-2025
OPTSTK,GLENMARK,27-Feb-2025,2025-02-27,1740.00,CE,0.00,0.00,0.00,34.55,36.60,0,0.00,0,0,06-JAN-2025
OPTSTK,COALINDIA,30-Jan-2025,2025-01-30,320.00,CE,0.00,0.00,0.00,121.60,60.30,0,0.00,0,0,06-JAN-2025
OPTSTK,COALINDIA,27-Feb-2025,2025-02-27,395.00,PE,0.00,0.00,0.00,25.55,24.90,0,0.00,0,0,06-JAN-2025
OPTSTK,GLENMARK,27-Feb-2025,2025-02-27,1760.00,CE,0.00,0.00,0.00,37.95,31.35,0,0.00,0,0,06-JAN-2025
OPTSTK,GLENMARK,30-Jan-2025,2025-01-30,1760.00,PE,147.30,147.35,145.45,145.45,139.80,3,18.590325,1300,0,06-JAN-2025
OPTSTK,GLENMARK,27-Feb-2025,2025-02-27,1880.00,PE,0.00,0.00,0.00,371.30,249.45,0,0.00,0,0,06-JAN-2025
OPTSTK,COALINDIA,30-Jan-2025,2025-01-30,395.00,PE,9.70,19.40,9.70,18.70,18.70,796,3425.41867,559650,-109200,06-JAN-2025
OPTSTK,COALINDIA,30-Jan-2025,2025-01-30,490.00,PE,0.00,0.00,0.00,88.35,109.10,0,0.00,592200,0,06-JAN-2025
OPTSTK,COALINDIA,30-Jan-2025,2025-01-30,365.00,CE,23.65,23.65,19.85,20.95,20.95,66,267.633975,78750,10500,06-JAN-2025
OPTSTK,GLENMARK,27-Feb-2025,2025-02-27,1780.00,CE,0.00,0.00,0.00,26.85,26.70,0,0.00,0,0,06-JAN-2025
OPTSTK,GLENMARK,27-Feb-2025,2025-02-27,1880.00,CE,0.00,0.00,0.00,20.35,11.20,0,0.00,0,0,06-JAN-2025
OPTSTK,GLENMARK,27-Feb-2025,2025-02-27,1400.00,CE,0.00,0.00,0.00,177.90,243.70,0,0.00,0,0,06-JAN-2025
OPTSTK,GLENMARK,30-Jan-2025,2025-01-30,1400.00,CE,0.00,0.00,0.00,248.00,231.05,0,0.00,11375,0,06-JAN-2025
OPTSTK,GLENMARK,27-Mar-2025,2025-03-27,1640.00,PE,0.00,0.00,0.00,152.40,87.70,0,0.00,0,0,06-JAN-2025
OPTSTK,GLENMARK,27-Feb-2025,2025-02-27,1640.00,PE,0.00,0.00,0.00,182.50,74.30,0,0.00,0,0,06-JAN-2025
OPTSTK,COALINDIA,30-Jan-2025,2025-01-30,450.00,PE,55.00,68.80,55.00,68.80,69.45,9,48.498975,784350,5250,06-JAN-2025
OPTSTK,COALINDIA,30-Jan-2025,2025-01-30,450.00,CE,0.60,0.60,0.25,0.40,0.40,537,2539.35727,1122450,254100,06-JAN-2025
OPTSTK,GLENMARK,30-Jan-2025,2025-01-30,1840.00,PE,0.00,0.00,0.00,260.85,211.60,0,0.00,8775,0,06-JAN-2025
OPTSTK,COALINDIA,30-Jan-2025,2025-01-30,420.00,CE,2.35,2.85,1.00,1.10,1.10,3325,14710.2516,2830800,-27300,06-JAN-2025
OPTSTK,COALINDIA,30-Jan-2025,2025-01-30,415.00,CE,3.10,3.10,1.30,1.40,1.40,3186,13936.3003,849450,-597450,06-JAN-2025
OPTSTK,COALINDIA,27-Mar-2025,2025-03-27,370.00,PE,0.00,0.00,0.00,17.45,15.15,0,0.00,0,0,06-JAN-2025
OPTSTK,COALINDIA,27-Feb-2025,2025-02-27,350.00,PE,3.55,5.25,3.55,4.90,4.90,70,260.615775,166950,25200,06-JAN-2025
OPTSTK,COALINDIA,27-Feb-2025,2025-02-27,430.00,CE,5.00,5.00,2.40,2.45,3.90,11,49.985775,15750,5250,06-JAN-2025
OPTSTK,GLENMARK,30-Jan-2025,2025-01-30,1240.00,CE,0.00,0.00,0.00,280.50,389.25,0,0.00,2275,0,06-JAN-2025
OPTSTK,GLENMARK,27-Feb-2025,2025-02-27,1420.00,CE,0.00,0.00,0.00,175.60,225.95,0,0.00,0,0,06-JAN-2025
OPTSTK,GLENMARK,30-Jan-2025,2025-01-30,1420.00,PE,3.50,3.70,3.00,3.70,3.70,26,120.287537,38675,-650,06-JAN-2025
OPTSTK,GLENMARK,27-Feb-2025,2025-02-27,1420.00,PE,0.00,0.00,0.00,36.35,8.60,0,0.00,0,0,06-JAN-2025
OPTSTK,GLENMARK,27-Mar-2025,2025-03-27,1440.00,CE,0.00,0.00,0.00,183.00,224.55,0,0.00,0,0,06-JAN-2025
OPTSTK,GLENMARK,27-Feb-2025,2025-02-27,1700.00,CE,0.00,0.00,0.00,43.85,49.15,0,0.00,0,0,06-JAN-2025
OPTSTK,GLENMARK,27-Feb-2025,2025-02-27,1720.00,PE,0.00,0.00,0.00,240.05,122.30,0,0.00,0,0,06-JAN-2025
OPTSTK,COALINDIA,30-Jan-2025,2025-01-30,330.00,CE,0.00,0.00,0.00,112.40,50.60,0,0.00,0,0,06-JAN-2025
OPTSTK,ESCORTS,27-Feb-2025,2025-02-27,3650.00,CE,0.00,0.00,0.00,45.45,50.35,0,0.00,0,0,06-JAN-2025
OPTSTK,ESCORTS,27-Feb-2025,2025-02-27,3650.00,PE,0.00,0.00,0.00,498.60,329.50,0,0.00,0,0,06-JAN-2025
OPTSTK,ESCORTS,30-Jan-2025,2025-01-30,4100.00,CE,0.00,0.00,0.00,0.55,0.25,0,0.00,6750,0,06-JAN-2025
OPTSTK,ESCORTS,30-Jan-2025,2025-01-30,3750.00,CE,8.40,8.40,5.55,5.70,7.20,85,478.949175,11850,-300,06-JAN-2025
OPTSTK,ESCORTS,27-Mar-2025,2025-03-27,4000.00,PE,0.00,0.00,0.00,805.70,630.65,0,0.00,0,0,06-JAN-2025
OPTSTK,ESCORTS,27-Feb-2025,2025-02-27,3350.00,CE,0.00,0.00,0.00,116.75,153.35,0,0.00,0,0,06-JAN-2025
OPTSTK,ESCORTS,30-Jan-2025,2025-01-30,3700.00,PE,0.00,0.00,0.00,345.00,358.40,0,0.00,2550,0,06-JAN-2025
OPTSTK,ESCORTS,27-Mar-2025,2025-03-27,3700.00,PE,0.00,0.00,0.00,549.10,381.60,0,0.00,0,0,06-JAN-2025
OPTSTK,ESCORTS,30-Jan-2025,2025-01-30,2850.00,PE,4.00,4.90,2.95,3.80,3.80,197,843.451125,41250,0,06-JAN-2025
OPTSTK,ESCORTS,27-Mar-2025,2025-03-27,3700.00,CE,0.00,0.00,0.00,67.05,71.90,0,0.00,0,0,06-JAN-2025
OPTSTK,ESCORTS,27-Feb-2025,2025-02-27,3100.00,PE,0.00,0.00,0.00,66.10,44.50,0,0.00,0,0,06-JAN-2025
OPTSTK,ESCORTS,27-Feb-2025,2025-02-27,3250.00,PE,0.00,0.00,0.00,212.45,91.05,0,0.00,0,0,06-JAN-2025
OPTSTK,ESCORTS,30-Jan-2025,2025-01-30,3300.00,PE,57.35,85.00,55.00,76.30,76.30,874,4420.4853,92400,-2100,06-JAN-2025
OPTSTK,ESCORTS,30-Jan-2025,2025-01-30,3050.00,PE,12.50,18.00,12.50,16.30,16.30,46,211.54755,13800,0,06-JAN-2025
OPTSTK,ESCORTS,30-Jan-2025,2025-01-30,3450.00,PE,131.05,168.20,129.00,160.80,156.75,24,129.663,5700,450,06-JAN-2025
OPTSTK,ESCORTS,27-Mar-2025,2025-03-27,4000.00,CE,0.00,0.00,0.00,29.00,25.35,0,0.00,0,0,06-JAN-2025
OPTSTK,ESCORTS,27-Mar-2025,2025-03-27,3500.00,PE,0.00,0.00,0.00,397.20,244.10,0,0.00,0,0,06-JAN-2025
OPTSTK,ESCORTS,30-Jan-2025,2025-01-30,3650.00,PE,0.00,0.00,0.00,325.10,313.55,0,0.00,150,0,06-JAN-2025
OPTSTK,ESCORTS,30-Jan-2025,2025-01-30,2950.00,CE,0.00,0.00,0.00,358.85,403.00,0,0.00,300,0,06-JAN-2025
OPTSTK,ESCORTS,30-Jan-2025,2025-01-30,2950.00,PE,7.05,9.60,6.05,8.70,8.70,67,297.293625,15750,-3600,06-JAN-2025
OPTSTK,ESCORTS,30-Jan-2025,2025-01-30,3600.00,PE,258.55,258.55,258.55,258.55,270.55,1,5.787825,3450,0,06-JAN-2025
FUTSTK,ESCORTS,27-Feb-2025,2025-02-27,,,3398.80,3410.40,3341.05,3366.15,3366.15,120,605.538675,34350,3450,06-JAN-2025
OPTSTK,ESCORTS,27-Feb-2025,2025-02-27,3200.00,CE,0.00,0.00,0.00,462.80,239.60,0,0.00,0,0,06-JAN-2025
OPTSTK,ESCORTS,30-Jan-2025,2025-01-30,3100.00,PE,17.00,25.40,15.75,23.40,23.40,220,1029.82395,36450,-9750,06-JAN-2025
OPTSTK,ESCORTS,30-Jan-2025,2025-01-30,4000.00,CE,1.35,2.95,1.35,2.00,0.75,27,162.0747,53250,-2100,06-JAN-2025
OPTSTK,ESCORTS,27-Feb-2025,2025-02-27,2800.00,PE,0.00,0.00,0.00,19.75,6.05,0,0.00,0,0,06-JAN-2025
OPTSTK,ESCORTS,30-Jan-2025,2025-01-30,3600.00,CE,22.00,23.00,14.25,19.40,19.40,436,2366.75977,55800,-3600,06-JAN-2025
OPTSTK,ESCORTS,27-Feb-2025,2025-02-27,3800.00,PE,0.00,0.00,0.00,375.85,453.55,0,0.00,0,0,06-JAN-2025
OPTSTK,ESCORTS,27-Mar-2025,2025-03-27,3800.00,CE,0.00,0.00,0.00,51.20,51.70,0,0.00,0,0,06-JAN-2025
OPTSTK,ESCORTS,30-Jan-2025,2025-01-30,3400.00,PE,100.35,135.25,97.80,121.10,121.10,236,1244.96152,30600,-3300,06-JAN-2025
OPTSTK,ESCORTS,27-Mar-2025,2025-03-27,3400.00,CE,141.60,198.20,141.60,198.20,172.65,2,10.7097,150,150,06-JAN-2025
OPTSTK,ESCORTS,27-Feb-2025,2025-02-27,3550.00,PE,0.00,0.00,0.00,417.75,255.50,0,0.00,0,0,06-JAN-2025
OPTSTK,CAMS,30-Jan-2025,2025-01-30,5800.00,CE,14.00,14.75,7.80,8.70,8.70,106,769.815687,14750,-625,06-JAN-2025
OPTSTK,CAMS,27-Feb-2025,2025-02-27,5800.00,CE,0.00,0.00,0.00,177.10,40.70,0,0.00,0,0,06-JAN-2025
OPTSTK,CAMS,27-Feb-2025,2025-02-27,5800.00,PE,0.00,0.00,0.00,979.15,932.60,0,0.00,0,0,06-JAN-2025
OPTSTK,CAMS,30-Jan-2025,2025-01-30,5800.00,PE,0.00,0.00,0.00,944.95,928.35,0,0.00,0,0,06-JAN-2025
OPTSTK,CAMS,27-Mar-2025,2025-03-27,5800.00,PE,0.00,0.00,0.00,922.95,946.60,0,0.00,0,0,06-JAN-2025
OPTSTK,MUTHOOTFIN,30-Jan-2025,2025-01-30,2340.00,CE,28.00,31.05,12.00,16.25,16.25,333,2159.33932,54450,-4400,06-JAN-2025
OPTSTK,MUTHOOTFIN,27-Feb-2025,2025-02-27,2340.00,CE,0.00,0.00,0.00,32.20,40.55,0,0.00,0,0,06-JAN-2025
OPTSTK,MUTHOOTFIN,27-Feb-2025,2025-02-27,2340.00,PE,0.00,0.00,0.00,280.40,172.35,0,0.00,0,0,06-JAN-2025
FUTSTK,MUTHOOTFIN,30-Jan-2025,2025-01-30,,,2256.15,2265.95,2175.40,2193.15,2193.15,4118,24963.5564,3073400,-260150,06-JAN-2025
OPTSTK,VBL,30-Jan-2025,2025-01-30,520.00,CE,0.00,0.00,0.00,123.15,113.20,0,0.00,0,0,06-JAN-2025
OPTSTK,VBL,27-Feb-2025,2025-02-27,520.00,CE,0.00,0.00,0.00,130.00,117.45,0,0.00,0,0,06-JAN-2025
OPTSTK,MUTHOOTFIN,30-Jan-2025,2025-01-30,1800.00,PE,0.40,4.90,0.40,4.90,0.10,76,376.348362,88000,275,06-JAN-2025
OPTSTK,CAMS,30-Jan-2025,2025-01-30,5400.00,PE,0.00,0.00,0.00,347.10,558.15,0,0.00,1625,0,06-JAN-2025
OPTSTK,CAMS,27-Feb-2025,2025-02-27,5400.00,PE,0.00,0.00,0.00,690.20,598.00,0,0.00,0,0,06-JAN-2025
OPTSTK,MUTHOOTFIN,30-Jan-2025,2025-01-30,1980.00,CE,0.00,0.00,0.00,118.65,218.90,0,0.00,1100,0,06-JAN-2025
OPTSTK,MUTHOOTFIN,30-Jan-2025,2025-01-30,2040.00,CE,0.00,0.00,0.00,217.65,165.75,0,0.00,6325,0,06-JAN-2025
OPTSTK,MUTHOOTFIN,27-Mar-2025,2025-03-27,2040.00,PE,0.00,0.00,0.00,102.75,40.50,0,0.00,0,0,06-JAN-2025
OPTSTK,CAMS,30-Jan-2025,2025-01-30,4600.00,PE,37.00,99.95,37.00,96.95,96.95,98,572.92425,19250,750,06-JAN-2025
OPTSTK,CAMS,30-Jan-2025,2025-01-30,4600.00,CE,323.30,323.30,323.25,323.25,347.20,2,12.3081875,250,250,06-JAN-2025
OPTSTK,CAMS,27-Mar-2025,2025-03-27,5400.00,CE,0.00,0.00,0.00,303.20,165.55,0,0.00,0,0,06-JAN-2025
OPTSTK,CAMS,27-Mar-2025,2025-03-27,5400.00,PE,0.00,0.00,0.00,641.65,633.65,0,0.00,0,0,06-JAN-2025
FUTSTK,VBL,27-Mar-2025,2025-03-27,,,652.00,652.00,638.30,638.30,640.10,6,33.901,10500,4375,06-JAN-2025
OPTSTK,CAMS,27-Mar-2025,2025-03-27,4600.00,PE,0.00,0.00,0.00,231.65,188.75,0,0.00,0,0,06-JAN-2025
FUTSTK,MUTHOOTFIN,27-Mar-2025,2025-03-27,,,2205.00,2222.00,2200.10,2200.10,2200.10,4,24.318525,1375,0,06-JAN-2025
OPTSTK,MUTHOOTFIN,30-Jan-2025,2025-01-30,2160.00,PE,26.00,50.50,26.00,47.70,47.70,603,3650.9858,65450,-15125,06-JAN-2025
OPTSTK,MUTHOOTFIN,30-Jan-2025,2025-01-30,2160.00,CE,105.90,105.90,66.85,77.15,77.15,142,876.272925,44550,-3300,06-JAN-2025
OPTSTK,MUTHOOTFIN,27-Feb-2025,2025-02-27,2000.00,CE,0.00,0.00,0.00,101.25,223.95,0,0.00,0,0,06-JAN-2025
OPTSTK,CAMS,30-Jan-2025,2025-01-30,4400.00,CE,0.00,0.00,0.00,686.05,503.45,0,0.00,0,0,06-JAN-2025
OPTSTK,CAMS,27-Feb-2025,2025-02-27,4400.00,CE,0.00,0.00,0.00,760.70,576.10,0,0.00,0,0,06-JAN-2025
OPTSTK,CAMS,27-Mar-2025,2025-03-27,6000.00,PE,0.00,0.00,0.00,1078.10,1118.05,0,0.00,0,0,06-JAN-2025
OPTSTK,CAMS,27-Mar-2025,2025-03-27,4800.00,CE,0.00,0.00,0.00,563.55,396.05,0,0.00,0,0,06-JAN-2025
OPTSTK,VBL,27-Mar-2025,2025-03-27,660.00,PE,0.00,0.00,0.00,64.80,51.15,0,0.00,0,0,06-JAN-2025
OPTSTK,MGL,30-Jan-2025,2025-01-30,1480.00,CE,6.70,7.85,3.50,4.10,4.10,343,2036.8996,136800,10000,06-JAN-2025
OPTSTK,MGL,27-Feb-2025,2025-02-27,1160.00,CE,0.00,0.00,0.00,134.20,151.95,0,0.00,0,0,06-JAN-2025
FUTSTK,MGL,30-Jan-2025,2025-01-30,,,1325.00,1331.15,1267.85,1279.10,1279.10,4197,21715.4734,6076800,-9200,06-JAN-2025
OPTSTK,MGL,30-Jan-2025,2025-01-30,1080.00,CE,0.00,0.00,0.00,392.40,201.60,0,0.00,0,0,06-JAN-2025
OPTSTK,MGL,27-Feb-2025,2025-02-27,1460.00,PE,0.00,0.00,0.00,237.25,194.40,0,0.00,0,0,06-JAN-2025
OPTSTK,MGL,27-Feb-2025,2025-02-27,1460.00,CE,0.00,0.00,0.00,34.50,22.80,0,0.00,0,0,06-JAN-2025
OPTSTK,MGL,27-Mar-2025,2025-03-27,1280.00,CE,0.00,0.00,0.00,110.45,100.95,0,0.00,0,0,06-JAN-2025
OPTSTK,MGL,30-Jan-2025,2025-01-30,1360.00,PE,65.40,107.00,63.25,92.60,92.60,32,184.5878,29600,1600,06-JAN-2025
OPTSTK,MGL,27-Feb-2025,2025-02-27,1300.00,PE,0.00,0.00,0.00,124.30,83.50,0,0.00,0,0,06-JAN-2025
OPTSTK,MGL,27-Mar-2025,2025-03-27,1400.00,PE,0.00,0.00,0.00,204.20,159.80,0,0.00,0,0,06-JAN-2025
OPTSTK,MGL,30-Jan-2025,2025-01-30,1400.00,PE,93.25,134.95,91.05,134.95,134.95,35,211.2912,101600,5200,06-JAN-2025
OPTSTK,MGL,30-Jan-2025,2025-01-30,960.00,PE,0.00,0.00,0.00,1.05,0.10,0,0.00,10400,0,06-JAN-2025
OPTSTK,MGL,27-Feb-2025,2025-02-27,1360.00,CE,0.00,0.00,0.00,59.65,47.50,0,0.00,0,0,06-JAN-2025
OPTSTK,MGL,30-Jan-2025,2025-01-30,1360.00,CE,37.00,37.00,15.80,18.05,18.05,730,4036.508,110800,-1200,06-JAN-2025
OPTSTK,MGL,30-Jan-2025,2025-01-30,1180.00,PE,7.20,15.30,6.15,12.30,12.30,154,734.1518,48800,-10000,06-JAN-2025
OPTSTK,MGL,27-Feb-2025,2025-02-27,1220.00,PE,0.00,0.00,0.00,81.05,45.95,0,0.00,0,0,06-JAN-2025
OPTSTK,MGL,27-Feb-2025,2025-02-27,1400.00,PE,0.00,0.00,0.00,244.85,148.00,0,0.00,0,0,06-JAN-2025
OPTSTK,MGL,27-Feb-2025,2025-02-27,1300.00,CE,69.10,69.10,54.65,54.65,70.35,5,27.265,1600,800,06-JAN-2025
OPTSTK,MGL,30-Jan-2025,2025-01-30,1300.00,PE,35.15,64.25,32.20,56.15,56.15,1022,5520.4476,210000,16000,06-JAN-2025
OPTSTK,MGL,27-Mar-2025,2025-03-27,1280.00,PE,0.00,0.00,0.00,128.40,87.70,0,0.00,0,0,06-JAN-2025
OPTSTK,MGL,30-Jan-2025,2025-01-30,1280.00,CE,68.45,72.85,40.95,45.55,45.55,423,2252.0162,91200,20800,06-JAN-2025
OPTSTK,MGL,27-Mar-2025,2025-03-27,1440.00,PE,0.00,0.00,0.00,232.90,188.30,0,0.00,0,0,06-JAN-2025
OPTSTK,MGL,27-Feb-2025,2025-02-27,1280.00,CE,0.00,0.00,0.00,83.75,79.55,0,0.00,0,0,06-JAN-2025
OPTSTK,MGL,27-Feb-2025,2025-02-27,1280.00,PE,0.00,0.00,0.00,45.95,72.85,0,0.00,400,0,06-JAN-2025
OPTSTK,MGL,30-Jan-2025,2025-01-30,1200.00,PE,9.15,20.30,7.40,16.45,16.45,404,1962.8014,159600,800,06-JAN-2025
OPTSTK,MGL,27-Mar-2025,2025-03-27,1360.00,CE,0.00,0.00,0.00,80.65,67.80,0,0.00,0,0,06-JAN-2025
OPTSTK,MGL,27-Feb-2025,2025-02-27,1360.00,PE,0.00,0.00,0.00,215.15,120.05,0,0.00,0,0,06-JAN-2025
OPTSTK,MGL,27-Mar-2025,2025-03-27,1120.00,PE,0.00,0.00,0.00,55.55,27.85,0,0.00,0,0,06-JAN-2025
OPTSTK,MGL,27-Mar-2025,2025-03-27,1400.00,CE,0.00,0.00,0.00,68.45,54.80,0,0.00,0,0,06-JAN-2025
OPTSTK,MGL,30-Jan-2025,2025-01-30,1160.00,PE,6.75,11.10,6.50,9.20,9.20,108,504.6458,42800,-2000,06-JAN-2025
OPTSTK,MGL,30-Jan-2025,2025-01-30,1100.00,CE,0.00,0.00,0.00,145.95,183.00,0,0.00,0,0,06-JAN-2025
OPTSTK,MGL,27-Feb-2025,2025-02-27,1520.00,PE,232.00,232.00,232.00,232.00,245.05,1,7.008,400,400,06-JAN-2025
OPTSTK,MGL,30-Jan-2025,2025-01-30,1040.00,PE,0.00,0.00,0.00,0.70,0.90,0,0.00,131200,0,06-JAN-2025
OPTSTK,KOTAKBANK,27-Mar-2025,2025-03-27,1560.00,PE,0.00,0.00,0.00,16.80,6.20,0,0.00,0,0,06-JAN-2025
OPTSTK,KOTAKBANK,30-Jan-2025,2025-01-30,1960.00,PE,0.00,0.00,0.00,225.45,174.05,0,0.00,0,0,06-JAN-2025
OPTSTK,KOTAKBANK,30-Jan-2025,2025-01-30,1600.00,CE,194.10,194.10,187.50,187.50,187.70,2,14.3264,5600,400,06-JAN-2025
OPTSTK,KOTAKBANK,30-Jan-2025,2025-01-30,1760.00,PE,19.15,34.90,16.60,31.80,31.80,5146,36778.7442,620800,-95200,06-JAN-2025
OPTSTK,KOTAKBANK,27-Feb-2025,2025-02-27,1760.00,CE,0.00,0.00,0.00,80.60,78.95,0,0.00,0,0,06-JAN-2025
OPTSTK,KOTAKBANK,30-Jan-2025,2025-01-30,1820.00,PE,37.00,66.10,36.95,63.05,63.05,3848,28775.8594,329200,-243600,06-JAN-2025
OPTSTK,KOTAKBANK,27-Feb-2025,2025-02-27,1600.00,PE,0.00,0.00,0.00,25.00,5.35,0,0.00,0,0,06-JAN-2025
OPTSTK,KOTAKBANK,27-Feb-2025,2025-02-27,1720.00,PE,0.00,0.00,0.00,61.50,27.90,0,0.00,0,0,06-JAN-2025
OPTSTK,KOTAKBANK,27-Mar-2025,2025-03-27,1720.00,CE,0.00,0.00,0.00,125.10,122.30,0,0.00,0,0,06-JAN-2025
OPTSTK,KOTAKBANK,27-Feb-2025,2025-02-27,1720.00,CE,0.00,0.00,0.00,131.70,104.05,0,0.00,0,0,06-JAN-2025
OPTSTK,KOTAKBANK,27-Mar-2025,2025-03-27,2040.00,CE,0.00,0.00,0.00,19.55,11.70,0,0.00,0,0,06-JAN-2025
OPTSTK,KOTAKBANK,27-Feb-2025,2025-02-27,1940.00,PE,0.00,0.00,0.00,186.10,156.95,0,0.00,0,0,06-JAN-2025
OPTSTK,KOTAKBANK,27-Feb-2025,2025-02-27,1940.00,CE,0.00,0.00,0.00,23.25,15.15,0,0.00,0,0,06-JAN-2025
OPTSTK,KOTAKBANK,30-Jan-2025,2025-01-30,1720.00,PE,9.45,21.30,9.10,19.10,19.10,2226,15453.9466,304400,-36400,06-JAN-2025
OPTSTK,KOTAKBANK,27-Feb-2025,2025-02-27,1480.00,CE,0.00,0.00,0.00,313.45,314.30,0,0.00,0,0,06-JAN-2025
OPTSTK,KOTAKBANK,27-Mar-2025,2025-03-27,1920.00,CE,0.00,0.00,0.00,42.80,32.80,0,0.00,0,0,06-JAN-2025
OPTSTK,KOTAKBANK,27-Mar-2025,2025-03-27,1840.00,PE,0.00,0.00,0.00,122.15,92.35,0,0.00,0,0,06-JAN-2025
OPTSTK,KOTAKBANK,30-Jan-2025,2025-01-30,1940.00,PE,129.95,141.35,129.95,136.20,155.35,12,99.6118,6400,2800,06-JAN-2025
OPTSTK,KOTAKBANK,27-Mar-2025,2025-03-27,2080.00,CE,0.00,0.00,0.00,14.75,8.00,0,0.00,0,0,06-JAN-2025
OPTSTK,KOTAKBANK,27-Feb-2025,2025-02-27,1860.00,CE,41.00,41.00,41.00,41.00,34.35,1,7.604,1200,0,06-JAN-2025
OPTSTK,KOTAKBANK,27-Mar-2025,2025-03-27,1760.00,CE,0.00,0.00,0.00,103.45,97.85,0,0.00,0,0,06-JAN-2025
OPTSTK,KOTAKBANK,30-Jan-2025,2025-01-30,1780.00,CE,65.00,66.50,42.35,45.40,45.40,2250,16463.2672,283600,60800,06-JAN-2025
OPTSTK,KOTAKBANK,27-Feb-2025,2025-02-27,2120.00,PE,0.00,0.00,0.00,335.55,321.55,0,0.00,0,0,06-JAN-2025
OPTSTK,KOTAKBANK,30-Jan-2025,2025-01-30,1560.00,PE,0.60,1.80,0.60,1.45,1.45,828,5170.762,339200,-46000,06-JAN-2025
FUTSTK,KOTAKBANK,30-Jan-2025,2025-01-30,,,1824.95,1827.45,1777.70,1783.90,1783.90,22834,164213.715,36264000,-776800,06-JAN-2025
OPTSTK,KOTAKBANK,30-Jan-2025,2025-01-30,1920.00,PE,119.00,129.65,115.60,129.65,137.10,17,138.7202,18400,2000,06-JAN-2025
OPTSTK,KOTAKBANK,27-Mar-2025,2025-03-27,1920.00,PE,0.00,0.00,0.00,175.30,145.00,0,0.00,0,0,06-JAN-2025
OPTSTK,KOTAKBANK,27-Feb-2025,2025-02-27,1920.00,CE,0.00,0.00,0.00,47.25,18.85,0,0.00,0,0,06-JAN-2025
OPTSTK,KOTAKBANK,27-Feb-2025,2025-02-27,1780.00,PE,0.00,0.00,0.00,78.50,51.25,0,0.00,0,0,06-JAN-2025
OPTSTK,KOTAKBANK,27-Mar-2025,2025-03-27,2080.00,PE,0.00,0.00,0.00,304.40,277.80,0,0.00,0,0,06-JAN-2025
OPTSTK,KOTAKBANK,30-Jan-2025,2025-01-30,2080.00,PE,0.00,0.00,0.00,249.00,291.25,0,0.00,1600,0,06-JAN-2025
OPTSTK,M&MFIN,27-Feb-2025,2025-02-27,300.00,PE,27.50,29.00,27.50,29.00,30.30,2,13.13,156000,4000,06-JAN-2025
FUTSTK,HEROMOTOCO,27-Feb-2025,2025-02-27,,,4284.70,4319.60,4206.20,4213.20,4213.20,514,3275.07105,242700,3300,06-JAN-2025
OPTSTK,ICICIGI,30-Jan-2025,2025-01-30,1600.00,CE,0.00,0.00,0.00,354.90,220.40,0,0.00,0,0,06-JAN-2025
OPTSTK,ICICIGI,27-Feb-2025,2025-02-27,1980.00,PE,0.00,0.00,0.00,143.30,165.10,0,0.00,0,0,06-JAN-2025
OPTSTK,ICICIGI,27-Feb-2025,2025-02-27,1980.00,CE,0.00,0.00,0.00,49.25,16.80,0,0.00,0,0,06-JAN-2025
OPTSTK,M&MFIN,27-Mar-2025,2025-03-27,260.00,CE,0.00,0.00,0.00,25.05,23.90,0,0.00,0,0,06-JAN-2025
OPTSTK,ICICIGI,30-Jan-2025,2025-01-30,2040.00,CE,5.50,5.50,4.05,4.05,1.25,23,117.560625,9500,1250,06-JAN-2025
OPTSTK,ICICIGI,27-Mar-2025,2025-03-27,2040.00,CE,0.00,0.00,0.00,51.15,19.10,0,0.00,0,0,06-JAN-2025
OPTSTK,ICICIGI,27-Feb-2025,2025-02-27,2000.00,CE,0.00,0.00,0.00,66.10,13.60,0,0.00,0,0,06-JAN-2025
FUTSTK,M&MFIN,27-Feb-2025,2025-02-27,,,273.20,279.55,267.20,268.65,268.65,349,1912.305,1036000,-24000,06-JAN-2025
OPTSTK,M&MFIN,30-Jan-2025,2025-01-30,240.00,CE,40.05,40.10,36.25,36.25,32.55,3,16.728,18000,4000,06-JAN-2025
OPTSTK,M&MFIN,27-Mar-2025,2025-03-27,240.00,PE,0.00,0.00,0.00,7.45,3.50,0,0.00,0,0,06-JAN-2025
FUTSTK,HEROMOTOCO,27-Mar-2025,2025-03-27,,,4309.00,4335.35,4233.40,4240.80,4240.80,73,468.840525,29250,1650,06-JAN-2025
FUTSTK,M&MFIN,27-Mar-2025,2025-03-27,,,275.00,277.50,267.50,267.55,267.55,41,224.48,116000,34000,06-JAN-2025
OPTSTK,ICICIGI,30-Jan-2025,2025-01-30,1980.00,PE,168.15,168.15,168.15,168.15,162.60,1,5.370375,250,250,06-JAN-2025
OPTSTK,ICICIGI,30-Jan-2025,2025-01-30,1980.00,CE,9.60,13.05,8.05,9.15,9.15,99,492.51425,35000,750,06-JAN-2025
OPTSTK,M&MFIN,27-Mar-2025,2025-03-27,260.00,PE,0.00,0.00,0.00,14.75,9.10,0,0.00,0,0,06-JAN-2025
OPTSTK,M&MFIN,30-Jan-2025,2025-01-30,260.00,CE,20.55,23.20,15.75,16.70,16.70,65,362.48,198000,2000,06-JAN-2025
OPTSTK,HEROMOTOCO,27-Feb-2025,2025-02-27,4700.00,CE,0.00,0.00,0.00,85.55,30.25,0,0.00,0,0,06-JAN-2025
OPTSTK,HEROMOTOCO,27-Feb-2025,2025-02-27,4700.00,PE,0.00,0.00,0.00,451.65,482.55,0,0.00,0,0,06-JAN-2025
OPTSTK,ICICIGI,27-Feb-2025,2025-02-27,1760.00,PE,0.00,0.00,0.00,44.05,33.60,0,0.00,0,0,06-JAN-2025
OPTSTK,HEROMOTOCO,27-Feb-2025,2025-02-27,4750.00,PE,0.00,0.00,0.00,489.90,526.15,0,0.00,0,0,06-JAN-2025
OPTSTK,HEROMOTOCO,30-Jan-2025,2025-01-30,4750.00,PE,0.00,0.00,0.00,473.20,530.05,0,0.00,0,0,06-JAN-2025
OPTSTK,ICICIGI,30-Jan-2025,2025-01-30,1860.00,CE,44.20,47.45,33.25,36.60,36.60,375,1780.79137,34250,8000,06-JAN-2025
OPTSTK,HEROMOTOCO,30-Jan-2025,2025-01-30,4100.00,PE,50.00,63.00,33.45,59.65,59.65,2143,13340.0741,111750,-16800,06-JAN-2025
OPTSTK,ICICIGI,27-Mar-2025,2025-03-27,2040.00,PE,0.00,0.00,0.00,193.15,216.40,0,0.00,0,0,06-JAN-2025
OPTSTK,ICICIGI,27-Feb-2025,2025-02-27,2040.00,CE,0.00,0.00,0.00,53.85,8.80,0,0.00,0,0,06-JAN-2025
OPTSTK,HEROMOTOCO,30-Jan-2025,2025-01-30,4350.00,PE,148.20,193.35,125.00,188.55,188.55,196,1323.6159,27600,-3300,06-JAN-2025
OPTSTK,HEROMOTOCO,30-Jan-2025,2025-01-30,3400.00,PE,1.70,2.25,1.50,2.25,2.25,30,153.082425,18450,300,06-JAN-2025
OPTSTK,M&MFIN,30-Jan-2025,2025-01-30,280.00,CE,7.05,11.80,5.75,6.40,6.40,4464,25783.897,2730000,140000,06-JAN-2025
OPTSTK,ICICIGI,30-Jan-2025,2025-01-30,1840.00,CE,59.35,60.80,40.70,44.25,44.25,554,2616.338,49000,10000,06-JAN-2025
OPTSTK,NAUKRI,27-Feb-2025,2025-02-27,7200.00,CE,0.00,0.00,0.00,1314.20,1696.85,0,0.00,0,0,06-JAN-2025
OPTSTK,NAUKRI,27-Mar-2025,2025-03-27,7600.00,CE,0.00,0.00,0.00,1382.40,1402.55,0,0.00,0,0,06-JAN-2025
OPTSTK,NAUKRI,27-Mar-2025,2025-03-27,7600.00,PE,0.00,0.00,0.00,177.65,75.35,0,0.00,0,0,06-JAN-2025
OPTSTK,NAUKRI,27-Mar-2025,2025-03-27,7800.00,CE,0.00,0.00,0.00,1237.35,1238.35,0,0.00,0,0,06-JAN-2025
OPTSTK,NAUKRI,27-Feb-2025,2025-02-27,8200.00,CE,0.00,0.00,0.00,697.05,833.20,0,0.00,0,0,06-JAN-2025
OPTSTK,NAUKRI,27-Feb-2025,2025-02-27,9900.00,PE,0.00,0.00,0.00,1285.90,1095.10,0,0.00,0,0,06-JAN-2025
OPTSTK,NAUKRI,30-Jan-2025,2025-01-30,9900.00,CE,0.00,0.00,0.00,97.30,26.25,0,0.00,0,0,06-JAN-2025
OPTSTK,NAUKRI,27-Feb-2025,2025-02-27,9700.00,PE,0.00,0.00,0.00,1131.05,934.25,0,0.00,0,0,06-JAN-2025
OPTSTK,NAUKRI,30-Jan-2025,2025-01-30,8400.00,PE,69.50,133.15,63.65,122.95,122.95,342,2180.58566,12600,-600,06-JAN-2025
OPTSTK,NAUKRI,27-Feb-2025,2025-02-27,10000.00,CE,0.00,0.00,0.00,159.75,90.10,0,0.00,0,0,06-JAN-2025
OPTSTK,NAUKRI,30-Jan-2025,2025-01-30,10000.00,PE,1010.00,1010.00,1010.00,1010.00,1159.90,3,24.7725,225,225,06-JAN-2025
OPTSTK,NAUKRI,27-Mar-2025,2025-03-27,10000.00,PE,0.00,0.00,0.00,1408.60,1207.05,0,0.00,0,0,06-JAN-2025
OPTSTK,NAUKRI,27-Feb-2025,2025-02-27,10000.00,PE,0.00,0.00,0.00,1777.45,1178.80,0,0.00,0,0,06-JAN-2025
OPTSTK,NAUKRI,30-Jan-2025,2025-01-30,7500.00,CE,0.00,0.00,0.00,1215.00,1352.90,0,0.00,150,0,06-JAN-2025
OPTSTK,NAUKRI,30-Jan-2025,2025-01-30,10000.00,CE,60.00,64.95,21.95,26.90,26.90,2118,15946.8502,44100,5175,06-JAN-2025
FUTSTK,NAUKRI,30-Jan-2025,2025-01-30,,,9149.85,9190.00,8762.40,8828.20,8828.20,7066,47444.5616,1465950,28425,06-JAN-2025
OPTSTK,NAUKRI,27-Feb-2025,2025-02-27,9200.00,PE,0.00,0.00,0.00,1154.45,580.30,0,0.00,0,0,06-JAN-2025
OPTSTK,NAUKRI,27-Feb-2025,2025-02-27,8600.00,PE,0.00,0.00,0.00,763.05,270.15,0,0.00,0,0,06-JAN-2025
OPTSTK,NAUKRI,30-Jan-2025,2025-01-30,8600.00,CE,578.30,578.30,372.45,400.50,400.50,22,148.713037,10200,-375,06-JAN-2025
FUTSTK,NAUKRI,27-Feb-2025,2025-02-27,,,9210.40,9213.25,8814.80,8877.80,8877.80,422,2844.21585,28800,11550,06-JAN-2025
OPTSTK,NAUKRI,30-Jan-2025,2025-01-30,9100.00,PE,291.00,485.50,258.80,452.55,452.55,592,4191.89966,12450,-2475,06-JAN-2025
OPTSTK,NAUKRI,27-Feb-2025,2025-02-27,9100.00,PE,0.00,0.00,0.00,717.60,519.30,0,0.00,0,0,06-JAN-2025
OPTSTK,NAUKRI,30-Jan-2025,2025-01-30,8200.00,PE,47.50,80.00,39.30,74.00,74.00,265,1642.36815,20250,4575,06-JAN-2025
OPTSTK,NAUKRI,30-Jan-2025,2025-01-30,7500.00,PE,8.10,15.70,8.10,12.95,12.95,21,118.329262,4875,-225,06-JAN-2025
OPTSTK,NAUKRI,30-Jan-2025,2025-01-30,7200.00,CE,0.00,0.00,0.00,734.90,1648.35,0,0.00,0,0,06-JAN-2025
OPTSTK,NAUKRI,27-Mar-2025,2025-03-27,8000.00,CE,0.00,0.00,0.00,1100.80,1083.55,0,0.00,0,0,06-JAN-2025
OPTSTK,NAUKRI,27-Feb-2025,2025-02-27,8000.00,PE,0.00,0.00,0.00,454.10,94.30,0,0.00,0,0,06-JAN-2025
OPTSTK,NAUKRI,27-Mar-2025,2025-03-27,8200.00,PE,0.00,0.00,0.00,358.70,203.40,0,0.00,0,0,06-JAN-2025
OPTSTK,NAUKRI,27-Mar-2025,2025-03-27,8400.00,PE,0.00,0.00,0.00,438.35,267.85,0,0.00,0,0,06-JAN-2025
OPTSTK,NAUKRI,30-Jan-2025,2025-01-30,7200.00,PE,13.50,13.50,6.65,9.95,9.95,10,54.074775,3975,225,06-JAN-2025
OPTSTK,NAUKRI,27-Feb-2025,2025-02-27,7200.00,PE,0.00,0.00,0.00,182.35,12.35,0,0.00,0,0,06-JAN-2025
OPTSTK,NAUKRI,27-Mar-2025,2025-03-27,8600.00,PE,0.00,0.00,0.00,527.95,344.40,0,0.00,0,0,06-JAN-2025
OPTSTK,BPCL,30-Jan-2025,2025-01-30,340.00,CE,0.60,0.60,0.30,0.40,0.40,916,5612.4639,1036800,-453600,06-JAN-2025
OPTSTK,BPCL,30-Jan-2025,2025-01-30,340.00,PE,0.00,0.00,0.00,44.15,53.80,0,0.00,133200,0,06-JAN-2025
OPTSTK,BPCL,27-Mar-2025,2025-03-27,340.00,CE,0.00,0.00,0.00,9.45,3.15,0,0.00,0,0,06-JAN-2025
OPTSTK,BPCL,27-Feb-2025,2025-02-27,340.00,CE,0.00,0.00,0.00,1.50,1.35,0,0.00,1800,0,06-JAN-2025
OPTSTK,BPCL,30-Jan-2025,2025-01-30,265.00,PE,0.90,2.45,0.90,2.30,2.30,874,4193.964,419400,109800,06-JAN-2025
OPTSTK,BPCL,27-Mar-2025,2025-03-27,300.00,PE,0.00,0.00,0.00,21.85,23.00,0,0.00,0,0,06-JAN-2025
OPTSTK,BPCL,30-Jan-2025,2025-01-30,300.00,CE,7.60,8.15,3.35,3.55,3.55,4588,25161.3108,5212800,736200,06-JAN-2025
OPTSTK,BPCL,27-Feb-2025,2025-02-27,300.00,PE,17.20,19.80,17.20,19.00,20.85,6,34.4619,23400,0,06-JAN-2025
OPTSTK,BPCL,30-Jan-2025,2025-01-30,335.00,CE,0.65,0.70,0.40,0.40,0.25,262,1582.3764,529200,-9000,06-JAN-2025
OPTSTK,BPCL,27-Mar-2025,2025-03-27,280.00,PE,0.00,0.00,0.00,12.85,12.45,0,0.00,0,0,06-JAN-2025
OPTSTK,BPCL,27-Feb-2025,2025-02-27,330.00,CE,0.00,0.00,0.00,3.45,2.25,0,0.00,5400,0,06-JAN-2025
OPTSTK,BPCL,30-Jan-2025,2025-01-30,240.00,PE,0.15,0.90,0.10,0.45,0.45,737,3187.8972,918000,117000,06-JAN-2025
OPTSTK,BPCL,30-Jan-2025,2025-01-30,290.00,PE,4.95,11.65,4.95,11.25,11.25,2938,15785.2953,1222200,-178200,06-JAN-2025
OPTSTK,BPCL,30-Jan-2025,2025-01-30,275.00,PE,2.10,4.85,1.90,4.65,4.65,1112,5571.6831,552600,72000,06-JAN-2025
OPTSTK,BPCL,30-Jan-2025,2025-01-30,270.00,PE,1.55,3.45,1.25,3.25,3.25,2139,10489.2624,1425600,-145800,06-JAN-2025
OPTSTK,BPCL,27-Mar-2025,2025-03-27,320.00,CE,0.00,0.00,0.00,14.95,6.45,0,0.00,0,0,06-JAN-2025
OPTSTK,BPCL,27-Mar-2025,2025-03-27,320.00,PE,0.00,0.00,0.00,33.60,36.90,0,0.00,0,0,06-JAN-2025
OPTSTK,BPCL,30-Jan-2025,2025-01-30,320.00,CE,2.40,2.40,0.85,0.95,0.95,1820,10521.1431,2334600,-210600,06-JAN-2025
OPTSTK,BPCL,27-Feb-2025,2025-02-27,250.00,CE,0.00,0.00,0.00,51.05,39.10,0,0.00,0,0,06-JAN-2025
OPTSTK,BPCL,27-Feb-2025,2025-02-27,260.00,CE,0.00,0.00,0.00,43.70,30.90,0,0.00,0,0,06-JAN-2025
OPTSTK,BPCL,27-Feb-2025,2025-02-27,295.00,PE,0.00,0.00,0.00,14.30,17.70,0,0.00,3600,0,06-JAN-2025
OPTSTK,BPCL,30-Jan-2025,2025-01-30,290.00,CE,13.65,13.65,6.55,6.75,6.75,2753,14780.4804,1603800,730800,06-JAN-2025
OPTSTK,BPCL,27-Feb-2025,2025-02-27,290.00,PE,11.65,12.35,11.65,12.35,14.80,4,21.7377,27000,5400,06-JAN-2025
OPTSTK,BPCL,30-Jan-2025,2025-01-30,360.00,PE,0.00,0.00,0.00,61.60,73.55,0,0.00,37800,0,06-JAN-2025
FUTSTK,BPCL,30-Jan-2025,2025-01-30,,,297.60,299.00,284.60,285.40,285.40,7309,38051.3052,52894800,579600,06-JAN-2025
FUTSTK,BPCL,27-Mar-2025,2025-03-27,,,299.00,299.00,287.95,287.95,287.95,64,336.4434,81000,21600,06-JAN-2025
OPTSTK,BPCL,30-Jan-2025,2025-01-30,350.00,CE,0.30,0.35,0.20,0.30,0.30,196,1235.7225,840600,5400,06-JAN-2025
OPTSTK,BPCL,27-Feb-2025,2025-02-27,270.00,CE,0.00,0.00,0.00,37.00,23.65,0,0.00,0,0,06-JAN-2025
OPTSTK,BPCL,27-Feb-2025,2025-02-27,285.00,CE,0.00,0.00,0.00,26.15,14.80,0,0.00,0,0,06-JAN-2025
OPTSTK,BPCL,27-Feb-2025,2025-02-27,250.00,PE,0.00,0.00,0.00,5.60,1.85,0,0.00,0,0,06-JAN-2025
OPTSTK,BPCL,30-Jan-2025,2025-01-30,335.00,PE,0.00,0.00,0.00,42.15,48.90,0,0.00,46800,0,06-JAN-2025
OPTSTK,BPCL,30-Jan-2025,2025-01-30,240.00,CE,0.00,0.00,0.00,52.50,46.05,0,0.00,9000,0,06-JAN-2025
OPTSTK,BPCL,30-Jan-2025,2025-01-30,275.00,CE,20.85,20.85,14.60,14.95,14.95,66,346.2876,61200,27000,06-JAN-2025
OPTSTK,WIPRO,27-Feb-2025,2025-02-27,350.00,CE,1.50,1.75,1.45,1.60,1.60,29,305.8725,348000,-3000,06-JAN-2025
OPTSTK,WIPRO,27-Mar-2025,2025-03-27,350.00,PE,0.00,0.00,0.00,45.25,53.05,0,0.00,0,0,06-JAN-2025
OPTSTK,WIPRO,27-Feb-2025,2025-02-27,330.00,CE,3.50,3.70,3.10,3.50,3.00,11,110.0475,81000,33000,06-JAN-2025
OPTSTK,WIPRO,27-Feb-2025,2025-02-27,302.50,CE,0.00,0.00,0.00,19.15,10.35,0,0.00,0,0,06-JAN-2025
OPTSTK,WIPRO,30-Jan-2025,2025-01-30,325.00,PE,30.75,31.80,30.70,31.25,31.25,4,42.75,102000,0,06-JAN-2025
OPTSTK,WIPRO,27-Feb-2025,2025-02-27,325.00,CE,0.00,0.00,0.00,14.45,3.85,0,0.00,0,0,06-JAN-2025
OPTSTK,WIPRO,27-Mar-2025,2025-03-27,325.00,CE,0.00,0.00,0.00,13.35,6.65,0,0.00,0,0,06-JAN-2025
OPTSTK,WIPRO,27-Mar-2025,2025-03-27,325.00,PE,0.00,0.00,0.00,27.40,32.60,0,0.00,0,0,06-JAN-2025
OPTSTK,WIPRO,27-Mar-2025,2025-03-27,275.00,CE,0.00,0.00,0.00,40.70,29.60,0,0.00,0,0,06-JAN-2025
OPTSTK,WIPRO,30-Jan-2025,2025-01-30,345.00,CE,0.60,0.70,0.55,0.70,0.70,206,2135.94,876000,60000,06-JAN-2025
OPTSTK,WIPRO,27-Feb-2025,2025-02-27,260.00,PE,0.00,0.00,0.00,12.35,1.55,0,0.00,0,0,06-JAN-2025
OPTSTK,WIPRO,30-Jan-2025,2025-01-30,260.00,CE,0.00,0.00,0.00,58.70,35.80,0,0.00,0,0,06-JAN-2025
OPTSTK,WIPRO,30-Jan-2025,2025-01-30,312.50,CE,4.20,4.65,3.55,4.25,4.25,371,3523.179,642000,261000,06-JAN-2025
OPTSTK,WIPRO,27-Feb-2025,2025-02-27,312.50,PE,0.00,0.00,0.00,17.85,22.05,0,0.00,0,0,06-JAN-2025
OPTSTK,WIPRO,27-Feb-2025,2025-02-27,315.00,PE,0.00,0.00,0.00,65.85,23.80,0,0.00,0,0,06-JAN-2025
OPTSTK,WIPRO,30-Jan-2025,2025-01-30,315.00,PE,21.20,25.35,20.80,23.60,23.60,59,598.9815,429000,-15000,06-JAN-2025
OPTSTK,WIPRO,27-Feb-2025,2025-02-27,320.00,CE,5.20,5.70,4.90,5.50,5.50,16,156.1155,183000,9000,06-JAN-2025
OPTSTK,WIPRO,30-Jan-2025,2025-01-30,250.00,PE,0.40,0.65,0.30,0.55,0.55,800,6012.7545,1527000,96000,06-JAN-2025
OPTSTK,WIPRO,27-Mar-2025,2025-03-27,285.00,PE,0.00,0.00,0.00,8.45,9.60,0,0.00,0,0,06-JAN-2025
OPTSTK,WIPRO,30-Jan-2025,2025-01-30,292.50,CE,12.20,13.55,10.40,12.05,12.05,395,3605.3505,225000,102000,06-JAN-2025
OPTSTK,WIPRO,30-Jan-2025,2025-01-30,337.50,PE,0.00,0.00,0.00,99.65,42.05,0,0.00,0,0,06-JAN-2025
OPTSTK,WIPRO,27-Feb-2025,2025-02-27,297.50,CE,0.00,0.00,0.00,21.90,12.55,0,0.00,0,0,06-JAN-2025
OPTSTK,WIPRO,27-Feb-2025,2025-02-27,327.50,PE,0.00,0.00,0.00,27.20,33.45,0,0.00,0,0,06-JAN-2025
OPTSTK,WIPRO,30-Jan-2025,2025-01-30,327.50,PE,0.00,0.00,0.00,25.20,32.60,0,0.00,27000,0,06-JAN-2025
OPTSTK,WIPRO,30-Jan-2025,2025-01-30,270.00,CE,28.60,29.90,28.60,28.85,26.60,9,80.7915,192000,15000,06-JAN-2025
OPTSTK,WIPRO,30-Jan-2025,2025-01-30,255.00,CE,0.00,0.00,0.00,54.30,40.60,0,0.00,6000,0,06-JAN-2025
OPTSTK,WIPRO,30-Jan-2025,2025-01-30,255.00,PE,0.65,0.95,0.50,0.85,0.85,299,2294.421,489000,-54000,06-JAN-2025
OPTSTK,WIPRO,27-Feb-2025,2025-02-27,265.00,CE,0.00,0.00,0.00,66.90,34.10,0,0.00,0,0,06-JAN-2025
OPTSTK,WIPRO,27-Feb-2025,2025-02-27,265.00,PE,2.40,3.60,2.40,3.50,3.50,28,225.333,87000,12000,06-JAN-2025
OPTSTK,WIPRO,27-Feb-2025,2025-02-27,300.00,CE,12.35,13.35,10.80,12.40,12.40,20,187.2285,183000,9000,06-JAN-2025
OPTSTK,WIPRO,30-Jan-2025,2025-01-30,287.50,CE,15.05,15.65,13.15,15.05,15.05,52,471.2325,126000,51000,06-JAN-2025
OPTSTK,WIPRO,30-Jan-2025,2025-01-30,335.00,PE,0.00,0.00,0.00,33.00,39.65,0,0.00,9000,0,06-JAN-2025
OPTIDX,NIFTY,27-Mar-2025,2025-03-27,24800.00,CE,420.00,443.35,297.00,309.85,309.85,279,5258.41916,9750,-3975,06-JAN-2025
OPTIDX,NIFTY,30-Jan-2025,2025-01-30,24800.00,PE,765.00,1174.80,745.65,1124.90,1124.90,836,5390.63467,161200,-5000,06-JAN-2025
OPTIDX,NIFTY,16-Jan-2025,2025-01-16,24800.00,CE,27.85,28.50,12.25,13.05,13.05,43771,814696.629,481350,209325,06-JAN-2025
OPTIDX,NIFTY,30-Jan-2025,2025-01-30,24800.00,CE,87.85,96.05,44.30,46.75,46.75,140867,875400.376,1356425,51550,06-JAN-2025
OPTIDX,NIFTY,27-Feb-2025,2025-02-27,24800.00,PE,787.00,1111.95,787.00,1111.95,1111.95,28,541.348275,11775,-225,06-JAN-2025
OPTIDX,NIFTY,09-Jan-2025,2025-01-09,24800.00,CE,4.10,5.25,2.40,2.85,2.85,936060,17413035.1,6513375,-564975,06-JAN-2025
OPTIDX,NIFTY,27-Mar-2025,2025-03-27,24800.00,PE,0.00,0.00,0.00,1116.85,1109.75,0,0.00,0,0,06-JAN-2025
OPTIDX,NIFTY,30-Jan-2025,2025-01-30,25850.00,CE,9.60,9.60,7.70,8.60,8.60,4936,31909.2735,36700,-2250,06-JAN-2025
OPTIDX,NIFTY,27-Feb-2025,2025-02-27,25850.00,CE,54.00,54.00,36.95,37.70,37.70,173,3359.3103,1500,-2025,06-JAN-2025
OPTIDX,NIFTY,27-Feb-2025,2025-02-27,25850.00,PE,0.00,0.00,0.00,1227.60,2018.95,0,0.00,75,0,06-JAN-2025
OPTIDX,NIFTY,27-Mar-2025,2025-03-27,25850.00,CE,135.00,135.00,88.50,94.45,94.45,13,253.0731,375,375,06-JAN-2025
OPTIDX,NIFTY,06-Feb-2025,2025-02-06,25850.00,CE,0.00,0.00,0.00,71.15,6.05,0,0.00,0,0,06-JAN-2025
OPTIDX,NIFTY,09-Jan-2025,2025-01-09,25850.00,PE,0.00,0.00,0.00,1128.55,2219.60,0,0.00,0,0,06-JAN-2025
OPTIDX,NIFTY,09-Jan-2025,2025-01-09,25850.00,CE,0.90,1.70,0.45,1.35,1.35,23878,462954.857,635925,61575,06-JAN-2025
OPTIDX,NIFTY,27-Mar-2025,2025-03-27,25850.00,PE,0.00,0.00,0.00,1865.25,1946.65,0,0.00,0,0,06-JAN-2025
OPTIDX,NIFTY,23-Jan-2025,2025-01-23,25850.00,PE,0.00,0.00,0.00,1765.95,2153.15,0,0.00,0,0,06-JAN-2025
OPTIDX,NIFTY,16-Jan-2025,2025-01-16,25850.00,PE,0.00,0.00,0.00,1251.00,2186.20,0,0.00,0,0,06-JAN-2025
OPTIDX,NIFTY,27-Feb-2025,2025-02-27,25700.00,PE,0.00,0.00,0.00,1341.00,1879.70,0,0.00,150,0,06-JAN-2025
OPTIDX,NIFTY,27-Feb-2025,2025-02-27,25700.00,CE,69.40,73.80,45.00,46.95,46.95,678,13094.5429,15075,-9075,06-JAN-2025
OPTIDX,NIFTY,27-Mar-2025,2025-03-27,25700.00,CE,0.00,0.00,0.00,262.50,110.35,0,0.00,0,0,06-JAN-2025
OPTIDX,NIFTY,23-Jan-2025,2025-01-23,25700.00,CE,5.20,6.30,4.60,5.55,5.55,138,2660.48722,23925,150,06-JAN-2025
OPTIDX,NIFTY,27-Mar-2025,2025-03-27,25700.00,PE,0.00,0.00,0.00,1748.15,1816.90,0,0.00,0,0,06-JAN-2025
OPTIDX,NIFTY,27-Feb-2025,2025-02-27,26050.00,PE,0.00,0.00,0.00,1902.05,2207.40,0,0.00,0,0,06-JAN-2025
OPTIDX,NIFTY,28-Jun-2029,2029-06-28,21000.00,CE,0.00,0.00,0.00,9799.75,8274.85,0,0.00,0,0,06-JAN-2025
OPTIDX,NIFTY,29-Jun-2028,2028-06-29,21000.00,PE,0.00,0.00,0.00,907.20,193.80,0,0.00,0,0,06-JAN-2025
OPTIDX,NIFTY,27-Mar-2025,2025-03-27,21000.00,CE,3158.10,3158.10,2935.00,2975.00,2975.00,68,1224.2763,310700,1350,06-JAN-2025
OPTIDX,NIFTY,27-Dec-2029,2029-12-27,21000.00,PE,0.00,0.00,0.00,278.80,174.05,0,0.00,0,0,06-JAN-2025
OPTIDX,NIFTY,30-Dec-2027,2027-12-30,21000.00,PE,0.00,0.00,0.00,582.95,195.45,0,0.00,50,0,06-JAN-2025
OPTIDX,NIFTY,25-Jun-2026,2026-06-25,21000.00,CE,0.00,0.00,0.00,3881.90,4752.75,0,0.00,0,0,06-JAN-2025
OPTIDX,NIFTY,28-Dec-2028,2028-12-28,19000.00,PE,0.00,0.00,0.00,158.00,75.90,0,0.00,0,0,06-JAN-2025
OPTIDX,NIFTY,30-Dec-2027,2027-12-30,19000.00,PE,0.00,0.00,0.00,299.95,69.50,0,0.00,525,0,06-JAN-2025
OPTSTK,TCS,27-Feb-2025,2025-02-27,4450.00,PE,0.00,0.00,0.00,310.55,342.70,0,0.00,0,0,06-JAN-2025
OPTSTK,TCS,30-Jan-2025,2025-01-30,4450.00,CE,12.85,17.10,11.75,13.80,13.80,2276,17781.5954,177100,20300,06-JAN-2025
OPTSTK,TCS,27-Feb-2025,2025-02-27,4450.00,CE,0.00,0.00,0.00,85.45,30.30,0,0.00,0,0,06-JAN-2025
OPTSTK,TCS,27-Feb-2025,2025-02-27,4600.00,CE,18.95,19.20,15.90,18.55,18.55,16,129.308812,6300,2800,06-JAN-2025
OPTSTK,TCS,27-Feb-2025,2025-02-27,3650.00,CE,0.00,0.00,0.00,579.05,486.75,0,0.00,0,0,06-JAN-2025
OPTSTK,TCS,27-Mar-2025,2025-03-27,4000.00,PE,0.00,0.00,0.00,90.00,89.35,0,0.00,525,0,06-JAN-2025
OPTSTK,TCS,30-Jan-2025,2025-01-30,4900.00,PE,0.00,0.00,0.00,712.50,783.35,0,0.00,3675,0,06-JAN-2025
OPTSTK,TCS,27-Feb-2025,2025-02-27,4900.00,PE,0.00,0.00,0.00,613.30,759.85,0,0.00,0,0,06-JAN-2025
OPTSTK,TCS,27-Feb-2025,2025-02-27,3900.00,CE,0.00,0.00,0.00,473.05,272.60,0,0.00,0,0,06-JAN-2025
OPTSTK,TCS,30-Jan-2025,2025-01-30,3800.00,CE,326.00,340.10,288.10,310.00,310.00,45,323.933137,13475,1400,06-JAN-2025
FUTSTK,TCS,30-Jan-2025,2025-01-30,,,4096.00,4143.50,4058.75,4083.95,4083.95,18750,134503.285,10741850,72100,06-JAN-2025
OPTSTK,TCS,30-Jan-2025,2025-01-30,4750.00,CE,3.50,3.55,2.50,3.15,3.15,108,898.33345,32025,-1400,06-JAN-2025
OPTSTK,TCS,27-Feb-2025,2025-02-27,4100.00,CE,170.00,170.00,138.00,148.95,148.95,87,648.640562,13825,-4025,06-JAN-2025
OPTSTK,TCS,30-Jan-2025,2025-01-30,4100.00,CE,112.35,127.00,89.40,103.00,103.00,8830,65018.7796,344050,-10850,06-JAN-2025
OPTSTK,TCS,30-Jan-2025,2025-01-30,4100.00,PE,109.95,128.75,82.95,116.85,116.85,6843,50376.5703,382550,9100,06-JAN-2025
OPTSTK,TCS,27-Feb-2025,2025-02-27,3400.00,PE,0.00,0.00,0.00,4.90,0.55,0,0.00,0,0,06-JAN-2025
OPTSTK,TCS,27-Mar-2025,2025-03-27,3400.00,CE,0.00,0.00,0.00,837.15,747.30,0,0.00,0,0,06-JAN-2025
OPTSTK,TCS,30-Jan-2025,2025-01-30,5000.00,CE,1.80,2.00,1.60,1.85,0.05,420,3676.34645,80850,20475,06-JAN-2025
OPTSTK,TCS,27-Feb-2025,2025-02-27,3850.00,PE,0.00,0.00,0.00,41.40,29.70,0,0.00,0,0,06-JAN-2025
OPTSTK,TCS,27-Feb-2025,2025-02-27,3850.00,CE,0.00,0.00,0.00,408.80,311.55,0,0.00,0,0,06-JAN-2025
OPTSTK,TCS,30-Jan-2025,2025-01-30,3850.00,CE,0.00,0.00,0.00,279.45,272.50,0,0.00,4375,0,06-JAN-2025
OPTSTK,TCS,30-Jan-2025,2025-01-30,4150.00,CE,84.65,100.70,69.35,80.40,80.40,8000,59293.7999,301525,-35875,06-JAN-2025
OPTSTK,TCS,27-Feb-2025,2025-02-27,4050.00,CE,0.00,0.00,0.00,265.95,171.70,0,0.00,0,0,06-JAN-2025
OPTSTK,TCS,30-Jan-2025,2025-01-30,4600.00,CE,6.00,7.15,4.90,6.00,6.00,2034,16395.0934,308700,-12950,06-JAN-2025
OPTSTK,TCS,27-Feb-2025,2025-02-27,4300.00,PE,255.00,255.00,250.00,250.00,227.35,2,15.93375,875,350,06-JAN-2025
OPTSTK,TCS,30-Jan-2025,2025-01-30,4300.00,CE,34.80,44.00,29.35,34.40,34.40,10955,83125.8274,689675,3850,06-JAN-2025
OPTSTK,TCS,27-Feb-2025,2025-02-27,4300.00,CE,81.95,81.95,66.65,72.15,63.50,17,130.032175,14175,-350,06-JAN-2025
OPTSTK,TCS,27-Feb-2025,2025-02-27,4050.00,PE,102.15,102.15,100.20,100.20,87.95,2,14.5291125,700,350,06-JAN-2025
OPTSTK,TCS,30-Jan-2025,2025-01-30,4050.00,CE,134.95,157.20,113.40,129.65,129.65,1231,9012.68252,70175,-10325,06-JAN-2025
OPTSTK,TCS,27-Feb-2025,2025-02-27,3500.00,PE,0.00,0.00,0.00,8.90,1.65,0,0.00,0,0,06-JAN-2025
OPTSTK,TCS,27-Feb-2025,2025-02-27,3500.00,CE,0.00,0.00,0.00,816.90,630.15,0,0.00,0,0,06-JAN-2025
OPTSTK,TCS,30-Jan-2025,2025-01-30,3500.00,PE,2.05,3.35,2.00,3.10,3.10,1040,6375.31492,153650,15225,06-JAN-2025
OPTSTK,TCS,30-Jan-2025,2025-01-30,3650.00,CE,0.00,0.00,0.00,650.60,462.00,0,0.00,0,0,06-JAN-2025
OPTSTK,APLAPOLLO,30-Jan-2025,2025-01-30,1460.00,CE,0.00,0.00,0.00,138.30,146.00,0,0.00,4900,0,06-JAN-2025
OPTSTK,APLAPOLLO,27-Feb-2025,2025-02-27,1460.00,CE,0.00,0.00,0.00,121.60,166.60,0,0.00,0,0,06-JAN-2025
OPTSTK,APLAPOLLO,27-Feb-2025,2025-02-27,1280.00,PE,0.00,0.00,0.00,30.40,1.70,0,0.00,0,0,06-JAN-2025
OPTSTK,APLAPOLLO,30-Jan-2025,2025-01-30,1280.00,CE,0.00,0.00,0.00,224.15,317.50,0,0.00,0,0,06-JAN-2025
OPTSTK,APLAPOLLO,27-Feb-2025,2025-02-27,1760.00,PE,0.00,0.00,0.00,293.35,176.20,0,0.00,0,0,06-JAN-2025
OPTSTK,APLAPOLLO,27-Feb-2025,2025-02-27,1760.00,CE,0.00,0.00,0.00,33.10,24.75,0,0.00,0,0,06-JAN-2025
OPTSTK,APLAPOLLO,27-Feb-2025,2025-02-27,1780.00,PE,0.00,0.00,0.00,280.35,192.20,0,0.00,0,0,06-JAN-2025
OPTSTK,APLAPOLLO,27-Mar-2025,2025-03-27,1560.00,CE,0.00,0.00,0.00,96.40,121.00,0,0.00,0,0,06-JAN-2025
OPTSTK,APLAPOLLO,27-Feb-2025,2025-02-27,1560.00,PE,0.00,0.00,0.00,148.75,52.65,0,0.00,0,0,06-JAN-2025
OPTSTK,APLAPOLLO,30-Jan-2025,2025-01-30,1680.00,CE,30.15,37.00,19.00,22.60,22.60,593,3537.47257,522550,5600,06-JAN-2025
OPTSTK,APLAPOLLO,27-Mar-2025,2025-03-27,1680.00,CE,0.00,0.00,0.00,56.40,66.10,0,0.00,0,0,06-JAN-2025
OPTSTK,APLAPOLLO,27-Feb-2025,2025-02-27,1500.00,CE,0.00,0.00,0.00,100.60,137.35,0,0.00,0,0,06-JAN-2025
OPTSTK,APLAPOLLO,27-Feb-2025,2025-02-27,1360.00,PE,0.00,0.00,0.00,53.05,6.10,0,0.00,0,0,06-JAN-2025
OPTSTK,APLAPOLLO,30-Jan-2025,2025-01-30,1800.00,CE,8.05,11.20,4.15,5.75,5.75,425,2689.33507,182000,24150,06-JAN-2025
OPTSTK,APLAPOLLO,27-Feb-2025,2025-02-27,1520.00,PE,0.00,0.00,0.00,125.25,37.55,0,0.00,0,0,06-JAN-2025
OPTSTK,APLAPOLLO,27-Feb-2025,2025-02-27,1480.00,PE,0.00,0.00,0.00,103.85,25.70,0,0.00,0,0,06-JAN-2025
OPTSTK,APLAPOLLO,27-Mar-2025,2025-03-27,1280.00,PE,0.00,0.00,0.00,24.15,4.90,0,0.00,0,0,06-JAN-2025
OPTSTK,APLAPOLLO,27-Mar-2025,2025-03-27,1760.00,PE,0.00,0.00,0.00,269.30,184.20,0,0.00,0,0,06-JAN-2025
OPTSTK,APLAPOLLO,27-Mar-2025,2025-03-27,1760.00,CE,0.00,0.00,0.00,38.30,41.80,0,0.00,0,0,06-JAN-2025
OPTSTK,APLAPOLLO,27-Mar-2025,2025-03-27,1440.00,PE,0.00,0.00,0.00,71.90,26.95,0,0.00,0,0,06-JAN-2025
OPTSTK,APLAPOLLO,30-Jan-2025,2025-01-30,1280.00,PE,1.15,1.15,1.15,1.15,1.15,3,13.452075,38500,700,06-JAN-2025
OPTSTK,APLAPOLLO,27-Feb-2025,2025-02-27,1360.00,CE,0.00,0.00,0.00,185.60,250.85,0,0.00,0,0,06-JAN-2025
OPTSTK,APLAPOLLO,27-Feb-2025,2025-02-27,1800.00,PE,0.00,0.00,0.00,326.50,208.75,0,0.00,0,0,06-JAN-2025
OPTSTK,APLAPOLLO,27-Mar-2025,2025-03-27,1600.00,PE,0.00,0.00,0.00,155.05,84.80,0,0.00,0,0,06-JAN-2025
OPTSTK,APLAPOLLO,30-Jan-2025,2025-01-30,1500.00,PE,10.45,17.80,7.05,16.70,16.70,698,3699.98755,325850,42700,06-JAN-2025
OPTSTK,APLAPOLLO,30-Jan-2025,2025-01-30,1840.00,PE,0.00,0.00,0.00,359.75,242.30,0,0.00,0,0,06-JAN-2025
OPTSTK,APLAPOLLO,27-Feb-2025,2025-02-27,1840.00,PE,0.00,0.00,0.00,360.65,243.10,0,0.00,0,0,06-JAN-2025
OPTSTK,APLAPOLLO,30-Jan-2025,2025-01-30,1400.00,PE,2.00,4.95,1.70,4.60,4.60,62,304.53535,43750,700,06-JAN-2025
OPTSTK,APLAPOLLO,30-Jan-2025,2025-01-30,1620.00,CE,53.50,63.15,36.25,43.00,43.00,705,4123.19337,165900,45850,06-JAN-2025
OPTSTK,APLAPOLLO,27-Mar-2025,2025-03-27,1520.00,PE,0.00,0.00,0.00,109.10,50.60,0,0.00,0,0,06-JAN-2025
FUTSTK,APLAPOLLO,30-Jan-2025,2025-01-30,,,1628.00,1644.00,1592.75,1600.15,1600.15,2926,16488.2466,3063200,-8750,06-JAN-2025
OPTSTK,TATAELXSI,27-Feb-2025,2025-02-27,8000.00,PE,0.00,0.00,0.00,1270.70,1453.60,0,0.00,0,0,06-JAN-2025
OPTSTK,TATAELXSI,27-Mar-2025,2025-03-27,6400.00,CE,0.00,0.00,0.00,865.35,475.40,0,0.00,0,0,06-JAN-2025
OPTSTK,TATAELXSI,30-Jan-2025,2025-01-30,6400.00,PE,138.75,213.90,129.00,204.15,204.15,239,1573.8916,15800,6100,06-JAN-2025
OPTSTK,TATAELXSI,30-Jan-2025,2025-01-30,7100.00,PE,599.40,696.15,599.40,696.15,623.00,4,30.9614,1300,-100,06-JAN-2025
OPTSTK,TATAELXSI,30-Jan-2025,2025-01-30,7100.00,CE,87.40,94.40,52.60,55.30,55.30,122,874.09005,9900,300,06-JAN-2025
OPTSTK,TATAELXSI,30-Jan-2025,2025-01-30,7200.00,PE,0.00,0.00,0.00,547.35,710.75,0,0.00,1700,0,06-JAN-2025
OPTSTK,TATAELXSI,30-Jan-2025,2025-01-30,6500.00,CE,300.00,300.00,215.00,223.25,223.25,141,950.25495,15900,1000,06-JAN-2025
OPTSTK,TATAELXSI,27-Feb-2025,2025-02-27,7500.00,CE,0.00,0.00,0.00,242.85,53.30,0,0.00,0,0,06-JAN-2025
OPTSTK,TATAELXSI,30-Jan-2025,2025-01-30,7300.00,PE,0.00,0.00,0.00,638.20,801.55,0,0.00,200,0,06-JAN-2025
OPTSTK,TATAELXSI,30-Jan-2025,2025-01-30,7300.00,CE,51.75,54.30,34.25,36.25,36.25,267,1960.2442,15800,-3600,06-JAN-2025
OPTSTK,TATAELXSI,27-Feb-2025,2025-02-27,7300.00,PE,0.00,0.00,0.00,620.10,824.65,0,0.00,0,0,06-JAN-2025
OPTSTK,TATAELXSI,27-Feb-2025,2025-02-27,7300.00,CE,0.00,0.00,0.00,307.80,81.15,0,0.00,0,0,06-JAN-2025
OPTSTK,TATAELXSI,27-Feb-2025,2025-02-27,7100.00,PE,0.00,0.00,0.00,500.25,665.75,0,0.00,0,0,06-JAN-2025
OPTSTK,TATAELXSI,27-Mar-2025,2025-03-27,7400.00,PE,0.00,0.00,0.00,743.95,929.80,0,0.00,0,0,06-JAN-2025
OPTSTK,TATAELXSI,27-Feb-2025,2025-02-27,7400.00,CE,0.00,0.00,0.00,318.65,65.95,0,0.00,0,0,06-JAN-2025
OPTSTK,TATAELXSI,27-Mar-2025,2025-03-27,6600.00,CE,0.00,0.00,0.00,743.30,375.95,0,0.00,0,0,06-JAN-2025
OPTSTK,TATAELXSI,27-Feb-2025,2025-02-27,8000.00,CE,0.00,0.00,0.00,172.00,16.75,0,0.00,0,0,06-JAN-2025
OPTSTK,TATAELXSI,27-Mar-2025,2025-03-27,8000.00,PE,0.00,0.00,0.00,1166.45,1442.75,0,0.00,0,0,06-JAN-2025
OPTSTK,TATAELXSI,27-Feb-2025,2025-02-27,6600.00,PE,0.00,0.00,0.00,270.00,336.35,0,0.00,100,0,06-JAN-2025
OPTSTK,TATAELXSI,27-Mar-2025,2025-03-27,5800.00,PE,0.00,0.00,0.00,99.45,98.55,0,0.00,0,0,06-JAN-2025
OPTSTK,TATAELXSI,30-Jan-2025,2025-01-30,5800.00,CE,0.00,0.00,0.00,1106.85,729.30,0,0.00,0,0,06-JAN-2025
OPTSTK,TATAELXSI,27-Mar-2025,2025-03-27,5800.00,CE,0.00,0.00,0.00,1300.40,870.30,0,0.00,0,0,06-JAN-2025
OPTSTK,TATAELXSI,27-Feb-2025,2025-02-27,5800.00,CE,0.00,0.00,0.00,1182.90,801.10,0,0.00,0,0,06-JAN-2025
OPTSTK,TATAELXSI,27-Feb-2025,2025-02-27,7600.00,PE,0.00,0.00,0.00,967.05,1083.45,0,0.00,0,0,06-JAN-2025
OPTSTK,TATAELXSI,27-Mar-2025,2025-03-27,6600.00,PE,0.00,0.00,0.00,327.90,392.45,0,0.00,0,0,06-JAN-2025
OPTSTK,TATAELXSI,30-Jan-2025,2025-01-30,6600.00,CE,274.30,285.00,171.55,183.40,183.40,391,2662.52555,29200,7900,06-JAN-2025
OPTSTK,TATAELXSI,27-Mar-2025,2025-03-27,7400.00,CE,0.00,0.00,0.00,373.80,125.05,0,0.00,0,0,06-JAN-2025
OPTSTK,TATAELXSI,30-Jan-2025,2025-01-30,7400.00,PE,0.00,0.00,0.00,540.00,894.75,0,0.00,200,0,06-JAN-2025
OPTSTK,TATAELXSI,27-Mar-2025,2025-03-27,7200.00,PE,0.00,0.00,0.00,622.75,776.25,0,0.00,0,0,06-JAN-2025
OPTSTK,TATAELXSI,30-Jan-2025,2025-01-30,7200.00,CE,74.80,74.85,42.75,44.05,44.05,608,4409.9822,28400,7100,06-JAN-2025
OPTSTK,TATAELXSI,27-Feb-2025,2025-02-27,7200.00,CE,0.00,0.00,0.00,386.05,99.15,0,0.00,0,0,06-JAN-2025
OPTSTK,POLICYBZR,27-Feb-2025,2025-02-27,2000.00,CE,0.00,0.00,0.00,152.95,209.35,0,0.00,0,0,06-JAN-2025
OPTSTK,POLICYBZR,30-Jan-2025,2025-01-30,1900.00,PE,8.35,21.75,8.35,17.25,17.25,382,2374.658,47775,-25350,06-JAN-2025
OPTSTK,POLICYBZR,30-Jan-2025,2025-01-30,2300.00,PE,153.00,207.00,149.00,207.00,207.00,24,192.17315,17225,-1300,06-JAN-2025
OPTSTK,POLICYBZR,27-Feb-2025,2025-02-27,2300.00,PE,0.00,0.00,0.00,449.85,230.50,0,0.00,0,0,06-JAN-2025
OPTSTK,POLICYBZR,27-Mar-2025,2025-03-27,2600.00,PE,0.00,0.00,0.00,571.70,481.35,0,0.00,0,0,06-JAN-2025
OPTSTK,POLICYBZR,27-Mar-2025,2025-03-27,2600.00,CE,0.00,0.00,0.00,55.85,39.50,0,0.00,0,0,06-JAN-2025
OPTSTK,POLICYBZR,30-Jan-2025,2025-01-30,2150.00,PE,51.55,111.95,51.55,100.75,100.75,253,1834.52311,53625,7800,06-JAN-2025
OPTSTK,POLICYBZR,27-Feb-2025,2025-02-27,1900.00,CE,0.00,0.00,0.00,194.25,278.35,0,0.00,0,0,06-JAN-2025
OPTSTK,POLICYBZR,27-Feb-2025,2025-02-27,2000.00,PE,0.00,0.00,0.00,238.05,70.25,0,0.00,0,0,06-JAN-2025
OPTSTK,POLICYBZR,30-Jan-2025,2025-01-30,2350.00,CE,49.95,50.00,18.85,21.20,21.20,232,1796.1645,65000,650,06-JAN-2025
OPTSTK,POLICYBZR,30-Jan-2025,2025-01-30,1800.00,CE,0.00,0.00,0.00,208.55,333.00,0,0.00,0,0,06-JAN-2025
OPTSTK,POLICYBZR,30-Jan-2025,2025-01-30,1950.00,CE,0.00,0.00,0.00,310.45,203.30,0,0.00,11050,0,06-JAN-2025
OPTSTK,POLICYBZR,30-Jan-2025,2025-01-30,1950.00,PE,19.00,31.30,13.20,28.25,28.25,75,480.549875,31850,-4225,06-JAN-2025
FUTSTK,POLICYBZR,27-Feb-2025,2025-02-27,,,2243.25,2243.25,2115.00,2134.55,2134.55,51,359.82635,24700,-3250,06-JAN-2025
OPTSTK,POLICYBZR,27-Feb-2025,2025-02-27,1800.00,PE,0.00,0.00,0.00,132.40,20.60,0,0.00,0,0,06-JAN-2025
OPTSTK,POLICYBZR,30-Jan-2025,2025-01-30,2500.00,PE,0.00,0.00,0.00,610.30,376.00,0,0.00,0,0,06-JAN-2025
FUTSTK,POLICYBZR,27-Mar-2025,2025-03-27,,,2200.00,2200.00,2165.00,2165.00,2165.00,2,14.18625,2925,325,06-JAN-2025
OPTSTK,POLICYBZR,27-Feb-2025,2025-02-27,2400.00,PE,0.00,0.00,0.00,531.00,304.70,0,0.00,0,0,06-JAN-2025
OPTSTK,POLICYBZR,27-Feb-2025,2025-02-27,2350.00,PE,0.00,0.00,0.00,355.40,266.50,0,0.00,0,0,06-JAN-2025
OPTSTK,POLICYBZR,30-Jan-2025,2025-01-30,1750.00,PE,2.75,7.70,2.05,6.35,6.35,35,199.651725,33150,-2600,06-JAN-2025
OPTSTK,POLICYBZR,27-Feb-2025,2025-02-27,2200.00,CE,0.00,0.00,0.00,91.85,106.75,0,0.00,0,0,06-JAN-2025
OPTSTK,POLICYBZR,27-Feb-2025,2025-02-27,2200.00,PE,0.00,0.00,0.00,373.35,165.75,0,0.00,0,0,06-JAN-2025
OPTSTK,POLICYBZR,27-Feb-2025,2025-02-27,2250.00,CE,0.00,0.00,0.00,98.10,88.30,0,0.00,0,0,06-JAN-2025
OPTSTK,ASHOKLEY,27-Mar-2025,2025-03-27,250.00,CE,0.00,0.00,0.00,6.65,5.45,0,0.00,0,0,06-JAN-2025
OPTSTK,ASHOKLEY,30-Jan-2025,2025-01-30,262.50,CE,0.00,0.00,0.00,4.75,0.20,0,0.00,0,0,06-JAN-2025
OPTSTK,ASHOKLEY,30-Jan-2025,2025-01-30,205.00,CE,0.00,0.00,0.00,20.20,22.75,0,0.00,32500,0,06-JAN-2025
OPTSTK,ASHOKLEY,27-Feb-2025,2025-02-27,205.00,PE,0.00,0.00,0.00,4.80,2.20,0,0.00,0,0,06-JAN-2025
OPTSTK,ASHOKLEY,30-Jan-2025,2025-01-30,207.50,PE,0.55,1.05,0.55,1.00,1.00,82,426.94125,202500,57500,06-JAN-2025
OPTSTK,ASHOKLEY,30-Jan-2025,2025-01-30,265.00,CE,0.30,0.35,0.20,0.20,0.20,189,1253.3975,272500,7500,06-JAN-2025
OPTSTK,ASHOKLEY,27-Feb-2025,2025-02-27,265.00,CE,0.00,0.00,0.00,6.85,1.20,0,0.00,0,0,06-JAN-2025
OPTSTK,ASHOKLEY,27-Feb-2025,2025-02-27,260.00,CE,2.00,2.00,1.35,1.35,1.70,4,26.155,45000,2500,06-JAN-2025
OPTSTK,ASHOKLEY,27-Mar-2025,2025-03-27,260.00,PE,0.00,0.00,0.00,39.80,33.45,0,0.00,0,0,06-JAN-2025
OPTSTK,ASHOKLEY,27-Mar-2025,2025-03-27,190.00,CE,0.00,0.00,0.00,36.90,40.10,0,0.00,0,0,06-JAN-2025
OPTSTK,ASHOKLEY,27-Feb-2025,2025-02-27,270.00,PE,0.00,0.00,0.00,39.35,42.10,0,0.00,0,0,06-JAN-2025
OPTSTK,ASHOKLEY,30-Jan-2025,2025-01-30,202.50,PE,0.45,0.70,0.45,0.70,0.70,142,720.55875,312500,40000,06-JAN-2025
OPTSTK,ASHOKLEY,30-Jan-2025,2025-01-30,197.50,PE,0.40,0.45,0.40,0.40,0.20,16,79.1625,297500,7500,06-JAN-2025
OPTSTK,ASHOKLEY,27-Feb-2025,2025-02-27,197.50,CE,0.00,0.00,0.00,28.60,31.65,0,0.00,0,0,06-JAN-2025
OPTSTK,ASHOKLEY,27-Feb-2025,2025-02-27,197.50,PE,0.00,0.00,0.00,3.45,1.10,0,0.00,0,0,06-JAN-2025
OPTSTK,ASHOKLEY,27-Feb-2025,2025-02-27,227.50,PE,0.00,0.00,0.00,15.35,9.75,0,0.00,0,0,06-JAN-2025
OPTSTK,ASHOKLEY,30-Jan-2025,2025-01-30,227.50,CE,9.90,10.45,5.60,5.90,5.90,242,1417.055,420000,47500,06-JAN-2025
OPTSTK,ASHOKLEY,30-Jan-2025,2025-01-30,227.50,PE,3.20,6.45,2.95,5.90,5.90,756,4385.695,432500,0,06-JAN-2025
OPTSTK,ASHOKLEY,27-Feb-2025,2025-02-27,270.00,CE,0.00,0.00,0.00,1.50,0.85,0,0.00,2500,0,06-JAN-2025
OPTSTK,ASHOKLEY,30-Jan-2025,2025-01-30,210.00,CE,21.00,21.00,18.25,18.95,18.95,11,63.10375,257500,0,06-JAN-2025
OPTSTK,ASHOKLEY,30-Jan-2025,2025-01-30,210.00,PE,0.65,1.40,0.60,1.30,1.30,714,3766.05,2577500,-380000,06-JAN-2025
OPTSTK,ASHOKLEY,30-Jan-2025,2025-01-30,197.50,CE,0.00,0.00,0.00,38.55,29.75,0,0.00,0,0,06-JAN-2025
OPTSTK,ASHOKLEY,30-Jan-2025,2025-01-30,222.50,PE,1.90,4.25,1.80,3.90,3.90,705,3971.305,535000,5000,06-JAN-2025
OPTSTK,ASHOKLEY,30-Jan-2025,2025-01-30,222.50,CE,13.50,14.10,8.65,8.90,8.90,47,274.02375,307500,17500,06-JAN-2025
OPTSTK,ASHOKLEY,27-Feb-2025,2025-02-27,222.50,CE,13.00,13.00,13.00,13.00,13.20,1,5.8875,2500,2500,06-JAN-2025
FUTSTK,ASHOKLEY,27-Feb-2025,2025-02-27,,,235.70,235.70,226.94,227.83,227.83,223,1289.8,1672500,117500,06-JAN-2025
OPTSTK,ASHOKLEY,30-Jan-2025,2025-01-30,247.50,CE,1.70,1.75,0.75,0.85,0.85,590,3668.1725,1207500,192500,06-JAN-2025
OPTSTK,ASHOKLEY,27-Feb-2025,2025-02-27,212.50,PE,0.00,0.00,0.00,8.05,3.90,0,0.00,0,0,06-JAN-2025
OPTSTK,ASHOKLEY,27-Feb-2025,2025-02-27,235.00,PE,0.00,0.00,0.00,16.10,13.95,0,0.00,0,0,06-JAN-2025
OPTSTK,ASHOKLEY,27-Feb-2025,2025-02-27,235.00,CE,9.10,9.10,6.10,6.10,7.35,5,30.27625,32500,0,06-JAN-2025
OPTSTK,ASHOKLEY,30-Jan-2025,2025-01-30,202.50,CE,0.00,0.00,0.00,19.70,25.05,0,0.00,20000,0,06-JAN-2025
OPTSTK,ASHOKLEY,27-Feb-2025,2025-02-27,210.00,PE,2.95,3.00,2.60,3.00,3.25,25,132.96,150000,0,06-JAN-2025
OPTSTK,NAVINFLUOR,30-Jan-2025,2025-01-30,3900.00,PE,0.00,0.00,0.00,587.80,539.00,0,0.00,0,0,06-JAN-2025
OPTSTK,COLPAL,30-Jan-2025,2025-01-30,2440.00,CE,0.00,0.00,0.00,306.60,325.55,0,0.00,0,0,06-JAN-2025
OPTSTK,NAVINFLUOR,30-Jan-2025,2025-01-30,3800.00,CE,6.00,7.90,4.95,5.40,5.40,224,1492.13391,41300,-9625,06-JAN-2025
OPTSTK,NAVINFLUOR,27-Feb-2025,2025-02-27,3800.00,PE,0.00,0.00,0.00,420.10,449.65,0,0.00,0,0,06-JAN-2025
OPTSTK,NAVINFLUOR,27-Feb-2025,2025-02-27,3350.00,PE,0.00,0.00,0.00,193.05,139.10,0,0.00,0,0,06-JAN-2025
OPTSTK,BHEL,27-Feb-2025,2025-02-27,260.00,PE,0.00,0.00,0.00,29.55,41.55,0,0.00,0,0,06-JAN-2025
OPTSTK,BHEL,27-Mar-2025,2025-03-27,260.00,PE,0.00,0.00,0.00,34.00,43.25,0,0.00,0,0,06-JAN-2025
OPTSTK,NAVINFLUOR,30-Jan-2025,2025-01-30,2900.00,PE,3.50,5.40,3.30,5.30,5.30,33,167.687625,15400,-5775,06-JAN-2025
OPTSTK,COLPAL,30-Jan-2025,2025-01-30,2900.00,PE,130.40,185.05,130.40,170.65,156.20,39,209.398175,29400,-175,06-JAN-2025
FUTSTK,NAVINFLUOR,27-Feb-2025,2025-02-27,,,3396.40,3413.30,3358.05,3374.40,3374.40,75,444.062412,23450,-525,06-JAN-2025
OPTSTK,BHEL,30-Jan-2025,2025-01-30,275.00,CE,0.30,0.30,0.20,0.25,0.25,97,700.8855,532875,-76125,06-JAN-2025
OPTSTK,BHEL,27-Feb-2025,2025-02-27,260.00,CE,2.80,3.05,2.50,2.95,2.95,13,89.6713125,55125,13125,06-JAN-2025
OPTSTK,BHEL,27-Mar-2025,2025-03-27,260.00,CE,0.00,0.00,0.00,20.45,6.85,0,0.00,0,0,06-JAN-2025
OPTSTK,COLPAL,30-Jan-2025,2025-01-30,2900.00,CE,46.90,46.95,23.30,28.30,28.30,1843,9450.34387,130725,37275,06-JAN-2025
OPTSTK,NAVINFLUOR,27-Feb-2025,2025-02-27,2900.00,PE,0.00,0.00,0.00,44.25,15.35,0,0.00,0,0,06-JAN-2025
OPTSTK,COLPAL,27-Mar-2025,2025-03-27,2960.00,CE,0.00,0.00,0.00,83.50,62.95,0,0.00,0,0,06-JAN-2025
OPTSTK,COLPAL,27-Feb-2025,2025-02-27,2400.00,PE,0.00,0.00,0.00,7.05,5.35,0,0.00,0,0,06-JAN-2025
OPTSTK,BHEL,27-Feb-2025,2025-02-27,215.00,PE,6.90,6.90,6.90,6.90,11.50,1,5.824875,31500,2625,06-JAN-2025
OPTSTK,BHEL,27-Feb-2025,2025-02-27,215.00,CE,0.00,0.00,0.00,38.35,18.35,0,0.00,0,0,06-JAN-2025
OPTSTK,COLPAL,27-Feb-2025,2025-02-27,3120.00,CE,0.00,0.00,0.00,26.00,13.20,0,0.00,0,0,06-JAN-2025
OPTSTK,COLPAL,27-Mar-2025,2025-03-27,3120.00,PE,0.00,0.00,0.00,391.00,349.80,0,0.00,0,0,06-JAN-2025
OPTSTK,COLPAL,30-Jan-2025,2025-01-30,3120.00,PE,0.00,0.00,0.00,387.05,354.55,0,0.00,0,0,06-JAN-2025
OPTSTK,COLPAL,30-Jan-2025,2025-01-30,3400.00,PE,0.00,0.00,0.00,650.00,631.50,0,0.00,1400,0,06-JAN-2025
OPTSTK,COLPAL,30-Jan-2025,2025-01-30,3400.00,CE,0.00,0.00,0.00,1.00,0.05,0,0.00,1400,0,06-JAN-2025
OPTSTK,BHEL,27-Mar-2025,2025-03-27,280.00,CE,0.00,0.00,0.00,14.25,3.75,0,0.00,0,0,06-JAN-2025
OPTSTK,BHEL,30-Jan-2025,2025-01-30,280.00,CE,0.25,0.30,0.20,0.20,0.20,116,853.325812,1630125,44625,06-JAN-2025
OPTSTK,BHEL,27-Mar-2025,2025-03-27,280.00,PE,0.00,0.00,0.00,47.40,59.80,0,0.00,0,0,06-JAN-2025
OPTSTK,BHEL,27-Feb-2025,2025-02-27,280.00,CE,1.10,1.10,0.95,0.95,1.65,2,14.7538125,5250,0,06-JAN-2025
OPTSTK,BHEL,27-Mar-2025,2025-03-27,240.00,PE,0.00,0.00,0.00,18.00,28.65,0,0.00,10500,0,06-JAN-2025
OPTSTK,COLPAL,27-Feb-2025,2025-02-27,2640.00,CE,0.00,0.00,0.00,190.15,182.55,0,0.00,0,0,06-JAN-2025
OPTSTK,BHEL,27-Feb-2025,2025-02-27,220.00,PE,7.00,11.85,7.00,11.65,11.65,24,145.075875,76125,10500,06-JAN-2025
OPTSTK,COLPAL,27-Mar-2025,2025-03-27,3200.00,CE,0.00,0.00,0.00,33.95,19.00,0,0.00,0,0,06-JAN-2025
OPTSTK,TATAPOWER,30-Jan-2025,2025-01-30,365.00,CE,32.05,32.05,19.90,20.55,20.55,49,256.832775,79650,32400,06-JAN-2025
OPTSTK,TATAPOWER,30-Jan-2025,2025-01-30,480.00,PE,92.60,92.60,92.60,92.60,99.25,1,7.7301,372600,0,06-JAN-2025
OPTSTK,EXIDEIND,30-Jan-2025,2025-01-30,380.00,PE,2.05,4.35,1.65,3.80,3.80,805,5551.74,527400,97200,06-JAN-2025
OPTSTK,TATAPOWER,30-Jan-2025,2025-01-30,380.00,PE,4.60,12.95,4.60,12.10,12.10,7857,41384.5672,2027700,218700,06-JAN-2025
OPTSTK,EXIDEIND,27-Mar-2025,2025-03-27,380.00,PE,0.00,0.00,0.00,14.75,11.50,0,0.00,0,0,06-JAN-2025
OPTSTK,EXIDEIND,30-Jan-2025,2025-01-30,405.00,CE,22.05,22.05,15.60,16.40,16.40,45,342.1674,43200,9000,06-JAN-2025
OPTSTK,TATAPOWER,27-Feb-2025,2025-02-27,405.00,PE,0.00,0.00,0.00,24.00,32.55,0,0.00,0,0,06-JAN-2025
OPTSTK,TATAPOWER,27-Feb-2025,2025-02-27,350.00,CE,0.00,0.00,0.00,78.05,38.25,0,0.00,0,0,06-JAN-2025
OPTSTK,TATAPOWER,30-Jan-2025,2025-01-30,350.00,PE,0.90,3.35,0.90,3.10,3.10,1373,6527.22097,1293300,68850,06-JAN-2025
OPTSTK,TATAPOWER,27-Feb-2025,2025-02-27,350.00,PE,3.00,6.90,2.90,6.90,6.90,84,402.2784,99900,70200,06-JAN-2025
OPTSTK,EXIDEIND,27-Mar-2025,2025-03-27,450.00,CE,0.00,0.00,0.00,24.75,13.40,0,0.00,0,0,06-JAN-2025
OPTSTK,TATAPOWER,27-Feb-2025,2025-02-27,450.00,PE,0.00,0.00,0.00,48.75,69.30,0,0.00,2700,0,06-JAN-2025
OPTSTK,TATAPOWER,30-Jan-2025,2025-01-30,450.00,PE,56.90,68.00,56.90,68.00,69.65,8,55.15155,1902150,2700,06-JAN-2025
OPTSTK,TATAPOWER,30-Jan-2025,2025-01-30,420.00,CE,4.10,4.15,1.55,1.70,1.70,4623,26357.4567,4884300,622350,06-JAN-2025
OPTSTK,EXIDEIND,30-Jan-2025,2025-01-30,415.00,CE,17.95,18.55,10.60,11.50,11.50,395,3042.0774,325800,106200,06-JAN-2025
OPTSTK,TATAPOWER,27-Feb-2025,2025-02-27,415.00,CE,0.00,0.00,0.00,10.15,7.40,0,0.00,2700,0,06-JAN-2025
OPTSTK,EXIDEIND,30-Jan-2025,2025-01-30,370.00,CE,0.00,0.00,0.00,95.20,42.55,0,0.00,0,0,06-JAN-2025
OPTSTK,EXIDEIND,27-Mar-2025,2025-03-27,370.00,PE,0.00,0.00,0.00,11.80,8.60,0,0.00,0,0,06-JAN-2025
OPTSTK,EXIDEIND,27-Feb-2025,2025-02-27,430.00,PE,0.00,0.00,0.00,32.10,31.05,0,0.00,0,0,06-JAN-2025
OPTSTK,TATAPOWER,30-Jan-2025,2025-01-30,430.00,PE,38.25,52.80,38.25,50.70,50.70,53,340.613775,1574100,2700,06-JAN-2025
OPTSTK,EXIDEIND,30-Jan-2025,2025-01-30,510.00,CE,0.40,0.40,0.30,0.30,0.10,12,110.232,109800,-10800,06-JAN-2025
OPTSTK,TATAPOWER,27-Feb-2025,2025-02-27,425.00,PE,0.00,0.00,0.00,35.15,47.65,0,0.00,0,0,06-JAN-2025
OPTSTK,TATAPOWER,27-Feb-2025,2025-02-27,425.00,CE,0.00,0.00,0.00,19.80,5.40,0,0.00,0,0,06-JAN-2025
OPTSTK,EXIDEIND,27-Feb-2025,2025-02-27,425.00,PE,0.00,0.00,0.00,29.35,27.95,0,0.00,0,0,06-JAN-2025
OPTSTK,TATAPOWER,30-Jan-2025,2025-01-30,500.00,PE,0.00,0.00,0.00,101.00,119.15,0,0.00,488700,0,06-JAN-2025
OPTSTK,EXIDEIND,30-Jan-2025,2025-01-30,500.00,CE,0.65,0.65,0.45,0.45,0.45,305,2747.7306,2683800,124200,06-JAN-2025
OPTSTK,EXIDEIND,27-Feb-2025,2025-02-27,500.00,PE,84.85,84.85,84.85,84.85,88.05,1,10.5273,1800,-1800,06-JAN-2025
OPTSTK,TATAPOWER,27-Feb-2025,2025-02-27,410.00,PE,29.55,31.20,29.55,31.20,36.10,4,23.791725,28350,1350,06-JAN-2025
OPTSTK,TATAPOWER,27-Mar-2025,2025-03-27,320.00,CE,0.00,0.00,0.00,93.35,66.35,0,0.00,0,0,06-JAN-2025
OPTSTK,EXIDEIND,30-Jan-2025,2025-01-30,450.00,CE,4.70,4.70,2.45,2.85,2.85,1850,15087.9474,3295800,970200,06-JAN-2025
OPTSTK,TATAPOWER,27-Feb-2025,2025-02-27,450.00,CE,3.10,3.10,2.30,2.40,2.25,28,171.07335,60750,4050,06-JAN-2025
OPTSTK,KALYANKJIL,30-Jan-2025,2025-01-30,730.00,PE,11.75,24.85,8.80,22.85,22.85,214,1238.95568,105400,17825,06-JAN-2025
OPTSTK,KALYANKJIL,27-Feb-2025,2025-02-27,860.00,CE,0.00,0.00,0.00,27.45,13.20,0,0.00,0,0,06-JAN-2025
OPTSTK,KALYANKJIL,30-Jan-2025,2025-01-30,700.00,PE,5.10,14.05,3.80,13.00,13.00,987,5417.38252,447950,2325,06-JAN-2025
OPTSTK,KALYANKJIL,30-Jan-2025,2025-01-30,690.00,PE,4.85,11.40,4.70,10.20,10.20,52,281.289737,62775,6975,06-JAN-2025
OPTSTK,KALYANKJIL,27-Feb-2025,2025-02-27,680.00,CE,0.00,0.00,0.00,90.45,88.25,0,0.00,0,0,06-JAN-2025
OPTSTK,KALYANKJIL,27-Mar-2025,2025-03-27,680.00,CE,0.00,0.00,0.00,101.60,99.45,0,0.00,0,0,06-JAN-2025
OPTSTK,KALYANKJIL,27-Mar-2025,2025-03-27,720.00,CE,0.00,0.00,0.00,80.35,75.10,0,0.00,0,0,06-JAN-2025
OPTSTK,KALYANKJIL,27-Feb-2025,2025-02-27,720.00,PE,0.00,0.00,0.00,34.40,31.10,0,0.00,775,0,06-JAN-2025
OPTSTK,KALYANKJIL,30-Jan-2025,2025-01-30,720.00,CE,61.05,61.05,46.40,47.05,47.05,26,155.63085,42625,6200,06-JAN-2025
OPTSTK,KALYANKJIL,30-Jan-2025,2025-01-30,720.00,PE,8.25,20.75,6.55,19.70,19.70,292,1658.95802,156550,-18600,06-JAN-2025
OPTSTK,KALYANKJIL,27-Feb-2025,2025-02-27,840.00,CE,0.00,0.00,0.00,31.70,17.00,0,0.00,0,0,06-JAN-2025
OPTSTK,KALYANKJIL,27-Feb-2025,2025-02-27,660.00,PE,0.00,0.00,0.00,42.00,12.15,0,0.00,0,0,06-JAN-2025
OPTSTK,KALYANKJIL,27-Mar-2025,2025-03-27,800.00,CE,0.00,0.00,0.00,48.20,39.50,0,0.00,0,0,06-JAN-2025
OPTSTK,KALYANKJIL,30-Jan-2025,2025-01-30,800.00,PE,36.00,65.70,34.00,62.90,62.90,153,1000.67651,40300,5425,06-JAN-2025
OPTSTK,KALYANKJIL,30-Jan-2025,2025-01-30,870.00,CE,8.45,8.45,3.40,3.50,3.50,96,651.117412,170500,-6200,06-JAN-2025
OPTSTK,KALYANKJIL,30-Jan-2025,2025-01-30,740.00,PE,11.55,29.35,10.85,28.30,28.30,427,2514.24763,196075,85250,06-JAN-2025
OPTSTK,KALYANKJIL,27-Feb-2025,2025-02-27,740.00,CE,0.00,0.00,0.00,62.50,51.75,0,0.00,0,0,06-JAN-2025
OPTSTK,KALYANKJIL,30-Jan-2025,2025-01-30,840.00,CE,12.45,15.00,5.75,6.10,6.10,759,5000.92542,152675,-24800,06-JAN-2025
OPTSTK,KALYANKJIL,27-Feb-2025,2025-02-27,920.00,CE,0.00,0.00,0.00,17.55,5.80,0,0.00,0,0,06-JAN-2025
OPTSTK,KALYANKJIL,27-Mar-2025,2025-03-27,920.00,PE,0.00,0.00,0.00,197.45,174.55,0,0.00,0,0,06-JAN-2025
OPTSTK,KALYANKJIL,27-Mar-2025,2025-03-27,760.00,CE,0.00,0.00,0.00,62.65,55.15,0,0.00,0,0,06-JAN-2025
OPTSTK,KALYANKJIL,27-Mar-2025,2025-03-27,760.00,PE,0.00,0.00,0.00,82.50,59.45,0,0.00,0,0,06-JAN-2025
OPTSTK,KALYANKJIL,30-Jan-2025,2025-01-30,620.00,PE,1.00,4.00,0.90,2.40,2.40,38,183.0953,68200,-2325,06-JAN-2025
OPTSTK,KALYANKJIL,30-Jan-2025,2025-01-30,780.00,CE,33.90,40.40,17.60,18.75,18.75,1783,11179.1390,378200,63550,06-JAN-2025
OPTSTK,KALYANKJIL,30-Jan-2025,2025-01-30,840.00,PE,71.65,99.30,71.60,98.65,98.65,39,280.8879,65875,5425,06-JAN-2025
OPTSTK,KALYANKJIL,27-Mar-2025,2025-03-27,920.00,CE,0.00,0.00,0.00,20.50,12.60,0,0.00,0,0,06-JAN-2025
OPTSTK,KALYANKJIL,30-Jan-2025,2025-01-30,650.00,PE,1.55,5.00,1.05,4.20,4.20,173,875.712025,178250,37200,06-JAN-2025
OPTSTK,KALYANKJIL,30-Jan-2025,2025-01-30,760.00,CE,47.60,52.30,24.85,26.55,26.55,489,3017.54426,112375,41075,06-JAN-2025
OPTSTK,KALYANKJIL,27-Mar-2025,2025-03-27,840.00,CE,0.00,0.00,0.00,36.60,27.60,0,0.00,0,0,06-JAN-2025
OPTSTK,KALYANKJIL,27-Feb-2025,2025-02-27,860.00,PE,0.00,0.00,0.00,164.30,120.40,0,0.00,0,0,06-JAN-2025
OPTSTK,KALYANKJIL,30-Jan-2025,2025-01-30,820.00,CE,18.00,21.50,8.40,9.05,9.05,1153,7462.91752,234825,24025,06-JAN-2025
OPTSTK,CIPLA,30-Jan-2025,2025-01-30,1480.00,CE,57.75,57.75,42.50,48.00,48.00,637,3162.15623,80925,18525,06-JAN-2025
OPTSTK,CIPLA,27-Mar-2025,2025-03-27,1280.00,PE,0.00,0.00,0.00,12.90,5.25,0,0.00,0,0,06-JAN-2025
OPTSTK,CIPLA,30-Jan-2025,2025-01-30,1280.00,PE,1.30,1.35,0.95,1.00,1.00,181,753.606587,139750,32825,06-JAN-2025
OPTSTK,CIPLA,27-Mar-2025,2025-03-27,1280.00,CE,0.00,0.00,0.00,246.60,235.45,0,0.00,0,0,06-JAN-2025
OPTSTK,CIPLA,30-Jan-2025,2025-01-30,1360.00,PE,3.55,5.55,2.25,4.50,4.50,1065,4722.46466,291200,158275,06-JAN-2025
OPTSTK,CIPLA,27-Mar-2025,2025-03-27,1600.00,PE,0.00,0.00,0.00,136.95,121.45,0,0.00,0,0,06-JAN-2025
OPTSTK,CIPLA,30-Jan-2025,2025-01-30,1700.00,PE,198.95,201.00,198.95,201.00,201.95,4,24.6930125,5200,0,06-JAN-2025
FUTSTK,CIPLA,30-Jan-2025,2025-01-30,,,1500.80,1517.25,1484.90,1494.90,1494.90,6294,30619.8764,12729600,116025,06-JAN-2025
OPTSTK,CIPLA,30-Jan-2025,2025-01-30,1600.00,CE,10.10,10.10,6.50,8.20,8.20,1242,6489.89542,400725,1625,06-JAN-2025
OPTSTK,CIPLA,27-Mar-2025,2025-03-27,1600.00,CE,0.00,0.00,0.00,56.40,36.35,0,0.00,0,0,06-JAN-2025
OPTSTK,CIPLA,27-Feb-2025,2025-02-27,1620.00,CE,0.00,0.00,0.00,34.00,17.95,0,0.00,0,0,06-JAN-2025
OPTSTK,CIPLA,30-Jan-2025,2025-01-30,1680.00,PE,0.00,0.00,0.00,150.80,182.60,0,0.00,975,0,06-JAN-2025
OPTSTK,CIPLA,30-Jan-2025,2025-01-30,1520.00,PE,48.95,58.65,38.45,52.60,52.60,631,3219.71243,135850,-21775,06-JAN-2025
OPTSTK,CIPLA,27-Mar-2025,2025-03-27,1520.00,PE,0.00,0.00,0.00,89.75,72.30,0,0.00,0,0,06-JAN-2025
OPTSTK,CIPLA,30-Jan-2025,2025-01-30,1380.00,CE,0.00,0.00,0.00,154.50,121.70,0,0.00,0,0,06-JAN-2025
OPTSTK,CIPLA,27-Feb-2025,2025-02-27,1380.00,CE,0.00,0.00,0.00,152.30,137.20,0,0.00,0,0,06-JAN-2025
OPTSTK,CIPLA,30-Jan-2025,2025-01-30,1320.00,PE,3.95,3.95,1.40,2.15,2.15,208,893.880812,58825,28600,06-JAN-2025
OPTSTK,CIPLA,27-Feb-2025,2025-02-27,1680.00,CE,0.00,0.00,0.00,36.05,8.75,0,0.00,0,0,06-JAN-2025
OPTSTK,CIPLA,27-Feb-2025,2025-02-27,1480.00,CE,0.00,0.00,0.00,109.70,68.85,0,0.00,0,0,06-JAN-2025
OPTSTK,CIPLA,27-Feb-2025,2025-02-27,1480.00,PE,38.25,48.60,38.25,48.15,43.30,14,69.2982875,14300,4225,06-JAN-2025
OPTSTK,CIPLA,27-Feb-2025,2025-02-27,1460.00,CE,0.00,0.00,0.00,99.65,80.40,0,0.00,0,0,06-JAN-2025
OPTSTK,CIPLA,27-Mar-2025,2025-03-27,1360.00,PE,0.00,0.00,0.00,28.35,15.80,0,0.00,0,0,06-JAN-2025
OPTSTK,CIPLA,30-Jan-2025,2025-01-30,1400.00,CE,107.15,110.10,98.50,105.20,105.20,35,171.052212,13000,2275,06-JAN-2025
OPTSTK,CIPLA,27-Feb-2025,2025-02-27,1400.00,PE,0.00,0.00,0.00,39.70,16.75,0,0.00,0,0,06-JAN-2025
OPTSTK,CIPLA,27-Feb-2025,2025-02-27,1400.00,CE,0.00,0.00,0.00,157.70,121.55,0,0.00,0,0,06-JAN-2025
OPTSTK,CIPLA,27-Feb-2025,2025-02-27,1620.00,PE,0.00,0.00,0.00,143.10,131.05,0,0.00,0,0,06-JAN-2025
OPTSTK,CIPLA,27-Feb-2025,2025-02-27,1660.00,PE,0.00,0.00,0.00,173.45,163.95,0,0.00,0,0,06-JAN-2025
OPTSTK,CIPLA,27-Feb-2025,2025-02-27,1460.00,PE,0.00,0.00,0.00,50.75,35.05,0,0.00,0,0,06-JAN-2025
OPTSTK,CIPLA,30-Jan-2025,2025-01-30,1340.00,PE,8.00,8.20,1.65,3.10,3.10,381,1663.34967,34450,16900,06-JAN-2025
OPTSTK,CIPLA,27-Mar-2025,2025-03-27,1520.00,CE,0.00,0.00,0.00,87.75,66.05,0,0.00,0,0,06-JAN-2025
OPTSTK,CIPLA,30-Jan-2025,2025-01-30,1680.00,CE,2.35,2.45,1.85,2.35,2.35,280,1530.88633,61100,16250,06-JAN-2025
OPTSTK,CIPLA,30-Jan-2025,2025-01-30,1540.00,CE,22.00,26.00,17.75,21.30,21.30,1663,8435.77345,641875,-32825,06-JAN-2025
OPTSTK,LUPIN,27-Feb-2025,2025-02-27,2300.00,PE,50.95,56.00,50.95,53.00,57.40,3,30.0047875,2125,850,06-JAN-2025
OPTSTK,LUPIN,30-Jan-2025,2025-01-30,2100.00,PE,5.40,5.55,3.60,4.95,4.95,619,5536.30245,184875,-15725,06-JAN-2025
OPTSTK,ASTRAL,30-Jan-2025,2025-01-30,1940.00,CE,0.00,0.00,0.00,1.00,0.05,0,0.00,4404,0,06-JAN-2025
OPTSTK,SUPREMEIND,27-Mar-2025,2025-03-27,4200.00,PE,0.00,0.00,0.00,159.85,149.05,0,0.00,0,0,06-JAN-2025
OPTSTK,SUPREMEIND,27-Feb-2025,2025-02-27,4200.00,CE,0.00,0.00,0.00,619.90,464.95,0,0.00,0,0,06-JAN-2025
OPTSTK,ASTRAL,30-Jan-2025,2025-01-30,1680.00,CE,23.65,25.20,9.85,11.00,11.00,774,4816.27403,132120,25323,06-JAN-2025
OPTSTK,SUPREMEIND,27-Feb-2025,2025-02-27,4300.00,CE,0.00,0.00,0.00,651.80,398.85,0,0.00,0,0,06-JAN-2025
OPTSTK,ASTRAL,30-Jan-2025,2025-01-30,1860.00,PE,0.00,0.00,0.00,117.00,295.50,0,0.00,1101,0,06-JAN-2025
OPTSTK,ASTRAL,30-Jan-2025,2025-01-30,1400.00,PE,2.30,6.00,1.80,4.55,4.55,730,3761.95074,84410,35599,06-JAN-2025
OPTSTK,ASTRAL,30-Jan-2025,2025-01-30,1620.00,PE,43.25,88.95,35.60,79.50,79.50,461,2830.33721,69363,-13579,06-JAN-2025
OPTSTK,SUPREMEIND,27-Feb-2025,2025-02-27,5200.00,PE,0.00,0.00,0.00,788.90,696.30,0,0.00,0,0,06-JAN-2025
OPTSTK,SUPREMEIND,30-Jan-2025,2025-01-30,5200.00,CE,33.00,33.00,16.55,17.95,17.95,47,306.930812,6375,-1750,06-JAN-2025
OPTSTK,LUPIN,27-Feb-2025,2025-02-27,2460.00,CE,0.00,0.00,0.00,69.80,62.65,0,0.00,425,0,06-JAN-2025
OPTSTK,LUPIN,27-Feb-2025,2025-02-27,2320.00,CE,0.00,0.00,0.00,39.65,127.75,0,0.00,0,0,06-JAN-2025
OPTSTK,LUPIN,30-Jan-2025,2025-01-30,2320.00,PE,33.15,43.45,33.15,37.60,37.60,360,3607.71046,84575,3400,06-JAN-2025
OPTSTK,LUPIN,27-Feb-2025,2025-02-27,2020.00,PE,0.00,0.00,0.00,40.50,4.55,0,0.00,0,0,06-JAN-2025
OPTSTK,LUPIN,27-Feb-2025,2025-02-27,2020.00,CE,0.00,0.00,0.00,227.95,364.10,0,0.00,0,0,06-JAN-2025
OPTSTK,LUPIN,27-Feb-2025,2025-02-27,2680.00,CE,0.00,0.00,0.00,19.55,14.95,0,0.00,425,0,06-JAN-2025
OPTSTK,SUPREMEIND,30-Jan-2025,2025-01-30,4600.00,CE,200.00,210.05,164.00,165.00,145.65,9,53.883125,1250,250,06-JAN-2025
OPTSTK,ASTRAL,27-Feb-2025,2025-02-27,1720.00,PE,0.00,0.00,0.00,63.00,162.85,0,0.00,367,0,06-JAN-2025
OPTSTK,LUPIN,27-Feb-2025,2025-02-27,2180.00,CE,0.00,0.00,0.00,129.05,224.35,0,0.00,0,0,06-JAN-2025
OPTSTK,LUPIN,27-Feb-2025,2025-02-27,2180.00,PE,0.00,0.00,0.00,99.65,23.25,0,0.00,0,0,06-JAN-2025
OPTSTK,LUPIN,30-Jan-2025,2025-01-30,2180.00,PE,9.20,11.00,8.10,9.95,9.95,157,1461.12726,115600,14450,06-JAN-2025
OPTSTK,SUPREMEIND,27-Feb-2025,2025-02-27,5000.00,CE,0.00,0.00,0.00,259.15,104.15,0,0.00,0,0,06-JAN-2025
OPTSTK,LUPIN,30-Jan-2025,2025-01-30,2340.00,PE,50.75,52.45,37.70,45.30,45.30,761,7716.60026,129625,8500,06-JAN-2025
OPTSTK,LUPIN,30-Jan-2025,2025-01-30,2340.00,CE,81.50,89.85,65.05,77.30,77.30,324,3326.02046,130050,-2550,06-JAN-2025
OPTSTK,LUPIN,27-Feb-2025,2025-02-27,2340.00,PE,0.00,0.00,0.00,193.10,73.80,0,0.00,0,0,06-JAN-2025
OPTSTK,LUPIN,30-Jan-2025,2025-01-30,2720.00,PE,0.00,0.00,0.00,504.70,349.10,0,0.00,0,0,06-JAN-2025
OPTSTK,LUPIN,27-Mar-2025,2025-03-27,2720.00,PE,0.00,0.00,0.00,507.05,344.85,0,0.00,0,0,06-JAN-2025
OPTSTK,LUPIN,27-Mar-2025,2025-03-27,2720.00,CE,0.00,0.00,0.00,18.25,25.05,0,0.00,0,0,06-JAN-2025
OPTSTK,LUPIN,30-Jan-2025,2025-01-30,2360.00,CE,69.30,78.00,54.35,67.10,67.10,1815,18706.0898,230775,-850,06-JAN-2025
OPTSTK,ASTRAL,27-Mar-2025,2025-03-27,1480.00,CE,0.00,0.00,0.00,243.60,132.90,0,0.00,0,0,06-JAN-2025
OPTSTK,LT,27-Feb-2025,2025-02-27,4050.00,CE,0.00,0.00,0.00,66.35,26.25,0,0.00,0,0,06-JAN-2025
OPTSTK,LT,30-Jan-2025,2025-01-30,4100.00,PE,0.00,0.00,0.00,409.95,481.75,0,0.00,9450,0,06-JAN-2025
OPTSTK,DRREDDY,30-Jan-2025,2025-01-30,1400.00,CE,16.55,18.00,11.60,16.80,16.80,2054,18163.3784,1174375,190000,06-JAN-2025
OPTSTK,LT,30-Jan-2025,2025-01-30,3350.00,CE,0.00,0.00,0.00,294.95,282.30,0,0.00,300,0,06-JAN-2025
OPTSTK,DRREDDY,27-Feb-2025,2025-02-27,1290.00,PE,0.00,0.00,0.00,21.85,12.50,0,0.00,0,0,06-JAN-2025
OPTSTK,DRREDDY,30-Jan-2025,2025-01-30,1290.00,PE,10.25,15.35,9.30,12.05,12.05,372,3030.66968,66250,-48750,06-JAN-2025
OPTSTK,DRREDDY,27-Feb-2025,2025-02-27,1200.00,CE,0.00,0.00,0.00,63.25,163.35,0,0.00,0,0,06-JAN-2025
OPTSTK,DRREDDY,30-Jan-2025,2025-01-30,1360.00,CE,34.00,34.35,24.00,32.55,32.55,943,8192.76468,231875,-1875,06-JAN-2025
OPTSTK,LT,27-Feb-2025,2025-02-27,4000.00,PE,0.00,0.00,0.00,175.00,391.75,0,0.00,150,0,06-JAN-2025
OPTSTK,DRREDDY,27-Mar-2025,2025-03-27,1360.00,PE,0.00,0.00,0.00,55.55,43.75,0,0.00,0,0,06-JAN-2025
OPTSTK,DRREDDY,30-Jan-2025,2025-01-30,1300.00,CE,65.30,72.90,58.00,68.75,68.75,64,545.789375,138750,625,06-JAN-2025
OPTSTK,DRREDDY,30-Jan-2025,2025-01-30,1300.00,PE,11.35,17.90,10.50,14.30,14.30,862,7085.56875,330625,-13750,06-JAN-2025
OPTSTK,LT,27-Feb-2025,2025-02-27,3000.00,CE,0.00,0.00,0.00,741.10,635.00,0,0.00,0,0,06-JAN-2025
OPTSTK,LT,27-Feb-2025,2025-02-27,4100.00,PE,0.00,0.00,0.00,466.50,478.10,0,0.00,0,0,06-JAN-2025
OPTSTK,DRREDDY,27-Mar-2025,2025-03-27,1440.00,PE,0.00,0.00,0.00,100.35,91.65,0,0.00,0,0,06-JAN-2025
OPTSTK,DRREDDY,30-Jan-2025,2025-01-30,1450.00,CE,2.50,7.35,2.50,6.85,6.85,824,7497.92187,360000,-38125,06-JAN-2025
OPTSTK,DRREDDY,27-Mar-2025,2025-03-27,1160.00,PE,0.00,0.00,0.00,5.15,1.45,0,0.00,0,0,06-JAN-2025
OPTSTK,LT,27-Feb-2025,2025-02-27,3550.00,CE,0.00,0.00,0.00,254.60,187.75,0,0.00,0,0,06-JAN-2025
OPTSTK,DRREDDY,30-Jan-2025,2025-01-30,1020.00,PE,0.75,6.50,0.35,1.00,0.05,41,261.671875,5625,4375,06-JAN-2025
OPTSTK,LT,27-Feb-2025,2025-02-27,3500.00,CE,0.00,0.00,0.00,359.55,217.80,0,0.00,0,0,06-JAN-2025
OPTSTK,LT,27-Mar-2025,2025-03-27,3500.00,CE,0.00,0.00,0.00,330.95,260.00,0,0.00,0,0,06-JAN-2025
OPTSTK,LT,30-Jan-2025,2025-01-30,3500.00,CE,207.55,225.00,149.25,157.55,157.55,256,1409.40682,41550,1500,06-JAN-2025
OPTSTK,LT,27-Feb-2025,2025-02-27,3650.00,CE,0.00,0.00,0.00,201.55,135.95,0,0.00,0,0,06-JAN-2025
OPTSTK,DRREDDY,27-Feb-2025,2025-02-27,1200.00,PE,0.00,0.00,0.00,49.65,1.55,0,0.00,0,0,06-JAN-2025
OPTSTK,LT,30-Jan-2025,2025-01-30,3550.00,PE,36.00,59.40,27.50,52.90,52.90,2463,13287.1394,134250,9150,06-JAN-2025
OPTSTK,LT,30-Jan-2025,2025-01-30,3550.00,CE,169.00,177.00,116.55,123.15,123.15,323,1784.69715,33000,7200,06-JAN-2025
OPTSTK,DRREDDY,30-Jan-2025,2025-01-30,1250.00,CE,101.55,109.85,101.55,102.80,107.25,3,25.40125,26875,0,06-JAN-2025
OPTSTK,DRREDDY,27-Mar-2025,2025-03-27,1440.00,CE,0.00,0.00,0.00,41.50,23.15,0,0.00,0,0,06-JAN-2025
OPTSTK,DRREDDY,30-Jan-2025,2025-01-30,1440.00,CE,8.25,8.75,5.50,8.25,8.25,306,2767.42218,113125,-42500,06-JAN-2025
OPTSTK,DRREDDY,30-Jan-2025,2025-01-30,1190.00,PE,2.40,2.55,2.30,2.30,0.10,16,119.246562,20000,9375,06-JAN-2025
OPTSTK,DRREDDY,30-Jan-2025,2025-01-30,1380.00,PE,40.05,57.00,40.00,47.00,47.00,294,2627.95093,165625,-25000,06-JAN-2025
OPTSTK,LT,27-Feb-2025,2025-02-27,3450.00,PE,0.00,0.00,0.00,93.20,64.30,0,0.00,0,0,06-JAN-2025
OPTSTK,SUNPHARMA,30-Jan-2025,2025-01-30,1640.00,PE,1.00,1.65,1.00,1.40,0.10,82,471.11085,20650,15400,06-JAN-2025
OPTSTK,SUNPHARMA,30-Jan-2025,2025-01-30,2020.00,PE,0.00,0.00,0.00,265.75,164.95,0,0.00,0,0,06-JAN-2025
OPTSTK,BALKRISIND,30-Jan-2025,2025-01-30,2850.00,CE,73.55,84.30,44.00,44.40,44.40,83,725.5689,31200,7800,06-JAN-2025
OPTSTK,BALKRISIND,27-Feb-2025,2025-02-27,2960.00,CE,0.00,0.00,0.00,120.70,46.45,0,0.00,0,0,06-JAN-2025
OPTSTK,BALKRISIND,27-Mar-2025,2025-03-27,2960.00,CE,0.00,0.00,0.00,159.65,75.40,0,0.00,0,0,06-JAN-2025
OPTSTK,SUNPHARMA,27-Mar-2025,2025-03-27,2000.00,CE,0.00,0.00,0.00,36.65,21.60,0,0.00,0,0,06-JAN-2025
OPTSTK,SUNPHARMA,30-Jan-2025,2025-01-30,1960.00,PE,112.00,112.35,108.15,111.35,111.35,14,101.49545,20300,2450,06-JAN-2025
OPTSTK,SUNPHARMA,27-Feb-2025,2025-02-27,1960.00,PE,0.00,0.00,0.00,210.30,112.25,0,0.00,0,0,06-JAN-2025
OPTSTK,SUNPHARMA,27-Feb-2025,2025-02-27,2120.00,CE,0.00,0.00,0.00,4.80,1.75,0,0.00,0,0,06-JAN-2025
OPTSTK,SUNPHARMA,27-Mar-2025,2025-03-27,1720.00,PE,0.00,0.00,0.00,24.40,12.70,0,0.00,0,0,06-JAN-2025
OPTSTK,BALKRISIND,27-Feb-2025,2025-02-27,2780.00,CE,0.00,0.00,0.00,203.00,105.40,0,0.00,0,0,06-JAN-2025
OPTSTK,SUNPHARMA,30-Jan-2025,2025-01-30,1640.00,CE,0.00,0.00,0.00,248.80,214.80,0,0.00,0,0,06-JAN-2025
OPTSTK,SUNPHARMA,27-Mar-2025,2025-03-27,1640.00,CE,0.00,0.00,0.00,241.50,235.35,0,0.00,0,0,06-JAN-2025
OPTSTK,BALKRISIND,30-Jan-2025,2025-01-30,2940.00,PE,0.00,0.00,0.00,128.40,222.45,0,0.00,600,0,06-JAN-2025
OPTSTK,BALKRISIND,27-Feb-2025,2025-02-27,2840.00,PE,0.00,0.00,0.00,151.85,171.20,0,0.00,0,0,06-JAN-2025
OPTSTK,BALKRISIND,27-Mar-2025,2025-03-27,2840.00,PE,0.00,0.00,0.00,176.35,190.40,0,0.00,0,0,06-JAN-2025
OPTSTK,SUNPHARMA,27-Feb-2025,2025-02-27,2120.00,PE,0.00,0.00,0.00,352.35,254.05,0,0.00,0,0,06-JAN-2025
OPTSTK,SUNPHARMA,30-Jan-2025,2025-01-30,2120.00,PE,0.00,0.00,0.00,249.65,263.30,0,0.00,0,0,06-JAN-2025
OPTSTK,SUNPHARMA,27-Feb-2025,2025-02-27,1720.00,PE,0.00,0.00,0.00,56.55,7.40,0,0.00,0,0,06-JAN-2025
OPTSTK,BALKRISIND,27-Feb-2025,2025-02-27,2720.00,CE,0.00,0.00,0.00,237.35,133.75,0,0.00,0,0,06-JAN-2025
OPTSTK,BALKRISIND,27-Mar-2025,2025-03-27,2720.00,PE,0.00,0.00,0.00,122.65,126.10,0,0.00,0,0,06-JAN-2025
OPTSTK,BALKRISIND,27-Feb-2025,2025-02-27,3200.00,PE,0.00,0.00,0.00,485.15,458.45,0,0.00,0,0,06-JAN-2025
OPTSTK,SUNPHARMA,30-Jan-2025,2025-01-30,1860.00,PE,33.00,46.80,28.50,37.20,37.20,1204,7999.7568,218400,-27300,06-JAN-2025
OPTSTK,BALKRISIND,30-Jan-2025,2025-01-30,2400.00,PE,8.95,9.75,7.70,9.15,9.15,33,238.4739,7800,7500,06-JAN-2025
OPTSTK,BALKRISIND,30-Jan-2025,2025-01-30,2960.00,PE,0.00,0.00,0.00,119.90,239.40,0,0.00,600,0,06-JAN-2025
OPTSTK,BALKRISIND,27-Mar-2025,2025-03-27,2960.00,PE,0.00,0.00,0.00,241.50,268.70,0,0.00,0,0,06-JAN-2025
OPTSTK,BALKRISIND,27-Mar-2025,2025-03-27,2400.00,PE,0.00,0.00,0.00,34.20,26.80,0,0.00,0,0,06-JAN-2025
OPTSTK,SUNPHARMA,27-Feb-2025,2025-02-27,1760.00,CE,0.00,0.00,0.00,81.00,118.35,0,0.00,0,0,06-JAN-2025
OPTSTK,SUNPHARMA,27-Feb-2025,2025-02-27,2160.00,CE,0.00,0.00,0.00,3.25,0.85,0,0.00,0,0,06-JAN-2025
OPTSTK,BALKRISIND,27-Feb-2025,2025-02-27,2440.00,PE,0.00,0.00,0.00,25.75,19.80,0,0.00,0,0,06-JAN-2025
OPTSTK,SUNPHARMA,30-Jan-2025,2025-01-30,1680.00,PE,1.25,2.40,1.25,2.10,2.10,71,417.965625,75250,2100,06-JAN-2025
OPTSTK,CYIENT,27-Mar-2025,2025-03-27,1760.00,CE,0.00,0.00,0.00,267.15,115.50,0,0.00,0,0,06-JAN-2025
OPTSTK,CYIENT,30-Jan-2025,2025-01-30,1760.00,PE,60.65,80.35,59.00,80.35,61.80,13,71.50725,8700,900,06-JAN-2025
OPTSTK,CYIENT,30-Jan-2025,2025-01-30,1760.00,CE,65.00,71.70,65.00,69.00,57.70,9,49.38945,3000,900,06-JAN-2025
OPTSTK,CYIENT,30-Jan-2025,2025-01-30,2000.00,CE,10.05,11.20,7.30,7.85,7.85,145,873.8307,90600,-11400,06-JAN-2025
OPTSTK,ICICIPRULI,30-Jan-2025,2025-01-30,780.00,PE,0.00,0.00,0.00,63.25,114.80,0,0.00,0,0,06-JAN-2025
OPTSTK,CYIENT,27-Feb-2025,2025-02-27,1660.00,CE,0.00,0.00,0.00,315.10,147.00,0,0.00,0,0,06-JAN-2025
OPTSTK,CYIENT,27-Feb-2025,2025-02-27,1860.00,PE,0.00,0.00,0.00,84.50,144.85,0,0.00,0,0,06-JAN-2025
OPTSTK,CYIENT,27-Mar-2025,2025-03-27,2040.00,CE,0.00,0.00,0.00,122.25,29.65,0,0.00,0,0,06-JAN-2025
OPTSTK,CYIENT,27-Feb-2025,2025-02-27,2200.00,PE,0.00,0.00,0.00,356.60,434.80,0,0.00,0,0,06-JAN-2025
OPTSTK,ICICIPRULI,27-Mar-2025,2025-03-27,720.00,PE,0.00,0.00,0.00,65.20,62.45,0,0.00,0,0,06-JAN-2025
OPTSTK,CYIENT,30-Jan-2025,2025-01-30,2020.00,CE,0.00,0.00,0.00,48.00,3.40,0,0.00,300,0,06-JAN-2025
OPTSTK,CYIENT,30-Jan-2025,2025-01-30,2020.00,PE,0.00,0.00,0.00,209.50,266.35,0,0.00,0,0,06-JAN-2025
OPTSTK,CYIENT,30-Jan-2025,2025-01-30,1440.00,PE,0.00,0.00,0.00,6.70,0.45,0,0.00,0,0,06-JAN-2025
OPTSTK,ICICIPRULI,30-Jan-2025,2025-01-30,680.00,CE,23.65,24.30,11.55,14.65,14.65,746,3892.86,244500,2250,06-JAN-2025
OPTSTK,ICICIPRULI,30-Jan-2025,2025-01-30,720.00,CE,7.85,7.90,3.55,4.45,4.45,321,1745.55,231750,-5250,06-JAN-2025
OPTSTK,ICICIPRULI,30-Jan-2025,2025-01-30,650.00,PE,9.40,17.80,8.35,14.65,14.65,292,1454.42625,245250,-3750,06-JAN-2025
OPTSTK,ICICIPRULI,30-Jan-2025,2025-01-30,650.00,CE,36.55,36.55,24.50,29.30,29.30,86,438.027375,157500,2250,06-JAN-2025
OPTSTK,CYIENT,30-Jan-2025,2025-01-30,1660.00,PE,0.00,0.00,0.00,15.25,22.35,0,0.00,3300,0,06-JAN-2025
OPTSTK,ICICIPRULI,27-Feb-2025,2025-02-27,730.00,PE,0.00,0.00,0.00,68.50,68.00,0,0.00,0,0,06-JAN-2025
OPTSTK,ICICIPRULI,30-Jan-2025,2025-01-30,730.00,PE,0.00,0.00,0.00,65.60,66.60,0,0.00,1500,0,06-JAN-2025
OPTSTK,ICICIPRULI,30-Jan-2025,2025-01-30,560.00,PE,0.00,0.00,0.00,1.45,0.05,0,0.00,1500,0,06-JAN-2025
OPTSTK,CYIENT,27-Mar-2025,2025-03-27,2040.00,PE,0.00,0.00,0.00,197.05,291.60,0,0.00,0,0,06-JAN-2025
OPTSTK,CYIENT,30-Jan-2025,2025-01-30,2040.00,PE,0.00,0.00,0.00,223.40,285.45,0,0.00,0,0,06-JAN-2025
OPTSTK,ICICIPRULI,27-Mar-2025,2025-03-27,700.00,CE,0.00,0.00,0.00,33.45,20.90,0,0.00,0,0,06-JAN-2025
OPTSTK,ICICIPRULI,27-Mar-2025,2025-03-27,700.00,PE,0.00,0.00,0.00,52.70,48.70,0,0.00,0,0,06-JAN-2025
FUTSTK,CYIENT,30-Jan-2025,2025-01-30,,,1766.90,1789.70,1735.10,1743.40,1743.40,1257,6630.8373,906300,-4500,06-JAN-2025
OPTSTK,CYIENT,27-Mar-2025,2025-03-27,2080.00,PE,0.00,0.00,0.00,221.90,325.10,0,0.00,0,0,06-JAN-2025
OPTSTK,CYIENT,27-Mar-2025,2025-03-27,2160.00,PE,0.00,0.00,0.00,275.70,395.05,0,0.00,0,0,06-JAN-2025
OPTSTK,CYIENT,30-Jan-2025,2025-01-30,2080.00,CE,4.50,4.50,3.85,3.95,1.45,7,43.7655,5700,-300,06-JAN-2025
OPTSTK,CYIENT,27-Feb-2025,2025-02-27,2080.00,CE,0.00,0.00,0.00,82.25,10.75,0,0.00,0,0,06-JAN-2025
OPTSTK,ICICIPRULI,27-Feb-2025,2025-02-27,710.00,CE,0.00,0.00,0.00,21.55,11.10,0,0.00,0,0,06-JAN-2025
OPTSTK,CYIENT,30-Jan-2025,2025-01-30,1780.00,PE,84.00,93.00,84.00,93.00,72.80,3,16.803,28200,300,06-JAN-2025
OPTSTK,HCLTECH,27-Mar-2025,2025-03-27,2120.00,CE,0.00,0.00,0.00,37.80,32.35,0,0.00,0,0,06-JAN-2025
OPTSTK,HCLTECH,30-Jan-2025,2025-01-30,2120.00,CE,6.05,8.05,4.90,6.45,6.45,548,4077.97967,140000,2450,06-JAN-2025
OPTSTK,HCLTECH,30-Jan-2025,2025-01-30,2040.00,CE,16.60,21.40,13.50,17.05,17.05,772,5558.41177,341250,-3150,06-JAN-2025
OPTSTK,HCLTECH,30-Jan-2025,2025-01-30,2040.00,PE,108.00,124.25,105.85,113.75,94.25,23,173.3676,12600,350,06-JAN-2025
OPTSTK,HCLTECH,27-Feb-2025,2025-02-27,2140.00,CE,0.00,0.00,0.00,19.30,14.60,0,0.00,0,0,06-JAN-2025
OPTSTK,HCLTECH,27-Feb-2025,2025-02-27,1640.00,CE,0.00,0.00,0.00,250.10,329.45,0,0.00,0,0,06-JAN-2025
OPTSTK,HCLTECH,30-Jan-2025,2025-01-30,1640.00,PE,0.85,1.70,0.85,1.70,1.70,131,752.5987,156100,30100,06-JAN-2025
OPTSTK,HCLTECH,27-Feb-2025,2025-02-27,1840.00,CE,0.00,0.00,0.00,115.95,148.50,0,0.00,0,0,06-JAN-2025
OPTSTK,HCLTECH,30-Jan-2025,2025-01-30,2120.00,PE,161.05,185.85,161.05,185.85,162.05,2,16.05415,350,350,06-JAN-2025
OPTSTK,HCLTECH,27-Feb-2025,2025-02-27,2100.00,CE,0.00,0.00,0.00,26.20,21.80,0,0.00,0,0,06-JAN-2025
OPTSTK,HCLTECH,30-Jan-2025,2025-01-30,2100.00,CE,10.65,11.20,6.35,8.30,8.30,1941,14320.8000,478100,43400,06-JAN-2025
OPTSTK,PAYTM,27-Feb-2025,2025-02-27,980.00,CE,0.00,0.00,0.00,130.25,81.90,0,0.00,0,0,06-JAN-2025
OPTSTK,HCLTECH,27-Feb-2025,2025-02-27,1940.00,PE,0.00,0.00,0.00,90.75,49.75,0,0.00,0,0,06-JAN-2025
OPTSTK,HCLTECH,30-Jan-2025,2025-01-30,1940.00,CE,50.00,63.30,43.30,51.90,51.90,2500,17425.6096,305550,19950,06-JAN-2025
OPTSTK,PAYTM,27-Mar-2025,2025-03-27,1160.00,PE,0.00,0.00,0.00,224.40,219.20,0,0.00,0,0,06-JAN-2025
OPTSTK,HCLTECH,27-Mar-2025,2025-03-27,1600.00,PE,0.00,0.00,0.00,7.45,1.25,0,0.00,0,0,06-JAN-2025
OPTSTK,HCLTECH,30-Jan-2025,2025-01-30,1920.00,PE,38.05,48.00,30.30,40.30,40.30,935,6413.87057,217700,-32900,06-JAN-2025
OPTSTK,HCLTECH,27-Mar-2025,2025-03-27,2120.00,PE,0.00,0.00,0.00,218.75,168.15,0,0.00,0,0,06-JAN-2025
OPTSTK,HCLTECH,27-Mar-2025,2025-03-27,1840.00,PE,0.00,0.00,0.00,57.10,26.80,0,0.00,0,0,06-JAN-2025
OPTSTK,HCLTECH,27-Mar-2025,2025-03-27,1840.00,CE,0.00,0.00,0.00,151.10,166.85,0,0.00,0,0,06-JAN-2025
OPTSTK,HCLTECH,30-Jan-2025,2025-01-30,2200.00,CE,2.80,3.25,2.00,2.65,2.65,608,4687.04775,493850,11550,06-JAN-2025
OPTSTK,HCLTECH,27-Feb-2025,2025-02-27,1940.00,CE,0.00,0.00,0.00,75.80,81.40,0,0.00,0,0,06-JAN-2025
OPTSTK,HCLTECH,30-Jan-2025,2025-01-30,1940.00,PE,47.30,58.20,37.85,49.40,49.40,2468,17171.8251,263900,68250,06-JAN-2025
OPTSTK,HCLTECH,30-Jan-2025,2025-01-30,2140.00,PE,0.00,0.00,0.00,284.00,180.60,0,0.00,0,0,06-JAN-2025
OPTSTK,PAYTM,27-Mar-2025,2025-03-27,920.00,CE,0.00,0.00,0.00,185.40,133.45,0,0.00,0,0,06-JAN-2025
OPTSTK,PAYTM,27-Feb-2025,2025-02-27,880.00,CE,0.00,0.00,0.00,159.45,136.60,0,0.00,0,0,06-JAN-2025
OPTSTK,PAYTM,27-Mar-2025,2025-03-27,880.00,PE,0.00,0.00,0.00,69.85,54.30,0,0.00,0,0,06-JAN-2025
OPTSTK,HCLTECH,30-Jan-2025,2025-01-30,1860.00,CE,112.00,113.30,88.90,107.30,107.30,46,315.523425,84700,-4900,06-JAN-2025
OPTSTK,PAYTM,27-Mar-2025,2025-03-27,800.00,PE,0.00,0.00,0.00,42.70,28.85,0,0.00,0,0,06-JAN-2025
OPTSTK,HCLTECH,27-Mar-2025,2025-03-27,1760.00,PE,0.00,0.00,0.00,32.60,11.80,0,0.00,0,0,06-JAN-2025
OPTSTK,HCLTECH,30-Jan-2025,2025-01-30,1760.00,PE,5.40,7.45,4.20,6.65,6.65,140,865.121775,76300,-7000,06-JAN-2025
OPTSTK,HCLTECH,27-Mar-2025,2025-03-27,2160.00,CE,0.00,0.00,0.00,29.75,23.90,0,0.00,0,0,06-JAN-2025
OPTSTK,PIDILITIND,30-Jan-2025,2025-01-30,2600.00,CE,0.00,0.00,0.00,599.50,307.20,0,0.00,0,0,06-JAN-2025
OPTSTK,PIDILITIND,27-Mar-2025,2025-03-27,3280.00,CE,0.00,0.00,0.00,49.40,18.95,0,0.00,0,0,06-JAN-2025
OPTSTK,PIDILITIND,27-Mar-2025,2025-03-27,2400.00,CE,0.00,0.00,0.00,580.90,531.70,0,0.00,0,0,06-JAN-2025
OPTSTK,PIDILITIND,27-Mar-2025,2025-03-27,2400.00,PE,0.00,0.00,0.00,5.15,1.70,0,0.00,0,0,06-JAN-2025
OPTSTK,PIDILITIND,27-Feb-2025,2025-02-27,2440.00,PE,0.00,0.00,0.00,3.35,0.75,0,0.00,0,0,06-JAN-2025
OPTSTK,PIDILITIND,27-Feb-2025,2025-02-27,2440.00,CE,0.00,0.00,0.00,651.25,478.85,0,0.00,0,0,06-JAN-2025
OPTSTK,PIDILITIND,30-Jan-2025,2025-01-30,2620.00,CE,0.00,0.00,0.00,463.75,287.75,0,0.00,0,0,06-JAN-2025
OPTSTK,PIDILITIND,27-Feb-2025,2025-02-27,2520.00,CE,0.00,0.00,0.00,575.95,401.20,0,0.00,0,0,06-JAN-2025
OPTSTK,PIDILITIND,30-Jan-2025,2025-01-30,3020.00,CE,34.35,34.60,26.50,32.90,32.90,62,472.709375,8750,2000,06-JAN-2025
OPTSTK,PIDILITIND,27-Mar-2025,2025-03-27,2560.00,PE,0.00,0.00,0.00,17.35,9.20,0,0.00,0,0,06-JAN-2025
OPTSTK,PIDILITIND,27-Mar-2025,2025-03-27,2560.00,CE,0.00,0.00,0.00,436.00,381.55,0,0.00,0,0,06-JAN-2025
OPTSTK,PIDILITIND,30-Jan-2025,2025-01-30,2940.00,PE,69.65,103.95,69.65,98.90,79.15,25,189.1755,23750,-1000,06-JAN-2025
OPTSTK,PIDILITIND,27-Feb-2025,2025-02-27,2940.00,CE,0.00,0.00,0.00,135.25,82.30,0,0.00,0,0,06-JAN-2025
OPTSTK,PIDILITIND,27-Feb-2025,2025-02-27,2800.00,CE,0.00,0.00,0.00,335.60,162.15,0,0.00,0,0,06-JAN-2025
OPTSTK,PIDILITIND,27-Feb-2025,2025-02-27,3120.00,PE,0.00,0.00,0.00,160.50,221.80,0,0.00,0,0,06-JAN-2025
OPTSTK,PIDILITIND,27-Feb-2025,2025-02-27,2780.00,PE,0.00,0.00,0.00,46.35,34.90,0,0.00,0,0,06-JAN-2025
OPTSTK,PIDILITIND,27-Feb-2025,2025-02-27,2940.00,PE,0.00,0.00,0.00,105.90,99.40,0,0.00,0,0,06-JAN-2025
OPTSTK,PIDILITIND,27-Mar-2025,2025-03-27,2840.00,CE,0.00,0.00,0.00,224.70,165.00,0,0.00,0,0,06-JAN-2025
OPTSTK,PIDILITIND,30-Jan-2025,2025-01-30,2840.00,CE,0.00,0.00,0.00,109.20,100.15,0,0.00,3000,0,06-JAN-2025
OPTSTK,PIDILITIND,30-Jan-2025,2025-01-30,2620.00,PE,5.25,7.80,5.05,7.70,1.40,94,617.043875,20000,20000,06-JAN-2025
OPTSTK,PIDILITIND,30-Jan-2025,2025-01-30,3680.00,CE,0.00,0.00,0.00,5.00,0.05,0,0.00,500,0,06-JAN-2025
OPTSTK,PIDILITIND,27-Feb-2025,2025-02-27,3060.00,PE,0.00,0.00,0.00,172.15,175.90,0,0.00,0,0,06-JAN-2025
OPTSTK,PIDILITIND,30-Jan-2025,2025-01-30,3060.00,CE,28.70,28.70,17.90,20.45,14.15,37,284.9225,25750,1750,06-JAN-2025
OPTSTK,PIDILITIND,27-Feb-2025,2025-02-27,3060.00,CE,0.00,0.00,0.00,82.95,39.90,0,0.00,0,0,06-JAN-2025
OPTSTK,PIDILITIND,30-Jan-2025,2025-01-30,3060.00,PE,187.00,187.00,187.00,187.00,165.85,1,8.1175,500,-250,06-JAN-2025
OPTSTK,PIDILITIND,27-Mar-2025,2025-03-27,3120.00,CE,0.00,0.00,0.00,91.65,47.25,0,0.00,0,0,06-JAN-2025
OPTSTK,PIDILITIND,30-Jan-2025,2025-01-30,3300.00,CE,3.05,3.05,2.75,2.75,0.45,2,16.5145,20250,-250,06-JAN-2025
OPTSTK,PIDILITIND,30-Jan-2025,2025-01-30,3200.00,CE,8.40,8.40,4.85,6.75,6.75,203,1626.98837,61750,-3250,06-JAN-2025
OPTSTK,PIDILITIND,27-Mar-2025,2025-03-27,3120.00,PE,0.00,0.00,0.00,222.85,226.65,0,0.00,0,0,06-JAN-2025
OPTSTK,PIDILITIND,30-Jan-2025,2025-01-30,3120.00,PE,230.00,230.00,229.95,230.00,218.30,5,41.874875,2250,250,06-JAN-2025
OPTSTK,PIDILITIND,27-Mar-2025,2025-03-27,2960.00,PE,0.00,0.00,0.00,131.70,123.65,0,0.00,0,0,06-JAN-2025
OPTSTK,SRF,30-Jan-2025,2025-01-30,2280.00,CE,70.70,77.70,56.05,62.30,62.30,424,3731.53631,64875,9000,06-JAN-2025
OPTSTK,SRF,27-Mar-2025,2025-03-27,2400.00,CE,0.00,0.00,0.00,97.30,70.45,0,0.00,0,0,06-JAN-2025
OPTSTK,SRF,27-Mar-2025,2025-03-27,2400.00,PE,0.00,0.00,0.00,191.80,157.85,0,0.00,0,0,06-JAN-2025
OPTSTK,AXISBANK,27-Feb-2025,2025-02-27,1090.00,CE,0.00,0.00,0.00,40.75,31.00,0,0.00,1875,0,06-JAN-2025
OPTSTK,AXISBANK,30-Jan-2025,2025-01-30,1090.00,PE,24.35,42.25,23.30,39.25,39.25,1257,8813.26875,540625,11250,06-JAN-2025
OPTSTK,AXISBANK,27-Feb-2025,2025-02-27,1090.00,PE,0.00,0.00,0.00,51.35,47.20,0,0.00,0,0,06-JAN-2025
OPTSTK,JSL,30-Jan-2025,2025-01-30,580.00,PE,1.90,3.15,1.50,3.00,3.00,27,121.886962,14725,10075,06-JAN-2025
OPTSTK,SRF,30-Jan-2025,2025-01-30,2240.00,CE,94.45,102.00,78.15,86.40,86.40,194,1694.86462,49500,3750,06-JAN-2025
OPTSTK,SRF,27-Mar-2025,2025-03-27,2240.00,CE,0.00,0.00,0.00,168.35,143.80,0,0.00,0,0,06-JAN-2025
OPTSTK,JSL,30-Jan-2025,2025-01-30,780.00,PE,0.00,0.00,0.00,102.45,114.20,0,0.00,0,0,06-JAN-2025
OPTSTK,SRF,30-Jan-2025,2025-01-30,2260.00,PE,46.90,59.05,38.35,56.40,56.40,184,1595.0325,31875,3375,06-JAN-2025
OPTSTK,JSL,30-Jan-2025,2025-01-30,580.00,CE,0.00,0.00,0.00,134.05,89.00,0,0.00,0,0,06-JAN-2025
OPTSTK,JSL,27-Feb-2025,2025-02-27,580.00,PE,0.00,0.00,0.00,16.75,7.75,0,0.00,0,0,06-JAN-2025
OPTSTK,SRF,27-Mar-2025,2025-03-27,1960.00,CE,0.00,0.00,0.00,360.75,355.10,0,0.00,0,0,06-JAN-2025
OPTSTK,SRF,27-Feb-2025,2025-02-27,1960.00,CE,0.00,0.00,0.00,363.35,339.90,0,0.00,0,0,06-JAN-2025
OPTSTK,AXISBANK,27-Feb-2025,2025-02-27,1110.00,CE,0.00,0.00,0.00,42.90,23.55,0,0.00,0,0,06-JAN-2025
OPTSTK,AXISBANK,27-Feb-2025,2025-02-27,1110.00,PE,0.00,0.00,0.00,62.30,59.50,0,0.00,0,0,06-JAN-2025
OPTSTK,SRF,27-Feb-2025,2025-02-27,1840.00,CE,0.00,0.00,0.00,466.35,455.60,0,0.00,0,0,06-JAN-2025
OPTSTK,SRF,27-Feb-2025,2025-02-27,1840.00,PE,0.00,0.00,0.00,10.75,0.60,0,0.00,0,0,06-JAN-2025
OPTSTK,SRF,30-Jan-2025,2025-01-30,2120.00,CE,172.00,172.00,172.00,172.00,174.95,1,8.595,1125,-375,06-JAN-2025
OPTSTK,AXISBANK,27-Mar-2025,2025-03-27,1100.00,CE,0.00,0.00,0.00,60.35,38.40,0,0.00,0,0,06-JAN-2025
OPTSTK,AXISBANK,30-Jan-2025,2025-01-30,1100.00,PE,29.15,49.00,28.30,45.50,45.50,1340,9533.46125,1428125,-111875,06-JAN-2025
OPTSTK,SRF,27-Mar-2025,2025-03-27,2360.00,PE,0.00,0.00,0.00,167.70,133.35,0,0.00,0,0,06-JAN-2025
FUTSTK,SRF,27-Mar-2025,2025-03-27,,,2300.00,2307.80,2300.00,2306.25,2311.35,3,25.9276875,8250,375,06-JAN-2025
OPTSTK,JSL,30-Jan-2025,2025-01-30,640.00,PE,9.75,15.10,8.90,14.95,14.95,121,611.485075,79050,21700,06-JAN-2025
OPTSTK,JSL,30-Jan-2025,2025-01-30,640.00,CE,0.00,0.00,0.00,90.55,41.65,0,0.00,0,0,06-JAN-2025
OPTSTK,SRF,27-Mar-2025,2025-03-27,1920.00,CE,0.00,0.00,0.00,394.35,391.50,0,0.00,0,0,06-JAN-2025
OPTSTK,JSL,30-Jan-2025,2025-01-30,660.00,PE,15.75,21.55,14.55,21.05,22.95,37,194.2739,22475,-1550,06-JAN-2025
OPTSTK,AXISBANK,27-Feb-2025,2025-02-27,1030.00,CE,0.00,0.00,0.00,85.45,63.00,0,0.00,0,0,06-JAN-2025
OPTSTK,AXISBANK,30-Jan-2025,2025-01-30,1090.00,CE,25.95,27.50,16.85,17.90,17.90,2073,14396.235,615000,100625,06-JAN-2025
OPTSTK,SRF,27-Feb-2025,2025-02-27,2260.00,PE,0.00,0.00,0.00,98.40,67.10,0,0.00,0,0,06-JAN-2025
OPTSTK,SRF,30-Jan-2025,2025-01-30,2260.00,CE,78.90,89.90,68.50,74.90,74.90,181,1586.65987,55125,1125,06-JAN-2025
OPTSTK,LTIM,30-Jan-2025,2025-01-30,6700.00,PE,0.00,0.00,0.00,927.80,941.70,0,0.00,2850,0,06-JAN-2025
OPTSTK,LTIM,30-Jan-2025,2025-01-30,5850.00,CE,185.40,210.00,137.80,143.30,143.30,2008,18162.4635,30600,13200,06-JAN-2025
OPTSTK,LTIM,30-Jan-2025,2025-01-30,5850.00,PE,171.50,246.40,158.20,241.70,241.70,434,3928.32052,10950,5550,06-JAN-2025
OPTSTK,LTIM,30-Jan-2025,2025-01-30,6300.00,CE,45.00,57.00,33.20,35.40,35.40,729,6940.146,45450,-3750,06-JAN-2025
OPTSTK,LTIM,30-Jan-2025,2025-01-30,6150.00,CE,80.00,88.05,55.70,56.75,56.75,67,625.023675,6900,450,06-JAN-2025
OPTSTK,LTIM,30-Jan-2025,2025-01-30,7500.00,CE,0.00,0.00,0.00,3.90,0.05,0,0.00,750,0,06-JAN-2025
OPTSTK,LTIM,27-Mar-2025,2025-03-27,5600.00,CE,0.00,0.00,0.00,516.95,411.45,0,0.00,0,0,06-JAN-2025
OPTSTK,LTIM,30-Jan-2025,2025-01-30,5650.00,PE,98.00,149.50,85.35,147.90,147.90,197,1705.5987,21900,2250,06-JAN-2025
OPTSTK,LTIM,30-Jan-2025,2025-01-30,5100.00,PE,12.05,26.65,12.05,25.45,25.45,125,960.39075,13950,5400,06-JAN-2025
OPTSTK,LTIM,30-Jan-2025,2025-01-30,5100.00,CE,0.00,0.00,0.00,575.85,661.00,0,0.00,300,0,06-JAN-2025
OPTSTK,LTIM,27-Feb-2025,2025-02-27,5100.00,CE,0.00,0.00,0.00,1194.60,711.70,0,0.00,0,0,06-JAN-2025
OPTSTK,LTIM,27-Mar-2025,2025-03-27,6800.00,PE,0.00,0.00,0.00,1031.95,1014.30,0,0.00,0,0,06-JAN-2025
OPTSTK,LTIM,30-Jan-2025,2025-01-30,6200.00,PE,428.80,445.15,381.05,445.15,474.10,21,208.0245,21900,1950,06-JAN-2025
OPTSTK,LTIM,30-Jan-2025,2025-01-30,6200.00,CE,52.85,77.00,46.40,49.60,49.60,1510,14183.6959,94200,3150,06-JAN-2025
OPTSTK,LTIM,27-Feb-2025,2025-02-27,4900.00,PE,0.00,0.00,0.00,24.40,13.45,0,0.00,0,0,06-JAN-2025
OPTSTK,LTIM,27-Feb-2025,2025-02-27,4900.00,CE,0.00,0.00,0.00,1372.50,891.65,0,0.00,0,0,06-JAN-2025
OPTSTK,LTIM,27-Feb-2025,2025-02-27,5700.00,CE,0.00,0.00,0.00,725.00,283.85,0,0.00,0,0,06-JAN-2025
OPTSTK,LTIM,30-Jan-2025,2025-01-30,5700.00,CE,243.60,300.80,209.50,218.55,218.55,457,4079.77365,77850,600,06-JAN-2025
OPTSTK,LTIM,27-Feb-2025,2025-02-27,5600.00,CE,0.00,0.00,0.00,795.20,340.25,0,0.00,0,0,06-JAN-2025
OPTSTK,LTIM,27-Feb-2025,2025-02-27,6100.00,PE,0.00,0.00,0.00,312.70,432.30,0,0.00,0,0,06-JAN-2025
OPTSTK,LTIM,27-Feb-2025,2025-02-27,6800.00,CE,0.00,0.00,0.00,205.40,17.65,0,0.00,0,0,06-JAN-2025
OPTSTK,LTIM,30-Jan-2025,2025-01-30,6800.00,PE,0.00,0.00,0.00,1020.00,1040.05,0,0.00,150,0,06-JAN-2025
OPTSTK,LTIM,27-Feb-2025,2025-02-27,5700.00,PE,0.00,0.00,0.00,300.00,198.00,0,0.00,300,0,06-JAN-2025
OPTSTK,LTIM,27-Feb-2025,2025-02-27,6100.00,CE,172.00,172.00,172.00,172.00,122.00,1,9.408,0,-150,06-JAN-2025
OPTSTK,LTIM,30-Jan-2025,2025-01-30,5700.00,PE,118.55,171.00,98.55,167.20,167.20,950,8316.6636,96150,8400,06-JAN-2025
OPTSTK,LTIM,30-Jan-2025,2025-01-30,6000.00,CE,101.60,140.70,88.00,92.80,92.80,4301,39445.2820,123300,-36600,06-JAN-2025
OPTSTK,LTIM,27-Mar-2025,2025-03-27,6000.00,CE,0.00,0.00,0.00,324.20,220.85,0,0.00,0,0,06-JAN-2025
OPTSTK,LTIM,27-Feb-2025,2025-02-27,6500.00,CE,0.00,0.00,0.00,302.65,43.30,0,0.00,0,0,06-JAN-2025
OPTSTK,LTIM,27-Mar-2025,2025-03-27,6800.00,CE,0.00,0.00,0.00,107.10,45.50,0,0.00,0,0,06-JAN-2025
OPTSTK,LTIM,30-Jan-2025,2025-01-30,6800.00,CE,9.20,13.70,8.95,9.20,1.50,72,735.523725,24750,1050,06-JAN-2025
OPTSTK,LTIM,27-Feb-2025,2025-02-27,6800.00,PE,0.00,0.00,0.00,723.00,1021.30,0,0.00,0,0,06-JAN-2025
OPTSTK,LTIM,27-Feb-2025,2025-02-27,6200.00,PE,0.00,0.00,0.00,360.20,505.20,0,0.00,0,0,06-JAN-2025
OPTSTK,LTIM,27-Mar-2025,2025-03-27,6200.00,PE,0.00,0.00,0.00,586.60,532.65,0,0.00,0,0,06-JAN-2025
OPTSTK,BANKBARODA,27-Mar-2025,2025-03-27,245.00,PE,0.00,0.00,0.00,17.10,22.80,0,0.00,0,0,06-JAN-2025
OPTSTK,BANKBARODA,30-Jan-2025,2025-01-30,255.00,PE,18.95,27.45,18.95,27.20,27.10,33,268.7139,772200,-26325,06-JAN-2025
OPTSTK,BANKBARODA,30-Jan-2025,2025-01-30,265.00,PE,34.60,34.60,34.60,34.60,36.30,5,43.8165,412425,-14625,06-JAN-2025
OPTSTK,BANKBARODA,27-Feb-2025,2025-02-27,265.00,PE,0.00,0.00,0.00,27.45,36.80,0,0.00,0,0,06-JAN-2025
OPTSTK,BANKBARODA,30-Jan-2025,2025-01-30,300.00,CE,0.10,0.15,0.10,0.15,0.05,47,412.599037,637650,-17550,06-JAN-2025
OPTSTK,BANKBARODA,30-Jan-2025,2025-01-30,222.50,PE,1.55,5.15,1.45,4.95,4.95,778,5147.87568,517725,64350,06-JAN-2025
OPTSTK,BANKBARODA,27-Feb-2025,2025-02-27,222.50,PE,0.00,0.00,0.00,5.95,8.25,0,0.00,0,0,06-JAN-2025
OPTSTK,BANKBARODA,30-Jan-2025,2025-01-30,230.00,CE,13.10,13.10,6.65,6.90,6.90,3918,27251.7394,3264300,2696850,06-JAN-2025
OPTSTK,BANKBARODA,27-Feb-2025,2025-02-27,280.00,CE,1.45,1.45,1.45,1.45,0.95,1,8.2324125,17550,-2925,06-JAN-2025
OPTSTK,BANKBARODA,27-Mar-2025,2025-03-27,280.00,CE,0.00,0.00,0.00,10.15,2.35,0,0.00,0,0,06-JAN-2025
OPTSTK,BANKBARODA,27-Mar-2025,2025-03-27,280.00,PE,0.00,0.00,0.00,38.45,50.30,0,0.00,0,0,06-JAN-2025
OPTSTK,BANKBARODA,27-Feb-2025,2025-02-27,280.00,PE,0.00,0.00,0.00,37.35,50.30,0,0.00,0,0,06-JAN-2025
OPTSTK,BANKBARODA,27-Mar-2025,2025-03-27,220.00,CE,0.00,0.00,0.00,38.10,20.60,0,0.00,0,0,06-JAN-2025
OPTSTK,BANKBARODA,27-Feb-2025,2025-02-27,262.50,CE,0.00,0.00,0.00,4.25,2.60,0,0.00,2925,0,06-JAN-2025
OPTSTK,BANKBARODA,27-Feb-2025,2025-02-27,262.50,PE,0.00,0.00,0.00,24.25,34.65,0,0.00,0,0,06-JAN-2025
OPTSTK,BANKBARODA,30-Jan-2025,2025-01-30,262.50,CE,1.30,1.30,0.50,0.55,0.55,323,2486.13592,614250,-29250,06-JAN-2025
OPTSTK,BANKBARODA,30-Jan-2025,2025-01-30,262.50,PE,28.30,28.30,28.30,28.30,33.95,1,8.5059,187200,-2925,06-JAN-2025
OPTSTK,BANKBARODA,27-Feb-2025,2025-02-27,240.00,PE,9.75,14.65,9.75,14.20,17.60,23,170.235,143325,0,06-JAN-2025
OPTSTK,BANKBARODA,30-Jan-2025,2025-01-30,205.00,PE,0.55,1.40,0.45,1.30,1.30,1067,6426.33615,930150,40950,06-JAN-2025
OPTSTK,BANKBARODA,27-Feb-2025,2025-02-27,205.00,PE,0.00,0.00,0.00,3.85,2.90,0,0.00,0,0,06-JAN-2025
OPTSTK,BANKBARODA,27-Feb-2025,2025-02-27,275.00,CE,0.00,0.00,0.00,12.85,1.30,0,0.00,0,0,06-JAN-2025
OPTSTK,BANKBARODA,27-Feb-2025,2025-02-27,250.00,PE,20.35,21.15,20.35,21.15,24.60,4,31.70115,35100,8775,06-JAN-2025
OPTSTK,BANKBARODA,27-Mar-2025,2025-03-27,250.00,CE,0.00,0.00,0.00,20.80,7.80,0,0.00,0,0,06-JAN-2025
OPTSTK,BANKBARODA,27-Mar-2025,2025-03-27,260.00,PE,0.00,0.00,0.00,25.20,33.60,0,0.00,0,0,06-JAN-2025
OPTSTK,BANKBARODA,30-Jan-2025,2025-01-30,260.00,CE,1.65,1.70,0.60,0.70,0.70,2756,21029.4556,6742125,476775,06-JAN-2025
OPTSTK,BANKBARODA,30-Jan-2025,2025-01-30,295.00,CE,0.00,0.00,0.00,0.15,0.05,0,0.00,152100,0,06-JAN-2025
OPTSTK,BANKBARODA,27-Feb-2025,2025-02-27,285.00,CE,0.00,0.00,0.00,10.05,0.70,0,0.00,0,0,06-JAN-2025
OPTSTK,BANKBARODA,27-Feb-2025,2025-02-27,197.50,CE,0.00,0.00,0.00,53.15,33.95,0,0.00,0,0,06-JAN-2025
OPTSTK,BANKBARODA,30-Jan-2025,2025-01-30,197.50,CE,0.00,0.00,0.00,55.40,31.70,0,0.00,0,0,06-JAN-2025
OPTSTK,BANKBARODA,30-Jan-2025,2025-01-30,287.50,CE,0.20,0.20,0.20,0.20,0.05,6,50.49135,175500,14625,06-JAN-2025
OPTSTK,BANKBARODA,27-Feb-2025,2025-02-27,222.50,CE,0.00,0.00,0.00,32.95,15.85,0,0.00,0,0,06-JAN-2025
OPTSTK,CHOLAFIN,30-Jan-2025,2025-01-30,1320.00,CE,47.95,55.65,27.00,30.10,30.10,1481,12584.1553,248750,-20625,06-JAN-2025
OPTSTK,CHOLAFIN,30-Jan-2025,2025-01-30,1460.00,PE,0.00,0.00,0.00,198.85,163.80,0,0.00,0,0,06-JAN-2025
OPTSTK,DEEPAKNTR,30-Jan-2025,2025-01-30,3100.00,PE,0.00,0.00,0.00,505.00,665.45,0,0.00,3000,0,06-JAN-2025
OPTSTK,DEEPAKNTR,30-Jan-2025,2025-01-30,3100.00,CE,1.30,1.30,1.30,1.30,1.30,1,9.3039,3600,0,06-JAN-2025
OPTSTK,DEEPAKNTR,27-Mar-2025,2025-03-27,2400.00,PE,0.00,0.00,0.00,96.40,113.00,0,0.00,0,0,06-JAN-2025
OPTSTK,CHOLAFIN,27-Feb-2025,2025-02-27,1280.00,CE,0.00,0.00,0.00,101.80,77.45,0,0.00,0,0,06-JAN-2025
OPTSTK,CHOLAFIN,27-Feb-2025,2025-02-27,1160.00,CE,0.00,0.00,0.00,170.25,158.90,0,0.00,0,0,06-JAN-2025
OPTSTK,DEEPAKNTR,27-Mar-2025,2025-03-27,2000.00,PE,0.00,0.00,0.00,14.35,11.45,0,0.00,0,0,06-JAN-2025
OPTSTK,CHOLAFIN,30-Jan-2025,2025-01-30,1140.00,CE,0.00,0.00,0.00,135.90,161.85,0,0.00,13125,0,06-JAN-2025
OPTSTK,DEEPAKNTR,27-Feb-2025,2025-02-27,2800.00,PE,0.00,0.00,0.00,229.50,371.05,0,0.00,0,0,06-JAN-2025
OPTSTK,DEEPAKNTR,30-Jan-2025,2025-01-30,2200.00,PE,8.30,11.95,6.60,11.05,11.05,1232,8165.50125,104100,-14100,06-JAN-2025
OPTSTK,CHOLAFIN,27-Feb-2025,2025-02-27,1440.00,CE,0.00,0.00,0.00,45.20,20.85,0,0.00,0,0,06-JAN-2025
OPTSTK,DEEPAKNTR,27-Mar-2025,2025-03-27,2600.00,PE,0.00,0.00,0.00,182.60,226.20,0,0.00,0,0,06-JAN-2025
OPTSTK,CHOLAFIN,27-Mar-2025,2025-03-27,1120.00,PE,0.00,0.00,0.00,49.40,14.30,0,0.00,0,0,06-JAN-2025
OPTSTK,CHOLAFIN,27-Feb-2025,2025-02-27,1080.00,PE,0.00,0.00,0.00,20.75,3.95,0,0.00,0,0,06-JAN-2025
OPTSTK,CHOLAFIN,27-Mar-2025,2025-03-27,1520.00,CE,0.00,0.00,0.00,14.55,19.60,0,0.00,0,0,06-JAN-2025
OPTSTK,CHOLAFIN,27-Feb-2025,2025-02-27,1040.00,PE,0.00,0.00,0.00,13.90,1.85,0,0.00,0,0,06-JAN-2025
OPTSTK,DEEPAKNTR,30-Jan-2025,2025-01-30,2650.00,PE,229.60,234.85,221.45,221.45,231.90,6,51.7797,21900,0,06-JAN-2025
OPTSTK,DEEPAKNTR,27-Feb-2025,2025-02-27,2650.00,PE,0.00,0.00,0.00,185.25,247.10,0,0.00,0,0,06-JAN-2025
OPTSTK,CHOLAFIN,27-Feb-2025,2025-02-27,1160.00,PE,0.00,0.00,0.00,40.95,13.60,0,0.00,0,0,06-JAN-2025
OPTSTK,CHOLAFIN,27-Mar-2025,2025-03-27,1160.00,CE,0.00,0.00,0.00,115.90,173.40,0,0.00,0,0,06-JAN-2025
OPTSTK,CHOLAFIN,30-Jan-2025,2025-01-30,1020.00,PE,0.00,0.00,0.00,0.55,0.05,0,0.00,68750,0,06-JAN-2025
OPTSTK,CHOLAFIN,27-Mar-2025,2025-03-27,1200.00,PE,0.00,0.00,0.00,84.60,32.75,0,0.00,0,0,06-JAN-2025
OPTSTK,CHOLAFIN,27-Feb-2025,2025-02-27,1120.00,CE,0.00,0.00,0.00,198.25,192.55,0,0.00,0,0,06-JAN-2025
OPTSTK,DEEPAKNTR,30-Jan-2025,2025-01-30,2850.00,CE,3.20,3.85,2.50,2.55,1.85,12,102.71745,48600,0,06-JAN-2025
OPTSTK,DEEPAKNTR,30-Jan-2025,2025-01-30,2750.00,CE,6.80,8.05,5.40,5.80,5.80,184,1521.60015,38100,-5400,06-JAN-2025
OPTSTK,DEEPAKNTR,27-Feb-2025,2025-02-27,2750.00,PE,0.00,0.00,0.00,246.60,327.90,0,0.00,0,0,06-JAN-2025
OPTSTK,DEEPAKNTR,27-Feb-2025,2025-02-27,2750.00,CE,0.00,0.00,0.00,102.35,25.10,0,0.00,0,0,06-JAN-2025
OPTSTK,DEEPAKNTR,30-Jan-2025,2025-01-30,2750.00,PE,0.00,0.00,0.00,243.35,322.45,0,0.00,600,0,06-JAN-2025
OPTSTK,CHOLAFIN,27-Mar-2025,2025-03-27,1240.00,PE,0.00,0.00,0.00,106.30,46.25,0,0.00,0,0,06-JAN-2025
OPTSTK,DEEPAKNTR,27-Feb-2025,2025-02-27,2300.00,CE,0.00,0.00,0.00,490.70,196.10,0,0.00,0,0,06-JAN-2025
OPTSTK,DEEPAKNTR,27-Mar-2025,2025-03-27,2300.00,CE,0.00,0.00,0.00,378.40,227.40,0,0.00,0,0,06-JAN-2025
OPTSTK,GAIL,30-Jan-2025,2025-01-30,187.50,PE,4.25,8.00,4.25,7.65,7.65,758,3449.7107,361900,4700,06-JAN-2025
OPTSTK,GAIL,30-Jan-2025,2025-01-30,245.00,PE,0.00,0.00,0.00,52.00,59.25,0,0.00,42300,0,06-JAN-2025
OPTSTK,GAIL,27-Feb-2025,2025-02-27,212.50,CE,0.00,0.00,0.00,9.25,2.35,0,0.00,0,0,06-JAN-2025
OPTSTK,GAIL,27-Mar-2025,2025-03-27,205.00,PE,0.00,0.00,0.00,19.00,23.40,0,0.00,0,0,06-JAN-2025
OPTSTK,GAIL,30-Jan-2025,2025-01-30,205.00,CE,2.50,2.50,1.00,1.10,1.10,1802,8737.10142,3179550,47000,06-JAN-2025
OPTSTK,GAIL,27-Feb-2025,2025-02-27,170.00,CE,0.00,0.00,0.00,35.15,19.80,0,0.00,0,0,06-JAN-2025
OPTSTK,GAIL,27-Mar-2025,2025-03-27,170.00,CE,0.00,0.00,0.00,35.55,22.30,0,0.00,0,0,06-JAN-2025
OPTSTK,GAIL,27-Feb-2025,2025-02-27,207.50,PE,0.00,0.00,0.00,18.30,24.10,0,0.00,0,0,06-JAN-2025
OPTSTK,GAIL,30-Jan-2025,2025-01-30,207.50,PE,19.85,23.55,19.30,22.80,22.80,31,167.13435,361900,32900,06-JAN-2025
FUTSTK,GAIL,30-Jan-2025,2025-01-30,,,191.81,192.10,184.40,185.10,185.10,9744,42928.2036,113171300,-1903500,06-JAN-2025
OPTSTK,GAIL,30-Jan-2025,2025-01-30,180.00,CE,12.75,12.75,9.00,9.25,9.25,154,687.550075,331350,101050,06-JAN-2025
OPTSTK,GAIL,27-Mar-2025,2025-03-27,220.00,CE,0.00,0.00,0.00,10.05,3.05,0,0.00,0,0,06-JAN-2025
OPTSTK,GAIL,30-Jan-2025,2025-01-30,167.50,CE,20.05,20.20,18.55,18.55,19.00,13,57.045075,28200,28200,06-JAN-2025
OPTSTK,GAIL,27-Feb-2025,2025-02-27,167.50,PE,0.00,0.00,0.00,2.75,2.90,0,0.00,0,0,06-JAN-2025
OPTSTK,GAIL,30-Jan-2025,2025-01-30,167.50,PE,0.65,1.25,0.65,1.20,1.20,144,570.3262,246750,164500,06-JAN-2025
OPTSTK,GAIL,27-Feb-2025,2025-02-27,197.50,CE,0.00,0.00,0.00,15.40,5.70,0,0.00,0,0,06-JAN-2025
OPTSTK,GAIL,30-Jan-2025,2025-01-30,197.50,CE,3.75,3.75,2.10,2.25,2.25,973,4576.29365,1285450,251450,06-JAN-2025
OPTSTK,GAIL,27-Mar-2025,2025-03-27,180.00,PE,0.00,0.00,0.00,7.75,8.80,0,0.00,0,0,06-JAN-2025
OPTSTK,GAIL,27-Feb-2025,2025-02-27,180.00,PE,4.00,6.00,4.00,6.00,6.00,18,78.232675,79900,35250,06-JAN-2025
OPTSTK,GAIL,27-Feb-2025,2025-02-27,180.00,CE,0.00,0.00,0.00,28.35,13.30,0,0.00,0,0,06-JAN-2025
OPTSTK,GAIL,30-Jan-2025,2025-01-30,185.00,CE,8.90,9.25,6.10,6.45,6.45,583,2630.50657,493500,300800,06-JAN-2025
OPTSTK,GAIL,30-Jan-2025,2025-01-30,185.00,PE,3.50,6.60,3.40,6.25,6.25,2693,12050.941,1736650,455900,06-JAN-2025
OPTSTK,GAIL,27-Feb-2025,2025-02-27,185.00,CE,9.85,9.85,9.85,9.85,10.65,1,4.578975,2350,2350,06-JAN-2025
OPTSTK,GAIL,27-Feb-2025,2025-02-27,165.00,PE,2.20,2.45,2.15,2.45,2.35,51,200.41505,117500,117500,06-JAN-2025
OPTSTK,GAIL,30-Jan-2025,2025-01-30,172.50,PE,1.20,2.15,0.95,2.00,2.00,551,2255.0318,404200,192700,06-JAN-2025
OPTSTK,GAIL,30-Jan-2025,2025-01-30,182.50,PE,2.45,5.45,2.45,5.15,5.15,791,3469.38607,639200,89300,06-JAN-2025
OPTSTK,GAIL,30-Jan-2025,2025-01-30,225.00,CE,0.25,0.30,0.20,0.20,0.10,47,248.781575,752000,-39950,06-JAN-2025
OPTSTK,GAIL,27-Feb-2025,2025-02-27,225.00,CE,0.00,0.00,0.00,8.75,1.05,0,0.00,0,0,06-JAN-2025
OPTSTK,GAIL,27-Feb-2025,2025-02-27,200.00,CE,5.00,5.10,3.85,3.85,3.85,30,144.138425,103400,39950,06-JAN-2025
OPTSTK,GAIL,27-Feb-2025,2025-02-27,200.00,PE,0.00,0.00,0.00,12.50,18.40,0,0.00,49350,0,06-JAN-2025
OPTSTK,GAIL,30-Jan-2025,2025-01-30,200.00,PE,12.30,16.80,11.70,15.85,15.85,240,1209.04797,2632000,-14100,06-JAN-2025
FUTSTK,GAIL,27-Feb-2025,2025-02-27,,,192.10,192.10,185.49,186.22,186.22,547,2421.18408,3487400,178600,06-JAN-2025
OPTSTK,ULTRACEMCO,30-Jan-2025,2025-01-30,10400.00,PE,19.20,35.00,19.20,33.45,33.45,73,380.60125,10200,1400,06-JAN-2025
OPTSTK,ULTRACEMCO,27-Feb-2025,2025-02-27,10400.00,PE,0.00,0.00,0.00,262.35,44.25,0,0.00,0,0,06-JAN-2025
FUTSTK,ULTRACEMCO,27-Feb-2025,2025-02-27,,,11831.25,11920.00,11566.20,11595.05,11595.05,254,1483.40855,50750,2450,06-JAN-2025
OPTSTK,ULTRACEMCO,27-Feb-2025,2025-02-27,11300.00,PE,0.00,0.00,0.00,372.05,253.60,0,0.00,0,0,06-JAN-2025
OPTSTK,VOLTAS,27-Feb-2025,2025-02-27,1480.00,CE,0.00,0.00,0.00,234.35,313.65,0,0.00,0,0,06-JAN-2025
OPTSTK,ULTRACEMCO,30-Jan-2025,2025-01-30,13100.00,CE,16.30,18.95,12.80,12.95,12.95,38,249.19085,3400,50,06-JAN-2025
OPTSTK,ULTRACEMCO,27-Feb-2025,2025-02-27,9800.00,CE,0.00,0.00,0.00,1493.30,1805.70,0,0.00,0,0,06-JAN-2025
FUTSTK,VOLTAS,27-Mar-2025,2025-03-27,,,1835.85,1835.85,1785.00,1786.20,1786.20,19,102.64815,14700,1200,06-JAN-2025
OPTSTK,VOLTAS,27-Feb-2025,2025-02-27,2000.00,PE,0.00,0.00,0.00,345.15,224.20,0,0.00,0,0,06-JAN-2025
OPTSTK,VOLTAS,30-Jan-2025,2025-01-30,2080.00,PE,0.00,0.00,0.00,413.60,296.15,0,0.00,0,0,06-JAN-2025
OPTSTK,VOLTAS,27-Mar-2025,2025-03-27,2080.00,PE,0.00,0.00,0.00,360.00,295.45,0,0.00,0,0,06-JAN-2025
OPTSTK,ULTRACEMCO,30-Jan-2025,2025-01-30,12600.00,PE,0.00,0.00,0.00,1485.45,1062.15,0,0.00,0,0,06-JAN-2025
OPTSTK,VOLTAS,27-Feb-2025,2025-02-27,1760.00,CE,0.00,0.00,0.00,85.25,97.50,0,0.00,0,0,06-JAN-2025
OPTSTK,VOLTAS,27-Feb-2025,2025-02-27,1880.00,CE,0.00,0.00,0.00,50.50,46.75,0,0.00,0,0,06-JAN-2025
OPTSTK,VOLTAS,27-Feb-2025,2025-02-27,1780.00,CE,0.00,0.00,0.00,81.85,87.15,0,0.00,0,0,06-JAN-2025
OPTSTK,VOLTAS,27-Feb-2025,2025-02-27,1640.00,PE,0.00,0.00,0.00,15.00,24.00,0,0.00,300,0,06-JAN-2025
OPTSTK,VOLTAS,30-Jan-2025,2025-01-30,1880.00,PE,87.00,102.40,87.00,102.40,116.70,10,59.2446,19800,-2400,06-JAN-2025
OPTSTK,VOLTAS,27-Mar-2025,2025-03-27,1640.00,CE,0.00,0.00,0.00,176.10,196.15,0,0.00,0,0,06-JAN-2025
OPTSTK,VOLTAS,27-Mar-2025,2025-03-27,1640.00,PE,0.00,0.00,0.00,75.20,36.15,0,0.00,0,0,06-JAN-2025
OPTSTK,ULTRACEMCO,30-Jan-2025,2025-01-30,10500.00,PE,21.35,43.00,18.45,40.90,40.90,281,1479.6499,23950,-900,06-JAN-2025
OPTSTK,ULTRACEMCO,27-Feb-2025,2025-02-27,10500.00,CE,0.00,0.00,0.00,1218.95,1160.10,0,0.00,0,0,06-JAN-2025
OPTSTK,ULTRACEMCO,27-Feb-2025,2025-02-27,10500.00,PE,0.00,0.00,0.00,126.65,56.00,0,0.00,0,0,06-JAN-2025
OPTSTK,ULTRACEMCO,30-Jan-2025,2025-01-30,10500.00,CE,0.00,0.00,0.00,957.80,1063.80,0,0.00,450,0,06-JAN-2025
OPTSTK,VOLTAS,27-Feb-2025,2025-02-27,2020.00,PE,0.00,0.00,0.00,305.35,241.15,0,0.00,0,0,06-JAN-2025
OPTSTK,VOLTAS,30-Jan-2025,2025-01-30,1840.00,PE,55.50,89.40,53.80,87.35,87.35,495,2835.63,60600,-9300,06-JAN-2025
OPTSTK,ULTRACEMCO,27-Feb-2025,2025-02-27,12500.00,CE,0.00,0.00,0.00,135.00,112.40,0,0.00,50,0,06-JAN-2025
OPTSTK,ULTRACEMCO,30-Jan-2025,2025-01-30,12500.00,CE,65.45,77.85,37.20,41.40,41.40,1401,8794.81985,38100,-7150,06-JAN-2025
OPTSTK,VOLTAS,27-Feb-2025,2025-02-27,1520.00,PE,0.00,0.00,0.00,52.05,6.15,0,0.00,0,0,06-JAN-2025
OPTSTK,ULTRACEMCO,30-Jan-2025,2025-01-30,10300.00,CE,0.00,0.00,0.00,998.65,1255.15,0,0.00,0,0,06-JAN-2025
OPTSTK,ULTRACEMCO,27-Feb-2025,2025-02-27,12200.00,PE,0.00,0.00,0.00,1230.40,759.15,0,0.00,0,0,06-JAN-2025
OPTSTK,ULTRACEMCO,27-Mar-2025,2025-03-27,12200.00,PE,0.00,0.00,0.00,926.75,801.50,0,0.00,0,0,06-JAN-2025
OPTSTK,ULTRACEMCO,30-Jan-2025,2025-01-30,12200.00,CE,123.75,149.00,73.00,79.60,79.60,1032,6347.51517,21800,3600,06-JAN-2025
OPTSTK,APOLLOHOSP,27-Mar-2025,2025-03-27,8400.00,CE,0.00,0.00,0.00,105.20,70.80,0,0.00,0,0,06-JAN-2025
OPTSTK,APOLLOHOSP,27-Feb-2025,2025-02-27,7200.00,PE,0.00,0.00,0.00,519.05,131.60,0,0.00,0,0,06-JAN-2025
OPTSTK,APOLLOHOSP,30-Jan-2025,2025-01-30,7200.00,CE,253.70,365.00,253.70,352.70,352.70,298,2793.79393,19750,3875,06-JAN-2025
OPTSTK,APOLLOHOSP,30-Jan-2025,2025-01-30,6500.00,PE,6.35,8.35,5.70,7.45,7.45,111,902.873125,33625,250,06-JAN-2025
OPTSTK,APOLLOHOSP,27-Feb-2025,2025-02-27,6500.00,PE,0.00,0.00,0.00,189.05,12.70,0,0.00,0,0,06-JAN-2025
OPTSTK,APOLLOHOSP,30-Jan-2025,2025-01-30,7550.00,PE,252.30,261.95,242.00,242.00,223.75,9,87.7623125,1500,500,06-JAN-2025
OPTSTK,APOLLOHOSP,30-Jan-2025,2025-01-30,7300.00,PE,122.00,145.65,106.70,113.85,113.85,2109,19566.3376,68125,12000,06-JAN-2025
OPTSTK,APOLLOHOSP,27-Mar-2025,2025-03-27,7300.00,PE,0.00,0.00,0.00,355.60,211.15,0,0.00,0,0,06-JAN-2025
OPTSTK,APOLLOHOSP,30-Jan-2025,2025-01-30,7300.00,CE,185.00,305.45,177.05,283.90,283.90,2608,24556.7126,63375,-8000,06-JAN-2025
OPTSTK,APOLLOHOSP,27-Feb-2025,2025-02-27,7300.00,PE,0.00,0.00,0.00,581.60,167.70,0,0.00,0,0,06-JAN-2025
OPTSTK,APOLLOHOSP,27-Mar-2025,2025-03-27,7300.00,CE,0.00,0.00,0.00,448.60,447.55,0,0.00,0,0,06-JAN-2025
OPTSTK,APOLLOHOSP,27-Feb-2025,2025-02-27,6650.00,PE,0.00,0.00,0.00,85.25,23.35,0,0.00,0,0,06-JAN-2025
OPTSTK,APOLLOHOSP,30-Jan-2025,2025-01-30,6650.00,CE,0.00,0.00,0.00,471.95,812.70,0,0.00,0,0,06-JAN-2025
OPTSTK,APOLLOHOSP,27-Feb-2025,2025-02-27,8400.00,CE,0.00,0.00,0.00,47.05,31.35,0,0.00,0,0,06-JAN-2025
OPTSTK,APOLLOHOSP,27-Mar-2025,2025-03-27,6600.00,PE,0.00,0.00,0.00,111.50,39.55,0,0.00,0,0,06-JAN-2025
OPTSTK,APOLLOHOSP,27-Feb-2025,2025-02-27,6600.00,CE,0.00,0.00,0.00,584.35,911.50,0,0.00,0,0,06-JAN-2025
OPTSTK,APOLLOHOSP,30-Jan-2025,2025-01-30,7150.00,CE,291.20,401.50,291.20,392.70,392.70,14,131.102375,3250,625,06-JAN-2025
OPTSTK,APOLLOHOSP,27-Feb-2025,2025-02-27,7150.00,PE,0.00,0.00,0.00,239.95,115.70,0,0.00,0,0,06-JAN-2025
OPTSTK,APOLLOHOSP,27-Feb-2025,2025-02-27,8000.00,PE,582.00,582.00,582.00,582.00,583.75,1,10.7275,125,0,06-JAN-2025
OPTSTK,APOLLOHOSP,27-Feb-2025,2025-02-27,7950.00,CE,0.00,0.00,0.00,130.90,100.75,0,0.00,0,0,06-JAN-2025
OPTSTK,APOLLOHOSP,30-Jan-2025,2025-01-30,7450.00,CE,115.05,218.45,109.90,197.70,197.70,2924,27854.1461,44875,9375,06-JAN-2025
OPTSTK,APOLLOHOSP,27-Feb-2025,2025-02-27,7900.00,CE,132.40,132.40,132.40,132.40,132.40,3,30.1215,375,375,06-JAN-2025
OPTSTK,APOLLOHOSP,27-Feb-2025,2025-02-27,7400.00,PE,0.00,0.00,0.00,647.70,209.80,0,0.00,0,0,06-JAN-2025
OPTSTK,APOLLOHOSP,30-Jan-2025,2025-01-30,7400.00,CE,126.85,246.00,126.85,223.20,223.20,9720,92167.841,134250,25500,06-JAN-2025
OPTSTK,APOLLOHOSP,27-Mar-2025,2025-03-27,7400.00,PE,0.00,0.00,0.00,405.70,253.35,0,0.00,0,0,06-JAN-2025
FUTSTK,APOLLOHOSP,27-Feb-2025,2025-02-27,,,7404.00,7535.00,7386.30,7511.45,7511.45,143,1334.02156,10250,1625,06-JAN-2025
OPTSTK,APOLLOHOSP,27-Mar-2025,2025-03-27,8000.00,PE,0.00,0.00,0.00,781.70,605.20,0,0.00,0,0,06-JAN-2025
OPTSTK,APOLLOHOSP,27-Feb-2025,2025-02-27,6400.00,CE,0.00,0.00,0.00,714.55,1098.50,0,0.00,0,0,06-JAN-2025
OPTSTK,APOLLOHOSP,27-Mar-2025,2025-03-27,7100.00,CE,0.00,0.00,0.00,556.30,574.60,0,0.00,0,0,06-JAN-2025
OPTSTK,APOLLOHOSP,27-Feb-2025,2025-02-27,7100.00,CE,0.00,0.00,0.00,329.25,498.30,0,0.00,0,0,06-JAN-2025
OPTSTK,APOLLOHOSP,30-Jan-2025,2025-01-30,8400.00,CE,12.90,15.40,8.95,12.80,12.80,58,609.927312,2625,2625,06-JAN-2025
OPTSTK,INDUSTOWER,30-Jan-2025,2025-01-30,330.00,PE,5.30,11.60,5.30,10.85,10.85,910,5245.1562,1365100,18700,06-JAN-2025
OPTSTK,INDUSTOWER,27-Mar-2025,2025-03-27,330.00,PE,0.00,0.00,0.00,26.30,21.35,0,0.00,0,0,06-JAN-2025
OPTSTK,INDUSTOWER,27-Feb-2025,2025-02-27,355.00,CE,0.00,0.00,0.00,18.15,10.80,0,0.00,0,0,06-JAN-2025
OPTSTK,INDUSTOWER,27-Feb-2025,2025-02-27,360.00,PE,0.00,0.00,0.00,23.80,36.10,0,0.00,3400,0,06-JAN-2025
OPTSTK,INDUSTOWER,30-Jan-2025,2025-01-30,360.00,PE,23.75,31.70,23.75,31.70,32.40,27,177.55225,997900,-8500,06-JAN-2025
OPTSTK,INDUSTOWER,27-Mar-2025,2025-03-27,370.00,PE,0.00,0.00,0.00,49.90,46.15,0,0.00,0,0,06-JAN-2025
OPTSTK,INDUSTOWER,27-Feb-2025,2025-02-27,370.00,CE,0.00,0.00,0.00,8.90,6.95,0,0.00,1700,0,06-JAN-2025
OPTSTK,INDUSTOWER,27-Feb-2025,2025-02-27,335.00,PE,0.00,0.00,0.00,24.70,20.25,0,0.00,0,0,06-JAN-2025
OPTSTK,INDUSTOWER,30-Jan-2025,2025-01-30,380.00,CE,1.55,1.55,0.75,0.80,0.80,658,4261.4869,1538500,95200,06-JAN-2025
OPTSTK,INDUSTOWER,27-Mar-2025,2025-03-27,380.00,PE,0.00,0.00,0.00,56.90,53.65,0,0.00,0,0,06-JAN-2025
OPTSTK,INDUSTOWER,27-Mar-2025,2025-03-27,300.00,PE,0.00,0.00,0.00,13.85,9.45,0,0.00,0,0,06-JAN-2025
OPTSTK,INDUSTOWER,27-Feb-2025,2025-02-27,300.00,CE,0.00,0.00,0.00,64.45,39.00,0,0.00,0,0,06-JAN-2025
OPTSTK,INDUSTOWER,27-Feb-2025,2025-02-27,300.00,PE,0.00,0.00,0.00,10.80,6.35,0,0.00,0,0,06-JAN-2025
OPTSTK,INDUSTOWER,30-Jan-2025,2025-01-30,300.00,CE,34.00,35.55,32.70,33.10,33.10,10,56.73325,45900,8500,06-JAN-2025
OPTSTK,INDUSTOWER,27-Feb-2025,2025-02-27,380.00,CE,0.00,0.00,0.00,7.60,5.10,0,0.00,15300,0,06-JAN-2025
OPTSTK,INDUSTOWER,27-Feb-2025,2025-02-27,380.00,PE,0.00,0.00,0.00,48.00,51.65,0,0.00,0,0,06-JAN-2025
OPTSTK,INDUSTOWER,27-Feb-2025,2025-02-27,310.00,PE,0.00,0.00,0.00,13.60,9.30,0,0.00,0,0,06-JAN-2025
OPTSTK,INDUSTOWER,30-Jan-2025,2025-01-30,305.00,CE,35.85,36.15,35.85,36.15,29.70,3,17.3927,34000,-1700,06-JAN-2025
OPTSTK,INDUSTOWER,27-Mar-2025,2025-03-27,290.00,PE,0.00,0.00,0.00,10.80,6.75,0,0.00,0,0,06-JAN-2025
OPTSTK,INDUSTOWER,30-Jan-2025,2025-01-30,290.00,PE,0.80,1.60,0.75,1.55,1.55,223,1103.92135,450500,141100,06-JAN-2025
OPTSTK,INDUSTOWER,27-Feb-2025,2025-02-27,340.00,PE,21.25,21.25,21.25,21.25,23.05,1,6.14125,5100,1700,06-JAN-2025
OPTSTK,INDUSTOWER,27-Feb-2025,2025-02-27,375.00,PE,0.00,0.00,0.00,50.10,47.60,0,0.00,0,0,06-JAN-2025
OPTSTK,INDUSTOWER,27-Feb-2025,2025-02-27,375.00,CE,0.00,0.00,0.00,12.15,5.95,0,0.00,0,0,06-JAN-2025
OPTSTK,INDUSTOWER,27-Mar-2025,2025-03-27,350.00,CE,0.00,0.00,0.00,25.85,17.50,0,0.00,0,0,06-JAN-2025
OPTSTK,INDUSTOWER,27-Feb-2025,2025-02-27,350.00,CE,14.30,14.45,11.60,11.80,11.80,29,178.704,42500,0,06-JAN-2025
OPTSTK,INDUSTOWER,27-Feb-2025,2025-02-27,350.00,PE,24.00,28.00,24.00,28.00,28.00,2,12.784,5100,3400,06-JAN-2025
OPTSTK,INDUSTOWER,27-Mar-2025,2025-03-27,350.00,PE,0.00,0.00,0.00,37.20,32.60,0,0.00,0,0,06-JAN-2025
OPTSTK,INDUSTOWER,27-Feb-2025,2025-02-27,440.00,CE,0.00,0.00,0.00,9.10,0.60,0,0.00,10200,0,06-JAN-2025
FUTSTK,INDUSTOWER,30-Jan-2025,2025-01-30,,,346.05,346.75,329.30,330.90,330.90,7328,41742.786,91101300,164900,06-JAN-2025
OPTSTK,INDUSTOWER,27-Mar-2025,2025-03-27,300.00,CE,0.00,0.00,0.00,51.65,43.65,0,0.00,0,0,06-JAN-2025
OPTSTK,INDUSTOWER,30-Jan-2025,2025-01-30,380.00,PE,41.20,48.50,41.20,48.50,48.50,31,223.0434,402900,13600,06-JAN-2025
OPTSTK,HINDUNILVR,27-Feb-2025,2025-02-27,2520.00,CE,0.00,0.00,0.00,110.60,27.85,0,0.00,0,0,06-JAN-2025
OPTSTK,RBLBANK,30-Jan-2025,2025-01-30,185.00,PE,0.00,0.00,0.00,25.15,19.40,0,0.00,0,0,06-JAN-2025
OPTSTK,RBLBANK,27-Feb-2025,2025-02-27,185.00,CE,0.00,0.00,0.00,8.10,5.15,0,0.00,0,0,06-JAN-2025
OPTSTK,RBLBANK,27-Feb-2025,2025-02-27,185.00,PE,0.00,0.00,0.00,32.25,21.55,0,0.00,0,0,06-JAN-2025
OPTSTK,RBLBANK,27-Feb-2025,2025-02-27,160.00,CE,0.00,0.00,0.00,8.90,15.40,0,0.00,40000,0,06-JAN-2025
OPTSTK,RBLBANK,30-Jan-2025,2025-01-30,160.00,PE,6.10,9.00,5.50,7.50,7.50,23,95.9825,4307500,-57500,06-JAN-2025
OPTSTK,HINDUNILVR,30-Jan-2025,2025-01-30,2080.00,PE,1.00,1.35,1.00,1.35,1.35,4,24.9741,29700,900,06-JAN-2025
OPTSTK,HINDUNILVR,27-Feb-2025,2025-02-27,2160.00,CE,0.00,0.00,0.00,354.70,242.95,0,0.00,0,0,06-JAN-2025
OPTSTK,HINDUNILVR,30-Jan-2025,2025-01-30,2000.00,PE,0.65,1.00,0.65,1.00,1.00,44,264.108,24600,2100,06-JAN-2025
OPTSTK,HINDUNILVR,27-Feb-2025,2025-02-27,2120.00,CE,0.00,0.00,0.00,390.00,279.85,0,0.00,0,0,06-JAN-2025
OPTSTK,RBLBANK,27-Feb-2025,2025-02-27,145.00,CE,0.00,0.00,0.00,24.25,25.75,0,0.00,0,0,06-JAN-2025
OPTSTK,HINDUNILVR,27-Mar-2025,2025-03-27,2160.00,PE,0.00,0.00,0.00,31.60,11.90,0,0.00,0,0,06-JAN-2025
OPTSTK,HINDUNILVR,27-Feb-2025,2025-02-27,2000.00,PE,0.00,0.00,0.00,2.85,0.40,0,0.00,0,0,06-JAN-2025
OPTSTK,HINDUNILVR,27-Feb-2025,2025-02-27,2000.00,CE,0.00,0.00,0.00,501.15,395.75,0,0.00,0,0,06-JAN-2025
OPTSTK,HINDUNILVR,27-Mar-2025,2025-03-27,2000.00,CE,0.00,0.00,0.00,377.20,407.15,0,0.00,0,0,06-JAN-2025
OPTSTK,HINDUNILVR,30-Jan-2025,2025-01-30,2080.00,CE,0.00,0.00,0.00,489.55,305.55,0,0.00,0,0,06-JAN-2025
OPTSTK,RBLBANK,27-Feb-2025,2025-02-27,157.50,CE,0.00,0.00,0.00,17.70,16.90,0,0.00,0,0,06-JAN-2025
OPTSTK,RBLBANK,27-Feb-2025,2025-02-27,157.50,PE,0.00,0.00,0.00,10.80,6.10,0,0.00,0,0,06-JAN-2025
OPTSTK,HINDUNILVR,30-Jan-2025,2025-01-30,2280.00,CE,131.30,131.30,123.70,123.70,118.05,3,21.67485,21000,0,06-JAN-2025
OPTSTK,HINDUNILVR,30-Jan-2025,2025-01-30,2280.00,PE,9.90,18.60,9.00,16.90,16.90,544,3745.2546,142800,7200,06-JAN-2025
OPTSTK,RBLBANK,30-Jan-2025,2025-01-30,175.00,PE,0.00,0.00,0.00,18.75,11.90,0,0.00,25000,0,06-JAN-2025
OPTSTK,RBLBANK,27-Feb-2025,2025-02-27,130.00,PE,0.00,0.00,0.00,4.40,0.60,0,0.00,0,0,06-JAN-2025
OPTSTK,RBLBANK,27-Mar-2025,2025-03-27,130.00,PE,0.00,0.00,0.00,3.80,1.40,0,0.00,0,0,06-JAN-2025
OPTSTK,RBLBANK,27-Mar-2025,2025-03-27,130.00,CE,0.00,0.00,0.00,38.55,40.10,0,0.00,0,0,06-JAN-2025
OPTSTK,RBLBANK,30-Jan-2025,2025-01-30,160.00,CE,6.50,8.80,6.05,7.40,7.40,395,1654.435,5805000,-987500,06-JAN-2025
OPTSTK,RBLBANK,27-Mar-2025,2025-03-27,160.00,PE,0.00,0.00,0.00,14.35,9.15,0,0.00,0,0,06-JAN-2025
OPTSTK,HINDUNILVR,30-Jan-2025,2025-01-30,1960.00,PE,2.95,9.10,0.30,0.65,0.05,154,906.7044,3900,3900,06-JAN-2025
OPTSTK,HINDUNILVR,27-Feb-2025,2025-02-27,1960.00,PE,0.00,0.00,0.00,1.80,0.15,0,0.00,0,0,06-JAN-2025
OPTSTK,RBLBANK,27-Feb-2025,2025-02-27,165.00,CE,0.00,0.00,0.00,14.40,12.65,0,0.00,0,0,06-JAN-2025
OPTSTK,RBLBANK,27-Mar-2025,2025-03-27,165.00,CE,0.00,0.00,0.00,17.30,15.65,0,0.00,0,0,06-JAN-2025
OPTSTK,RBLBANK,30-Jan-2025,2025-01-30,185.00,CE,0.70,0.70,0.40,0.40,2.05,2,9.2775,590000,-5000,06-JAN-2025
OPTSTK,RBLBANK,30-Jan-2025,2025-01-30,165.00,CE,4.20,5.55,4.05,4.65,4.65,88,373.625,1415000,-220000,06-JAN-2025
OPTSTK,CESC,27-Feb-2025,2025-02-27,155.00,PE,0.00,0.00,0.00,6.80,2.25,0,0.00,0,0,06-JAN-2025
OPTSTK,CESC,30-Jan-2025,2025-01-30,155.00,CE,0.00,0.00,0.00,26.20,22.50,0,0.00,0,0,06-JAN-2025
OPTSTK,CESC,30-Jan-2025,2025-01-30,155.00,PE,0.45,1.40,0.45,1.30,1.30,371,1692.48836,1237275,222300,06-JAN-2025
OPTSTK,MCX,27-Feb-2025,2025-02-27,6400.00,PE,0.00,0.00,0.00,677.90,682.10,0,0.00,0,0,06-JAN-2025
OPTSTK,MCX,30-Jan-2025,2025-01-30,6000.00,CE,340.00,342.05,163.20,170.90,170.90,2070,12848.7318,57400,42900,06-JAN-2025
OPTSTK,MCX,27-Mar-2025,2025-03-27,5600.00,CE,0.00,0.00,0.00,1082.45,580.70,0,0.00,0,0,06-JAN-2025
OPTSTK,MCX,30-Jan-2025,2025-01-30,7500.00,PE,0.00,0.00,0.00,1122.00,1654.90,0,0.00,600,0,06-JAN-2025
OPTSTK,MCX,27-Feb-2025,2025-02-27,5600.00,CE,0.00,0.00,0.00,900.35,486.80,0,0.00,0,0,06-JAN-2025
OPTSTK,MCX,30-Jan-2025,2025-01-30,7100.00,PE,0.00,0.00,0.00,853.40,1261.80,0,0.00,400,0,06-JAN-2025
OPTSTK,MCX,30-Jan-2025,2025-01-30,7100.00,CE,28.70,28.70,11.35,13.05,13.05,380,2704.2596,26200,-6300,06-JAN-2025
OPTSTK,CESC,27-Feb-2025,2025-02-27,190.00,CE,0.00,0.00,0.00,12.20,5.65,0,0.00,64350,0,06-JAN-2025
OPTSTK,CESC,30-Jan-2025,2025-01-30,175.00,PE,4.05,7.60,3.80,7.40,7.40,388,2050.76283,310050,-26325,06-JAN-2025
OPTSTK,CESC,27-Feb-2025,2025-02-27,175.00,CE,0.00,0.00,0.00,17.60,11.65,0,0.00,0,0,06-JAN-2025
OPTSTK,MCX,27-Feb-2025,2025-02-27,5100.00,CE,0.00,0.00,0.00,1380.35,836.50,0,0.00,0,0,06-JAN-2025
OPTSTK,MCX,30-Jan-2025,2025-01-30,7500.00,CE,8.50,8.50,4.10,4.65,4.65,123,923.31105,32600,3000,06-JAN-2025
OPTSTK,CESC,27-Feb-2025,2025-02-27,210.00,CE,0.00,0.00,0.00,6.30,1.80,0,0.00,0,0,06-JAN-2025
OPTSTK,CESC,27-Mar-2025,2025-03-27,210.00,PE,0.00,0.00,0.00,30.75,34.40,0,0.00,0,0,06-JAN-2025
OPTSTK,CESC,27-Feb-2025,2025-02-27,210.00,PE,0.00,0.00,0.00,38.15,33.70,0,0.00,0,0,06-JAN-2025
OPTSTK,CESC,30-Jan-2025,2025-01-30,210.00,PE,0.00,0.00,0.00,36.90,33.30,0,0.00,0,0,06-JAN-2025
OPTSTK,CESC,30-Jan-2025,2025-01-30,197.50,CE,2.75,2.75,1.70,1.70,1.25,31,181.142325,152100,38025,06-JAN-2025
OPTSTK,MCX,27-Mar-2025,2025-03-27,6000.00,CE,0.00,0.00,0.00,832.50,383.40,0,0.00,0,0,06-JAN-2025
FUTSTK,CESC,27-Mar-2025,2025-03-27,,,0.00,0.00,0.00,188.22,178.72,0,0.00,0,0,06-JAN-2025
OPTSTK,CESC,30-Jan-2025,2025-01-30,202.50,CE,1.90,1.90,1.00,1.05,1.05,39,232.705687,231075,29250,06-JAN-2025
OPTSTK,CESC,30-Jan-2025,2025-01-30,160.00,PE,1.10,2.25,0.95,2.25,2.25,841,3977.18538,1193400,1023750,06-JAN-2025
OPTSTK,MCX,30-Jan-2025,2025-01-30,5400.00,PE,36.10,91.95,36.10,84.10,84.10,886,4843.63075,41600,9000,06-JAN-2025
OPTSTK,MCX,27-Feb-2025,2025-02-27,5200.00,PE,0.00,0.00,0.00,171.60,95.25,0,0.00,0,0,06-JAN-2025
OPTSTK,CESC,30-Jan-2025,2025-01-30,182.50,CE,10.00,10.00,4.70,4.80,4.80,67,370.3752,152100,102375,06-JAN-2025
OPTSTK,MCX,27-Feb-2025,2025-02-27,6900.00,PE,0.00,0.00,0.00,775.80,1086.50,0,0.00,0,0,06-JAN-2025
OPTSTK,MCX,30-Jan-2025,2025-01-30,6900.00,PE,0.00,0.00,0.00,720.20,1069.25,0,0.00,700,0,06-JAN-2025
OPTSTK,MCX,27-Feb-2025,2025-02-27,5100.00,PE,0.00,0.00,0.00,63.75,74.40,0,0.00,0,0,06-JAN-2025
OPTSTK,MCX,30-Jan-2025,2025-01-30,5100.00,CE,0.00,0.00,0.00,1162.40,758.85,0,0.00,0,0,06-JAN-2025
OPTSTK,MCX,27-Mar-2025,2025-03-27,7200.00,PE,0.00,0.00,0.00,1050.30,1365.40,0,0.00,0,0,06-JAN-2025
OPTSTK,MCX,30-Jan-2025,2025-01-30,6200.00,CE,236.20,236.20,102.85,109.40,109.40,3352,21288.1412,83800,45700,06-JAN-2025
OPTSTK,VEDL,27-Feb-2025,2025-02-27,510.00,CE,0.00,0.00,0.00,15.60,5.15,0,0.00,0,0,06-JAN-2025
OPTSTK,VEDL,30-Jan-2025,2025-01-30,540.00,CE,0.85,0.85,0.55,0.65,0.65,435,2704.70512,962550,-16100,06-JAN-2025
OPTSTK,VEDL,30-Jan-2025,2025-01-30,400.00,PE,1.70,3.40,1.45,3.15,3.15,1866,8635.96927,2726650,-13800,06-JAN-2025
OPTSTK,VEDL,27-Feb-2025,2025-02-27,400.00,PE,4.05,6.10,4.05,5.15,6.25,16,74.532075,87400,4600,06-JAN-2025
OPTSTK,VEDL,27-Feb-2025,2025-02-27,470.00,PE,0.00,0.00,0.00,33.30,37.25,0,0.00,0,0,06-JAN-2025
OPTSTK,VEDL,30-Jan-2025,2025-01-30,530.00,CE,1.15,1.20,0.75,0.80,0.80,783,4780.06585,1537550,-28750,06-JAN-2025
OPTSTK,VEDL,30-Jan-2025,2025-01-30,460.00,CE,14.55,14.55,8.05,8.45,8.45,3977,21501.2860,3087750,358800,06-JAN-2025
OPTSTK,VEDL,27-Feb-2025,2025-02-27,460.00,PE,21.00,26.70,20.45,26.70,30.90,6,33.30515,24150,2300,06-JAN-2025
OPTSTK,VEDL,27-Feb-2025,2025-02-27,410.00,PE,7.50,7.50,7.50,7.50,8.75,1,4.80125,2300,1150,06-JAN-2025
OPTSTK,VEDL,30-Jan-2025,2025-01-30,410.00,CE,39.55,39.55,37.50,38.70,38.70,5,25.783,35650,2300,06-JAN-2025
OPTSTK,VEDL,30-Jan-2025,2025-01-30,400.00,CE,54.30,58.00,45.75,47.95,46.30,62,320.33595,131100,12650,06-JAN-2025
OPTSTK,VEDL,30-Jan-2025,2025-01-30,520.00,CE,1.50,1.55,1.00,1.05,1.05,1665,9980.37217,3053250,424350,06-JAN-2025
OPTSTK,VEDL,27-Feb-2025,2025-02-27,360.00,CE,0.00,0.00,0.00,103.10,86.90,0,0.00,0,0,06-JAN-2025
OPTSTK,VEDL,30-Jan-2025,2025-01-30,560.00,PE,0.00,0.00,0.00,112.00,115.30,0,0.00,25300,0,06-JAN-2025
OPTSTK,VEDL,27-Feb-2025,2025-02-27,560.00,CE,1.60,2.85,1.60,2.85,1.15,13,83.986225,66700,12650,06-JAN-2025
OPTSTK,VEDL,27-Feb-2025,2025-02-27,490.00,CE,8.55,8.55,6.90,6.90,8.70,15,85.804375,19550,8050,06-JAN-2025
OPTSTK,VEDL,27-Feb-2025,2025-02-27,500.00,PE,48.00,58.80,48.00,58.80,59.65,6,38.12825,18400,6900,06-JAN-2025
OPTSTK,VEDL,27-Feb-2025,2025-02-27,540.00,PE,0.00,0.00,0.00,91.10,94.70,0,0.00,0,0,06-JAN-2025
OPTSTK,VEDL,27-Feb-2025,2025-02-27,390.00,CE,0.00,0.00,0.00,80.80,60.35,0,0.00,0,0,06-JAN-2025
OPTSTK,VEDL,30-Jan-2025,2025-01-30,390.00,PE,1.05,2.25,0.95,2.15,2.15,329,1481.40182,138000,66700,06-JAN-2025
OPTSTK,VEDL,30-Jan-2025,2025-01-30,560.00,CE,0.40,0.45,0.35,0.35,0.05,61,393.125775,612950,-39100,06-JAN-2025
OPTSTK,VEDL,27-Feb-2025,2025-02-27,520.00,CE,4.30,4.30,3.20,4.00,3.90,14,84.31455,67850,-10350,06-JAN-2025
OPTSTK,VEDL,27-Mar-2025,2025-03-27,520.00,CE,0.00,0.00,0.00,19.50,7.85,0,0.00,0,0,06-JAN-2025
OPTSTK,VEDL,30-Jan-2025,2025-01-30,550.00,PE,101.50,102.50,101.25,102.50,105.40,5,37.485975,205850,5750,06-JAN-2025
OPTSTK,VEDL,27-Feb-2025,2025-02-27,380.00,CE,0.00,0.00,0.00,86.80,68.80,0,0.00,0,0,06-JAN-2025
OPTSTK,VEDL,30-Jan-2025,2025-01-30,390.00,CE,0.00,0.00,0.00,73.55,55.25,0,0.00,0,0,06-JAN-2025
OPTSTK,VEDL,27-Feb-2025,2025-02-27,560.00,PE,0.00,0.00,0.00,93.40,113.50,0,0.00,1150,0,06-JAN-2025
OPTSTK,VEDL,27-Mar-2025,2025-03-27,400.00,CE,0.00,0.00,0.00,78.60,57.85,0,0.00,0,0,06-JAN-2025
OPTSTK,VEDL,27-Mar-2025,2025-03-27,520.00,PE,0.00,0.00,0.00,69.65,77.90,0,0.00,0,0,06-JAN-2025
OPTSTK,VEDL,27-Feb-2025,2025-02-27,490.00,PE,0.00,0.00,0.00,45.15,51.70,0,0.00,0,0,06-JAN-2025
OPTSTK,VEDL,27-Mar-2025,2025-03-27,500.00,CE,0.00,0.00,0.00,25.45,11.70,0,0.00,0,0,06-JAN-2025
OPTSTK,VEDL,27-Feb-2025,2025-02-27,540.00,CE,0.00,0.00,0.00,12.65,2.15,0,0.00,0,0,06-JAN-2025
OPTSTK,BHARTIARTL,27-Feb-2025,2025-02-27,1600.00,CE,68.00,68.30,51.30,57.30,54.80,18,141.793675,6650,-1900,06-JAN-2025
OPTSTK,BHARTIARTL,30-Jan-2025,2025-01-30,1800.00,PE,0.00,0.00,0.00,182.00,204.20,0,0.00,80750,0,06-JAN-2025
OPTSTK,BHARTIARTL,30-Jan-2025,2025-01-30,1740.00,CE,3.70,4.25,2.70,3.15,3.15,782,6476.04265,217550,-5225,06-JAN-2025
OPTSTK,BHARTIARTL,30-Jan-2025,2025-01-30,1600.00,CE,38.00,43.30,25.70,33.40,33.40,6667,51765.3658,1035025,3325,06-JAN-2025
OPTSTK,BHARTIARTL,27-Feb-2025,2025-02-27,1660.00,PE,0.00,0.00,0.00,93.65,86.30,0,0.00,0,0,06-JAN-2025
OPTSTK,BHARTIARTL,30-Jan-2025,2025-01-30,1660.00,CE,13.15,16.20,9.30,11.95,11.95,3924,31175.3555,606100,23750,06-JAN-2025
OPTSTK,BHARTIARTL,30-Jan-2025,2025-01-30,1460.00,PE,2.60,5.90,2.05,4.10,4.10,953,6626.93803,204725,18050,06-JAN-2025
OPTSTK,BHARTIARTL,27-Feb-2025,2025-02-27,1460.00,PE,0.00,0.00,0.00,16.15,8.30,0,0.00,0,0,06-JAN-2025
OPTSTK,BHARTIARTL,30-Jan-2025,2025-01-30,1840.00,PE,0.00,0.00,0.00,218.20,243.65,0,0.00,0,0,06-JAN-2025
OPTSTK,BHARTIARTL,27-Feb-2025,2025-02-27,1840.00,CE,0.00,0.00,0.00,13.70,3.00,0,0.00,0,0,06-JAN-2025
OPTSTK,BHARTIARTL,27-Mar-2025,2025-03-27,1840.00,PE,0.00,0.00,0.00,229.85,233.00,0,0.00,0,0,06-JAN-2025
OPTSTK,BHARTIARTL,30-Jan-2025,2025-01-30,1440.00,CE,0.00,0.00,0.00,215.00,156.00,0,0.00,0,0,06-JAN-2025
OPTSTK,BHARTIARTL,27-Feb-2025,2025-02-27,1440.00,CE,0.00,0.00,0.00,170.75,168.05,0,0.00,0,0,06-JAN-2025
OPTSTK,BHARTIARTL,27-Mar-2025,2025-03-27,1440.00,CE,0.00,0.00,0.00,205.10,180.45,0,0.00,0,0,06-JAN-2025
OPTSTK,BHARTIARTL,27-Feb-2025,2025-02-27,1700.00,PE,115.00,115.00,115.00,115.00,114.95,1,8.62125,475,475,06-JAN-2025
OPTSTK,BHARTIARTL,27-Mar-2025,2025-03-27,1360.00,CE,0.00,0.00,0.00,272.20,251.55,0,0.00,0,0,06-JAN-2025
OPTSTK,BHARTIARTL,27-Feb-2025,2025-02-27,1800.00,CE,0.00,0.00,0.00,7.75,5.40,0,0.00,3325,0,06-JAN-2025
OPTSTK,BHARTIARTL,27-Feb-2025,2025-02-27,1480.00,CE,0.00,0.00,0.00,142.30,134.00,0,0.00,0,0,06-JAN-2025
OPTSTK,BHARTIARTL,27-Feb-2025,2025-02-27,1740.00,PE,0.00,0.00,0.00,147.95,147.05,0,0.00,0,0,06-JAN-2025
OPTSTK,BHARTIARTL,30-Jan-2025,2025-01-30,1740.00,PE,148.25,148.25,146.80,146.80,146.80,2,17.9314875,15200,0,06-JAN-2025
OPTSTK,BHARTIARTL,27-Feb-2025,2025-02-27,1440.00,PE,0.00,0.00,0.00,24.40,5.90,0,0.00,0,0,06-JAN-2025
OPTSTK,BHARTIARTL,30-Jan-2025,2025-01-30,1640.00,CE,18.85,22.45,12.75,16.75,16.75,4769,37544.4189,2727450,-29450,06-JAN-2025
OPTSTK,BHARTIARTL,30-Jan-2025,2025-01-30,1620.00,CE,26.50,32.00,18.50,24.20,24.20,6406,50078.6439,977550,-43225,06-JAN-2025
OPTSTK,BHARTIARTL,27-Mar-2025,2025-03-27,1520.00,CE,0.00,0.00,0.00,146.95,119.15,0,0.00,0,0,06-JAN-2025
OPTSTK,BHARTIARTL,30-Jan-2025,2025-01-30,1700.00,PE,92.05,119.70,90.15,106.85,106.85,29,249.2287,197600,6175,06-JAN-2025
OPTSTK,BHARTIARTL,27-Mar-2025,2025-03-27,1720.00,PE,0.00,0.00,0.00,139.80,133.90,0,0.00,0,0,06-JAN-2025
OPTSTK,BHARTIARTL,30-Jan-2025,2025-01-30,1500.00,PE,6.25,11.90,4.35,8.35,8.35,2094,14996.1836,455050,20900,06-JAN-2025
OPTSTK,BHARTIARTL,27-Feb-2025,2025-02-27,1560.00,PE,32.00,40.00,32.00,33.25,33.25,5,37.8539375,6175,1425,06-JAN-2025
OPTSTK,BHARTIARTL,30-Jan-2025,2025-01-30,1480.00,PE,4.15,8.45,2.95,5.85,5.85,1102,7776.37842,288325,20425,06-JAN-2025
OPTSTK,BHARTIARTL,27-Feb-2025,2025-02-27,1480.00,PE,0.00,0.00,0.00,35.20,11.45,0,0.00,0,0,06-JAN-2025
OPTSTK,BHARTIARTL,27-Feb-2025,2025-02-27,1600.00,PE,52.90,53.55,52.90,53.55,51.10,2,15.7056375,2375,475,06-JAN-2025
OPTSTK,GNFC,30-Jan-2025,2025-01-30,610.00,CE,3.90,3.90,1.85,1.95,1.95,450,3583.0795,306800,23400,06-JAN-2025
OPTSTK,GNFC,27-Feb-2025,2025-02-27,610.00,PE,0.00,0.00,0.00,54.85,74.35,0,0.00,0,0,06-JAN-2025
OPTSTK,GNFC,30-Jan-2025,2025-01-30,550.00,PE,8.80,23.95,8.80,22.05,22.05,421,3105.479,249600,-26000,06-JAN-2025
OPTSTK,GNFC,30-Jan-2025,2025-01-30,480.00,CE,0.00,0.00,0.00,158.10,61.55,0,0.00,0,0,06-JAN-2025
OPTSTK,GNFC,30-Jan-2025,2025-01-30,620.00,PE,0.00,0.00,0.00,44.50,81.15,0,0.00,45500,0,06-JAN-2025
OPTSTK,GNFC,30-Jan-2025,2025-01-30,560.00,PE,15.60,30.80,15.60,29.55,29.55,101,762.97585,144300,-5200,06-JAN-2025
OPTSTK,GNFC,27-Feb-2025,2025-02-27,520.00,CE,0.00,0.00,0.00,115.80,40.20,0,0.00,0,0,06-JAN-2025
OPTSTK,GNFC,30-Jan-2025,2025-01-30,520.00,CE,0.00,0.00,0.00,124.40,30.30,0,0.00,0,0,06-JAN-2025
OPTSTK,GNFC,30-Jan-2025,2025-01-30,590.00,CE,7.10,7.10,3.25,3.40,3.40,205,1584.5622,244400,36400,06-JAN-2025
OPTSTK,GNFC,30-Jan-2025,2025-01-30,540.00,CE,21.50,21.70,15.85,16.35,16.35,64,464.2794,42900,33800,06-JAN-2025
OPTSTK,GNFC,30-Jan-2025,2025-01-30,620.00,CE,2.55,2.55,1.35,1.40,1.40,341,2756.20865,387400,-15600,06-JAN-2025
OPTSTK,GNFC,27-Feb-2025,2025-02-27,560.00,PE,31.00,31.00,31.00,31.00,38.00,2,15.366,5200,2600,06-JAN-2025
OPTSTK,GNFC,30-Jan-2025,2025-01-30,520.00,PE,3.00,9.45,3.00,8.65,8.65,326,2231.80425,159900,67600,06-JAN-2025
OPTSTK,GNFC,30-Jan-2025,2025-01-30,670.00,CE,0.40,0.40,0.30,0.35,0.35,4,34.8582,87100,1300,06-JAN-2025
OPTSTK,GNFC,27-Feb-2025,2025-02-27,470.00,CE,0.00,0.00,0.00,115.75,76.50,0,0.00,0,0,06-JAN-2025
OPTSTK,GNFC,27-Feb-2025,2025-02-27,490.00,CE,0.00,0.00,0.00,98.90,60.50,0,0.00,0,0,06-JAN-2025
OPTSTK,GNFC,27-Feb-2025,2025-02-27,520.00,PE,0.00,0.00,0.00,12.15,17.75,0,0.00,0,0,06-JAN-2025
OPTSTK,GNFC,30-Jan-2025,2025-01-30,580.00,CE,12.05,12.05,4.45,4.70,4.70,536,4088.4584,393900,139100,06-JAN-2025
OPTSTK,GNFC,27-Feb-2025,2025-02-27,660.00,PE,0.00,0.00,0.00,71.25,118.55,0,0.00,0,0,06-JAN-2025
OPTSTK,GNFC,27-Feb-2025,2025-02-27,620.00,CE,0.00,0.00,0.00,53.75,6.10,0,0.00,0,0,06-JAN-2025
OPTSTK,GNFC,30-Jan-2025,2025-01-30,650.00,PE,0.00,0.00,0.00,69.55,110.05,0,0.00,59800,0,06-JAN-2025
OPTSTK,GNFC,30-Jan-2025,2025-01-30,610.00,PE,0.00,0.00,0.00,25.00,71.85,0,0.00,2600,0,06-JAN-2025
OPTSTK,GNFC,30-Jan-2025,2025-01-30,680.00,CE,0.25,0.25,0.25,0.25,0.10,1,8.84325,158600,0,06-JAN-2025
OPTSTK,GNFC,27-Feb-2025,2025-02-27,530.00,CE,0.00,0.00,0.00,69.00,34.50,0,0.00,0,0,06-JAN-2025
OPTSTK,GNFC,30-Jan-2025,2025-01-30,530.00,CE,0.00,0.00,0.00,44.55,24.25,0,0.00,10400,0,06-JAN-2025
OPTSTK,GNFC,30-Jan-2025,2025-01-30,560.00,CE,17.15,18.00,8.45,8.85,8.85,333,2475.9904,211900,57200,06-JAN-2025
OPTSTK,GNFC,27-Feb-2025,2025-02-27,510.00,CE,0.00,0.00,0.00,83.25,46.45,0,0.00,0,0,06-JAN-2025
OPTSTK,GNFC,30-Jan-2025,2025-01-30,510.00,PE,2.25,6.55,2.25,6.25,6.25,179,1196.73255,72800,20800,06-JAN-2025
OPTSTK,GNFC,30-Jan-2025,2025-01-30,510.00,CE,0.00,0.00,0.00,116.80,37.10,0,0.00,0,0,06-JAN-2025
OPTSTK,GNFC,27-Feb-2025,2025-02-27,700.00,CE,2.50,2.50,2.00,2.00,0.80,6,54.77095,15600,7800,06-JAN-2025
OPTSTK,GNFC,30-Jan-2025,2025-01-30,700.00,PE,0.00,0.00,0.00,134.00,159.50,0,0.00,128700,0,06-JAN-2025
OPTSTK,PAGEIND,27-Feb-2025,2025-02-27,42000.00,PE,0.00,0.00,0.00,1135.35,101.85,0,0.00,0,0,06-JAN-2025
OPTSTK,PAGEIND,27-Feb-2025,2025-02-27,45500.00,PE,0.00,0.00,0.00,1290.00,614.55,0,0.00,0,0,06-JAN-2025
OPTSTK,PAGEIND,30-Jan-2025,2025-01-30,53500.00,CE,76.00,82.00,61.50,82.00,82.00,24,192.871372,1245,135,06-JAN-2025
OPTSTK,PAGEIND,27-Mar-2025,2025-03-27,38000.00,CE,0.00,0.00,0.00,9906.60,10581.50,0,0.00,0,0,06-JAN-2025
OPTSTK,PAGEIND,30-Jan-2025,2025-01-30,52500.00,PE,0.00,0.00,0.00,7369.55,4388.20,0,0.00,0,0,06-JAN-2025
OPTSTK,PAGEIND,27-Feb-2025,2025-02-27,52500.00,CE,0.00,0.00,0.00,710.55,477.20,0,0.00,0,0,06-JAN-2025
OPTSTK,PAGEIND,27-Mar-2025,2025-03-27,38000.00,PE,0.00,0.00,0.00,136.95,23.75,0,0.00,0,0,06-JAN-2025
OPTSTK,PAGEIND,27-Mar-2025,2025-03-27,45000.00,PE,0.00,0.00,0.00,1425.60,744.00,0,0.00,0,0,06-JAN-2025
OPTSTK,PAGEIND,27-Mar-2025,2025-03-27,45000.00,CE,0.00,0.00,0.00,4321.65,4404.55,0,0.00,0,0,06-JAN-2025
OPTSTK,PAGEIND,27-Mar-2025,2025-03-27,48000.00,PE,0.00,0.00,0.00,2733.60,1815.90,0,0.00,0,0,06-JAN-2025
OPTSTK,PAGEIND,27-Feb-2025,2025-02-27,54000.00,PE,0.00,0.00,0.00,8667.35,5750.40,0,0.00,0,0,06-JAN-2025
OPTSTK,PAGEIND,30-Jan-2025,2025-01-30,54000.00,CE,0.00,0.00,0.00,68.00,41.80,0,0.00,570,0,06-JAN-2025
FUTSTK,PAGEIND,27-Feb-2025,2025-02-27,,,48245.40,48400.00,47850.00,48151.15,48151.15,47,339.512805,1950,-90,06-JAN-2025
OPTSTK,PAGEIND,30-Jan-2025,2025-01-30,42500.00,PE,0.00,0.00,0.00,162.50,21.60,0,0.00,285,0,06-JAN-2025
OPTSTK,PAGEIND,27-Feb-2025,2025-02-27,45000.00,CE,0.00,0.00,0.00,2944.65,3926.05,0,0.00,0,0,06-JAN-2025
OPTSTK,PAGEIND,27-Mar-2025,2025-03-27,47000.00,CE,0.00,0.00,0.00,3172.35,3078.35,0,0.00,0,0,06-JAN-2025
OPTSTK,PAGEIND,27-Mar-2025,2025-03-27,47000.00,PE,0.00,0.00,0.00,2240.15,1388.45,0,0.00,0,0,06-JAN-2025
OPTSTK,PAGEIND,30-Jan-2025,2025-01-30,47000.00,CE,1685.00,1900.50,1685.00,1900.50,1873.35,7,51.191235,2505,0,06-JAN-2025
OPTSTK,PAGEIND,30-Jan-2025,2025-01-30,47000.00,PE,750.90,880.00,645.00,718.40,718.40,121,866.59569,5250,135,06-JAN-2025
OPTSTK,PAGEIND,27-Feb-2025,2025-02-27,47000.00,CE,0.00,0.00,0.00,2061.15,2541.00,0,0.00,0,0,06-JAN-2025
OPTSTK,PAGEIND,27-Feb-2025,2025-02-27,47000.00,PE,0.00,0.00,0.00,3397.55,1091.50,0,0.00,0,0,06-JAN-2025
OPTSTK,PAGEIND,30-Jan-2025,2025-01-30,41000.00,CE,0.00,0.00,0.00,4107.55,7185.10,0,0.00,0,0,06-JAN-2025
OPTSTK,PAGEIND,30-Jan-2025,2025-01-30,44000.00,PE,140.00,140.00,140.00,140.00,88.05,1,6.621,1785,0,06-JAN-2025
OPTSTK,PAGEIND,27-Mar-2025,2025-03-27,44000.00,PE,0.00,0.00,0.00,1105.40,518.35,0,0.00,0,0,06-JAN-2025
OPTSTK,PAGEIND,27-Feb-2025,2025-02-27,44000.00,CE,0.00,0.00,0.00,3473.75,4730.85,0,0.00,0,0,06-JAN-2025
OPTSTK,PAGEIND,27-Feb-2025,2025-02-27,43500.00,CE,0.00,0.00,0.00,4819.45,5156.20,0,0.00,0,0,06-JAN-2025
OPTSTK,PAGEIND,30-Jan-2025,2025-01-30,48500.00,PE,1459.35,1459.35,1340.00,1400.00,1400.00,13,97.3330875,105,75,06-JAN-2025
OPTSTK,PAGEIND,30-Jan-2025,2025-01-30,49500.00,CE,625.00,667.15,624.95,667.15,667.15,14,105.328687,285,135,06-JAN-2025
OPTSTK,PAGEIND,30-Jan-2025,2025-01-30,51000.00,PE,0.00,0.00,0.00,3099.95,3077.95,0,0.00,120,0,06-JAN-2025
OPTSTK,PAGEIND,27-Feb-2025,2025-02-27,51000.00,CE,0.00,0.00,0.00,913.85,808.90,0,0.00,0,0,06-JAN-2025
OPTSTK,PAGEIND,27-Mar-2025,2025-03-27,51000.00,CE,0.00,0.00,0.00,1546.55,1270.10,0,0.00,0,0,06-JAN-2025
OPTSTK,PAGEIND,27-Mar-2025,2025-03-27,46000.00,CE,0.00,0.00,0.00,3718.20,3707.45,0,0.00,0,0,06-JAN-2025
OPTSTK,INDHOTEL,30-Jan-2025,2025-01-30,720.00,CE,0.00,0.00,0.00,160.00,127.85,0,0.00,8000,0,06-JAN-2025
OPTSTK,INDHOTEL,27-Feb-2025,2025-02-27,890.00,CE,0.00,0.00,0.00,48.25,24.10,0,0.00,0,0,06-JAN-2025
OPTSTK,INDHOTEL,27-Mar-2025,2025-03-27,820.00,CE,0.00,0.00,0.00,98.00,67.80,0,0.00,0,0,06-JAN-2025
OPTSTK,ABBOTINDIA,27-Feb-2025,2025-02-27,26250.00,CE,0.00,0.00,0.00,2958.15,3991.15,0,0.00,0,0,06-JAN-2025
OPTSTK,ABBOTINDIA,30-Jan-2025,2025-01-30,26250.00,CE,0.00,0.00,0.00,2021.45,3820.35,0,0.00,0,0,06-JAN-2025
OPTSTK,ABBOTINDIA,27-Feb-2025,2025-02-27,29750.00,PE,0.00,0.00,0.00,1663.55,749.40,0,0.00,0,0,06-JAN-2025
OPTSTK,ABBOTINDIA,27-Feb-2025,2025-02-27,30500.00,CE,0.00,0.00,0.00,541.20,861.45,0,0.00,0,0,06-JAN-2025
OPTSTK,ABBOTINDIA,30-Jan-2025,2025-01-30,30500.00,PE,0.00,0.00,0.00,2063.15,898.55,0,0.00,0,0,06-JAN-2025
OPTSTK,ABBOTINDIA,27-Feb-2025,2025-02-27,30500.00,PE,0.00,0.00,0.00,3112.80,1119.15,0,0.00,0,0,06-JAN-2025
OPTSTK,ABBOTINDIA,30-Jan-2025,2025-01-30,30500.00,CE,384.20,646.20,384.20,586.40,586.40,78,485.10172,900,-20,06-JAN-2025
OPTSTK,INDHOTEL,27-Feb-2025,2025-02-27,970.00,CE,0.00,0.00,0.00,22.10,7.00,0,0.00,0,0,06-JAN-2025
OPTSTK,INDHOTEL,30-Jan-2025,2025-01-30,970.00,PE,0.00,0.00,0.00,185.30,122.75,0,0.00,0,0,06-JAN-2025
OPTSTK,INDHOTEL,27-Feb-2025,2025-02-27,970.00,PE,0.00,0.00,0.00,111.60,123.50,0,0.00,0,0,06-JAN-2025
OPTSTK,INDHOTEL,30-Jan-2025,2025-01-30,970.00,CE,2.05,2.05,1.15,1.40,1.40,141,1369.7835,99000,63000,06-JAN-2025
OPTSTK,TECHM,27-Feb-2025,2025-02-27,1780.00,CE,0.00,0.00,0.00,61.20,35.55,0,0.00,0,0,06-JAN-2025
OPTSTK,INDHOTEL,30-Jan-2025,2025-01-30,770.00,PE,1.35,5.35,1.35,4.40,4.40,448,3466.815,107000,19000,06-JAN-2025
OPTSTK,ABBOTINDIA,30-Jan-2025,2025-01-30,32500.00,CE,85.00,139.95,85.00,133.00,133.00,11,71.75011,1800,80,06-JAN-2025
OPTSTK,ABBOTINDIA,30-Jan-2025,2025-01-30,32500.00,PE,0.00,0.00,0.00,3462.85,2471.45,0,0.00,0,0,06-JAN-2025
OPTSTK,ABBOTINDIA,27-Feb-2025,2025-02-27,32500.00,CE,0.00,0.00,0.00,225.25,266.40,0,0.00,0,0,06-JAN-2025
OPTSTK,ABBOTINDIA,30-Jan-2025,2025-01-30,33500.00,CE,35.00,37.00,35.00,37.00,18.10,6,40.24278,380,100,06-JAN-2025
OPTSTK,ABBOTINDIA,27-Feb-2025,2025-02-27,33500.00,PE,0.00,0.00,0.00,5657.00,3360.65,0,0.00,0,0,06-JAN-2025
OPTSTK,ABBOTINDIA,27-Feb-2025,2025-02-27,33500.00,CE,0.00,0.00,0.00,139.50,131.65,0,0.00,0,0,06-JAN-2025
OPTSTK,INDHOTEL,27-Feb-2025,2025-02-27,870.00,CE,0.00,0.00,0.00,57.50,31.45,0,0.00,0,0,06-JAN-2025
OPTSTK,INDHOTEL,27-Feb-2025,2025-02-27,910.00,PE,0.00,0.00,0.00,70.45,75.20,0,0.00,0,0,06-JAN-2025
OPTSTK,TECHM,27-Feb-2025,2025-02-27,1900.00,CE,0.00,0.00,0.00,28.20,11.30,0,0.00,0,0,06-JAN-2025
OPTSTK,INDHOTEL,30-Jan-2025,2025-01-30,910.00,PE,57.05,67.00,57.05,67.00,68.75,5,48.5435,23000,2000,06-JAN-2025
OPTSTK,INDHOTEL,27-Mar-2025,2025-03-27,860.00,PE,0.00,0.00,0.00,51.65,50.20,0,0.00,0,0,06-JAN-2025
OPTSTK,INDHOTEL,27-Mar-2025,2025-03-27,860.00,CE,0.00,0.00,0.00,75.50,47.05,0,0.00,0,0,06-JAN-2025
OPTSTK,INDHOTEL,30-Jan-2025,2025-01-30,860.00,PE,14.95,34.45,13.65,31.85,31.85,2453,21678.8405,514000,101000,06-JAN-2025
OPTSTK,ABBOTINDIA,30-Jan-2025,2025-01-30,25500.00,PE,0.00,0.00,0.00,230.30,0.65,0,0.00,0,0,06-JAN-2025
OPTSTK,ABBOTINDIA,30-Jan-2025,2025-01-30,26250.00,PE,0.00,0.00,0.00,564.50,3.70,0,0.00,0,0,06-JAN-2025
OPTSTK,ABBOTINDIA,27-Feb-2025,2025-02-27,26250.00,PE,0.00,0.00,0.00,282.05,39.55,0,0.00,0,0,06-JAN-2025
OPTSTK,ICICIBANK,30-Jan-2025,2025-01-30,1200.00,CE,80.40,86.50,75.35,77.50,77.50,118,1056.47605,101500,-2100,06-JAN-2025
OPTSTK,JSWSTEEL,27-Feb-2025,2025-02-27,1010.00,CE,0.00,0.00,0.00,19.35,7.00,0,0.00,0,0,06-JAN-2025
OPTSTK,ICICIBANK,27-Feb-2025,2025-02-27,1360.00,CE,0.00,0.00,0.00,43.00,11.10,0,0.00,0,0,06-JAN-2025
OPTSTK,ICICIBANK,27-Mar-2025,2025-03-27,1360.00,PE,0.00,0.00,0.00,84.25,95.85,0,0.00,0,0,06-JAN-2025
OPTSTK,ICICIBANK,30-Jan-2025,2025-01-30,1360.00,PE,87.70,96.15,87.00,91.85,92.70,26,263.95145,58100,-17500,06-JAN-2025
OPTSTK,ICICIBANK,30-Jan-2025,2025-01-30,1340.00,CE,6.75,7.95,5.85,6.80,6.80,1954,18422.0627,1084300,7700,06-JAN-2025
OPTSTK,ICICIBANK,27-Mar-2025,2025-03-27,1340.00,PE,0.00,0.00,0.00,72.55,81.60,0,0.00,0,0,06-JAN-2025
OPTSTK,ICICIBANK,30-Jan-2025,2025-01-30,1340.00,PE,69.00,80.00,69.00,77.75,75.05,33,327.10195,397600,-4900,06-JAN-2025
OPTSTK,ICICIBANK,27-Mar-2025,2025-03-27,1220.00,PE,0.00,0.00,0.00,23.05,21.65,0,0.00,0,0,06-JAN-2025
OPTSTK,ICICIBANK,27-Mar-2025,2025-03-27,1220.00,CE,0.00,0.00,0.00,122.45,83.65,0,0.00,0,0,06-JAN-2025
OPTSTK,GRASIM,27-Feb-2025,2025-02-27,2740.00,CE,0.00,0.00,0.00,39.40,13.95,0,0.00,0,0,06-JAN-2025
OPTSTK,GRASIM,27-Mar-2025,2025-03-27,2320.00,CE,0.00,0.00,0.00,257.95,211.05,0,0.00,0,0,06-JAN-2025
OPTSTK,JSWSTEEL,30-Jan-2025,2025-01-30,880.00,PE,10.50,16.30,10.40,15.80,15.80,937,5655.37511,232875,42525,06-JAN-2025
OPTSTK,JSWSTEEL,27-Mar-2025,2025-03-27,880.00,CE,0.00,0.00,0.00,84.90,62.30,0,0.00,0,0,06-JAN-2025
OPTSTK,ICICIBANK,27-Feb-2025,2025-02-27,1260.00,CE,0.00,0.00,0.00,89.80,46.55,0,0.00,0,0,06-JAN-2025
OPTSTK,JSWSTEEL,27-Feb-2025,2025-02-27,870.00,CE,0.00,0.00,0.00,79.45,57.90,0,0.00,0,0,06-JAN-2025
OPTSTK,JSWSTEEL,30-Jan-2025,2025-01-30,910.00,PE,21.35,29.50,19.80,28.50,28.50,1217,7683.08253,248400,-2025,06-JAN-2025
OPTSTK,JSWSTEEL,30-Jan-2025,2025-01-30,910.00,CE,27.85,29.30,22.40,23.40,23.40,1078,6804.97132,222750,66150,06-JAN-2025
OPTSTK,JSWSTEEL,27-Feb-2025,2025-02-27,910.00,CE,0.00,0.00,0.00,56.05,35.40,0,0.00,0,0,06-JAN-2025
OPTSTK,GRASIM,27-Feb-2025,2025-02-27,2340.00,PE,0.00,0.00,0.00,45.15,29.30,0,0.00,0,0,06-JAN-2025
OPTSTK,GRASIM,27-Feb-2025,2025-02-27,2340.00,CE,0.00,0.00,0.00,216.55,172.25,0,0.00,0,0,06-JAN-2025
OPTSTK,ICICIBANK,30-Jan-2025,2025-01-30,1410.00,PE,0.00,0.00,0.00,93.05,140.20,0,0.00,4900,0,06-JAN-2025
OPTSTK,ICICIBANK,30-Jan-2025,2025-01-30,1410.00,CE,1.05,1.30,1.00,1.20,0.55,308,3042.5696,385000,-4900,06-JAN-2025
OPTSTK,ICICIBANK,27-Feb-2025,2025-02-27,1410.00,PE,0.00,0.00,0.00,114.25,136.85,0,0.00,0,0,06-JAN-2025
OPTSTK,ICICIBANK,27-Feb-2025,2025-02-27,1410.00,CE,6.35,6.35,6.35,6.35,4.45,2,19.8289,3500,1400,06-JAN-2025
OPTSTK,JSWSTEEL,27-Mar-2025,2025-03-27,860.00,CE,0.00,0.00,0.00,97.40,74.80,0,0.00,0,0,06-JAN-2025
OPTSTK,JSWSTEEL,27-Feb-2025,2025-02-27,830.00,CE,0.00,0.00,0.00,107.90,87.00,0,0.00,0,0,06-JAN-2025
OPTSTK,JSWSTEEL,30-Jan-2025,2025-01-30,830.00,CE,81.30,81.30,81.30,81.30,77.30,2,12.30255,675,0,06-JAN-2025
OPTSTK,GRASIM,27-Mar-2025,2025-03-27,2680.00,CE,0.00,0.00,0.00,78.90,41.05,0,0.00,0,0,06-JAN-2025
OPTSTK,JSWSTEEL,30-Jan-2025,2025-01-30,970.00,PE,59.15,71.75,59.15,70.90,70.90,29,203.151037,52650,4725,06-JAN-2025
OPTSTK,JSWSTEEL,30-Jan-2025,2025-01-30,970.00,CE,7.40,7.45,5.75,6.05,6.05,815,5371.40227,172125,42525,06-JAN-2025
OPTSTK,AUROPHARMA,27-Feb-2025,2025-02-27,1280.00,CE,0.00,0.00,0.00,73.15,78.40,0,0.00,0,0,06-JAN-2025
OPTSTK,AUROPHARMA,27-Feb-2025,2025-02-27,1280.00,PE,0.00,0.00,0.00,92.00,33.35,0,0.00,550,0,06-JAN-2025
OPTSTK,AUROPHARMA,27-Feb-2025,2025-02-27,1260.00,PE,0.00,0.00,0.00,61.55,26.25,0,0.00,0,0,06-JAN-2025
OPTSTK,AUROPHARMA,30-Jan-2025,2025-01-30,1460.00,CE,5.10,5.10,3.15,4.30,4.30,232,1867.95097,97900,2750,06-JAN-2025
OPTSTK,AUROPHARMA,27-Feb-2025,2025-02-27,1360.00,CE,0.00,0.00,0.00,44.80,39.05,0,0.00,0,0,06-JAN-2025
OPTSTK,AUROPHARMA,30-Jan-2025,2025-01-30,1360.00,CE,21.65,23.00,15.95,20.80,20.80,819,6212.65672,475200,6600,06-JAN-2025
OPTSTK,AUROPHARMA,30-Jan-2025,2025-01-30,1140.00,PE,2.50,2.60,2.50,2.60,0.55,14,87.978,62700,4400,06-JAN-2025
OPTSTK,AUROPHARMA,27-Mar-2025,2025-03-27,1400.00,CE,0.00,0.00,0.00,38.70,40.15,0,0.00,0,0,06-JAN-2025
OPTSTK,AUROPHARMA,27-Feb-2025,2025-02-27,1340.00,CE,0.00,0.00,0.00,41.10,47.15,0,0.00,0,0,06-JAN-2025
OPTSTK,AUROPHARMA,27-Feb-2025,2025-02-27,1220.00,PE,0.00,0.00,0.00,43.70,15.35,0,0.00,0,0,06-JAN-2025
OPTSTK,AUROPHARMA,27-Feb-2025,2025-02-27,1140.00,PE,0.00,0.00,0.00,18.95,3.95,0,0.00,0,0,06-JAN-2025
OPTSTK,AUROPHARMA,27-Feb-2025,2025-02-27,1140.00,CE,0.00,0.00,0.00,149.50,187.65,0,0.00,0,0,06-JAN-2025
OPTSTK,AUROPHARMA,30-Jan-2025,2025-01-30,1080.00,CE,0.00,0.00,0.00,340.20,237.65,0,0.00,0,0,06-JAN-2025
OPTSTK,AUROPHARMA,30-Jan-2025,2025-01-30,1120.00,PE,1.80,1.80,1.80,1.80,0.25,1,6.1699,18150,0,06-JAN-2025
OPTSTK,AUROPHARMA,27-Feb-2025,2025-02-27,1240.00,PE,0.00,0.00,0.00,70.85,20.30,0,0.00,0,0,06-JAN-2025
OPTSTK,AUROPHARMA,30-Jan-2025,2025-01-30,1240.00,CE,84.50,93.75,84.00,88.45,87.50,9,65.646075,33550,-1100,06-JAN-2025
OPTSTK,AUROPHARMA,27-Feb-2025,2025-02-27,1300.00,PE,42.00,42.00,42.00,42.00,41.55,1,7.381,1650,550,06-JAN-2025
OPTSTK,AUROPHARMA,30-Jan-2025,2025-01-30,1140.00,CE,0.00,0.00,0.00,136.10,178.40,0,0.00,0,0,06-JAN-2025
OPTSTK,AUROPHARMA,27-Feb-2025,2025-02-27,1400.00,PE,0.00,0.00,0.00,170.80,99.85,0,0.00,0,0,06-JAN-2025
OPTSTK,AUROPHARMA,30-Jan-2025,2025-01-30,1400.00,PE,84.00,97.00,80.65,87.10,91.25,31,254.081575,119900,8250,06-JAN-2025
OPTSTK,AUROPHARMA,27-Mar-2025,2025-03-27,1320.00,PE,0.00,0.00,0.00,104.15,60.45,0,0.00,0,0,06-JAN-2025
OPTSTK,AUROPHARMA,30-Jan-2025,2025-01-30,1320.00,CE,37.30,40.10,29.80,36.80,36.80,1174,8752.61475,253000,116050,06-JAN-2025
OPTSTK,AUROPHARMA,27-Feb-2025,2025-02-27,1080.00,CE,0.00,0.00,0.00,195.55,244.20,0,0.00,0,0,06-JAN-2025
OPTSTK,AUROPHARMA,27-Feb-2025,2025-02-27,1520.00,CE,0.00,0.00,0.00,14.50,6.10,0,0.00,0,0,06-JAN-2025
OPTSTK,AUROPHARMA,27-Feb-2025,2025-02-27,1160.00,PE,0.00,0.00,0.00,6.45,5.75,0,0.00,20900,0,06-JAN-2025
OPTSTK,AUROPHARMA,30-Jan-2025,2025-01-30,1360.00,PE,60.30,67.55,55.00,58.90,61.25,83,648.801725,114400,-7700,06-JAN-2025
OPTSTK,AUROPHARMA,30-Jan-2025,2025-01-30,1260.00,CE,71.15,76.05,66.80,68.55,72.25,15,109.741225,146300,1100,06-JAN-2025
OPTSTK,AUROPHARMA,27-Feb-2025,2025-02-27,1260.00,CE,0.00,0.00,0.00,73.60,91.10,0,0.00,0,0,06-JAN-2025
OPTSTK,AUROPHARMA,27-Feb-2025,2025-02-27,1320.00,PE,0.00,0.00,0.00,115.45,51.00,0,0.00,0,0,06-JAN-2025
OPTSTK,AUROPHARMA,27-Feb-2025,2025-02-27,1320.00,CE,0.00,0.00,0.00,57.65,56.40,0,0.00,0,0,06-JAN-2025
OPTSTK,AUROPHARMA,30-Jan-2025,2025-01-30,1320.00,PE,30.00,41.45,29.25,35.95,35.95,651,4855.07577,172150,-13200,06-JAN-2025
OPTSTK,BATAINDIA,27-Feb-2025,2025-02-27,1570.00,CE,0.00,0.00,0.00,6.60,8.35,0,0.00,0,0,06-JAN-2025
OPTSTK,BATAINDIA,27-Feb-2025,2025-02-27,1570.00,PE,0.00,0.00,0.00,206.45,139.35,0,0.00,0,0,06-JAN-2025
OPTSTK,BATAINDIA,30-Jan-2025,2025-01-30,1570.00,CE,0.00,0.00,0.00,7.65,1.50,0,0.00,0,0,06-JAN-2025
OPTSTK,BATAINDIA,30-Jan-2025,2025-01-30,1570.00,PE,0.00,0.00,0.00,195.75,140.55,0,0.00,0,0,06-JAN-2025
OPTSTK,BATAINDIA,30-Jan-2025,2025-01-30,1260.00,PE,0.00,0.00,0.00,1.20,0.25,0,0.00,28125,0,06-JAN-2025
OPTSTK,INDIGO,27-Mar-2025,2025-03-27,4300.00,PE,0.00,0.00,0.00,123.45,220.35,0,0.00,0,0,06-JAN-2025
OPTSTK,BATAINDIA,30-Jan-2025,2025-01-30,1410.00,CE,49.60,49.60,42.65,43.25,43.25,5,27.2716875,15375,1500,06-JAN-2025
OPTSTK,BATAINDIA,30-Jan-2025,2025-01-30,1410.00,PE,18.00,35.60,17.20,34.20,34.20,63,339.575437,17625,-2625,06-JAN-2025
OPTSTK,BATAINDIA,27-Feb-2025,2025-02-27,1410.00,PE,0.00,0.00,0.00,80.45,32.95,0,0.00,0,0,06-JAN-2025
OPTSTK,INDIGO,27-Feb-2025,2025-02-27,4050.00,PE,0.00,0.00,0.00,40.05,84.15,0,0.00,0,0,06-JAN-2025
OPTSTK,INDIGO,30-Jan-2025,2025-01-30,4050.00,PE,18.05,62.55,18.05,54.25,54.25,194,1194.864,16500,16500,06-JAN-2025
OPTSTK,BATAINDIA,30-Jan-2025,2025-01-30,1330.00,PE,2.55,10.05,2.50,8.30,8.30,115,575.99025,36375,1125,06-JAN-2025
OPTSTK,INDIGO,27-Feb-2025,2025-02-27,4150.00,PE,0.00,0.00,0.00,56.05,118.75,0,0.00,0,0,06-JAN-2025
OPTSTK,BATAINDIA,30-Jan-2025,2025-01-30,1160.00,PE,0.45,0.45,0.45,0.45,0.05,1,4.3516875,34500,0,06-JAN-2025
OPTSTK,BATAINDIA,27-Feb-2025,2025-02-27,1160.00,PE,0.00,0.00,0.00,5.25,0.10,0,0.00,0,0,06-JAN-2025
OPTSTK,INDIGO,30-Jan-2025,2025-01-30,5400.00,CE,0.00,0.00,0.00,3.30,0.10,0,0.00,4050,0,06-JAN-2025
OPTSTK,INDIGO,27-Feb-2025,2025-02-27,3600.00,PE,0.00,0.00,0.00,43.40,10.00,0,0.00,0,0,06-JAN-2025
OPTSTK,INDIGO,30-Jan-2025,2025-01-30,4600.00,CE,72.30,72.30,27.50,29.65,29.65,3885,27041.9664,245550,48900,06-JAN-2025
OPTSTK,INDIGO,27-Mar-2025,2025-03-27,4600.00,PE,0.00,0.00,0.00,240.00,398.65,0,0.00,450,0,06-JAN-2025
OPTSTK,INDIGO,27-Mar-2025,2025-03-27,4600.00,CE,0.00,0.00,0.00,437.50,133.15,0,0.00,0,0,06-JAN-2025
OPTSTK,INDIGO,30-Jan-2025,2025-01-30,4600.00,PE,171.85,371.95,166.50,353.75,353.75,1094,8016.70665,102300,-17250,06-JAN-2025
OPTSTK,BATAINDIA,27-Feb-2025,2025-02-27,1440.00,CE,0.00,0.00,0.00,46.00,44.75,0,0.00,0,0,06-JAN-2025
OPTSTK,INDIGO,27-Mar-2025,2025-03-27,4700.00,CE,0.00,0.00,0.00,384.20,105.50,0,0.00,0,0,06-JAN-2025
OPTSTK,BATAINDIA,30-Jan-2025,2025-01-30,1250.00,CE,0.00,0.00,0.00,140.15,179.70,0,0.00,0,0,06-JAN-2025
OPTSTK,INDIGO,27-Feb-2025,2025-02-27,5100.00,PE,0.00,0.00,0.00,760.15,799.15,0,0.00,0,0,06-JAN-2025
OPTSTK,INDIGO,27-Feb-2025,2025-02-27,5100.00,CE,0.00,0.00,0.00,104.80,14.90,0,0.00,0,0,06-JAN-2025
OPTSTK,INDIGO,30-Jan-2025,2025-01-30,5100.00,CE,7.00,7.00,3.55,3.75,3.75,477,3652.19872,84450,20100,06-JAN-2025
OPTSTK,INDIGO,27-Mar-2025,2025-03-27,4800.00,PE,0.00,0.00,0.00,323.90,545.30,0,0.00,0,0,06-JAN-2025
OPTSTK,BATAINDIA,30-Jan-2025,2025-01-30,1640.00,CE,2.30,3.30,1.75,2.15,0.15,88,542.065687,12000,12000,06-JAN-2025
OPTSTK,BATAINDIA,27-Feb-2025,2025-02-27,1640.00,CE,0.00,0.00,0.00,7.65,2.65,0,0.00,0,0,06-JAN-2025
OPTSTK,BATAINDIA,27-Feb-2025,2025-02-27,1400.00,CE,85.80,85.80,55.80,55.80,66.35,2,11.031,2625,375,06-JAN-2025
OPTSTK,BATAINDIA,30-Jan-2025,2025-01-30,1220.00,CE,0.00,0.00,0.00,171.25,209.45,0,0.00,0,0,06-JAN-2025
OPTSTK,UNIONBANK,27-Feb-2025,2025-02-27,144.00,PE,0.00,0.00,0.00,24.45,28.50,0,0.00,0,0,06-JAN-2025
OPTSTK,UNIONBANK,27-Mar-2025,2025-03-27,128.00,PE,0.00,0.00,0.00,14.75,15.60,0,0.00,0,0,06-JAN-2025
OPTSTK,UNIONBANK,27-Mar-2025,2025-03-27,128.00,CE,0.00,0.00,0.00,8.15,4.20,0,0.00,0,0,06-JAN-2025
OPTSTK,UNIONBANK,27-Feb-2025,2025-02-27,128.00,PE,0.00,0.00,0.00,13.55,14.70,0,0.00,0,0,06-JAN-2025
OPTSTK,UNIONBANK,30-Jan-2025,2025-01-30,128.00,CE,3.35,3.35,0.95,1.00,1.00,142,811.301625,393825,181425,06-JAN-2025
OPTSTK,UNIONBANK,30-Jan-2025,2025-01-30,128.00,PE,11.90,12.55,11.90,12.55,13.65,2,12.4099125,84075,4425,06-JAN-2025
OPTSTK,UNIONBANK,30-Jan-2025,2025-01-30,131.00,CE,0.75,0.85,0.60,0.60,0.60,74,431.433075,159300,-8850,06-JAN-2025
OPTSTK,UNIONBANK,30-Jan-2025,2025-01-30,121.00,CE,3.10,3.25,2.15,2.35,2.35,210,1148.27201,455775,70800,06-JAN-2025
OPTSTK,ITC,27-Mar-2025,2025-03-27,510.00,CE,0.00,0.00,0.00,11.90,1.85,0,0.00,0,0,06-JAN-2025
OPTSTK,UNIONBANK,27-Feb-2025,2025-02-27,125.00,PE,0.00,0.00,0.00,11.55,12.45,0,0.00,0,0,06-JAN-2025
OPTSTK,UNIONBANK,30-Jan-2025,2025-01-30,125.00,PE,7.05,13.10,7.05,12.30,12.30,239,1434.29737,1132800,88500,06-JAN-2025
OPTSTK,UNIONBANK,30-Jan-2025,2025-01-30,123.00,PE,9.40,11.25,9.20,10.65,10.65,30,176.800875,207975,-8850,06-JAN-2025
OPTSTK,UNIONBANK,27-Feb-2025,2025-02-27,123.00,CE,0.00,0.00,0.00,7.95,3.95,0,0.00,0,0,06-JAN-2025
OPTSTK,ITC,30-Jan-2025,2025-01-30,475.00,PE,17.20,34.60,16.10,32.05,32.05,111,887.3856,62400,-4268800,06-JAN-2025
OPTSTK,ITC,27-Feb-2025,2025-02-27,475.00,CE,0.00,0.00,0.00,8.00,4.15,0,0.00,0,-12800,06-JAN-2025
OPTSTK,ITC,27-Feb-2025,2025-02-27,470.00,CE,7.10,7.95,7.10,7.20,7.20,4,30.5496,6400,-17600,06-JAN-2025
OPTSTK,UNIONBANK,27-Feb-2025,2025-02-27,128.00,CE,0.00,0.00,0.00,9.55,2.60,0,0.00,0,0,06-JAN-2025
OPTSTK,ITC,30-Jan-2025,2025-01-30,440.00,PE,2.50,11.70,1.95,8.55,8.55,5642,40423.5808,1003200,96000,06-JAN-2025
OPTSTK,ITC,30-Jan-2025,2025-01-30,440.00,CE,24.45,25.00,12.55,13.40,13.40,771,5602.1824,345600,310400,06-JAN-2025
OPTSTK,UNIONBANK,27-Feb-2025,2025-02-27,131.00,CE,0.00,0.00,0.00,5.15,2.00,0,0.00,0,0,06-JAN-2025
OPTSTK,ITC,27-Feb-2025,2025-02-27,475.00,PE,0.00,0.00,0.00,0.05,31.95,0,0.00,0,-17600,06-JAN-2025
OPTSTK,ITC,30-Jan-2025,2025-01-30,475.00,CE,3.45,5.70,1.90,2.20,2.20,2121,16220.9608,1086400,-2056000,06-JAN-2025
OPTSTK,UNIONBANK,30-Jan-2025,2025-01-30,143.00,CE,0.20,0.20,0.15,0.20,0.05,13,82.36695,778800,-13275,06-JAN-2025
OPTSTK,UNIONBANK,30-Jan-2025,2025-01-30,121.00,PE,7.55,9.85,7.50,9.75,8.10,16,91.628475,185850,0,06-JAN-2025
OPTSTK,ITC,30-Jan-2025,2025-01-30,445.00,PE,3.75,14.15,2.85,10.70,10.70,2985,21726.4816,427200,-203200,06-JAN-2025
OPTSTK,UNIONBANK,27-Feb-2025,2025-02-27,109.00,CE,0.00,0.00,0.00,15.50,10.45,0,0.00,0,0,06-JAN-2025
OPTSTK,UNIONBANK,30-Jan-2025,2025-01-30,109.00,CE,8.85,8.85,7.95,8.50,8.20,16,83.2010625,53100,35400,06-JAN-2025
OPTSTK,UNIONBANK,27-Feb-2025,2025-02-27,109.00,PE,0.00,0.00,0.00,4.05,3.70,0,0.00,0,0,06-JAN-2025
OPTSTK,UNIONBANK,30-Jan-2025,2025-01-30,109.00,PE,1.85,3.15,1.85,2.75,2.75,86,424.078725,424800,44250,06-JAN-2025
OPTSTK,UNIONBANK,27-Feb-2025,2025-02-27,103.00,CE,0.00,0.00,0.00,19.75,14.60,0,0.00,0,0,06-JAN-2025
OPTSTK,ITC,27-Mar-2025,2025-03-27,450.00,PE,0.00,0.00,0.00,0.50,17.00,0,0.00,0,0,06-JAN-2025
OPTSTK,UNIONBANK,27-Mar-2025,2025-03-27,130.00,CE,0.00,0.00,0.00,7.45,3.70,0,0.00,0,0,06-JAN-2025
FUTSTK,CROMPTON,30-Jan-2025,2025-01-30,,,376.00,383.90,370.30,372.90,372.90,4088,27716.6412,24915600,244800,06-JAN-2025
OPTSTK,CROMPTON,27-Mar-2025,2025-03-27,330.00,PE,0.00,0.00,0.00,4.35,4.50,0,0.00,0,0,06-JAN-2025
OPTSTK,CROMPTON,27-Feb-2025,2025-02-27,330.00,PE,0.00,0.00,0.00,3.35,2.55,0,0.00,0,0,06-JAN-2025
OPTSTK,CROMPTON,30-Jan-2025,2025-01-30,355.00,PE,4.20,5.95,3.60,5.35,5.35,250,1619.4204,100800,12600,06-JAN-2025
OPTSTK,CROMPTON,27-Feb-2025,2025-02-27,410.00,PE,0.00,0.00,0.00,27.30,40.35,0,0.00,0,0,06-JAN-2025
OPTSTK,CROMPTON,30-Jan-2025,2025-01-30,400.00,CE,2.90,4.85,2.85,3.25,3.25,2069,15038.6922,1117800,171000,06-JAN-2025
OPTSTK,CROMPTON,27-Mar-2025,2025-03-27,370.00,PE,0.00,0.00,0.00,14.25,17.45,0,0.00,0,0,06-JAN-2025
OPTSTK,CROMPTON,27-Feb-2025,2025-02-27,460.00,PE,0.00,0.00,0.00,58.65,85.25,0,0.00,0,0,06-JAN-2025
OPTSTK,CROMPTON,27-Mar-2025,2025-03-27,460.00,CE,0.00,0.00,0.00,9.35,1.95,0,0.00,0,0,06-JAN-2025
OPTSTK,CROMPTON,30-Jan-2025,2025-01-30,390.00,PE,16.00,24.40,14.80,22.90,22.90,55,405.0702,225000,-23400,06-JAN-2025
OPTSTK,CROMPTON,27-Feb-2025,2025-02-27,390.00,PE,0.00,0.00,0.00,18.25,25.75,0,0.00,0,0,06-JAN-2025
OPTSTK,CROMPTON,27-Mar-2025,2025-03-27,360.00,PE,0.00,0.00,0.00,11.00,13.10,0,0.00,0,0,06-JAN-2025
OPTSTK,CROMPTON,27-Feb-2025,2025-02-27,330.00,CE,0.00,0.00,0.00,85.95,46.65,0,0.00,0,0,06-JAN-2025
OPTSTK,CROMPTON,30-Jan-2025,2025-01-30,330.00,PE,1.00,1.45,0.80,1.40,1.40,208,1239.7698,149400,-43200,06-JAN-2025
OPTSTK,CROMPTON,30-Jan-2025,2025-01-30,330.00,CE,0.00,0.00,0.00,71.70,43.05,0,0.00,0,0,06-JAN-2025
OPTSTK,CROMPTON,27-Feb-2025,2025-02-27,355.00,CE,0.00,0.00,0.00,49.80,27.70,0,0.00,0,0,06-JAN-2025
OPTSTK,CROMPTON,30-Jan-2025,2025-01-30,480.00,CE,0.00,0.00,0.00,0.20,0.05,0,0.00,3600,0,06-JAN-2025
OPTSTK,CROMPTON,27-Feb-2025,2025-02-27,480.00,CE,0.00,0.00,0.00,9.35,0.25,0,0.00,1800,0,06-JAN-2025
OPTSTK,CROMPTON,30-Jan-2025,2025-01-30,480.00,PE,0.00,0.00,0.00,85.00,106.95,0,0.00,1800,0,06-JAN-2025
OPTSTK,CROMPTON,27-Feb-2025,2025-02-27,450.00,CE,0.00,0.00,0.00,16.20,1.00,0,0.00,0,0,06-JAN-2025
OPTSTK,CROMPTON,30-Jan-2025,2025-01-30,370.00,CE,13.45,19.20,12.45,13.65,13.65,1003,6961.1859,288000,-109800,06-JAN-2025
OPTSTK,CROMPTON,30-Jan-2025,2025-01-30,415.00,CE,1.60,1.80,1.25,1.40,1.40,47,352.3959,61200,10800,06-JAN-2025
OPTSTK,CROMPTON,30-Jan-2025,2025-01-30,415.00,PE,0.00,0.00,0.00,44.20,43.30,0,0.00,34200,0,06-JAN-2025
OPTSTK,CROMPTON,27-Feb-2025,2025-02-27,415.00,PE,0.00,0.00,0.00,32.55,44.40,0,0.00,0,0,06-JAN-2025
OPTSTK,CROMPTON,27-Feb-2025,2025-02-27,360.00,CE,0.00,0.00,0.00,61.85,24.50,0,0.00,0,0,06-JAN-2025
OPTSTK,CROMPTON,27-Feb-2025,2025-02-27,345.00,CE,0.00,0.00,0.00,57.60,34.70,0,0.00,0,0,06-JAN-2025
OPTSTK,CROMPTON,30-Jan-2025,2025-01-30,365.00,CE,15.90,22.35,15.40,16.65,16.65,157,1084.3776,97200,55800,06-JAN-2025
OPTSTK,CROMPTON,27-Feb-2025,2025-02-27,365.00,CE,0.00,0.00,0.00,42.60,21.60,0,0.00,0,0,06-JAN-2025
OPTSTK,CROMPTON,30-Jan-2025,2025-01-30,445.00,CE,0.00,0.00,0.00,0.50,0.10,0,0.00,36000,0,06-JAN-2025
OPTSTK,CROMPTON,30-Jan-2025,2025-01-30,395.00,PE,21.75,26.65,21.60,26.65,26.65,8,60.39,50400,1800,06-JAN-2025
OPTSTK,CROMPTON,30-Jan-2025,2025-01-30,340.00,CE,0.00,0.00,0.00,29.65,34.00,0,0.00,3600,0,06-JAN-2025
OPTSTK,CROMPTON,27-Feb-2025,2025-02-27,385.00,PE,0.00,0.00,0.00,16.65,22.55,0,0.00,0,0,06-JAN-2025
OPTSTK,BANKINDIA,30-Jan-2025,2025-01-30,109.00,CE,2.25,2.25,1.10,1.10,1.05,50,266.277275,419775,120625,06-JAN-2025
OPTSTK,BANKINDIA,27-Feb-2025,2025-02-27,109.00,PE,0.00,0.00,0.00,10.30,10.80,0,0.00,0,0,06-JAN-2025
OPTSTK,BANKINDIA,30-Jan-2025,2025-01-30,109.00,PE,7.65,9.35,7.25,9.35,9.75,10,56.7009875,24125,4825,06-JAN-2025
OPTSTK,BANKINDIA,27-Feb-2025,2025-02-27,109.00,CE,0.00,0.00,0.00,5.80,2.65,0,0.00,0,0,06-JAN-2025
OPTSTK,BANKINDIA,30-Jan-2025,2025-01-30,89.00,PE,0.00,0.00,0.00,0.95,0.45,0,0.00,0,0,06-JAN-2025
OPTSTK,BANKINDIA,27-Feb-2025,2025-02-27,89.00,PE,0.00,0.00,0.00,1.95,1.40,0,0.00,0,0,06-JAN-2025
OPTSTK,BANKINDIA,27-Feb-2025,2025-02-27,107.00,PE,0.00,0.00,0.00,9.10,9.40,0,0.00,0,0,06-JAN-2025
OPTSTK,BANDHANBNK,27-Mar-2025,2025-03-27,180.00,CE,0.00,0.00,0.00,9.45,3.30,0,0.00,0,0,06-JAN-2025
OPTSTK,BANKINDIA,30-Jan-2025,2025-01-30,115.00,CE,1.00,1.00,0.45,0.50,0.50,362,2020.55318,1597075,-96500,06-JAN-2025
OPTSTK,BANKINDIA,30-Jan-2025,2025-01-30,86.00,CE,0.00,0.00,0.00,27.60,14.40,0,0.00,0,0,06-JAN-2025
OPTSTK,BANKINDIA,27-Feb-2025,2025-02-27,120.00,PE,0.00,0.00,0.00,13.70,19.85,0,0.00,0,0,06-JAN-2025
OPTSTK,BANKINDIA,27-Feb-2025,2025-02-27,102.00,PE,0.00,0.00,0.00,4.90,6.30,0,0.00,0,0,06-JAN-2025
OPTSTK,BANKINDIA,30-Jan-2025,2025-01-30,102.00,PE,2.75,6.00,2.70,5.60,5.60,141,722.548575,390825,28950,06-JAN-2025
OPTSTK,BANKINDIA,30-Jan-2025,2025-01-30,102.00,CE,5.05,5.35,2.95,3.10,3.10,189,962.488587,670675,207475,06-JAN-2025
OPTSTK,BANKINDIA,27-Mar-2025,2025-03-27,102.00,CE,0.00,0.00,0.00,10.65,6.65,0,0.00,0,0,06-JAN-2025
OPTSTK,BANKINDIA,27-Feb-2025,2025-02-27,102.00,CE,0.00,0.00,0.00,16.60,5.05,0,0.00,0,0,06-JAN-2025
OPTSTK,BANDHANBNK,30-Jan-2025,2025-01-30,147.50,PE,1.80,4.00,1.50,3.55,3.55,769,3233.1782,982800,378000,06-JAN-2025
OPTSTK,BANDHANBNK,30-Jan-2025,2025-01-30,147.50,CE,13.00,13.00,8.10,8.20,8.20,56,246.043,78400,50400,06-JAN-2025
OPTSTK,BANDHANBNK,30-Jan-2025,2025-01-30,180.00,CE,0.85,0.95,0.50,0.55,0.55,1101,5568.5126,3799600,-100800,06-JAN-2025
OPTSTK,BANKINDIA,30-Jan-2025,2025-01-30,119.00,CE,0.30,0.30,0.30,0.30,0.30,10,57.56225,77200,43425,06-JAN-2025
OPTSTK,BANDHANBNK,27-Feb-2025,2025-02-27,160.00,CE,8.60,8.60,5.60,5.75,5.75,128,598.6288,361200,148400,06-JAN-2025
OPTSTK,BANKINDIA,30-Jan-2025,2025-01-30,92.00,PE,0.70,1.70,0.70,1.60,1.60,208,936.959512,800950,284675,06-JAN-2025
OPTSTK,BANKINDIA,27-Feb-2025,2025-02-27,103.00,CE,0.00,0.00,0.00,8.40,4.65,0,0.00,0,0,06-JAN-2025
OPTSTK,BANKINDIA,27-Feb-2025,2025-02-27,103.00,PE,0.00,0.00,0.00,6.90,6.85,0,0.00,0,0,06-JAN-2025
OPTSTK,BANKINDIA,30-Jan-2025,2025-01-30,120.00,CE,0.55,0.60,0.25,0.25,0.25,271,1573.53141,1529525,-303975,06-JAN-2025
OPTSTK,BANKINDIA,30-Jan-2025,2025-01-30,125.00,CE,0.20,0.25,0.20,0.25,0.05,7,42.2983625,337750,14475,06-JAN-2025
OPTSTK,BANKINDIA,27-Feb-2025,2025-02-27,98.00,PE,0.00,0.00,0.00,3.60,4.30,0,0.00,0,0,06-JAN-2025
OPTSTK,BANKINDIA,30-Jan-2025,2025-01-30,98.00,CE,6.30,6.30,4.85,5.00,5.00,26,129.710475,110975,43425,06-JAN-2025
OPTSTK,BANKINDIA,27-Feb-2025,2025-02-27,98.00,CE,0.00,0.00,0.00,19.30,7.00,0,0.00,0,0,06-JAN-2025
OPTSTK,BANDHANBNK,30-Jan-2025,2025-01-30,195.00,CE,0.20,0.20,0.15,0.15,0.05,25,136.6372,288400,5600,06-JAN-2025
OPTSTK,BANDHANBNK,27-Feb-2025,2025-02-27,185.00,PE,0.00,0.00,0.00,22.90,32.80,0,0.00,0,0,06-JAN-2025
OPTSTK,BANDHANBNK,30-Jan-2025,2025-01-30,185.00,CE,0.50,0.50,0.35,0.40,0.40,190,986.3896,582400,-75600,06-JAN-2025
OPTSTK,POWERGRID,27-Feb-2025,2025-02-27,345.00,CE,0.00,0.00,0.00,6.90,2.55,0,0.00,0,0,06-JAN-2025
OPTSTK,POWERGRID,27-Mar-2025,2025-03-27,240.00,CE,0.00,0.00,0.00,75.65,69.85,0,0.00,0,0,06-JAN-2025
OPTSTK,POWERGRID,27-Feb-2025,2025-02-27,335.00,CE,0.00,0.00,0.00,9.50,4.20,0,0.00,0,0,06-JAN-2025
OPTSTK,POWERGRID,30-Jan-2025,2025-01-30,335.00,PE,20.75,27.55,20.75,27.35,27.35,3,19.4472,64800,-3600,06-JAN-2025
OPTSTK,POWERGRID,30-Jan-2025,2025-01-30,365.00,CE,0.00,0.00,0.00,0.25,0.05,0,0.00,111600,0,06-JAN-2025
OPTSTK,POWERGRID,27-Feb-2025,2025-02-27,370.00,PE,0.00,0.00,0.00,41.70,61.05,0,0.00,0,0,06-JAN-2025
OPTSTK,POWERGRID,30-Jan-2025,2025-01-30,350.00,CE,0.55,0.55,0.30,0.35,0.35,1541,9719.5356,3463200,-151200,06-JAN-2025
OPTSTK,POWERGRID,27-Mar-2025,2025-03-27,350.00,CE,0.00,0.00,0.00,9.20,4.05,0,0.00,0,0,06-JAN-2025
OPTSTK,POWERGRID,30-Jan-2025,2025-01-30,345.00,CE,0.60,0.65,0.35,0.45,0.45,233,1448.9793,396000,25200,06-JAN-2025
OPTSTK,POWERGRID,30-Jan-2025,2025-01-30,310.00,PE,4.30,9.20,4.25,8.65,8.65,1917,10930.9968,1454400,-88200,06-JAN-2025
OPTSTK,POWERGRID,27-Feb-2025,2025-02-27,310.00,PE,10.25,13.95,9.80,13.95,13.95,5,29.0133,90000,5400,06-JAN-2025
OPTSTK,POWERGRID,30-Jan-2025,2025-01-30,310.00,CE,9.95,10.20,5.75,6.35,6.35,1469,8382.069,2361600,109800,06-JAN-2025
OPTSTK,POWERGRID,30-Jan-2025,2025-01-30,345.00,PE,30.55,37.80,30.55,37.80,37.95,3,20.5326,23400,0,06-JAN-2025
OPTSTK,POWERGRID,30-Jan-2025,2025-01-30,400.00,CE,0.15,0.15,0.10,0.10,0.05,5,36.0099,46800,-5400,06-JAN-2025
OPTSTK,POWERGRID,27-Feb-2025,2025-02-27,335.00,PE,0.00,0.00,0.00,30.00,30.00,0,0.00,0,0,06-JAN-2025
OPTSTK,POWERGRID,30-Jan-2025,2025-01-30,320.00,CE,5.20,5.20,2.55,2.85,2.85,2148,12504.1365,1893600,25200,06-JAN-2025
OPTSTK,POWERGRID,27-Feb-2025,2025-02-27,270.00,CE,0.00,0.00,0.00,70.75,40.00,0,0.00,0,0,06-JAN-2025
OPTSTK,POWERGRID,30-Jan-2025,2025-01-30,370.00,CE,0.20,0.20,0.15,0.15,0.15,19,126.6057,133200,-25200,06-JAN-2025
OPTSTK,POWERGRID,30-Jan-2025,2025-01-30,330.00,PE,16.00,23.70,16.00,23.70,23.70,129,810.2817,675000,19800,06-JAN-2025
OPTSTK,POWERGRID,27-Feb-2025,2025-02-27,400.00,CE,0.00,0.00,0.00,0.80,0.10,0,0.00,1800,0,06-JAN-2025
OPTSTK,POWERGRID,27-Feb-2025,2025-02-27,280.00,PE,0.00,0.00,0.00,3.50,2.85,0,0.00,0,0,06-JAN-2025
OPTSTK,POWERGRID,27-Mar-2025,2025-03-27,280.00,PE,0.00,0.00,0.00,6.85,4.55,0,0.00,0,0,06-JAN-2025
OPTSTK,POWERGRID,27-Feb-2025,2025-02-27,280.00,CE,0.00,0.00,0.00,62.20,31.50,0,0.00,0,0,06-JAN-2025
OPTSTK,POWERGRID,30-Jan-2025,2025-01-30,315.00,CE,7.10,7.25,3.90,4.25,4.25,1420,8183.0115,2437200,14400,06-JAN-2025
OPTSTK,POWERGRID,27-Feb-2025,2025-02-27,315.00,PE,0.00,0.00,0.00,17.75,16.10,0,0.00,0,0,06-JAN-2025
OPTSTK,POWERGRID,30-Jan-2025,2025-01-30,290.00,PE,0.90,2.35,0.85,2.15,2.15,1161,6095.2077,718200,97200,06-JAN-2025
OPTSTK,POWERGRID,27-Feb-2025,2025-02-27,290.00,CE,0.00,0.00,0.00,54.10,23.95,0,0.00,0,0,06-JAN-2025
OPTSTK,POWERGRID,30-Jan-2025,2025-01-30,390.00,PE,0.00,0.00,0.00,76.00,82.30,0,0.00,5400,0,06-JAN-2025
FUTSTK,POWERGRID,27-Mar-2025,2025-03-27,,,316.55,316.55,307.00,307.00,310.55,18,100.7532,72000,21600,06-JAN-2025
FUTSTK,POWERGRID,30-Jan-2025,2025-01-30,,,316.75,316.90,306.40,307.60,307.60,6901,38596.3974,70036200,-367200,06-JAN-2025
OPTSTK,POWERGRID,27-Feb-2025,2025-02-27,270.00,PE,0.00,0.00,0.00,2.20,1.40,0,0.00,0,0,06-JAN-2025
OPTSTK,POWERGRID,30-Jan-2025,2025-01-30,270.00,CE,0.00,0.00,0.00,45.80,37.45,0,0.00,12600,0,06-JAN-2025
OPTSTK,CANFINHOME,30-Jan-2025,2025-01-30,600.00,PE,1.00,1.90,1.00,1.65,1.65,185,1085.1399,124800,69225,06-JAN-2025
OPTSTK,CANFINHOME,30-Jan-2025,2025-01-30,680.00,CE,43.95,43.95,43.95,43.95,34.60,1,7.0585125,975,975,06-JAN-2025
OPTSTK,CANFINHOME,27-Feb-2025,2025-02-27,720.00,CE,0.00,0.00,0.00,31.00,27.20,0,0.00,975,0,06-JAN-2025
OPTSTK,CANFINHOME,30-Jan-2025,2025-01-30,840.00,PE,0.00,0.00,0.00,90.00,138.85,0,0.00,9750,0,06-JAN-2025
FUTSTK,CANFINHOME,30-Jan-2025,2025-01-30,,,730.00,733.75,697.10,700.45,700.45,2515,17409.8091,6696300,97500,06-JAN-2025
OPTSTK,CANFINHOME,27-Feb-2025,2025-02-27,620.00,PE,0.00,0.00,0.00,3.60,6.10,0,0.00,0,0,06-JAN-2025
OPTSTK,CANFINHOME,30-Jan-2025,2025-01-30,840.00,CE,1.25,1.25,0.60,0.65,0.65,44,360.672487,104325,9750,06-JAN-2025
OPTSTK,CANFINHOME,27-Feb-2025,2025-02-27,800.00,CE,0.00,0.00,0.00,81.85,7.00,0,0.00,0,0,06-JAN-2025
OPTSTK,CANFINHOME,30-Jan-2025,2025-01-30,800.00,CE,3.45,3.55,1.60,1.75,1.75,735,5750.68845,675675,-2925,06-JAN-2025
OPTSTK,CANFINHOME,27-Feb-2025,2025-02-27,780.00,PE,0.00,0.00,0.00,37.35,84.90,0,0.00,0,0,06-JAN-2025
OPTSTK,CANFINHOME,27-Feb-2025,2025-02-27,770.00,PE,0.00,0.00,0.00,67.65,77.00,0,0.00,0,0,06-JAN-2025
OPTSTK,CANFINHOME,27-Feb-2025,2025-02-27,650.00,PE,0.00,0.00,0.00,14.20,12.50,0,0.00,0,0,06-JAN-2025
OPTSTK,CANFINHOME,30-Jan-2025,2025-01-30,650.00,PE,2.50,7.75,2.35,7.00,7.00,582,3720.28605,250575,44850,06-JAN-2025
OPTSTK,CANFINHOME,27-Feb-2025,2025-02-27,620.00,CE,0.00,0.00,0.00,216.65,89.75,0,0.00,0,0,06-JAN-2025
OPTSTK,CANFINHOME,27-Feb-2025,2025-02-27,730.00,CE,0.00,0.00,0.00,47.60,23.40,0,0.00,0,0,06-JAN-2025
OPTSTK,CANFINHOME,30-Jan-2025,2025-01-30,900.00,PE,0.00,0.00,0.00,145.00,198.30,0,0.00,8775,0,06-JAN-2025
OPTSTK,CANFINHOME,30-Jan-2025,2025-01-30,660.00,PE,4.00,10.40,3.30,9.15,9.15,119,774.13635,119925,-21450,06-JAN-2025
OPTSTK,CANFINHOME,27-Feb-2025,2025-02-27,660.00,PE,0.00,0.00,0.00,7.55,15.45,0,0.00,0,0,06-JAN-2025
OPTSTK,CANFINHOME,30-Jan-2025,2025-01-30,860.00,PE,0.00,0.00,0.00,106.70,158.60,0,0.00,975,0,06-JAN-2025
OPTSTK,CANFINHOME,27-Feb-2025,2025-02-27,830.00,CE,0.00,0.00,0.00,15.40,3.85,0,0.00,0,0,06-JAN-2025
OPTSTK,HAVELLS,27-Feb-2025,2025-02-27,1480.00,PE,0.00,0.00,0.00,14.95,7.00,0,0.00,0,0,06-JAN-2025
OPTSTK,HAVELLS,27-Mar-2025,2025-03-27,1480.00,PE,0.00,0.00,0.00,19.60,12.95,0,0.00,0,0,06-JAN-2025
OPTSTK,HAVELLS,30-Jan-2025,2025-01-30,1480.00,PE,3.35,7.60,3.30,6.60,6.60,53,393.413,41500,2500,06-JAN-2025
OPTSTK,HAVELLS,30-Jan-2025,2025-01-30,1660.00,PE,26.80,59.35,24.50,55.35,55.35,1030,8771.873,134500,12500,06-JAN-2025
OPTSTK,HAVELLS,30-Jan-2025,2025-01-30,1860.00,PE,178.90,178.90,178.90,178.90,206.90,1,10.1945,4000,0,06-JAN-2025
OPTSTK,HAVELLS,27-Feb-2025,2025-02-27,1860.00,CE,0.00,0.00,0.00,27.65,8.50,0,0.00,0,0,06-JAN-2025
OPTSTK,HAVELLS,27-Feb-2025,2025-02-27,1440.00,PE,0.00,0.00,0.00,10.05,3.55,0,0.00,0,0,06-JAN-2025
OPTSTK,HAVELLS,27-Feb-2025,2025-02-27,1540.00,PE,0.00,0.00,0.00,23.00,16.55,0,0.00,0,0,06-JAN-2025
OPTSTK,HAVELLS,30-Jan-2025,2025-01-30,1560.00,PE,6.00,20.15,6.00,17.95,17.95,245,1928.478,65000,4000,06-JAN-2025
OPTSTK,HAVELLS,27-Feb-2025,2025-02-27,1640.00,PE,0.00,0.00,0.00,53.30,49.60,0,0.00,0,0,06-JAN-2025
OPTSTK,HAVELLS,30-Jan-2025,2025-01-30,1640.00,CE,71.90,74.05,51.50,53.25,53.25,152,1291.75225,35500,10500,06-JAN-2025
OPTSTK,HAVELLS,30-Jan-2025,2025-01-30,1700.00,PE,42.65,84.00,40.10,79.30,79.30,374,3297.13275,119500,6500,06-JAN-2025
OPTSTK,HAVELLS,27-Feb-2025,2025-02-27,1700.00,CE,0.00,0.00,0.00,79.80,43.95,0,0.00,0,0,06-JAN-2025
OPTSTK,HAVELLS,30-Jan-2025,2025-01-30,1700.00,CE,49.95,50.00,27.10,28.60,28.60,1629,14114.7932,243000,108500,06-JAN-2025
OPTSTK,HAVELLS,27-Mar-2025,2025-03-27,1480.00,CE,0.00,0.00,0.00,242.70,200.80,0,0.00,0,0,06-JAN-2025
FUTSTK,HAVELLS,27-Feb-2025,2025-02-27,,,1692.25,1693.05,1649.75,1655.75,1655.75,92,766.9095,95500,6500,06-JAN-2025
OPTSTK,HAVELLS,27-Feb-2025,2025-02-27,1600.00,CE,0.00,0.00,0.00,186.95,94.80,0,0.00,0,0,06-JAN-2025
OPTSTK,HAVELLS,27-Mar-2025,2025-03-27,1920.00,PE,0.00,0.00,0.00,239.60,256.45,0,0.00,0,0,06-JAN-2025
OPTSTK,HAVELLS,30-Jan-2025,2025-01-30,1880.00,PE,0.00,0.00,0.00,164.90,226.35,0,0.00,500,0,06-JAN-2025
OPTSTK,HAVELLS,27-Feb-2025,2025-02-27,1620.00,PE,0.00,0.00,0.00,32.85,41.00,0,0.00,1000,0,06-JAN-2025
OPTSTK,HAVELLS,27-Feb-2025,2025-02-27,1480.00,CE,0.00,0.00,0.00,279.25,187.25,0,0.00,0,0,06-JAN-2025
OPTSTK,HAVELLS,30-Jan-2025,2025-01-30,1480.00,CE,0.00,0.00,0.00,212.80,174.10,0,0.00,0,0,06-JAN-2025
OPTSTK,HAVELLS,30-Jan-2025,2025-01-30,1580.00,CE,114.05,114.05,94.45,94.45,86.75,8,67.30825,3500,500,06-JAN-2025
OPTSTK,HAVELLS,27-Feb-2025,2025-02-27,1680.00,CE,0.00,0.00,0.00,136.50,52.05,0,0.00,0,0,06-JAN-2025
OPTSTK,HAVELLS,30-Jan-2025,2025-01-30,1760.00,CE,22.65,24.55,12.80,13.60,13.60,621,5514.1855,69000,25500,06-JAN-2025
OPTSTK,HAVELLS,27-Feb-2025,2025-02-27,1760.00,CE,0.00,0.00,0.00,95.95,25.20,0,0.00,0,0,06-JAN-2025
OPTSTK,HAVELLS,30-Jan-2025,2025-01-30,1540.00,PE,6.50,16.70,6.00,14.15,14.15,326,2527.304,50000,500,06-JAN-2025
OPTSTK,HAVELLS,27-Feb-2025,2025-02-27,1540.00,CE,0.00,0.00,0.00,178.75,137.40,0,0.00,0,0,06-JAN-2025
OPTSTK,HAVELLS,27-Feb-2025,2025-02-27,1560.00,PE,0.00,0.00,0.00,29.95,21.25,0,0.00,0,0,06-JAN-2025
OPTSTK,HAVELLS,27-Feb-2025,2025-02-27,1920.00,CE,0.00,0.00,0.00,42.40,4.00,0,0.00,0,0,06-JAN-2025
OPTSTK,HAVELLS,30-Jan-2025,2025-01-30,1500.00,CE,0.00,0.00,0.00,247.20,155.25,0,0.00,0,0,06-JAN-2025
OPTSTK,HAVELLS,30-Jan-2025,2025-01-30,1800.00,CE,15.80,15.80,7.35,7.95,7.95,1270,11488.271,229000,15500,06-JAN-2025
OPTSTK,IRFC,30-Jan-2025,2025-01-30,172.50,CE,1.65,1.65,0.80,0.85,0.85,166,1015.71641,571050,137475,06-JAN-2025
OPTSTK,IRFC,30-Jan-2025,2025-01-30,177.50,CE,1.20,1.20,0.60,0.60,0.60,27,169.681162,444150,7050,06-JAN-2025
OPTSTK,IRFC,27-Feb-2025,2025-02-27,127.50,CE,0.00,0.00,0.00,26.20,22.25,0,0.00,0,0,06-JAN-2025
OPTSTK,IRFC,30-Jan-2025,2025-01-30,127.50,PE,0.00,0.00,0.00,4.15,1.20,0,0.00,0,0,06-JAN-2025
OPTSTK,IRFC,27-Feb-2025,2025-02-27,127.50,PE,0.00,0.00,0.00,5.20,3.15,0,0.00,0,0,06-JAN-2025
OPTSTK,IRFC,27-Mar-2025,2025-03-27,150.00,PE,0.00,0.00,0.00,17.20,14.50,0,0.00,0,0,06-JAN-2025
OPTSTK,DELHIVERY,30-Jan-2025,2025-01-30,300.00,CE,38.30,38.30,38.30,38.30,39.80,1,5.159075,1525,0,06-JAN-2025
OPTSTK,IRFC,30-Jan-2025,2025-01-30,170.00,PE,16.95,26.50,16.95,26.50,24.90,33,222.275925,264375,66975,06-JAN-2025
OPTSTK,IRFC,30-Jan-2025,2025-01-30,165.00,CE,2.85,2.90,1.30,1.40,1.40,1157,6806.01888,4339275,694425,06-JAN-2025
OPTSTK,DELHIVERY,27-Feb-2025,2025-02-27,335.00,CE,0.00,0.00,0.00,34.20,19.75,0,0.00,0,0,06-JAN-2025
OPTSTK,IRFC,30-Jan-2025,2025-01-30,127.50,CE,0.00,0.00,0.00,31.65,19.65,0,0.00,0,0,06-JAN-2025
OPTSTK,DELHIVERY,27-Feb-2025,2025-02-27,280.00,PE,0.00,0.00,0.00,3.80,0.95,0,0.00,0,0,06-JAN-2025
OPTSTK,IRFC,30-Jan-2025,2025-01-30,180.00,CE,1.05,1.05,0.50,0.55,0.55,1195,7613.43071,8868900,49350,06-JAN-2025
OPTSTK,IRFC,27-Feb-2025,2025-02-27,162.50,CE,0.00,0.00,0.00,9.00,5.10,0,0.00,0,0,06-JAN-2025
OPTSTK,IRFC,27-Feb-2025,2025-02-27,162.50,PE,0.00,0.00,0.00,22.55,20.65,0,0.00,0,0,06-JAN-2025
OPTSTK,IRFC,30-Jan-2025,2025-01-30,130.00,CE,19.00,19.00,15.70,15.85,15.85,20,103.738987,193875,0,06-JAN-2025
OPTSTK,DELHIVERY,27-Feb-2025,2025-02-27,385.00,CE,0.00,0.00,0.00,12.50,3.95,0,0.00,0,0,06-JAN-2025
OPTSTK,DELHIVERY,27-Feb-2025,2025-02-27,385.00,PE,0.00,0.00,0.00,41.70,47.70,0,0.00,0,0,06-JAN-2025
OPTSTK,DELHIVERY,27-Feb-2025,2025-02-27,290.00,CE,0.00,0.00,0.00,64.05,52.15,0,0.00,0,0,06-JAN-2025
OPTSTK,DELHIVERY,27-Feb-2025,2025-02-27,305.00,PE,0.00,0.00,0.00,5.30,4.10,0,0.00,0,0,06-JAN-2025
OPTSTK,DELHIVERY,30-Jan-2025,2025-01-30,290.00,PE,1.20,1.20,1.05,1.05,0.35,24,106.541075,59475,-3050,06-JAN-2025
OPTSTK,DELHIVERY,27-Mar-2025,2025-03-27,300.00,PE,0.00,0.00,0.00,6.85,5.35,0,0.00,0,0,06-JAN-2025
OPTSTK,DELHIVERY,27-Mar-2025,2025-03-27,370.00,PE,0.00,0.00,0.00,35.20,37.85,0,0.00,0,0,06-JAN-2025
OPTSTK,DELHIVERY,27-Feb-2025,2025-02-27,370.00,CE,0.00,0.00,0.00,8.00,6.80,0,0.00,4575,0,06-JAN-2025
OPTSTK,DELHIVERY,27-Feb-2025,2025-02-27,330.00,PE,0.00,0.00,0.00,14.95,11.80,0,0.00,1525,0,06-JAN-2025
OPTSTK,DELHIVERY,30-Jan-2025,2025-01-30,330.00,CE,12.85,15.90,11.85,14.75,14.75,87,455.9384,51850,25925,06-JAN-2025
OPTSTK,DELHIVERY,27-Feb-2025,2025-02-27,330.00,CE,0.00,0.00,0.00,36.65,22.50,0,0.00,0,0,06-JAN-2025
OPTSTK,DELHIVERY,27-Feb-2025,2025-02-27,355.00,PE,0.00,0.00,0.00,23.15,25.15,0,0.00,0,0,06-JAN-2025
OPTSTK,DELHIVERY,30-Jan-2025,2025-01-30,355.00,PE,21.60,24.65,21.60,24.55,24.55,11,63.55285,21350,1525,06-JAN-2025
OPTSTK,DELHIVERY,27-Feb-2025,2025-02-27,410.00,CE,0.00,0.00,0.00,8.45,1.45,0,0.00,0,0,06-JAN-2025
OPTSTK,IRFC,30-Jan-2025,2025-01-30,137.50,PE,1.55,3.90,1.55,3.55,3.55,204,1005.15198,207975,-52875,06-JAN-2025
OPTSTK,IRFC,27-Feb-2025,2025-02-27,137.50,PE,0.00,0.00,0.00,8.75,6.35,0,0.00,0,0,06-JAN-2025
FUTSTK,HINDPETRO,27-Feb-2025,2025-02-27,,,414.05,414.55,391.50,392.20,392.20,312,2520.91946,1937925,119475,06-JAN-2025
OPTSTK,HINDPETRO,30-Jan-2025,2025-01-30,420.00,PE,17.00,34.70,17.00,34.00,34.00,153,1384.99672,548775,12150,06-JAN-2025
OPTSTK,HINDPETRO,27-Mar-2025,2025-03-27,460.00,PE,0.00,0.00,0.00,58.80,73.10,0,0.00,0,0,06-JAN-2025
OPTSTK,HINDPETRO,27-Feb-2025,2025-02-27,460.00,CE,4.00,4.05,3.35,3.35,4.55,14,131.447812,83025,-12150,06-JAN-2025
OPTSTK,HINDPETRO,30-Jan-2025,2025-01-30,365.00,PE,2.00,5.70,1.85,5.55,5.55,204,1525.25835,174150,50625,06-JAN-2025
OPTSTK,HINDPETRO,27-Mar-2025,2025-03-27,380.00,CE,0.00,0.00,0.00,64.50,35.80,0,0.00,0,0,06-JAN-2025
OPTSTK,HINDPETRO,27-Mar-2025,2025-03-27,380.00,PE,0.00,0.00,0.00,18.35,21.30,0,0.00,0,0,06-JAN-2025
OPTSTK,HINDPETRO,27-Feb-2025,2025-02-27,415.00,PE,0.00,0.00,0.00,27.65,36.35,0,0.00,0,0,06-JAN-2025
OPTSTK,HINDPETRO,30-Jan-2025,2025-01-30,415.00,PE,15.50,30.75,14.80,30.30,30.30,260,2303.90122,692550,-46575,06-JAN-2025
OPTSTK,HINDPETRO,27-Feb-2025,2025-02-27,440.00,CE,0.00,0.00,0.00,18.35,7.75,0,0.00,0,0,06-JAN-2025
OPTSTK,HINDPETRO,27-Mar-2025,2025-03-27,390.00,CE,0.00,0.00,0.00,58.35,30.70,0,0.00,0,0,06-JAN-2025
OPTSTK,HINDPETRO,30-Jan-2025,2025-01-30,390.00,CE,22.00,22.00,14.60,15.00,15.00,352,2898.50096,285525,196425,06-JAN-2025
OPTSTK,HINDPETRO,30-Jan-2025,2025-01-30,345.00,PE,0.00,0.00,0.00,13.35,1.95,0,0.00,0,0,06-JAN-2025
OPTSTK,HINDPETRO,30-Jan-2025,2025-01-30,360.00,PE,1.50,4.60,1.50,4.45,4.45,956,7031.33156,832275,188325,06-JAN-2025
OPTSTK,HINDPETRO,27-Feb-2025,2025-02-27,340.00,CE,0.00,0.00,0.00,62.15,56.85,0,0.00,0,0,06-JAN-2025
OPTSTK,HINDPETRO,27-Feb-2025,2025-02-27,340.00,PE,0.00,0.00,0.00,16.05,4.70,0,0.00,0,0,06-JAN-2025
OPTSTK,HINDPETRO,27-Feb-2025,2025-02-27,385.00,PE,0.00,0.00,0.00,8.00,19.15,0,0.00,2025,0,06-JAN-2025
OPTSTK,HINDPETRO,27-Mar-2025,2025-03-27,420.00,CE,0.00,0.00,0.00,42.30,18.60,0,0.00,0,0,06-JAN-2025
OPTSTK,HINDPETRO,30-Jan-2025,2025-01-30,480.00,CE,0.85,0.85,0.40,0.40,0.35,169,1644.66855,1245375,-2025,06-JAN-2025
OPTSTK,HINDPETRO,27-Mar-2025,2025-03-27,450.00,PE,0.00,0.00,0.00,52.45,65.15,0,0.00,0,0,06-JAN-2025
OPTSTK,HINDPETRO,30-Jan-2025,2025-01-30,450.00,CE,3.95,3.95,1.20,1.25,1.25,861,7876.60706,795825,-145800,06-JAN-2025
OPTSTK,HINDPETRO,30-Jan-2025,2025-01-30,370.00,PE,2.45,6.95,2.45,6.75,6.75,671,5093.35188,518400,-12150,06-JAN-2025
OPTSTK,HINDPETRO,30-Jan-2025,2025-01-30,370.00,CE,38.50,38.50,26.85,26.85,26.85,13,105.143062,36450,10125,06-JAN-2025
OPTSTK,HINDPETRO,27-Feb-2025,2025-02-27,380.00,CE,0.00,0.00,0.00,39.75,29.45,0,0.00,0,0,06-JAN-2025
OPTSTK,HINDPETRO,30-Jan-2025,2025-01-30,455.00,CE,1.65,1.95,1.00,1.05,1.05,297,2744.53413,287550,97200,06-JAN-2025
OPTSTK,HINDPETRO,30-Jan-2025,2025-01-30,455.00,PE,0.00,0.00,0.00,45.25,65.30,0,0.00,24300,0,06-JAN-2025
OPTSTK,HINDPETRO,30-Jan-2025,2025-01-30,445.00,PE,43.75,47.90,43.75,47.90,56.05,3,29.797875,26325,-2025,06-JAN-2025
OPTSTK,HINDPETRO,30-Jan-2025,2025-01-30,445.00,CE,3.60,3.70,1.55,1.55,1.55,649,5875.27526,441450,143775,06-JAN-2025
OPTSTK,HINDPETRO,30-Jan-2025,2025-01-30,385.00,CE,24.50,24.50,17.20,17.55,17.55,26,213.263887,34425,20250,06-JAN-2025
OPTSTK,HINDPETRO,30-Jan-2025,2025-01-30,375.00,PE,5.45,8.60,4.55,8.35,8.35,166,1282.35352,151875,32400,06-JAN-2025
FUTSTK,HINDPETRO,30-Jan-2025,2025-01-30,,,412.65,415.00,389.30,390.30,390.30,6268,50506.7329,36109800,-1075275,06-JAN-2025
OPTSTK,APOLLOTYRE,30-Jan-2025,2025-01-30,500.00,PE,8.90,16.40,7.85,15.45,15.45,1021,8896.5233,729300,108800,06-JAN-2025
OPTSTK,HDFCBANK,27-Feb-2025,2025-02-27,1660.00,PE,26.00,27.05,26.00,26.90,26.35,7,64.9286,1100,1100,06-JAN-2025
OPTSTK,HDFCBANK,27-Feb-2025,2025-02-27,1660.00,CE,95.00,96.00,95.00,95.25,95.25,4,38.6155,1100,1100,06-JAN-2025
OPTSTK,APOLLOTYRE,30-Jan-2025,2025-01-30,520.00,CE,11.75,11.75,5.30,5.75,5.75,1099,9858.181,579700,166600,06-JAN-2025
OPTSTK,APOLLOTYRE,27-Feb-2025,2025-02-27,530.00,PE,0.00,0.00,0.00,31.45,36.55,0,0.00,1700,0,06-JAN-2025
OPTSTK,APOLLOTYRE,30-Jan-2025,2025-01-30,590.00,PE,0.00,0.00,0.00,54.40,86.85,0,0.00,61200,0,06-JAN-2025
OPTSTK,HDFCBANK,30-Jan-2025,2025-01-30,1750.00,PE,38.00,58.60,28.65,55.10,55.10,8226,81006.8998,1295250,68750,06-JAN-2025
OPTSTK,HDFCBANK,30-Jan-2025,2025-01-30,1650.00,CE,114.45,114.45,81.05,84.35,84.35,159,1519.12337,58850,52250,06-JAN-2025
OPTSTK,HDFCBANK,27-Feb-2025,2025-02-27,1740.00,CE,64.25,67.00,47.00,47.00,48.15,48,473.45815,16500,16500,06-JAN-2025
OPTSTK,HDFCBANK,30-Jan-2025,2025-01-30,2080.00,PE,0.00,0.00,0.00,318.45,360.30,0,0.00,0,0,06-JAN-2025
OPTSTK,HDFCBANK,30-Jan-2025,2025-01-30,1990.00,CE,1.00,1.10,0.70,0.75,0.75,101,1105.8828,102850,-20900,06-JAN-2025
OPTSTK,HDFCBANK,30-Jan-2025,2025-01-30,1780.00,CE,25.00,31.20,14.75,15.25,15.25,9617,95267.9480,1804000,-56100,06-JAN-2025
OPTSTK,HDFCBANK,30-Jan-2025,2025-01-30,2020.00,CE,0.80,0.80,0.55,0.70,0.70,52,577.921575,99550,-5500,06-JAN-2025
OPTSTK,APOLLOTYRE,30-Jan-2025,2025-01-30,570.00,PE,74.85,74.85,74.85,74.85,74.85,1,10.96245,20400,-1700,06-JAN-2025
FUTSTK,APOLLOTYRE,27-Feb-2025,2025-02-27,,,504.60,506.75,486.65,488.20,488.20,186,1562.73605,404600,96900,06-JAN-2025
OPTSTK,HDFCBANK,27-Feb-2025,2025-02-27,1600.00,PE,7.50,14.95,6.50,13.95,13.95,635,5630.17537,259600,174900,06-JAN-2025
OPTSTK,HDFCBANK,27-Mar-2025,2025-03-27,1600.00,CE,0.00,0.00,0.00,235.70,152.40,0,0.00,0,0,06-JAN-2025
OPTSTK,APOLLOTYRE,27-Mar-2025,2025-03-27,640.00,CE,0.00,0.00,0.00,11.30,1.40,0,0.00,0,0,06-JAN-2025
OPTSTK,HDFCBANK,27-Feb-2025,2025-02-27,1880.00,CE,17.30,17.30,9.70,9.95,9.95,42,436.8804,26950,7700,06-JAN-2025
OPTSTK,APOLLOTYRE,27-Feb-2025,2025-02-27,450.00,PE,0.00,0.00,0.00,2.80,3.85,0,0.00,0,0,06-JAN-2025
OPTSTK,HDFCBANK,27-Feb-2025,2025-02-27,1920.00,PE,0.00,0.00,0.00,147.00,197.15,0,0.00,0,0,06-JAN-2025
OPTSTK,HDFCBANK,30-Jan-2025,2025-01-30,1870.00,PE,155.40,156.35,153.55,155.05,153.60,4,44.551925,112750,-1100,06-JAN-2025
OPTSTK,HDFCBANK,30-Jan-2025,2025-01-30,1870.00,CE,6.65,6.65,2.70,2.80,2.80,2531,26088.4134,522500,-94050,06-JAN-2025
OPTSTK,HDFCBANK,27-Mar-2025,2025-03-27,2000.00,CE,0.00,0.00,0.00,31.50,6.05,0,0.00,0,0,06-JAN-2025
OPTSTK,HDFCBANK,30-Jan-2025,2025-01-30,1960.00,PE,0.00,0.00,0.00,216.65,241.05,0,0.00,0,0,06-JAN-2025
OPTSTK,APOLLOTYRE,27-Mar-2025,2025-03-27,540.00,PE,0.00,0.00,0.00,31.60,46.40,0,0.00,0,0,06-JAN-2025
OPTSTK,HDFCBANK,27-Mar-2025,2025-03-27,1680.00,CE,0.00,0.00,0.00,174.30,97.25,0,0.00,0,0,06-JAN-2025
OPTSTK,HDFCBANK,30-Jan-2025,2025-01-30,1820.00,CE,16.00,17.40,6.90,7.20,7.20,6678,67219.5416,3592050,56650,06-JAN-2025
OPTSTK,APOLLOTYRE,30-Jan-2025,2025-01-30,470.00,PE,2.30,5.10,1.95,4.65,4.65,585,4709.7548,358700,-74800,06-JAN-2025
OPTSTK,HDFCBANK,27-Mar-2025,2025-03-27,1680.00,PE,0.00,0.00,0.00,33.20,42.05,0,0.00,0,0,06-JAN-2025
OPTSTK,HDFCBANK,30-Jan-2025,2025-01-30,1680.00,CE,74.85,76.50,59.85,62.30,62.30,150,1440.81272,50050,46750,06-JAN-2025
OPTSTK,M&M,27-Feb-2025,2025-02-27,2600.00,CE,0.00,0.00,0.00,417.30,537.30,0,0.00,0,0,06-JAN-2025
OPTSTK,M&M,30-Jan-2025,2025-01-30,3200.00,CE,94.65,110.80,48.15,51.30,51.30,12178,69828.3758,565775,70000,06-JAN-2025
OPTSTK,M&M,27-Mar-2025,2025-03-27,3200.00,CE,0.00,0.00,0.00,143.95,153.65,0,0.00,0,0,06-JAN-2025
OPTSTK,M&M,27-Feb-2025,2025-02-27,2950.00,CE,0.00,0.00,0.00,207.15,248.05,0,0.00,0,0,06-JAN-2025
OPTSTK,M&M,30-Jan-2025,2025-01-30,2950.00,CE,288.30,288.30,187.10,197.55,197.55,56,311.713587,47075,-3325,06-JAN-2025
OPTSTK,M&M,30-Jan-2025,2025-01-30,3000.00,PE,20.00,46.45,17.85,43.40,43.40,5802,30799.1726,362425,-152950,06-JAN-2025
OPTSTK,M&M,30-Jan-2025,2025-01-30,3000.00,CE,217.45,258.00,148.25,154.80,154.80,1273,7084.50146,233275,-35175,06-JAN-2025
OPTSTK,M&M,30-Jan-2025,2025-01-30,3050.00,PE,29.05,63.00,24.75,60.00,60.00,3486,18880.2451,180250,-53900,06-JAN-2025
OPTSTK,M&M,27-Mar-2025,2025-03-27,2900.00,CE,0.00,0.00,0.00,277.00,320.45,0,0.00,0,0,06-JAN-2025
OPTSTK,M&M,30-Jan-2025,2025-01-30,2900.00,CE,335.00,335.00,225.60,232.45,232.45,91,501.300975,86975,-5775,06-JAN-2025
OPTSTK,M&M,27-Mar-2025,2025-03-27,2900.00,PE,0.00,0.00,0.00,149.00,72.15,0,0.00,0,0,06-JAN-2025
FUTSTK,M&M,27-Mar-2025,2025-03-27,,,3283.00,3283.00,3146.00,3148.80,3148.80,85,475.364312,26950,2975,06-JAN-2025
OPTSTK,M&M,27-Feb-2025,2025-02-27,3200.00,PE,165.00,165.00,165.00,165.00,165.00,1,5.88875,175,175,06-JAN-2025
OPTSTK,M&M,30-Jan-2025,2025-01-30,2650.00,PE,2.85,4.45,1.85,4.30,4.30,139,645.562312,45850,7700,06-JAN-2025
OPTSTK,M&M,30-Jan-2025,2025-01-30,3600.00,PE,0.00,0.00,0.00,825.90,481.60,0,0.00,0,0,06-JAN-2025
OPTSTK,M&M,30-Jan-2025,2025-01-30,2600.00,PE,1.70,3.60,1.00,3.10,3.10,310,1411.9056,99925,-3325,06-JAN-2025
OPTSTK,M&M,27-Feb-2025,2025-02-27,3500.00,CE,51.00,52.50,30.00,32.00,32.00,34,210.755825,11200,-175,06-JAN-2025
OPTSTK,M&M,30-Jan-2025,2025-01-30,3500.00,PE,277.00,342.00,277.00,342.00,386.50,10,66.6323,2450,700,06-JAN-2025
OPTSTK,M&M,27-Mar-2025,2025-03-27,2700.00,CE,0.00,0.00,0.00,402.50,473.45,0,0.00,0,0,06-JAN-2025
OPTSTK,M&M,27-Feb-2025,2025-02-27,3700.00,CE,0.00,0.00,0.00,30.95,12.55,0,0.00,0,0,06-JAN-2025
OPTSTK,M&M,30-Jan-2025,2025-01-30,2850.00,PE,8.90,17.00,6.75,15.90,15.90,1802,9026.56711,143150,6125,06-JAN-2025
OPTSTK,M&M,27-Feb-2025,2025-02-27,2750.00,PE,0.00,0.00,0.00,69.20,20.50,0,0.00,0,0,06-JAN-2025
OPTSTK,M&M,30-Jan-2025,2025-01-30,2750.00,CE,0.00,0.00,0.00,294.10,372.80,0,0.00,525,0,06-JAN-2025
OPTSTK,M&M,30-Jan-2025,2025-01-30,2750.00,PE,4.70,8.70,3.80,8.20,8.20,1294,6241.6536,98875,700,06-JAN-2025
OPTSTK,M&M,27-Feb-2025,2025-02-27,2750.00,CE,0.00,0.00,0.00,329.35,402.50,0,0.00,0,0,06-JAN-2025
OPTSTK,M&M,27-Mar-2025,2025-03-27,2700.00,PE,0.00,0.00,0.00,78.05,28.10,0,0.00,0,0,06-JAN-2025
OPTSTK,M&M,30-Jan-2025,2025-01-30,2900.00,PE,11.75,23.95,9.35,22.60,22.60,3061,15625.0389,350175,-65100,06-JAN-2025
OPTSTK,M&M,27-Feb-2025,2025-02-27,3050.00,PE,0.00,0.00,0.00,195.60,100.85,0,0.00,0,0,06-JAN-2025
FUTSTK,M&M,27-Feb-2025,2025-02-27,,,3225.00,3264.00,3122.30,3134.15,3134.15,607,3367.518,192850,-12950,06-JAN-2025
OPTSTK,M&M,30-Jan-2025,2025-01-30,3600.00,CE,6.85,9.00,3.90,4.15,4.15,2048,12923.0009,214550,14175,06-JAN-2025
OPTSTK,M&M,30-Jan-2025,2025-01-30,3150.00,PE,59.40,112.20,48.00,106.80,106.80,3858,21813.7482,98000,-58100,06-JAN-2025
OPTSTK,M&M,27-Feb-2025,2025-02-27,3150.00,PE,0.00,0.00,0.00,255.25,148.65,0,0.00,0,0,06-JAN-2025
OPTSTK,TRENT,27-Feb-2025,2025-02-27,7600.00,CE,0.00,0.00,0.00,281.30,167.55,0,0.00,100,0,06-JAN-2025
OPTSTK,TRENT,27-Mar-2025,2025-03-27,7000.00,PE,0.00,0.00,0.00,474.05,395.05,0,0.00,0,0,06-JAN-2025
OPTSTK,TRENT,30-Jan-2025,2025-01-30,7400.00,CE,202.85,225.00,99.50,109.65,109.65,5146,38845.4914,162300,17400,06-JAN-2025
OPTSTK,TRENT,30-Jan-2025,2025-01-30,7400.00,PE,263.15,515.35,256.10,490.30,490.30,477,3702.0203,42700,-2600,06-JAN-2025
OPTSTK,TRENT,30-Jan-2025,2025-01-30,6400.00,CE,757.55,757.55,720.10,720.10,669.45,6,42.89495,1700,0,06-JAN-2025
FUTSTK,TRENT,27-Feb-2025,2025-02-27,,,7371.55,7405.00,7016.70,7055.95,7055.95,942,6751.6267,75600,4100,06-JAN-2025
OPTSTK,TRENT,27-Feb-2025,2025-02-27,7000.00,CE,637.50,637.50,409.00,434.50,434.50,70,520.7165,6400,5700,06-JAN-2025
OPTSTK,TRENT,27-Mar-2025,2025-03-27,7000.00,CE,0.00,0.00,0.00,664.15,496.20,0,0.00,0,0,06-JAN-2025
OPTSTK,TRENT,30-Jan-2025,2025-01-30,6100.00,CE,0.00,0.00,0.00,890.60,938.20,0,0.00,0,0,06-JAN-2025
OPTSTK,TRENT,30-Jan-2025,2025-01-30,6100.00,PE,10.50,28.55,10.50,23.45,23.45,148,905.619,10000,2600,06-JAN-2025
OPTSTK,TRENT,30-Jan-2025,2025-01-30,5900.00,CE,0.00,0.00,0.00,1037.65,1129.30,0,0.00,0,0,06-JAN-2025
OPTSTK,TRENT,27-Feb-2025,2025-02-27,5900.00,PE,0.00,0.00,0.00,68.90,30.55,0,0.00,0,0,06-JAN-2025
OPTSTK,TRENT,27-Feb-2025,2025-02-27,6300.00,PE,0.00,0.00,0.00,146.65,87.55,0,0.00,0,0,06-JAN-2025
OPTSTK,TRENT,27-Mar-2025,2025-03-27,8200.00,CE,0.00,0.00,0.00,240.15,121.65,0,0.00,0,0,06-JAN-2025
OPTSTK,TRENT,27-Mar-2025,2025-03-27,8000.00,PE,0.00,0.00,0.00,1080.00,1042.15,0,0.00,0,0,06-JAN-2025
OPTSTK,TRENT,30-Jan-2025,2025-01-30,8000.00,PE,751.60,1040.00,745.25,954.75,954.75,55,486.41305,10000,2700,06-JAN-2025
OPTSTK,TRENT,30-Jan-2025,2025-01-30,5800.00,CE,1411.10,1411.10,1411.10,1411.10,1226.85,1,7.2111,600,-100,06-JAN-2025
OPTSTK,TRENT,30-Jan-2025,2025-01-30,5900.00,PE,0.00,0.00,0.00,120.60,4.85,0,0.00,0,0,06-JAN-2025
OPTSTK,TRENT,27-Feb-2025,2025-02-27,5900.00,CE,0.00,0.00,0.00,1306.60,1185.35,0,0.00,0,0,06-JAN-2025
OPTSTK,TRENT,27-Feb-2025,2025-02-27,7900.00,CE,0.00,0.00,0.00,216.10,102.55,0,0.00,0,0,06-JAN-2025
OPTSTK,TRENT,27-Feb-2025,2025-02-27,7000.00,PE,195.30,371.80,195.30,358.25,358.25,27,197.77085,4800,1300,06-JAN-2025
OPTSTK,TRENT,30-Jan-2025,2025-01-30,7000.00,PE,110.05,262.45,90.25,237.20,237.20,6857,49232.9334,156900,-35600,06-JAN-2025
OPTSTK,TRENT,30-Jan-2025,2025-01-30,6800.00,PE,62.20,172.00,52.60,151.35,151.35,3002,20777.1574,82200,-2100,06-JAN-2025
OPTSTK,TRENT,27-Feb-2025,2025-02-27,8400.00,CE,0.00,0.00,0.00,137.20,41.30,0,0.00,0,0,06-JAN-2025
OPTSTK,TRENT,27-Feb-2025,2025-02-27,7200.00,PE,0.00,0.00,0.00,750.55,434.15,0,0.00,0,0,06-JAN-2025
OPTSTK,TRENT,27-Feb-2025,2025-02-27,6500.00,CE,0.00,0.00,0.00,847.60,696.05,0,0.00,0,0,06-JAN-2025
OPTSTK,TRENT,27-Feb-2025,2025-02-27,6400.00,CE,0.00,0.00,0.00,799.70,769.25,0,0.00,0,0,06-JAN-2025
OPTSTK,TRENT,27-Feb-2025,2025-02-27,6000.00,CE,0.00,0.00,0.00,1055.50,1096.55,0,0.00,0,0,06-JAN-2025
OPTSTK,TRENT,27-Feb-2025,2025-02-27,8400.00,PE,0.00,0.00,0.00,1642.50,1362.55,0,0.00,0,0,06-JAN-2025
OPTSTK,TRENT,27-Feb-2025,2025-02-27,7900.00,PE,0.00,0.00,0.00,953.35,928.55,0,0.00,0,0,06-JAN-2025
OPTSTK,TRENT,27-Mar-2025,2025-03-27,6800.00,CE,0.00,0.00,0.00,770.45,602.65,0,0.00,0,0,06-JAN-2025
OPTSTK,TRENT,30-Jan-2025,2025-01-30,6800.00,CE,550.15,550.15,348.00,371.00,371.00,111,799.08115,19000,3100,06-JAN-2025
OPTSTK,FEDERALBNK,30-Jan-2025,2025-01-30,240.00,CE,0.15,0.15,0.05,0.05,0.05,108,1296.5725,1530000,-30000,06-JAN-2025
OPTSTK,FEDERALBNK,27-Mar-2025,2025-03-27,215.00,CE,0.00,0.00,0.00,7.75,4.95,0,0.00,0,0,06-JAN-2025
OPTSTK,FEDERALBNK,30-Jan-2025,2025-01-30,215.00,PE,12.75,22.30,12.15,17.75,17.75,86,998.855,1070000,-115000,06-JAN-2025
OPTSTK,FEDERALBNK,27-Feb-2025,2025-02-27,215.00,CE,0.00,0.00,0.00,6.00,3.00,0,0.00,25000,0,06-JAN-2025
OPTSTK,FEDERALBNK,27-Feb-2025,2025-02-27,217.50,CE,0.00,0.00,0.00,4.75,2.45,0,0.00,0,0,06-JAN-2025
OPTSTK,FEDERALBNK,30-Jan-2025,2025-01-30,217.50,CE,2.20,2.25,0.90,1.10,1.10,623,6816.4025,915000,215000,06-JAN-2025
OPTSTK,FEDERALBNK,27-Mar-2025,2025-03-27,210.00,PE,0.00,0.00,0.00,17.95,15.80,0,0.00,0,0,06-JAN-2025
OPTSTK,FEDERALBNK,27-Feb-2025,2025-02-27,210.00,CE,7.10,7.10,4.45,4.95,4.95,13,139.65,60000,25000,06-JAN-2025
OPTSTK,FEDERALBNK,30-Jan-2025,2025-01-30,210.00,CE,4.70,4.70,1.95,2.40,2.40,1978,21054.08,6580000,480000,06-JAN-2025
OPTSTK,FEDERALBNK,27-Mar-2025,2025-03-27,175.00,PE,0.00,0.00,0.00,3.35,1.80,0,0.00,0,0,06-JAN-2025
OPTSTK,FEDERALBNK,27-Feb-2025,2025-02-27,227.50,PE,0.00,0.00,0.00,29.70,28.85,0,0.00,0,0,06-JAN-2025
OPTSTK,FEDERALBNK,30-Jan-2025,2025-01-30,227.50,PE,23.40,23.40,23.00,23.05,29.10,5,62.6575,45000,0,06-JAN-2025
OPTSTK,FEDERALBNK,27-Feb-2025,2025-02-27,195.00,PE,6.50,7.75,6.50,7.75,6.15,3,30.35,15000,15000,06-JAN-2025
FUTSTK,FEDERALBNK,27-Mar-2025,2025-03-27,,,208.00,208.00,199.00,201.21,201.21,66,670.2335,405000,110000,06-JAN-2025
FUTSTK,FEDERALBNK,27-Feb-2025,2025-02-27,,,207.75,207.75,197.62,199.86,199.86,747,7527.41,3840000,1210000,06-JAN-2025
OPTSTK,FEDERALBNK,30-Jan-2025,2025-01-30,192.50,PE,1.80,4.75,1.70,3.85,3.85,893,8737.435,980000,-135000,06-JAN-2025
OPTSTK,FEDERALBNK,27-Feb-2025,2025-02-27,192.50,CE,0.00,0.00,0.00,14.85,12.00,0,0.00,0,0,06-JAN-2025
OPTSTK,FEDERALBNK,27-Feb-2025,2025-02-27,192.50,PE,0.00,0.00,0.00,7.25,5.10,0,0.00,0,0,06-JAN-2025
OPTSTK,FEDERALBNK,30-Jan-2025,2025-01-30,192.50,CE,15.30,15.30,8.65,10.05,10.05,108,1095.56,330000,95000,06-JAN-2025
OPTSTK,FEDERALBNK,30-Jan-2025,2025-01-30,187.50,PE,1.10,3.10,1.00,2.45,2.45,755,7152.8225,980000,-100000,06-JAN-2025
OPTSTK,FEDERALBNK,27-Feb-2025,2025-02-27,180.00,CE,0.00,0.00,0.00,36.60,20.95,0,0.00,0,0,06-JAN-2025
OPTSTK,FEDERALBNK,27-Feb-2025,2025-02-27,180.00,PE,1.75,2.75,1.75,2.45,2.45,34,309.595,325000,45000,06-JAN-2025
OPTSTK,FEDERALBNK,30-Jan-2025,2025-01-30,230.00,CE,0.60,0.60,0.25,0.30,0.30,587,6761.7425,1505000,-85000,06-JAN-2025
OPTSTK,FEDERALBNK,27-Mar-2025,2025-03-27,230.00,CE,0.00,0.00,0.00,4.15,2.05,0,0.00,0,0,06-JAN-2025
OPTSTK,FEDERALBNK,30-Jan-2025,2025-01-30,230.00,PE,0.00,0.00,0.00,24.05,31.55,0,0.00,135000,0,06-JAN-2025
OPTSTK,FEDERALBNK,30-Jan-2025,2025-01-30,220.00,CE,1.85,1.85,0.65,0.80,0.80,1568,17327.48,3790000,430000,06-JAN-2025
OPTSTK,FEDERALBNK,27-Mar-2025,2025-03-27,220.00,CE,0.00,0.00,0.00,6.35,3.75,0,0.00,0,0,06-JAN-2025
OPTSTK,FEDERALBNK,27-Feb-2025,2025-02-27,175.00,CE,0.00,0.00,0.00,40.85,25.20,0,0.00,0,0,06-JAN-2025
OPTSTK,FEDERALBNK,27-Feb-2025,2025-02-27,170.00,PE,0.90,4.50,0.90,1.05,1.05,15,128.61,25000,5000,06-JAN-2025
OPTSTK,FEDERALBNK,27-Feb-2025,2025-02-27,165.00,CE,0.00,0.00,0.00,49.75,34.40,0,0.00,0,0,06-JAN-2025
OPTSTK,FEDERALBNK,30-Jan-2025,2025-01-30,177.50,PE,0.65,1.10,0.65,0.85,0.85,191,1703.27,1160000,210000,06-JAN-2025
OPTSTK,TATACOMM,27-Feb-2025,2025-02-27,1520.00,PE,0.00,0.00,0.00,27.10,11.65,0,0.00,0,0,06-JAN-2025
OPTSTK,TATACOMM,27-Mar-2025,2025-03-27,1520.00,CE,0.00,0.00,0.00,268.90,213.55,0,0.00,0,0,06-JAN-2025
OPTSTK,TATACOMM,27-Mar-2025,2025-03-27,1720.00,PE,0.00,0.00,0.00,94.45,90.50,0,0.00,0,0,06-JAN-2025
OPTSTK,TATACOMM,30-Jan-2025,2025-01-30,1520.00,PE,0.00,0.00,0.00,6.25,3.05,0,0.00,750,0,06-JAN-2025
OPTSTK,TATACOMM,30-Jan-2025,2025-01-30,1900.00,CE,6.40,9.05,4.10,4.40,4.40,471,2244.72275,227750,-13500,06-JAN-2025
OPTSTK,TATACOMM,30-Jan-2025,2025-01-30,2000.00,CE,2.30,2.70,1.35,1.50,1.50,165,825.72975,123500,750,06-JAN-2025
OPTSTK,TATACOMM,30-Jan-2025,2025-01-30,1560.00,CE,0.00,0.00,0.00,274.80,144.90,0,0.00,0,0,06-JAN-2025
OPTSTK,TATACOMM,27-Feb-2025,2025-02-27,1680.00,CE,0.00,0.00,0.00,169.65,85.35,0,0.00,0,0,06-JAN-2025
OPTSTK,TATACOMM,30-Jan-2025,2025-01-30,1680.00,CE,88.70,88.70,57.10,61.00,61.00,120,524.410875,23750,4750,06-JAN-2025
OPTSTK,TATACOMM,30-Jan-2025,2025-01-30,1580.00,PE,6.25,16.00,6.25,15.25,15.25,276,1097.88275,42000,12500,06-JAN-2025
OPTSTK,TATACOMM,27-Feb-2025,2025-02-27,1580.00,PE,0.00,0.00,0.00,30.45,23.30,0,0.00,0,0,06-JAN-2025
OPTSTK,TATACOMM,27-Feb-2025,2025-02-27,1900.00,PE,0.00,0.00,0.00,188.20,206.10,0,0.00,0,0,06-JAN-2025
OPTSTK,TATACOMM,27-Feb-2025,2025-02-27,2000.00,PE,0.00,0.00,0.00,264.90,295.45,0,0.00,0,0,06-JAN-2025
OPTSTK,TATACOMM,27-Feb-2025,2025-02-27,1540.00,PE,0.00,0.00,0.00,21.70,14.85,0,0.00,0,0,06-JAN-2025
OPTSTK,TATACOMM,30-Jan-2025,2025-01-30,2000.00,PE,259.25,259.25,259.25,259.25,300.45,3,16.944375,27000,-250,06-JAN-2025
OPTSTK,TATACOMM,27-Feb-2025,2025-02-27,1540.00,CE,0.00,0.00,0.00,234.40,180.80,0,0.00,0,0,06-JAN-2025
OPTSTK,TATACOMM,27-Feb-2025,2025-02-27,1860.00,PE,0.00,0.00,0.00,160.10,173.20,0,0.00,0,0,06-JAN-2025
OPTSTK,TATACOMM,30-Jan-2025,2025-01-30,1800.00,PE,82.45,123.70,79.10,119.15,119.15,99,471.701125,103250,1500,06-JAN-2025
OPTSTK,TATACOMM,27-Mar-2025,2025-03-27,1800.00,CE,0.00,0.00,0.00,101.65,55.45,0,0.00,0,0,06-JAN-2025
OPTSTK,TATACOMM,30-Jan-2025,2025-01-30,1740.00,PE,45.20,80.15,45.20,76.00,76.00,321,1446.19462,43500,-1000,06-JAN-2025
OPTSTK,TATACOMM,27-Mar-2025,2025-03-27,1880.00,CE,0.00,0.00,0.00,72.50,33.60,0,0.00,0,0,06-JAN-2025
OPTSTK,TATACOMM,27-Feb-2025,2025-02-27,1640.00,PE,0.00,0.00,0.00,59.45,41.60,0,0.00,0,0,06-JAN-2025
OPTSTK,TATACOMM,30-Jan-2025,2025-01-30,1920.00,PE,0.00,0.00,0.00,202.70,222.65,0,0.00,250,0,06-JAN-2025
OPTSTK,TATACOMM,27-Mar-2025,2025-03-27,1840.00,PE,0.00,0.00,0.00,159.55,165.20,0,0.00,0,0,06-JAN-2025
OPTSTK,TATACOMM,27-Mar-2025,2025-03-27,1960.00,PE,0.00,0.00,0.00,241.75,259.40,0,0.00,0,0,06-JAN-2025
OPTSTK,TATACOMM,27-Feb-2025,2025-02-27,1740.00,CE,0.00,0.00,0.00,104.55,57.20,0,0.00,0,0,06-JAN-2025
OPTSTK,TATACOMM,27-Feb-2025,2025-02-27,1600.00,CE,0.00,0.00,0.00,220.75,135.10,0,0.00,0,0,06-JAN-2025
OPTSTK,TATACOMM,30-Jan-2025,2025-01-30,2040.00,PE,0.00,0.00,0.00,276.20,340.00,0,0.00,0,0,06-JAN-2025
OPTSTK,TATACOMM,27-Feb-2025,2025-02-27,2040.00,CE,0.00,0.00,0.00,38.05,3.75,0,0.00,0,0,06-JAN-2025
OPTSTK,TATACOMM,27-Feb-2025,2025-02-27,1660.00,PE,0.00,0.00,0.00,54.85,49.40,0,0.00,0,0,06-JAN-2025
OPTSTK,TATACOMM,30-Jan-2025,2025-01-30,1660.00,PE,19.60,38.80,18.55,35.85,35.85,464,1958.44212,45250,6750,06-JAN-2025
OPTSTK,TATACOMM,30-Jan-2025,2025-01-30,1860.00,PE,0.00,0.00,0.00,119.60,166.85,0,0.00,4500,0,06-JAN-2025
OPTSTK,ADANIENT,30-Jan-2025,2025-01-30,2380.00,PE,34.15,52.85,32.75,50.65,50.65,265,1926.3636,84900,21600,06-JAN-2025
OPTSTK,ADANIENT,27-Feb-2025,2025-02-27,2380.00,CE,0.00,0.00,0.00,277.60,258.75,0,0.00,0,0,06-JAN-2025
OPTSTK,ADANIENT,27-Feb-2025,2025-02-27,2280.00,PE,0.00,0.00,0.00,219.75,101.60,0,0.00,0,0,06-JAN-2025
OPTSTK,ADANIENT,27-Feb-2025,2025-02-27,2460.00,PE,0.00,0.00,0.00,270.65,179.40,0,0.00,0,0,06-JAN-2025
OPTSTK,ADANIENT,30-Jan-2025,2025-01-30,2460.00,PE,43.40,82.20,40.50,77.05,77.05,948,7191.4104,186300,4800,06-JAN-2025
OPTSTK,ADANIENT,27-Feb-2025,2025-02-27,2660.00,PE,0.00,0.00,0.00,394.60,295.60,0,0.00,0,0,06-JAN-2025
OPTSTK,ADANIENT,30-Jan-2025,2025-01-30,2660.00,CE,51.55,51.55,27.40,29.95,29.95,742,5992.9881,63000,-24900,06-JAN-2025
OPTSTK,ADANIENT,27-Feb-2025,2025-02-27,2660.00,CE,0.00,0.00,0.00,168.20,135.50,0,0.00,0,0,06-JAN-2025
OPTSTK,ADANIENT,30-Jan-2025,2025-01-30,2420.00,CE,191.95,192.15,130.00,133.15,168.80,30,231.2334,105900,1500,06-JAN-2025
OPTSTK,ADANIENT,27-Mar-2025,2025-03-27,2200.00,CE,0.00,0.00,0.00,425.50,416.35,0,0.00,0,0,06-JAN-2025
OPTSTK,ADANIENT,30-Jan-2025,2025-01-30,2840.00,CE,13.80,13.80,8.25,9.20,9.20,402,3437.21595,134100,14700,06-JAN-2025
OPTSTK,ADANIENT,30-Jan-2025,2025-01-30,2120.00,PE,10.00,17.50,9.75,15.95,15.95,151,966.846,45300,9900,06-JAN-2025
OPTSTK,ADANIENT,27-Feb-2025,2025-02-27,2600.00,CE,130.00,130.00,98.05,106.95,106.95,31,252.10185,16800,-300,06-JAN-2025
OPTSTK,ADANIENT,27-Mar-2025,2025-03-27,2280.00,CE,0.00,0.00,0.00,382.70,366.75,0,0.00,0,0,06-JAN-2025
OPTSTK,ADANIENT,27-Feb-2025,2025-02-27,2280.00,CE,0.00,0.00,0.00,417.95,317.80,0,0.00,0,0,06-JAN-2025
OPTSTK,ADANIENT,30-Jan-2025,2025-01-30,2100.00,PE,9.50,16.00,8.50,14.45,14.45,546,3460.0455,165900,2100,06-JAN-2025
OPTSTK,ADANIENT,30-Jan-2025,2025-01-30,2280.00,CE,0.00,0.00,0.00,324.00,256.90,0,0.00,1800,0,06-JAN-2025
OPTSTK,ADANIENT,27-Mar-2025,2025-03-27,2400.00,PE,0.00,0.00,0.00,281.30,190.60,0,0.00,0,0,06-JAN-2025
OPTSTK,ADANIENT,30-Jan-2025,2025-01-30,2240.00,PE,20.00,29.00,17.80,26.00,26.00,245,1664.2725,126600,4800,06-JAN-2025
OPTSTK,ADANIENT,30-Jan-2025,2025-01-30,2000.00,PE,7.00,11.10,6.50,9.95,9.95,1092,6581.68665,384000,34800,06-JAN-2025
OPTSTK,ADANIENT,30-Jan-2025,2025-01-30,2260.00,CE,0.00,0.00,0.00,360.00,271.30,0,0.00,4800,0,06-JAN-2025
OPTSTK,ADANIENT,30-Jan-2025,2025-01-30,2620.00,CE,66.90,67.55,36.05,39.15,39.15,544,4355.05635,203700,7200,06-JAN-2025
OPTSTK,ADANIENT,27-Mar-2025,2025-03-27,2520.00,CE,0.00,0.00,0.00,274.40,243.15,0,0.00,0,0,06-JAN-2025
OPTSTK,ADANIENT,30-Jan-2025,2025-01-30,2520.00,PE,65.00,111.00,58.80,105.35,105.35,2192,17116.5714,144000,23400,06-JAN-2025
OPTSTK,ADANIENT,27-Feb-2025,2025-02-27,2520.00,CE,0.00,0.00,0.00,165.00,189.65,0,0.00,300,0,06-JAN-2025
OPTSTK,ADANIENT,30-Jan-2025,2025-01-30,2540.00,CE,108.40,108.40,60.75,64.70,64.70,1222,9586.2873,175200,40200,06-JAN-2025
OPTSTK,ADANIENT,27-Feb-2025,2025-02-27,2800.00,CE,0.00,0.00,0.00,67.50,94.50,0,0.00,4500,0,06-JAN-2025
OPTSTK,ADANIENT,27-Feb-2025,2025-02-27,2500.00,CE,177.90,177.90,143.00,143.00,143.00,30,238.58115,13200,4800,06-JAN-2025
OPTSTK,ADANIENT,27-Mar-2025,2025-03-27,2560.00,CE,0.00,0.00,0.00,259.05,226.15,0,0.00,0,0,06-JAN-2025
OPTSTK,ADANIENT,27-Feb-2025,2025-02-27,2560.00,PE,0.00,0.00,0.00,366.90,233.80,0,0.00,0,0,06-JAN-2025
OPTSTK,ADANIENT,30-Jan-2025,2025-01-30,2560.00,CE,94.50,97.30,53.85,57.20,57.20,1682,13266.1752,279600,61800,06-JAN-2025
OPTSTK,GODREJPROP,30-Jan-2025,2025-01-30,2800.00,CE,74.95,81.20,33.50,35.90,35.90,2083,13364.8887,257400,32850,06-JAN-2025
FUTSTK,GODREJPROP,27-Mar-2025,2025-03-27,,,2790.00,2790.00,2654.00,2665.70,2665.70,13,78.34455,13950,675,06-JAN-2025
OPTSTK,HINDCOPPER,27-Feb-2025,2025-02-27,270.00,CE,4.15,4.15,4.15,4.15,6.45,1,7.264975,2650,2650,06-JAN-2025
OPTSTK,GODREJPROP,30-Jan-2025,2025-01-30,2500.00,PE,17.25,46.05,12.90,43.25,43.25,1108,6306.33307,74475,-30150,06-JAN-2025
OPTSTK,HINDCOPPER,30-Jan-2025,2025-01-30,240.00,PE,5.80,11.15,5.25,10.30,10.30,737,4846.95335,853300,103350,06-JAN-2025
OPTSTK,HINDCOPPER,30-Jan-2025,2025-01-30,245.00,CE,11.00,11.00,4.55,5.20,5.20,289,1924.88977,283550,225250,06-JAN-2025
OPTSTK,GODREJPROP,27-Feb-2025,2025-02-27,2650.00,CE,0.00,0.00,0.00,347.40,145.35,0,0.00,0,0,06-JAN-2025
OPTSTK,GODREJPROP,30-Jan-2025,2025-01-30,2650.00,CE,114.85,117.30,81.50,85.30,85.30,307,1898.06602,24075,23850,06-JAN-2025
OPTSTK,HINDCOPPER,27-Mar-2025,2025-03-27,250.00,PE,0.00,0.00,0.00,20.65,27.25,0,0.00,0,0,06-JAN-2025
OPTSTK,HINDCOPPER,30-Jan-2025,2025-01-30,210.00,PE,0.80,2.00,0.80,1.80,1.80,275,1542.0933,463750,339200,06-JAN-2025
OPTSTK,GODREJPROP,30-Jan-2025,2025-01-30,2950.00,CE,29.30,32.75,12.85,13.55,13.55,1027,6862.1868,94050,23625,06-JAN-2025
OPTSTK,HINDCOPPER,30-Jan-2025,2025-01-30,230.00,CE,15.30,15.30,11.80,12.40,12.40,66,424.589625,111300,98050,06-JAN-2025
OPTSTK,HINDCOPPER,27-Feb-2025,2025-02-27,230.00,PE,0.00,0.00,0.00,10.90,13.00,0,0.00,0,0,06-JAN-2025
OPTSTK,HINDCOPPER,27-Mar-2025,2025-03-27,220.00,CE,0.00,0.00,0.00,56.85,31.00,0,0.00,0,0,06-JAN-2025
OPTSTK,HINDCOPPER,30-Jan-2025,2025-01-30,275.00,CE,2.00,2.10,0.90,1.00,1.00,239,1750.28525,445200,-74200,06-JAN-2025
OPTSTK,HINDCOPPER,27-Feb-2025,2025-02-27,245.00,PE,0.00,0.00,0.00,14.55,20.90,0,0.00,0,0,06-JAN-2025
OPTSTK,HINDCOPPER,27-Feb-2025,2025-02-27,245.00,CE,0.00,0.00,0.00,35.80,13.90,0,0.00,0,0,06-JAN-2025
OPTSTK,HINDCOPPER,27-Feb-2025,2025-02-27,225.00,CE,0.00,0.00,0.00,48.90,23.65,0,0.00,0,0,06-JAN-2025
OPTSTK,HINDCOPPER,27-Feb-2025,2025-02-27,225.00,PE,0.00,0.00,0.00,7.85,10.85,0,0.00,0,0,06-JAN-2025
OPTSTK,HINDCOPPER,30-Jan-2025,2025-01-30,225.00,PE,2.00,4.70,1.90,4.30,4.30,308,1866.9886,312700,87450,06-JAN-2025
OPTSTK,HINDCOPPER,30-Jan-2025,2025-01-30,255.00,CE,6.15,6.45,2.70,2.85,2.85,636,4361.87482,628050,222600,06-JAN-2025
OPTSTK,HINDCOPPER,27-Feb-2025,2025-02-27,255.00,CE,0.00,0.00,0.00,30.25,10.35,0,0.00,0,0,06-JAN-2025
OPTSTK,GODREJPROP,30-Jan-2025,2025-01-30,3300.00,CE,2.20,2.50,2.20,2.45,0.90,32,237.765037,66600,-2925,06-JAN-2025
OPTSTK,HINDCOPPER,27-Feb-2025,2025-02-27,265.00,PE,0.00,0.00,0.00,23.85,34.40,0,0.00,0,0,06-JAN-2025
OPTSTK,HINDCOPPER,27-Feb-2025,2025-02-27,235.00,PE,0.00,0.00,0.00,10.85,15.45,0,0.00,0,0,06-JAN-2025
OPTSTK,GODREJPROP,27-Feb-2025,2025-02-27,2850.00,CE,0.00,0.00,0.00,235.20,73.25,0,0.00,0,0,06-JAN-2025
OPTSTK,GODREJPROP,30-Jan-2025,2025-01-30,2850.00,PE,138.90,248.55,138.90,247.55,247.55,99,683.102475,65925,-9900,06-JAN-2025
OPTSTK,GODREJPROP,30-Jan-2025,2025-01-30,2850.00,CE,53.65,61.00,24.60,26.10,26.10,908,5900.23372,201150,39825,06-JAN-2025
OPTSTK,GODREJPROP,30-Jan-2025,2025-01-30,2750.00,PE,85.05,174.25,77.00,166.20,166.20,477,3082.28512,48600,10800,06-JAN-2025
OPTSTK,GODREJPROP,27-Feb-2025,2025-02-27,2750.00,CE,0.00,0.00,0.00,287.60,104.60,0,0.00,0,0,06-JAN-2025
OPTSTK,HINDCOPPER,27-Feb-2025,2025-02-27,275.00,CE,0.00,0.00,0.00,21.10,5.45,0,0.00,0,0,06-JAN-2025
OPTSTK,POLYCAB,27-Feb-2025,2025-02-27,7100.00,PE,0.00,0.00,0.00,201.50,395.50,0,0.00,1875,0,06-JAN-2025
OPTSTK,POLYCAB,27-Mar-2025,2025-03-27,6600.00,CE,0.00,0.00,0.00,938.70,679.20,0,0.00,0,0,06-JAN-2025
OPTSTK,POLYCAB,30-Jan-2025,2025-01-30,8600.00,CE,3.60,10.40,3.60,5.80,5.80,37,398.020875,12125,-2125,06-JAN-2025
OPTSTK,POLYCAB,27-Mar-2025,2025-03-27,7600.00,PE,0.00,0.00,0.00,755.90,771.15,0,0.00,0,0,06-JAN-2025
OPTSTK,POLYCAB,30-Jan-2025,2025-01-30,6600.00,PE,47.65,102.15,46.25,95.35,95.35,299,2495.41693,25750,1375,06-JAN-2025
OPTSTK,POLYCAB,30-Jan-2025,2025-01-30,6600.00,CE,0.00,0.00,0.00,640.60,467.20,0,0.00,875,0,06-JAN-2025
OPTSTK,POLYCAB,27-Mar-2025,2025-03-27,7400.00,PE,0.00,0.00,0.00,638.25,636.90,0,0.00,0,0,06-JAN-2025
OPTSTK,POLYCAB,30-Jan-2025,2025-01-30,7400.00,PE,338.95,519.90,331.25,510.40,510.40,51,497.172125,15125,-750,06-JAN-2025
OPTSTK,POLYCAB,27-Feb-2025,2025-02-27,7900.00,CE,92.80,92.80,92.80,92.80,86.65,1,9.991,125,-125,06-JAN-2025
OPTSTK,POLYCAB,27-Mar-2025,2025-03-27,7400.00,CE,0.00,0.00,0.00,516.50,293.65,0,0.00,0,0,06-JAN-2025
OPTSTK,POLYCAB,30-Jan-2025,2025-01-30,7400.00,CE,151.25,155.75,82.90,89.35,89.35,755,7094.03606,45125,3750,06-JAN-2025
OPTSTK,POLYCAB,27-Feb-2025,2025-02-27,7400.00,PE,0.00,0.00,0.00,650.85,581.55,0,0.00,0,0,06-JAN-2025
OPTSTK,POLYCAB,27-Feb-2025,2025-02-27,7400.00,CE,226.65,228.85,185.00,185.00,200.45,4,38.0865625,1500,-125,06-JAN-2025
OPTSTK,POLYCAB,30-Jan-2025,2025-01-30,7900.00,CE,46.00,46.00,21.80,21.95,21.95,185,1834.34,16250,4875,06-JAN-2025
OPTSTK,POLYCAB,27-Mar-2025,2025-03-27,6400.00,PE,0.00,0.00,0.00,212.05,169.25,0,0.00,0,0,06-JAN-2025
OPTSTK,POLYCAB,27-Feb-2025,2025-02-27,6400.00,CE,0.00,0.00,0.00,1086.95,723.60,0,0.00,0,0,06-JAN-2025
FUTSTK,POLYCAB,27-Mar-2025,2025-03-27,,,7150.00,7160.95,7067.00,7077.75,7077.75,9,79.9815625,6500,1125,06-JAN-2025
OPTSTK,POLYCAB,27-Feb-2025,2025-02-27,6300.00,CE,0.00,0.00,0.00,1050.35,799.45,0,0.00,0,0,06-JAN-2025
OPTSTK,POLYCAB,27-Feb-2025,2025-02-27,6300.00,PE,0.00,0.00,0.00,126.80,91.05,0,0.00,0,0,06-JAN-2025
OPTSTK,POLYCAB,27-Feb-2025,2025-02-27,6500.00,CE,0.00,0.00,0.00,903.85,651.65,0,0.00,0,0,06-JAN-2025
OPTSTK,POLYCAB,27-Mar-2025,2025-03-27,6600.00,PE,0.00,0.00,0.00,274.90,234.15,0,0.00,0,0,06-JAN-2025
OPTSTK,POLYCAB,27-Feb-2025,2025-02-27,6600.00,PE,0.00,0.00,0.00,286.20,172.60,0,0.00,0,0,06-JAN-2025
OPTSTK,POLYCAB,27-Feb-2025,2025-02-27,6600.00,CE,0.00,0.00,0.00,954.40,583.90,0,0.00,0,0,06-JAN-2025
OPTSTK,POLYCAB,27-Mar-2025,2025-03-27,7600.00,CE,0.00,0.00,0.00,437.75,230.85,0,0.00,0,0,06-JAN-2025
OPTSTK,POLYCAB,27-Feb-2025,2025-02-27,6700.00,CE,0.00,0.00,0.00,769.25,520.45,0,0.00,0,0,06-JAN-2025
OPTSTK,POLYCAB,30-Jan-2025,2025-01-30,6700.00,PE,65.70,129.90,61.75,127.70,127.70,300,2550.79831,27250,1250,06-JAN-2025
OPTSTK,POLYCAB,30-Jan-2025,2025-01-30,7800.00,CE,58.00,58.00,28.60,29.80,29.80,485,4752.61018,53750,3250,06-JAN-2025
OPTSTK,POLYCAB,30-Jan-2025,2025-01-30,8200.00,PE,0.00,0.00,0.00,1685.90,1223.10,0,0.00,0,0,06-JAN-2025
OPTSTK,POLYCAB,30-Jan-2025,2025-01-30,7500.00,CE,129.90,140.95,63.65,68.15,68.15,1285,12194.4808,88750,6000,06-JAN-2025
OPTSTK,POLYCAB,27-Feb-2025,2025-02-27,7700.00,PE,0.00,0.00,0.00,753.20,801.25,0,0.00,0,0,06-JAN-2025
OPTSTK,POLYCAB,30-Jan-2025,2025-01-30,7700.00,CE,67.35,73.00,37.55,39.55,39.55,586,5678.53287,39250,2875,06-JAN-2025
OPTSTK,POLYCAB,27-Feb-2025,2025-02-27,7700.00,CE,0.00,0.00,0.00,294.35,123.05,0,0.00,0,0,06-JAN-2025
OPTSTK,TVSMOTOR,30-Jan-2025,2025-01-30,2700.00,PE,0.00,0.00,0.00,215.00,278.50,0,0.00,57400,0,06-JAN-2025
OPTSTK,TVSMOTOR,30-Jan-2025,2025-01-30,2540.00,PE,108.35,108.40,108.35,108.40,139.70,2,18.538625,7700,350,06-JAN-2025
OPTSTK,AMBUJACEM,30-Jan-2025,2025-01-30,565.00,CE,7.15,7.20,4.10,4.35,4.35,220,1128.2967,114300,10800,06-JAN-2025
OPTSTK,AMBUJACEM,30-Jan-2025,2025-01-30,500.00,PE,3.05,6.40,3.00,5.90,5.90,519,2359.5363,294300,7200,06-JAN-2025
OPTSTK,TVSMOTOR,30-Jan-2025,2025-01-30,2100.00,CE,0.00,0.00,0.00,330.00,324.05,0,0.00,700,0,06-JAN-2025
OPTSTK,AMBUJACEM,27-Feb-2025,2025-02-27,605.00,CE,0.00,0.00,0.00,21.45,7.65,0,0.00,0,0,06-JAN-2025
OPTSTK,TVSMOTOR,27-Feb-2025,2025-02-27,2280.00,PE,0.00,0.00,0.00,50.45,35.50,0,0.00,0,0,06-JAN-2025
OPTSTK,TVSMOTOR,27-Mar-2025,2025-03-27,2280.00,CE,0.00,0.00,0.00,266.95,217.95,0,0.00,0,0,06-JAN-2025
OPTSTK,TVSMOTOR,30-Jan-2025,2025-01-30,2400.00,CE,135.80,135.80,80.45,85.05,85.05,186,1627.85157,123900,-16800,06-JAN-2025
OPTSTK,TVSMOTOR,27-Mar-2025,2025-03-27,2400.00,PE,0.00,0.00,0.00,112.20,95.60,0,0.00,0,0,06-JAN-2025
OPTSTK,TVSMOTOR,27-Mar-2025,2025-03-27,2440.00,CE,0.00,0.00,0.00,173.10,124.40,0,0.00,0,0,06-JAN-2025
OPTSTK,AMBUJACEM,30-Jan-2025,2025-01-30,580.00,PE,41.50,49.80,41.50,44.90,52.40,9,50.76855,224100,900,06-JAN-2025
OPTSTK,AMBUJACEM,27-Mar-2025,2025-03-27,580.00,CE,0.00,0.00,0.00,38.75,19.90,0,0.00,0,0,06-JAN-2025
OPTSTK,TVSMOTOR,30-Jan-2025,2025-01-30,2240.00,CE,0.00,0.00,0.00,150.50,193.30,0,0.00,350,0,06-JAN-2025
OPTSTK,AMBUJACEM,27-Feb-2025,2025-02-27,580.00,PE,0.00,0.00,0.00,81.20,57.35,0,0.00,0,0,06-JAN-2025
OPTSTK,AMBUJACEM,27-Mar-2025,2025-03-27,580.00,PE,0.00,0.00,0.00,59.45,61.50,0,0.00,0,0,06-JAN-2025
OPTSTK,TVSMOTOR,30-Jan-2025,2025-01-30,2540.00,CE,49.65,54.25,28.55,30.10,30.10,210,1898.34207,45150,0,06-JAN-2025
OPTSTK,AMBUJACEM,30-Jan-2025,2025-01-30,540.00,PE,11.05,21.50,10.75,20.10,20.10,640,3206.5695,415800,43200,06-JAN-2025
OPTSTK,AMBUJACEM,27-Feb-2025,2025-02-27,485.00,PE,0.00,0.00,0.00,12.10,9.45,0,0.00,0,0,06-JAN-2025
OPTSTK,AMBUJACEM,30-Jan-2025,2025-01-30,485.00,CE,0.00,0.00,0.00,73.35,50.90,0,0.00,0,0,06-JAN-2025
OPTSTK,AMBUJACEM,27-Feb-2025,2025-02-27,485.00,CE,0.00,0.00,0.00,82.00,59.00,0,0.00,0,0,06-JAN-2025
OPTSTK,TVSMOTOR,30-Jan-2025,2025-01-30,2660.00,PE,0.00,0.00,0.00,231.35,241.30,0,0.00,0,0,06-JAN-2025
OPTSTK,TVSMOTOR,30-Jan-2025,2025-01-30,2550.00,PE,109.85,115.05,109.85,115.05,147.40,4,37.289525,11200,350,06-JAN-2025
OPTSTK,TVSMOTOR,30-Jan-2025,2025-01-30,2140.00,CE,0.00,0.00,0.00,321.35,285.30,0,0.00,0,0,06-JAN-2025
OPTSTK,TVSMOTOR,30-Jan-2025,2025-01-30,2280.00,PE,11.20,24.95,9.75,22.15,22.15,94,754.907475,46550,0,06-JAN-2025
OPTSTK,AMBUJACEM,30-Jan-2025,2025-01-30,550.00,PE,15.10,27.95,15.00,26.60,26.60,338,1743.975,730800,-33300,06-JAN-2025
OPTSTK,AMBUJACEM,27-Mar-2025,2025-03-27,550.00,PE,0.00,0.00,0.00,42.90,42.40,0,0.00,0,0,06-JAN-2025
OPTSTK,TVSMOTOR,30-Jan-2025,2025-01-30,2100.00,PE,1.70,4.80,1.25,4.70,4.70,84,618.356025,90300,2800,06-JAN-2025
OPTSTK,AMBUJACEM,27-Feb-2025,2025-02-27,605.00,PE,0.00,0.00,0.00,70.05,76.95,0,0.00,0,0,06-JAN-2025
OPTSTK,TVSMOTOR,27-Feb-2025,2025-02-27,2720.00,CE,0.00,0.00,0.00,44.35,17.75,0,0.00,0,0,06-JAN-2025
OPTSTK,TVSMOTOR,30-Jan-2025,2025-01-30,2360.00,CE,0.00,0.00,0.00,176.65,101.90,0,0.00,14000,0,06-JAN-2025
OPTSTK,AMBUJACEM,30-Jan-2025,2025-01-30,555.00,CE,12.00,12.70,6.35,6.65,6.65,200,1014.35805,159300,-3600,06-JAN-2025
OPTSTK,CONCOR,30-Jan-2025,2025-01-30,750.00,CE,40.00,40.00,27.25,30.70,30.70,100,780.444,53000,32000,06-JAN-2025
OPTSTK,CONCOR,27-Mar-2025,2025-03-27,800.00,CE,0.00,0.00,0.00,58.40,37.15,0,0.00,0,0,06-JAN-2025
OPTSTK,CONCOR,27-Feb-2025,2025-02-27,800.00,PE,54.00,54.00,49.50,49.50,49.50,2,17.035,2000,2000,06-JAN-2025
OPTSTK,CONCOR,27-Mar-2025,2025-03-27,880.00,PE,0.00,0.00,0.00,118.95,118.50,0,0.00,0,0,06-JAN-2025
OPTSTK,CONCOR,30-Jan-2025,2025-01-30,880.00,PE,0.00,0.00,0.00,83.50,114.15,0,0.00,20000,0,06-JAN-2025
OPTSTK,CONCOR,30-Jan-2025,2025-01-30,880.00,CE,1.30,1.30,0.95,1.15,1.15,101,889.94,150000,-1000,06-JAN-2025
OPTSTK,CONCOR,27-Feb-2025,2025-02-27,870.00,CE,0.00,0.00,0.00,23.10,9.30,0,0.00,0,0,06-JAN-2025
OPTSTK,CONCOR,27-Feb-2025,2025-02-27,870.00,PE,0.00,0.00,0.00,105.85,107.35,0,0.00,0,0,06-JAN-2025
OPTSTK,CONCOR,27-Mar-2025,2025-03-27,840.00,CE,0.00,0.00,0.00,43.10,24.10,0,0.00,0,0,06-JAN-2025
OPTSTK,CONCOR,27-Feb-2025,2025-02-27,740.00,PE,15.95,15.95,15.95,15.95,24.35,1,7.5595,1000,1000,06-JAN-2025
OPTSTK,CONCOR,30-Jan-2025,2025-01-30,760.00,CE,32.25,32.25,22.05,26.00,26.00,548,4303.4515,154000,138000,06-JAN-2025
OPTSTK,CONCOR,27-Feb-2025,2025-02-27,760.00,CE,0.00,0.00,0.00,108.95,43.90,0,0.00,0,0,06-JAN-2025
OPTSTK,CONCOR,27-Feb-2025,2025-02-27,860.00,CE,7.90,7.90,7.90,7.90,10.90,1,8.679,0,-1000,06-JAN-2025
OPTSTK,CONCOR,27-Mar-2025,2025-03-27,860.00,PE,0.00,0.00,0.00,104.85,102.90,0,0.00,0,0,06-JAN-2025
OPTSTK,CONCOR,27-Feb-2025,2025-02-27,830.00,PE,0.00,0.00,0.00,77.85,75.80,0,0.00,0,0,06-JAN-2025
OPTSTK,CONCOR,30-Jan-2025,2025-01-30,830.00,PE,69.60,69.60,69.40,69.40,69.35,2,17.99,18000,-1000,06-JAN-2025
OPTSTK,CONCOR,30-Jan-2025,2025-01-30,900.00,CE,0.95,0.95,0.70,0.80,0.80,71,639.574,476000,-9000,06-JAN-2025
OPTSTK,CONCOR,27-Feb-2025,2025-02-27,900.00,CE,3.65,4.00,3.00,3.00,5.55,10,90.35,20000,10000,06-JAN-2025
OPTSTK,CONCOR,27-Mar-2025,2025-03-27,920.00,PE,0.00,0.00,0.00,149.25,151.95,0,0.00,0,0,06-JAN-2025
OPTSTK,CONCOR,30-Jan-2025,2025-01-30,920.00,PE,0.00,0.00,0.00,135.55,152.75,0,0.00,110000,0,06-JAN-2025
OPTSTK,CONCOR,30-Jan-2025,2025-01-30,810.00,CE,11.35,11.80,6.40,7.70,7.70,453,3705.9155,243000,40000,06-JAN-2025
OPTSTK,CONCOR,30-Jan-2025,2025-01-30,620.00,PE,0.70,0.70,0.50,0.50,0.15,4,24.826,54000,3000,06-JAN-2025
OPTSTK,CONCOR,30-Jan-2025,2025-01-30,790.00,PE,26.00,43.05,25.95,39.00,39.00,106,874.346,179000,4000,06-JAN-2025
OPTSTK,CONCOR,27-Feb-2025,2025-02-27,710.00,CE,0.00,0.00,0.00,96.00,74.75,0,0.00,0,0,06-JAN-2025
OPTSTK,CONCOR,30-Jan-2025,2025-01-30,940.00,CE,0.25,0.35,0.25,0.35,0.20,6,56.416,53000,0,06-JAN-2025
OPTSTK,CONCOR,30-Jan-2025,2025-01-30,900.00,PE,126.00,137.40,126.00,137.40,133.30,4,41.154,300000,1000,06-JAN-2025
OPTSTK,CONCOR,27-Feb-2025,2025-02-27,730.00,CE,0.00,0.00,0.00,82.75,61.20,0,0.00,0,0,06-JAN-2025
OPTSTK,CONCOR,30-Jan-2025,2025-01-30,960.00,PE,0.00,0.00,0.00,171.15,192.25,0,0.00,51000,0,06-JAN-2025
OPTSTK,CONCOR,30-Jan-2025,2025-01-30,820.00,PE,48.15,65.50,48.15,59.00,59.00,11,96.794,125000,-4000,06-JAN-2025
OPTSTK,CONCOR,30-Jan-2025,2025-01-30,820.00,CE,8.95,8.95,4.90,6.00,6.00,1225,10122.589,370000,-23000,06-JAN-2025
OPTSTK,CONCOR,30-Jan-2025,2025-01-30,930.00,CE,0.00,0.00,0.00,0.85,0.30,0,0.00,14000,0,06-JAN-2025
OPTSTK,CONCOR,27-Feb-2025,2025-02-27,820.00,PE,0.00,0.00,0.00,59.50,68.60,0,0.00,0,0,06-JAN-2025
OPTSTK,ONGC,27-Feb-2025,2025-02-27,235.00,PE,3.50,3.50,3.50,3.50,4.50,2,9.18225,15400,0,06-JAN-2025
OPTSTK,ONGC,27-Feb-2025,2025-02-27,235.00,CE,24.00,24.00,23.55,23.55,26.10,21,104.692087,28875,-26950,06-JAN-2025
OPTSTK,ONGC,27-Feb-2025,2025-02-27,262.50,PE,0.00,0.00,0.00,27.65,16.15,0,0.00,0,0,06-JAN-2025
OPTSTK,ONGC,27-Feb-2025,2025-02-27,262.50,CE,0.00,0.00,0.00,8.80,10.50,0,0.00,1925,0,06-JAN-2025
OPTSTK,ONGC,30-Jan-2025,2025-01-30,262.50,CE,3.15,5.10,2.95,3.65,3.65,2929,15023.1254,1203125,144375,06-JAN-2025
OPTSTK,ONGC,27-Mar-2025,2025-03-27,215.00,PE,0.00,0.00,0.00,7.00,2.25,0,0.00,0,0,06-JAN-2025
OPTSTK,ONGC,30-Jan-2025,2025-01-30,237.50,CE,18.30,19.90,16.85,19.00,19.00,108,532.356825,277200,-21175,06-JAN-2025
OPTSTK,ONGC,30-Jan-2025,2025-01-30,215.00,PE,0.25,0.40,0.25,0.40,0.40,68,281.906625,795025,-92400,06-JAN-2025
OPTSTK,ONGC,27-Feb-2025,2025-02-27,237.50,PE,0.00,0.00,0.00,13.00,5.20,0,0.00,0,0,06-JAN-2025
OPTSTK,JUBLFOOD,27-Mar-2025,2025-03-27,880.00,PE,0.00,0.00,0.00,168.70,112.00,0,0.00,0,0,06-JAN-2025
OPTSTK,JUBLFOOD,30-Jan-2025,2025-01-30,730.00,PE,8.05,11.60,5.00,9.80,9.80,1540,14195.1806,573750,37500,06-JAN-2025
OPTSTK,JUBLFOOD,30-Jan-2025,2025-01-30,730.00,CE,48.15,69.45,46.00,50.35,50.35,164,1610.59812,398750,-70000,06-JAN-2025
OPTSTK,JUBLFOOD,30-Jan-2025,2025-01-30,860.00,PE,81.00,84.00,81.00,84.00,91.55,2,23.5625,0,0,06-JAN-2025
OPTSTK,JUBLFOOD,27-Feb-2025,2025-02-27,860.00,PE,0.00,0.00,0.00,158.80,93.50,0,0.00,0,0,06-JAN-2025
OPTSTK,ONGC,30-Jan-2025,2025-01-30,242.50,CE,16.20,16.75,12.95,14.80,14.80,105,520.066662,744975,-11550,06-JAN-2025
OPTSTK,JUBLFOOD,30-Jan-2025,2025-01-30,830.00,CE,7.45,12.75,5.55,6.55,6.55,2354,24681.0693,268750,158750,06-JAN-2025
OPTSTK,ONGC,27-Feb-2025,2025-02-27,275.00,CE,3.90,5.05,3.90,5.05,6.30,3,16.1286125,7700,5775,06-JAN-2025
OPTSTK,ONGC,30-Jan-2025,2025-01-30,220.00,PE,0.40,0.55,0.35,0.50,0.50,738,3132.28781,1303225,75075,06-JAN-2025
OPTSTK,ONGC,30-Jan-2025,2025-01-30,220.00,CE,38.55,38.70,35.00,35.00,35.00,3,14.8658125,177100,1925,06-JAN-2025
OPTSTK,ONGC,27-Feb-2025,2025-02-27,275.00,PE,26.00,26.00,26.00,26.00,24.30,1,5.79425,40425,1925,06-JAN-2025
OPTSTK,ONGC,27-Feb-2025,2025-02-27,260.00,CE,8.80,9.30,7.05,7.70,11.55,65,335.649737,165550,44275,06-JAN-2025
OPTSTK,ONGC,27-Feb-2025,2025-02-27,195.00,PE,0.00,0.00,0.00,1.50,0.15,0,0.00,0,0,06-JAN-2025
OPTSTK,ONGC,30-Jan-2025,2025-01-30,275.00,CE,2.25,2.30,1.00,1.25,1.25,2369,12602.8864,1395625,-180950,06-JAN-2025
OPTSTK,ONGC,30-Jan-2025,2025-01-30,205.00,CE,0.00,0.00,0.00,51.60,50.30,0,0.00,0,0,06-JAN-2025
OPTSTK,ONGC,30-Jan-2025,2025-01-30,205.00,PE,0.20,0.20,0.20,0.20,0.20,52,205.4052,377300,55825,06-JAN-2025
OPTSTK,ONGC,27-Feb-2025,2025-02-27,217.50,PE,0.00,0.00,0.00,5.60,1.35,0,0.00,0,0,06-JAN-2025
OPTSTK,JUBLFOOD,27-Feb-2025,2025-02-27,710.00,CE,0.00,0.00,0.00,53.50,73.70,0,0.00,1250,0,06-JAN-2025
OPTSTK,ONGC,27-Feb-2025,2025-02-27,267.50,PE,0.00,0.00,0.00,31.25,19.20,0,0.00,0,0,06-JAN-2025
OPTSTK,JUBLFOOD,30-Jan-2025,2025-01-30,660.00,PE,1.55,2.05,1.05,1.90,1.90,311,2571.90937,326250,30000,06-JAN-2025
OPTSTK,JUBLFOOD,30-Jan-2025,2025-01-30,660.00,CE,119.35,119.35,111.20,111.20,111.20,2,19.381875,33750,0,06-JAN-2025
OPTSTK,JUBLFOOD,27-Mar-2025,2025-03-27,660.00,CE,0.00,0.00,0.00,80.80,121.90,0,0.00,0,0,06-JAN-2025
OPTSTK,ONGC,30-Jan-2025,2025-01-30,285.00,PE,30.50,30.50,29.75,30.30,30.55,12,72.78425,398475,0,06-JAN-2025
OPTSTK,BSOFT,30-Jan-2025,2025-01-30,460.00,CE,0.00,0.00,0.00,108.65,87.65,0,0.00,0,0,06-JAN-2025
OPTSTK,BSOFT,30-Jan-2025,2025-01-30,650.00,PE,100.95,101.00,100.95,101.00,102.35,6,45.0595,61000,2000,06-JAN-2025
OPTSTK,BSOFT,30-Jan-2025,2025-01-30,650.00,CE,1.25,1.45,1.00,1.15,1.15,39,253.9465,276000,-13000,06-JAN-2025
OPTSTK,BSOFT,30-Jan-2025,2025-01-30,640.00,PE,0.00,0.00,0.00,71.95,92.70,0,0.00,10000,0,06-JAN-2025
OPTSTK,BSOFT,30-Jan-2025,2025-01-30,680.00,PE,129.10,129.10,129.10,129.10,131.85,6,48.546,47000,0,06-JAN-2025
OPTSTK,BSOFT,27-Mar-2025,2025-03-27,540.00,CE,0.00,0.00,0.00,67.90,41.25,0,0.00,0,0,06-JAN-2025
OPTSTK,BSOFT,27-Feb-2025,2025-02-27,610.00,PE,0.00,0.00,0.00,58.10,67.85,0,0.00,0,0,06-JAN-2025
OPTSTK,BSOFT,27-Feb-2025,2025-02-27,500.00,CE,0.00,0.00,0.00,112.40,58.85,0,0.00,0,0,06-JAN-2025
OPTSTK,BSOFT,27-Mar-2025,2025-03-27,500.00,CE,0.00,0.00,0.00,94.15,65.75,0,0.00,0,0,06-JAN-2025
OPTSTK,BSOFT,30-Jan-2025,2025-01-30,500.00,PE,4.15,4.85,2.95,4.60,4.60,1092,5501.449,455000,117000,06-JAN-2025
OPTSTK,BSOFT,27-Feb-2025,2025-02-27,540.00,PE,0.00,0.00,0.00,23.25,22.80,0,0.00,0,0,06-JAN-2025
OPTSTK,BSOFT,27-Feb-2025,2025-02-27,460.00,PE,0.00,0.00,0.00,5.45,2.35,0,0.00,0,0,06-JAN-2025
OPTSTK,BSOFT,27-Feb-2025,2025-02-27,620.00,PE,0.00,0.00,0.00,34.00,76.00,0,0.00,1000,0,06-JAN-2025
OPTSTK,BSOFT,30-Jan-2025,2025-01-30,620.00,PE,65.00,65.00,65.00,65.00,73.80,1,6.85,42000,0,06-JAN-2025
OPTSTK,BSOFT,27-Mar-2025,2025-03-27,620.00,PE,0.00,0.00,0.00,70.00,78.55,0,0.00,0,0,06-JAN-2025
OPTSTK,BSOFT,27-Feb-2025,2025-02-27,510.00,CE,0.00,0.00,0.00,79.20,51.65,0,0.00,0,0,06-JAN-2025
OPTSTK,BSOFT,27-Feb-2025,2025-02-27,530.00,CE,0.00,0.00,0.00,65.35,38.80,0,0.00,0,0,06-JAN-2025
OPTSTK,BSOFT,27-Feb-2025,2025-02-27,540.00,CE,0.00,0.00,0.00,84.15,33.25,0,0.00,0,0,06-JAN-2025
OPTSTK,BSOFT,27-Mar-2025,2025-03-27,500.00,PE,0.00,0.00,0.00,14.85,13.15,0,0.00,0,0,06-JAN-2025
OPTSTK,BSOFT,30-Jan-2025,2025-01-30,500.00,CE,0.00,0.00,0.00,59.45,50.95,0,0.00,22000,0,06-JAN-2025
OPTSTK,BSOFT,27-Feb-2025,2025-02-27,520.00,CE,0.00,0.00,0.00,97.70,44.95,0,0.00,0,0,06-JAN-2025
OPTSTK,BSOFT,27-Feb-2025,2025-02-27,520.00,PE,0.00,0.00,0.00,6.50,14.70,0,0.00,1000,0,06-JAN-2025
OPTSTK,BSOFT,27-Feb-2025,2025-02-27,550.00,CE,30.00,30.00,30.00,30.00,28.25,1,5.8,1000,1000,06-JAN-2025
OPTSTK,BSOFT,27-Mar-2025,2025-03-27,480.00,CE,0.00,0.00,0.00,109.15,80.55,0,0.00,0,0,06-JAN-2025
OPTSTK,BSOFT,27-Mar-2025,2025-03-27,620.00,CE,0.00,0.00,0.00,31.45,12.90,0,0.00,0,0,06-JAN-2025
OPTSTK,BSOFT,27-Feb-2025,2025-02-27,530.00,PE,0.00,0.00,0.00,18.45,18.50,0,0.00,0,0,06-JAN-2025
OPTSTK,BSOFT,27-Feb-2025,2025-02-27,490.00,PE,0.00,0.00,0.00,8.10,6.60,0,0.00,0,0,06-JAN-2025
OPTSTK,BSOFT,27-Feb-2025,2025-02-27,580.00,CE,0.00,0.00,0.00,60.90,16.45,0,0.00,0,0,06-JAN-2025
OPTSTK,BSOFT,27-Feb-2025,2025-02-27,560.00,CE,0.00,0.00,0.00,71.90,23.80,0,0.00,0,0,06-JAN-2025
OPTSTK,BSOFT,27-Feb-2025,2025-02-27,560.00,PE,33.30,33.30,28.35,28.35,33.15,2,11.8165,1000,1000,06-JAN-2025
OPTSTK,BSOFT,30-Jan-2025,2025-01-30,560.00,PE,21.85,26.75,19.00,25.60,25.60,212,1235.6415,278000,-10000,06-JAN-2025
OPTSTK,BSOFT,27-Mar-2025,2025-03-27,560.00,PE,0.00,0.00,0.00,36.45,38.25,0,0.00,0,0,06-JAN-2025
OPTSTK,BSOFT,30-Jan-2025,2025-01-30,490.00,CE,0.00,0.00,0.00,113.50,59.60,0,0.00,0,0,06-JAN-2025
OPTSTK,SBIN,27-Feb-2025,2025-02-27,720.00,PE,5.50,9.70,5.50,8.50,8.50,124,676.91775,95250,-1500,06-JAN-2025
OPTSTK,SBIN,27-Mar-2025,2025-03-27,720.00,PE,0.00,0.00,0.00,13.85,13.45,0,0.00,0,0,06-JAN-2025
OPTSTK,SBIN,27-Feb-2025,2025-02-27,720.00,CE,0.00,0.00,0.00,142.45,72.15,0,0.00,0,0,06-JAN-2025
OPTSTK,SBIN,27-Feb-2025,2025-02-27,750.00,CE,55.05,55.35,48.25,50.10,50.10,54,324.564375,27000,24750,06-JAN-2025
OPTSTK,SBIN,30-Jan-2025,2025-01-30,750.00,CE,50.40,50.40,36.10,38.75,38.75,437,2588.16225,348750,20250,06-JAN-2025
OPTSTK,SBIN,27-Feb-2025,2025-02-27,750.00,PE,10.50,17.90,9.90,16.10,16.10,398,2285.19562,191250,146250,06-JAN-2025
OPTSTK,SBIN,27-Feb-2025,2025-02-27,800.00,CE,30.50,30.50,22.45,23.15,23.15,440,2724.38025,338250,33000,06-JAN-2025
OPTSTK,SBIN,30-Jan-2025,2025-01-30,880.00,CE,1.75,1.75,0.90,1.05,1.05,3043,20108.949,2133750,-91500,06-JAN-2025
OPTSTK,SBIN,30-Jan-2025,2025-01-30,870.00,PE,84.30,93.00,84.30,90.20,90.20,15,108.052875,584250,-4500,06-JAN-2025
OPTSTK,SBIN,27-Feb-2025,2025-02-27,870.00,PE,0.00,0.00,0.00,72.65,92.20,0,0.00,0,0,06-JAN-2025
OPTSTK,SBIN,27-Mar-2025,2025-03-27,740.00,CE,0.00,0.00,0.00,104.55,66.60,0,0.00,0,0,06-JAN-2025
OPTSTK,SBIN,27-Feb-2025,2025-02-27,810.00,CE,24.50,25.55,19.65,19.65,19.65,37,230.99625,17250,2250,06-JAN-2025
OPTSTK,SBIN,30-Jan-2025,2025-01-30,980.00,PE,0.00,0.00,0.00,179.85,199.25,0,0.00,36000,0,06-JAN-2025
OPTSTK,SBIN,30-Jan-2025,2025-01-30,840.00,CE,5.90,5.90,3.10,3.30,3.30,10023,63427.9263,4432500,24000,06-JAN-2025
OPTSTK,SBIN,30-Jan-2025,2025-01-30,910.00,CE,0.90,0.90,0.50,0.60,0.60,450,3073.36762,582000,-27750,06-JAN-2025
OPTSTK,SBIN,27-Feb-2025,2025-02-27,730.00,PE,0.00,0.00,0.00,11.05,11.25,0,0.00,0,0,06-JAN-2025
OPTSTK,SBIN,30-Jan-2025,2025-01-30,740.00,CE,54.80,55.80,43.35,46.10,46.10,87,514.9125,69750,19500,06-JAN-2025
OPTSTK,SBIN,27-Feb-2025,2025-02-27,760.00,PE,12.65,21.55,12.65,19.50,19.50,114,664.635375,163500,0,06-JAN-2025
OPTSTK,SBIN,30-Jan-2025,2025-01-30,930.00,PE,0.00,0.00,0.00,132.50,149.60,0,0.00,6000,0,06-JAN-2025
OPTSTK,SBIN,27-Feb-2025,2025-02-27,740.00,PE,9.00,14.40,9.00,14.00,14.05,46,259.78275,32250,19500,06-JAN-2025
OPTSTK,SBIN,27-Feb-2025,2025-02-27,740.00,CE,0.00,0.00,0.00,86.00,57.50,0,0.00,0,0,06-JAN-2025
OPTSTK,SBIN,30-Jan-2025,2025-01-30,920.00,PE,131.00,131.00,131.00,131.00,139.70,1,7.8825,114000,750,06-JAN-2025
OPTSTK,SBIN,27-Feb-2025,2025-02-27,860.00,PE,0.00,0.00,0.00,68.75,83.85,0,0.00,4500,0,06-JAN-2025
OPTSTK,SBIN,27-Feb-2025,2025-02-27,860.00,CE,9.00,9.50,7.40,7.55,7.55,180,1172.57925,153000,0,06-JAN-2025
OPTSTK,SBIN,27-Mar-2025,2025-03-27,700.00,PE,0.00,0.00,0.00,9.95,9.00,0,0.00,0,0,06-JAN-2025
OPTSTK,SBIN,27-Feb-2025,2025-02-27,700.00,PE,4.20,6.55,2.25,5.55,5.55,210,1110.73387,159000,73500,06-JAN-2025
OPTSTK,SBIN,27-Mar-2025,2025-03-27,760.00,CE,0.00,0.00,0.00,90.80,54.25,0,0.00,0,0,06-JAN-2025
OPTSTK,SBIN,30-Jan-2025,2025-01-30,710.00,CE,71.80,71.95,69.15,69.15,71.70,5,29.265,3000,3000,06-JAN-2025
OPTSTK,SBIN,30-Jan-2025,2025-01-30,710.00,PE,1.25,3.15,1.15,2.70,2.70,2163,11553.4721,395250,126000,06-JAN-2025
OPTSTK,SBIN,30-Jan-2025,2025-01-30,900.00,PE,104.35,123.95,104.20,119.30,119.30,670,5098.67175,1527000,372750,06-JAN-2025
OPTSTK,SBIN,30-Jan-2025,2025-01-30,730.00,PE,2.40,5.80,2.25,4.90,4.90,5191,28579.0207,848250,246000,06-JAN-2025
OPTSTK,SBIN,30-Jan-2025,2025-01-30,730.00,CE,61.40,63.60,51.80,53.85,53.85,14,82.48275,8250,5250,06-JAN-2025
OPTSTK,BIOCON,30-Jan-2025,2025-01-30,330.00,CE,39.00,39.00,33.50,33.50,32.35,2,18.3125,140000,-2500,06-JAN-2025
OPTSTK,BIOCON,30-Jan-2025,2025-01-30,355.00,CE,21.25,22.10,13.60,13.95,13.95,24,222.25625,260000,22500,06-JAN-2025
OPTSTK,BIOCON,30-Jan-2025,2025-01-30,355.00,PE,5.10,9.65,4.10,9.00,9.00,250,2261.71875,262500,45000,06-JAN-2025
OPTSTK,BIOCON,27-Feb-2025,2025-02-27,355.00,CE,0.00,0.00,0.00,22.10,22.10,0,0.00,0,0,06-JAN-2025
OPTSTK,JKCEMENT,30-Jan-2025,2025-01-30,4750.00,PE,152.05,179.95,144.45,173.80,173.80,18,110.508437,5750,-250,06-JAN-2025
OPTSTK,BIOCON,30-Jan-2025,2025-01-30,325.00,CE,0.00,0.00,0.00,51.25,36.55,0,0.00,0,0,06-JAN-2025
OPTSTK,JKCEMENT,27-Feb-2025,2025-02-27,4050.00,CE,0.00,0.00,0.00,642.00,702.00,0,0.00,0,0,06-JAN-2025
OPTSTK,RECLTD,27-Feb-2025,2025-02-27,510.00,CE,0.00,0.00,0.00,47.00,38.95,0,0.00,3000,0,06-JAN-2025
OPTSTK,RECLTD,30-Jan-2025,2025-01-30,520.00,PE,10.00,24.75,9.75,22.75,22.75,4235,22740.3385,1824000,-49000,06-JAN-2025
FUTSTK,JKCEMENT,27-Mar-2025,2025-03-27,,,0.00,0.00,0.00,4679.55,4771.85,0,0.00,0,0,06-JAN-2025
FUTSTK,BIOCON,27-Mar-2025,2025-03-27,,,378.35,378.35,363.45,364.90,364.90,14,129.01125,155000,17500,06-JAN-2025
OPTSTK,BIOCON,30-Jan-2025,2025-01-30,345.00,PE,2.60,5.70,2.10,5.10,5.10,261,2277.44125,495000,12500,06-JAN-2025
OPTSTK,RECLTD,27-Feb-2025,2025-02-27,610.00,CE,0.00,0.00,0.00,19.75,8.80,0,0.00,0,0,06-JAN-2025
OPTSTK,BIOCON,30-Jan-2025,2025-01-30,440.00,CE,0.35,0.45,0.25,0.35,0.35,33,363.29125,887500,5000,06-JAN-2025
OPTSTK,RECLTD,30-Jan-2025,2025-01-30,420.00,PE,0.65,1.30,0.55,1.20,1.20,808,3401.5355,796000,56000,06-JAN-2025
OPTSTK,RECLTD,27-Feb-2025,2025-02-27,420.00,PE,0.00,0.00,0.00,13.95,4.40,0,0.00,0,0,06-JAN-2025
OPTSTK,JKCEMENT,30-Jan-2025,2025-01-30,4600.00,PE,85.80,114.15,85.80,102.75,102.75,20,117.495562,5625,125,06-JAN-2025
OPTSTK,JKCEMENT,27-Feb-2025,2025-02-27,5400.00,PE,0.00,0.00,0.00,1179.15,671.90,0,0.00,0,0,06-JAN-2025
OPTSTK,RECLTD,27-Feb-2025,2025-02-27,440.00,PE,0.00,0.00,0.00,4.50,7.65,0,0.00,1000,0,06-JAN-2025
OPTSTK,JKCEMENT,27-Mar-2025,2025-03-27,4600.00,CE,0.00,0.00,0.00,336.30,327.65,0,0.00,0,0,06-JAN-2025
OPTSTK,JKCEMENT,27-Feb-2025,2025-02-27,4600.00,PE,0.00,0.00,0.00,502.90,124.60,0,0.00,0,0,06-JAN-2025
OPTSTK,JKCEMENT,27-Mar-2025,2025-03-27,4600.00,PE,0.00,0.00,0.00,258.25,158.35,0,0.00,0,0,06-JAN-2025
OPTSTK,JKCEMENT,27-Feb-2025,2025-02-27,4600.00,CE,0.00,0.00,0.00,129.85,270.40,0,0.00,0,0,06-JAN-2025
FUTSTK,BIOCON,27-Feb-2025,2025-02-27,,,373.10,376.20,360.95,362.20,362.20,211,1941.52125,692500,-22500,06-JAN-2025
OPTSTK,RECLTD,30-Jan-2025,2025-01-30,490.00,CE,51.00,51.00,33.30,34.30,34.30,59,311.6915,211000,7000,06-JAN-2025
OPTSTK,JKCEMENT,30-Jan-2025,2025-01-30,4800.00,CE,111.20,122.85,81.00,96.40,96.40,246,1507.89556,25875,3750,06-JAN-2025
OPTSTK,BIOCON,30-Jan-2025,2025-01-30,320.00,PE,0.55,1.20,0.40,1.20,1.20,175,1404.2075,635000,17500,06-JAN-2025
OPTSTK,JKCEMENT,27-Mar-2025,2025-03-27,4700.00,CE,0.00,0.00,0.00,288.85,272.85,0,0.00,0,0,06-JAN-2025
OPTSTK,JKCEMENT,30-Jan-2025,2025-01-30,4550.00,PE,61.80,91.45,61.50,86.75,86.75,28,162.000625,4750,750,06-JAN-2025
OPTSTK,JKCEMENT,27-Feb-2025,2025-02-27,4550.00,PE,0.00,0.00,0.00,197.75,105.90,0,0.00,0,0,06-JAN-2025
OPTSTK,BIOCON,27-Feb-2025,2025-02-27,340.00,PE,0.00,0.00,0.00,16.55,9.50,0,0.00,0,0,06-JAN-2025
OPTSTK,BIOCON,30-Jan-2025,2025-01-30,340.00,CE,31.50,34.55,23.20,24.40,24.40,23,211.01625,452500,-10000,06-JAN-2025
OPTSTK,BAJAJ-AUTO,30-Jan-2025,2025-01-30,9700.00,CE,55.05,65.85,32.20,34.05,34.05,823,6018.46991,65475,7800,06-JAN-2025
OPTSTK,BAJAJ-AUTO,30-Jan-2025,2025-01-30,9700.00,PE,790.65,790.65,790.65,790.65,866.00,1,7.8679875,375,0,06-JAN-2025
OPTSTK,BAJAJ-AUTO,27-Mar-2025,2025-03-27,9600.00,CE,0.00,0.00,0.00,373.10,224.80,0,0.00,0,0,06-JAN-2025
OPTSTK,BAJAJ-AUTO,30-Jan-2025,2025-01-30,9600.00,CE,58.05,83.00,41.50,43.50,43.50,1037,7514.27936,33000,-750,06-JAN-2025
OPTSTK,BAJAJ-AUTO,27-Mar-2025,2025-03-27,10000.00,PE,0.00,0.00,0.00,1202.00,1164.85,0,0.00,0,0,06-JAN-2025
OPTSTK,BAJAJ-AUTO,30-Jan-2025,2025-01-30,8000.00,CE,0.00,0.00,0.00,1060.00,879.90,0,0.00,2100,0,06-JAN-2025
OPTSTK,BAJAJ-AUTO,30-Jan-2025,2025-01-30,10000.00,CE,24.05,32.25,16.55,17.50,17.50,4167,31325.3979,226800,3075,06-JAN-2025
OPTSTK,BAJAJ-AUTO,27-Feb-2025,2025-02-27,10000.00,PE,0.00,0.00,0.00,1125.50,1148.70,0,0.00,0,0,06-JAN-2025
OPTSTK,BAJAJ-AUTO,27-Mar-2025,2025-03-27,10000.00,CE,0.00,0.00,0.00,261.05,135.55,0,0.00,0,0,06-JAN-2025
OPTSTK,BAJAJ-AUTO,30-Jan-2025,2025-01-30,10000.00,PE,1132.40,1150.00,1129.35,1129.35,1144.60,6,50.1177,34725,-300,06-JAN-2025
OPTSTK,BAJAJ-AUTO,27-Mar-2025,2025-03-27,9200.00,PE,0.00,0.00,0.00,676.25,596.85,0,0.00,0,0,06-JAN-2025
OPTSTK,BAJAJ-AUTO,30-Jan-2025,2025-01-30,9200.00,PE,312.00,466.35,280.35,461.55,461.55,319,2282.7849,37875,1425,06-JAN-2025
OPTSTK,BAJAJ-AUTO,30-Jan-2025,2025-01-30,8600.00,CE,557.60,594.90,390.40,402.65,402.65,55,374.9088,21075,-825,06-JAN-2025
FUTSTK,BAJAJ-AUTO,27-Mar-2025,2025-03-27,,,9166.55,9220.45,8955.00,8960.70,8960.70,84,569.263312,4950,-2325,06-JAN-2025
OPTSTK,BAJAJ-AUTO,27-Feb-2025,2025-02-27,8100.00,CE,0.00,0.00,0.00,1033.00,889.95,0,0.00,0,0,06-JAN-2025
OPTSTK,BAJAJ-AUTO,30-Jan-2025,2025-01-30,8000.00,PE,16.60,39.00,15.75,35.85,35.85,1262,7597.74813,91425,1350,06-JAN-2025
OPTSTK,BAJAJ-AUTO,30-Jan-2025,2025-01-30,8400.00,CE,706.70,706.75,566.35,566.35,541.90,5,34.0444125,2325,75,06-JAN-2025
OPTSTK,BAJAJ-AUTO,30-Jan-2025,2025-01-30,7200.00,CE,0.00,0.00,0.00,1522.40,1656.05,0,0.00,375,0,06-JAN-2025
OPTSTK,BAJAJ-AUTO,27-Feb-2025,2025-02-27,9200.00,CE,0.00,0.00,0.00,296.00,250.45,0,0.00,900,0,06-JAN-2025
OPTSTK,BAJAJ-AUTO,27-Mar-2025,2025-03-27,8800.00,PE,0.00,0.00,0.00,471.30,383.70,0,0.00,0,0,06-JAN-2025
OPTSTK,BAJAJ-AUTO,30-Jan-2025,2025-01-30,9900.00,CE,38.90,40.65,20.40,21.40,21.40,784,5838.81378,24975,3450,06-JAN-2025
OPTSTK,BAJAJ-AUTO,30-Jan-2025,2025-01-30,8800.00,CE,402.20,438.50,265.65,274.70,274.70,523,3580.47127,44400,525,06-JAN-2025
OPTSTK,BAJAJ-AUTO,30-Jan-2025,2025-01-30,11000.00,PE,0.00,0.00,0.00,2288.90,2127.70,0,0.00,8175,0,06-JAN-2025
OPTSTK,BAJAJ-AUTO,30-Jan-2025,2025-01-30,11000.00,CE,5.60,5.60,3.35,4.45,4.45,190,1568.1024,42525,3750,06-JAN-2025
OPTSTK,BAJAJ-AUTO,30-Jan-2025,2025-01-30,7900.00,PE,13.50,30.30,12.15,27.45,27.45,812,4823.14987,29475,1500,06-JAN-2025
OPTSTK,BAJAJ-AUTO,27-Feb-2025,2025-02-27,9600.00,PE,0.00,0.00,0.00,858.70,820.30,0,0.00,0,0,06-JAN-2025
OPTSTK,BAJAJ-AUTO,30-Jan-2025,2025-01-30,8500.00,CE,650.80,670.75,460.00,467.80,467.80,30,203.091,13725,-75,06-JAN-2025
OPTSTK,BAJAJ-AUTO,27-Feb-2025,2025-02-27,10200.00,PE,0.00,0.00,0.00,1271.25,1325.50,0,0.00,0,0,06-JAN-2025
OPTSTK,BAJAJ-AUTO,30-Jan-2025,2025-01-30,8700.00,PE,90.05,189.00,87.65,178.20,178.20,1521,10090.9201,51150,-3225,06-JAN-2025
OPTSTK,BAJAJ-AUTO,27-Feb-2025,2025-02-27,8700.00,CE,0.00,0.00,0.00,567.65,479.55,0,0.00,150,0,06-JAN-2025
OPTSTK,PETRONET,27-Feb-2025,2025-02-27,305.00,CE,0.00,0.00,0.00,48.05,31.05,0,0.00,0,0,06-JAN-2025
OPTSTK,PETRONET,27-Feb-2025,2025-02-27,325.00,PE,0.00,0.00,0.00,9.65,11.60,0,0.00,0,0,06-JAN-2025
OPTSTK,PETRONET,30-Jan-2025,2025-01-30,325.00,PE,6.05,8.70,5.90,7.00,7.00,981,4888.707,493500,-18000,06-JAN-2025
OPTSTK,PETRONET,27-Feb-2025,2025-02-27,325.00,CE,0.00,0.00,0.00,33.45,18.10,0,0.00,0,0,06-JAN-2025
OPTSTK,PETRONET,30-Jan-2025,2025-01-30,365.00,CE,0.75,0.85,0.60,0.85,0.85,118,647.298,508500,34500,06-JAN-2025
OPTSTK,PETRONET,27-Feb-2025,2025-02-27,365.00,CE,0.00,0.00,0.00,13.50,4.25,0,0.00,0,0,06-JAN-2025
OPTSTK,PETRONET,27-Feb-2025,2025-02-27,365.00,PE,0.00,0.00,0.00,29.20,37.35,0,0.00,0,0,06-JAN-2025
OPTSTK,PETRONET,30-Jan-2025,2025-01-30,340.00,PE,13.90,17.30,13.90,14.60,14.60,43,229.05825,1588500,-1500,06-JAN-2025
OPTSTK,PETRONET,27-Mar-2025,2025-03-27,340.00,CE,0.00,0.00,0.00,29.45,15.40,0,0.00,0,0,06-JAN-2025
OPTSTK,PETRONET,27-Feb-2025,2025-02-27,340.00,CE,0.00,0.00,0.00,20.95,11.15,0,0.00,0,0,06-JAN-2025
OPTSTK,PETRONET,27-Mar-2025,2025-03-27,260.00,CE,0.00,0.00,0.00,90.35,72.85,0,0.00,0,0,06-JAN-2025
OPTSTK,PETRONET,27-Feb-2025,2025-02-27,350.00,PE,0.00,0.00,0.00,32.80,26.00,0,0.00,0,0,06-JAN-2025
OPTSTK,PETRONET,27-Feb-2025,2025-02-27,345.00,CE,0.00,0.00,0.00,21.95,9.35,0,0.00,0,0,06-JAN-2025
OPTSTK,PETRONET,27-Feb-2025,2025-02-27,360.00,PE,0.00,0.00,0.00,39.30,33.40,0,0.00,0,0,06-JAN-2025
OPTSTK,PETRONET,27-Mar-2025,2025-03-27,360.00,PE,0.00,0.00,0.00,28.90,35.00,0,0.00,0,0,06-JAN-2025
OPTSTK,PETRONET,27-Feb-2025,2025-02-27,375.00,PE,0.00,0.00,0.00,35.90,45.75,0,0.00,0,0,06-JAN-2025
OPTSTK,PETRONET,27-Feb-2025,2025-02-27,375.00,CE,0.00,0.00,0.00,10.35,2.75,0,0.00,0,0,06-JAN-2025
OPTSTK,PETRONET,30-Jan-2025,2025-01-30,375.00,PE,0.00,0.00,0.00,30.80,45.45,0,0.00,1500,0,06-JAN-2025
OPTSTK,PETRONET,30-Jan-2025,2025-01-30,285.00,CE,0.00,0.00,0.00,50.25,44.90,0,0.00,0,0,06-JAN-2025
OPTSTK,PETRONET,27-Feb-2025,2025-02-27,300.00,PE,3.80,4.00,3.25,3.25,3.60,4,18.22275,22500,0,06-JAN-2025
OPTSTK,PETRONET,27-Feb-2025,2025-02-27,380.00,PE,0.00,0.00,0.00,53.95,50.15,0,0.00,0,0,06-JAN-2025
OPTSTK,PETRONET,27-Mar-2025,2025-03-27,380.00,CE,0.00,0.00,0.00,13.30,4.60,0,0.00,0,0,06-JAN-2025
OPTSTK,PETRONET,30-Jan-2025,2025-01-30,380.00,CE,0.30,0.35,0.25,0.35,0.35,49,279.52725,289500,-19500,06-JAN-2025
OPTSTK,PETRONET,27-Feb-2025,2025-02-27,380.00,CE,0.00,0.00,0.00,8.80,2.20,0,0.00,0,0,06-JAN-2025
OPTSTK,PETRONET,27-Mar-2025,2025-03-27,310.00,CE,0.00,0.00,0.00,48.25,31.45,0,0.00,0,0,06-JAN-2025
OPTSTK,PETRONET,27-Feb-2025,2025-02-27,310.00,PE,0.00,0.00,0.00,12.85,6.10,0,0.00,0,0,06-JAN-2025
OPTSTK,PETRONET,30-Jan-2025,2025-01-30,290.00,PE,0.60,0.95,0.60,0.85,0.85,251,1094.89725,841500,40500,06-JAN-2025
OPTSTK,PETRONET,30-Jan-2025,2025-01-30,290.00,CE,0.00,0.00,0.00,37.90,40.15,0,0.00,12000,0,06-JAN-2025
OPTSTK,PETRONET,30-Jan-2025,2025-01-30,300.00,CE,30.65,30.90,29.10,30.55,30.55,12,59.4225,184500,-6000,06-JAN-2025
OPTSTK,TORNTPHARM,27-Mar-2025,2025-03-27,3700.00,PE,0.00,0.00,0.00,321.75,332.30,0,0.00,0,0,06-JAN-2025
OPTSTK,EICHERMOT,27-Feb-2025,2025-02-27,5800.00,PE,0.00,0.00,0.00,935.80,548.30,0,0.00,0,0,06-JAN-2025
OPTSTK,EICHERMOT,27-Mar-2025,2025-03-27,5800.00,PE,0.00,0.00,0.00,941.95,562.60,0,0.00,0,0,06-JAN-2025
OPTSTK,EICHERMOT,27-Mar-2025,2025-03-27,4600.00,PE,0.00,0.00,0.00,156.10,33.95,0,0.00,0,0,06-JAN-2025
FUTSTK,EICHERMOT,30-Jan-2025,2025-01-30,,,5338.15,5369.05,5220.00,5275.90,5275.90,6924,64017.3043,4485250,-68600,06-JAN-2025
FUTSTK,KEI,27-Feb-2025,2025-02-27,,,4362.90,4378.85,4242.70,4271.90,4271.90,83,533.3049,6000,2550,06-JAN-2025
OPTSTK,TORNTPHARM,27-Mar-2025,2025-03-27,3000.00,PE,0.00,0.00,0.00,33.15,19.15,0,0.00,0,0,06-JAN-2025
OPTSTK,EICHERMOT,27-Feb-2025,2025-02-27,5400.00,CE,0.00,0.00,0.00,125.30,164.10,0,0.00,0,0,06-JAN-2025
OPTSTK,EICHERMOT,30-Jan-2025,2025-01-30,5700.00,CE,26.95,31.25,14.95,19.20,19.20,1018,10189.5183,69825,-10850,06-JAN-2025
OPTSTK,TORNTPHARM,30-Jan-2025,2025-01-30,3550.00,PE,0.00,0.00,0.00,164.45,194.10,0,0.00,500,0,06-JAN-2025
OPTSTK,KEI,30-Jan-2025,2025-01-30,4600.00,CE,57.75,60.05,39.55,46.95,46.95,205,1429.29052,14400,-2550,06-JAN-2025
OPTSTK,TORNTPHARM,30-Jan-2025,2025-01-30,3650.00,PE,0.00,0.00,0.00,233.90,280.15,0,0.00,500,0,06-JAN-2025
OPTSTK,EICHERMOT,27-Mar-2025,2025-03-27,5400.00,CE,0.00,0.00,0.00,112.60,225.45,0,0.00,0,0,06-JAN-2025
OPTSTK,EICHERMOT,27-Mar-2025,2025-03-27,5400.00,PE,0.00,0.00,0.00,613.70,296.05,0,0.00,0,0,06-JAN-2025
OPTSTK,TORNTPHARM,30-Jan-2025,2025-01-30,3600.00,PE,0.00,0.00,0.00,229.40,235.85,0,0.00,750,0,06-JAN-2025
FUTSTK,TORNTPHARM,27-Mar-2025,2025-03-27,,,3412.55,3430.55,3400.00,3400.00,3412.90,4,34.10775,500,-500,06-JAN-2025
OPTSTK,TORNTPHARM,27-Feb-2025,2025-02-27,3550.00,CE,0.00,0.00,0.00,123.30,57.85,0,0.00,0,0,06-JAN-2025
OPTSTK,TORNTPHARM,27-Feb-2025,2025-02-27,3550.00,PE,0.00,0.00,0.00,207.45,211.05,0,0.00,0,0,06-JAN-2025
OPTSTK,KEI,30-Jan-2025,2025-01-30,4600.00,PE,0.00,0.00,0.00,470.40,379.65,0,0.00,0,0,06-JAN-2025
OPTSTK,KEI,27-Feb-2025,2025-02-27,4600.00,CE,0.00,0.00,0.00,310.75,126.30,0,0.00,0,0,06-JAN-2025
OPTSTK,EICHERMOT,30-Jan-2025,2025-01-30,4450.00,PE,2.25,5.40,2.25,3.25,0.60,25,194.885162,12600,-1750,06-JAN-2025
OPTSTK,EICHERMOT,27-Feb-2025,2025-02-27,4450.00,CE,0.00,0.00,0.00,485.85,850.15,0,0.00,0,0,06-JAN-2025
OPTSTK,EICHERMOT,27-Feb-2025,2025-02-27,4400.00,CE,0.00,0.00,0.00,594.25,897.75,0,0.00,0,0,06-JAN-2025
OPTSTK,KEI,27-Mar-2025,2025-03-27,4800.00,PE,0.00,0.00,0.00,631.45,607.45,0,0.00,0,0,06-JAN-2025
OPTSTK,KEI,27-Feb-2025,2025-02-27,4800.00,CE,0.00,0.00,0.00,244.00,78.60,0,0.00,0,0,06-JAN-2025
OPTSTK,EICHERMOT,30-Jan-2025,2025-01-30,6000.00,CE,8.55,9.50,4.80,5.50,5.50,1311,13779.2563,83475,4200,06-JAN-2025
OPTSTK,EICHERMOT,30-Jan-2025,2025-01-30,4700.00,PE,8.85,13.90,7.40,10.65,10.65,1537,12670.1928,142100,-51100,06-JAN-2025
OPTSTK,EICHERMOT,30-Jan-2025,2025-01-30,4700.00,CE,641.05,641.05,641.05,641.05,576.90,1,9.3468375,12600,175,06-JAN-2025
OPTSTK,EICHERMOT,30-Jan-2025,2025-01-30,5150.00,CE,254.00,262.00,163.75,200.75,200.75,62,580.25485,39200,-2800,06-JAN-2025
OPTSTK,EICHERMOT,30-Jan-2025,2025-01-30,5350.00,PE,124.05,201.50,119.45,165.15,165.15,524,5043.87878,57575,-14000,06-JAN-2025
OPTSTK,EICHERMOT,27-Feb-2025,2025-02-27,4550.00,PE,0.00,0.00,0.00,106.65,12.90,0,0.00,0,0,06-JAN-2025
OPTSTK,DABUR,27-Mar-2025,2025-03-27,460.00,PE,0.00,0.00,0.00,6.55,3.70,0,0.00,0,0,06-JAN-2025
OPTSTK,DABUR,30-Jan-2025,2025-01-30,460.00,CE,0.00,0.00,0.00,91.20,47.35,0,0.00,0,0,06-JAN-2025
OPTSTK,DABUR,27-Feb-2025,2025-02-27,545.00,CE,0.00,0.00,0.00,9.75,5.10,0,0.00,0,0,06-JAN-2025
OPTSTK,DABUR,30-Jan-2025,2025-01-30,465.00,CE,0.00,0.00,0.00,69.70,42.65,0,0.00,0,0,06-JAN-2025
OPTSTK,DABUR,27-Feb-2025,2025-02-27,485.00,CE,0.00,0.00,0.00,37.10,31.35,0,0.00,0,0,06-JAN-2025
OPTSTK,DABUR,30-Jan-2025,2025-01-30,485.00,CE,25.30,25.30,25.30,25.30,25.40,1,6.37875,16250,1250,06-JAN-2025
OPTSTK,DABUR,27-Feb-2025,2025-02-27,505.00,CE,0.00,0.00,0.00,25.20,19.05,0,0.00,0,0,06-JAN-2025
OPTSTK,DABUR,30-Jan-2025,2025-01-30,630.00,CE,0.00,0.00,0.00,0.20,0.05,0,0.00,11250,0,06-JAN-2025
OPTSTK,DABUR,27-Feb-2025,2025-02-27,450.00,PE,2.50,3.00,2.45,3.00,1.15,43,243.300625,48750,48750,06-JAN-2025
OPTSTK,DABUR,30-Jan-2025,2025-01-30,450.00,PE,0.55,1.00,0.55,0.95,0.95,694,3911.03375,253750,33750,06-JAN-2025
OPTSTK,DABUR,27-Feb-2025,2025-02-27,460.00,PE,4.00,4.00,4.00,4.00,2.05,2,11.6,2500,2500,06-JAN-2025
OPTSTK,DABUR,27-Mar-2025,2025-03-27,440.00,PE,0.00,0.00,0.00,3.30,1.45,0,0.00,0,0,06-JAN-2025
OPTSTK,DABUR,30-Jan-2025,2025-01-30,430.00,CE,0.00,0.00,0.00,118.65,76.75,0,0.00,0,0,06-JAN-2025
OPTSTK,DABUR,30-Jan-2025,2025-01-30,585.00,CE,0.35,0.40,0.30,0.35,0.35,55,402.440625,117500,-12500,06-JAN-2025
OPTSTK,DABUR,30-Jan-2025,2025-01-30,430.00,PE,0.00,0.00,0.00,0.40,0.05,0,0.00,2500,0,06-JAN-2025
OPTSTK,DABUR,27-Feb-2025,2025-02-27,555.00,PE,0.00,0.00,0.00,49.90,48.30,0,0.00,0,0,06-JAN-2025
OPTSTK,DABUR,27-Feb-2025,2025-02-27,440.00,PE,0.00,0.00,0.00,1.95,0.60,0,0.00,0,0,06-JAN-2025
OPTSTK,DABUR,30-Jan-2025,2025-01-30,600.00,PE,90.00,95.25,90.00,94.20,94.20,95,823.48125,180000,-50000,06-JAN-2025
OPTSTK,DABUR,27-Feb-2025,2025-02-27,440.00,CE,0.00,0.00,0.00,95.85,69.65,0,0.00,0,0,06-JAN-2025
OPTSTK,DABUR,27-Mar-2025,2025-03-27,550.00,PE,0.00,0.00,0.00,47.60,44.85,0,0.00,0,0,06-JAN-2025
OPTSTK,DABUR,30-Jan-2025,2025-01-30,550.00,CE,5.00,5.00,1.35,1.65,1.65,2132,14707.5887,1061250,180000,06-JAN-2025
OPTSTK,DABUR,30-Jan-2025,2025-01-30,525.00,PE,18.40,26.55,11.90,24.15,24.15,195,1330.7125,143750,-15000,06-JAN-2025
OPTSTK,DABUR,30-Jan-2025,2025-01-30,540.00,PE,30.00,37.65,30.00,36.25,36.25,11,79.05875,57500,2500,06-JAN-2025
OPTSTK,DABUR,27-Mar-2025,2025-03-27,460.00,CE,0.00,0.00,0.00,60.45,55.30,0,0.00,0,0,06-JAN-2025
OPTSTK,DABUR,27-Feb-2025,2025-02-27,430.00,CE,0.00,0.00,0.00,105.05,79.25,0,0.00,0,0,06-JAN-2025
OPTSTK,DABUR,30-Jan-2025,2025-01-30,560.00,PE,50.00,50.00,50.00,50.00,53.15,1,7.625,35000,-1250,06-JAN-2025
OPTSTK,DABUR,27-Feb-2025,2025-02-27,560.00,PE,0.00,0.00,0.00,41.95,52.60,0,0.00,0,0,06-JAN-2025
OPTSTK,DABUR,30-Jan-2025,2025-01-30,510.00,PE,9.00,16.35,7.65,14.30,14.30,2109,13784.0218,782500,16250,06-JAN-2025
OPTSTK,DABUR,27-Feb-2025,2025-02-27,535.00,PE,0.00,0.00,0.00,35.35,32.45,0,0.00,0,0,06-JAN-2025
OPTSTK,DABUR,27-Feb-2025,2025-02-27,560.00,CE,5.00,5.00,5.00,5.00,2.80,1,7.0625,1250,1250,06-JAN-2025
OPTSTK,DABUR,30-Jan-2025,2025-01-30,470.00,PE,1.05,2.65,1.05,2.30,2.30,713,4207.40875,237500,31250,06-JAN-2025
OPTSTK,DABUR,30-Jan-2025,2025-01-30,530.00,CE,10.00,11.00,3.50,4.30,4.30,6108,40840.3156,2810000,300000,06-JAN-2025
OPTSTK,DABUR,27-Mar-2025,2025-03-27,530.00,CE,0.00,0.00,0.00,19.70,13.45,0,0.00,0,0,06-JAN-2025
OPTSTK,BHARATFORG,30-Jan-2025,2025-01-30,1240.00,PE,14.95,29.55,12.80,26.50,26.50,522,3294.44475,142000,-4500,06-JAN-2025
OPTSTK,BHARATFORG,27-Feb-2025,2025-02-27,1180.00,PE,0.00,0.00,0.00,25.15,22.85,0,0.00,0,0,06-JAN-2025
OPTSTK,BHARATFORG,27-Feb-2025,2025-02-27,1180.00,CE,0.00,0.00,0.00,174.20,114.85,0,0.00,0,0,06-JAN-2025
OPTSTK,BHARATFORG,30-Jan-2025,2025-01-30,1220.00,CE,70.00,70.30,59.65,62.05,62.05,23,147.55375,4000,1500,06-JAN-2025
OPTSTK,BHARATFORG,27-Feb-2025,2025-02-27,1340.00,CE,0.00,0.00,0.00,78.65,33.70,0,0.00,0,0,06-JAN-2025
OPTSTK,BHARATFORG,30-Jan-2025,2025-01-30,1340.00,PE,62.60,93.10,62.60,88.05,88.05,37,262.76375,141000,-9500,06-JAN-2025
OPTSTK,BHARATFORG,27-Feb-2025,2025-02-27,1520.00,CE,0.00,0.00,0.00,46.45,4.85,0,0.00,0,0,06-JAN-2025
OPTSTK,BHARATFORG,30-Jan-2025,2025-01-30,1300.00,CE,36.70,40.75,19.00,21.95,21.95,2008,13316.477,528500,141000,06-JAN-2025
OPTSTK,BHARATFORG,27-Feb-2025,2025-02-27,1480.00,CE,0.00,0.00,0.00,56.85,7.85,0,0.00,0,0,06-JAN-2025
OPTSTK,BHARATFORG,30-Jan-2025,2025-01-30,1500.00,CE,1.60,1.60,1.00,1.10,1.10,68,510.41675,209500,-4000,06-JAN-2025
OPTSTK,BHARATFORG,27-Mar-2025,2025-03-27,1360.00,CE,0.00,0.00,0.00,90.00,43.15,0,0.00,0,0,06-JAN-2025
OPTSTK,BHARATFORG,27-Feb-2025,2025-02-27,1420.00,CE,0.00,0.00,0.00,48.65,15.30,0,0.00,0,0,06-JAN-2025
OPTSTK,BHARATFORG,30-Jan-2025,2025-01-30,1480.00,CE,1.60,1.70,1.25,1.30,1.30,15,111.111,21500,0,06-JAN-2025
FUTSTK,BHARATFORG,27-Feb-2025,2025-02-27,,,1305.75,1308.10,1263.00,1268.80,1268.80,108,692.80825,195000,15500,06-JAN-2025
OPTSTK,BHARATFORG,30-Jan-2025,2025-01-30,1380.00,PE,0.00,0.00,0.00,90.35,121.00,0,0.00,30000,0,06-JAN-2025
OPTSTK,BHARATFORG,30-Jan-2025,2025-01-30,1380.00,CE,11.20,11.50,5.45,5.75,5.75,523,3628.0385,158500,3000,06-JAN-2025
OPTSTK,BHARATFORG,27-Feb-2025,2025-02-27,1380.00,PE,0.00,0.00,0.00,110.70,129.10,0,0.00,0,0,06-JAN-2025
OPTSTK,BHARATFORG,27-Feb-2025,2025-02-27,1320.00,PE,0.00,0.00,0.00,86.05,87.00,0,0.00,0,0,06-JAN-2025
OPTSTK,BHARATFORG,30-Jan-2025,2025-01-30,1200.00,PE,6.80,15.90,6.80,13.90,13.90,464,2811.306,146000,4500,06-JAN-2025
OPTSTK,TIINDIA,30-Jan-2025,2025-01-30,3100.00,PE,0.00,0.00,0.00,78.35,16.30,0,0.00,0,0,06-JAN-2025
OPTSTK,TIINDIA,27-Feb-2025,2025-02-27,3100.00,CE,0.00,0.00,0.00,648.20,467.95,0,0.00,0,0,06-JAN-2025
OPTSTK,TIINDIA,27-Feb-2025,2025-02-27,3600.00,PE,198.65,237.75,198.65,237.75,243.60,3,17.196225,150,0,06-JAN-2025
OPTSTK,TIINDIA,30-Jan-2025,2025-01-30,3900.00,CE,0.00,0.00,0.00,30.00,25.45,0,0.00,1500,0,06-JAN-2025
OPTSTK,TIINDIA,27-Mar-2025,2025-03-27,4100.00,PE,0.00,0.00,0.00,579.10,628.75,0,0.00,0,0,06-JAN-2025
OPTSTK,TIINDIA,27-Feb-2025,2025-02-27,3950.00,PE,0.00,0.00,0.00,438.20,487.90,0,0.00,0,0,06-JAN-2025
OPTSTK,TIINDIA,30-Jan-2025,2025-01-30,3950.00,CE,0.00,0.00,0.00,158.80,19.70,0,0.00,0,0,06-JAN-2025
OPTSTK,TIINDIA,27-Feb-2025,2025-02-27,3900.00,PE,0.00,0.00,0.00,486.95,448.60,0,0.00,0,0,06-JAN-2025
OPTSTK,TIINDIA,27-Feb-2025,2025-02-27,4000.00,CE,0.00,0.00,0.00,204.50,56.15,0,0.00,0,0,06-JAN-2025
OPTSTK,TIINDIA,27-Feb-2025,2025-02-27,3350.00,PE,0.00,0.00,0.00,132.15,122.20,0,0.00,0,0,06-JAN-2025
OPTSTK,TIINDIA,30-Jan-2025,2025-01-30,3650.00,PE,0.00,0.00,0.00,293.35,223.40,0,0.00,0,0,06-JAN-2025
OPTSTK,TIINDIA,27-Mar-2025,2025-03-27,3800.00,PE,0.00,0.00,0.00,386.90,405.45,0,0.00,0,0,06-JAN-2025
OPTSTK,TIINDIA,30-Jan-2025,2025-01-30,3350.00,CE,0.00,0.00,0.00,425.65,224.75,0,0.00,0,0,06-JAN-2025
OPTSTK,TIINDIA,27-Feb-2025,2025-02-27,3350.00,CE,0.00,0.00,0.00,461.05,293.75,0,0.00,0,0,06-JAN-2025
OPTSTK,TIINDIA,27-Feb-2025,2025-02-27,3400.00,PE,0.00,0.00,0.00,218.20,142.55,0,0.00,0,0,06-JAN-2025
OPTSTK,TIINDIA,27-Feb-2025,2025-02-27,3850.00,PE,0.00,0.00,0.00,373.70,410.60,0,0.00,0,0,06-JAN-2025
OPTSTK,TIINDIA,30-Jan-2025,2025-01-30,3850.00,CE,0.00,0.00,0.00,54.50,32.55,0,0.00,1050,0,06-JAN-2025
OPTSTK,DIVISLAB,27-Feb-2025,2025-02-27,6150.00,PE,0.00,0.00,0.00,405.10,344.55,0,0.00,0,0,06-JAN-2025
OPTSTK,DIVISLAB,30-Jan-2025,2025-01-30,6150.00,PE,218.90,315.85,211.40,306.50,306.50,87,557.8576,11500,-1400,06-JAN-2025
OPTSTK,DIVISLAB,27-Feb-2025,2025-02-27,6250.00,PE,0.00,0.00,0.00,468.75,412.20,0,0.00,0,0,06-JAN-2025
OPTSTK,DIVISLAB,30-Jan-2025,2025-01-30,6250.00,PE,336.80,374.80,336.80,374.75,376.05,3,19.83635,5100,-200,06-JAN-2025
OPTSTK,DIVISLAB,27-Feb-2025,2025-02-27,6250.00,CE,0.00,0.00,0.00,183.90,113.60,0,0.00,0,0,06-JAN-2025
OPTSTK,DIVISLAB,30-Jan-2025,2025-01-30,6250.00,CE,71.50,71.80,40.65,45.80,45.80,370,2331.42865,20100,500,06-JAN-2025
OPTSTK,DIVISLAB,30-Jan-2025,2025-01-30,6600.00,PE,0.00,0.00,0.00,754.65,687.40,0,0.00,0,0,06-JAN-2025
OPTSTK,DIVISLAB,27-Mar-2025,2025-03-27,5500.00,CE,0.00,0.00,0.00,639.80,569.80,0,0.00,0,0,06-JAN-2025
OPTSTK,DIVISLAB,30-Jan-2025,2025-01-30,5350.00,PE,0.00,0.00,0.00,69.05,10.00,0,0.00,0,0,06-JAN-2025
OPTSTK,DIVISLAB,27-Mar-2025,2025-03-27,5200.00,PE,0.00,0.00,0.00,79.45,39.80,0,0.00,0,0,06-JAN-2025
OPTSTK,DIVISLAB,27-Mar-2025,2025-03-27,5300.00,PE,0.00,0.00,0.00,100.45,54.90,0,0.00,0,0,06-JAN-2025
OPTSTK,DIVISLAB,30-Jan-2025,2025-01-30,5300.00,CE,0.00,0.00,0.00,793.30,622.15,0,0.00,0,0,06-JAN-2025
OPTSTK,DIVISLAB,30-Jan-2025,2025-01-30,5300.00,PE,8.00,16.80,8.00,15.20,15.20,520,2762.60785,47800,4000,06-JAN-2025
OPTSTK,DIVISLAB,27-Feb-2025,2025-02-27,5500.00,PE,0.00,0.00,0.00,141.20,64.70,0,0.00,0,0,06-JAN-2025
OPTSTK,DIVISLAB,27-Mar-2025,2025-03-27,6600.00,PE,0.00,0.00,0.00,745.80,697.20,0,0.00,0,0,06-JAN-2025
OPTSTK,DIVISLAB,30-Jan-2025,2025-01-30,5500.00,CE,450.00,459.80,450.00,459.80,459.80,2,11.9098,500,200,06-JAN-2025
OPTSTK,DIVISLAB,27-Feb-2025,2025-02-27,5600.00,CE,0.00,0.00,0.00,624.25,434.90,0,0.00,0,0,06-JAN-2025
OPTSTK,DIVISLAB,27-Feb-2025,2025-02-27,5900.00,PE,0.00,0.00,0.00,288.20,203.25,0,0.00,0,0,06-JAN-2025
OPTSTK,DIVISLAB,27-Feb-2025,2025-02-27,5900.00,CE,0.00,0.00,0.00,446.40,251.30,0,0.00,0,0,06-JAN-2025
OPTSTK,DIVISLAB,27-Mar-2025,2025-03-27,5900.00,PE,0.00,0.00,0.00,310.85,242.70,0,0.00,0,0,06-JAN-2025
OPTSTK,DIVISLAB,30-Jan-2025,2025-01-30,5900.00,CE,211.90,219.35,139.00,160.35,160.35,1375,8342.8111,37000,9400,06-JAN-2025
OPTSTK,DIVISLAB,27-Mar-2025,2025-03-27,6300.00,PE,0.00,0.00,0.00,536.40,474.40,0,0.00,0,0,06-JAN-2025
OPTSTK,DIVISLAB,27-Mar-2025,2025-03-27,5000.00,PE,0.00,0.00,0.00,47.30,19.35,0,0.00,0,0,06-JAN-2025
OPTSTK,DIVISLAB,27-Mar-2025,2025-03-27,6700.00,PE,0.00,0.00,0.00,822.00,778.75,0,0.00,0,0,06-JAN-2025
OPTSTK,DIVISLAB,30-Jan-2025,2025-01-30,6700.00,PE,0.00,0.00,0.00,830.15,783.45,0,0.00,0,0,06-JAN-2025
OPTSTK,DIVISLAB,27-Mar-2025,2025-03-27,6700.00,CE,0.00,0.00,0.00,129.75,68.75,0,0.00,0,0,06-JAN-2025
FUTSTK,DIVISLAB,27-Feb-2025,2025-02-27,,,6093.35,6093.40,5908.10,5939.45,5939.45,258,1542.576,33000,2400,06-JAN-2025
OPTSTK,DIVISLAB,27-Mar-2025,2025-03-27,6400.00,CE,0.00,0.00,0.00,205.00,130.20,0,0.00,0,0,06-JAN-2025
OPTSTK,DIVISLAB,30-Jan-2025,2025-01-30,6450.00,PE,0.00,0.00,0.00,567.45,547.85,0,0.00,0,0,06-JAN-2025
OPTSTK,DIVISLAB,27-Feb-2025,2025-02-27,6450.00,CE,0.00,0.00,0.00,127.25,66.85,0,0.00,0,0,06-JAN-2025
OPTSTK,DIVISLAB,27-Feb-2025,2025-02-27,5600.00,PE,0.00,0.00,0.00,171.50,89.70,0,0.00,0,0,06-JAN-2025
OPTSTK,DIVISLAB,27-Feb-2025,2025-02-27,6550.00,CE,0.00,0.00,0.00,99.00,50.25,0,0.00,200,0,06-JAN-2025
OPTSTK,HINDALCO,30-Jan-2025,2025-01-30,680.00,PE,102.55,102.55,102.55,102.55,103.25,6,65.7342,114800,0,06-JAN-2025
OPTSTK,HINDALCO,27-Feb-2025,2025-02-27,630.00,PE,0.00,0.00,0.00,34.20,60.05,0,0.00,14000,0,06-JAN-2025
OPTSTK,HINDALCO,30-Jan-2025,2025-01-30,630.00,PE,47.45,57.15,46.70,56.00,56.00,95,910.3752,716800,-53200,06-JAN-2025
OPTSTK,HINDALCO,27-Mar-2025,2025-03-27,640.00,CE,0.00,0.00,0.00,47.50,14.10,0,0.00,0,0,06-JAN-2025
OPTSTK,HINDALCO,30-Jan-2025,2025-01-30,530.00,PE,1.85,3.65,1.50,3.45,3.45,819,6108.8832,624400,85400,06-JAN-2025
OPTSTK,HINDALCO,30-Jan-2025,2025-01-30,560.00,CE,37.20,37.20,25.40,26.75,26.75,53,436.7986,50400,26600,06-JAN-2025
OPTSTK,HINDALCO,30-Jan-2025,2025-01-30,560.00,PE,5.05,10.45,4.80,9.65,9.65,1309,10404.8287,599200,-67200,06-JAN-2025
OPTSTK,HINDALCO,30-Jan-2025,2025-01-30,700.00,CE,0.65,0.65,0.45,0.50,0.50,198,1941.8287,1677200,99400,06-JAN-2025
OPTSTK,HINDALCO,30-Jan-2025,2025-01-30,690.00,PE,0.00,0.00,0.00,90.00,113.10,0,0.00,11200,0,06-JAN-2025
OPTSTK,HINDALCO,27-Feb-2025,2025-02-27,600.00,CE,25.25,25.25,16.95,17.25,17.25,36,312.1398,39200,14000,06-JAN-2025
OPTSTK,HINDALCO,27-Mar-2025,2025-03-27,680.00,CE,0.00,0.00,0.00,31.75,6.95,0,0.00,0,0,06-JAN-2025
OPTSTK,HINDALCO,27-Feb-2025,2025-02-27,720.00,CE,0.00,0.00,0.00,29.20,1.05,0,0.00,0,0,06-JAN-2025
OPTSTK,HINDALCO,30-Jan-2025,2025-01-30,720.00,PE,0.00,0.00,0.00,120.50,142.75,0,0.00,54600,0,06-JAN-2025
OPTSTK,HINDALCO,27-Feb-2025,2025-02-27,610.00,CE,0.00,0.00,0.00,53.20,15.45,0,0.00,0,0,06-JAN-2025
OPTSTK,HINDALCO,27-Feb-2025,2025-02-27,550.00,PE,10.40,13.20,10.40,12.50,14.40,15,118.0396,14000,11200,06-JAN-2025
OPTSTK,HINDALCO,30-Jan-2025,2025-01-30,730.00,PE,0.00,0.00,0.00,95.00,152.70,0,0.00,5600,0,06-JAN-2025
OPTSTK,HINDALCO,30-Jan-2025,2025-01-30,740.00,PE,0.00,0.00,0.00,141.00,162.65,0,0.00,11200,0,06-JAN-2025
OPTSTK,HINDALCO,30-Jan-2025,2025-01-30,760.00,CE,0.25,0.25,0.25,0.25,0.25,11,117.0785,177800,-11200,06-JAN-2025
OPTSTK,HINDALCO,30-Jan-2025,2025-01-30,590.00,CE,19.90,19.90,10.15,10.80,10.80,1831,15467.7068,1062600,574000,06-JAN-2025
OPTSTK,HINDALCO,27-Feb-2025,2025-02-27,540.00,PE,0.00,0.00,0.00,8.80,11.20,0,0.00,0,0,06-JAN-2025
OPTSTK,HINDALCO,30-Jan-2025,2025-01-30,520.00,PE,1.15,2.55,1.00,2.45,2.45,768,5611.3176,834400,198800,06-JAN-2025
OPTSTK,HINDALCO,27-Mar-2025,2025-03-27,620.00,CE,0.00,0.00,0.00,57.25,19.50,0,0.00,0,0,06-JAN-2025
OPTSTK,HINDALCO,30-Jan-2025,2025-01-30,620.00,CE,7.15,7.20,3.60,3.95,3.95,3244,28374.6974,1799000,159600,06-JAN-2025
OPTSTK,HINDALCO,30-Jan-2025,2025-01-30,620.00,PE,32.50,48.20,32.50,46.20,46.20,160,1481.2007,639800,-14000,06-JAN-2025
OPTSTK,HINDALCO,27-Mar-2025,2025-03-27,560.00,CE,0.00,0.00,0.00,94.50,45.45,0,0.00,0,0,06-JAN-2025
OPTSTK,HINDALCO,27-Feb-2025,2025-02-27,590.00,CE,0.00,0.00,0.00,31.75,22.65,0,0.00,1400,0,06-JAN-2025
OPTSTK,HINDALCO,30-Jan-2025,2025-01-30,540.00,CE,46.75,46.80,43.35,43.35,41.75,4,32.7901,14000,0,06-JAN-2025
OPTSTK,HINDALCO,27-Feb-2025,2025-02-27,540.00,CE,0.00,0.00,0.00,128.80,50.45,0,0.00,0,0,06-JAN-2025
OPTSTK,HINDALCO,27-Mar-2025,2025-03-27,540.00,PE,0.00,0.00,0.00,10.95,15.75,0,0.00,0,0,06-JAN-2025
OPTSTK,HINDALCO,30-Jan-2025,2025-01-30,500.00,PE,0.65,1.35,0.65,1.25,1.25,388,2721.4803,572600,169400,06-JAN-2025
OPTSTK,HINDALCO,27-Feb-2025,2025-02-27,620.00,CE,17.30,17.30,11.55,11.55,11.55,14,124.1303,28000,4200,06-JAN-2025
OPTSTK,IEX,27-Mar-2025,2025-03-27,155.00,CE,0.00,0.00,0.00,32.65,24.55,0,0.00,0,0,06-JAN-2025
OPTSTK,IEX,30-Jan-2025,2025-01-30,220.00,CE,0.15,0.20,0.10,0.10,0.10,23,189.8925,75000,-7500,06-JAN-2025
OPTSTK,IEX,30-Jan-2025,2025-01-30,195.00,PE,16.80,21.90,16.00,21.85,21.85,16,129.178125,161250,22500,06-JAN-2025
OPTSTK,IEX,27-Feb-2025,2025-02-27,195.00,PE,0.00,0.00,0.00,26.10,22.70,0,0.00,0,0,06-JAN-2025
FUTSTK,IEX,27-Mar-2025,2025-03-27,,,180.56,181.34,174.80,175.58,175.58,96,639.112875,228750,15000,06-JAN-2025
OPTSTK,IEX,27-Feb-2025,2025-02-27,187.50,PE,0.00,0.00,0.00,16.05,17.10,0,0.00,0,0,06-JAN-2025
OPTSTK,IEX,27-Mar-2025,2025-03-27,190.00,CE,0.00,0.00,0.00,13.15,6.65,0,0.00,0,0,06-JAN-2025
FUTSTK,IEX,30-Jan-2025,2025-01-30,,,179.00,180.60,173.36,174.06,174.06,5017,33123.1638,32981250,-1162500,06-JAN-2025
OPTSTK,IEX,27-Feb-2025,2025-02-27,145.00,CE,0.00,0.00,0.00,36.05,30.85,0,0.00,0,0,06-JAN-2025
OPTSTK,IEX,30-Jan-2025,2025-01-30,145.00,CE,0.00,0.00,0.00,38.70,29.40,0,0.00,0,0,06-JAN-2025
OPTSTK,IEX,30-Jan-2025,2025-01-30,155.00,CE,19.65,19.85,19.65,19.80,19.80,4,26.20875,11250,11250,06-JAN-2025
OPTSTK,IEX,30-Jan-2025,2025-01-30,155.00,PE,0.65,1.05,0.35,1.00,1.00,312,1822.48125,333750,116250,06-JAN-2025
OPTSTK,IEX,30-Jan-2025,2025-01-30,192.50,PE,14.45,19.65,14.45,19.65,19.35,12,94.47375,93750,15000,06-JAN-2025
OPTSTK,IEX,27-Feb-2025,2025-02-27,192.50,CE,0.00,0.00,0.00,9.20,3.70,0,0.00,0,0,06-JAN-2025
OPTSTK,IEX,30-Jan-2025,2025-01-30,192.50,CE,1.60,1.95,1.00,1.10,1.10,155,1126.8075,401250,-15000,06-JAN-2025
OPTSTK,IEX,27-Feb-2025,2025-02-27,192.50,PE,0.00,0.00,0.00,19.10,20.75,0,0.00,0,0,06-JAN-2025
OPTSTK,IEX,30-Jan-2025,2025-01-30,187.50,PE,10.45,15.05,10.45,15.05,15.20,7,52.798125,138750,7500,06-JAN-2025
OPTSTK,IEX,27-Mar-2025,2025-03-27,180.00,CE,0.00,0.00,0.00,17.50,10.20,0,0.00,0,0,06-JAN-2025
OPTSTK,IEX,30-Jan-2025,2025-01-30,180.00,PE,6.30,9.95,5.60,9.60,9.60,481,3385.96125,1811250,-101250,06-JAN-2025
OPTSTK,IEX,27-Feb-2025,2025-02-27,180.00,CE,7.10,7.25,6.40,6.60,6.60,7,49.055625,97500,-3750,06-JAN-2025
OPTSTK,IEX,30-Jan-2025,2025-01-30,215.00,PE,0.00,0.00,0.00,34.30,40.55,0,0.00,45000,0,06-JAN-2025
OPTSTK,IEX,30-Jan-2025,2025-01-30,207.50,CE,0.35,0.35,0.30,0.30,0.20,37,288.369375,142500,-75000,06-JAN-2025
OPTSTK,IEX,27-Feb-2025,2025-02-27,172.50,PE,0.00,0.00,0.00,8.55,8.15,0,0.00,0,0,06-JAN-2025
OPTSTK,IEX,30-Jan-2025,2025-01-30,177.50,PE,5.15,8.40,4.50,8.10,8.10,442,3046.90125,405000,7500,06-JAN-2025
OPTSTK,IEX,30-Jan-2025,2025-01-30,190.00,PE,13.65,17.50,12.70,16.75,17.20,20,154.580625,551250,-7500,06-JAN-2025
OPTSTK,IEX,27-Mar-2025,2025-03-27,170.00,PE,0.00,0.00,0.00,9.55,8.85,0,0.00,0,0,06-JAN-2025
OPTSTK,IEX,27-Feb-2025,2025-02-27,165.00,CE,0.00,0.00,0.00,22.50,15.25,0,0.00,0,0,06-JAN-2025
OPTSTK,IEX,27-Mar-2025,2025-03-27,165.00,CE,0.00,0.00,0.00,25.85,17.80,0,0.00,0,0,06-JAN-2025
OPTSTK,IEX,27-Mar-2025,2025-03-27,175.00,CE,0.00,0.00,0.00,20.00,12.40,0,0.00,0,0,06-JAN-2025
OPTSTK,IEX,30-Jan-2025,2025-01-30,175.00,CE,8.00,9.20,5.40,5.80,5.80,561,3815.41312,506250,228750,06-JAN-2025
OPTSTK,IEX,27-Feb-2025,2025-02-27,195.00,CE,2.35,2.35,2.35,2.35,3.20,1,7.400625,3750,3750,06-JAN-2025
OPTSTK,IEX,27-Feb-2025,2025-02-27,205.00,CE,0.00,0.00,0.00,6.90,1.65,0,0.00,0,0,06-JAN-2025
OPTSTK,IEX,30-Jan-2025,2025-01-30,175.00,PE,4.10,7.00,3.50,6.75,6.75,1313,8897.91,1301250,-202500,06-JAN-2025
OPTSTK,MARICO,27-Feb-2025,2025-02-27,630.00,CE,0.00,0.00,0.00,36.70,38.00,0,0.00,0,0,06-JAN-2025
OPTSTK,MARICO,30-Jan-2025,2025-01-30,630.00,CE,28.00,32.70,20.65,28.60,28.60,321,2526.309,160800,37200,06-JAN-2025
FUTSTK,MARICO,30-Jan-2025,2025-01-30,,,668.85,669.85,636.00,649.90,649.90,5547,43132.9764,18607200,-531600,06-JAN-2025
OPTSTK,MARICO,27-Mar-2025,2025-03-27,600.00,CE,0.00,0.00,0.00,62.25,66.00,0,0.00,0,0,06-JAN-2025
OPTSTK,MARICO,30-Jan-2025,2025-01-30,600.00,PE,2.55,4.75,2.15,3.00,3.00,1282,9285.0354,474000,-43200,06-JAN-2025
OPTSTK,MARICO,30-Jan-2025,2025-01-30,650.00,PE,12.05,24.65,12.05,17.05,17.05,1840,14769.1314,225600,-33600,06-JAN-2025
OPTSTK,MARICO,27-Feb-2025,2025-02-27,660.00,CE,20.00,20.00,18.00,18.00,21.85,2,16.296,2400,1200,06-JAN-2025
OPTSTK,MARICO,30-Jan-2025,2025-01-30,510.00,PE,0.40,0.40,0.40,0.40,0.05,2,12.2496,43200,0,06-JAN-2025
OPTSTK,MARICO,27-Feb-2025,2025-02-27,700.00,PE,0.00,0.00,0.00,64.65,53.80,0,0.00,0,0,06-JAN-2025
OPTSTK,MARICO,27-Feb-2025,2025-02-27,700.00,CE,12.65,12.65,6.90,12.10,8.85,4,34.0818,4800,2400,06-JAN-2025
OPTSTK,MARICO,30-Jan-2025,2025-01-30,690.00,PE,48.95,53.70,48.95,53.70,42.85,2,17.7918,6000,1200,06-JAN-2025
OPTSTK,MARICO,30-Jan-2025,2025-01-30,600.00,CE,50.80,52.75,41.35,52.75,52.75,10,77.7804,15600,7200,06-JAN-2025
OPTSTK,MARICO,27-Feb-2025,2025-02-27,640.00,PE,0.00,0.00,0.00,30.45,17.50,0,0.00,0,0,06-JAN-2025
OPTSTK,MARICO,27-Mar-2025,2025-03-27,660.00,CE,0.00,0.00,0.00,31.00,29.25,0,0.00,0,0,06-JAN-2025
OPTSTK,MARICO,30-Jan-2025,2025-01-30,680.00,CE,14.05,14.95,4.20,6.50,6.50,2078,17119.869,408000,-52800,06-JAN-2025
OPTSTK,MARICO,27-Mar-2025,2025-03-27,760.00,PE,0.00,0.00,0.00,120.70,104.75,0,0.00,0,0,06-JAN-2025
OPTSTK,MARICO,27-Feb-2025,2025-02-27,540.00,PE,16.60,16.60,1.50,1.70,0.40,7,45.8928,3600,3600,06-JAN-2025
OPTSTK,MARICO,30-Jan-2025,2025-01-30,740.00,CE,2.30,5.25,0.60,0.85,0.85,242,2151.5346,352800,-1200,06-JAN-2025
OPTSTK,MARICO,30-Jan-2025,2025-01-30,620.00,CE,47.60,47.60,26.65,35.85,35.85,56,438.9408,76800,8400,06-JAN-2025
OPTSTK,MARICO,27-Mar-2025,2025-03-27,700.00,PE,0.00,0.00,0.00,72.70,56.10,0,0.00,0,0,06-JAN-2025
OPTSTK,MARICO,27-Feb-2025,2025-02-27,620.00,CE,0.00,0.00,0.00,58.25,44.65,0,0.00,0,0,06-JAN-2025
OPTSTK,MARICO,27-Feb-2025,2025-02-27,760.00,CE,0.00,0.00,0.00,4.00,1.60,0,0.00,1200,0,06-JAN-2025
OPTSTK,MARICO,27-Feb-2025,2025-02-27,590.00,CE,0.00,0.00,0.00,61.60,67.95,0,0.00,0,0,06-JAN-2025
OPTSTK,MARICO,27-Mar-2025,2025-03-27,580.00,CE,0.00,0.00,0.00,75.95,81.95,0,0.00,0,0,06-JAN-2025
OPTSTK,MARICO,30-Jan-2025,2025-01-30,580.00,PE,1.55,2.20,1.25,1.45,1.45,252,1758.876,212400,16800,06-JAN-2025
OPTSTK,MARICO,27-Mar-2025,2025-03-27,580.00,PE,0.00,0.00,0.00,12.85,5.05,0,0.00,0,0,06-JAN-2025
OPTSTK,MARICO,27-Feb-2025,2025-02-27,540.00,CE,0.00,0.00,0.00,118.55,113.95,0,0.00,0,0,06-JAN-2025
OPTSTK,MARICO,27-Mar-2025,2025-03-27,560.00,CE,0.00,0.00,0.00,91.05,99.25,0,0.00,0,0,06-JAN-2025
OPTSTK,MARICO,27-Mar-2025,2025-03-27,620.00,PE,0.00,0.00,0.00,26.40,14.30,0,0.00,0,0,06-JAN-2025
OPTSTK,MARICO,30-Jan-2025,2025-01-30,540.00,CE,0.00,0.00,0.00,113.80,110.75,0,0.00,0,0,06-JAN-2025
OPTSTK,MARICO,27-Mar-2025,2025-03-27,620.00,CE,0.00,0.00,0.00,50.20,51.75,0,0.00,0,0,06-JAN-2025
OPTSTK,MARICO,27-Feb-2025,2025-02-27,620.00,PE,0.00,0.00,0.00,22.20,10.40,0,0.00,0,0,06-JAN-2025
OPTSTK,HUDCO,27-Feb-2025,2025-02-27,280.00,CE,0.00,0.00,0.00,15.15,7.35,0,0.00,0,0,06-JAN-2025
OPTSTK,UBL,27-Feb-2025,2025-02-27,2200.00,CE,0.00,0.00,0.00,38.00,35.35,0,0.00,0,0,06-JAN-2025
OPTSTK,UBL,27-Feb-2025,2025-02-27,2400.00,CE,0.00,0.00,0.00,12.35,5.70,0,0.00,0,0,06-JAN-2025
OPTSTK,UBL,30-Jan-2025,2025-01-30,2440.00,CE,0.00,0.00,0.00,10.30,0.20,0,0.00,400,0,06-JAN-2025
OPTSTK,HUDCO,27-Feb-2025,2025-02-27,290.00,CE,0.00,0.00,0.00,13.00,5.50,0,0.00,0,0,06-JAN-2025
OPTSTK,UBL,27-Feb-2025,2025-02-27,2260.00,PE,0.00,0.00,0.00,243.20,184.25,0,0.00,0,0,06-JAN-2025
OPTSTK,UBL,30-Jan-2025,2025-01-30,2240.00,PE,0.00,0.00,0.00,147.05,162.05,0,0.00,800,0,06-JAN-2025
OPTSTK,UBL,30-Jan-2025,2025-01-30,2300.00,PE,0.00,0.00,0.00,348.65,217.10,0,0.00,0,0,06-JAN-2025
OPTSTK,UBL,30-Jan-2025,2025-01-30,1960.00,CE,120.60,120.60,120.60,120.60,120.60,1,8.3224,4000,0,06-JAN-2025
OPTSTK,UBL,27-Feb-2025,2025-02-27,2360.00,PE,0.00,0.00,0.00,399.75,270.20,0,0.00,0,0,06-JAN-2025
OPTSTK,UBL,27-Feb-2025,2025-02-27,1720.00,PE,0.00,0.00,0.00,24.95,0.80,0,0.00,0,0,06-JAN-2025
OPTSTK,UBL,30-Jan-2025,2025-01-30,1720.00,CE,0.00,0.00,0.00,260.50,363.40,0,0.00,0,0,06-JAN-2025
OPTSTK,UBL,30-Jan-2025,2025-01-30,1720.00,PE,0.00,0.00,0.00,1.10,0.05,0,0.00,3600,0,06-JAN-2025
OPTSTK,UBL,30-Jan-2025,2025-01-30,1840.00,PE,1.25,4.70,1.15,4.65,4.65,129,951.0968,39200,10400,06-JAN-2025
OPTSTK,UBL,27-Feb-2025,2025-02-27,2120.00,PE,0.00,0.00,0.00,205.15,87.30,0,0.00,0,0,06-JAN-2025
OPTSTK,UBL,27-Feb-2025,2025-02-27,2100.00,PE,0.00,0.00,0.00,128.05,76.45,0,0.00,0,0,06-JAN-2025
OPTSTK,HUDCO,27-Mar-2025,2025-03-27,250.00,PE,0.00,0.00,0.00,40.70,28.35,0,0.00,0,0,06-JAN-2025
OPTSTK,UBL,30-Jan-2025,2025-01-30,1940.00,CE,0.00,0.00,0.00,101.80,151.45,0,0.00,0,0,06-JAN-2025
OPTSTK,UBL,30-Jan-2025,2025-01-30,2120.00,CE,53.00,54.05,32.60,32.60,35.35,90,778.0742,44800,-2000,06-JAN-2025
OPTSTK,HUDCO,30-Jan-2025,2025-01-30,260.00,PE,16.15,24.30,14.55,23.50,23.50,59,399.3199,414675,-7275,06-JAN-2025
OPTSTK,HUDCO,27-Mar-2025,2025-03-27,260.00,CE,0.00,0.00,0.00,19.60,17.60,0,0.00,0,0,06-JAN-2025
OPTSTK,HUDCO,30-Jan-2025,2025-01-30,260.00,CE,5.95,8.45,3.60,4.20,4.20,3280,21171.7959,2694175,535925,06-JAN-2025
OPTSTK,HUDCO,27-Feb-2025,2025-02-27,260.00,CE,0.00,0.00,0.00,20.40,12.50,0,0.00,0,0,06-JAN-2025
OPTSTK,HUDCO,27-Mar-2025,2025-03-27,260.00,PE,0.00,0.00,0.00,47.35,34.50,0,0.00,0,0,06-JAN-2025
OPTSTK,UBL,30-Jan-2025,2025-01-30,1940.00,PE,9.25,13.20,9.15,13.20,7.10,22,171.753,10800,2400,06-JAN-2025
OPTSTK,UBL,30-Jan-2025,2025-01-30,2400.00,CE,3.95,3.95,1.65,1.65,0.50,80,768.7214,52800,-20400,06-JAN-2025
OPTSTK,HUDCO,30-Jan-2025,2025-01-30,285.00,CE,1.25,2.45,0.80,1.10,1.10,200,1390.86117,138225,58200,06-JAN-2025
OPTSTK,UBL,27-Feb-2025,2025-02-27,2060.00,PE,0.00,0.00,0.00,104.85,57.25,0,0.00,0,0,06-JAN-2025
OPTSTK,UBL,30-Jan-2025,2025-01-30,2440.00,PE,0.00,0.00,0.00,483.95,353.65,0,0.00,0,0,06-JAN-2025
OPTSTK,HUDCO,30-Jan-2025,2025-01-30,290.00,CE,0.95,1.85,0.60,0.80,0.80,428,3023.8683,594125,41225,06-JAN-2025
OPTSTK,UBL,27-Feb-2025,2025-02-27,2240.00,CE,0.00,0.00,0.00,30.75,25.60,0,0.00,0,0,06-JAN-2025
OPTSTK,UBL,27-Feb-2025,2025-02-27,2160.00,CE,0.00,0.00,0.00,46.65,47.85,0,0.00,0,0,06-JAN-2025
OPTSTK,UBL,27-Feb-2025,2025-02-27,2440.00,PE,0.00,0.00,0.00,472.30,344.60,0,0.00,0,0,06-JAN-2025
OPTSTK,GODREJCP,30-Jan-2025,2025-01-30,980.00,PE,1.40,1.85,1.30,1.50,1.50,68,333.7255,30500,-17000,06-JAN-2025
OPTSTK,GODREJCP,30-Jan-2025,2025-01-30,980.00,CE,0.00,0.00,0.00,284.65,166.45,0,0.00,0,0,06-JAN-2025
OPTSTK,INDUSINDBK,27-Mar-2025,2025-03-27,980.00,CE,0.00,0.00,0.00,60.80,62.05,0,0.00,0,0,06-JAN-2025
OPTSTK,GODREJCP,30-Jan-2025,2025-01-30,1340.00,PE,0.00,0.00,0.00,248.50,192.55,0,0.00,3500,0,06-JAN-2025
OPTSTK,GODREJCP,30-Jan-2025,2025-01-30,1260.00,PE,111.15,111.15,111.15,111.15,115.75,1,6.85575,7000,0,06-JAN-2025
OPTSTK,HDFCAMC,30-Jan-2025,2025-01-30,4750.00,CE,8.90,8.90,5.55,6.55,6.55,13,92.765625,5550,600,06-JAN-2025
OPTSTK,HDFCAMC,30-Jan-2025,2025-01-30,4750.00,PE,0.00,0.00,0.00,572.90,629.20,0,0.00,3000,0,06-JAN-2025
OPTSTK,INDUSINDBK,30-Jan-2025,2025-01-30,870.00,PE,4.05,7.75,3.35,6.40,6.40,455,1990.7265,94500,-22000,06-JAN-2025
OPTSTK,INDUSINDBK,27-Feb-2025,2025-02-27,910.00,CE,0.00,0.00,0.00,85.00,88.85,0,0.00,500,0,06-JAN-2025
OPTSTK,HDFCAMC,30-Jan-2025,2025-01-30,4300.00,PE,151.25,294.00,149.55,254.05,254.05,157,1066.42095,33900,-2400,06-JAN-2025
OPTSTK,HDFCAMC,30-Jan-2025,2025-01-30,4300.00,CE,101.35,104.40,52.05,65.15,65.15,1076,7050.0723,81150,3000,06-JAN-2025
OPTSTK,INDUSINDBK,30-Jan-2025,2025-01-30,1100.00,CE,7.00,7.00,3.85,4.00,4.00,3196,17655.0945,1400000,-124000,06-JAN-2025
OPTSTK,HDFCAMC,27-Mar-2025,2025-03-27,3700.00,CE,0.00,0.00,0.00,713.20,524.25,0,0.00,0,0,06-JAN-2025
OPTSTK,GODREJCP,27-Feb-2025,2025-02-27,1100.00,CE,0.00,0.00,0.00,50.00,75.75,0,0.00,0,0,06-JAN-2025
OPTSTK,HDFCAMC,27-Feb-2025,2025-02-27,4050.00,PE,0.00,0.00,0.00,141.05,145.70,0,0.00,0,0,06-JAN-2025
OPTSTK,INDUSINDBK,30-Jan-2025,2025-01-30,830.00,PE,1.90,3.75,1.60,2.95,2.95,309,1286.6655,77000,-4500,06-JAN-2025
OPTSTK,GODREJCP,30-Jan-2025,2025-01-30,970.00,PE,0.00,0.00,0.00,2.65,0.15,0,0.00,500,0,06-JAN-2025
OPTSTK,INDUSINDBK,27-Feb-2025,2025-02-27,970.00,PE,0.00,0.00,0.00,76.10,43.60,0,0.00,0,0,06-JAN-2025
OPTSTK,GODREJCP,30-Jan-2025,2025-01-30,970.00,CE,0.00,0.00,0.00,115.30,176.30,0,0.00,0,0,06-JAN-2025
OPTSTK,GODREJCP,27-Mar-2025,2025-03-27,1080.00,PE,0.00,0.00,0.00,62.65,24.55,0,0.00,0,0,06-JAN-2025
OPTSTK,INDUSINDBK,27-Mar-2025,2025-03-27,920.00,PE,0.00,0.00,0.00,59.30,31.65,0,0.00,0,0,06-JAN-2025
OPTSTK,INDUSINDBK,30-Jan-2025,2025-01-30,920.00,CE,83.95,84.75,64.30,69.65,69.65,80,397.177,131000,-7500,06-JAN-2025
OPTSTK,INDUSINDBK,27-Feb-2025,2025-02-27,1080.00,CE,0.00,0.00,0.00,18.90,15.80,0,0.00,15000,0,06-JAN-2025
OPTSTK,INDUSINDBK,30-Jan-2025,2025-01-30,1080.00,PE,87.40,87.40,87.40,87.40,109.90,2,11.674,54000,0,06-JAN-2025
FUTSTK,GODREJCP,27-Feb-2025,2025-02-27,,,1135.20,1164.00,1124.00,1147.95,1147.95,311,1785.87575,147500,-14000,06-JAN-2025
FUTSTK,INDUSINDBK,30-Jan-2025,2025-01-30,,,1002.00,1004.85,965.95,973.10,973.10,19203,94331.764,55562000,262000,06-JAN-2025
OPTSTK,INDUSINDBK,30-Jan-2025,2025-01-30,920.00,PE,12.10,17.75,8.30,15.35,15.35,1467,6839.85125,393500,-21500,06-JAN-2025
OPTSTK,GODREJCP,27-Feb-2025,2025-02-27,920.00,PE,0.00,0.00,0.00,0.95,0.45,0,0.00,0,0,06-JAN-2025
OPTSTK,GODREJCP,27-Feb-2025,2025-02-27,1200.00,PE,0.00,0.00,0.00,94.00,73.75,0,0.00,500,0,06-JAN-2025
OPTSTK,INDUSINDBK,30-Jan-2025,2025-01-30,1200.00,CE,1.60,1.60,0.90,1.00,1.00,329,1975.8035,567000,-34000,06-JAN-2025
OPTSTK,GODREJCP,27-Feb-2025,2025-02-27,1010.00,CE,0.00,0.00,0.00,99.45,146.25,0,0.00,0,0,06-JAN-2025
OPTSTK,MFSL,27-Mar-2025,2025-03-27,1160.00,PE,0.00,0.00,0.00,92.80,90.00,0,0.00,0,0,06-JAN-2025
OPTSTK,MFSL,27-Mar-2025,2025-03-27,1000.00,PE,0.00,0.00,0.00,26.05,18.75,0,0.00,0,0,06-JAN-2025
OPTSTK,MFSL,27-Feb-2025,2025-02-27,1000.00,PE,0.00,0.00,0.00,21.90,12.00,0,0.00,0,0,06-JAN-2025
OPTSTK,MFSL,27-Mar-2025,2025-03-27,960.00,PE,0.00,0.00,0.00,16.95,10.70,0,0.00,0,0,06-JAN-2025
OPTSTK,MFSL,27-Feb-2025,2025-02-27,960.00,PE,0.00,0.00,0.00,14.15,5.75,0,0.00,0,0,06-JAN-2025
OPTSTK,MFSL,27-Feb-2025,2025-02-27,980.00,CE,0.00,0.00,0.00,160.45,130.10,0,0.00,0,0,06-JAN-2025
OPTSTK,MFSL,27-Feb-2025,2025-02-27,1000.00,CE,0.00,0.00,0.00,180.25,113.85,0,0.00,0,0,06-JAN-2025
OPTSTK,MFSL,30-Jan-2025,2025-01-30,1000.00,CE,0.00,0.00,0.00,117.90,100.90,0,0.00,4800,0,06-JAN-2025
OPTSTK,MFSL,27-Feb-2025,2025-02-27,960.00,CE,0.00,0.00,0.00,211.75,147.20,0,0.00,0,0,06-JAN-2025
OPTSTK,MFSL,27-Feb-2025,2025-02-27,1220.00,PE,0.00,0.00,0.00,122.85,128.60,0,0.00,0,0,06-JAN-2025
OPTSTK,MFSL,27-Feb-2025,2025-02-27,1040.00,PE,26.50,26.55,26.00,26.00,22.25,23,196.2324,17600,16000,06-JAN-2025
OPTSTK,MFSL,30-Jan-2025,2025-01-30,1040.00,PE,13.80,16.35,12.00,14.35,14.35,137,1155.1028,73600,48800,06-JAN-2025
OPTSTK,MFSL,27-Feb-2025,2025-02-27,1240.00,PE,0.00,0.00,0.00,129.10,145.45,0,0.00,0,0,06-JAN-2025
OPTSTK,MFSL,27-Feb-2025,2025-02-27,1240.00,CE,0.00,0.00,0.00,51.75,9.60,0,0.00,0,0,06-JAN-2025
OPTSTK,MFSL,27-Mar-2025,2025-03-27,1240.00,CE,0.00,0.00,0.00,40.85,18.65,0,0.00,0,0,06-JAN-2025
OPTSTK,MFSL,30-Jan-2025,2025-01-30,1180.00,PE,94.80,94.80,94.80,94.80,90.10,1,10.1984,8800,0,06-JAN-2025
OPTSTK,MFSL,27-Feb-2025,2025-02-27,1040.00,CE,0.00,0.00,0.00,151.45,84.50,0,0.00,0,0,06-JAN-2025
FUTSTK,MFSL,27-Mar-2025,2025-03-27,,,0.00,0.00,0.00,1134.70,1108.60,0,0.00,0,0,06-JAN-2025
OPTSTK,MFSL,30-Jan-2025,2025-01-30,1100.00,PE,32.35,41.15,30.90,37.50,37.50,361,3285.0852,148000,-47200,06-JAN-2025
OPTSTK,MFSL,27-Mar-2025,2025-03-27,1000.00,CE,0.00,0.00,0.00,158.30,125.75,0,0.00,0,0,06-JAN-2025
OPTSTK,MFSL,27-Feb-2025,2025-02-27,1020.00,CE,0.00,0.00,0.00,130.05,98.60,0,0.00,0,0,06-JAN-2025
OPTSTK,MFSL,27-Feb-2025,2025-02-27,1020.00,PE,0.00,0.00,0.00,23.05,16.55,0,0.00,0,0,06-JAN-2025
OPTSTK,MFSL,27-Feb-2025,2025-02-27,1200.00,CE,0.00,0.00,0.00,65.85,16.30,0,0.00,0,0,06-JAN-2025
OPTSTK,MPHASIS,30-Jan-2025,2025-01-30,2950.00,CE,90.05,90.05,74.00,79.40,79.40,1250,10423.7839,110825,15950,06-JAN-2025
OPTSTK,MPHASIS,27-Mar-2025,2025-03-27,2700.00,PE,0.00,0.00,0.00,103.30,69.85,0,0.00,0,0,06-JAN-2025
OPTSTK,MPHASIS,27-Feb-2025,2025-02-27,2700.00,CE,0.00,0.00,0.00,398.40,271.65,0,0.00,0,0,06-JAN-2025
OPTSTK,MPHASIS,30-Jan-2025,2025-01-30,2800.00,PE,48.00,67.00,48.00,62.60,62.60,718,5643.01168,91300,29425,06-JAN-2025
OPTSTK,MPHASIS,27-Mar-2025,2025-03-27,2800.00,CE,0.00,0.00,0.00,299.70,243.05,0,0.00,0,0,06-JAN-2025
OPTSTK,MPHASIS,27-Feb-2025,2025-02-27,3400.00,CE,0.00,0.00,0.00,93.25,17.55,0,0.00,0,0,06-JAN-2025
OPTSTK,MPHASIS,27-Mar-2025,2025-03-27,3400.00,PE,0.00,0.00,0.00,508.25,490.65,0,0.00,0,0,06-JAN-2025
OPTSTK,MPHASIS,27-Mar-2025,2025-03-27,3100.00,PE,0.00,0.00,0.00,296.05,262.65,0,0.00,0,0,06-JAN-2025
OPTSTK,MPHASIS,27-Feb-2025,2025-02-27,3300.00,CE,0.00,0.00,0.00,118.20,28.80,0,0.00,0,0,06-JAN-2025
OPTSTK,MPHASIS,27-Feb-2025,2025-02-27,3050.00,PE,0.00,0.00,0.00,239.80,208.95,0,0.00,0,0,06-JAN-2025
OPTSTK,MPHASIS,30-Jan-2025,2025-01-30,2850.00,CE,135.00,140.80,120.05,130.00,130.00,200,1640.26335,31075,-2200,06-JAN-2025
OPTSTK,MPHASIS,27-Feb-2025,2025-02-27,2750.00,CE,0.00,0.00,0.00,287.50,236.65,0,0.00,0,0,06-JAN-2025
OPTSTK,MPHASIS,27-Feb-2025,2025-02-27,2750.00,PE,0.00,0.00,0.00,94.60,62.65,0,0.00,0,0,06-JAN-2025
OPTSTK,MPHASIS,27-Feb-2025,2025-02-27,2950.00,CE,0.00,0.00,0.00,178.25,124.75,0,0.00,0,0,06-JAN-2025
OPTSTK,MPHASIS,27-Feb-2025,2025-02-27,2950.00,PE,0.00,0.00,0.00,182.80,148.85,0,0.00,0,0,06-JAN-2025
OPTSTK,MPHASIS,30-Jan-2025,2025-01-30,3600.00,CE,1.90,2.00,1.70,1.85,1.85,35,346.678062,33000,275,06-JAN-2025
OPTSTK,MPHASIS,27-Mar-2025,2025-03-27,2400.00,CE,0.00,0.00,0.00,583.80,547.10,0,0.00,0,0,06-JAN-2025
OPTSTK,MPHASIS,27-Feb-2025,2025-02-27,2400.00,CE,0.00,0.00,0.00,628.65,526.50,0,0.00,0,0,06-JAN-2025
OPTSTK,MPHASIS,27-Mar-2025,2025-03-27,3200.00,PE,0.00,0.00,0.00,361.20,332.20,0,0.00,0,0,06-JAN-2025
OPTSTK,MPHASIS,30-Jan-2025,2025-01-30,3100.00,PE,225.15,225.15,225.15,225.15,217.90,5,45.7208125,11275,550,06-JAN-2025
OPTSTK,MPHASIS,30-Jan-2025,2025-01-30,2300.00,PE,0.00,0.00,0.00,23.15,0.10,0,0.00,0,0,06-JAN-2025
OPTSTK,MPHASIS,27-Feb-2025,2025-02-27,2300.00,PE,0.00,0.00,0.00,16.80,2.25,0,0.00,0,0,06-JAN-2025
OPTSTK,MPHASIS,27-Feb-2025,2025-02-27,2300.00,CE,0.00,0.00,0.00,715.90,621.95,0,0.00,0,0,06-JAN-2025
OPTSTK,MPHASIS,30-Jan-2025,2025-01-30,3700.00,CE,0.00,0.00,0.00,3.40,0.10,0,0.00,550,0,06-JAN-2025
OPTSTK,MPHASIS,27-Feb-2025,2025-02-27,3250.00,PE,0.00,0.00,0.00,376.85,357.70,0,0.00,0,0,06-JAN-2025
OPTSTK,MPHASIS,27-Mar-2025,2025-03-27,2800.00,PE,0.00,0.00,0.00,140.65,104.30,0,0.00,0,0,06-JAN-2025
OPTSTK,MPHASIS,30-Jan-2025,2025-01-30,2800.00,CE,168.05,173.00,153.40,161.40,161.40,108,880.328487,21725,4950,06-JAN-2025
OPTSTK,MPHASIS,30-Jan-2025,2025-01-30,3200.00,PE,0.00,0.00,0.00,328.00,302.20,0,0.00,10450,0,06-JAN-2025
OPTSTK,MPHASIS,30-Jan-2025,2025-01-30,2700.00,CE,240.00,241.20,232.20,232.20,232.20,5,40.390625,3850,-550,06-JAN-2025
OPTSTK,MPHASIS,30-Jan-2025,2025-01-30,3500.00,CE,2.35,3.50,2.35,2.75,2.75,39,375.673237,24750,1375,06-JAN-2025
OPTSTK,MPHASIS,27-Feb-2025,2025-02-27,2800.00,PE,0.00,0.00,0.00,100.00,79.90,0,0.00,3300,0,06-JAN-2025
OPTSTK,MPHASIS,27-Feb-2025,2025-02-27,3250.00,CE,0.00,0.00,0.00,76.05,36.45,0,0.00,0,0,06-JAN-2025
OPTSTK,SHRIRAMFIN,27-Mar-2025,2025-03-27,3300.00,PE,0.00,0.00,0.00,437.60,370.90,0,0.00,0,0,06-JAN-2025
OPTSTK,SIEMENS,27-Feb-2025,2025-02-27,7800.00,CE,0.00,0.00,0.00,467.15,32.15,0,0.00,0,0,06-JAN-2025
OPTSTK,SIEMENS,30-Jan-2025,2025-01-30,7800.00,PE,0.00,0.00,0.00,1073.30,1295.85,0,0.00,1425,0,06-JAN-2025
OPTSTK,SHRIRAMFIN,27-Mar-2025,2025-03-27,3400.00,PE,0.00,0.00,0.00,511.40,446.70,0,0.00,0,0,06-JAN-2025
OPTSTK,SIEMENS,30-Jan-2025,2025-01-30,5600.00,PE,6.20,17.75,5.40,13.60,13.60,472,1987.06117,28425,8175,06-JAN-2025
OPTSTK,SIEMENS,30-Jan-2025,2025-01-30,5600.00,CE,0.00,0.00,0.00,1537.05,906.35,0,0.00,0,0,06-JAN-2025
OPTSTK,SHRIRAMFIN,30-Jan-2025,2025-01-30,3250.00,PE,258.95,259.00,258.95,259.00,289.85,2,10.526925,1500,300,06-JAN-2025
OPTSTK,SHRIRAMFIN,30-Jan-2025,2025-01-30,3200.00,PE,189.00,261.15,180.00,254.10,254.10,82,421.467975,64800,2250,06-JAN-2025
OPTSTK,SIEMENS,30-Jan-2025,2025-01-30,7100.00,CE,53.45,57.10,36.50,40.15,40.15,928,4973.5137,59325,5475,06-JAN-2025
OPTSTK,SIEMENS,30-Jan-2025,2025-01-30,7100.00,PE,694.05,694.05,694.05,694.05,640.85,1,5.8455375,1350,0,06-JAN-2025
OPTSTK,SHRIRAMFIN,27-Mar-2025,2025-03-27,3100.00,PE,0.00,0.00,0.00,305.50,238.15,0,0.00,0,0,06-JAN-2025
OPTSTK,SIEMENS,30-Jan-2025,2025-01-30,6000.00,PE,33.75,69.45,25.10,56.45,56.45,1661,7535.43776,105375,11925,06-JAN-2025
OPTSTK,SHRIRAMFIN,30-Jan-2025,2025-01-30,2700.00,CE,0.00,0.00,0.00,365.00,297.40,0,0.00,900,0,06-JAN-2025
OPTSTK,SIEMENS,30-Jan-2025,2025-01-30,7900.00,CE,5.85,12.20,3.35,6.00,2.35,19,112.659075,14025,-750,06-JAN-2025
OPTSTK,SIEMENS,30-Jan-2025,2025-01-30,7900.00,PE,0.00,0.00,0.00,480.00,1394.20,0,0.00,75,0,06-JAN-2025
OPTSTK,SHRIRAMFIN,27-Mar-2025,2025-03-27,2800.00,CE,0.00,0.00,0.00,329.95,307.40,0,0.00,0,0,06-JAN-2025
OPTSTK,SIEMENS,30-Jan-2025,2025-01-30,7500.00,CE,20.55,20.55,13.85,15.70,15.70,878,4949.95473,140850,-6300,06-JAN-2025
OPTSTK,SIEMENS,27-Mar-2025,2025-03-27,6000.00,PE,0.00,0.00,0.00,196.60,167.50,0,0.00,0,0,06-JAN-2025
OPTSTK,SHRIRAMFIN,27-Feb-2025,2025-02-27,3600.00,CE,0.00,0.00,0.00,92.10,14.95,0,0.00,0,0,06-JAN-2025
FUTSTK,SHRIRAMFIN,27-Mar-2025,2025-03-27,,,3118.15,3118.15,2999.00,2999.00,3013.75,23,104.597475,5850,2100,06-JAN-2025
OPTSTK,SIEMENS,30-Jan-2025,2025-01-30,8600.00,CE,0.00,0.00,0.00,55.00,0.10,0,0.00,450,0,06-JAN-2025
OPTSTK,SHRIRAMFIN,27-Feb-2025,2025-02-27,3600.00,PE,0.00,0.00,0.00,583.50,611.00,0,0.00,0,0,06-JAN-2025
OPTSTK,SHRIRAMFIN,27-Mar-2025,2025-03-27,3000.00,PE,0.00,0.00,0.00,248.05,182.85,0,0.00,0,0,06-JAN-2025
OPTSTK,SHRIRAMFIN,27-Mar-2025,2025-03-27,2400.00,CE,0.00,0.00,0.00,609.80,619.70,0,0.00,0,0,06-JAN-2025
OPTSTK,SHRIRAMFIN,27-Mar-2025,2025-03-27,3500.00,CE,0.00,0.00,0.00,79.40,48.55,0,0.00,0,0,06-JAN-2025
OPTSTK,SHRIRAMFIN,27-Feb-2025,2025-02-27,3500.00,PE,0.00,0.00,0.00,507.15,520.45,0,0.00,0,0,06-JAN-2025
OPTSTK,SIEMENS,30-Jan-2025,2025-01-30,5400.00,PE,6.45,10.15,3.30,5.95,2.65,36,146.002012,2700,1125,06-JAN-2025
OPTSTK,SIEMENS,27-Feb-2025,2025-02-27,5400.00,CE,0.00,0.00,0.00,1565.00,1145.70,0,0.00,0,0,06-JAN-2025
OPTSTK,SIEMENS,30-Jan-2025,2025-01-30,6300.00,PE,69.70,153.65,69.25,132.50,132.50,393,1890.90408,17100,750,06-JAN-2025
OPTSTK,SIEMENS,30-Jan-2025,2025-01-30,6300.00,CE,297.00,297.00,296.90,296.90,332.35,3,14.8431375,525,75,06-JAN-2025
OPTSTK,SIEMENS,30-Jan-2025,2025-01-30,6900.00,CE,90.00,100.00,62.90,68.50,68.50,1333,6977.84407,66975,2475,06-JAN-2025
OPTSTK,BRITANNIA,27-Mar-2025,2025-03-27,4600.00,CE,0.00,0.00,0.00,379.25,341.60,0,0.00,0,0,06-JAN-2025
OPTSTK,BRITANNIA,27-Mar-2025,2025-03-27,5400.00,PE,0.00,0.00,0.00,613.10,566.55,0,0.00,0,0,06-JAN-2025
OPTSTK,BRITANNIA,27-Feb-2025,2025-02-27,5400.00,PE,0.00,0.00,0.00,498.00,572.60,0,0.00,0,0,06-JAN-2025
OPTSTK,BRITANNIA,27-Mar-2025,2025-03-27,4600.00,PE,0.00,0.00,0.00,134.50,82.80,0,0.00,0,0,06-JAN-2025
FUTSTK,BRITANNIA,27-Mar-2025,2025-03-27,,,4923.00,4934.95,4868.00,4868.00,4868.00,18,88.0886,4400,100,06-JAN-2025
OPTSTK,BRITANNIA,27-Mar-2025,2025-03-27,4400.00,CE,0.00,0.00,0.00,516.30,492.70,0,0.00,0,0,06-JAN-2025
OPTSTK,BRITANNIA,30-Jan-2025,2025-01-30,4400.00,PE,7.20,11.60,5.30,10.55,10.55,371,1635.7221,35600,2500,06-JAN-2025
OPTSTK,BRITANNIA,27-Mar-2025,2025-03-27,4800.00,PE,0.00,0.00,0.00,218.70,158.60,0,0.00,0,0,06-JAN-2025
OPTSTK,BRITANNIA,27-Feb-2025,2025-02-27,5150.00,CE,0.00,0.00,0.00,86.30,48.70,0,0.00,0,0,06-JAN-2025
OPTSTK,BRITANNIA,30-Jan-2025,2025-01-30,5150.00,PE,0.00,0.00,0.00,307.85,349.55,0,0.00,0,0,06-JAN-2025
OPTSTK,BRITANNIA,27-Feb-2025,2025-02-27,4550.00,PE,0.00,0.00,0.00,90.90,47.10,0,0.00,0,0,06-JAN-2025
OPTSTK,BRITANNIA,30-Jan-2025,2025-01-30,5350.00,PE,0.00,0.00,0.00,446.35,537.70,0,0.00,0,0,06-JAN-2025
OPTSTK,BRITANNIA,30-Jan-2025,2025-01-30,4450.00,PE,7.45,16.30,6.55,14.30,14.30,271,1208.97465,4200,-3600,06-JAN-2025
OPTSTK,BRITANNIA,27-Mar-2025,2025-03-27,5200.00,CE,0.00,0.00,0.00,116.35,72.70,0,0.00,0,0,06-JAN-2025
OPTSTK,BRITANNIA,27-Mar-2025,2025-03-27,4700.00,CE,0.00,0.00,0.00,319.95,276.95,0,0.00,0,0,06-JAN-2025
OPTSTK,BRITANNIA,30-Jan-2025,2025-01-30,5150.00,CE,19.55,20.70,13.55,14.55,14.55,471,2433.44515,21900,-10000,06-JAN-2025
OPTSTK,BRITANNIA,30-Jan-2025,2025-01-30,4700.00,PE,37.35,68.00,34.00,62.30,62.30,1550,7361.74495,62500,6100,06-JAN-2025
OPTSTK,BRITANNIA,30-Jan-2025,2025-01-30,5100.00,CE,27.95,28.30,17.80,19.75,19.75,1590,8144.8137,67700,-12700,06-JAN-2025
OPTSTK,BRITANNIA,30-Jan-2025,2025-01-30,4800.00,PE,72.05,111.60,62.00,103.00,103.00,2052,10029.2897,91100,1800,06-JAN-2025
OPTSTK,BRITANNIA,30-Jan-2025,2025-01-30,4550.00,CE,0.00,0.00,0.00,307.30,281.05,0,0.00,2500,0,06-JAN-2025
OPTSTK,BRITANNIA,27-Feb-2025,2025-02-27,4550.00,CE,0.00,0.00,0.00,359.60,331.90,0,0.00,0,0,06-JAN-2025
OPTSTK,BRITANNIA,27-Feb-2025,2025-02-27,5350.00,PE,0.00,0.00,0.00,568.15,527.35,0,0.00,0,0,06-JAN-2025
OPTSTK,BRITANNIA,27-Feb-2025,2025-02-27,5350.00,CE,0.00,0.00,0.00,46.90,19.80,0,0.00,0,0,06-JAN-2025
OPTSTK,BRITANNIA,30-Jan-2025,2025-01-30,5350.00,CE,7.20,7.25,4.60,5.40,2.65,11,58.9133,3500,-400,06-JAN-2025
OPTSTK,BRITANNIA,30-Jan-2025,2025-01-30,5600.00,PE,0.00,0.00,0.00,824.00,784.15,0,0.00,1000,0,06-JAN-2025
OPTSTK,BRITANNIA,30-Jan-2025,2025-01-30,5200.00,PE,372.55,372.55,368.45,368.45,395.00,2,11.141,1000,0,06-JAN-2025
OPTSTK,BRITANNIA,30-Jan-2025,2025-01-30,4600.00,CE,285.00,285.00,226.00,226.00,240.40,15,72.89585,4600,-300,06-JAN-2025
OPTSTK,BRITANNIA,30-Jan-2025,2025-01-30,4600.00,PE,19.65,39.30,17.00,35.85,35.85,1491,6900.80065,55400,18300,06-JAN-2025
OPTSTK,BRITANNIA,27-Feb-2025,2025-02-27,4600.00,PE,0.00,0.00,0.00,94.75,59.75,0,0.00,0,0,06-JAN-2025
OPTSTK,BRITANNIA,27-Feb-2025,2025-02-27,4350.00,PE,0.00,0.00,0.00,42.95,15.40,0,0.00,0,0,06-JAN-2025
OPTSTK,BRITANNIA,30-Jan-2025,2025-01-30,5300.00,CE,10.00,10.00,6.15,6.80,6.80,396,2101.7897,31500,500,06-JAN-2025
OPTSTK,JIOFIN,27-Feb-2025,2025-02-27,330.00,CE,0.00,0.00,0.00,5.70,4.10,0,0.00,21450,0,06-JAN-2025
OPTSTK,JIOFIN,27-Mar-2025,2025-03-27,330.00,PE,0.00,0.00,0.00,33.55,35.60,0,0.00,0,0,06-JAN-2025
OPTSTK,JIOFIN,30-Jan-2025,2025-01-30,355.00,CE,0.75,0.75,0.45,0.45,0.45,93,545.6319,191400,-19800,06-JAN-2025
OPTSTK,JIOFIN,27-Mar-2025,2025-03-27,270.00,PE,0.00,0.00,0.00,6.70,5.25,0,0.00,0,0,06-JAN-2025
OPTSTK,JIOFIN,27-Feb-2025,2025-02-27,315.00,PE,0.00,0.00,0.00,21.75,23.05,0,0.00,0,0,06-JAN-2025
OPTSTK,JIOFIN,27-Mar-2025,2025-03-27,310.00,CE,4.00,14.80,4.00,14.80,13.30,7,36.782625,8250,8250,06-JAN-2025
OPTSTK,JIOFIN,30-Jan-2025,2025-01-30,325.00,PE,20.00,30.15,20.00,29.40,29.40,51,295.95555,257400,33000,06-JAN-2025
OPTSTK,JIOFIN,27-Feb-2025,2025-02-27,325.00,PE,0.00,0.00,0.00,27.85,30.30,0,0.00,0,0,06-JAN-2025
OPTSTK,JIOFIN,27-Feb-2025,2025-02-27,325.00,CE,5.80,6.65,5.80,6.65,5.15,2,10.930425,3300,1650,06-JAN-2025
OPTSTK,JIOFIN,27-Mar-2025,2025-03-27,340.00,PE,0.00,0.00,0.00,40.30,43.40,0,0.00,0,0,06-JAN-2025
OPTSTK,JIOFIN,30-Jan-2025,2025-01-30,315.00,CE,7.60,8.25,3.75,4.10,4.10,1514,7991.63887,1103850,70950,06-JAN-2025
OPTSTK,JIOFIN,30-Jan-2025,2025-01-30,400.00,CE,0.25,0.25,0.15,0.15,0.15,9,59.428875,745800,-3300,06-JAN-2025
OPTSTK,JIOFIN,27-Mar-2025,2025-03-27,280.00,CE,0.00,0.00,0.00,40.05,28.90,0,0.00,0,0,06-JAN-2025
OPTSTK,JIOFIN,27-Feb-2025,2025-02-27,280.00,CE,0.00,0.00,0.00,55.95,25.20,0,0.00,0,0,06-JAN-2025
OPTSTK,JIOFIN,30-Jan-2025,2025-01-30,275.00,PE,1.20,2.95,1.20,2.70,2.70,533,2436.6771,542850,163350,06-JAN-2025
OPTSTK,JIOFIN,30-Jan-2025,2025-01-30,360.00,CE,0.65,0.65,0.30,0.40,0.40,406,2414.25112,754050,-9900,06-JAN-2025
OPTSTK,JIOFIN,30-Jan-2025,2025-01-30,350.00,PE,50.00,53.60,50.00,53.55,53.55,6,39.8904,217800,-6600,06-JAN-2025
FUTSTK,JIOFIN,27-Mar-2025,2025-03-27,,,311.20,311.20,300.15,301.75,301.75,183,919.4823,564300,174900,06-JAN-2025
OPTSTK,JIOFIN,27-Feb-2025,2025-02-27,260.00,PE,0.00,0.00,0.00,2.50,1.75,0,0.00,1650,0,06-JAN-2025
OPTSTK,JIOFIN,30-Jan-2025,2025-01-30,345.00,PE,37.85,45.35,37.85,45.35,47.10,6,38.1744,16500,4950,06-JAN-2025
OPTSTK,JIOFIN,30-Jan-2025,2025-01-30,365.00,CE,0.50,1.45,0.30,0.30,0.30,53,319.5522,318450,-14850,06-JAN-2025
OPTSTK,JIOFIN,30-Jan-2025,2025-01-30,380.00,CE,0.20,0.20,0.20,0.20,0.05,1,6.2733,331650,-1650,06-JAN-2025
OPTSTK,JIOFIN,27-Feb-2025,2025-02-27,260.00,CE,0.00,0.00,0.00,72.55,40.95,0,0.00,0,0,06-JAN-2025
OPTSTK,JIOFIN,30-Jan-2025,2025-01-30,330.00,CE,3.00,3.30,1.55,1.75,1.75,1894,10374.5235,2379300,66000,06-JAN-2025
OPTSTK,JIOFIN,30-Jan-2025,2025-01-30,390.00,CE,0.00,0.00,0.00,0.25,0.05,0,0.00,31350,0,06-JAN-2025
OPTSTK,JIOFIN,27-Mar-2025,2025-03-27,270.00,CE,0.00,0.00,0.00,47.10,35.90,0,0.00,0,0,06-JAN-2025
OPTSTK,JIOFIN,27-Feb-2025,2025-02-27,270.00,CE,0.00,0.00,0.00,64.00,32.60,0,0.00,0,0,06-JAN-2025
OPTSTK,JIOFIN,30-Jan-2025,2025-01-30,360.00,PE,0.00,0.00,0.00,53.00,61.80,0,0.00,0,0,06-JAN-2025
OPTSTK,JIOFIN,30-Jan-2025,2025-01-30,305.00,PE,8.10,15.40,8.05,14.35,14.35,992,5170.59757,697950,-173250,06-JAN-2025
OPTSTK,JIOFIN,30-Jan-2025,2025-01-30,290.00,CE,20.00,20.65,13.75,14.55,14.55,284,1433.64375,122100,-4950,06-JAN-2025
OPTSTK,JIOFIN,27-Feb-2025,2025-02-27,290.00,CE,0.00,0.00,0.00,48.45,18.80,0,0.00,0,0,06-JAN-2025
OPTSTK,JIOFIN,30-Jan-2025,2025-01-30,280.00,PE,1.60,4.00,1.60,3.70,3.70,1082,5050.3464,1612050,-183150,06-JAN-2025
OPTSTK,TATAMOTORS,27-Mar-2025,2025-03-27,920.00,PE,0.00,0.00,0.00,171.70,137.65,0,0.00,0,0,06-JAN-2025
OPTSTK,TATAMOTORS,27-Feb-2025,2025-02-27,750.00,PE,15.00,24.65,14.10,20.65,20.65,219,923.934,126500,36850,06-JAN-2025
OPTSTK,TATAMOTORS,27-Feb-2025,2025-02-27,800.00,PE,34.80,49.95,33.00,43.95,43.95,281,1294.6483,286550,84700,06-JAN-2025
OPTSTK,TATAMOTORS,27-Mar-2025,2025-03-27,640.00,CE,0.00,0.00,0.00,123.45,148.35,0,0.00,0,0,06-JAN-2025
OPTSTK,TATAMOTORS,27-Mar-2025,2025-03-27,660.00,CE,0.00,0.00,0.00,108.15,130.45,0,0.00,0,0,06-JAN-2025
OPTSTK,TATAMOTORS,27-Feb-2025,2025-02-27,680.00,PE,4.55,6.45,4.50,5.90,3.75,9,33.9515,5500,1650,06-JAN-2025
OPTSTK,TATAMOTORS,30-Jan-2025,2025-01-30,680.00,CE,117.65,117.65,99.70,99.70,99.70,50,216.910925,108900,0,06-JAN-2025
OPTSTK,TATAMOTORS,30-Jan-2025,2025-01-30,680.00,PE,1.75,3.00,1.10,2.15,2.15,2860,10727.8696,972950,-8250,06-JAN-2025
OPTSTK,TATAMOTORS,27-Mar-2025,2025-03-27,680.00,CE,0.00,0.00,0.00,93.95,113.35,0,0.00,0,0,06-JAN-2025
OPTSTK,TATAMOTORS,27-Feb-2025,2025-02-27,720.00,PE,8.95,13.95,8.80,12.20,12.20,42,168.8335,31350,3850,06-JAN-2025
OPTSTK,TATAMOTORS,27-Feb-2025,2025-02-27,720.00,CE,0.00,0.00,0.00,90.50,73.60,0,0.00,1100,0,06-JAN-2025
OPTSTK,TATAMOTORS,27-Mar-2025,2025-03-27,740.00,PE,0.00,0.00,0.00,44.30,21.80,0,0.00,0,0,06-JAN-2025
OPTSTK,TATAMOTORS,30-Jan-2025,2025-01-30,640.00,PE,0.45,1.15,0.45,0.80,0.80,376,1325.10097,432850,30250,06-JAN-2025
OPTSTK,TATAMOTORS,27-Feb-2025,2025-02-27,640.00,CE,0.00,0.00,0.00,157.65,143.40,0,0.00,0,0,06-JAN-2025
OPTSTK,TATAMOTORS,27-Feb-2025,2025-02-27,690.00,PE,4.90,4.90,4.90,4.90,4.95,5,19.10975,2750,2750,06-JAN-2025
OPTSTK,TATAMOTORS,30-Jan-2025,2025-01-30,690.00,CE,101.00,101.00,96.00,96.00,90.50,2,8.6735,62150,-550,06-JAN-2025
OPTSTK,TATAMOTORS,30-Jan-2025,2025-01-30,690.00,PE,1.60,3.75,1.35,2.70,2.70,2666,10150.1081,418000,-121000,06-JAN-2025
OPTSTK,TATAMOTORS,30-Jan-2025,2025-01-30,600.00,PE,0.35,0.45,0.25,0.35,0.35,233,769.30535,334950,55000,06-JAN-2025
OPTSTK,TATAMOTORS,30-Jan-2025,2025-01-30,850.00,CE,6.10,6.50,2.95,3.75,3.75,13462,63285.8858,3272500,403150,06-JAN-2025
OPTSTK,TATAMOTORS,27-Feb-2025,2025-02-27,850.00,CE,20.10,20.10,11.50,13.40,13.40,215,1023.0231,97900,74800,06-JAN-2025
OPTSTK,TATAMOTORS,27-Mar-2025,2025-03-27,680.00,PE,0.00,0.00,0.00,20.90,7.15,0,0.00,0,0,06-JAN-2025
OPTSTK,TATAMOTORS,30-Jan-2025,2025-01-30,720.00,CE,76.85,78.00,57.00,64.00,64.00,57,247.57425,360250,-4950,06-JAN-2025
OPTSTK,TATAMOTORS,27-Mar-2025,2025-03-27,720.00,CE,0.00,0.00,0.00,69.05,82.45,0,0.00,0,0,06-JAN-2025
OPTSTK,TATAMOTORS,27-Mar-2025,2025-03-27,840.00,PE,0.00,0.00,0.00,106.50,74.25,0,0.00,0,0,06-JAN-2025
OPTSTK,TATAMOTORS,30-Jan-2025,2025-01-30,840.00,PE,52.50,75.15,50.45,66.00,66.00,158,783.764575,205150,6600,06-JAN-2025
OPTSTK,TATAMOTORS,27-Mar-2025,2025-03-27,840.00,CE,0.00,0.00,0.00,30.00,22.80,0,0.00,550,0,06-JAN-2025
OPTSTK,TATAMOTORS,27-Feb-2025,2025-02-27,660.00,CE,0.00,0.00,0.00,140.90,124.60,0,0.00,0,0,06-JAN-2025
OPTSTK,TATAMOTORS,27-Feb-2025,2025-02-27,800.00,CE,35.55,36.50,24.50,28.85,28.85,849,3880.70512,765050,154000,06-JAN-2025
OPTSTK,TATAMOTORS,30-Jan-2025,2025-01-30,800.00,PE,22.00,42.25,21.75,33.95,33.95,10287,46972.1824,2856700,14850,06-JAN-2025
OPTSTK,TATAMOTORS,27-Mar-2025,2025-03-27,800.00,CE,47.20,49.70,41.00,41.95,41.95,58,269.19915,70950,20350,06-JAN-2025
OPTSTK,TATAMOTORS,27-Feb-2025,2025-02-27,880.00,PE,99.00,99.00,96.00,96.00,102.25,12,64.581,20900,5500,06-JAN-2025
OPTSTK,MOTHERSON,27-Mar-2025,2025-03-27,175.00,CE,0.00,0.00,0.00,6.65,3.45,0,0.00,0,0,06-JAN-2025
OPTSTK,MOTHERSON,30-Jan-2025,2025-01-30,175.00,PE,15.20,21.45,15.20,21.45,20.40,16,109.6169,315950,17750,06-JAN-2025
OPTSTK,MOTHERSON,30-Jan-2025,2025-01-30,177.50,PE,17.55,22.90,17.40,22.90,22.75,17,120.0539,71000,42600,06-JAN-2025
OPTSTK,MOTHERSON,30-Jan-2025,2025-01-30,190.00,CE,0.25,0.25,0.15,0.20,0.20,134,904.7672,2680250,-117150,06-JAN-2025
OPTSTK,MOTHERSON,27-Feb-2025,2025-02-27,162.50,PE,9.35,9.35,9.35,9.35,11.55,1,6.100675,3550,3550,06-JAN-2025
OPTSTK,MOTHERSON,30-Jan-2025,2025-01-30,162.50,PE,5.95,10.80,5.90,10.30,10.30,176,1066.81405,766800,124250,06-JAN-2025
OPTSTK,MOTHERSON,27-Mar-2025,2025-03-27,150.00,CE,0.00,0.00,0.00,17.10,12.85,0,0.00,0,0,06-JAN-2025
OPTSTK,MOTHERSON,30-Jan-2025,2025-01-30,200.00,CE,0.15,0.15,0.05,0.05,0.05,82,582.48755,894600,99400,06-JAN-2025
OPTSTK,MOTHERSON,27-Mar-2025,2025-03-27,150.00,PE,0.00,0.00,0.00,7.95,6.35,0,0.00,0,0,06-JAN-2025
OPTSTK,MOTHERSON,30-Jan-2025,2025-01-30,200.00,PE,40.00,44.80,40.00,44.80,44.80,13,112.107225,1004650,46150,06-JAN-2025
OPTSTK,MOTHERSON,30-Jan-2025,2025-01-30,175.00,CE,0.85,1.20,0.55,0.60,0.60,998,6226.15862,2417550,46150,06-JAN-2025
OPTSTK,MOTHERSON,27-Feb-2025,2025-02-27,175.00,PE,0.00,0.00,0.00,18.95,20.90,0,0.00,0,0,06-JAN-2025
OPTSTK,MOTHERSON,30-Jan-2025,2025-01-30,135.00,CE,19.50,20.05,19.50,20.05,20.15,3,16.4933,10650,10650,06-JAN-2025
FUTSTK,MOTHERSON,27-Feb-2025,2025-02-27,,,160.40,162.15,154.80,155.66,155.66,439,2453.64817,3798500,355000,06-JAN-2025
OPTSTK,MOTHERSON,27-Mar-2025,2025-03-27,165.00,PE,0.00,0.00,0.00,15.55,14.40,0,0.00,0,0,06-JAN-2025
OPTSTK,MOTHERSON,30-Jan-2025,2025-01-30,165.00,PE,7.95,12.40,7.35,12.20,12.20,144,894.995825,1434200,46150,06-JAN-2025
OPTSTK,MOTHERSON,27-Feb-2025,2025-02-27,165.00,PE,12.70,12.70,12.25,12.25,13.25,4,25.203225,7100,7100,06-JAN-2025
OPTSTK,MOTHERSON,27-Feb-2025,2025-02-27,140.00,CE,0.00,0.00,0.00,27.85,17.60,0,0.00,0,0,06-JAN-2025
OPTSTK,MOTHERSON,30-Jan-2025,2025-01-30,140.00,CE,15.65,15.65,15.45,15.45,15.60,7,38.650625,63900,21300,06-JAN-2025
OPTSTK,MOTHERSON,27-Feb-2025,2025-02-27,150.00,PE,3.90,5.50,3.90,5.25,5.25,38,209.0666,134900,60350,06-JAN-2025
OPTSTK,MOTHERSON,27-Mar-2025,2025-03-27,170.00,PE,0.00,0.00,0.00,18.70,17.80,0,0.00,0,0,06-JAN-2025
OPTSTK,MOTHERSON,27-Feb-2025,2025-02-27,147.50,CE,0.00,0.00,0.00,16.20,12.25,0,0.00,0,0,06-JAN-2025
OPTSTK,MOTHERSON,27-Feb-2025,2025-02-27,167.50,CE,0.00,0.00,0.00,6.65,3.40,0,0.00,0,0,06-JAN-2025
OPTSTK,MOTHERSON,30-Jan-2025,2025-01-30,170.00,CE,1.50,2.05,0.95,1.05,1.05,2252,13697.3075,4437500,78100,06-JAN-2025
OPTSTK,MOTHERSON,30-Jan-2025,2025-01-30,160.00,PE,5.50,9.00,4.60,8.45,8.45,880,5194.22687,2268450,-42600,06-JAN-2025
FUTSTK,ADANIGREEN,27-Feb-2025,2025-02-27,,,1043.00,1043.00,978.60,981.05,981.05,927,3485.49975,334500,101250,06-JAN-2025
OPTSTK,ADANIGREEN,27-Mar-2025,2025-03-27,1080.00,CE,0.00,0.00,0.00,153.70,77.75,0,0.00,0,0,06-JAN-2025
OPTSTK,ADANIGREEN,27-Mar-2025,2025-03-27,1200.00,PE,0.00,0.00,0.00,223.55,245.50,0,0.00,0,0,06-JAN-2025
OPTSTK,ADANIGREEN,27-Mar-2025,2025-03-27,880.00,CE,0.00,0.00,0.00,260.00,170.80,0,0.00,0,0,06-JAN-2025
OPTSTK,ADANIGREEN,30-Jan-2025,2025-01-30,880.00,CE,0.00,0.00,0.00,252.45,125.25,0,0.00,0,0,06-JAN-2025
OPTSTK,ADANIGREEN,30-Jan-2025,2025-01-30,1460.00,CE,0.00,0.00,0.00,2.05,0.30,0,0.00,25125,0,06-JAN-2025
OPTSTK,ADANIGREEN,27-Feb-2025,2025-02-27,880.00,CE,0.00,0.00,0.00,272.90,150.25,0,0.00,0,0,06-JAN-2025
OPTSTK,ADANIGREEN,27-Mar-2025,2025-03-27,880.00,PE,0.00,0.00,0.00,59.85,55.20,0,0.00,0,0,06-JAN-2025
OPTSTK,ADANIGREEN,30-Jan-2025,2025-01-30,1260.00,CE,5.00,6.30,4.70,5.15,5.15,34,161.305312,39000,375,06-JAN-2025
OPTSTK,ADANIGREEN,27-Feb-2025,2025-02-27,1060.00,CE,0.00,0.00,0.00,74.80,61.60,0,0.00,750,0,06-JAN-2025
OPTSTK,ADANIGREEN,30-Jan-2025,2025-01-30,1060.00,PE,67.05,110.00,65.30,108.40,108.40,176,757.97925,142500,-19125,06-JAN-2025
OPTSTK,ADANIGREEN,30-Jan-2025,2025-01-30,1220.00,CE,8.70,8.80,6.15,6.50,6.50,91,418.788187,49125,-17250,06-JAN-2025
OPTSTK,ADANIGREEN,30-Jan-2025,2025-01-30,1220.00,PE,0.00,0.00,0.00,170.50,238.30,0,0.00,3000,0,06-JAN-2025
OPTSTK,ADANIGREEN,30-Jan-2025,2025-01-30,1520.00,CE,0.00,0.00,0.00,2.00,0.15,0,0.00,26625,0,06-JAN-2025
OPTSTK,ADANIGREEN,27-Feb-2025,2025-02-27,1040.00,PE,99.00,99.00,99.00,99.00,116.05,1,4.27125,750,375,06-JAN-2025
OPTSTK,ADANIGREEN,27-Feb-2025,2025-02-27,1240.00,PE,0.00,0.00,0.00,230.75,266.55,0,0.00,0,0,06-JAN-2025
OPTSTK,ADANIGREEN,27-Feb-2025,2025-02-27,1000.00,PE,68.00,68.00,68.00,68.00,92.60,1,4.005,4125,375,06-JAN-2025
OPTSTK,ADANIGREEN,27-Mar-2025,2025-03-27,1000.00,PE,0.00,0.00,0.00,108.65,110.85,0,0.00,0,0,06-JAN-2025
OPTSTK,ADANIGREEN,30-Jan-2025,2025-01-30,960.00,CE,92.60,92.60,65.60,67.90,67.90,25,96.79275,12375,1875,06-JAN-2025
OPTSTK,ADANIGREEN,30-Jan-2025,2025-01-30,1180.00,CE,16.40,16.40,8.80,8.80,8.80,138,616.231125,61125,4500,06-JAN-2025
OPTSTK,ADANIGREEN,27-Feb-2025,2025-02-27,1180.00,CE,0.00,0.00,0.00,88.25,30.60,0,0.00,0,0,06-JAN-2025
OPTSTK,ADANIGREEN,30-Jan-2025,2025-01-30,1180.00,PE,173.30,173.35,173.30,173.35,202.05,2,10.1499375,14250,0,06-JAN-2025
OPTSTK,ADANIGREEN,27-Feb-2025,2025-02-27,1040.00,CE,61.00,65.00,61.00,65.00,68.70,5,20.6925,3375,1125,06-JAN-2025
OPTSTK,ADANIGREEN,27-Mar-2025,2025-03-27,1040.00,PE,0.00,0.00,0.00,128.45,134.00,0,0.00,0,0,06-JAN-2025
OPTSTK,ADANIGREEN,30-Jan-2025,2025-01-30,1040.00,CE,55.95,56.60,32.10,33.40,33.40,1296,5256.72393,239625,9750,06-JAN-2025
OPTSTK,ADANIGREEN,30-Jan-2025,2025-01-30,1080.00,CE,35.25,35.95,22.00,22.85,22.85,508,2108.2185,231375,21000,06-JAN-2025
OPTSTK,ADANIGREEN,30-Jan-2025,2025-01-30,1400.00,CE,2.50,3.00,2.10,2.35,2.35,247,1298.91768,265125,7875,06-JAN-2025
OPTSTK,ADANIGREEN,30-Jan-2025,2025-01-30,1500.00,CE,1.75,1.80,1.25,1.40,1.40,77,433.538062,118125,7125,06-JAN-2025
OPTSTK,ADANIGREEN,30-Jan-2025,2025-01-30,1300.00,PE,286.70,288.95,286.70,288.95,314.10,2,11.9086875,13500,375,06-JAN-2025
FUTSTK,ADANIGREEN,30-Jan-2025,2025-01-30,,,1044.65,1044.65,975.40,979.25,979.25,8384,31370.3495,9115875,375000,06-JAN-2025
OPTSTK,ADANIGREEN,27-Mar-2025,2025-03-27,920.00,CE,0.00,0.00,0.00,235.15,147.55,0,0.00,0,0,06-JAN-2025
OPTSTK,ATGL,27-Feb-2025,2025-02-27,810.00,CE,0.00,0.00,0.00,31.50,25.15,0,0.00,0,0,06-JAN-2025
OPTSTK,ATGL,27-Feb-2025,2025-02-27,650.00,PE,0.00,0.00,0.00,57.10,30.90,0,0.00,0,0,06-JAN-2025
FUTSTK,ATGL,30-Jan-2025,2025-01-30,,,721.60,721.60,686.25,691.65,691.65,1315,7106.27918,3312350,-77500,06-JAN-2025
OPTSTK,ATGL,27-Mar-2025,2025-03-27,640.00,PE,0.00,0.00,0.00,64.55,38.05,0,0.00,0,0,06-JAN-2025
OPTSTK,ATGL,30-Jan-2025,2025-01-30,680.00,CE,42.30,42.30,38.00,38.00,53.80,3,16.7574375,32550,-775,06-JAN-2025
OPTSTK,ATGL,27-Mar-2025,2025-03-27,680.00,CE,0.00,0.00,0.00,89.30,88.80,0,0.00,0,0,06-JAN-2025
OPTSTK,ATGL,27-Mar-2025,2025-03-27,620.00,CE,0.00,0.00,0.00,118.60,123.85,0,0.00,0,0,06-JAN-2025
OPTSTK,ATGL,30-Jan-2025,2025-01-30,620.00,CE,0.00,0.00,0.00,209.00,95.45,0,0.00,0,0,06-JAN-2025
OPTSTK,ATGL,27-Feb-2025,2025-02-27,830.00,PE,0.00,0.00,0.00,175.05,139.15,0,0.00,0,0,06-JAN-2025
OPTSTK,ATGL,30-Jan-2025,2025-01-30,640.00,PE,9.00,16.30,9.00,14.80,13.45,9,45.5316375,37975,775,06-JAN-2025
OPTSTK,ATGL,27-Mar-2025,2025-03-27,640.00,CE,0.00,0.00,0.00,108.10,111.25,0,0.00,0,0,06-JAN-2025
OPTSTK,ATGL,27-Feb-2025,2025-02-27,660.00,PE,0.00,0.00,0.00,38.40,34.75,0,0.00,0,0,06-JAN-2025
OPTSTK,ATGL,27-Mar-2025,2025-03-27,840.00,CE,0.00,0.00,0.00,39.20,31.65,0,0.00,0,0,06-JAN-2025
OPTSTK,ATGL,27-Feb-2025,2025-02-27,620.00,CE,0.00,0.00,0.00,222.15,110.80,0,0.00,0,0,06-JAN-2025
OPTSTK,ATGL,27-Feb-2025,2025-02-27,620.00,PE,0.00,0.00,0.00,27.15,21.05,0,0.00,0,0,06-JAN-2025
OPTSTK,ATGL,27-Mar-2025,2025-03-27,700.00,PE,0.00,0.00,0.00,96.30,64.80,0,0.00,0,0,06-JAN-2025
OPTSTK,ATGL,30-Jan-2025,2025-01-30,700.00,PE,24.50,40.85,24.50,39.40,36.15,186,1055.60153,280550,-6975,06-JAN-2025
OPTSTK,ATGL,27-Feb-2025,2025-02-27,700.00,CE,0.00,0.00,0.00,76.75,63.35,0,0.00,3875,0,06-JAN-2025
OPTSTK,ATGL,27-Feb-2025,2025-02-27,700.00,PE,46.00,53.00,46.00,53.00,52.85,2,11.61725,17050,775,06-JAN-2025
OPTSTK,ATGL,27-Feb-2025,2025-02-27,630.00,CE,0.00,0.00,0.00,97.85,103.90,0,0.00,0,0,06-JAN-2025
OPTSTK,ATGL,30-Jan-2025,2025-01-30,630.00,CE,0.00,0.00,0.00,201.20,87.60,0,0.00,0,0,06-JAN-2025
FUTSTK,ATGL,27-Feb-2025,2025-02-27,,,702.60,705.05,675.05,680.80,680.80,217,1154.90422,306900,56575,06-JAN-2025
OPTSTK,ATGL,30-Jan-2025,2025-01-30,690.00,CE,36.45,36.45,33.30,33.30,33.30,3,16.86555,22475,0,06-JAN-2025
OPTSTK,ATGL,30-Jan-2025,2025-01-30,600.00,CE,0.00,0.00,0.00,225.00,112.05,0,0.00,0,0,06-JAN-2025
OPTSTK,ATGL,27-Feb-2025,2025-02-27,600.00,CE,0.00,0.00,0.00,237.05,125.35,0,0.00,0,0,06-JAN-2025
OPTSTK,ATGL,27-Mar-2025,2025-03-27,600.00,CE,0.00,0.00,0.00,129.90,137.35,0,0.00,0,0,06-JAN-2025
OPTSTK,ATGL,27-Feb-2025,2025-02-27,850.00,CE,0.00,0.00,0.00,23.85,17.30,0,0.00,0,0,06-JAN-2025
OPTSTK,ATGL,27-Feb-2025,2025-02-27,850.00,PE,0.00,0.00,0.00,191.15,155.35,0,0.00,0,0,06-JAN-2025
OPTSTK,ATGL,27-Feb-2025,2025-02-27,680.00,CE,0.00,0.00,0.00,181.10,73.55,0,0.00,0,0,06-JAN-2025
OPTSTK,ATGL,27-Feb-2025,2025-02-27,680.00,PE,0.00,0.00,0.00,45.00,43.25,0,0.00,0,0,06-JAN-2025
OPTSTK,ATGL,27-Feb-2025,2025-02-27,640.00,PE,0.00,0.00,0.00,32.45,27.35,0,0.00,0,0,06-JAN-2025
OPTSTK,ATGL,30-Jan-2025,2025-01-30,800.00,CE,7.60,7.60,4.20,5.35,5.35,531,3312.99053,282875,-17050,06-JAN-2025
OPTSTK,ATGL,27-Mar-2025,2025-03-27,880.00,CE,0.00,0.00,0.00,31.55,23.85,0,0.00,0,0,06-JAN-2025
OPTSTK,SHREECEM,27-Mar-2025,2025-03-27,28000.00,CE,0.00,0.00,0.00,986.75,528.35,0,0.00,0,0,06-JAN-2025
OPTSTK,SHREECEM,27-Feb-2025,2025-02-27,25000.00,PE,0.00,0.00,0.00,500.00,444.00,0,0.00,75,0,06-JAN-2025
OPTSTK,SHREECEM,30-Jan-2025,2025-01-30,27250.00,CE,311.65,311.65,233.70,233.70,233.70,6,41.2719,375,25,06-JAN-2025
OPTSTK,SHREECEM,27-Feb-2025,2025-02-27,23750.00,PE,0.00,0.00,0.00,238.20,157.90,0,0.00,0,0,06-JAN-2025
OPTSTK,SHREECEM,30-Jan-2025,2025-01-30,21500.00,CE,0.00,0.00,0.00,4122.95,4503.55,0,0.00,0,0,06-JAN-2025
OPTSTK,SHREECEM,30-Jan-2025,2025-01-30,28250.00,CE,0.00,0.00,0.00,160.05,67.10,0,0.00,1000,0,06-JAN-2025
OPTSTK,SHREECEM,27-Feb-2025,2025-02-27,27500.00,CE,0.00,0.00,0.00,827.15,428.40,0,0.00,0,0,06-JAN-2025
OPTSTK,SHREECEM,27-Mar-2025,2025-03-27,29500.00,CE,0.00,0.00,0.00,566.05,236.60,0,0.00,0,0,06-JAN-2025
OPTSTK,SHREECEM,27-Feb-2025,2025-02-27,29500.00,PE,0.00,0.00,0.00,3788.95,3411.85,0,0.00,0,0,06-JAN-2025
OPTSTK,SHREECEM,30-Jan-2025,2025-01-30,29500.00,PE,0.00,0.00,0.00,4182.95,3473.40,0,0.00,0,0,06-JAN-2025
OPTSTK,SHREECEM,27-Mar-2025,2025-03-27,26000.00,PE,0.00,0.00,0.00,1068.35,1001.45,0,0.00,0,0,06-JAN-2025
OPTSTK,SHREECEM,27-Feb-2025,2025-02-27,26000.00,PE,0.00,0.00,0.00,1393.15,845.75,0,0.00,0,0,06-JAN-2025
OPTSTK,SHREECEM,30-Jan-2025,2025-01-30,25250.00,CE,0.00,0.00,0.00,1236.05,1078.60,0,0.00,125,0,06-JAN-2025
OPTSTK,SHREECEM,27-Feb-2025,2025-02-27,24250.00,CE,0.00,0.00,0.00,2731.90,2137.15,0,0.00,0,0,06-JAN-2025
OPTSTK,SHREECEM,27-Feb-2025,2025-02-27,24250.00,PE,0.00,0.00,0.00,335.15,247.05,0,0.00,0,0,06-JAN-2025
OPTSTK,SHREECEM,30-Jan-2025,2025-01-30,24250.00,PE,0.00,0.00,0.00,206.00,92.45,0,0.00,125,0,06-JAN-2025
OPTSTK,SHREECEM,30-Jan-2025,2025-01-30,24250.00,CE,0.00,0.00,0.00,1531.45,1857.80,0,0.00,50,0,06-JAN-2025
FUTSTK,SHREECEM,30-Jan-2025,2025-01-30,,,25910.45,26364.05,25478.35,25708.00,25708.00,2651,17159.9416,367550,7700,06-JAN-2025
OPTSTK,SHREECEM,27-Feb-2025,2025-02-27,24500.00,PE,0.00,0.00,0.00,743.45,303.65,0,0.00,0,0,06-JAN-2025
OPTSTK,SHREECEM,30-Jan-2025,2025-01-30,24500.00,PE,152.50,325.00,120.35,273.65,273.65,101,623.839425,2425,450,06-JAN-2025
OPTSTK,SHREECEM,27-Mar-2025,2025-03-27,24500.00,CE,0.00,0.00,0.00,2827.80,2208.55,0,0.00,0,0,06-JAN-2025
OPTSTK,SHREECEM,27-Feb-2025,2025-02-27,24500.00,CE,0.00,0.00,0.00,2230.95,1946.10,0,0.00,0,0,06-JAN-2025
OPTSTK,SHREECEM,27-Feb-2025,2025-02-27,29250.00,PE,0.00,0.00,0.00,2927.65,3186.55,0,0.00,0,0,06-JAN-2025
OPTSTK,SHREECEM,30-Jan-2025,2025-01-30,29250.00,PE,0.00,0.00,0.00,3563.50,3229.90,0,0.00,0,0,06-JAN-2025
OPTSTK,SHREECEM,30-Jan-2025,2025-01-30,29250.00,CE,0.00,0.00,0.00,225.35,17.40,0,0.00,0,0,06-JAN-2025
OPTSTK,SHREECEM,27-Feb-2025,2025-02-27,29250.00,CE,0.00,0.00,0.00,387.10,124.50,0,0.00,0,0,06-JAN-2025
OPTSTK,SHREECEM,27-Mar-2025,2025-03-27,22000.00,CE,0.00,0.00,0.00,4855.20,4291.30,0,0.00,0,0,06-JAN-2025
OPTSTK,SHREECEM,27-Feb-2025,2025-02-27,28500.00,CE,0.00,0.00,0.00,559.75,218.25,0,0.00,0,0,06-JAN-2025
OPTSTK,SHREECEM,27-Mar-2025,2025-03-27,24000.00,CE,0.00,0.00,0.00,3192.50,2577.75,0,0.00,0,0,06-JAN-2025
OPTSTK,SHREECEM,27-Mar-2025,2025-03-27,24000.00,PE,0.00,0.00,0.00,416.40,317.30,0,0.00,0,0,06-JAN-2025
OPTSTK,SHREECEM,30-Jan-2025,2025-01-30,22000.00,PE,0.00,0.00,0.00,12.05,1.25,0,0.00,1350,0,06-JAN-2025
OPTSTK,SHREECEM,30-Jan-2025,2025-01-30,22000.00,CE,0.00,0.00,0.00,3699.90,4006.70,0,0.00,0,0,06-JAN-2025
OPTSTK,SBICARD,27-Feb-2025,2025-02-27,700.00,PE,14.00,15.70,9.00,15.70,9.80,64,365.0428,42400,24800,06-JAN-2025
OPTSTK,SBICARD,27-Mar-2025,2025-03-27,610.00,CE,0.00,0.00,0.00,87.60,130.35,0,0.00,0,0,06-JAN-2025
FUTSTK,ABCAPITAL,30-Jan-2025,2025-01-30,,,184.66,186.56,175.80,176.76,176.76,3760,18157.9436,58857300,-51300,06-JAN-2025
FUTSTK,ABCAPITAL,27-Mar-2025,2025-03-27,,,186.60,186.60,178.70,178.70,178.70,37,180.84114,145800,51300,06-JAN-2025
OPTSTK,SBICARD,30-Jan-2025,2025-01-30,710.00,PE,11.95,12.95,4.95,11.25,11.25,867,4984.2524,173600,-19200,06-JAN-2025
OPTSTK,SBICARD,30-Jan-2025,2025-01-30,835.00,PE,0.00,0.00,0.00,116.25,100.95,0,0.00,0,0,06-JAN-2025
OPTSTK,SBICARD,30-Jan-2025,2025-01-30,570.00,CE,0.00,0.00,0.00,131.00,163.05,0,0.00,0,0,06-JAN-2025
OPTSTK,SBICARD,27-Feb-2025,2025-02-27,570.00,PE,0.00,0.00,0.00,1.15,0.05,0,0.00,0,0,06-JAN-2025
OPTSTK,SBICARD,27-Feb-2025,2025-02-27,775.00,CE,0.00,0.00,0.00,5.35,10.90,0,0.00,0,0,06-JAN-2025
OPTSTK,SBICARD,27-Feb-2025,2025-02-27,685.00,PE,0.00,0.00,0.00,27.90,6.25,0,0.00,0,0,06-JAN-2025
OPTSTK,SBICARD,27-Feb-2025,2025-02-27,685.00,CE,0.00,0.00,0.00,30.65,58.35,0,0.00,0,0,06-JAN-2025
OPTSTK,SBICARD,30-Jan-2025,2025-01-30,685.00,PE,3.05,6.30,2.55,5.35,5.35,431,2375.516,56800,-36000,06-JAN-2025
OPTSTK,SBICARD,27-Feb-2025,2025-02-27,835.00,CE,0.00,0.00,0.00,1.20,2.05,0,0.00,0,0,06-JAN-2025
OPTSTK,SBICARD,27-Feb-2025,2025-02-27,570.00,CE,0.00,0.00,0.00,153.35,166.00,0,0.00,0,0,06-JAN-2025
OPTSTK,SBICARD,30-Jan-2025,2025-01-30,865.00,PE,0.00,0.00,0.00,157.65,130.65,0,0.00,0,0,06-JAN-2025
OPTSTK,SBICARD,27-Feb-2025,2025-02-27,865.00,CE,0.00,0.00,0.00,0.85,0.75,0,0.00,0,0,06-JAN-2025
OPTSTK,SBICARD,27-Feb-2025,2025-02-27,865.00,PE,0.00,0.00,0.00,153.55,126.95,0,0.00,0,0,06-JAN-2025
OPTSTK,SBICARD,30-Jan-2025,2025-01-30,865.00,CE,0.00,0.00,0.00,0.05,0.05,0,0.00,0,0,06-JAN-2025
OPTSTK,ABCAPITAL,30-Jan-2025,2025-01-30,192.50,PE,0.00,0.00,0.00,10.00,16.80,0,0.00,124200,0,06-JAN-2025
OPTSTK,ABCAPITAL,30-Jan-2025,2025-01-30,192.50,CE,1.95,2.05,1.10,1.15,1.15,202,1057.96665,332100,-48600,06-JAN-2025
OPTSTK,SBICARD,30-Jan-2025,2025-01-30,850.00,PE,0.00,0.00,0.00,149.90,115.75,0,0.00,0,0,06-JAN-2025
OPTSTK,SBICARD,30-Jan-2025,2025-01-30,850.00,CE,0.75,2.75,0.65,0.95,0.95,1370,9333.1496,261600,96000,06-JAN-2025
OPTSTK,SBICARD,27-Mar-2025,2025-03-27,850.00,CE,0.00,0.00,0.00,2.40,3.70,0,0.00,0,0,06-JAN-2025
OPTSTK,SBICARD,27-Feb-2025,2025-02-27,815.00,CE,0.00,0.00,0.00,2.05,3.75,0,0.00,0,0,06-JAN-2025
OPTSTK,SBICARD,27-Mar-2025,2025-03-27,630.00,PE,0.00,0.00,0.00,11.70,1.80,0,0.00,0,0,06-JAN-2025
OPTSTK,ABCAPITAL,27-Feb-2025,2025-02-27,192.50,CE,0.00,0.00,0.00,9.85,3.85,0,0.00,0,0,06-JAN-2025
OPTSTK,ABCAPITAL,27-Feb-2025,2025-02-27,192.50,PE,0.00,0.00,0.00,15.60,18.25,0,0.00,0,0,06-JAN-2025
OPTSTK,SBICARD,30-Jan-2025,2025-01-30,690.00,CE,61.50,69.00,47.10,49.30,46.55,61,364.8668,125600,0,06-JAN-2025
OPTSTK,SBICARD,30-Jan-2025,2025-01-30,690.00,PE,4.05,7.30,2.90,6.15,6.15,865,4805.8008,175200,-17600,06-JAN-2025
OPTSTK,SBICARD,27-Feb-2025,2025-02-27,690.00,CE,0.00,0.00,0.00,56.35,54.45,0,0.00,0,0,06-JAN-2025
OPTSTK,ABCAPITAL,27-Feb-2025,2025-02-27,187.50,PE,0.00,0.00,0.00,12.75,14.70,0,0.00,0,0,06-JAN-2025
OPTSTK,ABCAPITAL,30-Jan-2025,2025-01-30,187.50,PE,6.35,13.40,6.35,12.50,12.50,65,347.3388,421200,29700,06-JAN-2025
OPTSTK,MRF,27-Feb-2025,2025-02-27,126500.00,PE,0.00,0.00,0.00,2746.35,5244.70,0,0.00,0,0,06-JAN-2025
OPTSTK,MRF,30-Jan-2025,2025-01-30,126500.00,PE,0.00,0.00,0.00,5876.50,4477.60,0,0.00,0,0,06-JAN-2025
OPTSTK,MRF,30-Jan-2025,2025-01-30,126500.00,CE,3546.60,3546.60,1553.75,1676.00,1676.00,102,656.670717,350,330,06-JAN-2025
OPTSTK,MRF,30-Jan-2025,2025-01-30,130500.00,CE,852.05,934.60,790.20,800.00,800.00,17,111.649152,425,30,06-JAN-2025
OPTSTK,BAJFINANCE,30-Jan-2025,2025-01-30,7600.00,CE,134.40,204.95,90.10,99.20,99.20,26535,256998.876,313250,76375,06-JAN-2025
OPTSTK,BAJFINANCE,27-Mar-2025,2025-03-27,6600.00,PE,0.00,0.00,0.00,260.30,72.05,0,0.00,0,0,06-JAN-2025
OPTSTK,BAJFINANCE,30-Jan-2025,2025-01-30,8000.00,CE,39.95,66.00,25.40,27.80,27.80,22019,221398.509,484875,87875,06-JAN-2025
OPTSTK,BAJFINANCE,27-Feb-2025,2025-02-27,8000.00,PE,500.00,600.00,500.00,600.00,672.50,9,95.835875,1625,1000,06-JAN-2025
OPTSTK,BAJFINANCE,27-Mar-2025,2025-03-27,8200.00,PE,0.00,0.00,0.00,1316.05,850.95,0,0.00,0,0,06-JAN-2025
OPTSTK,BAJFINANCE,30-Jan-2025,2025-01-30,8200.00,CE,26.00,35.90,13.85,15.20,15.20,6639,68245.2581,174000,26375,06-JAN-2025
OPTSTK,MRF,30-Jan-2025,2025-01-30,120500.00,CE,0.00,0.00,0.00,7773.25,4315.30,0,0.00,0,0,06-JAN-2025
OPTSTK,MRF,27-Feb-2025,2025-02-27,125000.00,PE,0.00,0.00,0.00,5776.65,4378.45,0,0.00,0,0,06-JAN-2025
OPTSTK,MRF,30-Jan-2025,2025-01-30,122000.00,PE,985.00,2700.65,985.00,1904.00,1975.20,50,311.045722,35,25,06-JAN-2025
OPTSTK,MRF,27-Feb-2025,2025-02-27,123500.00,CE,0.00,0.00,0.00,11127.60,4158.55,0,0.00,0,0,06-JAN-2025
OPTSTK,MRF,27-Feb-2025,2025-02-27,125500.00,CE,0.00,0.00,0.00,9704.80,3234.20,0,0.00,0,0,06-JAN-2025
OPTSTK,MRF,30-Jan-2025,2025-01-30,141000.00,PE,0.00,0.00,0.00,17013.30,17515.25,0,0.00,0,0,06-JAN-2025
OPTSTK,BAJFINANCE,30-Jan-2025,2025-01-30,7800.00,PE,313.70,496.05,291.95,455.70,455.70,276,2818.15987,36750,-1750,06-JAN-2025
OPTSTK,MRF,30-Jan-2025,2025-01-30,132500.00,CE,0.00,0.00,0.00,2508.45,299.65,0,0.00,0,0,06-JAN-2025
OPTSTK,MRF,27-Feb-2025,2025-02-27,132500.00,PE,0.00,0.00,0.00,5251.80,9501.20,0,0.00,0,0,06-JAN-2025
OPTSTK,BAJFINANCE,30-Jan-2025,2025-01-30,7800.00,CE,63.60,117.05,47.00,51.40,51.40,15113,148886.380,314125,57250,06-JAN-2025
OPTSTK,MRF,27-Feb-2025,2025-02-27,132500.00,CE,0.00,0.00,0.00,5617.30,1144.90,0,0.00,0,0,06-JAN-2025
OPTSTK,MRF,30-Jan-2025,2025-01-30,132500.00,PE,0.00,0.00,0.00,4889.10,9337.20,0,0.00,15,0,06-JAN-2025
OPTSTK,BAJFINANCE,27-Mar-2025,2025-03-27,7800.00,PE,0.00,0.00,0.00,985.75,561.70,0,0.00,0,0,06-JAN-2025
OPTSTK,MRF,27-Mar-2025,2025-03-27,130000.00,CE,0.00,0.00,0.00,8379.75,2742.25,0,0.00,0,0,06-JAN-2025
OPTSTK,MRF,27-Mar-2025,2025-03-27,127000.00,PE,0.00,0.00,0.00,3645.40,6071.70,0,0.00,0,0,06-JAN-2025
OPTSTK,MRF,30-Jan-2025,2025-01-30,127000.00,PE,4817.00,5000.00,4727.90,4986.90,4986.90,7,46.1506675,95,-10,06-JAN-2025
OPTSTK,MRF,27-Mar-2025,2025-03-27,127000.00,CE,0.00,0.00,0.00,10143.20,3812.45,0,0.00,0,0,06-JAN-2025
OPTSTK,MRF,27-Feb-2025,2025-02-27,127000.00,CE,0.00,0.00,0.00,5764.20,2643.70,0,0.00,0,0,06-JAN-2025
OPTSTK,BAJFINANCE,27-Feb-2025,2025-02-27,6600.00,CE,0.00,0.00,0.00,420.35,852.80,0,0.00,0,0,06-JAN-2025
OPTSTK,BAJFINANCE,30-Jan-2025,2025-01-30,7400.00,CE,240.00,327.05,160.10,178.15,178.15,12196,116221.843,322750,38375,06-JAN-2025
OPTSTK,BAJFINANCE,27-Feb-2025,2025-02-27,7400.00,PE,183.00,255.65,160.00,255.65,281.05,43,407.787437,1500,625,06-JAN-2025
OPTIDX,NIFTYNXT50,30-Jan-2025,2025-01-30,65700.00,PE,0.00,0.00,0.00,1192.25,645.40,0,0.00,0,0,06-JAN-2025
OPTIDX,NIFTYNXT50,27-Mar-2025,2025-03-27,65700.00,PE,0.00,0.00,0.00,1364.60,1377.35,0,0.00,0,0,06-JAN-2025
OPTIDX,NIFTYNXT50,30-Jan-2025,2025-01-30,66900.00,PE,0.00,0.00,0.00,1539.25,1111.00,0,0.00,0,0,06-JAN-2025
OPTIDX,NIFTYNXT50,27-Feb-2025,2025-02-27,66900.00,CE,0.00,0.00,0.00,6214.05,2296.75,0,0.00,0,0,06-JAN-2025
OPTIDX,NIFTYNXT50,27-Feb-2025,2025-02-27,66900.00,PE,0.00,0.00,0.00,1208.55,1559.70,0,0.00,0,0,06-JAN-2025
OPTIDX,NIFTYNXT50,27-Mar-2025,2025-03-27,66900.00,PE,0.00,0.00,0.00,1768.25,1856.80,0,0.00,0,0,06-JAN-2025
OPTIDX,NIFTYNXT50,27-Mar-2025,2025-03-27,66900.00,CE,0.00,0.00,0.00,4608.90,2936.10,0,0.00,0,0,06-JAN-2025
OPTIDX,NIFTYNXT50,30-Jan-2025,2025-01-30,66900.00,CE,0.00,0.00,0.00,5624.55,1504.10,0,0.00,0,0,06-JAN-2025
OPTIDX,NIFTYNXT50,30-Jan-2025,2025-01-30,65200.00,PE,0.00,0.00,0.00,1062.30,499.75,0,0.00,0,0,06-JAN-2025
OPTIDX,NIFTYNXT50,27-Mar-2025,2025-03-27,65200.00,CE,0.00,0.00,0.00,5730.30,3959.10,0,0.00,0,0,06-JAN-2025
OPTIDX,NIFTYNXT50,27-Feb-2025,2025-02-27,65200.00,PE,0.00,0.00,0.00,803.85,913.50,0,0.00,0,0,06-JAN-2025
OPTIDX,NIFTYNXT50,30-Jan-2025,2025-01-30,65200.00,CE,0.00,0.00,0.00,6815.35,2585.30,0,0.00,0,0,06-JAN-2025
OPTIDX,NIFTYNXT50,27-Mar-2025,2025-03-27,65200.00,PE,0.00,0.00,0.00,1219.75,1204.80,0,0.00,0,0,06-JAN-2025
OPTIDX,NIFTYNXT50,27-Feb-2025,2025-02-27,65200.00,CE,0.00,0.00,0.00,7479.45,3334.30,0,0.00,0,0,06-JAN-2025
OPTIDX,NIFTYNXT50,30-Jan-2025,2025-01-30,69000.00,CE,1302.10,1334.55,786.00,859.40,859.40,95,664.34532,660,290,06-JAN-2025
OPTIDX,NIFTYNXT50,27-Feb-2025,2025-02-27,69000.00,PE,0.00,0.00,0.00,1876.75,2680.40,0,0.00,0,0,06-JAN-2025
OPTIDX,NIFTYNXT50,27-Feb-2025,2025-02-27,67600.00,PE,0.00,0.00,0.00,1406.70,1893.75,0,0.00,0,0,06-JAN-2025
OPTIDX,NIFTYNXT50,27-Mar-2025,2025-03-27,67600.00,PE,0.00,0.00,0.00,2036.75,2179.85,0,0.00,0,0,06-JAN-2025
OPTIDX,NIFTYNXT50,30-Jan-2025,2025-01-30,68900.00,PE,1349.95,1349.95,1349.95,1349.95,2267.75,1,7.024995,110,0,06-JAN-2025
OPTIDX,NIFTYNXT50,30-Jan-2025,2025-01-30,68900.00,CE,0.00,0.00,0.00,1650.00,669.65,0,0.00,0,0,06-JAN-2025
OPTIDX,NIFTYNXT50,27-Feb-2025,2025-02-27,68900.00,PE,0.00,0.00,0.00,1500.00,2619.10,0,0.00,0,0,06-JAN-2025
OPTIDX,NIFTYNXT50,27-Feb-2025,2025-02-27,70700.00,CE,0.00,0.00,0.00,3845.40,806.55,0,0.00,0,0,06-JAN-2025
OPTIDX,NIFTYNXT50,27-Feb-2025,2025-02-27,73700.00,CE,0.00,0.00,0.00,2466.25,283.70,0,0.00,0,0,06-JAN-2025
OPTIDX,NIFTYNXT50,30-Jan-2025,2025-01-30,73700.00,CE,0.00,0.00,0.00,2194.60,41.20,0,0.00,0,0,06-JAN-2025
OPTIDX,NIFTYNXT50,27-Feb-2025,2025-02-27,73700.00,PE,0.00,0.00,0.00,4140.95,6281.55,0,0.00,0,0,06-JAN-2025
OPTIDX,NIFTYNXT50,30-Jan-2025,2025-01-30,73700.00,PE,0.00,0.00,0.00,4780.35,6418.00,0,0.00,0,0,06-JAN-2025
OPTIDX,NIFTYNXT50,30-Jan-2025,2025-01-30,62900.00,CE,0.00,0.00,0.00,8608.15,4494.55,0,0.00,0,0,06-JAN-2025
OPTIDX,NIFTYNXT50,30-Jan-2025,2025-01-30,62900.00,PE,0.00,0.00,0.00,598.75,119.20,0,0.00,0,0,06-JAN-2025
OPTIDX,NIFTYNXT50,27-Feb-2025,2025-02-27,74500.00,CE,0.00,0.00,0.00,2169.20,207.75,0,0.00,0,0,06-JAN-2025
OPTIDX,NIFTYNXT50,27-Mar-2025,2025-03-27,74500.00,PE,0.00,0.00,0.00,5979.35,6902.10,0,0.00,0,0,06-JAN-2025
OPTIDX,NIFTYNXT50,27-Mar-2025,2025-03-27,74500.00,CE,0.00,0.00,0.00,1354.40,493.00,0,0.00,0,0,06-JAN-2025
OPTIDX,NIFTYNXT50,27-Feb-2025,2025-02-27,74500.00,PE,0.00,0.00,0.00,4629.75,6997.95,0,0.00,0,0,06-JAN-2025
OPTSTK,PERSISTENT,27-Mar-2025,2025-03-27,7400.00,CE,0.00,0.00,0.00,206.30,86.85,0,0.00,0,0,06-JAN-2025
OPTSTK,PERSISTENT,30-Jan-2025,2025-01-30,6400.00,CE,236.35,268.00,181.20,188.35,188.35,1466,9702.6837,79400,7400,06-JAN-2025
OPTSTK,PERSISTENT,30-Jan-2025,2025-01-30,5400.00,CE,0.00,0.00,0.00,847.00,939.20,0,0.00,100,0,06-JAN-2025
OPTSTK,PERSISTENT,30-Jan-2025,2025-01-30,5400.00,PE,10.95,20.30,8.65,20.00,20.00,240,1300.04485,41700,2700,06-JAN-2025
OPTSTK,PERSISTENT,30-Jan-2025,2025-01-30,6300.00,CE,314.95,326.20,226.30,235.75,235.75,744,4881.77225,33000,5700,06-JAN-2025
OPTSTK,PERSISTENT,27-Mar-2025,2025-03-27,5800.00,PE,151.50,151.50,151.50,151.50,132.50,1,5.9515,100,100,06-JAN-2025
OPTSTK,PERSISTENT,27-Feb-2025,2025-02-27,5800.00,CE,0.00,0.00,0.00,522.95,654.15,0,0.00,0,0,06-JAN-2025
OPTSTK,PERSISTENT,30-Jan-2025,2025-01-30,5800.00,CE,582.15,582.20,582.15,582.20,570.30,2,12.76435,800,-100,06-JAN-2025
OPTSTK,PERSISTENT,30-Jan-2025,2025-01-30,5900.00,PE,41.00,91.85,41.00,90.30,90.30,104,620.59065,33400,-1900,06-JAN-2025
OPTSTK,PERSISTENT,27-Feb-2025,2025-02-27,5900.00,CE,0.00,0.00,0.00,744.50,580.35,0,0.00,0,0,06-JAN-2025
OPTSTK,PERSISTENT,27-Feb-2025,2025-02-27,5900.00,PE,0.00,0.00,0.00,174.75,112.80,0,0.00,0,0,06-JAN-2025
OPTSTK,PERSISTENT,27-Feb-2025,2025-02-27,7300.00,PE,0.00,0.00,0.00,961.65,969.70,0,0.00,0,0,06-JAN-2025
OPTSTK,PERSISTENT,30-Jan-2025,2025-01-30,7300.00,CE,21.25,21.25,18.40,18.40,8.95,6,43.92465,13100,-500,06-JAN-2025
OPTSTK,PERSISTENT,30-Jan-2025,2025-01-30,7300.00,PE,0.00,0.00,0.00,1438.25,965.50,0,0.00,0,0,06-JAN-2025
OPTSTK,PERSISTENT,27-Feb-2025,2025-02-27,7100.00,CE,0.00,0.00,0.00,194.45,78.25,0,0.00,0,0,06-JAN-2025
OPTSTK,PERSISTENT,30-Jan-2025,2025-01-30,7100.00,CE,43.00,45.00,30.40,32.00,32.00,72,513.84195,26300,-800,06-JAN-2025
OPTSTK,PERSISTENT,27-Mar-2025,2025-03-27,7200.00,PE,0.00,0.00,0.00,928.80,903.30,0,0.00,0,0,06-JAN-2025
OPTSTK,PERSISTENT,27-Mar-2025,2025-03-27,7200.00,CE,0.00,0.00,0.00,254.65,120.15,0,0.00,0,0,06-JAN-2025
OPTSTK,PERSISTENT,27-Feb-2025,2025-02-27,7000.00,CE,0.00,0.00,0.00,142.80,96.25,0,0.00,0,0,06-JAN-2025
OPTSTK,PERSISTENT,30-Jan-2025,2025-01-30,5700.00,PE,26.65,52.65,21.35,49.90,49.90,243,1395.57075,21400,-600,06-JAN-2025
OPTSTK,PERSISTENT,30-Jan-2025,2025-01-30,6800.00,CE,100.75,103.45,68.00,70.70,70.70,693,4771.03545,48600,4500,06-JAN-2025
OPTSTK,PERSISTENT,30-Jan-2025,2025-01-30,7200.00,CE,30.65,32.10,22.05,24.95,24.95,115,830.98385,31300,-4100,06-JAN-2025
OPTSTK,PERSISTENT,27-Feb-2025,2025-02-27,6900.00,PE,0.00,0.00,0.00,669.15,640.45,0,0.00,0,0,06-JAN-2025
OPTSTK,PERSISTENT,27-Feb-2025,2025-02-27,6000.00,CE,0.00,0.00,0.00,430.70,511.30,0,0.00,0,0,06-JAN-2025
OPTSTK,PERSISTENT,27-Feb-2025,2025-02-27,6500.00,PE,429.10,429.10,410.00,410.05,370.05,3,20.74915,200,100,06-JAN-2025
OPTSTK,PERSISTENT,27-Feb-2025,2025-02-27,5800.00,PE,0.00,0.00,0.00,135.00,87.50,0,0.00,500,0,06-JAN-2025
OPTSTK,PERSISTENT,27-Mar-2025,2025-03-27,6800.00,CE,0.00,0.00,0.00,380.90,219.20,0,0.00,0,0,06-JAN-2025
OPTSTK,PERSISTENT,27-Mar-2025,2025-03-27,6200.00,CE,0.00,0.00,0.00,655.65,475.30,0,0.00,0,0,06-JAN-2025
OPTSTK,PERSISTENT,27-Mar-2025,2025-03-27,5400.00,CE,0.00,0.00,0.00,1196.00,1042.75,0,0.00,0,0,06-JAN-2025
OPTSTK,INFY,30-Jan-2025,2025-01-30,1720.00,CE,0.00,0.00,0.00,240.00,226.25,0,0.00,1200,0,06-JAN-2025
OPTSTK,INFY,27-Feb-2025,2025-02-27,1720.00,PE,8.50,8.50,8.50,8.50,5.15,1,6.914,4000,400,06-JAN-2025
OPTSTK,INFY,30-Jan-2025,2025-01-30,1720.00,PE,3.50,4.45,2.25,4.15,4.15,917,6321.4798,273200,-35600,06-JAN-2025
OPTSTK,INFY,27-Mar-2025,2025-03-27,2040.00,CE,0.00,0.00,0.00,66.85,54.95,0,0.00,0,0,06-JAN-2025
OPTSTK,INFY,27-Mar-2025,2025-03-27,2040.00,PE,0.00,0.00,0.00,162.60,127.15,0,0.00,0,0,06-JAN-2025
OPTSTK,INFY,27-Feb-2025,2025-02-27,2280.00,CE,0.00,0.00,0.00,12.70,3.15,0,0.00,0,0,06-JAN-2025
OPTSTK,INFY,27-Feb-2025,2025-02-27,2280.00,PE,0.00,0.00,0.00,394.95,323.45,0,0.00,0,0,06-JAN-2025
OPTSTK,INFY,27-Mar-2025,2025-03-27,2120.00,CE,0.00,0.00,0.00,44.35,32.30,0,0.00,0,0,06-JAN-2025
OPTSTK,INFY,30-Jan-2025,2025-01-30,2100.00,PE,160.15,168.05,136.00,159.75,159.75,168,1519.7068,296400,18400,06-JAN-2025
OPTSTK,INFY,27-Feb-2025,2025-02-27,1940.00,PE,60.00,60.00,60.00,60.00,60.10,2,16,0,0,06-JAN-2025
OPTSTK,INFY,27-Mar-2025,2025-03-27,1720.00,PE,0.00,0.00,0.00,26.05,10.60,0,0.00,0,0,06-JAN-2025
FUTSTK,INFY,27-Feb-2025,2025-02-27,,,1966.50,1990.60,1950.85,1959.75,1959.75,703,5527.8724,466000,59200,06-JAN-2025
OPTSTK,INFY,27-Mar-2025,2025-03-27,1840.00,PE,0.00,0.00,0.00,60.05,34.20,0,0.00,0,0,06-JAN-2025
OPTSTK,INFY,30-Jan-2025,2025-01-30,1940.00,PE,43.25,53.00,34.65,49.20,49.20,5115,40620.6756,716800,152400,06-JAN-2025
OPTSTK,INFY,30-Jan-2025,2025-01-30,1940.00,CE,57.45,72.20,51.00,56.60,56.60,6871,54925.9816,1166000,88000,06-JAN-2025
OPTSTK,INFY,27-Feb-2025,2025-02-27,2080.00,PE,0.00,0.00,0.00,227.35,147.80,0,0.00,0,0,06-JAN-2025
OPTSTK,INFY,27-Feb-2025,2025-02-27,2140.00,PE,0.00,0.00,0.00,229.55,196.20,0,0.00,0,0,06-JAN-2025
OPTSTK,INFY,27-Feb-2025,2025-02-27,1860.00,PE,0.00,0.00,0.00,29.15,29.40,0,0.00,1200,0,06-JAN-2025
OPTSTK,INFY,30-Jan-2025,2025-01-30,1860.00,CE,115.00,128.60,102.60,109.05,109.05,74,583.0786,157200,-4000,06-JAN-2025
OPTSTK,INFY,27-Mar-2025,2025-03-27,1760.00,CE,0.00,0.00,0.00,214.50,220.00,0,0.00,0,0,06-JAN-2025
OPTSTK,INFY,30-Jan-2025,2025-01-30,1760.00,PE,6.25,7.30,3.80,7.00,7.00,908,6412.2382,342800,25200,06-JAN-2025
OPTSTK,INFY,30-Jan-2025,2025-01-30,2060.00,CE,13.85,18.65,12.20,13.65,13.65,2700,22406.659,545200,16800,06-JAN-2025
OPTSTK,INFY,27-Feb-2025,2025-02-27,2240.00,CE,0.00,0.00,0.00,16.35,5.00,0,0.00,0,0,06-JAN-2025
OPTSTK,INFY,27-Mar-2025,2025-03-27,2240.00,CE,0.00,0.00,0.00,22.45,13.05,0,0.00,0,0,06-JAN-2025
OPTSTK,INFY,27-Mar-2025,2025-03-27,2240.00,PE,0.00,0.00,0.00,314.60,282.30,0,0.00,0,0,06-JAN-2025
OPTSTK,INFY,30-Jan-2025,2025-01-30,1560.00,PE,0.70,1.00,0.35,0.85,0.85,99,618.0586,69200,2800,06-JAN-2025
OPTSTK,INFY,27-Mar-2025,2025-03-27,2080.00,CE,0.00,0.00,0.00,54.60,42.45,0,0.00,0,0,06-JAN-2025
OPTSTK,INFY,30-Jan-2025,2025-01-30,2000.00,CE,27.95,38.55,25.20,28.20,28.20,14513,117868.236,5932000,611600,06-JAN-2025
OPTSTK,INFY,30-Jan-2025,2025-01-30,1800.00,PE,9.70,12.15,6.70,11.55,11.55,3633,26298.34,749200,-53200,06-JAN-2025
OPTSTK,INFY,27-Feb-2025,2025-02-27,2060.00,CE,0.00,0.00,0.00,41.00,30.45,0,0.00,0,0,06-JAN-2025
OPTSTK,INFY,30-Jan-2025,2025-01-30,2060.00,PE,108.65,132.15,102.75,125.95,124.10,18,156.8364,40000,800,06-JAN-2025
OPTSTK,INFY,30-Jan-2025,2025-01-30,2080.00,PE,128.65,149.00,124.10,138.65,141.10,14,124.1512,9600,0,06-JAN-2025
OPTSTK,DIXON,27-Feb-2025,2025-02-27,15500.00,PE,0.00,0.00,0.00,1256.90,162.25,0,0.00,0,0,06-JAN-2025
OPTSTK,DIXON,27-Feb-2025,2025-02-27,15500.00,CE,0.00,0.00,0.00,1644.65,2848.30,0,0.00,0,0,06-JAN-2025
OPTSTK,DIXON,27-Mar-2025,2025-03-27,15000.00,PE,0.00,0.00,0.00,402.55,198.95,0,0.00,0,0,06-JAN-2025
OPTSTK,DIXON,30-Jan-2025,2025-01-30,20500.00,PE,0.00,0.00,0.00,4783.95,2466.75,0,0.00,0,0,06-JAN-2025
OPTSTK,DIXON,27-Feb-2025,2025-02-27,20500.00,PE,0.00,0.00,0.00,4648.25,2591.00,0,0.00,0,0,06-JAN-2025
OPTSTK,DIXON,30-Jan-2025,2025-01-30,18250.00,PE,462.55,828.15,419.90,741.30,741.30,2673,25180.3403,28400,-4900,06-JAN-2025
OPTSTK,DIXON,30-Jan-2025,2025-01-30,18250.00,CE,797.75,947.90,562.05,640.70,640.70,2978,28267.1384,54700,6850,06-JAN-2025
OPTSTK,DIXON,30-Jan-2025,2025-01-30,14500.00,PE,23.00,27.55,23.00,26.80,26.80,11,79.889375,4900,-100,06-JAN-2025
OPTSTK,DIXON,27-Feb-2025,2025-02-27,16750.00,CE,0.00,0.00,0.00,2215.45,1887.85,0,0.00,0,0,06-JAN-2025
OPTSTK,DIXON,30-Jan-2025,2025-01-30,17250.00,CE,1450.00,1450.00,1450.00,1450.00,1208.70,2,18.7,5350,0,06-JAN-2025
OPTSTK,DIXON,30-Jan-2025,2025-01-30,14000.00,PE,18.00,22.95,15.25,21.15,21.15,104,728.985575,26600,1450,06-JAN-2025
OPTSTK,DIXON,27-Feb-2025,2025-02-27,17250.00,PE,0.00,0.00,0.00,910.95,610.20,0,0.00,0,0,06-JAN-2025
OPTSTK,DIXON,27-Mar-2025,2025-03-27,20000.00,CE,0.00,0.00,0.00,1061.85,679.70,0,0.00,0,0,06-JAN-2025
OPTSTK,DIXON,27-Mar-2025,2025-03-27,15000.00,CE,0.00,0.00,0.00,3711.60,3457.00,0,0.00,0,0,06-JAN-2025
OPTSTK,DIXON,30-Jan-2025,2025-01-30,15000.00,PE,22.00,42.00,16.00,36.20,36.20,902,6778.14717,88100,-400,06-JAN-2025
OPTSTK,DIXON,27-Feb-2025,2025-02-27,20500.00,CE,324.95,324.95,324.95,324.95,324.95,1,10.412475,300,-50,06-JAN-2025
OPTSTK,DIXON,27-Feb-2025,2025-02-27,16750.00,PE,0.00,0.00,0.00,717.30,439.75,0,0.00,0,0,06-JAN-2025
OPTSTK,DIXON,30-Jan-2025,2025-01-30,21000.00,CE,90.05,98.10,50.05,54.55,54.55,1746,18399.5784,63200,3800,06-JAN-2025
OPTSTK,DIXON,27-Mar-2025,2025-03-27,21000.00,PE,0.00,0.00,0.00,3371.40,3099.90,0,0.00,0,0,06-JAN-2025
OPTSTK,DIXON,27-Feb-2025,2025-02-27,21000.00,PE,0.00,0.00,0.00,5256.95,3003.95,0,0.00,0,0,06-JAN-2025
OPTSTK,DIXON,30-Jan-2025,2025-01-30,15750.00,CE,0.00,0.00,0.00,2231.85,2415.70,0,0.00,950,0,06-JAN-2025
OPTSTK,DIXON,30-Jan-2025,2025-01-30,15750.00,PE,48.15,82.30,44.65,76.25,76.25,162,1280.92685,8800,550,06-JAN-2025
OPTSTK,DIXON,27-Feb-2025,2025-02-27,18750.00,PE,0.00,0.00,0.00,1662.90,1347.20,0,0.00,0,0,06-JAN-2025
OPTSTK,DIXON,27-Mar-2025,2025-03-27,18000.00,PE,0.00,0.00,0.00,1481.35,1138.30,0,0.00,0,0,06-JAN-2025
OPTSTK,DIXON,27-Feb-2025,2025-02-27,18250.00,PE,0.00,0.00,0.00,1384.25,1064.20,0,0.00,0,0,06-JAN-2025
OPTSTK,DIXON,30-Jan-2025,2025-01-30,15000.00,CE,3580.00,3580.00,3280.00,3280.00,3121.40,2,18.43,2100,0,06-JAN-2025
OPTSTK,DIXON,30-Jan-2025,2025-01-30,20000.00,CE,200.10,243.30,125.55,141.50,141.50,8147,82227.7992,185900,23300,06-JAN-2025
OPTSTK,DIXON,27-Feb-2025,2025-02-27,20000.00,CE,575.05,575.05,397.40,413.95,413.95,70,715.9721,5350,1200,06-JAN-2025
OPTSTK,DIXON,27-Feb-2025,2025-02-27,16000.00,CE,0.00,0.00,0.00,1414.50,2440.90,0,0.00,0,0,06-JAN-2025
OPTSTK,DIXON,27-Feb-2025,2025-02-27,16000.00,PE,161.80,290.00,161.80,284.85,284.85,110,893.04705,3950,1800,06-JAN-2025
OPTSTK,DIXON,30-Jan-2025,2025-01-30,16000.00,CE,2350.00,2398.55,2200.00,2200.00,2191.40,40,365.374275,11300,-450,06-JAN-2025
OPTSTK,DIXON,27-Mar-2025,2025-03-27,16000.00,CE,0.00,0.00,0.00,2995.45,2671.90,0,0.00,0,0,06-JAN-2025
OPTSTK,IDFCFIRSTB,30-Jan-2025,2025-01-30,57.00,PE,0.20,0.50,0.20,0.45,0.45,418,1798.545,2497500,105000,06-JAN-2025
OPTSTK,IDFCFIRSTB,30-Jan-2025,2025-01-30,69.00,PE,4.80,6.60,4.50,6.50,6.50,147,822.17625,1177500,-427500,06-JAN-2025
OPTSTK,IDFCFIRSTB,27-Feb-2025,2025-02-27,69.00,CE,0.00,0.00,0.00,1.25,0.75,0,0.00,0,0,06-JAN-2025
OPTSTK,IDFCFIRSTB,30-Jan-2025,2025-01-30,61.00,CE,5.55,5.65,3.05,3.15,3.15,62,301.5975,1590000,-7500,06-JAN-2025
OPTSTK,IDFCFIRSTB,30-Jan-2025,2025-01-30,72.00,PE,6.30,9.35,6.30,9.35,9.10,32,190.98,367500,-37500,06-JAN-2025
OPTSTK,IDFCFIRSTB,27-Mar-2025,2025-03-27,62.00,PE,0.00,0.00,0.00,3.60,2.50,0,0.00,0,0,06-JAN-2025
OPTSTK,IDFCFIRSTB,30-Jan-2025,2025-01-30,62.00,CE,4.75,4.75,2.40,2.55,2.55,361,1763.04375,5370000,135000,06-JAN-2025
OPTSTK,IDFCFIRSTB,27-Feb-2025,2025-02-27,62.00,CE,0.00,0.00,0.00,4.25,3.20,0,0.00,15000,0,06-JAN-2025
OPTSTK,IDFCFIRSTB,27-Feb-2025,2025-02-27,62.00,PE,2.10,2.70,2.10,2.55,2.55,23,111.34125,172500,127500,06-JAN-2025
OPTSTK,IDFCFIRSTB,27-Feb-2025,2025-02-27,71.00,CE,0.00,0.00,0.00,0.85,0.45,0,0.00,0,0,06-JAN-2025
OPTSTK,IDFCFIRSTB,30-Jan-2025,2025-01-30,71.00,PE,7.55,8.30,7.50,8.30,8.15,7,41.35875,217500,15000,06-JAN-2025
OPTSTK,IDFCFIRSTB,27-Mar-2025,2025-03-27,66.00,PE,0.00,0.00,0.00,5.85,4.65,0,0.00,0,0,06-JAN-2025
OPTSTK,IDFCFIRSTB,27-Mar-2025,2025-03-27,66.00,CE,0.00,0.00,0.00,2.80,2.20,0,0.00,0,0,06-JAN-2025
OPTSTK,IDFCFIRSTB,30-Jan-2025,2025-01-30,66.00,CE,2.25,2.35,0.85,0.95,0.95,2559,12920.385,8392500,1042500,06-JAN-2025
OPTSTK,IDFCFIRSTB,30-Jan-2025,2025-01-30,74.00,PE,9.00,9.00,8.95,8.95,11.10,2,12.44625,4897500,7500,06-JAN-2025
OPTSTK,IDFCFIRSTB,27-Feb-2025,2025-02-27,74.00,PE,9.80,10.20,9.80,10.20,10.90,4,25.2,7500,0,06-JAN-2025
OPTSTK,IDFCFIRSTB,30-Jan-2025,2025-01-30,74.00,CE,0.20,0.25,0.10,0.10,0.10,891,4954.935,5917500,982500,06-JAN-2025
OPTSTK,IDFCFIRSTB,30-Jan-2025,2025-01-30,76.00,PE,10.75,13.20,10.75,13.20,13.05,7,45.90375,3307500,15000,06-JAN-2025
OPTSTK,NYKAA,30-Jan-2025,2025-01-30,175.00,CE,5.50,7.00,4.00,4.90,4.90,5514,29347.8345,1578250,699150,06-JAN-2025
OPTSTK,NYKAA,30-Jan-2025,2025-01-30,157.50,CE,0.00,0.00,0.00,10.80,15.90,0,0.00,35400,0,06-JAN-2025
OPTSTK,NYKAA,27-Feb-2025,2025-02-27,192.50,PE,0.00,0.00,0.00,32.00,22.00,0,0.00,0,0,06-JAN-2025
OPTSTK,NYKAA,30-Jan-2025,2025-01-30,192.50,PE,0.00,0.00,0.00,22.35,21.00,0,0.00,0,0,06-JAN-2025
OPTSTK,NYKAA,30-Jan-2025,2025-01-30,192.50,CE,0.00,0.00,0.00,6.30,0.85,0,0.00,0,0,06-JAN-2025
OPTSTK,NYKAA,27-Feb-2025,2025-02-27,192.50,CE,0.00,0.00,0.00,2.75,2.85,0,0.00,0,0,06-JAN-2025
OPTSTK,NYKAA,27-Feb-2025,2025-02-27,187.50,PE,0.00,0.00,0.00,27.85,18.10,0,0.00,0,0,06-JAN-2025
OPTSTK,NYKAA,27-Feb-2025,2025-02-27,187.50,CE,0.00,0.00,0.00,3.60,3.90,0,0.00,0,0,06-JAN-2025
OPTSTK,NYKAA,30-Jan-2025,2025-01-30,180.00,CE,3.80,4.95,2.65,3.25,3.25,5047,27337.6898,2032550,557550,06-JAN-2025
OPTSTK,NYKAA,27-Mar-2025,2025-03-27,145.00,PE,0.00,0.00,0.00,5.50,1.70,0,0.00,0,0,06-JAN-2025
OPTSTK,NYKAA,27-Mar-2025,2025-03-27,150.00,PE,0.00,0.00,0.00,7.20,2.55,0,0.00,0,0,06-JAN-2025
OPTSTK,NYKAA,30-Jan-2025,2025-01-30,150.00,CE,23.40,25.00,22.10,22.10,22.55,4,20.498075,97350,0,06-JAN-2025
OPTSTK,NYKAA,27-Mar-2025,2025-03-27,150.00,CE,0.00,0.00,0.00,20.75,26.25,0,0.00,0,0,06-JAN-2025
OPTSTK,NYKAA,27-Feb-2025,2025-02-27,170.00,PE,9.10,9.55,8.00,9.55,7.45,7,36.91925,17700,17700,06-JAN-2025
OPTSTK,NYKAA,30-Jan-2025,2025-01-30,165.00,CE,9.00,12.45,8.10,10.20,10.20,441,2280.8928,371700,-29500,06-JAN-2025
OPTSTK,NYKAA,27-Feb-2025,2025-02-27,150.00,CE,0.00,0.00,0.00,30.85,24.40,0,0.00,0,0,06-JAN-2025
OPTSTK,NYKAA,30-Jan-2025,2025-01-30,162.50,CE,12.45,13.45,11.60,12.15,12.00,24,123.866075,109150,32450,06-JAN-2025
OPTSTK,NYKAA,27-Feb-2025,2025-02-27,165.00,CE,0.00,0.00,0.00,20.90,13.40,0,0.00,0,0,06-JAN-2025
OPTSTK,NYKAA,27-Feb-2025,2025-02-27,152.50,CE,0.00,0.00,0.00,16.70,22.35,0,0.00,0,0,06-JAN-2025
FUTSTK,NYKAA,30-Jan-2025,2025-01-30,,,171.43,175.79,167.88,171.44,171.44,9823,49805.5656,26137000,460200,06-JAN-2025
FUTSTK,NYKAA,27-Mar-2025,2025-03-27,,,169.90,172.80,168.81,169.77,169.77,30,151.584275,56050,29500,06-JAN-2025
OPTSTK,NYKAA,30-Jan-2025,2025-01-30,190.00,CE,1.45,2.10,1.00,1.30,1.30,1770,9999.21675,935150,0,06-JAN-2025
OPTSTK,NYKAA,30-Jan-2025,2025-01-30,140.00,CE,0.00,0.00,0.00,37.00,32.15,0,0.00,0,0,06-JAN-2025
OPTSTK,NYKAA,27-Mar-2025,2025-03-27,195.00,CE,0.00,0.00,0.00,4.15,4.25,0,0.00,0,0,06-JAN-2025
OPTSTK,NYKAA,27-Feb-2025,2025-02-27,147.50,PE,0.00,0.00,0.00,4.70,1.10,0,0.00,0,0,06-JAN-2025
OPTSTK,NYKAA,30-Jan-2025,2025-01-30,147.50,CE,0.00,0.00,0.00,30.65,24.90,0,0.00,0,0,06-JAN-2025
OPTSTK,NYKAA,27-Feb-2025,2025-02-27,147.50,CE,0.00,0.00,0.00,19.90,26.55,0,0.00,0,0,06-JAN-2025
OPTSTK,NYKAA,27-Feb-2025,2025-02-27,167.50,PE,0.00,0.00,0.00,13.75,6.30,0,0.00,0,0,06-JAN-2025
OPTSTK,NYKAA,30-Jan-2025,2025-01-30,167.50,PE,4.10,6.30,3.65,4.65,4.65,203,1030.33912,292050,120950,06-JAN-2025
OPTSTK,NYKAA,27-Feb-2025,2025-02-27,197.50,PE,0.00,0.00,0.00,36.30,26.10,0,0.00,0,0,06-JAN-2025
OPTSTK,NYKAA,27-Feb-2025,2025-02-27,197.50,CE,0.00,0.00,0.00,2.10,2.00,0,0.00,0,0,06-JAN-2025
OPTSTK,NYKAA,30-Jan-2025,2025-01-30,197.50,CE,0.00,0.00,0.00,5.05,0.45,0,0.00,0,0,06-JAN-2025
OPTSTK,NYKAA,30-Jan-2025,2025-01-30,197.50,PE,0.00,0.00,0.00,26.05,25.55,0,0.00,0,0,06-JAN-2025
OPTSTK,LODHA,27-Feb-2025,2025-02-27,1340.00,CE,0.00,0.00,0.00,169.45,98.15,0,0.00,0,0,06-JAN-2025
OPTSTK,LODHA,30-Jan-2025,2025-01-30,1240.00,CE,0.00,0.00,0.00,135.15,130.10,0,0.00,0,0,06-JAN-2025
OPTSTK,LODHA,30-Jan-2025,2025-01-30,1340.00,CE,76.00,76.00,64.45,64.45,66.45,8,50.82525,5850,1350,06-JAN-2025
OPTSTK,LODHA,30-Jan-2025,2025-01-30,1340.00,PE,25.50,56.00,25.50,53.20,53.20,197,1223.6724,49050,11700,06-JAN-2025
OPTSTK,LODHA,30-Jan-2025,2025-01-30,1520.00,PE,0.00,0.00,0.00,147.40,179.55,0,0.00,450,0,06-JAN-2025
FUTSTK,LODHA,27-Mar-2025,2025-03-27,,,0.00,0.00,0.00,1440.10,1366.20,0,0.00,0,0,06-JAN-2025
OPTSTK,LODHA,27-Feb-2025,2025-02-27,1500.00,CE,0.00,0.00,0.00,56.00,39.85,0,0.00,1800,0,06-JAN-2025
OPTSTK,LODHA,30-Jan-2025,2025-01-30,1360.00,PE,37.55,65.25,34.75,64.40,64.40,139,881.9577,77400,7200,06-JAN-2025
OPTSTK,LODHA,30-Jan-2025,2025-01-30,1540.00,PE,0.00,0.00,0.00,284.05,197.00,0,0.00,0,0,06-JAN-2025
OPTSTK,LODHA,30-Jan-2025,2025-01-30,1560.00,PE,0.00,0.00,0.00,300.40,214.85,0,0.00,0,0,06-JAN-2025
OPTSTK,LODHA,27-Feb-2025,2025-02-27,1560.00,CE,0.00,0.00,0.00,52.50,27.15,0,0.00,0,0,06-JAN-2025
OPTSTK,LODHA,27-Mar-2025,2025-03-27,1200.00,PE,0.00,0.00,0.00,48.30,41.50,0,0.00,0,0,06-JAN-2025
OPTSTK,LODHA,30-Jan-2025,2025-01-30,1540.00,CE,21.10,21.10,8.45,8.80,8.80,86,601.0398,41850,-900,06-JAN-2025
OPTSTK,LODHA,27-Feb-2025,2025-02-27,1420.00,CE,0.00,0.00,0.00,128.00,63.95,0,0.00,0,0,06-JAN-2025
OPTSTK,LODHA,27-Feb-2025,2025-02-27,1480.00,PE,0.00,0.00,0.00,251.10,164.70,0,0.00,0,0,06-JAN-2025
OPTSTK,LODHA,30-Jan-2025,2025-01-30,1380.00,PE,43.10,75.90,43.10,73.85,73.85,65,420.56055,25650,900,06-JAN-2025
OPTSTK,LODHA,27-Feb-2025,2025-02-27,1380.00,PE,0.00,0.00,0.00,96.35,100.35,0,0.00,0,0,06-JAN-2025
OPTSTK,LODHA,27-Feb-2025,2025-02-27,1320.00,CE,0.00,0.00,0.00,123.65,108.45,0,0.00,0,0,06-JAN-2025
OPTSTK,LODHA,30-Jan-2025,2025-01-30,1300.00,PE,15.00,39.05,13.65,37.40,37.40,375,2242.00035,83250,43200,06-JAN-2025
OPTSTK,LODHA,27-Feb-2025,2025-02-27,1560.00,PE,0.00,0.00,0.00,311.55,226.10,0,0.00,0,0,06-JAN-2025
OPTSTK,LODHA,27-Mar-2025,2025-03-27,1560.00,CE,0.00,0.00,0.00,101.40,46.25,0,0.00,0,0,06-JAN-2025
OPTSTK,INDIAMART,27-Feb-2025,2025-02-27,1960.00,CE,0.00,0.00,0.00,338.50,264.65,0,0.00,0,0,06-JAN-2025
OPTSTK,INDIAMART,27-Feb-2025,2025-02-27,2000.00,PE,0.00,0.00,0.00,53.60,38.95,0,0.00,0,0,06-JAN-2025
OPTSTK,INDIAMART,27-Feb-2025,2025-02-27,2160.00,CE,0.00,0.00,0.00,206.10,133.90,0,0.00,0,0,06-JAN-2025
OPTSTK,INDIAMART,30-Jan-2025,2025-01-30,2000.00,CE,0.00,0.00,0.00,569.70,201.35,0,0.00,0,0,06-JAN-2025
OPTSTK,INDIAMART,30-Jan-2025,2025-01-30,2140.00,PE,47.50,64.15,47.50,59.75,59.75,45,297.05055,6300,2700,06-JAN-2025
OPTSTK,INDIAMART,30-Jan-2025,2025-01-30,2200.00,CE,99.65,99.70,69.65,77.00,77.00,109,745.5918,21300,15000,06-JAN-2025
OPTSTK,INDIAMART,30-Jan-2025,2025-01-30,2650.00,CE,8.50,8.50,2.00,2.95,2.95,1528,12170.7763,159300,-24000,06-JAN-2025
OPTSTK,INDIAMART,30-Jan-2025,2025-01-30,2400.00,CE,38.00,38.00,16.00,18.55,18.55,445,3236.56635,78300,4200,06-JAN-2025
OPTSTK,INDIAMART,27-Feb-2025,2025-02-27,2400.00,PE,0.00,0.00,0.00,208.80,246.65,0,0.00,0,0,06-JAN-2025
OPTSTK,INDIAMART,27-Feb-2025,2025-02-27,2060.00,CE,0.00,0.00,0.00,267.35,192.75,0,0.00,0,0,06-JAN-2025
OPTSTK,INDIAMART,27-Feb-2025,2025-02-27,2640.00,PE,0.00,0.00,0.00,418.40,450.55,0,0.00,0,0,06-JAN-2025
OPTSTK,INDIAMART,27-Feb-2025,2025-02-27,2020.00,CE,0.00,0.00,0.00,294.75,220.05,0,0.00,0,0,06-JAN-2025
OPTSTK,INDIAMART,30-Jan-2025,2025-01-30,2020.00,CE,0.00,0.00,0.00,257.60,185.20,0,0.00,0,0,06-JAN-2025
OPTSTK,INDIAMART,27-Feb-2025,2025-02-27,2180.00,PE,0.00,0.00,0.00,116.25,106.60,0,0.00,0,0,06-JAN-2025
OPTSTK,INDIAMART,30-Jan-2025,2025-01-30,2180.00,PE,49.25,81.90,49.25,78.45,78.45,20,135.0345,5400,1800,06-JAN-2025
OPTSTK,INDIAMART,30-Jan-2025,2025-01-30,2180.00,CE,82.00,85.00,79.50,85.00,85.00,40,271.3716,9300,6600,06-JAN-2025
OPTSTK,INDIAMART,30-Jan-2025,2025-01-30,2340.00,PE,0.00,0.00,0.00,117.50,179.85,0,0.00,300,0,06-JAN-2025
OPTSTK,INDIAMART,27-Feb-2025,2025-02-27,2340.00,PE,0.00,0.00,0.00,200.65,202.85,0,0.00,0,0,06-JAN-2025
OPTSTK,INDIAMART,30-Jan-2025,2025-01-30,2520.00,PE,0.00,0.00,0.00,302.90,337.70,0,0.00,0,0,06-JAN-2025
OPTSTK,INDIAMART,30-Jan-2025,2025-01-30,2900.00,CE,0.00,0.00,0.00,0.95,0.05,0,0.00,1500,0,06-JAN-2025
FUTSTK,INDIAMART,30-Jan-2025,2025-01-30,,,2262.65,2265.60,2174.55,2188.20,2188.20,1961,13016.1118,1155600,33900,06-JAN-2025
FUTSTK,INDIAMART,27-Feb-2025,2025-02-27,,,2276.85,2279.25,2190.35,2200.85,2200.85,135,900.204,62100,9600,06-JAN-2025
OPTSTK,INDIAMART,27-Feb-2025,2025-02-27,2480.00,CE,0.00,0.00,0.00,76.55,30.35,0,0.00,0,0,06-JAN-2025
OPTSTK,INDIAMART,27-Feb-2025,2025-02-27,2040.00,CE,0.00,0.00,0.00,280.90,206.15,0,0.00,0,0,06-JAN-2025
OPTSTK,INDIAMART,30-Jan-2025,2025-01-30,2140.00,CE,0.00,0.00,0.00,174.10,102.70,0,0.00,0,0,06-JAN-2025
OPTSTK,INDIAMART,30-Jan-2025,2025-01-30,1900.00,PE,3.00,8.30,3.00,7.15,7.15,395,2258.83665,119100,7500,06-JAN-2025
OPTSTK,INDIAMART,27-Feb-2025,2025-02-27,2640.00,CE,0.00,0.00,0.00,43.00,12.15,0,0.00,0,0,06-JAN-2025
OPTSTK,INDIAMART,30-Jan-2025,2025-01-30,2080.00,CE,0.00,0.00,0.00,213.55,140.60,0,0.00,0,0,06-JAN-2025
OPTSTK,INDIAMART,27-Feb-2025,2025-02-27,1880.00,PE,0.00,0.00,0.00,26.70,15.90,0,0.00,0,0,06-JAN-2025
OPTSTK,INDIAMART,30-Jan-2025,2025-01-30,2800.00,CE,1.95,1.95,0.75,0.75,0.20,18,151.2615,8400,0,06-JAN-2025
OPTSTK,INDIAMART,30-Jan-2025,2025-01-30,2360.00,PE,0.00,0.00,0.00,182.95,195.80,0,0.00,0,0,06-JAN-2025
OPTSTK,LTF,27-Feb-2025,2025-02-27,160.00,PE,0.00,0.00,0.00,19.80,21.45,0,0.00,0,0,06-JAN-2025
OPTSTK,LTF,27-Mar-2025,2025-03-27,160.00,CE,0.00,0.00,0.00,4.30,2.70,0,0.00,0,0,06-JAN-2025
OPTSTK,LTF,27-Feb-2025,2025-02-27,132.50,CE,0.00,0.00,0.00,12.25,11.00,0,0.00,0,0,06-JAN-2025
OPTSTK,LTF,30-Jan-2025,2025-01-30,132.50,CE,6.95,7.65,4.75,5.00,5.00,54,333.22216,281106,58006,06-JAN-2025
OPTSTK,LTF,30-Jan-2025,2025-01-30,132.50,PE,2.50,4.50,2.20,4.20,4.20,283,1716.61394,905786,334650,06-JAN-2025
OPTSTK,LTF,27-Feb-2025,2025-02-27,132.50,PE,0.00,0.00,0.00,6.25,3.85,0,0.00,0,0,06-JAN-2025
OPTSTK,TATACHEM,27-Feb-2025,2025-02-27,1000.00,CE,52.85,52.85,52.85,52.85,50.20,1,5.790675,550,550,06-JAN-2025
OPTSTK,TATACHEM,27-Mar-2025,2025-03-27,960.00,PE,0.00,0.00,0.00,35.25,40.40,0,0.00,0,0,06-JAN-2025
OPTSTK,TATACHEM,30-Jan-2025,2025-01-30,1140.00,CE,4.50,5.00,2.80,3.25,3.25,1227,7715.74732,530750,31900,06-JAN-2025
OPTSTK,TATACHEM,27-Feb-2025,2025-02-27,1140.00,CE,0.00,0.00,0.00,43.65,10.45,0,0.00,0,0,06-JAN-2025
OPTSTK,TATACHEM,30-Jan-2025,2025-01-30,1000.00,PE,17.20,37.75,17.00,35.15,35.15,2663,15057.5942,589600,-35200,06-JAN-2025
OPTSTK,TATACHEM,30-Jan-2025,2025-01-30,1000.00,CE,43.05,47.05,26.60,28.75,28.75,1423,8075.01585,235400,169400,06-JAN-2025
OPTSTK,TATACHEM,27-Feb-2025,2025-02-27,960.00,CE,0.00,0.00,0.00,93.00,71.65,0,0.00,550,0,06-JAN-2025
OPTSTK,TATACHEM,30-Jan-2025,2025-01-30,940.00,PE,4.55,12.25,4.25,11.35,11.35,925,4828.81932,185350,33550,06-JAN-2025
OPTSTK,TATACHEM,27-Feb-2025,2025-02-27,1080.00,PE,0.00,0.00,0.00,68.50,100.20,0,0.00,0,0,06-JAN-2025
OPTSTK,TATACHEM,27-Feb-2025,2025-02-27,1120.00,CE,0.00,0.00,0.00,92.15,13.45,0,0.00,0,0,06-JAN-2025
OPTSTK,LTF,27-Mar-2025,2025-03-27,135.00,PE,0.00,0.00,0.00,8.80,6.10,0,0.00,0,0,06-JAN-2025
OPTSTK,TATACHEM,27-Feb-2025,2025-02-27,1280.00,CE,0.00,0.00,0.00,4.50,1.35,0,0.00,4950,0,06-JAN-2025
OPTSTK,TATACHEM,30-Jan-2025,2025-01-30,1280.00,PE,0.00,0.00,0.00,190.00,283.20,0,0.00,550,0,06-JAN-2025
OPTSTK,TATACHEM,30-Jan-2025,2025-01-30,980.00,PE,12.20,27.05,11.00,24.70,24.70,1349,7429.71377,281600,79200,06-JAN-2025
OPTSTK,TATACHEM,30-Jan-2025,2025-01-30,1220.00,CE,1.50,1.60,0.90,1.00,1.00,229,1537.99992,293700,1100,06-JAN-2025
OPTSTK,TATACHEM,30-Jan-2025,2025-01-30,1100.00,CE,11.35,11.40,5.40,6.10,6.10,4427,26940.7173,1812250,284900,06-JAN-2025
OPTSTK,LTF,27-Feb-2025,2025-02-27,140.00,CE,4.30,4.30,4.10,4.10,6.90,5,32.17102,107088,0,06-JAN-2025
FUTSTK,LTF,27-Feb-2025,2025-02-27,,,138.92,139.51,130.87,131.35,131.35,663,3962.40993,12190184,535440,06-JAN-2025
OPTSTK,LTF,30-Jan-2025,2025-01-30,145.00,CE,2.50,2.65,1.00,1.10,1.10,1921,12550.7180,3114476,-182942,06-JAN-2025
FUTSTK,TATACHEM,30-Jan-2025,2025-01-30,,,1039.45,1039.45,988.00,993.20,993.20,5492,30296.6930,7949150,16500,06-JAN-2025
OPTSTK,TATACHEM,27-Feb-2025,2025-02-27,900.00,CE,0.00,0.00,0.00,181.40,113.05,0,0.00,0,0,06-JAN-2025
OPTSTK,TATACHEM,30-Jan-2025,2025-01-30,900.00,PE,7.00,7.00,0.90,4.80,4.80,751,3734.42217,240900,240900,06-JAN-2025
FUTSTK,LTF,27-Mar-2025,2025-03-27,,,137.25,137.25,129.18,130.17,130.17,100,592.046716,1932046,245410,06-JAN-2025
OPTSTK,LTF,27-Feb-2025,2025-02-27,120.00,CE,0.00,0.00,0.00,28.80,20.45,0,0.00,0,0,06-JAN-2025
OPTSTK,LTF,30-Jan-2025,2025-01-30,122.50,CE,0.00,0.00,0.00,14.35,16.80,0,0.00,26772,0,06-JAN-2025
OPTSTK,LTF,27-Feb-2025,2025-02-27,122.50,CE,0.00,0.00,0.00,18.75,18.35,0,0.00,0,0,06-JAN-2025
OPTSTK,IRB,27-Mar-2025,2025-03-27,58.00,PE,0.00,0.00,0.00,7.00,5.00,0,0.00,0,0,06-JAN-2025
OPTSTK,IRB,30-Jan-2025,2025-01-30,58.00,PE,1.35,2.90,1.35,2.50,2.50,223,1373.36675,1301750,-215250,06-JAN-2025
OPTSTK,IRB,30-Jan-2025,2025-01-30,46.00,PE,0.10,0.10,0.05,0.10,0.10,31,146.477625,1804000,-20500,06-JAN-2025
FUTSTK,IRB,27-Mar-2025,2025-03-27,,,58.74,58.74,58.00,58.00,58.12,3,17.932375,194750,20500,06-JAN-2025
OPTSTK,IRB,30-Jan-2025,2025-01-30,49.00,CE,0.00,0.00,0.00,8.05,8.75,0,0.00,0,0,06-JAN-2025
OPTSTK,IRB,27-Feb-2025,2025-02-27,62.00,CE,0.00,0.00,0.00,3.70,2.45,0,0.00,0,0,06-JAN-2025
OPTSTK,IRB,30-Jan-2025,2025-01-30,66.00,PE,0.00,0.00,0.00,13.30,8.90,0,0.00,0,0,06-JAN-2025
OPTSTK,BOSCHLTD,30-Jan-2025,2025-01-30,34500.00,CE,807.15,849.50,514.85,524.25,524.25,40,351.67865,2200,0,06-JAN-2025
OPTSTK,IOC,27-Feb-2025,2025-02-27,135.00,PE,4.35,6.30,4.35,6.00,6.00,25,171.224625,82875,19500,06-JAN-2025
OPTSTK,IOC,27-Feb-2025,2025-02-27,115.00,CE,0.00,0.00,0.00,26.75,19.70,0,0.00,0,0,06-JAN-2025
OPTSTK,IOC,30-Jan-2025,2025-01-30,115.00,PE,0.10,0.30,0.10,0.30,0.30,237,1331.2455,2773875,195000,06-JAN-2025
OPTSTK,BOSCHLTD,27-Mar-2025,2025-03-27,38000.00,PE,0.00,0.00,0.00,3997.00,4313.70,0,0.00,0,0,06-JAN-2025
OPTSTK,IOC,30-Jan-2025,2025-01-30,137.50,PE,3.25,7.20,3.15,6.15,6.15,491,3418.22568,2003625,-199875,06-JAN-2025
OPTSTK,KPITTECH,27-Feb-2025,2025-02-27,1520.00,PE,0.00,0.00,0.00,181.30,116.35,0,0.00,0,0,06-JAN-2025
OPTSTK,IOC,27-Feb-2025,2025-02-27,125.00,PE,1.60,2.70,1.50,2.60,2.60,41,254.092312,351000,-4875,06-JAN-2025
OPTSTK,IOC,27-Feb-2025,2025-02-27,125.00,CE,0.00,0.00,0.00,13.00,11.70,0,0.00,4875,0,06-JAN-2025
OPTSTK,IOC,27-Mar-2025,2025-03-27,160.00,PE,0.00,0.00,0.00,23.30,26.10,0,0.00,0,0,06-JAN-2025
OPTSTK,KPITTECH,27-Feb-2025,2025-02-27,1240.00,PE,0.00,0.00,0.00,50.25,12.55,0,0.00,0,0,06-JAN-2025
OPTSTK,BOSCHLTD,30-Jan-2025,2025-01-30,35000.00,CE,652.00,678.00,360.00,391.15,391.15,234,2074.62663,8375,725,06-JAN-2025
OPTSTK,BOSCHLTD,27-Mar-2025,2025-03-27,35000.00,PE,0.00,0.00,0.00,2075.45,2096.55,0,0.00,0,0,06-JAN-2025
OPTSTK,BOSCHLTD,27-Feb-2025,2025-02-27,35000.00,PE,0.00,0.00,0.00,1891.35,1929.70,0,0.00,0,0,06-JAN-2025
OPTSTK,IOC,30-Jan-2025,2025-01-30,127.50,CE,9.45,9.60,7.10,7.85,7.85,66,435.983437,346125,39000,06-JAN-2025
OPTSTK,KPITTECH,30-Jan-2025,2025-01-30,1440.00,PE,53.50,61.10,42.40,56.85,56.85,143,853.8574,35600,-6800,06-JAN-2025
OPTSTK,KPITTECH,27-Feb-2025,2025-02-27,1440.00,CE,0.00,0.00,0.00,131.55,97.80,0,0.00,0,0,06-JAN-2025
OPTSTK,IOC,30-Jan-2025,2025-01-30,115.00,CE,18.90,19.55,18.90,19.30,19.30,4,26.1860625,19500,19500,06-JAN-2025
OPTSTK,KPITTECH,27-Feb-2025,2025-02-27,1660.00,CE,0.00,0.00,0.00,49.80,25.20,0,0.00,0,0,06-JAN-2025
OPTSTK,IOC,30-Jan-2025,2025-01-30,120.00,PE,0.25,0.70,0.25,0.60,0.60,765,4493.39962,2544750,536250,06-JAN-2025
OPTSTK,KPITTECH,27-Mar-2025,2025-03-27,1400.00,PE,0.00,0.00,0.00,97.75,70.90,0,0.00,0,0,06-JAN-2025
OPTSTK,KPITTECH,27-Feb-2025,2025-02-27,1320.00,PE,0.00,0.00,0.00,78.10,28.45,0,0.00,0,0,06-JAN-2025
OPTSTK,KPITTECH,27-Feb-2025,2025-02-27,1320.00,CE,0.00,0.00,0.00,193.00,172.70,0,0.00,0,0,06-JAN-2025
OPTSTK,KPITTECH,30-Jan-2025,2025-01-30,1320.00,CE,0.00,0.00,0.00,168.75,149.15,0,0.00,0,0,06-JAN-2025
OPTSTK,KPITTECH,30-Jan-2025,2025-01-30,1280.00,CE,0.00,0.00,0.00,194.35,183.50,0,0.00,0,0,06-JAN-2025
OPTSTK,KPITTECH,27-Mar-2025,2025-03-27,1760.00,CE,0.00,0.00,0.00,50.20,25.35,0,0.00,0,0,06-JAN-2025
OPTSTK,BOSCHLTD,30-Jan-2025,2025-01-30,37500.00,PE,3309.00,3309.00,3308.95,3308.95,3900.65,4,40.8089625,100,100,06-JAN-2025
OPTSTK,KPITTECH,27-Mar-2025,2025-03-27,1600.00,PE,0.00,0.00,0.00,209.40,183.65,0,0.00,0,0,06-JAN-2025
OPTSTK,KPITTECH,30-Jan-2025,2025-01-30,1600.00,PE,0.00,0.00,0.00,126.55,155.75,0,0.00,2000,0,06-JAN-2025
OPTSTK,KPITTECH,27-Feb-2025,2025-02-27,1600.00,CE,0.00,0.00,0.00,74.55,37.95,0,0.00,0,0,06-JAN-2025
OPTSTK,IOC,27-Feb-2025,2025-02-27,145.00,CE,3.25,3.25,2.05,2.10,2.60,73,524.913187,370500,165750,06-JAN-2025
OPTSTK,IOC,27-Mar-2025,2025-03-27,145.00,PE,0.00,0.00,0.00,12.95,14.10,0,0.00,0,0,06-JAN-2025
OPTSTK,BSE,30-Jan-2025,2025-01-30,4500.00,CE,0.00,0.00,0.00,558.90,675.05,0,0.00,0,0,06-JAN-2025
OPTSTK,BSE,27-Feb-2025,2025-02-27,4900.00,PE,196.00,225.00,196.00,220.00,301.50,19,121.47375,1875,1750,06-JAN-2025
OPTSTK,BSE,27-Mar-2025,2025-03-27,4800.00,PE,0.00,0.00,0.00,362.50,340.65,0,0.00,0,0,06-JAN-2025
OPTSTK,BSE,27-Feb-2025,2025-02-27,5700.00,CE,0.00,0.00,0.00,515.85,217.40,0,0.00,0,0,06-JAN-2025
OPTSTK,BSE,30-Jan-2025,2025-01-30,4700.00,PE,32.00,84.60,32.00,77.95,77.95,1729,10292.9635,109750,4250,06-JAN-2025
OPTSTK,BSE,27-Feb-2025,2025-02-27,4700.00,CE,0.00,0.00,0.00,1040.80,654.15,0,0.00,0,0,06-JAN-2025
OPTSTK,BSE,27-Feb-2025,2025-02-27,4300.00,PE,0.00,0.00,0.00,131.15,103.00,0,0.00,0,0,06-JAN-2025
OPTSTK,BSE,30-Jan-2025,2025-01-30,4000.00,PE,5.55,12.45,5.50,9.35,9.35,205,1027.39606,15000,2375,06-JAN-2025
OPTSTK,BSE,27-Mar-2025,2025-03-27,5400.00,PE,0.00,0.00,0.00,636.30,654.10,0,0.00,0,0,06-JAN-2025
OPTSTK,BSE,27-Feb-2025,2025-02-27,5400.00,PE,350.00,350.00,350.00,350.00,571.05,1,7.1875,2125,0,06-JAN-2025
OPTIDX,BANKNIFTY,27-Feb-2025,2025-02-27,60500.00,CE,23.00,26.00,22.00,25.50,25.50,229,4158.02521,4260,-1320,06-JAN-2025
OPTIDX,BANKNIFTY,30-Jan-2025,2025-01-30,60500.00,CE,9.25,13.50,8.40,12.90,12.90,89656,813772.070,690435,227550,06-JAN-2025
OPTIDX,BANKNIFTY,30-Jan-2025,2025-01-30,50800.00,CE,1120.00,1145.50,597.30,644.50,644.50,138167,1070266.09,222030,109890,06-JAN-2025
OPTIDX,BANKNIFTY,27-Mar-2025,2025-03-27,50800.00,PE,0.00,0.00,0.00,970.00,1645.80,0,0.00,30,0,06-JAN-2025
OPTSTK,JSWENERGY,30-Jan-2025,2025-01-30,660.00,CE,10.10,10.60,6.30,7.05,7.05,1474,7391.51175,720750,11250,06-JAN-2025
OPTIDX,BANKNIFTY,27-Mar-2025,2025-03-27,50200.00,PE,0.00,0.00,0.00,1206.45,1350.65,0,0.00,0,0,06-JAN-2025
OPTIDX,BANKNIFTY,30-Jan-2025,2025-01-30,53500.00,CE,149.00,169.05,83.30,88.10,88.10,241714,1943675.28,1129770,40650,06-JAN-2025
OPTIDX,BANKNIFTY,27-Mar-2025,2025-03-27,50200.00,CE,0.00,0.00,0.00,3146.05,1809.85,0,0.00,0,0,06-JAN-2025
OPTIDX,BANKNIFTY,27-Feb-2025,2025-02-27,48500.00,PE,311.85,637.50,311.85,579.15,579.15,2345,34470.5796,70620,1590,06-JAN-2025
OPTIDX,BANKNIFTY,30-Jan-2025,2025-01-30,48500.00,CE,2850.00,2850.05,1882.70,2021.40,2021.40,1150,8743.32211,15375,6315,06-JAN-2025
OPTSTK,PRESTIGE,27-Feb-2025,2025-02-27,1500.00,CE,137.95,137.95,137.95,137.95,137.95,1,5.3233375,325,325,06-JAN-2025
OPTIDX,BANKNIFTY,27-Mar-2025,2025-03-27,48500.00,PE,430.00,708.75,430.00,666.50,666.50,212,3117.18519,8520,4320,06-JAN-2025
OPTSTK,PRESTIGE,30-Jan-2025,2025-01-30,1500.00,CE,0.00,0.00,0.00,258.10,132.70,0,0.00,0,0,06-JAN-2025
OPTSTK,CUMMINSIND,30-Jan-2025,2025-01-30,3150.00,CE,155.00,161.90,108.00,115.50,115.50,57,280.1427,7200,1350,06-JAN-2025
OPTIDX,BANKNIFTY,27-Mar-2025,2025-03-27,54100.00,PE,0.00,0.00,0.00,3186.20,3850.55,0,0.00,0,0,06-JAN-2025
OPTSTK,PRESTIGE,27-Feb-2025,2025-02-27,2000.00,CE,0.00,0.00,0.00,85.45,14.10,0,0.00,0,0,06-JAN-2025
OPTSTK,CUMMINSIND,30-Jan-2025,2025-01-30,3900.00,PE,0.00,0.00,0.00,600.00,707.45,0,0.00,1200,0,06-JAN-2025
OPTIDX,BANKNIFTY,30-Jan-2025,2025-01-30,52700.00,CE,312.00,333.15,158.05,166.95,166.95,59032,468547.741,208605,-7200,06-JAN-2025
OPTIDX,BANKNIFTY,27-Mar-2025,2025-03-27,48200.00,PE,0.00,0.00,0.00,619.40,618.95,0,0.00,0,0,06-JAN-2025
OPTIDX,BANKNIFTY,27-Feb-2025,2025-02-27,47800.00,CE,0.00,0.00,0.00,5753.45,2932.60,0,0.00,0,0,06-JAN-2025
OPTIDX,BANKNIFTY,30-Jan-2025,2025-01-30,46000.00,CE,5150.00,5183.35,4041.45,4194.45,4194.45,446,3365.01704,16605,-480,06-JAN-2025
OPTIDX,BANKNIFTY,30-Jan-2025,2025-01-30,47800.00,PE,86.55,269.40,80.20,231.95,231.95,33680,242339.190,66225,15675,06-JAN-2025
OPTIDX,BANKNIFTY,27-Mar-2025,2025-03-27,46000.00,CE,0.00,0.00,0.00,6314.50,4800.25,0,0.00,0,0,06-JAN-2025
OPTIDX,BANKNIFTY,27-Feb-2025,2025-02-27,48200.00,PE,350.00,553.40,344.10,510.75,510.75,154,2245.83580,2520,1980,06-JAN-2025
OPTIDX,BANKNIFTY,30-Jan-2025,2025-01-30,46000.00,PE,21.30,78.10,19.00,65.00,65.00,359229,2481347.32,1007325,352800,06-JAN-2025
OPTIDX,BANKNIFTY,27-Feb-2025,2025-02-27,46000.00,CE,0.00,0.00,0.00,7308.25,4466.20,0,0.00,0,0,06-JAN-2025
OPTIDX,BANKNIFTY,27-Feb-2025,2025-02-27,46000.00,PE,85.75,209.10,85.75,188.20,188.20,2306,31941.6453,47880,32760,06-JAN-2025
OPTIDX,BANKNIFTY,30-Jan-2025,2025-01-30,48200.00,CE,0.00,0.00,0.00,3593.10,2144.15,0,0.00,135,0,06-JAN-2025
OPTIDX,BANKNIFTY,27-Mar-2025,2025-03-27,48200.00,CE,0.00,0.00,0.00,4522.85,3048.80,0,0.00,0,0,06-JAN-2025
OPTIDX,BANKNIFTY,27-Mar-2025,2025-03-27,46000.00,PE,166.10,282.00,166.10,256.40,256.40,109,1512.25512,1860,1860,06-JAN-2025
OPTSTK,ZYDUSLIFE,27-Mar-2025,2025-03-27,900.00,CE,0.00,0.00,0.00,100.90,91.25,0,0.00,0,0,06-JAN-2025
OPTSTK,ZYDUSLIFE,27-Feb-2025,2025-02-27,1140.00,CE,0.00,0.00,0.00,6.55,2.05,0,0.00,0,0,06-JAN-2025
OPTSTK,ZYDUSLIFE,27-Feb-2025,2025-02-27,880.00,CE,0.00,0.00,0.00,108.90,97.05,0,0.00,0,0,06-JAN-2025
OPTSTK,ZYDUSLIFE,30-Jan-2025,2025-01-30,880.00,CE,0.00,0.00,0.00,151.90,87.50,0,0.00,0,0,06-JAN-2025
OPTSTK,ZYDUSLIFE,27-Feb-2025,2025-02-27,1010.00,CE,0.00,0.00,0.00,32.50,21.55,0,0.00,0,0,06-JAN-2025
OPTSTK,ZYDUSLIFE,27-Mar-2025,2025-03-27,980.00,CE,0.00,0.00,0.00,56.50,44.10,0,0.00,0,0,06-JAN-2025
OPTSTK,ZYDUSLIFE,27-Feb-2025,2025-02-27,1040.00,CE,0.00,0.00,0.00,32.20,13.50,0,0.00,0,0,06-JAN-2025
OPTSTK,ZYDUSLIFE,27-Feb-2025,2025-02-27,1100.00,CE,0.00,0.00,0.00,4.90,4.60,0,0.00,900,0,06-JAN-2025
OPTSTK,ZYDUSLIFE,30-Jan-2025,2025-01-30,1050.00,CE,4.50,4.60,2.80,3.65,3.65,240,2275.389,159300,-22500,06-JAN-2025
OPTSTK,ZYDUSLIFE,30-Jan-2025,2025-01-30,1050.00,PE,0.00,0.00,0.00,62.10,87.10,0,0.00,5400,0,06-JAN-2025
OPTSTK,ZYDUSLIFE,30-Jan-2025,2025-01-30,1160.00,PE,0.00,0.00,0.00,185.00,193.45,0,0.00,45900,0,06-JAN-2025
OPTSTK,ZYDUSLIFE,27-Feb-2025,2025-02-27,1000.00,CE,27.80,28.00,25.40,28.00,24.95,7,64.67715,9000,0,06-JAN-2025
OPTSTK,ZYDUSLIFE,30-Jan-2025,2025-01-30,1000.00,CE,15.00,15.25,9.30,12.10,12.10,1451,13206.1194,512100,-26100,06-JAN-2025
OPTSTK,ZYDUSLIFE,27-Feb-2025,2025-02-27,820.00,PE,0.00,0.00,0.00,5.05,1.40,0,0.00,0,0,06-JAN-2025
OPTSTK,ZYDUSLIFE,30-Jan-2025,2025-01-30,820.00,PE,0.00,0.00,0.00,1.50,0.10,0,0.00,2700,0,06-JAN-2025
OPTSTK,ZYDUSLIFE,27-Feb-2025,2025-02-27,1030.00,PE,0.00,0.00,0.00,85.55,74.55,0,0.00,0,0,06-JAN-2025
OPTSTK,ZYDUSLIFE,30-Jan-2025,2025-01-30,1010.00,PE,0.00,0.00,0.00,41.25,53.60,0,0.00,23400,0,06-JAN-2025
OPTSTK,ZYDUSLIFE,30-Jan-2025,2025-01-30,950.00,CE,32.00,35.55,29.05,34.55,34.55,76,672.2289,20700,8100,06-JAN-2025
OPTSTK,ZYDUSLIFE,30-Jan-2025,2025-01-30,1060.00,PE,0.00,0.00,0.00,67.55,96.20,0,0.00,12600,0,06-JAN-2025
OPTSTK,ZYDUSLIFE,27-Mar-2025,2025-03-27,1060.00,CE,0.00,0.00,0.00,28.40,17.50,0,0.00,0,0,06-JAN-2025
OPTSTK,ZYDUSLIFE,27-Mar-2025,2025-03-27,1060.00,PE,0.00,0.00,0.00,111.60,100.50,0,0.00,0,0,06-JAN-2025
OPTSTK,ZYDUSLIFE,27-Mar-2025,2025-03-27,1120.00,CE,0.00,0.00,0.00,15.85,7.70,0,0.00,0,0,06-JAN-2025
OPTSTK,ZYDUSLIFE,30-Jan-2025,2025-01-30,890.00,CE,0.00,0.00,0.00,77.65,78.50,0,0.00,3600,0,06-JAN-2025
OPTSTK,ZYDUSLIFE,30-Jan-2025,2025-01-30,1140.00,CE,0.00,0.00,0.00,6.10,0.15,0,0.00,0,0,06-JAN-2025
OPTSTK,ZYDUSLIFE,30-Jan-2025,2025-01-30,840.00,PE,0.90,1.60,0.90,1.60,0.35,7,52.9983,144000,900,06-JAN-2025
OPTSTK,ZYDUSLIFE,30-Jan-2025,2025-01-30,840.00,CE,0.00,0.00,0.00,184.65,125.55,0,0.00,0,0,06-JAN-2025
OPTSTK,ZYDUSLIFE,30-Jan-2025,2025-01-30,910.00,PE,6.45,7.80,6.45,7.25,7.25,58,478.755,44100,1800,06-JAN-2025
OPTSTK,ZYDUSLIFE,27-Feb-2025,2025-02-27,1040.00,PE,0.00,0.00,0.00,104.70,82.10,0,0.00,0,0,06-JAN-2025
OPTSTK,ZYDUSLIFE,30-Jan-2025,2025-01-30,990.00,CE,19.00,19.20,11.80,15.10,15.10,433,3913.58115,210600,-31500,06-JAN-2025
OPTSTK,ZYDUSLIFE,27-Feb-2025,2025-02-27,990.00,PE,0.00,0.00,0.00,59.95,47.80,0,0.00,0,0,06-JAN-2025
FUTSTK,ZYDUSLIFE,27-Feb-2025,2025-02-27,,,982.80,984.45,963.50,972.25,972.25,134,1171.4778,288900,35100,06-JAN-2025
OPTSTK,ZYDUSLIFE,27-Feb-2025,2025-02-27,930.00,PE,0.00,0.00,0.00,30.75,19.70,0,0.00,0,0,06-JAN-2025
OPTSTK,CDSL,27-Mar-2025,2025-03-27,1440.00,PE,0.00,0.00,0.00,32.05,21.95,0,0.00,0,0,06-JAN-2025
OPTSTK,CDSL,30-Jan-2025,2025-01-30,1800.00,CE,72.00,77.00,34.85,36.25,36.25,3480,22506.995,688800,5250,06-JAN-2025
OPTSTK,CDSL,30-Jan-2025,2025-01-30,1520.00,PE,4.15,7.30,4.15,7.30,7.30,39,208.196275,28700,-350,06-JAN-2025
OPTSTK,CDSL,30-Jan-2025,2025-01-30,1980.00,CE,17.60,17.60,6.90,7.20,7.20,226,1573.51547,95900,-13300,06-JAN-2025
OPTSTK,CDSL,27-Feb-2025,2025-02-27,1980.00,PE,0.00,0.00,0.00,237.45,262.10,0,0.00,0,0,06-JAN-2025
OPTSTK,CDSL,27-Feb-2025,2025-02-27,2080.00,PE,0.00,0.00,0.00,480.65,346.75,0,0.00,0,0,06-JAN-2025
OPTSTK,CDSL,27-Feb-2025,2025-02-27,1600.00,CE,0.00,0.00,0.00,167.95,190.10,0,0.00,0,0,06-JAN-2025
OPTSTK,CDSL,27-Mar-2025,2025-03-27,1840.00,PE,0.00,0.00,0.00,175.25,177.70,0,0.00,0,0,06-JAN-2025
OPTSTK,CDSL,30-Jan-2025,2025-01-30,1840.00,PE,83.00,131.05,83.00,131.05,131.05,39,264.516175,57750,-5250,06-JAN-2025
OPTSTK,CDSL,27-Feb-2025,2025-02-27,1840.00,PE,0.00,0.00,0.00,290.05,159.10,0,0.00,0,0,06-JAN-2025
OPTSTK,CDSL,27-Feb-2025,2025-02-27,1980.00,CE,0.00,0.00,0.00,88.95,32.30,0,0.00,0,0,06-JAN-2025
OPTSTK,CDSL,30-Jan-2025,2025-01-30,1980.00,PE,0.00,0.00,0.00,106.65,249.40,0,0.00,1050,0,06-JAN-2025
OPTSTK,CDSL,30-Jan-2025,2025-01-30,1740.00,CE,80.35,80.35,58.10,60.90,60.90,229,1448.2006,66500,21700,06-JAN-2025
OPTSTK,CDSL,27-Mar-2025,2025-03-27,1880.00,CE,0.00,0.00,0.00,158.05,82.35,0,0.00,0,0,06-JAN-2025
OPTSTK,CDSL,27-Mar-2025,2025-03-27,1640.00,PE,0.00,0.00,0.00,85.55,76.10,0,0.00,0,0,06-JAN-2025
OPTSTK,CDSL,27-Feb-2025,2025-02-27,1640.00,PE,0.00,0.00,0.00,27.00,56.80,0,0.00,350,0,06-JAN-2025
OPTSTK,CDSL,30-Jan-2025,2025-01-30,1600.00,CE,206.00,206.00,147.95,155.65,155.65,14,86.23335,11200,2450,06-JAN-2025
OPTSTK,CDSL,27-Feb-2025,2025-02-27,1580.00,CE,0.00,0.00,0.00,293.20,204.10,0,0.00,0,0,06-JAN-2025
OPTSTK,CDSL,27-Mar-2025,2025-03-27,1680.00,CE,0.00,0.00,0.00,257.50,168.50,0,0.00,0,0,06-JAN-2025
OPTSTK,CDSL,30-Jan-2025,2025-01-30,1680.00,CE,130.10,131.70,90.75,91.70,91.70,15,94.132675,5600,3150,06-JAN-2025
OPTSTK,CDSL,30-Jan-2025,2025-01-30,1820.00,CE,61.00,66.00,29.10,29.90,29.90,957,6243.49355,298550,-3500,06-JAN-2025
OPTSTK,CDSL,30-Jan-2025,2025-01-30,1900.00,CE,33.90,35.95,13.70,14.40,14.40,2656,17854.2897,679350,1750,06-JAN-2025
OPTSTK,CDSL,30-Jan-2025,2025-01-30,1580.00,PE,6.20,15.10,6.20,14.75,14.75,103,573.63985,25900,5600,06-JAN-2025
OPTSTK,CDSL,27-Feb-2025,2025-02-27,1820.00,CE,0.00,0.00,0.00,150.25,74.95,0,0.00,0,0,06-JAN-2025
OPTSTK,CDSL,30-Jan-2025,2025-01-30,1900.00,PE,145.00,180.50,145.00,179.25,179.25,21,151.51255,115500,-1750,06-JAN-2025
OPTSTK,CDSL,30-Jan-2025,2025-01-30,2160.00,CE,2.05,3.50,1.40,1.80,1.80,27,204.30935,20650,-4550,06-JAN-2025
OPTSTK,CDSL,27-Feb-2025,2025-02-27,1540.00,CE,0.00,0.00,0.00,322.90,233.80,0,0.00,0,0,06-JAN-2025
OPTSTK,CDSL,27-Mar-2025,2025-03-27,1520.00,CE,0.00,0.00,0.00,363.50,271.85,0,0.00,0,0,06-JAN-2025
OPTSTK,CDSL,27-Mar-2025,2025-03-27,1800.00,CE,0.00,0.00,0.00,193.55,111.30,0,0.00,0,0,06-JAN-2025
OPTSTK,CDSL,27-Feb-2025,2025-02-27,1740.00,PE,0.00,0.00,0.00,102.40,100.55,0,0.00,0,0,06-JAN-2025
OPTSTK,CDSL,30-Jan-2025,2025-01-30,1620.00,PE,11.00,23.25,8.80,21.30,21.30,147,842.005675,35350,2100,06-JAN-2025
OPTSTK,CDSL,27-Mar-2025,2025-03-27,2080.00,CE,0.00,0.00,0.00,91.70,35.75,0,0.00,0,0,06-JAN-2025
OPTSTK,CDSL,27-Feb-2025,2025-02-27,1480.00,PE,0.00,0.00,0.00,86.85,16.65,0,0.00,0,0,06-JAN-2025
OPTSTK,UPL,30-Jan-2025,2025-01-30,479.60,PE,1.60,2.45,1.50,2.25,2.45,43,280.614402,69105,14905,06-JAN-2025
OPTSTK,UPL,30-Jan-2025,2025-01-30,610.00,PE,0.00,0.00,0.00,107.00,86.40,0,0.00,2710,0,06-JAN-2025
OPTSTK,UPL,30-Jan-2025,2025-01-30,440.00,CE,0.00,0.00,0.00,59.00,83.40,0,0.00,5420,0,06-JAN-2025
FUTSTK,UPL,30-Jan-2025,2025-01-30,,,530.15,538.15,517.45,522.75,522.75,5257,37610.3454,27786985,-143630,06-JAN-2025
OPTSTK,UPL,30-Jan-2025,2025-01-30,640.00,PE,0.00,0.00,0.00,107.00,115.95,0,0.00,8130,0,06-JAN-2025
OPTSTK,UPL,30-Jan-2025,2025-01-30,556.35,CE,5.00,6.40,2.95,3.65,3.65,157,1192.98739,96205,2710,06-JAN-2025
OPTSTK,UPL,30-Jan-2025,2025-01-30,540.00,CE,9.00,13.20,5.90,7.45,7.45,1699,12657.1498,590780,-16260,06-JAN-2025
OPTSTK,UPL,30-Jan-2025,2025-01-30,550.00,CE,6.75,9.05,3.85,4.90,4.90,2393,18033.4138,887525,-422760,06-JAN-2025
OPTSTK,UPL,27-Feb-2025,2025-02-27,440.00,CE,0.00,0.00,0.00,118.25,86.85,0,0.00,0,0,06-JAN-2025
OPTSTK,UPL,27-Feb-2025,2025-02-27,470.00,PE,3.60,3.60,3.60,3.60,4.70,1,6.41728,5420,1355,06-JAN-2025
OPTSTK,UPL,30-Jan-2025,2025-01-30,490.00,PE,2.45,5.10,1.80,4.25,4.25,862,5762.13817,376690,5420,06-JAN-2025
OPTSTK,UPL,30-Jan-2025,2025-01-30,590.00,PE,58.40,60.15,58.00,60.15,67.20,4,35.16496,16260,1355,06-JAN-2025
OPTSTK,UPL,27-Feb-2025,2025-02-27,500.00,PE,11.35,12.55,11.35,12.55,12.30,8,55.49538,44715,4065,06-JAN-2025
OPTSTK,UPL,30-Jan-2025,2025-01-30,460.00,PE,0.55,1.40,0.45,1.30,1.30,165,1030.81421,367205,29810,06-JAN-2025
OPTSTK,UPL,30-Jan-2025,2025-01-30,460.00,CE,64.60,64.60,64.60,64.60,64.05,1,7.10833,14905,1355,06-JAN-2025
OPTSTK,UPL,27-Feb-2025,2025-02-27,590.00,PE,0.00,0.00,0.00,88.40,68.25,0,0.00,0,0,06-JAN-2025
OPTSTK,UPL,30-Jan-2025,2025-01-30,510.00,PE,6.55,11.05,4.60,9.25,9.25,965,6765.36730,397015,-8130,06-JAN-2025
OPTSTK,UPL,27-Feb-2025,2025-02-27,510.00,PE,0.00,0.00,0.00,30.35,16.05,0,0.00,0,0,06-JAN-2025
OPTSTK,UPL,27-Feb-2025,2025-02-27,490.00,PE,0.00,0.00,0.00,20.60,9.20,0,0.00,0,0,06-JAN-2025
OPTSTK,UPL,30-Jan-2025,2025-01-30,440.00,PE,0.30,0.65,0.30,0.55,0.15,45,268.632137,131435,-14905,06-JAN-2025
OPTSTK,UPL,30-Jan-2025,2025-01-30,610.00,CE,0.50,0.50,0.45,0.50,0.40,3,24.8161475,35230,0,06-JAN-2025
OPTSTK,UPL,30-Jan-2025,2025-01-30,520.00,CE,19.00,24.50,13.30,16.05,16.05,774,5652.92179,420050,-82655,06-JAN-2025
OPTSTK,UPL,27-Mar-2025,2025-03-27,520.00,CE,0.00,0.00,0.00,29.10,33.75,0,0.00,0,0,06-JAN-2025
OPTSTK,UPL,27-Feb-2025,2025-02-27,560.00,CE,0.00,0.00,0.00,36.45,11.25,0,0.00,0,0,06-JAN-2025
OPTSTK,UPL,30-Jan-2025,2025-01-30,560.00,PE,32.45,40.45,32.45,40.45,40.65,10,80.7038,101625,1355,06-JAN-2025
OPTSTK,UPL,30-Jan-2025,2025-01-30,530.00,PE,15.15,20.75,10.60,18.45,18.45,1138,8397.48377,399725,-20325,06-JAN-2025
OPTSTK,UPL,27-Feb-2025,2025-02-27,470.00,CE,0.00,0.00,0.00,48.60,60.50,0,0.00,0,0,06-JAN-2025
OPTSTK,UPL,30-Jan-2025,2025-01-30,470.00,PE,0.90,2.20,0.60,1.90,1.90,348,2222.40867,357720,96205,06-JAN-2025
OPTSTK,UPL,27-Feb-2025,2025-02-27,580.00,CE,0.00,0.00,0.00,28.35,6.80,0,0.00,0,0,06-JAN-2025
OPTSTK,UPL,27-Mar-2025,2025-03-27,560.00,PE,0.00,0.00,0.00,66.20,47.80,0,0.00,0,0,06-JAN-2025
OPTSTK,UPL,27-Feb-2025,2025-02-27,560.00,PE,0.00,0.00,0.00,39.45,44.60,0,0.00,0,0,06-JAN-2025
OPTSTK,UPL,27-Feb-2025,2025-02-27,530.00,PE,0.00,0.00,0.00,42.30,25.55,0,0.00,0,0,06-JAN-2025
OPTSTK,SYNGENE,27-Feb-2025,2025-02-27,970.00,CE,0.00,0.00,0.00,10.60,6.00,0,0.00,0,0,06-JAN-2025
OPTSTK,SYNGENE,27-Feb-2025,2025-02-27,960.00,CE,12.35,12.35,12.35,12.35,7.30,1,9.7235,2000,1000,06-JAN-2025
OPTSTK,SYNGENE,27-Mar-2025,2025-03-27,940.00,CE,0.00,0.00,0.00,24.85,18.45,0,0.00,0,0,06-JAN-2025
OPTSTK,SYNGENE,27-Feb-2025,2025-02-27,850.00,PE,0.00,0.00,0.00,39.95,23.95,0,0.00,0,0,06-JAN-2025
OPTSTK,SYNGENE,30-Jan-2025,2025-01-30,850.00,CE,28.50,37.00,25.05,34.80,34.80,585,5144.333,93000,21000,06-JAN-2025
OPTSTK,SYNGENE,27-Mar-2025,2025-03-27,920.00,CE,0.00,0.00,0.00,30.50,24.10,0,0.00,0,0,06-JAN-2025
OPTSTK,SYNGENE,30-Jan-2025,2025-01-30,820.00,CE,44.90,56.10,44.90,56.10,56.10,2,17.41,10000,0,06-JAN-2025
OPTSTK,SYNGENE,27-Mar-2025,2025-03-27,820.00,CE,0.00,0.00,0.00,74.55,73.05,0,0.00,0,0,06-JAN-2025
OPTSTK,SYNGENE,30-Jan-2025,2025-01-30,820.00,PE,7.05,14.45,7.00,11.05,11.05,101,839.8025,73000,0,06-JAN-2025
OPTSTK,SYNGENE,27-Feb-2025,2025-02-27,820.00,CE,0.00,0.00,0.00,125.90,63.50,0,0.00,0,0,06-JAN-2025
OPTSTK,SYNGENE,27-Mar-2025,2025-03-27,820.00,PE,0.00,0.00,0.00,33.15,18.80,0,0.00,0,0,06-JAN-2025
OPTSTK,SYNGENE,30-Jan-2025,2025-01-30,880.00,CE,17.00,21.60,13.20,20.70,20.70,275,2469.1495,107000,-13000,06-JAN-2025
OPTSTK,SYNGENE,27-Feb-2025,2025-02-27,880.00,CE,0.00,0.00,0.00,84.35,29.25,0,0.00,0,0,06-JAN-2025
OPTSTK,SYNGENE,27-Feb-2025,2025-02-27,880.00,PE,0.00,0.00,0.00,31.60,38.60,0,0.00,0,0,06-JAN-2025
OPTSTK,SYNGENE,30-Jan-2025,2025-01-30,880.00,PE,41.35,43.05,34.00,38.60,30.60,15,137.6565,34000,4000,06-JAN-2025
OPTSTK,SYNGENE,27-Feb-2025,2025-02-27,890.00,CE,0.00,0.00,0.00,30.25,25.15,0,0.00,0,0,06-JAN-2025
OPTSTK,SYNGENE,30-Jan-2025,2025-01-30,890.00,PE,49.80,52.20,40.15,40.15,36.95,13,121.61,22000,3000,06-JAN-2025
OPTSTK,SYNGENE,30-Jan-2025,2025-01-30,980.00,PE,0.00,0.00,0.00,126.00,114.20,0,0.00,1000,0,06-JAN-2025
OPTSTK,SYNGENE,30-Jan-2025,2025-01-30,780.00,CE,0.00,0.00,0.00,109.75,87.00,0,0.00,0,0,06-JAN-2025
OPTSTK,SYNGENE,27-Feb-2025,2025-02-27,780.00,CE,0.00,0.00,0.00,158.35,94.85,0,0.00,0,0,06-JAN-2025
OPTSTK,SYNGENE,27-Feb-2025,2025-02-27,960.00,PE,0.00,0.00,0.00,70.10,95.90,0,0.00,0,0,06-JAN-2025
OPTSTK,SYNGENE,27-Feb-2025,2025-02-27,1000.00,CE,0.00,0.00,0.00,30.70,3.15,0,0.00,0,0,06-JAN-2025
OPTSTK,SYNGENE,27-Feb-2025,2025-02-27,900.00,PE,0.00,0.00,0.00,39.55,50.65,0,0.00,0,0,06-JAN-2025
OPTSTK,SYNGENE,27-Feb-2025,2025-02-27,840.00,CE,0.00,0.00,0.00,111.05,50.25,0,0.00,0,0,06-JAN-2025
OPTSTK,SYNGENE,30-Jan-2025,2025-01-30,740.00,PE,0.00,0.00,0.00,7.85,0.15,0,0.00,0,0,06-JAN-2025
OPTSTK,SYNGENE,27-Feb-2025,2025-02-27,790.00,PE,0.00,0.00,0.00,16.85,6.75,0,0.00,0,0,06-JAN-2025
OPTSTK,SYNGENE,30-Jan-2025,2025-01-30,870.00,PE,32.95,38.35,28.35,30.55,30.55,56,504.9875,58000,-3000,06-JAN-2025
OPTSTK,SYNGENE,30-Jan-2025,2025-01-30,870.00,CE,13.20,26.45,13.20,24.85,24.85,276,2463.7525,166000,15000,06-JAN-2025
OPTSTK,SYNGENE,27-Feb-2025,2025-02-27,870.00,CE,0.00,0.00,0.00,38.05,33.80,0,0.00,0,0,06-JAN-2025
OPTSTK,SYNGENE,27-Feb-2025,2025-02-27,740.00,PE,0.00,0.00,0.00,3.40,1.55,0,0.00,0,0,06-JAN-2025
OPTSTK,SYNGENE,27-Feb-2025,2025-02-27,800.00,CE,0.00,0.00,0.00,141.75,78.45,0,0.00,0,0,06-JAN-2025
OPTSTK,SYNGENE,30-Jan-2025,2025-01-30,770.00,PE,2.80,3.55,2.50,2.50,0.80,54,417.472,112000,20000,06-JAN-2025
OPTSTK,HFCL,27-Feb-2025,2025-02-27,92.50,CE,0.00,0.00,0.00,26.05,17.30,0,0.00,0,0,06-JAN-2025
OPTSTK,HFCL,30-Jan-2025,2025-01-30,92.50,PE,0.00,0.00,0.00,1.20,0.90,0,0.00,0,0,06-JAN-2025
OPTSTK,HFCL,27-Feb-2025,2025-02-27,120.00,PE,0.00,0.00,0.00,9.40,16.25,0,0.00,0,0,06-JAN-2025
OPTSTK,HFCL,30-Jan-2025,2025-01-30,120.00,PE,9.35,14.00,9.25,14.00,14.00,22,119.795975,1315550,0,06-JAN-2025
OPTSTK,HFCL,27-Feb-2025,2025-02-27,120.00,CE,3.20,3.35,3.00,3.00,3.90,3,15.336325,8300,8300,06-JAN-2025
OPTSTK,HFCL,30-Jan-2025,2025-01-30,102.50,PE,1.45,2.65,1.45,2.65,2.65,33,143.175,166000,-74700,06-JAN-2025
OPTSTK,HFCL,27-Feb-2025,2025-02-27,150.00,CE,0.00,0.00,0.00,1.85,0.45,0,0.00,8300,0,06-JAN-2025
OPTSTK,HFCL,30-Jan-2025,2025-01-30,125.00,CE,1.05,1.30,0.50,0.55,0.55,476,2484.86022,1498150,99600,06-JAN-2025
OPTSTK,HFCL,27-Feb-2025,2025-02-27,125.00,CE,0.00,0.00,0.00,22.00,2.80,0,0.00,0,0,06-JAN-2025
OPTSTK,HFCL,30-Jan-2025,2025-01-30,97.50,CE,0.00,0.00,0.00,38.55,11.35,0,0.00,0,0,06-JAN-2025
OPTSTK,HFCL,27-Feb-2025,2025-02-27,97.50,PE,0.00,0.00,0.00,4.00,3.90,0,0.00,0,0,06-JAN-2025
OPTSTK,HFCL,27-Feb-2025,2025-02-27,97.50,CE,0.00,0.00,0.00,22.40,13.80,0,0.00,0,0,06-JAN-2025
OPTSTK,HFCL,30-Jan-2025,2025-01-30,117.50,PE,7.30,10.05,7.30,9.85,12.55,19,100.06895,605900,0,06-JAN-2025
OPTSTK,HFCL,27-Mar-2025,2025-03-27,105.00,CE,0.00,0.00,0.00,19.95,11.70,0,0.00,0,0,06-JAN-2025
OPTSTK,HFCL,27-Mar-2025,2025-03-27,105.00,PE,0.00,0.00,0.00,8.40,8.65,0,0.00,0,0,06-JAN-2025
OPTSTK,HFCL,30-Jan-2025,2025-01-30,105.00,PE,1.75,3.70,1.60,3.55,3.55,431,1924.5044,1879950,103750,06-JAN-2025
OPTSTK,HFCL,30-Jan-2025,2025-01-30,105.00,CE,8.90,8.90,5.60,5.90,5.90,65,300.6924,157700,120350,06-JAN-2025
OPTSTK,HFCL,27-Feb-2025,2025-02-27,105.00,PE,0.00,0.00,0.00,4.50,7.00,0,0.00,0,0,06-JAN-2025
OPTSTK,HFCL,30-Jan-2025,2025-01-30,135.00,PE,0.00,0.00,0.00,20.40,28.15,0,0.00,45650,0,06-JAN-2025
OPTSTK,HFCL,30-Jan-2025,2025-01-30,112.50,PE,4.45,7.95,4.05,7.90,7.90,79,386.865075,311250,-78850,06-JAN-2025
OPTSTK,HFCL,27-Mar-2025,2025-03-27,100.00,PE,0.00,0.00,0.00,6.45,6.40,0,0.00,0,0,06-JAN-2025
OPTSTK,HFCL,27-Feb-2025,2025-02-27,100.00,PE,3.10,3.10,3.10,3.10,4.80,1,4.27865,4150,4150,06-JAN-2025
FUTSTK,HFCL,30-Jan-2025,2025-01-30,,,114.89,114.89,106.73,107.10,107.10,2938,13354.2933,35561350,-717950,06-JAN-2025
FUTSTK,HFCL,27-Feb-2025,2025-02-27,,,114.39,114.39,107.08,107.48,107.48,258,1175.91246,1635100,141100,06-JAN-2025
OPTSTK,HFCL,30-Jan-2025,2025-01-30,102.50,CE,9.10,9.10,7.10,7.10,7.10,10,45.747525,24900,24900,06-JAN-2025
OPTSTK,HFCL,27-Feb-2025,2025-02-27,102.50,CE,0.00,0.00,0.00,19.10,10.80,0,0.00,0,0,06-JAN-2025
OPTSTK,HFCL,30-Jan-2025,2025-01-30,150.00,PE,0.00,0.00,0.00,35.65,42.85,0,0.00,4150,0,06-JAN-2025
OPTSTK,HFCL,27-Feb-2025,2025-02-27,112.50,PE,0.00,0.00,0.00,9.90,11.15,0,0.00,0,0,06-JAN-2025
OPTSTK,HFCL,27-Feb-2025,2025-02-27,107.50,CE,0.00,0.00,0.00,16.10,8.30,0,0.00,0,0,06-JAN-2025
OPTSTK,HFCL,30-Jan-2025,2025-01-30,107.50,CE,7.65,7.65,4.25,4.45,4.45,69,322.419725,203350,74700,06-JAN-2025
OPTSTK,HFCL,30-Jan-2025,2025-01-30,150.00,CE,0.00,0.00,0.00,0.20,0.05,0,0.00,20750,0,06-JAN-2025
OPTSTK,HFCL,27-Mar-2025,2025-03-27,125.00,PE,0.00,0.00,0.00,19.00,21.30,0,0.00,0,0,06-JAN-2025
OPTSTK,HFCL,27-Feb-2025,2025-02-27,125.00,PE,0.00,0.00,0.00,11.55,20.10,0,0.00,0,0,06-JAN-2025
OPTSTK,PNB,27-Mar-2025,2025-03-27,104.00,PE,0.00,0.00,0.00,8.95,7.35,0,0.00,0,0,06-JAN-2025
OPTSTK,PNB,27-Mar-2025,2025-03-27,104.00,CE,0.00,0.00,0.00,9.00,6.65,0,0.00,0,0,06-JAN-2025
OPTSTK,PNB,30-Jan-2025,2025-01-30,105.00,CE,4.30,4.30,2.15,2.30,2.30,4556,39200.624,12728000,2400000,06-JAN-2025
OPTSTK,PNB,30-Jan-2025,2025-01-30,105.00,PE,2.75,5.50,2.60,5.05,5.05,2856,25004.332,4816000,-728000,06-JAN-2025
OPTSTK,PNB,27-Feb-2025,2025-02-27,105.00,PE,4.55,6.20,4.55,6.20,6.90,14,124.22,152000,80000,06-JAN-2025
OPTSTK,PNB,27-Feb-2025,2025-02-27,117.00,PE,0.00,0.00,0.00,16.40,15.55,0,0.00,0,0,06-JAN-2025
OPTSTK,PNB,30-Jan-2025,2025-01-30,86.00,CE,0.00,0.00,0.00,16.65,16.25,0,0.00,0,0,06-JAN-2025
OPTSTK,PNB,27-Feb-2025,2025-02-27,86.00,CE,0.00,0.00,0.00,23.60,17.20,0,0.00,0,0,06-JAN-2025
OPTSTK,PNB,30-Jan-2025,2025-01-30,115.00,PE,12.60,13.35,12.00,13.35,13.25,12,122.292,2208000,0,06-JAN-2025
OPTSTK,PNB,27-Feb-2025,2025-02-27,115.00,CE,1.55,1.75,1.40,1.55,1.75,23,214.452,152000,0,06-JAN-2025
OPTSTK,PNB,30-Jan-2025,2025-01-30,120.00,PE,17.50,17.60,17.50,17.50,17.90,3,33.008,1376000,0,06-JAN-2025
OPTSTK,PNB,27-Feb-2025,2025-02-27,120.00,CE,1.25,1.25,0.85,0.85,0.85,100,967.348,968000,232000,06-JAN-2025
OPTSTK,PNB,30-Jan-2025,2025-01-30,115.00,CE,0.80,0.85,0.35,0.45,0.45,2120,19581.936,9576000,520000,06-JAN-2025
OPTSTK,PNB,27-Feb-2025,2025-02-27,116.00,PE,0.00,0.00,0.00,14.20,14.70,0,0.00,0,0,06-JAN-2025
OPTSTK,PNB,27-Feb-2025,2025-02-27,116.00,CE,0.00,0.00,0.00,2.10,1.55,0,0.00,32000,0,06-JAN-2025
OPTSTK,PNB,27-Mar-2025,2025-03-27,116.00,CE,0.00,0.00,0.00,4.75,2.75,0,0.00,0,0,06-JAN-2025
OPTSTK,PNB,30-Jan-2025,2025-01-30,116.00,CE,0.90,0.90,0.30,0.35,0.35,275,2560.568,1472000,400000,06-JAN-2025
OPTSTK,PNB,30-Jan-2025,2025-01-30,97.00,CE,7.45,7.45,7.15,7.15,6.90,2,16.688,56000,8000,06-JAN-2025
OPTSTK,PNB,27-Feb-2025,2025-02-27,90.00,CE,0.00,0.00,0.00,20.50,13.80,0,0.00,0,0,06-JAN-2025
OPTSTK,PNB,30-Jan-2025,2025-01-30,101.00,PE,1.15,3.30,1.15,3.00,3.00,1257,10425.292,1120000,-376000,06-JAN-2025
OPTSTK,PNB,27-Feb-2025,2025-02-27,108.00,PE,0.00,0.00,0.00,5.40,8.75,0,0.00,24000,0,06-JAN-2025
OPTSTK,PNB,27-Feb-2025,2025-02-27,113.00,CE,1.80,1.90,1.10,1.60,1.60,23,210.896,112000,-8000,06-JAN-2025
OPTSTK,PNB,27-Feb-2025,2025-02-27,113.00,PE,0.00,0.00,0.00,13.40,12.35,0,0.00,0,0,06-JAN-2025
OPTSTK,PNB,27-Feb-2025,2025-02-27,118.00,CE,0.00,0.00,0.00,1.20,1.25,0,0.00,8000,0,06-JAN-2025
OPTSTK,PNB,27-Feb-2025,2025-02-27,118.00,PE,0.00,0.00,0.00,14.35,16.40,0,0.00,24000,0,06-JAN-2025
OPTSTK,PNB,30-Jan-2025,2025-01-30,118.00,PE,0.00,0.00,0.00,15.90,16.00,0,0.00,8000,0,06-JAN-2025
OPTSTK,PNB,30-Jan-2025,2025-01-30,106.00,CE,3.60,3.70,1.85,1.95,1.95,1612,13960.176,3152000,552000,06-JAN-2025
OPTSTK,PNB,27-Mar-2025,2025-03-27,124.00,CE,0.00,0.00,0.00,3.00,1.40,0,0.00,0,0,06-JAN-2025
OPTSTK,PNB,30-Jan-2025,2025-01-30,124.00,CE,0.15,0.20,0.10,0.10,0.10,27,268.152,648000,-104000,06-JAN-2025
OPTSTK,PNB,27-Mar-2025,2025-03-27,124.00,PE,0.00,0.00,0.00,22.60,21.85,0,0.00,0,0,06-JAN-2025
OPTSTK,PNB,30-Jan-2025,2025-01-30,124.00,PE,0.00,0.00,0.00,16.85,21.80,0,0.00,96000,0,06-JAN-2025
OPTSTK,PNB,27-Feb-2025,2025-02-27,88.00,CE,0.00,0.00,0.00,22.00,15.45,0,0.00,0,0,06-JAN-2025
OPTSTK,PNB,30-Jan-2025,2025-01-30,88.00,PE,0.30,0.40,0.30,0.35,0.35,80,565.396,688000,-32000,06-JAN-2025
OPTSTK,AUBANK,27-Feb-2025,2025-02-27,625.00,PE,0.00,0.00,0.00,79.35,65.95,0,0.00,0,0,06-JAN-2025
OPTSTK,ATUL,27-Feb-2025,2025-02-27,7400.00,PE,0.00,0.00,0.00,479.85,619.00,0,0.00,0,0,06-JAN-2025
OPTSTK,AUBANK,27-Feb-2025,2025-02-27,640.00,PE,0.00,0.00,0.00,68.60,78.60,0,0.00,0,0,06-JAN-2025
OPTSTK,AUBANK,27-Feb-2025,2025-02-27,640.00,CE,0.00,0.00,0.00,25.95,4.55,0,0.00,0,0,06-JAN-2025
OPTSTK,AUBANK,30-Jan-2025,2025-01-30,605.00,CE,10.25,10.75,4.40,4.50,4.50,261,1596.2065,112000,30000,06-JAN-2025
OPTSTK,ATUL,27-Feb-2025,2025-02-27,6700.00,CE,0.00,0.00,0.00,652.90,362.15,0,0.00,0,0,06-JAN-2025
OPTSTK,AUBANK,27-Mar-2025,2025-03-27,580.00,CE,0.00,0.00,0.00,30.05,25.95,0,0.00,0,0,06-JAN-2025
OPTSTK,AUBANK,30-Jan-2025,2025-01-30,580.00,PE,18.00,34.50,17.40,33.00,33.00,373,2254.8045,271000,60000,06-JAN-2025
OPTSTK,AUBANK,27-Feb-2025,2025-02-27,580.00,CE,0.00,0.00,0.00,50.55,18.80,0,0.00,0,0,06-JAN-2025
OPTSTK,AUBANK,30-Jan-2025,2025-01-30,500.00,CE,64.65,69.45,59.40,59.40,59.40,5,28.207,19000,1000,06-JAN-2025
OPTSTK,AUBANK,27-Feb-2025,2025-02-27,500.00,CE,0.00,0.00,0.00,103.45,68.75,0,0.00,0,0,06-JAN-2025
OPTSTK,AUBANK,27-Mar-2025,2025-03-27,540.00,CE,0.00,0.00,0.00,48.10,46.20,0,0.00,0,0,06-JAN-2025
OPTSTK,AUBANK,27-Mar-2025,2025-03-27,490.00,CE,0.00,0.00,0.00,79.60,82.35,0,0.00,0,0,06-JAN-2025
OPTSTK,AUBANK,27-Feb-2025,2025-02-27,490.00,CE,0.00,0.00,0.00,73.00,77.35,0,0.00,0,0,06-JAN-2025
OPTSTK,AUBANK,30-Jan-2025,2025-01-30,550.00,CE,38.00,39.00,20.95,21.70,21.70,381,2187.261,249000,-33000,06-JAN-2025
OPTSTK,AUBANK,27-Mar-2025,2025-03-27,550.00,PE,0.00,0.00,0.00,34.75,22.50,0,0.00,0,0,06-JAN-2025
OPTSTK,AUBANK,30-Jan-2025,2025-01-30,610.00,PE,35.75,56.50,35.75,56.50,50.75,18,118.391,30000,9000,06-JAN-2025
OPTSTK,AUBANK,27-Feb-2025,2025-02-27,485.00,PE,0.00,0.00,0.00,7.50,2.35,0,0.00,0,0,06-JAN-2025
OPTSTK,AUBANK,27-Feb-2025,2025-02-27,485.00,CE,0.00,0.00,0.00,76.90,81.75,0,0.00,0,0,06-JAN-2025
OPTSTK,AUBANK,30-Jan-2025,2025-01-30,485.00,CE,0.00,0.00,0.00,70.10,77.35,0,0.00,0,0,06-JAN-2025
OPTSTK,AUBANK,30-Jan-2025,2025-01-30,485.00,PE,1.30,1.95,1.25,1.95,0.40,51,248.1035,41000,31000,06-JAN-2025
OPTSTK,ATUL,27-Feb-2025,2025-02-27,7600.00,PE,0.00,0.00,0.00,593.60,781.65,0,0.00,0,0,06-JAN-2025
OPTSTK,ATUL,27-Feb-2025,2025-02-27,6000.00,PE,0.00,0.00,0.00,48.85,26.15,0,0.00,0,0,06-JAN-2025
OPTSTK,AUBANK,27-Mar-2025,2025-03-27,480.00,CE,0.00,0.00,0.00,87.00,90.80,0,0.00,0,0,06-JAN-2025
OPTSTK,AUBANK,27-Mar-2025,2025-03-27,550.00,CE,0.00,0.00,0.00,43.00,40.40,0,0.00,0,0,06-JAN-2025
OPTSTK,AUBANK,27-Feb-2025,2025-02-27,605.00,CE,0.00,0.00,0.00,14.85,10.90,0,0.00,0,0,06-JAN-2025
OPTSTK,AUBANK,27-Mar-2025,2025-03-27,640.00,CE,0.00,0.00,0.00,13.45,9.05,0,0.00,0,0,06-JAN-2025
OPTSTK,AUBANK,27-Feb-2025,2025-02-27,515.00,CE,0.00,0.00,0.00,55.10,56.60,0,0.00,0,0,06-JAN-2025
OPTSTK,AUBANK,27-Mar-2025,2025-03-27,470.00,CE,0.00,0.00,0.00,94.80,99.55,0,0.00,0,0,06-JAN-2025
OPTSTK,AUBANK,27-Mar-2025,2025-03-27,530.00,CE,0.00,0.00,0.00,53.60,52.55,0,0.00,0,0,06-JAN-2025
OPTSTK,AUBANK,30-Jan-2025,2025-01-30,470.00,CE,0.00,0.00,0.00,123.85,92.00,0,0.00,0,0,06-JAN-2025
OPTSTK,AUBANK,30-Jan-2025,2025-01-30,585.00,CE,14.90,18.35,7.95,8.15,8.15,833,4967.645,167000,51000,06-JAN-2025
OPTSTK,AUBANK,27-Feb-2025,2025-02-27,570.00,CE,0.00,0.00,0.00,26.15,22.90,0,0.00,0,0,06-JAN-2025
OPTSTK,POONAWALLA,30-Jan-2025,2025-01-30,315.00,PE,8.00,13.90,6.60,13.15,13.15,173,815.37705,160950,29000,06-JAN-2025
OPTSTK,BERGEPAINT,27-Feb-2025,2025-02-27,455.00,PE,0.00,0.00,0.00,25.85,17.45,0,0.00,0,0,06-JAN-2025
OPTSTK,POONAWALLA,30-Jan-2025,2025-01-30,285.00,CE,33.00,33.00,33.00,33.00,32.45,1,4.611,7250,0,06-JAN-2025
OPTSTK,POONAWALLA,27-Feb-2025,2025-02-27,285.00,CE,0.00,0.00,0.00,49.00,37.85,0,0.00,0,0,06-JAN-2025
OPTSTK,POONAWALLA,30-Jan-2025,2025-01-30,285.00,PE,1.20,3.10,1.20,2.90,2.90,29,120.850975,95700,14500,06-JAN-2025
OPTSTK,POONAWALLA,27-Feb-2025,2025-02-27,340.00,CE,0.00,0.00,0.00,58.15,10.45,0,0.00,0,0,06-JAN-2025
OPTSTK,BERGEPAINT,30-Jan-2025,2025-01-30,570.00,PE,0.00,0.00,0.00,122.00,119.90,0,0.00,1320,0,06-JAN-2025
OPTSTK,POONAWALLA,27-Feb-2025,2025-02-27,335.00,PE,0.00,0.00,0.00,32.25,30.45,0,0.00,0,0,06-JAN-2025
OPTSTK,BERGEPAINT,27-Mar-2025,2025-03-27,470.00,PE,0.00,0.00,0.00,37.65,28.70,0,0.00,0,0,06-JAN-2025
OPTSTK,BERGEPAINT,27-Feb-2025,2025-02-27,425.00,CE,0.00,0.00,0.00,33.10,32.25,0,0.00,0,0,06-JAN-2025
OPTSTK,POONAWALLA,30-Jan-2025,2025-01-30,410.00,CE,0.00,0.00,0.00,5.20,0.05,0,0.00,8700,0,06-JAN-2025
OPTSTK,POONAWALLA,27-Feb-2025,2025-02-27,285.00,PE,0.00,0.00,0.00,9.95,6.85,0,0.00,0,0,06-JAN-2025
OPTSTK,POONAWALLA,30-Jan-2025,2025-01-30,340.00,PE,22.95,23.55,22.95,23.55,29.80,2,10.53425,44950,1450,06-JAN-2025
OPTSTK,POONAWALLA,30-Jan-2025,2025-01-30,340.00,CE,4.80,6.00,2.75,3.00,3.00,818,4085.665,261000,5800,06-JAN-2025
OPTSTK,BERGEPAINT,27-Feb-2025,2025-02-27,490.00,PE,0.00,0.00,0.00,24.65,41.80,0,0.00,0,0,06-JAN-2025
OPTSTK,POONAWALLA,27-Feb-2025,2025-02-27,300.00,CE,0.00,0.00,0.00,86.00,28.00,0,0.00,0,0,06-JAN-2025
OPTSTK,BERGEPAINT,27-Feb-2025,2025-02-27,425.00,PE,0.00,0.00,0.00,11.80,5.60,0,0.00,0,0,06-JAN-2025
OPTSTK,BERGEPAINT,27-Mar-2025,2025-03-27,540.00,CE,0.00,0.00,0.00,3.40,1.35,0,0.00,0,0,06-JAN-2025
OPTSTK,POONAWALLA,27-Feb-2025,2025-02-27,360.00,PE,0.00,0.00,0.00,27.60,49.05,0,0.00,0,0,06-JAN-2025
OPTSTK,BERGEPAINT,30-Jan-2025,2025-01-30,475.00,PE,27.10,27.10,27.10,27.10,28.00,1,6.62772,9240,-1320,06-JAN-2025
OPTSTK,BERGEPAINT,27-Feb-2025,2025-02-27,475.00,PE,0.00,0.00,0.00,38.75,30.15,0,0.00,0,0,06-JAN-2025
OPTSTK,BERGEPAINT,30-Jan-2025,2025-01-30,560.00,PE,0.00,0.00,0.00,110.00,109.90,0,0.00,5280,0,06-JAN-2025
OPTSTK,POONAWALLA,27-Feb-2025,2025-02-27,325.00,PE,0.00,0.00,0.00,26.60,24.15,0,0.00,0,0,06-JAN-2025
OPTSTK,POONAWALLA,30-Jan-2025,2025-01-30,325.00,CE,8.35,12.40,6.20,6.50,6.50,459,2225.49697,133400,23200,06-JAN-2025
OPTSTK,BERGEPAINT,27-Feb-2025,2025-02-27,470.00,CE,0.00,0.00,0.00,44.15,8.75,0,0.00,0,0,06-JAN-2025
OPTSTK,BERGEPAINT,30-Jan-2025,2025-01-30,490.00,CE,1.85,1.85,1.15,1.50,1.50,183,1186.94466,266640,10560,06-JAN-2025
OPTSTK,POONAWALLA,27-Mar-2025,2025-03-27,270.00,PE,0.00,0.00,0.00,9.25,6.05,0,0.00,0,0,06-JAN-2025
OPTSTK,BERGEPAINT,27-Mar-2025,2025-03-27,520.00,PE,0.00,0.00,0.00,75.25,67.55,0,0.00,0,0,06-JAN-2025
OPTSTK,POONAWALLA,30-Jan-2025,2025-01-30,420.00,CE,0.00,0.00,0.00,0.20,0.05,0,0.00,17400,0,06-JAN-2025
OPTSTK,BERGEPAINT,27-Feb-2025,2025-02-27,420.00,PE,0.00,0.00,0.00,4.05,4.40,0,0.00,0,0,06-JAN-2025
OPTSTK,POONAWALLA,30-Jan-2025,2025-01-30,420.00,PE,0.00,0.00,0.00,97.00,104.85,0,0.00,2900,0,06-JAN-2025
OPTSTK,DLF,30-Jan-2025,2025-01-30,730.00,PE,1.80,4.65,1.75,3.65,3.65,288,1741.90252,196350,80025,06-JAN-2025
OPTSTK,DLF,27-Feb-2025,2025-02-27,760.00,PE,11.00,11.00,11.00,11.00,17.65,1,6.36075,825,825,06-JAN-2025
OPTSTK,DLF,27-Mar-2025,2025-03-27,760.00,PE,0.00,0.00,0.00,26.95,24.45,0,0.00,0,0,06-JAN-2025
OPTSTK,DLF,27-Feb-2025,2025-02-27,940.00,CE,0.00,0.00,0.00,28.45,6.45,0,0.00,0,0,06-JAN-2025
OPTSTK,DLF,30-Jan-2025,2025-01-30,940.00,PE,0.00,0.00,0.00,110.00,131.10,0,0.00,61050,0,06-JAN-2025
OPTSTK,DLF,30-Jan-2025,2025-01-30,900.00,PE,89.00,94.90,89.00,94.90,93.70,2,16.367175,264825,-825,06-JAN-2025
OPTSTK,DLF,30-Jan-2025,2025-01-30,840.00,PE,24.85,46.80,24.50,42.65,42.65,497,3596.51325,598950,-62700,06-JAN-2025
OPTSTK,DLF,27-Feb-2025,2025-02-27,910.00,PE,0.00,0.00,0.00,92.00,106.00,0,0.00,0,0,06-JAN-2025
OPTSTK,DLF,30-Jan-2025,2025-01-30,910.00,CE,3.60,3.65,1.65,2.05,2.05,549,4131.68085,166650,-66000,06-JAN-2025
OPTSTK,DLF,27-Feb-2025,2025-02-27,900.00,PE,0.00,0.00,0.00,72.55,97.85,0,0.00,1650,0,06-JAN-2025
OPTSTK,DLF,27-Feb-2025,2025-02-27,910.00,CE,0.00,0.00,0.00,32.10,10.55,0,0.00,0,0,06-JAN-2025
FUTSTK,DLF,30-Jan-2025,2025-01-30,,,833.00,837.40,803.65,808.30,808.30,10628,71406.5430,41445525,145200,06-JAN-2025
OPTSTK,DLF,30-Jan-2025,2025-01-30,680.00,CE,0.00,0.00,0.00,164.25,129.30,0,0.00,0,0,06-JAN-2025
OPTSTK,DLF,27-Feb-2025,2025-02-27,810.00,CE,0.00,0.00,0.00,75.55,41.55,0,0.00,0,0,06-JAN-2025
OPTSTK,DLF,30-Jan-2025,2025-01-30,1000.00,CE,0.30,0.50,0.30,0.40,0.15,30,247.609312,104775,1650,06-JAN-2025
OPTSTK,DLF,27-Mar-2025,2025-03-27,820.00,PE,0.00,0.00,0.00,49.55,50.50,0,0.00,0,0,06-JAN-2025
OPTSTK,DLF,27-Feb-2025,2025-02-27,740.00,CE,0.00,0.00,0.00,115.10,85.10,0,0.00,0,0,06-JAN-2025
OPTSTK,DLF,30-Jan-2025,2025-01-30,920.00,CE,2.90,2.90,1.35,1.60,1.60,457,3475.15245,209550,-41250,06-JAN-2025
OPTSTK,DLF,30-Jan-2025,2025-01-30,920.00,PE,100.95,100.95,100.95,100.95,112.10,1,8.4228375,100650,-825,06-JAN-2025
OPTSTK,DLF,30-Jan-2025,2025-01-30,930.00,PE,0.00,0.00,0.00,124.70,121.55,0,0.00,0,0,06-JAN-2025
OPTSTK,DLF,27-Feb-2025,2025-02-27,730.00,CE,0.00,0.00,0.00,130.35,92.80,0,0.00,0,0,06-JAN-2025
OPTSTK,DLF,30-Jan-2025,2025-01-30,810.00,PE,12.50,28.20,12.50,25.45,25.45,1843,12658.9171,344025,37950,06-JAN-2025
OPTSTK,DLF,27-Feb-2025,2025-02-27,840.00,PE,48.85,48.85,48.85,48.85,54.85,1,7.3330125,825,-825,06-JAN-2025
OPTSTK,DLF,30-Jan-2025,2025-01-30,750.00,CE,68.10,68.10,67.55,67.55,65.65,2,13.4941125,12375,1650,06-JAN-2025
OPTSTK,DLF,27-Feb-2025,2025-02-27,880.00,PE,0.00,0.00,0.00,95.65,82.35,0,0.00,0,0,06-JAN-2025
OPTSTK,DLF,30-Jan-2025,2025-01-30,870.00,CE,11.00,11.15,5.00,5.75,5.75,1141,8249.53593,541200,94875,06-JAN-2025
OPTSTK,DLF,27-Mar-2025,2025-03-27,740.00,CE,0.00,0.00,0.00,133.35,95.00,0,0.00,0,0,06-JAN-2025
OPTSTK,DLF,27-Mar-2025,2025-03-27,960.00,PE,0.00,0.00,0.00,134.20,150.35,0,0.00,0,0,06-JAN-2025
OPTSTK,DLF,27-Feb-2025,2025-02-27,960.00,CE,0.00,0.00,0.00,24.15,4.60,0,0.00,0,0,06-JAN-2025
OPTSTK,DLF,30-Jan-2025,2025-01-30,1000.00,PE,172.00,172.00,172.00,172.00,189.85,1,9.669,6600,825,06-JAN-2025
OPTSTK,DLF,27-Feb-2025,2025-02-27,920.00,PE,0.00,0.00,0.00,122.90,114.35,0,0.00,0,0,06-JAN-2025
OPTSTK,DLF,27-Mar-2025,2025-03-27,920.00,CE,0.00,0.00,0.00,41.25,16.75,0,0.00,0,0,06-JAN-2025
OPTSTK,DLF,27-Feb-2025,2025-02-27,790.00,CE,0.00,0.00,0.00,87.60,52.05,0,0.00,0,0,06-JAN-2025
OPTSTK,RELIANCE,30-Jan-2025,2025-01-30,1480.00,PE,232.00,241.00,232.00,241.00,255.45,9,77.21,160000,4500,06-JAN-2025
OPTSTK,RELIANCE,27-Feb-2025,2025-02-27,1340.00,PE,84.00,121.70,84.00,117.80,117.80,4,28.847,1000,500,06-JAN-2025
OPTSTK,RELIANCE,27-Mar-2025,2025-03-27,1220.00,PE,0.00,0.00,0.00,53.90,42.95,0,0.00,0,0,06-JAN-2025
OPTSTK,RELIANCE,27-Feb-2025,2025-02-27,1240.00,PE,27.80,43.30,23.40,42.55,42.55,132,840.171,82000,3000,06-JAN-2025
OPTSTK,RELIANCE,27-Mar-2025,2025-03-27,1160.00,CE,0.00,0.00,0.00,107.60,95.60,0,0.00,0,0,06-JAN-2025
OPTSTK,RELIANCE,30-Jan-2025,2025-01-30,1290.00,PE,44.10,72.80,37.55,71.15,71.15,562,3773.76525,353500,-11000,06-JAN-2025
OPTSTK,RELIANCE,27-Feb-2025,2025-02-27,1290.00,CE,27.45,28.15,17.70,18.10,18.10,21,137.79175,16000,5500,06-JAN-2025
FUTSTK,RELIANCE,30-Jan-2025,2025-01-30,,,1257.05,1267.40,1221.95,1224.65,1224.65,55495,344650.964,180041000,783000,06-JAN-2025
OPTSTK,RELIANCE,27-Feb-2025,2025-02-27,1290.00,PE,0.00,0.00,0.00,87.30,78.40,0,0.00,0,0,06-JAN-2025
OPTSTK,RELIANCE,27-Mar-2025,2025-03-27,1440.00,PE,0.00,0.00,0.00,208.00,205.30,0,0.00,0,0,06-JAN-2025
OPTSTK,RELIANCE,30-Jan-2025,2025-01-30,1280.00,CE,14.25,19.25,7.35,7.65,7.65,13041,84271.895,2408000,48500,06-JAN-2025
OPTSTK,RELIANCE,27-Feb-2025,2025-02-27,1280.00,CE,35.40,36.05,20.50,21.05,21.05,82,535.0155,86500,10000,06-JAN-2025
OPTSTK,RELIANCE,30-Jan-2025,2025-01-30,1200.00,PE,7.25,17.25,5.55,16.05,16.05,17943,108763.786,4385500,179000,06-JAN-2025
OPTSTK,RELIANCE,27-Mar-2025,2025-03-27,1200.00,PE,20.00,31.50,19.05,30.80,30.80,228,1397.09125,90000,24500,06-JAN-2025
OPTSTK,RELIANCE,27-Feb-2025,2025-02-27,1360.00,CE,10.00,11.45,6.75,6.95,6.95,237,1621.60675,136500,-10500,06-JAN-2025
OPTSTK,RELIANCE,27-Feb-2025,2025-02-27,1300.00,CE,24.75,27.40,15.40,15.95,15.95,1677,11075.1297,1143000,148000,06-JAN-2025
OPTSTK,RELIANCE,30-Jan-2025,2025-01-30,1300.00,PE,51.95,81.55,44.35,79.20,79.20,1667,11357.6827,3921500,-58500,06-JAN-2025
OPTSTK,RELIANCE,30-Jan-2025,2025-01-30,1340.00,PE,80.45,111.00,77.95,111.00,117.80,36,256.93,212000,-1000,06-JAN-2025
OPTSTK,RELIANCE,30-Jan-2025,2025-01-30,1340.00,CE,3.60,4.60,1.95,2.05,2.05,4245,28502.5002,1284500,44500,06-JAN-2025
OPTSTK,RELIANCE,30-Jan-2025,2025-01-30,1220.00,CE,47.05,56.00,27.15,28.40,28.40,7651,48059.3572,2262500,66500,06-JAN-2025
OPTSTK,RELIANCE,30-Jan-2025,2025-01-30,1520.00,PE,255.00,260.00,255.00,260.00,295.25,7,62.275,855000,-1500,06-JAN-2025
OPTSTK,RELIANCE,27-Feb-2025,2025-02-27,1040.00,CE,0.00,0.00,0.00,252.60,188.80,0,0.00,0,0,06-JAN-2025
OPTSTK,RELIANCE,27-Feb-2025,2025-02-27,1040.00,PE,2.10,2.50,2.10,2.50,2.50,8,41.69375,26500,0,06-JAN-2025
OPTSTK,RELIANCE,27-Feb-2025,2025-02-27,1440.00,PE,0.00,0.00,0.00,164.05,209.55,0,0.00,0,0,06-JAN-2025
OPTSTK,RELIANCE,27-Mar-2025,2025-03-27,1440.00,CE,7.30,14.90,7.30,12.20,12.20,9,65.29975,6000,3000,06-JAN-2025
OPTSTK,RELIANCE,27-Feb-2025,2025-02-27,1120.00,CE,0.00,0.00,0.00,170.00,115.35,0,0.00,500,0,06-JAN-2025
OPTSTK,RELIANCE,30-Jan-2025,2025-01-30,1190.00,CE,71.70,80.70,46.40,48.05,48.05,386,2410.64,88500,24500,06-JAN-2025
OPTSTK,RELIANCE,27-Feb-2025,2025-02-27,1190.00,PE,0.00,0.00,0.00,33.65,23.65,0,0.00,0,0,06-JAN-2025
OPTSTK,RELIANCE,27-Feb-2025,2025-02-27,1060.00,PE,0.00,0.00,0.00,2.80,1.50,0,0.00,500,0,06-JAN-2025
OPTSTK,RELIANCE,27-Feb-2025,2025-02-27,1110.00,CE,0.00,0.00,0.00,131.75,123.95,0,0.00,0,0,06-JAN-2025
OPTSTK,RELIANCE,27-Feb-2025,2025-02-27,1370.00,CE,0.00,0.00,0.00,12.10,5.15,0,0.00,0,0,06-JAN-2025
OPTSTK,PIIND,27-Feb-2025,2025-02-27,3800.00,PE,0.00,0.00,0.00,198.75,231.95,0,0.00,375,0,06-JAN-2025
OPTSTK,PIIND,27-Feb-2025,2025-02-27,3850.00,PE,0.00,0.00,0.00,212.55,267.90,0,0.00,0,0,06-JAN-2025
OPTSTK,PIIND,30-Jan-2025,2025-01-30,3850.00,PE,203.45,242.10,203.45,240.20,251.90,11,56.200625,2500,1375,06-JAN-2025
OPTSTK,PIIND,27-Feb-2025,2025-02-27,3850.00,CE,0.00,0.00,0.00,156.85,54.95,0,0.00,0,0,06-JAN-2025
OPTSTK,PIIND,27-Feb-2025,2025-02-27,4000.00,PE,0.00,0.00,0.00,185.60,388.15,0,0.00,0,0,06-JAN-2025
OPTSTK,PIIND,27-Mar-2025,2025-03-27,3300.00,PE,0.00,0.00,0.00,43.40,39.50,0,0.00,0,0,06-JAN-2025
OPTSTK,PIIND,27-Mar-2025,2025-03-27,3300.00,CE,0.00,0.00,0.00,549.00,388.15,0,0.00,0,0,06-JAN-2025
OPTSTK,PIIND,30-Jan-2025,2025-01-30,4000.00,PE,341.85,398.00,325.75,393.80,393.80,11,59.8719375,17125,375,06-JAN-2025
OPTSTK,PIIND,27-Mar-2025,2025-03-27,3000.00,PE,0.00,0.00,0.00,10.30,6.30,0,0.00,0,0,06-JAN-2025
FUTSTK,PIIND,30-Jan-2025,2025-01-30,,,3673.80,3706.95,3595.00,3612.95,3612.95,4158,18939.7476,1830875,99625,06-JAN-2025
FUTSTK,PIIND,27-Feb-2025,2025-02-27,,,3699.70,3721.50,3609.50,3628.35,3628.35,157,718.368562,39125,3625,06-JAN-2025
FUTSTK,PIIND,27-Mar-2025,2025-03-27,,,3704.90,3705.00,3632.80,3657.00,3657.00,10,45.8773125,3500,125,06-JAN-2025
OPTSTK,PIIND,27-Mar-2025,2025-03-27,3700.00,PE,0.00,0.00,0.00,163.65,188.20,0,0.00,0,0,06-JAN-2025
OPTSTK,PIIND,27-Mar-2025,2025-03-27,3700.00,CE,0.00,0.00,0.00,276.45,142.75,0,0.00,0,0,06-JAN-2025
OPTSTK,PIIND,27-Feb-2025,2025-02-27,3450.00,CE,0.00,0.00,0.00,393.60,240.30,0,0.00,0,0,06-JAN-2025
OPTSTK,PIIND,30-Jan-2025,2025-01-30,3450.00,PE,26.50,50.80,23.20,46.05,46.05,60,261.498562,11125,1500,06-JAN-2025
OPTSTK,PIIND,27-Feb-2025,2025-02-27,3950.00,CE,0.00,0.00,0.00,118.65,34.25,0,0.00,0,0,06-JAN-2025
OPTSTK,PIIND,27-Feb-2025,2025-02-27,3950.00,PE,0.00,0.00,0.00,273.10,346.25,0,0.00,0,0,06-JAN-2025
OPTSTK,PIIND,27-Mar-2025,2025-03-27,4000.00,PE,0.00,0.00,0.00,326.45,393.05,0,0.00,0,0,06-JAN-2025
OPTSTK,PIIND,30-Jan-2025,2025-01-30,3900.00,PE,262.95,309.20,262.95,309.20,295.30,13,68.054,4500,375,06-JAN-2025
OPTSTK,PIIND,27-Mar-2025,2025-03-27,3900.00,CE,0.00,0.00,0.00,181.85,74.60,0,0.00,0,0,06-JAN-2025
OPTSTK,PIIND,27-Mar-2025,2025-03-27,3800.00,CE,0.00,0.00,0.00,225.65,104.50,0,0.00,0,0,06-JAN-2025
OPTSTK,PIIND,27-Feb-2025,2025-02-27,3800.00,CE,0.00,0.00,0.00,420.50,68.55,0,0.00,0,0,06-JAN-2025
OPTSTK,PIIND,30-Jan-2025,2025-01-30,3500.00,PE,36.45,65.35,31.10,60.80,60.80,756,3357.30587,39375,5625,06-JAN-2025
OPTSTK,PIIND,30-Jan-2025,2025-01-30,3950.00,PE,0.00,0.00,0.00,241.35,340.60,0,0.00,250,0,06-JAN-2025
OPTSTK,PIIND,27-Feb-2025,2025-02-27,3350.00,CE,0.00,0.00,0.00,472.45,314.75,0,0.00,0,0,06-JAN-2025
OPTSTK,BEL,30-Jan-2025,2025-01-30,310.00,PE,21.00,29.35,20.85,28.80,28.80,60,575.453475,1043100,-34200,06-JAN-2025
OPTSTK,BEL,27-Mar-2025,2025-03-27,340.00,PE,0.00,0.00,0.00,50.50,56.90,0,0.00,0,0,06-JAN-2025
OPTSTK,BEL,27-Feb-2025,2025-02-27,340.00,CE,1.60,2.00,1.60,2.00,1.85,2,19.4826,74100,-2850,06-JAN-2025
OPTSTK,BEL,30-Jan-2025,2025-01-30,315.00,CE,2.20,2.20,1.25,1.35,1.35,1432,12919.8722,2334150,119700,06-JAN-2025
OPTSTK,BEL,30-Jan-2025,2025-01-30,315.00,PE,28.45,33.65,28.45,33.35,33.35,14,137.89155,342000,-11400,06-JAN-2025
OPTSTK,BEL,27-Mar-2025,2025-03-27,240.00,CE,0.00,0.00,0.00,63.80,48.90,0,0.00,0,0,06-JAN-2025
OPTSTK,BEL,27-Feb-2025,2025-02-27,295.00,PE,0.00,0.00,0.00,11.60,20.95,0,0.00,2850,0,06-JAN-2025
OPTSTK,BEL,30-Jan-2025,2025-01-30,290.00,PE,8.10,14.40,7.25,13.45,13.45,2225,19036.0791,2479500,-262200,06-JAN-2025
OPTSTK,BEL,30-Jan-2025,2025-01-30,300.00,PE,12.55,21.50,12.55,20.30,20.30,371,3357.50947,2986800,-108300,06-JAN-2025
OPTSTK,BEL,27-Feb-2025,2025-02-27,300.00,CE,10.85,11.45,8.30,8.70,8.70,166,1463.0646,986100,213750,06-JAN-2025
OPTSTK,BEL,27-Feb-2025,2025-02-27,260.00,PE,3.60,6.00,3.60,5.85,5.85,49,370.914675,233700,11400,06-JAN-2025
OPTSTK,BEL,30-Jan-2025,2025-01-30,260.00,PE,0.95,2.55,0.75,2.30,2.30,1585,11825.3981,1920900,307800,06-JAN-2025
OPTSTK,BEL,30-Jan-2025,2025-01-30,335.00,PE,45.50,48.25,45.50,48.25,51.75,2,21.766875,17100,-2850,06-JAN-2025
OPTSTK,BEL,30-Jan-2025,2025-01-30,280.00,CE,16.95,16.95,10.45,11.00,11.00,625,5208.19545,977550,384750,06-JAN-2025
OPTSTK,BEL,30-Jan-2025,2025-01-30,310.00,CE,3.30,3.30,1.70,1.80,1.80,2338,20806.5204,4839300,111150,06-JAN-2025
OPTSTK,BEL,27-Mar-2025,2025-03-27,310.00,CE,0.00,0.00,0.00,21.25,10.05,0,0.00,0,0,06-JAN-2025
OPTSTK,BEL,27-Feb-2025,2025-02-27,310.00,CE,7.00,7.20,5.55,5.60,5.60,32,288.444225,168150,39900,06-JAN-2025
OPTSTK,BEL,30-Jan-2025,2025-01-30,230.00,CE,0.00,0.00,0.00,63.40,53.25,0,0.00,0,0,06-JAN-2025
OPTSTK,IRCTC,30-Jan-2025,2025-01-30,870.00,PE,0.00,0.00,0.00,72.50,97.75,0,0.00,33250,0,06-JAN-2025
OPTSTK,IRCTC,27-Feb-2025,2025-02-27,740.00,PE,9.00,20.05,9.00,19.30,19.25,26,171.443125,21000,5250,06-JAN-2025
OPTSTK,IRCTC,27-Feb-2025,2025-02-27,740.00,CE,0.00,0.00,0.00,112.25,56.70,0,0.00,0,0,06-JAN-2025
OPTSTK,NTPC,27-Feb-2025,2025-02-27,400.00,CE,1.70,1.70,1.05,1.20,1.20,104,626.0205,591000,42000,06-JAN-2025
OPTSTK,NTPC,27-Mar-2025,2025-03-27,340.00,CE,0.00,0.00,0.00,18.00,14.50,0,0.00,1500,0,06-JAN-2025
OPTSTK,NTPC,27-Feb-2025,2025-02-27,340.00,CE,13.20,13.40,8.60,8.85,8.85,125,658.16325,148500,52500,06-JAN-2025
OPTSTK,NTPC,27-Mar-2025,2025-03-27,340.00,PE,0.00,0.00,0.00,22.90,22.00,0,0.00,0,0,06-JAN-2025
OPTSTK,NTPC,30-Jan-2025,2025-01-30,335.00,CE,13.50,13.50,5.35,5.60,5.60,3431,17622.9765,1897500,447000,06-JAN-2025
OPTSTK,NTPC,30-Jan-2025,2025-01-30,290.00,CE,0.00,0.00,0.00,123.90,39.20,0,0.00,0,0,06-JAN-2025
OPTSTK,NTPC,30-Jan-2025,2025-01-30,305.00,PE,0.80,2.00,0.65,1.90,1.90,1376,6324.4605,699000,-117000,06-JAN-2025
OPTSTK,IRCTC,30-Jan-2025,2025-01-30,930.00,CE,0.50,0.50,0.50,0.50,0.50,1,8.141875,3500,-875,06-JAN-2025
OPTSTK,NTPC,27-Feb-2025,2025-02-27,365.00,PE,0.00,0.00,0.00,35.60,37.80,0,0.00,0,0,06-JAN-2025
OPTSTK,NTPC,27-Mar-2025,2025-03-27,370.00,CE,0.00,0.00,0.00,12.60,5.80,0,0.00,0,0,06-JAN-2025
OPTSTK,NTPC,30-Jan-2025,2025-01-30,370.00,CE,1.15,1.25,0.55,0.60,0.60,2185,12151.7362,3016500,415500,06-JAN-2025
OPTSTK,IRCTC,30-Jan-2025,2025-01-30,640.00,PE,0.50,0.85,0.50,0.70,0.70,13,72.88225,14000,2625,06-JAN-2025
OPTSTK,IRCTC,27-Feb-2025,2025-02-27,640.00,CE,0.00,0.00,0.00,191.25,138.05,0,0.00,0,0,06-JAN-2025
OPTSTK,IRCTC,30-Jan-2025,2025-01-30,660.00,CE,0.00,0.00,0.00,180.75,113.75,0,0.00,0,0,06-JAN-2025
OPTSTK,NTPC,30-Jan-2025,2025-01-30,335.00,PE,7.00,12.50,4.80,12.05,12.05,2531,13027.4985,1315500,-364500,06-JAN-2025
OPTSTK,NTPC,27-Feb-2025,2025-02-27,335.00,PE,0.00,0.00,0.00,17.45,16.70,0,0.00,0,0,06-JAN-2025
OPTSTK,NTPC,27-Feb-2025,2025-02-27,320.00,PE,7.65,9.90,7.65,9.65,9.65,49,241.77,337500,-40500,06-JAN-2025
OPTSTK,IRCTC,30-Jan-2025,2025-01-30,730.00,PE,2.95,9.00,2.70,7.30,7.30,902,5805.62281,161875,-43750,06-JAN-2025
OPTSTK,IRCTC,27-Feb-2025,2025-02-27,730.00,CE,0.00,0.00,0.00,83.25,63.30,0,0.00,0,0,06-JAN-2025
OPTSTK,IRCTC,27-Mar-2025,2025-03-27,740.00,PE,0.00,0.00,0.00,32.05,25.55,0,0.00,0,0,06-JAN-2025
OPTSTK,NTPC,27-Mar-2025,2025-03-27,400.00,PE,0.00,0.00,0.00,64.30,68.60,0,0.00,0,0,06-JAN-2025
OPTSTK,NTPC,30-Jan-2025,2025-01-30,400.00,CE,0.30,0.30,0.15,0.25,0.25,400,2401.30875,1657500,9000,06-JAN-2025
OPTSTK,IRCTC,27-Mar-2025,2025-03-27,760.00,CE,0.00,0.00,0.00,76.20,55.20,0,0.00,0,0,06-JAN-2025
OPTSTK,IRCTC,30-Jan-2025,2025-01-30,930.00,PE,0.00,0.00,0.00,140.00,155.75,0,0.00,3500,0,06-JAN-2025
OPTSTK,NTPC,27-Feb-2025,2025-02-27,370.00,CE,2.50,2.50,2.50,2.50,2.50,1,5.5875,3000,1500,06-JAN-2025
OPTSTK,IRCTC,27-Feb-2025,2025-02-27,750.00,CE,0.00,0.00,0.00,70.50,50.50,0,0.00,0,0,06-JAN-2025
OPTSTK,NTPC,27-Feb-2025,2025-02-27,330.00,PE,10.70,14.00,10.70,13.55,13.55,32,164.3085,85500,7500,06-JAN-2025
OPTSTK,NTPC,27-Feb-2025,2025-02-27,355.00,PE,0.00,0.00,0.00,28.85,29.95,0,0.00,0,0,06-JAN-2025
OPTSTK,NTPC,30-Jan-2025,2025-01-30,410.00,PE,0.00,0.00,0.00,71.65,80.70,0,0.00,238500,0,06-JAN-2025
OPTSTK,IRCTC,30-Jan-2025,2025-01-30,740.00,CE,53.50,53.50,42.40,42.40,44.25,2,13.789125,5250,875,06-JAN-2025
OPTSTK,LAURUSLABS,27-Feb-2025,2025-02-27,570.00,PE,0.00,0.00,0.00,31.05,13.05,0,0.00,0,0,06-JAN-2025
OPTSTK,LAURUSLABS,27-Feb-2025,2025-02-27,520.00,CE,0.00,0.00,0.00,63.85,87.45,0,0.00,0,0,06-JAN-2025
OPTSTK,LAURUSLABS,27-Mar-2025,2025-03-27,660.00,CE,0.00,0.00,0.00,16.40,16.15,0,0.00,0,0,06-JAN-2025
FUTSTK,LAURUSLABS,27-Feb-2025,2025-02-27,,,618.00,618.35,601.30,606.60,606.60,207,2141.5818,625600,73100,06-JAN-2025
OPTSTK,LAURUSLABS,27-Mar-2025,2025-03-27,560.00,PE,0.00,0.00,0.00,31.75,14.60,0,0.00,0,0,06-JAN-2025
OPTSTK,LAURUSLABS,27-Feb-2025,2025-02-27,700.00,PE,0.00,0.00,0.00,142.75,97.60,0,0.00,0,0,06-JAN-2025
OPTSTK,LAURUSLABS,27-Mar-2025,2025-03-27,660.00,PE,0.00,0.00,0.00,93.90,66.90,0,0.00,0,0,06-JAN-2025
OPTSTK,ABB,27-Feb-2025,2025-02-27,7500.00,PE,0.00,0.00,0.00,770.05,909.40,0,0.00,0,0,06-JAN-2025
OPTSTK,ABB,27-Mar-2025,2025-03-27,5600.00,CE,0.00,0.00,0.00,1537.50,1171.80,0,0.00,0,0,06-JAN-2025
OPTSTK,ABB,30-Jan-2025,2025-01-30,8500.00,PE,0.00,0.00,0.00,1560.00,1842.85,0,0.00,125,0,06-JAN-2025
OPTSTK,ABB,30-Jan-2025,2025-01-30,7700.00,CE,19.00,19.00,10.55,11.05,11.05,135,1301.77031,28750,3625,06-JAN-2025
OPTSTK,ABB,27-Feb-2025,2025-02-27,7700.00,CE,0.00,0.00,0.00,250.20,71.10,0,0.00,0,0,06-JAN-2025
OPTSTK,ABB,27-Feb-2025,2025-02-27,7700.00,PE,0.00,0.00,0.00,908.35,1077.20,0,0.00,0,0,06-JAN-2025
OPTSTK,ABB,30-Jan-2025,2025-01-30,7700.00,PE,1000.00,1000.00,1000.00,1000.00,1060.30,1,10.875,1125,125,06-JAN-2025
OPTSTK,ABB,27-Feb-2025,2025-02-27,6100.00,CE,0.00,0.00,0.00,1058.85,703.15,0,0.00,0,0,06-JAN-2025
OPTSTK,ABB,30-Jan-2025,2025-01-30,6800.00,PE,187.00,310.05,176.15,291.85,291.85,634,5587.51256,36375,-16750,06-JAN-2025
OPTSTK,ABB,27-Feb-2025,2025-02-27,6200.00,CE,0.00,0.00,0.00,1448.55,632.80,0,0.00,0,0,06-JAN-2025
FUTSTK,ABB,27-Mar-2025,2025-03-27,,,6869.95,6883.00,6708.00,6719.40,6719.40,66,559.652,6250,1375,06-JAN-2025
OPTSTK,ABB,30-Jan-2025,2025-01-30,6900.00,CE,168.00,168.00,90.60,97.85,97.85,1422,12483.4536,87625,15375,06-JAN-2025
OPTSTK,ABB,30-Jan-2025,2025-01-30,7500.00,PE,0.00,0.00,0.00,701.70,874.30,0,0.00,17750,0,06-JAN-2025
OPTSTK,ABB,30-Jan-2025,2025-01-30,6000.00,CE,0.00,0.00,0.00,1638.95,683.85,0,0.00,0,0,06-JAN-2025
OPTSTK,ABB,30-Jan-2025,2025-01-30,6000.00,PE,9.40,32.25,9.40,29.40,29.40,692,5211.512,30750,4375,06-JAN-2025
FUTSTK,ABB,30-Jan-2025,2025-01-30,,,6845.90,6845.90,6605.00,6638.75,6638.75,4049,33889.3244,1780375,23125,06-JAN-2025
OPTSTK,ABB,30-Jan-2025,2025-01-30,5900.00,CE,0.00,0.00,0.00,1617.80,771.45,0,0.00,0,0,06-JAN-2025
OPTSTK,ABB,27-Feb-2025,2025-02-27,5900.00,PE,0.00,0.00,0.00,95.60,78.85,0,0.00,0,0,06-JAN-2025
OPTSTK,ABB,30-Jan-2025,2025-01-30,5900.00,PE,16.50,23.00,15.45,19.90,19.90,68,503.15975,6000,-2750,06-JAN-2025
OPTSTK,ABB,27-Feb-2025,2025-02-27,5900.00,CE,0.00,0.00,0.00,1214.90,855.60,0,0.00,0,0,06-JAN-2025
OPTSTK,ABB,30-Jan-2025,2025-01-30,8500.00,CE,0.00,0.00,0.00,6.05,0.75,0,0.00,24875,0,06-JAN-2025
OPTSTK,ABB,30-Jan-2025,2025-01-30,7000.00,PE,310.20,442.00,310.20,421.60,421.60,60,554.233625,48000,-625,06-JAN-2025
OPTSTK,ABB,27-Mar-2025,2025-03-27,7000.00,PE,0.00,0.00,0.00,551.15,599.55,0,0.00,0,0,06-JAN-2025
OPTSTK,ABB,30-Jan-2025,2025-01-30,6800.00,CE,205.10,207.30,121.85,129.30,129.30,876,7621.48306,37625,8000,06-JAN-2025
OPTSTK,ABB,30-Jan-2025,2025-01-30,6200.00,CE,0.00,0.00,0.00,690.35,521.45,0,0.00,125,0,06-JAN-2025
OPTSTK,ABB,30-Jan-2025,2025-01-30,6200.00,PE,24.90,62.15,24.90,58.00,58.00,513,4007.95337,44000,500,06-JAN-2025
OPTSTK,ABB,30-Jan-2025,2025-01-30,5800.00,CE,0.00,0.00,0.00,1806.45,862.35,0,0.00,0,0,06-JAN-2025
OPTSTK,ABB,27-Feb-2025,2025-02-27,7200.00,CE,0.00,0.00,0.00,792.30,166.80,0,0.00,0,0,06-JAN-2025
OPTSTK,ABB,30-Jan-2025,2025-01-30,6500.00,PE,85.05,150.30,76.15,131.80,131.80,536,4437.23368,22500,-2375,06-JAN-2025
OPTSTK,ABB,27-Mar-2025,2025-03-27,8000.00,CE,0.00,0.00,0.00,274.70,90.65,0,0.00,0,0,06-JAN-2025
OPTSTK,ABB,30-Jan-2025,2025-01-30,7900.00,CE,10.50,12.50,8.35,9.50,7.40,145,1433.61437,37875,625,06-JAN-2025
OPTSTK,ABB,27-Mar-2025,2025-03-27,7200.00,CE,0.00,0.00,0.00,534.35,255.75,0,0.00,0,0,06-JAN-2025
OPTSTK,ABB,30-Jan-2025,2025-01-30,7800.00,CE,15.90,15.95,9.30,9.30,9.30,156,1523.35725,49000,7625,06-JAN-2025
OPTIDX,FINNIFTY,30-Jan-2025,2025-01-30,21100.00,CE,0.00,0.00,0.00,3688.90,2313.55,0,0.00,0,0,06-JAN-2025
OPTIDX,FINNIFTY,30-Jan-2025,2025-01-30,22350.00,CE,0.00,0.00,0.00,1384.80,1133.85,0,0.00,0,0,06-JAN-2025
OPTIDX,FINNIFTY,30-Jan-2025,2025-01-30,22350.00,PE,39.90,114.30,39.90,97.80,97.80,672,3768.86708,3675,1875,06-JAN-2025
OPTIDX,FINNIFTY,27-Feb-2025,2025-02-27,27500.00,CE,0.00,0.00,0.00,13.10,3.45,0,0.00,2145,0,06-JAN-2025
OPTIDX,FINNIFTY,30-Jan-2025,2025-01-30,21800.00,CE,0.00,0.00,0.00,3058.30,1632.75,0,0.00,0,0,06-JAN-2025
OPTIDX,FINNIFTY,30-Jan-2025,2025-01-30,21800.00,PE,17.90,46.20,16.25,39.35,39.35,6415,35015.0394,7375,-30325,06-JAN-2025
OPTIDX,FINNIFTY,30-Jan-2025,2025-01-30,24150.00,PE,568.40,917.35,533.25,874.55,874.55,269,1671.47026,7975,-925,06-JAN-2025
OPTIDX,FINNIFTY,30-Jan-2025,2025-01-30,24150.00,CE,268.05,286.70,152.30,162.90,162.90,2400,14609.9494,11050,1875,06-JAN-2025
OPTIDX,FINNIFTY,30-Jan-2025,2025-01-30,21500.00,CE,0.00,0.00,0.00,3324.40,1921.05,0,0.00,0,0,06-JAN-2025
OPTIDX,FINNIFTY,27-Feb-2025,2025-02-27,23200.00,CE,0.00,0.00,0.00,1713.65,765.70,0,0.00,0,0,06-JAN-2025
OPTIDX,FINNIFTY,30-Jan-2025,2025-01-30,23200.00,CE,784.90,784.90,507.15,561.70,561.70,310,1841.31941,4725,2325,06-JAN-2025
OPTIDX,FINNIFTY,27-Mar-2025,2025-03-27,23200.00,PE,0.00,0.00,0.00,570.05,511.40,0,0.00,0,0,06-JAN-2025
OPTIDX,FINNIFTY,27-Mar-2025,2025-03-27,23200.00,CE,0.00,0.00,0.00,1271.45,969.95,0,0.00,0,0,06-JAN-2025
OPTIDX,FINNIFTY,30-Jan-2025,2025-01-30,23950.00,CE,355.45,381.60,203.80,220.30,220.30,3589,21748.4908,18775,-1875,06-JAN-2025
OPTIDX,FINNIFTY,30-Jan-2025,2025-01-30,27500.00,CE,3.55,5.30,3.30,3.85,3.85,1684,11579.2398,24425,750,06-JAN-2025
OPTIDX,FINNIFTY,27-Mar-2025,2025-03-27,23400.00,PE,0.00,0.00,0.00,650.75,597.35,0,0.00,0,0,06-JAN-2025
OPTIDX,FINNIFTY,27-Feb-2025,2025-02-27,23400.00,CE,0.00,0.00,0.00,1582.20,656.15,0,0.00,0,0,06-JAN-2025
OPTIDX,FINNIFTY,27-Feb-2025,2025-02-27,26400.00,CE,0.00,0.00,0.00,340.10,20.90,0,0.00,0,0,06-JAN-2025
OPTIDX,FINNIFTY,30-Jan-2025,2025-01-30,26400.00,CE,6.30,7.50,5.50,6.40,6.40,343,2264.34633,6400,500,06-JAN-2025
OPTIDX,FINNIFTY,30-Jan-2025,2025-01-30,26400.00,PE,0.00,0.00,0.00,1980.20,2966.05,0,0.00,0,0,06-JAN-2025
OPTIDX,FINNIFTY,27-Feb-2025,2025-02-27,26000.00,PE,0.00,0.00,0.00,1917.25,2470.80,0,0.00,0,0,06-JAN-2025
OPTIDX,FINNIFTY,30-Jan-2025,2025-01-30,22850.00,PE,98.80,233.00,92.10,207.80,207.80,1740,10012.6966,6825,3150,06-JAN-2025
OPTIDX,FINNIFTY,27-Mar-2025,2025-03-27,23700.00,CE,0.00,0.00,0.00,994.65,708.25,0,0.00,0,0,06-JAN-2025
OPTIDX,FINNIFTY,27-Feb-2025,2025-02-27,23700.00,PE,0.00,0.00,0.00,622.25,667.15,0,0.00,0,0,06-JAN-2025
OPTIDX,FINNIFTY,30-Jan-2025,2025-01-30,23700.00,PE,330.95,624.15,307.20,577.25,577.25,12247,73765.1447,38625,-3975,06-JAN-2025
OPTIDX,FINNIFTY,27-Feb-2025,2025-02-27,23700.00,CE,0.00,0.00,0.00,1396.50,511.80,0,0.00,0,0,06-JAN-2025
OPTIDX,FINNIFTY,27-Mar-2025,2025-03-27,25300.00,PE,0.00,0.00,0.00,1754.00,1814.45,0,0.00,0,0,06-JAN-2025
OPTIDX,FINNIFTY,27-Feb-2025,2025-02-27,25300.00,PE,0.00,0.00,0.00,1440.85,1835.10,0,0.00,0,0,06-JAN-2025
OPTIDX,FINNIFTY,30-Jan-2025,2025-01-30,23400.00,CE,697.40,710.90,417.45,448.30,448.30,6888,41102.4964,16175,9200,06-JAN-2025
OPTIDX,FINNIFTY,30-Jan-2025,2025-01-30,24250.00,PE,657.25,967.10,657.25,947.10,947.10,110,690.342637,5325,-1675,06-JAN-2025
OPTIDX,FINNIFTY,30-Jan-2025,2025-01-30,24250.00,CE,232.30,247.60,130.40,141.35,141.35,1362,8316.75643,17900,-1750,06-JAN-2025
OPTSTK,LICHSGFIN,30-Jan-2025,2025-01-30,530.00,PE,1.10,2.10,1.05,2.05,2.05,222,1180.4925,96000,10000,06-JAN-2025
OPTSTK,LICHSGFIN,30-Jan-2025,2025-01-30,530.00,CE,0.00,0.00,0.00,117.65,68.35,0,0.00,0,0,06-JAN-2025
OPTSTK,LICHSGFIN,27-Feb-2025,2025-02-27,590.00,CE,0.00,0.00,0.00,41.40,34.45,0,0.00,0,0,06-JAN-2025
OPTSTK,LICHSGFIN,30-Jan-2025,2025-01-30,620.00,PE,20.60,34.60,19.65,32.55,32.55,263,1704.013,179000,9000,06-JAN-2025
OPTSTK,LICHSGFIN,30-Jan-2025,2025-01-30,620.00,CE,14.00,14.00,7.00,7.55,7.55,780,4907.6705,613000,32000,06-JAN-2025
OPTSTK,LICHSGFIN,30-Jan-2025,2025-01-30,520.00,CE,0.00,0.00,0.00,130.45,77.60,0,0.00,0,0,06-JAN-2025
OPTSTK,LICHSGFIN,27-Feb-2025,2025-02-27,630.00,CE,12.00,12.00,12.00,12.00,17.65,2,12.84,1000,0,06-JAN-2025
OPTSTK,LICHSGFIN,30-Jan-2025,2025-01-30,630.00,CE,8.15,9.55,4.75,5.20,5.20,895,5693.8565,390000,-28000,06-JAN-2025
OPTSTK,LICHSGFIN,30-Jan-2025,2025-01-30,670.00,PE,0.00,0.00,0.00,58.30,74.85,0,0.00,9000,0,06-JAN-2025
OPTSTK,LICHSGFIN,30-Jan-2025,2025-01-30,710.00,CE,0.00,0.00,0.00,0.80,0.40,0,0.00,13000,0,06-JAN-2025
OPTSTK,LICHSGFIN,27-Feb-2025,2025-02-27,590.00,PE,0.00,0.00,0.00,16.00,24.50,0,0.00,1000,0,06-JAN-2025
OPTSTK,LICHSGFIN,27-Feb-2025,2025-02-27,530.00,PE,0.00,0.00,0.00,12.95,5.80,0,0.00,0,0,06-JAN-2025
OPTSTK,JINDALSTEL,27-Feb-2025,2025-02-27,880.00,CE,0.00,0.00,0.00,86.45,85.75,0,0.00,0,0,06-JAN-2025
OPTSTK,JINDALSTEL,30-Jan-2025,2025-01-30,880.00,CE,72.10,72.10,72.10,72.10,71.55,1,5.950625,10625,-625,06-JAN-2025
OPTSTK,JINDALSTEL,30-Jan-2025,2025-01-30,1120.00,CE,1.00,1.00,1.00,1.00,0.60,1,7.00625,625,0,06-JAN-2025
OPTSTK,JINDALSTEL,30-Jan-2025,2025-01-30,1140.00,CE,0.00,0.00,0.00,1.20,0.30,0,0.00,625,0,06-JAN-2025
OPTSTK,JINDALSTEL,27-Feb-2025,2025-02-27,960.00,PE,0.00,0.00,0.00,97.00,51.65,0,0.00,0,0,06-JAN-2025
OPTSTK,JINDALSTEL,27-Mar-2025,2025-03-27,720.00,CE,0.00,0.00,0.00,239.25,231.40,0,0.00,0,0,06-JAN-2025
OPTSTK,JINDALSTEL,30-Jan-2025,2025-01-30,890.00,CE,56.40,62.30,52.45,62.10,62.10,5,29.6359375,31875,-625,06-JAN-2025
OPTSTK,JINDALSTEL,27-Feb-2025,2025-02-27,760.00,PE,0.00,0.00,0.00,15.05,1.35,0,0.00,0,0,06-JAN-2025
OPTSTK,JINDALSTEL,30-Jan-2025,2025-01-30,950.00,CE,34.05,34.05,18.60,24.65,24.65,1270,7729.02468,435000,3750,06-JAN-2025
OPTSTK,JINDALSTEL,27-Mar-2025,2025-03-27,880.00,PE,0.00,0.00,0.00,37.80,25.50,0,0.00,0,0,06-JAN-2025
OPTSTK,JINDALSTEL,27-Feb-2025,2025-02-27,880.00,PE,19.40,19.40,15.95,16.00,16.00,51,285.74125,31875,31250,06-JAN-2025
OPTSTK,JINDALSTEL,30-Jan-2025,2025-01-30,880.00,PE,4.80,10.30,4.80,8.55,8.55,578,3207.38937,115625,-14375,06-JAN-2025
FUTSTK,JINDALSTEL,27-Mar-2025,2025-03-27,,,953.95,953.95,944.90,948.60,953.35,3,17.7965625,9375,1250,06-JAN-2025
FUTSTK,JINDALSTEL,27-Feb-2025,2025-02-27,,,962.90,962.90,934.80,947.10,947.10,115,678.520312,236250,-10000,06-JAN-2025
OPTSTK,JINDALSTEL,27-Feb-2025,2025-02-27,1120.00,PE,0.00,0.00,0.00,217.85,174.75,0,0.00,0,0,06-JAN-2025
OPTSTK,JINDALSTEL,30-Jan-2025,2025-01-30,950.00,PE,25.20,39.10,24.80,32.80,32.80,670,4112.9925,218125,-6250,06-JAN-2025
OPTSTK,JINDALSTEL,30-Jan-2025,2025-01-30,1060.00,PE,0.00,0.00,0.00,115.10,118.90,0,0.00,16875,0,06-JAN-2025
OPTSTK,JINDALSTEL,30-Jan-2025,2025-01-30,930.00,PE,16.30,28.00,16.30,23.20,23.20,1140,6787.79781,318750,41250,06-JAN-2025
OPTSTK,JINDALSTEL,30-Jan-2025,2025-01-30,1070.00,CE,1.50,1.50,1.10,1.15,2.25,53,354.860312,136875,-8750,06-JAN-2025
OPTSTK,JINDALSTEL,30-Jan-2025,2025-01-30,1160.00,CE,0.35,0.35,0.35,0.35,0.15,5,36.2609375,17500,3125,06-JAN-2025
OPTSTK,JINDALSTEL,27-Mar-2025,2025-03-27,1040.00,CE,0.00,0.00,0.00,42.45,25.75,0,0.00,0,0,06-JAN-2025
OPTSTK,JINDALSTEL,27-Feb-2025,2025-02-27,840.00,CE,0.00,0.00,0.00,109.35,116.30,0,0.00,0,0,06-JAN-2025
OPTSTK,JINDALSTEL,30-Jan-2025,2025-01-30,840.00,CE,0.00,0.00,0.00,127.10,105.70,0,0.00,0,0,06-JAN-2025
OPTSTK,JINDALSTEL,30-Jan-2025,2025-01-30,1020.00,PE,84.65,84.65,84.65,84.65,83.55,1,6.9040625,3750,0,06-JAN-2025
OPTSTK,JINDALSTEL,27-Feb-2025,2025-02-27,1020.00,PE,0.00,0.00,0.00,137.85,90.80,0,0.00,0,0,06-JAN-2025
OPTSTK,JINDALSTEL,30-Jan-2025,2025-01-30,810.00,CE,0.00,0.00,0.00,123.00,133.85,0,0.00,3750,0,06-JAN-2025
OPTSTK,JINDALSTEL,30-Jan-2025,2025-01-30,960.00,PE,29.40,45.15,29.40,38.40,38.40,279,1738.56187,122500,-23125,06-JAN-2025
OPTSTK,JINDALSTEL,27-Mar-2025,2025-03-27,920.00,PE,0.00,0.00,0.00,53.90,40.45,0,0.00,0,0,06-JAN-2025
OPTSTK,JINDALSTEL,27-Mar-2025,2025-03-27,1080.00,CE,0.00,0.00,0.00,31.90,17.15,0,0.00,0,0,06-JAN-2025
FUTSTK,JINDALSTEL,30-Jan-2025,2025-01-30,,,955.70,960.45,929.20,941.60,941.60,4962,29186.6175,18137500,-556250,06-JAN-2025
OPTSTK,COROMANDEL,30-Jan-2025,2025-01-30,1920.00,CE,83.80,90.00,63.90,69.85,69.85,54,376.459475,38850,-5250,06-JAN-2025
OPTSTK,COROMANDEL,30-Jan-2025,2025-01-30,1760.00,CE,0.00,0.00,0.00,116.00,189.55,0,0.00,3500,0,06-JAN-2025
OPTSTK,COROMANDEL,27-Feb-2025,2025-02-27,2140.00,CE,0.00,0.00,0.00,20.10,19.85,0,0.00,0,0,06-JAN-2025
OPTSTK,GUJGASLTD,30-Jan-2025,2025-01-30,480.00,PE,4.00,5.35,3.40,4.70,4.70,215,1301.89,206250,-33750,06-JAN-2025
OPTSTK,COROMANDEL,30-Jan-2025,2025-01-30,1880.00,PE,22.25,29.95,21.60,27.30,27.30,152,1013.37477,103950,2450,06-JAN-2025
OPTSTK,COROMANDEL,30-Jan-2025,2025-01-30,1620.00,PE,1.80,2.55,1.80,2.55,0.10,8,45.42615,14000,-2100,06-JAN-2025
OPTSTK,GUJGASLTD,27-Feb-2025,2025-02-27,480.00,CE,0.00,0.00,0.00,34.90,42.90,0,0.00,0,0,06-JAN-2025
OPTSTK,COROMANDEL,30-Jan-2025,2025-01-30,2140.00,PE,0.00,0.00,0.00,367.60,197.20,0,0.00,0,0,06-JAN-2025
OPTSTK,GUJGASLTD,27-Feb-2025,2025-02-27,480.00,PE,17.30,17.30,8.10,10.80,9.30,5,30.699375,25000,2500,06-JAN-2025
OPTSTK,GUJGASLTD,27-Feb-2025,2025-02-27,460.00,PE,8.80,8.80,5.25,5.45,4.70,3,17.49375,23750,2500,06-JAN-2025
OPTSTK,GUJGASLTD,27-Feb-2025,2025-02-27,460.00,CE,0.00,0.00,0.00,44.95,58.10,0,0.00,0,0,06-JAN-2025
OPTSTK,COROMANDEL,30-Jan-2025,2025-01-30,2060.00,PE,103.00,103.00,103.00,103.00,127.55,1,7.5705,5250,-350,06-JAN-2025
OPTSTK,COROMANDEL,30-Jan-2025,2025-01-30,2200.00,CE,4.45,4.95,3.00,4.00,4.00,177,1365.30397,30100,1750,06-JAN-2025
OPTSTK,COROMANDEL,27-Feb-2025,2025-02-27,2200.00,PE,0.00,0.00,0.00,419.65,252.40,0,0.00,0,0,06-JAN-2025
OPTSTK,GUJGASLTD,30-Jan-2025,2025-01-30,600.00,CE,0.50,0.50,0.25,0.45,0.45,32,240.151875,38750,12500,06-JAN-2025
OPTSTK,GUJGASLTD,30-Jan-2025,2025-01-30,460.00,PE,2.00,2.50,1.70,2.10,2.10,229,1322.90437,155000,70000,06-JAN-2025
OPTSTK,GUJGASLTD,27-Feb-2025,2025-02-27,430.00,PE,0.00,0.00,0.00,3.90,1.30,0,0.00,0,0,06-JAN-2025
OPTSTK,COROMANDEL,27-Feb-2025,2025-02-27,2020.00,PE,0.00,0.00,0.00,192.20,112.70,0,0.00,0,0,06-JAN-2025
OPTSTK,COROMANDEL,30-Jan-2025,2025-01-30,2020.00,PE,79.00,79.10,79.00,79.10,97.00,3,22.040025,4900,-1050,06-JAN-2025
OPTSTK,COROMANDEL,30-Jan-2025,2025-01-30,1520.00,PE,0.00,0.00,0.00,0.35,0.05,0,0.00,9100,0,06-JAN-2025
OPTSTK,COROMANDEL,30-Jan-2025,2025-01-30,1520.00,CE,430.00,430.00,430.00,430.00,424.95,1,6.825,7000,-350,06-JAN-2025
OPTSTK,COROMANDEL,27-Feb-2025,2025-02-27,1920.00,PE,0.00,0.00,0.00,193.65,58.65,0,0.00,0,0,06-JAN-2025
OPTSTK,COROMANDEL,30-Jan-2025,2025-01-30,1920.00,PE,32.05,44.85,28.80,41.05,41.05,336,2304.49082,44800,-16450,06-JAN-2025
OPTSTK,GUJGASLTD,30-Jan-2025,2025-01-30,555.00,CE,2.75,2.75,1.85,2.10,2.95,26,181.05875,57500,-15000,06-JAN-2025
OPTSTK,GUJGASLTD,27-Feb-2025,2025-02-27,495.00,PE,0.00,0.00,0.00,20.90,14.35,0,0.00,0,0,06-JAN-2025
OPTSTK,COROMANDEL,30-Jan-2025,2025-01-30,1860.00,PE,15.00,24.00,14.00,21.80,21.80,81,532.69335,61950,-350,06-JAN-2025
OPTSTK,COROMANDEL,27-Feb-2025,2025-02-27,1740.00,CE,0.00,0.00,0.00,169.80,225.15,0,0.00,0,0,06-JAN-2025
OPTSTK,COROMANDEL,30-Jan-2025,2025-01-30,2000.00,PE,75.00,87.05,75.00,86.05,86.05,11,80.04185,13300,-1750,06-JAN-2025
OPTSTK,GUJGASLTD,27-Feb-2025,2025-02-27,550.00,PE,0.00,0.00,0.00,51.50,45.75,0,0.00,0,0,06-JAN-2025
OPTSTK,COROMANDEL,27-Feb-2025,2025-02-27,2100.00,CE,0.00,0.00,0.00,26.05,27.55,0,0.00,0,0,06-JAN-2025
OPTSTK,COROMANDEL,27-Feb-2025,2025-02-27,1940.00,CE,0.00,0.00,0.00,66.80,84.60,0,0.00,0,0,06-JAN-2025
OPTSTK,UNITDSPR,27-Mar-2025,2025-03-27,1600.00,CE,0.00,0.00,0.00,86.70,108.55,0,0.00,0,0,06-JAN-2025
OPTSTK,UNITDSPR,30-Jan-2025,2025-01-30,1600.00,PE,11.85,24.10,11.85,22.00,22.00,702,3976.20475,140000,-9450,06-JAN-2025
OPTSTK,UNITDSPR,27-Feb-2025,2025-02-27,1920.00,CE,0.00,0.00,0.00,6.15,3.40,0,0.00,0,0,06-JAN-2025
OPTSTK,UNITDSPR,27-Feb-2025,2025-02-27,1800.00,CE,0.00,0.00,0.00,15.60,14.95,0,0.00,0,0,06-JAN-2025
OPTSTK,UNITDSPR,27-Mar-2025,2025-03-27,1680.00,CE,0.00,0.00,0.00,55.55,66.55,0,0.00,0,0,06-JAN-2025
OPTSTK,UNITDSPR,30-Jan-2025,2025-01-30,1460.00,PE,1.05,1.35,0.30,1.25,0.85,84,429.54345,36400,-350,06-JAN-2025
OPTSTK,UNITDSPR,30-Jan-2025,2025-01-30,1860.00,PE,0.00,0.00,0.00,338.00,211.60,0,0.00,0,0,06-JAN-2025
OPTSTK,UNITDSPR,27-Feb-2025,2025-02-27,1660.00,PE,0.00,0.00,0.00,117.05,60.50,0,0.00,0,0,06-JAN-2025
OPTSTK,UNITDSPR,27-Feb-2025,2025-02-27,1460.00,PE,0.00,0.00,0.00,25.20,5.00,0,0.00,0,0,06-JAN-2025
OPTSTK,UNITDSPR,27-Feb-2025,2025-02-27,1860.00,CE,0.00,0.00,0.00,8.30,7.40,0,0.00,0,0,06-JAN-2025
OPTSTK,UNITDSPR,27-Feb-2025,2025-02-27,1520.00,PE,0.00,0.00,0.00,81.50,12.75,0,0.00,0,0,06-JAN-2025
OPTSTK,UNITDSPR,27-Feb-2025,2025-02-27,1520.00,CE,0.00,0.00,0.00,91.65,148.45,0,0.00,0,0,06-JAN-2025
OPTSTK,UNITDSPR,27-Feb-2025,2025-02-27,1580.00,PE,0.00,0.00,0.00,70.30,27.30,0,0.00,0,0,06-JAN-2025
OPTSTK,UNITDSPR,27-Feb-2025,2025-02-27,1680.00,CE,0.00,0.00,0.00,35.30,48.65,0,0.00,700,0,06-JAN-2025
OPTSTK,UNITDSPR,27-Feb-2025,2025-02-27,1820.00,CE,0.00,0.00,0.00,12.10,11.90,0,0.00,0,0,06-JAN-2025
OPTSTK,UNITDSPR,27-Feb-2025,2025-02-27,1820.00,PE,0.00,0.00,0.00,242.30,173.35,0,0.00,0,0,06-JAN-2025
OPTSTK,UNITDSPR,30-Jan-2025,2025-01-30,1740.00,CE,16.95,17.40,10.00,11.00,11.00,382,2344.46187,53900,-13650,06-JAN-2025
OPTSTK,UNITDSPR,27-Mar-2025,2025-03-27,1880.00,PE,0.00,0.00,0.00,293.95,225.00,0,0.00,0,0,06-JAN-2025
OPTSTK,UNITDSPR,27-Mar-2025,2025-03-27,1400.00,PE,0.00,0.00,0.00,20.10,4.35,0,0.00,0,0,06-JAN-2025
OPTSTK,UNITDSPR,27-Feb-2025,2025-02-27,1400.00,PE,0.00,0.00,0.00,5.40,1.60,0,0.00,3500,0,06-JAN-2025
OPTSTK,UNITDSPR,27-Feb-2025,2025-02-27,1320.00,PE,0.00,0.00,0.00,16.20,0.25,0,0.00,0,0,06-JAN-2025
OPTSTK,UNITDSPR,27-Feb-2025,2025-02-27,1320.00,CE,0.00,0.00,0.00,222.80,334.05,0,0.00,0,0,06-JAN-2025
OPTSTK,UNITDSPR,30-Jan-2025,2025-01-30,1360.00,CE,0.00,0.00,0.00,200.00,287.20,0,0.00,700,0,06-JAN-2025
OPTSTK,UNITDSPR,30-Jan-2025,2025-01-30,1580.00,CE,108.90,108.90,80.00,81.60,81.60,14,81.710475,48300,-700,06-JAN-2025
OPTSTK,UNITDSPR,27-Feb-2025,2025-02-27,1580.00,CE,0.00,0.00,0.00,77.05,103.55,0,0.00,0,0,06-JAN-2025
OPTSTK,UNITDSPR,27-Mar-2025,2025-03-27,1560.00,CE,0.00,0.00,0.00,106.35,134.65,0,0.00,0,0,06-JAN-2025
OPTSTK,UNITDSPR,27-Feb-2025,2025-02-27,1540.00,CE,0.00,0.00,0.00,98.15,132.60,0,0.00,0,0,06-JAN-2025
OPTSTK,UNITDSPR,30-Jan-2025,2025-01-30,1360.00,PE,0.00,0.00,0.00,1.00,0.05,0,0.00,4550,0,06-JAN-2025
OPTSTK,UNITDSPR,27-Feb-2025,2025-02-27,1360.00,PE,0.00,0.00,0.00,24.05,0.65,0,0.00,0,0,06-JAN-2025
OPTSTK,UNITDSPR,27-Mar-2025,2025-03-27,1800.00,PE,0.00,0.00,0.00,226.60,159.85,0,0.00,0,0,06-JAN-2025
OPTSTK,UNITDSPR,30-Jan-2025,2025-01-30,1740.00,PE,0.00,0.00,0.00,70.00,101.80,0,0.00,7350,0,06-JAN-2025
OPTSTK,UNITDSPR,27-Feb-2025,2025-02-27,1880.00,CE,0.00,0.00,0.00,8.50,5.75,0,0.00,0,0,06-JAN-2025
OPTSTK,ABFRL,30-Jan-2025,2025-01-30,290.00,CE,4.90,4.90,1.90,2.15,2.15,936,7131.1812,1518400,184600,06-JAN-2025
OPTSTK,ABFRL,27-Feb-2025,2025-02-27,305.00,PE,0.00,0.00,0.00,31.25,39.90,0,0.00,0,0,06-JAN-2025
OPTSTK,ABFRL,27-Mar-2025,2025-03-27,310.00,CE,0.00,0.00,0.00,15.20,5.25,0,0.00,0,0,06-JAN-2025
OPTSTK,ABFRL,27-Feb-2025,2025-02-27,310.00,PE,0.00,0.00,0.00,21.65,44.15,0,0.00,0,0,06-JAN-2025
OPTSTK,ABFRL,27-Mar-2025,2025-03-27,310.00,PE,0.00,0.00,0.00,37.30,45.15,0,0.00,0,0,06-JAN-2025
OPTSTK,ABFRL,30-Jan-2025,2025-01-30,350.00,CE,0.10,0.10,0.05,0.05,0.05,3,27.3052,72800,7800,06-JAN-2025
OPTSTK,ABFRL,27-Mar-2025,2025-03-27,270.00,PE,0.00,0.00,0.00,15.50,17.80,0,0.00,0,0,06-JAN-2025
OPTSTK,ABFRL,30-Jan-2025,2025-01-30,360.00,PE,0.00,0.00,0.00,75.00,92.85,0,0.00,7800,0,06-JAN-2025
OPTSTK,ABFRL,27-Mar-2025,2025-03-27,300.00,CE,0.00,0.00,0.00,18.65,7.25,0,0.00,0,0,06-JAN-2025
OPTSTK,ABFRL,27-Mar-2025,2025-03-27,300.00,PE,0.00,0.00,0.00,30.95,37.30,0,0.00,0,0,06-JAN-2025
OPTSTK,ABFRL,27-Feb-2025,2025-02-27,310.00,CE,2.70,2.70,2.70,2.70,2.70,1,8.1302,2600,0,06-JAN-2025
OPTSTK,ABFRL,27-Feb-2025,2025-02-27,240.00,CE,0.00,0.00,0.00,82.50,31.65,0,0.00,0,0,06-JAN-2025
OPTSTK,ABFRL,27-Feb-2025,2025-02-27,285.00,CE,0.00,0.00,0.00,20.20,7.70,0,0.00,0,0,06-JAN-2025
OPTSTK,ABFRL,27-Feb-2025,2025-02-27,285.00,PE,0.00,0.00,0.00,19.35,24.45,0,0.00,0,0,06-JAN-2025
OPTSTK,ABFRL,27-Feb-2025,2025-02-27,265.00,CE,0.00,0.00,0.00,31.15,15.65,0,0.00,0,0,06-JAN-2025
OPTSTK,ABFRL,30-Jan-2025,2025-01-30,265.00,CE,14.35,14.35,9.05,9.75,9.75,101,721.682,59800,54600,06-JAN-2025
OPTSTK,ABFRL,30-Jan-2025,2025-01-30,275.00,CE,10.40,10.80,5.05,5.55,5.55,228,1671.8416,197600,132600,06-JAN-2025
OPTSTK,OBEROIRLTY,27-Feb-2025,2025-02-27,2240.00,CE,0.00,0.00,0.00,92.00,106.30,0,0.00,0,0,06-JAN-2025
OPTSTK,OBEROIRLTY,27-Mar-2025,2025-03-27,2000.00,PE,0.00,0.00,0.00,47.95,43.70,0,0.00,0,0,06-JAN-2025
OPTSTK,OBEROIRLTY,27-Mar-2025,2025-03-27,2360.00,CE,0.00,0.00,0.00,187.55,90.25,0,0.00,0,0,06-JAN-2025
FUTSTK,OBEROIRLTY,30-Jan-2025,2025-01-30,,,2282.80,2304.00,2193.45,2214.50,2214.50,5753,44996.1597,5641300,258300,06-JAN-2025
OPTSTK,OBEROIRLTY,27-Mar-2025,2025-03-27,2360.00,PE,0.00,0.00,0.00,182.25,206.15,0,0.00,0,0,06-JAN-2025
OPTSTK,OBEROIRLTY,27-Feb-2025,2025-02-27,2400.00,CE,0.00,0.00,0.00,54.15,49.90,0,0.00,0,0,06-JAN-2025
OPTSTK,OBEROIRLTY,30-Jan-2025,2025-01-30,2640.00,CE,5.10,5.10,3.45,4.00,4.00,16,148.047375,19950,-350,06-JAN-2025
OPTSTK,OBEROIRLTY,27-Feb-2025,2025-02-27,2080.00,PE,0.00,0.00,0.00,172.60,48.35,0,0.00,0,0,06-JAN-2025
OPTSTK,OBEROIRLTY,27-Feb-2025,2025-02-27,2460.00,CE,0.00,0.00,0.00,110.05,36.30,0,0.00,0,0,06-JAN-2025
OPTSTK,OBEROIRLTY,30-Jan-2025,2025-01-30,2400.00,PE,207.20,220.60,207.20,220.60,198.95,8,73.28615,19250,-700,06-JAN-2025
OPTSTK,OBEROIRLTY,30-Jan-2025,2025-01-30,1800.00,CE,0.00,0.00,0.00,452.00,417.80,0,0.00,1750,0,06-JAN-2025
OPTSTK,OBEROIRLTY,27-Feb-2025,2025-02-27,2060.00,CE,0.00,0.00,0.00,332.25,211.60,0,0.00,0,0,06-JAN-2025
OPTSTK,OBEROIRLTY,27-Feb-2025,2025-02-27,2640.00,PE,0.00,0.00,0.00,595.75,417.85,0,0.00,0,0,06-JAN-2025
OPTSTK,OBEROIRLTY,27-Mar-2025,2025-03-27,2480.00,CE,0.00,0.00,0.00,138.55,56.45,0,0.00,0,0,06-JAN-2025
OPTSTK,OBEROIRLTY,27-Feb-2025,2025-02-27,2480.00,PE,0.00,0.00,0.00,456.85,279.30,0,0.00,0,0,06-JAN-2025
OPTSTK,OBEROIRLTY,27-Feb-2025,2025-02-27,1920.00,PE,0.00,0.00,0.00,96.70,14.55,0,0.00,0,0,06-JAN-2025
OPTSTK,OBEROIRLTY,27-Mar-2025,2025-03-27,2200.00,PE,0.00,0.00,0.00,109.00,115.95,0,0.00,0,0,06-JAN-2025
OPTSTK,OBEROIRLTY,30-Jan-2025,2025-01-30,2200.00,CE,125.00,137.00,77.80,89.00,89.00,414,3319.8557,64050,18200,06-JAN-2025
OPTSTK,OBEROIRLTY,30-Jan-2025,2025-01-30,2360.00,CE,42.15,51.85,26.40,30.00,30.00,355,2975.01732,63000,2450,06-JAN-2025
OPTSTK,OBEROIRLTY,27-Mar-2025,2025-03-27,2280.00,PE,0.00,0.00,0.00,142.90,157.60,0,0.00,0,0,06-JAN-2025
OPTSTK,OBEROIRLTY,30-Jan-2025,2025-01-30,2280.00,PE,71.05,128.15,66.30,118.85,118.85,163,1353.99162,54950,2800,06-JAN-2025
OPTSTK,OBEROIRLTY,27-Feb-2025,2025-02-27,2280.00,CE,0.00,0.00,0.00,80.90,89.15,0,0.00,0,0,06-JAN-2025
OPTSTK,OBEROIRLTY,27-Mar-2025,2025-03-27,2560.00,PE,0.00,0.00,0.00,303.05,353.25,0,0.00,0,0,06-JAN-2025
OPTSTK,OBEROIRLTY,27-Feb-2025,2025-02-27,2560.00,PE,0.00,0.00,0.00,525.10,346.55,0,0.00,0,0,06-JAN-2025
OPTSTK,OBEROIRLTY,30-Jan-2025,2025-01-30,2020.00,PE,12.10,17.30,12.10,17.30,12.25,14,99.7619,7350,-700,06-JAN-2025
OPTSTK,OBEROIRLTY,30-Jan-2025,2025-01-30,1920.00,PE,0.00,0.00,0.00,6.75,3.20,0,0.00,0,0,06-JAN-2025
OPTSTK,OBEROIRLTY,27-Feb-2025,2025-02-27,1920.00,CE,0.00,0.00,0.00,230.60,322.40,0,0.00,0,0,06-JAN-2025
OPTSTK,OBEROIRLTY,27-Mar-2025,2025-03-27,2400.00,CE,0.00,0.00,0.00,169.95,77.55,0,0.00,0,0,06-JAN-2025
OPTSTK,OBEROIRLTY,30-Jan-2025,2025-01-30,2080.00,CE,167.50,167.50,167.45,167.50,162.15,4,31.464825,2800,1400,06-JAN-2025
OPTSTK,OBEROIRLTY,30-Jan-2025,2025-01-30,2000.00,PE,6.00,20.00,6.00,16.95,16.95,370,2607.38485,51100,-32200,06-JAN-2025
OPTSTK,OBEROIRLTY,30-Jan-2025,2025-01-30,2300.00,PE,78.20,143.20,77.25,131.75,131.75,247,2083.00855,238350,-15050,06-JAN-2025
OPTSTK,GMRAIRPORT,30-Jan-2025,2025-01-30,92.00,CE,0.10,0.10,0.10,0.10,0.10,6,31.08375,450000,-11250,06-JAN-2025
OPTSTK,GMRAIRPORT,27-Mar-2025,2025-03-27,86.00,CE,0.00,0.00,0.00,5.10,2.50,0,0.00,0,0,06-JAN-2025
OPTSTK,GMRAIRPORT,27-Feb-2025,2025-02-27,72.00,PE,0.00,0.00,0.00,2.85,2.15,0,0.00,0,0,06-JAN-2025
OPTSTK,GMRAIRPORT,27-Mar-2025,2025-03-27,72.00,PE,0.00,0.00,0.00,3.50,2.95,0,0.00,0,0,06-JAN-2025
OPTSTK,GMRAIRPORT,30-Jan-2025,2025-01-30,76.00,PE,1.55,2.65,1.50,2.40,2.40,987,4339.38937,1417500,416250,06-JAN-2025
OPTSTK,GMRAIRPORT,27-Mar-2025,2025-03-27,76.00,CE,0.00,0.00,0.00,9.45,6.15,0,0.00,0,0,06-JAN-2025
OPTSTK,GMRAIRPORT,30-Jan-2025,2025-01-30,76.00,CE,3.60,3.85,2.80,3.00,3.00,578,2574.34312,894375,275625,06-JAN-2025
OPTSTK,GMRAIRPORT,30-Jan-2025,2025-01-30,72.00,CE,6.80,6.80,5.55,6.05,5.85,39,170.926875,135000,28125,06-JAN-2025
OPTSTK,GMRAIRPORT,27-Mar-2025,2025-03-27,80.00,CE,0.00,0.00,0.00,7.45,4.40,0,0.00,0,0,06-JAN-2025
OPTSTK,GMRAIRPORT,27-Feb-2025,2025-02-27,80.00,CE,3.25,3.25,2.50,2.50,2.50,24,111.61125,84375,0,06-JAN-2025
OPTSTK,GMRAIRPORT,27-Mar-2025,2025-03-27,80.00,PE,0.00,0.00,0.00,7.00,6.80,0,0.00,0,0,06-JAN-2025
OPTSTK,GMRAIRPORT,30-Jan-2025,2025-01-30,80.00,PE,3.15,4.95,3.15,4.70,4.70,576,2727.9675,9506250,-5625,06-JAN-2025
OPTSTK,GMRAIRPORT,27-Mar-2025,2025-03-27,70.00,PE,0.00,0.00,0.00,2.85,2.25,0,0.00,0,0,06-JAN-2025
OPTSTK,GMRAIRPORT,27-Feb-2025,2025-02-27,70.00,PE,1.05,1.50,1.05,1.50,1.50,4,16.048125,326250,16875,06-JAN-2025
OPTSTK,GMRAIRPORT,27-Mar-2025,2025-03-27,84.00,CE,0.00,0.00,0.00,5.80,3.00,0,0.00,0,0,06-JAN-2025
OPTSTK,GMRAIRPORT,27-Feb-2025,2025-02-27,87.00,CE,0.00,0.00,0.00,3.45,1.30,0,0.00,0,0,06-JAN-2025
OPTSTK,GMRAIRPORT,30-Jan-2025,2025-01-30,84.00,CE,0.70,0.75,0.45,0.50,0.50,1234,5868.63843,2227500,-2345625,06-JAN-2025
OPTSTK,GMRAIRPORT,27-Feb-2025,2025-02-27,84.00,PE,0.00,0.00,0.00,7.85,8.75,0,0.00,0,0,06-JAN-2025
OPTSTK,GMRAIRPORT,27-Feb-2025,2025-02-27,66.00,PE,0.00,0.00,0.00,1.45,0.70,0,0.00,0,0,06-JAN-2025
FUTSTK,GMRAIRPORT,27-Mar-2025,2025-03-27,,,79.50,79.50,77.29,77.64,77.64,35,153.74475,315000,146250,06-JAN-2025
OPTSTK,GMRAIRPORT,27-Feb-2025,2025-02-27,78.00,CE,0.00,0.00,0.00,10.85,4.00,0,0.00,0,0,06-JAN-2025
OPTSTK,GMRAIRPORT,27-Mar-2025,2025-03-27,78.00,CE,0.00,0.00,0.00,8.40,5.20,0,0.00,0,0,06-JAN-2025
OPTSTK,GMRAIRPORT,30-Jan-2025,2025-01-30,89.00,CE,0.20,0.20,0.15,0.15,0.20,7,35.11125,213750,5625,06-JAN-2025
OPTSTK,GMRAIRPORT,30-Jan-2025,2025-01-30,77.00,CE,3.20,3.30,2.30,2.45,2.45,968,4336.50937,1102500,461250,06-JAN-2025
OPTSTK,GMRAIRPORT,27-Mar-2025,2025-03-27,68.00,CE,0.00,0.00,0.00,14.55,11.10,0,0.00,0,0,06-JAN-2025
OPTSTK,GMRAIRPORT,30-Jan-2025,2025-01-30,70.00,PE,0.40,0.90,0.40,0.80,0.80,721,2862.54843,2345625,202500,06-JAN-2025
OPTSTK,GMRAIRPORT,27-Feb-2025,2025-02-27,70.00,CE,0.00,0.00,0.00,16.05,8.65,0,0.00,0,0,06-JAN-2025
OPTSTK,GMRAIRPORT,27-Feb-2025,2025-02-27,92.00,CE,0.00,0.00,0.00,4.85,0.65,0,0.00,0,0,06-JAN-2025
OPTSTK,GMRAIRPORT,30-Jan-2025,2025-01-30,71.00,PE,0.65,1.05,0.50,0.95,0.95,327,1318.80093,1102500,444375,06-JAN-2025
OPTSTK,GMRAIRPORT,27-Feb-2025,2025-02-27,71.00,PE,0.00,0.00,0.00,2.30,1.85,0,0.00,0,0,06-JAN-2025
OPTSTK,GMRAIRPORT,27-Feb-2025,2025-02-27,66.00,CE,0.00,0.00,0.00,19.10,11.75,0,0.00,0,0,06-JAN-2025
OPTSTK,GMRAIRPORT,30-Jan-2025,2025-01-30,87.00,PE,8.90,10.60,8.90,10.60,10.60,16,86.76,916875,0,06-JAN-2025
OPTIDX,MIDCPNIFTY,27-Mar-2025,2025-03-27,14100.00,PE,0.00,0.00,0.00,1092.20,1275.25,0,0.00,0,0,06-JAN-2025
OPTIDX,MIDCPNIFTY,30-Jan-2025,2025-01-30,14100.00,PE,0.00,0.00,0.00,1563.30,1343.95,0,0.00,0,0,06-JAN-2025
OPTIDX,MIDCPNIFTY,27-Feb-2025,2025-02-27,14100.00,PE,0.00,0.00,0.00,1415.20,1300.05,0,0.00,0,0,06-JAN-2025
OPTIDX,MIDCPNIFTY,27-Mar-2025,2025-03-27,14100.00,CE,0.00,0.00,0.00,235.45,78.90,0,0.00,0,0,06-JAN-2025
OPTIDX,MIDCPNIFTY,30-Jan-2025,2025-01-30,14100.00,CE,8.25,8.90,5.90,6.80,6.80,2582,18211.6297,67750,5700,06-JAN-2025
OPTIDX,MIDCPNIFTY,27-Mar-2025,2025-03-27,13100.00,CE,0.00,0.00,0.00,607.65,328.35,0,0.00,0,0,06-JAN-2025
OPTIDX,MIDCPNIFTY,30-Jan-2025,2025-01-30,10700.00,PE,2.85,3.95,2.30,3.25,3.25,656,3510.57867,12350,3100,06-JAN-2025
OPTIDX,MIDCPNIFTY,30-Jan-2025,2025-01-30,12225.00,CE,0.00,0.00,0.00,752.10,580.00,0,0.00,0,0,06-JAN-2025
OPTIDX,MIDCPNIFTY,27-Feb-2025,2025-02-27,12225.00,PE,0.00,0.00,0.00,291.75,117.75,0,0.00,0,0,06-JAN-2025
OPTIDX,MIDCPNIFTY,30-Jan-2025,2025-01-30,13375.00,CE,101.20,101.20,47.65,53.30,53.30,1471,9886.64747,17350,-1350,06-JAN-2025
OPTIDX,MIDCPNIFTY,27-Feb-2025,2025-02-27,13275.00,PE,0.00,0.00,0.00,811.20,617.80,0,0.00,0,0,06-JAN-2025
OPTIDX,MIDCPNIFTY,27-Mar-2025,2025-03-27,13375.00,CE,0.00,0.00,0.00,479.00,231.30,0,0.00,0,0,06-JAN-2025
OPTIDX,MIDCPNIFTY,30-Jan-2025,2025-01-30,13475.00,CE,92.00,92.00,35.20,39.10,39.10,1149,7770.77132,16700,-850,06-JAN-2025
OPTIDX,MIDCPNIFTY,27-Feb-2025,2025-02-27,13475.00,PE,0.00,0.00,0.00,943.85,765.65,0,0.00,0,0,06-JAN-2025
OPTIDX,MIDCPNIFTY,27-Mar-2025,2025-03-27,13175.00,CE,0.00,0.00,0.00,570.40,299.35,0,0.00,0,0,06-JAN-2025
OPTIDX,MIDCPNIFTY,27-Feb-2025,2025-02-27,12650.00,CE,0.00,0.00,0.00,588.00,428.50,0,0.00,0,0,06-JAN-2025
OPTIDX,MIDCPNIFTY,30-Jan-2025,2025-01-30,14200.00,PE,0.00,0.00,0.00,1648.15,1442.40,0,0.00,0,0,06-JAN-2025
OPTIDX,MIDCPNIFTY,27-Feb-2025,2025-02-27,14200.00,CE,0.00,0.00,0.00,129.75,25.00,0,0.00,0,0,06-JAN-2025
OPTIDX,MIDCPNIFTY,27-Feb-2025,2025-02-27,14200.00,PE,0.00,0.00,0.00,1497.25,1392.50,0,0.00,0,0,06-JAN-2025
OPTIDX,MIDCPNIFTY,27-Mar-2025,2025-03-27,14200.00,PE,0.00,0.00,0.00,1167.10,1361.75,0,0.00,0,0,06-JAN-2025
OPTIDX,MIDCPNIFTY,27-Mar-2025,2025-03-27,14200.00,CE,0.00,0.00,0.00,212.15,66.90,0,0.00,0,0,06-JAN-2025
OPTIDX,MIDCPNIFTY,30-Jan-2025,2025-01-30,14200.00,CE,6.55,6.90,4.80,5.65,5.65,2140,15199.9671,62300,5750,06-JAN-2025
OPTIDX,MIDCPNIFTY,27-Feb-2025,2025-02-27,13675.00,CE,0.00,0.00,0.00,233.90,78.90,0,0.00,0,0,06-JAN-2025
OPTIDX,MIDCPNIFTY,27-Mar-2025,2025-03-27,13675.00,CE,0.00,0.00,0.00,362.30,152.25,0,0.00,0,0,06-JAN-2025
OPTIDX,MIDCPNIFTY,30-Jan-2025,2025-01-30,13525.00,PE,0.00,0.00,0.00,1107.40,796.40,0,0.00,0,0,06-JAN-2025
OPTIDX,MIDCPNIFTY,30-Jan-2025,2025-01-30,13525.00,CE,62.25,64.75,28.55,33.60,33.60,627,4252.92325,24050,1100,06-JAN-2025
OPTIDX,MIDCPNIFTY,27-Mar-2025,2025-03-27,13525.00,PE,0.00,0.00,0.00,709.85,818.35,0,0.00,0,0,06-JAN-2025
OPTIDX,MIDCPNIFTY,27-Feb-2025,2025-02-27,13525.00,PE,0.00,0.00,0.00,978.50,804.75,0,0.00,0,0,06-JAN-2025
OPTIDX,MIDCPNIFTY,27-Mar-2025,2025-03-27,13125.00,PE,0.00,0.00,0.00,494.50,554.10,0,0.00,0,0,06-JAN-2025
OPTIDX,MIDCPNIFTY,27-Feb-2025,2025-02-27,13125.00,PE,0.00,0.00,0.00,718.30,516.70,0,0.00,0,0,06-JAN-2025
OPTIDX,MIDCPNIFTY,30-Jan-2025,2025-01-30,13125.00,PE,271.05,530.00,255.70,494.40,494.40,1743,11751.1247,13650,1600,06-JAN-2025
OPTSTK,TATACONSUM,27-Feb-2025,2025-02-27,930.00,CE,0.00,0.00,0.00,35.20,49.75,0,0.00,0,0,06-JAN-2025
OPTSTK,TATACONSUM,30-Jan-2025,2025-01-30,930.00,PE,17.95,20.50,13.60,15.65,15.65,1594,6881.07830,141816,30552,06-JAN-2025
OPTSTK,TATACONSUM,27-Feb-2025,2025-02-27,930.00,PE,0.00,0.00,0.00,52.55,23.95,0,0.00,0,0,06-JAN-2025
OPTSTK,TATACONSUM,30-Jan-2025,2025-01-30,840.00,PE,1.70,1.80,1.40,1.60,1.60,176,675.424464,176016,-5928,06-JAN-2025
OPTSTK,DMART,27-Feb-2025,2025-02-27,3550.00,PE,0.00,0.00,0.00,187.40,35.00,0,0.00,0,0,06-JAN-2025
OPTSTK,DMART,27-Mar-2025,2025-03-27,4600.00,PE,0.00,0.00,0.00,1022.85,645.75,0,0.00,0,0,06-JAN-2025
OPTSTK,DMART,27-Mar-2025,2025-03-27,4600.00,CE,0.00,0.00,0.00,17.55,48.05,0,0.00,0,0,06-JAN-2025
OPTSTK,TATACONSUM,27-Feb-2025,2025-02-27,1020.00,PE,0.00,0.00,0.00,91.20,77.00,0,0.00,0,0,06-JAN-2025
OPTSTK,DMART,27-Mar-2025,2025-03-27,3500.00,PE,0.00,0.00,0.00,191.15,47.65,0,0.00,0,0,06-JAN-2025
OPTSTK,DMART,30-Jan-2025,2025-01-30,3500.00,CE,560.00,587.65,500.00,500.00,457.05,19,115.07835,32850,-1050,06-JAN-2025
OPTSTK,DMART,30-Jan-2025,2025-01-30,3500.00,PE,15.35,22.00,11.00,20.55,20.55,2137,11269.1463,171450,-34500,06-JAN-2025
OPTSTK,DMART,27-Feb-2025,2025-02-27,3650.00,PE,0.00,0.00,0.00,78.20,55.55,0,0.00,150,0,06-JAN-2025
OPTSTK,TATACONSUM,30-Jan-2025,2025-01-30,980.00,PE,50.55,50.55,38.15,41.50,41.50,114,532.545072,20064,12312,06-JAN-2025
OPTSTK,DMART,27-Feb-2025,2025-02-27,4100.00,CE,189.60,194.00,154.05,154.05,154.05,44,282.12435,15450,1200,06-JAN-2025
OPTSTK,DMART,27-Mar-2025,2025-03-27,4100.00,PE,0.00,0.00,0.00,583.85,278.65,0,0.00,0,0,06-JAN-2025
OPTSTK,DMART,27-Feb-2025,2025-02-27,3750.00,PE,0.00,0.00,0.00,306.15,83.55,0,0.00,0,0,06-JAN-2025
OPTSTK,DMART,27-Feb-2025,2025-02-27,3750.00,CE,0.00,0.00,0.00,114.85,304.20,0,0.00,0,0,06-JAN-2025
OPTSTK,TATACONSUM,30-Jan-2025,2025-01-30,1010.00,CE,3.85,7.10,2.90,5.20,5.20,596,2758.31572,114912,42408,06-JAN-2025
OPTSTK,DMART,27-Feb-2025,2025-02-27,4000.00,PE,204.00,204.00,204.00,204.00,191.25,1,6.306,1050,0,06-JAN-2025
OPTSTK,DMART,30-Jan-2025,2025-01-30,4000.00,PE,121.00,173.15,105.05,165.20,165.20,3408,21152.5912,185550,-64350,06-JAN-2025
OPTSTK,DMART,30-Jan-2025,2025-01-30,3000.00,PE,2.20,2.55,1.35,2.50,2.50,85,382.719975,19950,150,06-JAN-2025
OPTSTK,DMART,27-Feb-2025,2025-02-27,3950.00,PE,0.00,0.00,0.00,452.60,165.25,0,0.00,0,0,06-JAN-2025
OPTSTK,DMART,30-Jan-2025,2025-01-30,3950.00,PE,135.00,144.95,84.65,137.50,137.50,1266,7722.82792,42000,-1050,06-JAN-2025
OPTSTK,DMART,30-Jan-2025,2025-01-30,3350.00,CE,0.00,0.00,0.00,295.35,601.10,0,0.00,600,0,06-JAN-2025
OPTSTK,TATACONSUM,27-Feb-2025,2025-02-27,1030.00,CE,0.00,0.00,0.00,9.30,11.50,0,0.00,0,0,06-JAN-2025
OPTSTK,TATACONSUM,27-Feb-2025,2025-02-27,1030.00,PE,0.00,0.00,0.00,125.40,84.75,0,0.00,0,0,06-JAN-2025
OPTSTK,DMART,30-Jan-2025,2025-01-30,4500.00,CE,31.05,32.85,18.35,20.25,20.25,2116,14358.9792,182100,3000,06-JAN-2025
OPTSTK,DMART,30-Jan-2025,2025-01-30,3700.00,CE,380.50,380.50,300.00,300.00,282.55,14,84.974025,54450,-750,06-JAN-2025
OPTSTK,DMART,27-Feb-2025,2025-02-27,3700.00,CE,0.00,0.00,0.00,455.30,338.70,0,0.00,150,0,06-JAN-2025
OPTSTK,TATACONSUM,30-Jan-2025,2025-01-30,1100.00,CE,0.45,1.00,0.15,0.85,0.85,62,311.216124,73416,5472,06-JAN-2025
OPTSTK,TATACONSUM,30-Jan-2025,2025-01-30,1050.00,CE,1.05,2.80,0.90,2.10,2.10,530,2542.44988,103512,15048,06-JAN-2025
OPTSTK,TITAN,27-Feb-2025,2025-02-27,3400.00,CE,0.00,0.00,0.00,170.00,176.45,0,0.00,2275,0,06-JAN-2025
OPTSTK,TITAN,27-Mar-2025,2025-03-27,3400.00,CE,0.00,0.00,0.00,172.00,213.80,0,0.00,0,0,06-JAN-2025
OPTSTK,TITAN,30-Jan-2025,2025-01-30,3400.00,CE,147.00,177.70,115.95,133.15,133.15,3605,22383.2280,362425,-52500,06-JAN-2025
OPTSTK,TITAN,30-Jan-2025,2025-01-30,3400.00,PE,45.10,63.00,30.30,48.80,48.80,8220,49528.8125,225225,25900,06-JAN-2025
OPTSTK,TITAN,30-Jan-2025,2025-01-30,2950.00,CE,0.00,0.00,0.00,337.25,533.60,0,0.00,0,0,06-JAN-2025
OPTSTK,TITAN,30-Jan-2025,2025-01-30,3200.00,PE,12.30,15.75,6.65,12.20,12.20,3875,21766.4909,142100,-3850,06-JAN-2025
OPTSTK,TITAN,27-Feb-2025,2025-02-27,3050.00,CE,0.00,0.00,0.00,348.90,456.00,0,0.00,0,0,06-JAN-2025
OPTSTK,TITAN,30-Jan-2025,2025-01-30,3050.00,PE,3.45,6.60,2.90,4.75,4.75,183,978.1982,26950,700,06-JAN-2025
OPTSTK,TITAN,30-Jan-2025,2025-01-30,2950.00,PE,2.25,2.80,2.10,2.80,0.10,31,160.16105,105875,-2975,06-JAN-2025
OPTSTK,TITAN,27-Mar-2025,2025-03-27,2900.00,PE,0.00,0.00,0.00,26.40,4.65,0,0.00,0,0,06-JAN-2025
OPTSTK,TITAN,27-Mar-2025,2025-03-27,2900.00,CE,0.00,0.00,0.00,501.80,617.65,0,0.00,0,0,06-JAN-2025
OPTSTK,TITAN,27-Feb-2025,2025-02-27,2900.00,PE,0.00,0.00,0.00,43.40,1.40,0,0.00,0,0,06-JAN-2025
OPTSTK,TITAN,27-Feb-2025,2025-02-27,4000.00,PE,0.00,0.00,0.00,731.00,500.05,0,0.00,0,0,06-JAN-2025
OPTSTK,TITAN,30-Jan-2025,2025-01-30,3000.00,PE,3.60,4.85,1.85,3.85,3.85,1206,6337.93947,126175,-19950,06-JAN-2025
OPTSTK,TITAN,27-Feb-2025,2025-02-27,3000.00,PE,0.00,0.00,0.00,67.70,4.00,0,0.00,0,0,06-JAN-2025
OPTSTK,TITAN,27-Mar-2025,2025-03-27,2800.00,PE,0.00,0.00,0.00,15.05,1.90,0,0.00,0,0,06-JAN-2025
OPTSTK,TITAN,27-Feb-2025,2025-02-27,2800.00,CE,0.00,0.00,0.00,489.05,697.60,0,0.00,0,0,06-JAN-2025
OPTSTK,TITAN,27-Mar-2025,2025-03-27,2800.00,CE,0.00,0.00,0.00,588.65,713.45,0,0.00,0,0,06-JAN-2025
OPTSTK,TITAN,30-Jan-2025,2025-01-30,3600.00,PE,122.55,177.50,112.25,154.45,154.45,1253,8190.33792,110775,27650,06-JAN-2025
OPTSTK,TITAN,30-Jan-2025,2025-01-30,3550.00,PE,100.05,142.45,84.50,123.05,123.05,2162,13821.7507,89775,64400,06-JAN-2025
OPTSTK,TITAN,27-Feb-2025,2025-02-27,3550.00,CE,0.00,0.00,0.00,79.00,99.00,0,0.00,0,0,06-JAN-2025
OPTSTK,TITAN,30-Jan-2025,2025-01-30,3650.00,PE,145.85,208.25,145.85,193.85,193.85,185,1236.21601,9975,7175,06-JAN-2025
OPTSTK,TITAN,30-Jan-2025,2025-01-30,3450.00,CE,117.95,141.00,88.90,101.40,101.40,6262,39063.6563,228550,-21875,06-JAN-2025
OPTSTK,TITAN,30-Jan-2025,2025-01-30,3050.00,CE,0.00,0.00,0.00,384.25,434.65,0,0.00,2100,0,06-JAN-2025
OPTSTK,TITAN,30-Jan-2025,2025-01-30,3900.00,PE,400.60,400.60,400.60,400.60,414.65,1,7.52605,9625,175,06-JAN-2025
OPTSTK,TITAN,30-Jan-2025,2025-01-30,3300.00,CE,225.00,260.00,185.05,206.25,206.25,336,2071.91906,76125,-5075,06-JAN-2025
OPTSTK,NMDC,30-Jan-2025,2025-01-30,68.35,CE,1.95,1.95,1.20,1.25,1.25,488,4596.6555,3037500,81000,06-JAN-2025
OPTSTK,NMDC,30-Jan-2025,2025-01-30,78.35,PE,12.95,12.95,12.60,12.65,13.20,3,36.88875,1296000,-27000,06-JAN-2025
OPTSTK,NMDC,27-Feb-2025,2025-02-27,58.00,CE,0.00,0.00,0.00,12.85,8.45,0,0.00,0,0,06-JAN-2025
OPTSTK,NMDC,30-Jan-2025,2025-01-30,83.35,CE,0.10,0.10,0.05,0.05,0.05,164,1846.908,22801500,-1566000,06-JAN-2025
OPTSTK,NMDC,27-Mar-2025,2025-03-27,66.00,PE,0.00,0.00,0.00,3.85,4.70,0,0.00,0,0,06-JAN-2025
OPTSTK,NMDC,27-Feb-2025,2025-02-27,66.00,PE,0.00,0.00,0.00,3.05,4.00,0,0.00,0,0,06-JAN-2025
OPTSTK,NMDC,27-Feb-2025,2025-02-27,66.00,CE,0.00,0.00,0.00,7.15,3.55,0,0.00,0,0,06-JAN-2025
OPTSTK,NMDC,27-Feb-2025,2025-02-27,63.35,PE,2.15,2.40,2.00,2.35,2.35,14,123.97725,148500,0,06-JAN-2025
OPTSTK,NMDC,30-Jan-2025,2025-01-30,63.35,PE,1.00,1.70,0.90,1.55,1.55,223,1948.71825,4144500,391500,06-JAN-2025
OPTSTK,NMDC,27-Feb-2025,2025-02-27,70.00,PE,6.00,6.00,6.00,6.00,6.50,1,10.26,81000,13500,06-JAN-2025
OPTSTK,NMDC,30-Jan-2025,2025-01-30,76.65,CE,0.25,0.30,0.15,0.20,0.20,338,3507.3135,9342000,-1201500,06-JAN-2025
OPTSTK,NMDC,27-Mar-2025,2025-03-27,72.00,PE,0.00,0.00,0.00,6.80,8.45,0,0.00,0,0,06-JAN-2025
OPTSTK,NMDC,27-Feb-2025,2025-02-27,72.00,PE,0.00,0.00,0.00,6.00,7.95,0,0.00,0,0,06-JAN-2025
OPTSTK,NMDC,30-Jan-2025,2025-01-30,76.00,CE,0.65,0.65,0.20,0.20,0.20,35,360.3285,2065500,0,06-JAN-2025
OPTSTK,NMDC,27-Feb-2025,2025-02-27,76.00,CE,0.00,0.00,0.00,2.80,0.80,0,0.00,0,0,06-JAN-2025
OPTSTK,NMDC,30-Jan-2025,2025-01-30,76.00,PE,0.00,0.00,0.00,7.70,10.95,0,0.00,0,0,06-JAN-2025
OPTSTK,NMDC,27-Feb-2025,2025-02-27,56.00,CE,0.00,0.00,0.00,14.55,10.05,0,0.00,0,0,06-JAN-2025
OPTSTK,NMDC,30-Jan-2025,2025-01-30,56.00,PE,0.15,0.25,0.15,0.25,0.25,29,219.942,526500,108000,06-JAN-2025
OPTSTK,NMDC,27-Mar-2025,2025-03-27,56.00,PE,0.00,0.00,0.00,1.00,1.05,0,0.00,0,0,06-JAN-2025
OPTSTK,NMDC,30-Jan-2025,2025-01-30,56.00,CE,10.75,10.75,10.75,10.75,9.30,1,9.01125,13500,13500,06-JAN-2025
OPTSTK,NMDC,27-Mar-2025,2025-03-27,56.00,CE,0.00,0.00,0.00,15.30,10.80,0,0.00,0,0,06-JAN-2025
OPTSTK,NMDC,27-Mar-2025,2025-03-27,80.00,CE,0.00,0.00,0.00,11.00,0.90,0,0.00,0,0,06-JAN-2025
OPTSTK,NMDC,27-Feb-2025,2025-02-27,80.00,PE,0.00,0.00,0.00,24.95,14.75,0,0.00,0,0,06-JAN-2025
OPTSTK,NMDC,30-Jan-2025,2025-01-30,80.00,PE,13.50,14.40,13.50,14.40,14.80,2,25.3665,3901500,-27000,06-JAN-2025
OPTSTK,NMDC,30-Jan-2025,2025-01-30,80.00,CE,0.10,0.15,0.05,0.10,0.10,298,3222.63225,12838500,-2065500,06-JAN-2025
OPTSTK,NMDC,30-Jan-2025,2025-01-30,68.00,CE,2.25,2.25,1.25,1.35,1.35,710,6667.9605,5629500,1539000,06-JAN-2025
OPTSTK,NMDC,27-Mar-2025,2025-03-27,68.00,PE,0.00,0.00,0.00,4.75,5.85,0,0.00,0,0,06-JAN-2025
OPTSTK,NMDC,27-Mar-2025,2025-03-27,66.00,CE,0.00,0.00,0.00,8.35,4.60,0,0.00,0,0,06-JAN-2025
OPTSTK,NMDC,30-Jan-2025,2025-01-30,66.00,PE,1.75,2.90,1.70,2.80,2.80,790,7286.14575,3010500,189000,06-JAN-2025
OPTSTK,NMDC,30-Jan-2025,2025-01-30,72.00,PE,6.70,7.10,6.30,6.30,7.35,8,85.08375,297000,-13500,06-JAN-2025
OPTSTK,NMDC,30-Jan-2025,2025-01-30,75.00,CE,0.40,0.40,0.25,0.30,0.30,629,6394.52475,18981000,702000,06-JAN-2025
OPTSTK,NMDC,30-Jan-2025,2025-01-30,72.00,CE,0.95,0.95,0.50,0.55,0.55,385,3774.25575,3483000,391500,06-JAN-2025
OPTSTK,NMDC,27-Feb-2025,2025-02-27,72.00,CE,0.00,0.00,0.00,4.20,1.55,0,0.00,0,0,06-JAN-2025
OPTSTK,RAMCOCEM,27-Feb-2025,2025-02-27,1140.00,CE,0.00,0.00,0.00,16.35,1.85,0,0.00,0,0,06-JAN-2025
OPTSTK,RAMCOCEM,27-Feb-2025,2025-02-27,1060.00,CE,0.00,0.00,0.00,34.50,8.60,0,0.00,0,0,06-JAN-2025
OPTSTK,RAMCOCEM,27-Mar-2025,2025-03-27,1060.00,CE,0.00,0.00,0.00,36.25,16.20,0,0.00,0,0,06-JAN-2025
OPTSTK,RAMCOCEM,27-Mar-2025,2025-03-27,1040.00,CE,0.00,0.00,0.00,42.85,20.80,0,0.00,0,0,06-JAN-2025
OPTSTK,RAMCOCEM,30-Jan-2025,2025-01-30,860.00,CE,0.00,0.00,0.00,106.40,97.50,0,0.00,0,0,06-JAN-2025
OPTSTK,RAMCOCEM,27-Feb-2025,2025-02-27,860.00,PE,0.00,0.00,0.00,13.30,5.95,0,0.00,0,0,06-JAN-2025
OPTSTK,RAMCOCEM,27-Feb-2025,2025-02-27,860.00,CE,0.00,0.00,0.00,143.75,106.30,0,0.00,0,0,06-JAN-2025
OPTSTK,RAMCOCEM,27-Mar-2025,2025-03-27,860.00,PE,0.00,0.00,0.00,13.80,10.30,0,0.00,0,0,06-JAN-2025
OPTSTK,RAMCOCEM,30-Jan-2025,2025-01-30,1050.00,PE,86.85,86.90,86.85,86.90,95.80,2,19.326875,8500,850,06-JAN-2025
OPTSTK,RAMCOCEM,27-Feb-2025,2025-02-27,940.00,CE,0.00,0.00,0.00,87.95,48.95,0,0.00,0,0,06-JAN-2025
OPTSTK,RAMCOCEM,27-Mar-2025,2025-03-27,840.00,PE,0.00,0.00,0.00,10.25,7.05,0,0.00,0,0,06-JAN-2025
OPTSTK,RAMCOCEM,27-Feb-2025,2025-02-27,910.00,CE,0.00,0.00,0.00,97.55,67.70,0,0.00,0,0,06-JAN-2025
OPTSTK,RAMCOCEM,30-Jan-2025,2025-01-30,910.00,CE,64.00,64.00,64.00,64.00,54.65,4,33.116,11900,3400,06-JAN-2025
OPTSTK,RAMCOCEM,27-Feb-2025,2025-02-27,910.00,PE,0.00,0.00,0.00,19.60,16.85,0,0.00,0,0,06-JAN-2025
OPTSTK,RAMCOCEM,27-Feb-2025,2025-02-27,1000.00,PE,0.00,0.00,0.00,63.80,60.75,0,0.00,0,0,06-JAN-2025
OPTSTK,RAMCOCEM,30-Jan-2025,2025-01-30,1140.00,CE,0.30,0.55,0.30,0.50,0.50,24,232.63905,39950,2550,06-JAN-2025
OPTSTK,RAMCOCEM,27-Mar-2025,2025-03-27,900.00,PE,0.00,0.00,0.00,23.35,19.95,0,0.00,0,0,06-JAN-2025
OPTSTK,RAMCOCEM,27-Feb-2025,2025-02-27,840.00,CE,0.00,0.00,0.00,159.90,123.80,0,0.00,0,0,06-JAN-2025
OPTSTK,RAMCOCEM,30-Jan-2025,2025-01-30,1040.00,PE,0.00,0.00,0.00,71.75,86.75,0,0.00,2550,0,06-JAN-2025
OPTSTK,RAMCOCEM,27-Feb-2025,2025-02-27,920.00,PE,0.00,0.00,0.00,28.90,20.10,0,0.00,0,0,06-JAN-2025
OPTSTK,RAMCOCEM,27-Mar-2025,2025-03-27,980.00,PE,0.00,0.00,0.00,54.00,54.30,0,0.00,0,0,06-JAN-2025
OPTSTK,RAMCOCEM,30-Jan-2025,2025-01-30,1120.00,CE,0.55,0.85,0.55,0.85,0.85,6,57.15825,58650,-1700,06-JAN-2025
OPTSTK,RAMCOCEM,27-Mar-2025,2025-03-27,1120.00,PE,0.00,0.00,0.00,144.45,158.60,0,0.00,0,0,06-JAN-2025
OPTSTK,RAMCOCEM,27-Feb-2025,2025-02-27,1040.00,PE,0.00,0.00,0.00,87.35,90.00,0,0.00,0,0,06-JAN-2025
OPTSTK,RAMCOCEM,27-Mar-2025,2025-03-27,940.00,PE,0.00,0.00,0.00,36.60,34.45,0,0.00,0,0,06-JAN-2025
OPTSTK,RAMCOCEM,27-Feb-2025,2025-02-27,890.00,CE,0.00,0.00,0.00,112.20,82.15,0,0.00,0,0,06-JAN-2025
OPTSTK,RAMCOCEM,27-Feb-2025,2025-02-27,840.00,PE,0.00,0.00,0.00,9.85,3.60,0,0.00,0,0,06-JAN-2025
OPTSTK,RAMCOCEM,27-Feb-2025,2025-02-27,1000.00,CE,0.00,0.00,0.00,56.75,22.45,0,0.00,0,0,06-JAN-2025
OPTSTK,RAMCOCEM,27-Mar-2025,2025-03-27,1000.00,CE,0.00,0.00,0.00,58.80,33.00,0,0.00,0,0,06-JAN-2025
OPTSTK,RAMCOCEM,27-Feb-2025,2025-02-27,960.00,PE,0.00,0.00,0.00,44.30,37.15,0,0.00,0,0,06-JAN-2025
OPTSTK,RAMCOCEM,27-Feb-2025,2025-02-27,820.00,PE,0.00,0.00,0.00,7.10,2.05,0,0.00,0,0,06-JAN-2025
OPTSTK,RAMCOCEM,30-Jan-2025,2025-01-30,820.00,PE,0.55,0.65,0.40,0.65,0.25,8,55.79315,225250,0,06-JAN-2025
OPTSTK,CGPOWER,27-Mar-2025,2025-03-27,680.00,CE,0.00,0.00,0.00,106.75,72.65,0,0.00,0,0,06-JAN-2025
OPTSTK,CGPOWER,30-Jan-2025,2025-01-30,680.00,PE,8.10,13.20,7.90,12.75,12.75,76,380.375962,63075,15950,06-JAN-2025
OPTSTK,CGPOWER,30-Jan-2025,2025-01-30,850.00,CE,2.50,2.50,1.60,1.70,1.70,14,86.4602375,90625,-2900,06-JAN-2025
OPTSTK,CGPOWER,27-Feb-2025,2025-02-27,680.00,CE,0.00,0.00,0.00,114.00,62.00,0,0.00,0,0,06-JAN-2025
OPTSTK,CGPOWER,27-Mar-2025,2025-03-27,720.00,CE,0.00,0.00,0.00,83.20,51.05,0,0.00,0,0,06-JAN-2025
OPTSTK,IGL,30-Jan-2025,2025-01-30,355.00,PE,0.70,1.20,0.70,1.15,0.70,71,347.5395,286000,2750,06-JAN-2025
OPTSTK,IGL,30-Jan-2025,2025-01-30,450.00,CE,9.65,10.25,4.20,5.20,5.20,2296,14392.9912,1744875,19250,06-JAN-2025
OPTSTK,IGL,27-Feb-2025,2025-02-27,450.00,PE,48.40,48.40,48.40,48.40,39.10,2,13.706,2750,2750,06-JAN-2025
OPTSTK,CGPOWER,27-Feb-2025,2025-02-27,670.00,CE,0.00,0.00,0.00,102.20,68.55,0,0.00,0,0,06-JAN-2025
OPTSTK,CGPOWER,30-Jan-2025,2025-01-30,780.00,CE,11.50,12.50,7.30,7.75,7.75,78,446.3535,83375,5075,06-JAN-2025
OPTSTK,IGL,30-Jan-2025,2025-01-30,385.00,PE,1.95,4.85,1.95,4.10,4.10,325,1736.7185,215875,50875,06-JAN-2025
OPTSTK,IGL,27-Feb-2025,2025-02-27,500.00,PE,0.00,0.00,0.00,173.00,77.05,0,0.00,0,0,06-JAN-2025
OPTSTK,IGL,27-Feb-2025,2025-02-27,480.00,PE,0.00,0.00,0.00,154.05,60.70,0,0.00,0,0,06-JAN-2025
OPTSTK,IGL,30-Jan-2025,2025-01-30,455.00,CE,8.05,8.60,3.50,4.30,4.30,677,4280.98756,400125,140250,06-JAN-2025
OPTSTK,IGL,27-Mar-2025,2025-03-27,340.00,CE,0.00,0.00,0.00,70.45,93.05,0,0.00,0,0,06-JAN-2025
OPTSTK,CGPOWER,30-Jan-2025,2025-01-30,790.00,CE,9.80,10.35,5.80,7.00,5.55,21,121.398712,63075,725,06-JAN-2025
OPTSTK,CGPOWER,30-Jan-2025,2025-01-30,790.00,PE,0.00,0.00,0.00,59.00,77.75,0,0.00,6525,0,06-JAN-2025
OPTSTK,IGL,30-Jan-2025,2025-01-30,445.00,CE,11.15,12.20,5.05,6.20,6.20,662,4119.4175,427625,30250,06-JAN-2025
OPTSTK,IGL,27-Mar-2025,2025-03-27,360.00,PE,0.00,0.00,0.00,20.55,7.15,0,0.00,0,0,06-JAN-2025
FUTSTK,IGL,27-Feb-2025,2025-02-27,,,431.95,433.15,409.55,413.25,413.25,620,3544.51762,820875,118250,06-JAN-2025
OPTSTK,CGPOWER,27-Mar-2025,2025-03-27,660.00,PE,0.00,0.00,0.00,24.35,21.35,0,0.00,0,0,06-JAN-2025
OPTSTK,CGPOWER,27-Mar-2025,2025-03-27,660.00,CE,0.00,0.00,0.00,120.00,85.35,0,0.00,0,0,06-JAN-2025
OPTSTK,IGL,30-Jan-2025,2025-01-30,485.00,PE,0.00,0.00,0.00,93.60,61.25,0,0.00,0,0,06-JAN-2025
OPTSTK,IGL,30-Jan-2025,2025-01-30,485.00,CE,3.55,3.55,1.15,1.40,1.40,295,1973.03218,354750,-41250,06-JAN-2025
OPTSTK,CGPOWER,27-Feb-2025,2025-02-27,710.00,PE,0.00,0.00,0.00,33.75,33.70,0,0.00,0,0,06-JAN-2025
OPTSTK,IGL,27-Feb-2025,2025-02-27,490.00,CE,0.00,0.00,0.00,6.60,7.55,0,0.00,0,0,06-JAN-2025
OPTSTK,IGL,27-Mar-2025,2025-03-27,420.00,PE,0.00,0.00,0.00,50.85,27.35,0,0.00,0,0,06-JAN-2025
OPTSTK,IGL,27-Feb-2025,2025-02-27,480.00,CE,0.00,0.00,0.00,2.15,9.45,0,0.00,0,0,06-JAN-2025
OPTSTK,IGL,30-Jan-2025,2025-01-30,480.00,PE,47.40,65.65,47.40,65.65,56.80,22,162.262375,166375,13750,06-JAN-2025
OPTSTK,IGL,27-Mar-2025,2025-03-27,450.00,PE,0.00,0.00,0.00,71.10,43.85,0,0.00,0,0,06-JAN-2025
OPTSTK,IGL,27-Mar-2025,2025-03-27,450.00,CE,0.00,0.00,0.00,18.00,24.65,0,0.00,1375,0,06-JAN-2025
OPTSTK,IGL,27-Feb-2025,2025-02-27,445.00,CE,0.00,0.00,0.00,14.60,19.35,0,0.00,0,0,06-JAN-2025
OPTSTK,ZOMATO,27-Feb-2025,2025-02-27,240.00,CE,0.00,0.00,0.00,58.25,32.50,0,0.00,0,0,06-JAN-2025
OPTSTK,ZOMATO,27-Feb-2025,2025-02-27,230.00,CE,49.00,49.00,49.00,49.00,40.20,1,5.58,4000,2000,06-JAN-2025
OPTSTK,ZOMATO,30-Jan-2025,2025-01-30,275.00,CE,10.35,10.45,5.90,6.95,6.95,5414,30610.155,2594000,416000,06-JAN-2025
OPTSTK,ZOMATO,30-Jan-2025,2025-01-30,255.00,PE,3.65,7.55,3.00,6.85,6.85,1474,7672.36,1468000,92000,06-JAN-2025
OPTSTK,ZOMATO,27-Feb-2025,2025-02-27,265.00,CE,0.00,0.00,0.00,27.60,17.20,0,0.00,0,0,06-JAN-2025
OPTSTK,ZOMATO,30-Jan-2025,2025-01-30,300.00,PE,29.60,37.10,29.00,35.30,35.30,72,478.732,1928000,-10000,06-JAN-2025
OPTSTK,ZOMATO,30-Jan-2025,2025-01-30,310.00,PE,37.30,40.40,35.35,40.40,44.70,16,111.257,246000,-16000,06-JAN-2025
OPTSTK,ZOMATO,30-Jan-2025,2025-01-30,310.00,CE,1.40,1.40,0.90,1.00,1.00,1737,10806.627,2036000,-392000,06-JAN-2025
OPTSTK,ZOMATO,30-Jan-2025,2025-01-30,230.00,PE,0.75,1.65,0.60,1.30,1.30,2335,10793.304,2884000,730000,06-JAN-2025
OPTSTK,ZOMATO,30-Jan-2025,2025-01-30,230.00,CE,35.60,37.90,35.40,37.55,36.80,11,58.719,16000,16000,06-JAN-2025
OPTSTK,ZOMATO,27-Feb-2025,2025-02-27,240.00,PE,4.50,6.95,4.50,6.10,5.35,77,377.792,410000,86000,06-JAN-2025
OPTSTK,ZOMATO,27-Mar-2025,2025-03-27,300.00,PE,0.00,0.00,0.00,39.20,39.90,0,0.00,0,0,06-JAN-2025
OPTSTK,ZOMATO,27-Mar-2025,2025-03-27,300.00,CE,0.00,0.00,0.00,17.80,9.15,0,0.00,0,0,06-JAN-2025
OPTSTK,ZOMATO,30-Jan-2025,2025-01-30,245.00,CE,26.10,26.95,22.50,23.75,23.75,39,210.144,74000,44000,06-JAN-2025
OPTSTK,ZOMATO,30-Jan-2025,2025-01-30,330.00,CE,0.45,0.55,0.40,0.45,0.45,1122,7415.291,2282000,350000,06-JAN-2025
OPTSTK,ZOMATO,27-Feb-2025,2025-02-27,280.00,PE,19.40,23.40,19.20,23.40,23.40,9,54.169,28000,6000,06-JAN-2025
OPTSTK,ZOMATO,27-Mar-2025,2025-03-27,280.00,CE,0.00,0.00,0.00,22.00,15.30,0,0.00,2000,0,06-JAN-2025
OPTSTK,ZOMATO,27-Feb-2025,2025-02-27,275.00,PE,0.00,0.00,0.00,15.00,20.30,0,0.00,2000,0,06-JAN-2025
OPTSTK,ZOMATO,27-Feb-2025,2025-02-27,315.00,CE,0.00,0.00,0.00,9.10,3.15,0,0.00,0,0,06-JAN-2025
OPTSTK,ZOMATO,30-Jan-2025,2025-01-30,315.00,CE,1.05,1.05,0.65,0.80,0.80,778,4914.813,980000,-194000,06-JAN-2025
OPTSTK,ZOMATO,30-Jan-2025,2025-01-30,315.00,PE,42.70,42.70,41.55,41.55,49.40,2,14.285,18000,-2000,06-JAN-2025
OPTSTK,ZOMATO,30-Jan-2025,2025-01-30,305.00,PE,33.45,41.75,33.45,39.10,40.05,7,48.264,94000,0,06-JAN-2025
OPTSTK,ZOMATO,27-Mar-2025,2025-03-27,270.00,PE,0.00,0.00,0.00,11.85,20.55,0,0.00,2000,0,06-JAN-2025
FUTSTK,ZOMATO,30-Jan-2025,2025-01-30,,,275.00,276.00,262.75,265.30,265.30,18346,98573.919,115416000,-82000,06-JAN-2025
OPTSTK,ZOMATO,27-Mar-2025,2025-03-27,250.00,CE,0.00,0.00,0.00,41.10,29.85,0,0.00,0,0,06-JAN-2025
OPTSTK,ZOMATO,30-Jan-2025,2025-01-30,250.00,CE,26.00,27.55,19.00,20.30,20.30,783,4248.041,14932000,2000,06-JAN-2025
OPTSTK,ZOMATO,30-Jan-2025,2025-01-30,280.00,CE,8.05,8.05,4.40,5.25,5.25,7099,40592.706,4624000,750000,06-JAN-2025
OPTSTK,ZOMATO,30-Jan-2025,2025-01-30,280.00,PE,13.65,21.20,12.05,19.80,19.80,1449,8577.419,3114000,132000,06-JAN-2025
OPTSTK,ZOMATO,27-Mar-2025,2025-03-27,240.00,CE,0.00,0.00,0.00,47.60,36.30,0,0.00,0,0,06-JAN-2025
OPTSTK,ZOMATO,27-Feb-2025,2025-02-27,310.00,CE,4.95,4.95,4.00,4.00,3.80,8,50.286,12000,8000,06-JAN-2025
OPTSTK,ZOMATO,27-Mar-2025,2025-03-27,310.00,CE,0.00,0.00,0.00,14.80,6.95,0,0.00,0,0,06-JAN-2025
OPTSTK,ADANIENSOL,30-Jan-2025,2025-01-30,640.00,PE,2.20,4.60,2.05,4.25,4.25,267,1073.0325,31250,6250,06-JAN-2025
OPTSTK,ADANIENSOL,27-Feb-2025,2025-02-27,720.00,CE,0.00,0.00,0.00,114.40,99.05,0,0.00,0,0,06-JAN-2025
OPTSTK,ADANIENSOL,27-Mar-2025,2025-03-27,720.00,CE,0.00,0.00,0.00,156.90,116.55,0,0.00,0,0,06-JAN-2025
FUTSTK,ADANIENSOL,27-Mar-2025,2025-03-27,,,781.10,781.15,781.10,781.15,781.15,2,9.7640625,15625,1250,06-JAN-2025
OPTSTK,ADANIENSOL,27-Mar-2025,2025-03-27,840.00,CE,0.00,0.00,0.00,102.10,63.90,0,0.00,0,0,06-JAN-2025
OPTSTK,ADANIENSOL,30-Jan-2025,2025-01-30,740.00,PE,8.25,25.95,8.25,25.00,25.00,822,3898.12156,218750,141250,06-JAN-2025
FUTSTK,ADANIENSOL,27-Feb-2025,2025-02-27,,,827.00,827.00,770.35,772.80,772.80,163,804.197812,78750,15625,06-JAN-2025
OPTSTK,ADANIENSOL,27-Mar-2025,2025-03-27,640.00,PE,0.00,0.00,0.00,41.15,28.40,0,0.00,0,0,06-JAN-2025
OPTSTK,ADANIENSOL,30-Jan-2025,2025-01-30,660.00,PE,0.00,0.00,0.00,51.20,9.15,0,0.00,0,0,06-JAN-2025
OPTSTK,ADANIENSOL,27-Feb-2025,2025-02-27,860.00,CE,0.00,0.00,0.00,73.65,39.75,0,0.00,0,0,06-JAN-2025
OPTSTK,ADANIENSOL,30-Jan-2025,2025-01-30,860.00,CE,19.45,19.45,9.15,9.80,9.80,743,4049.6,183125,21875,06-JAN-2025
OPTSTK,ADANIENSOL,30-Jan-2025,2025-01-30,700.00,PE,5.00,13.75,4.90,13.00,13.00,1148,5087.10906,262500,22500,06-JAN-2025
OPTSTK,ADANIENSOL,27-Feb-2025,2025-02-27,700.00,CE,0.00,0.00,0.00,149.30,111.10,0,0.00,0,0,06-JAN-2025
OPTSTK,ADANIENSOL,27-Feb-2025,2025-02-27,680.00,PE,0.00,0.00,0.00,74.45,28.90,0,0.00,0,0,06-JAN-2025
OPTSTK,ADANIENSOL,27-Feb-2025,2025-02-27,720.00,PE,0.00,0.00,0.00,94.60,43.50,0,0.00,0,0,06-JAN-2025
OPTSTK,ADANIENSOL,27-Feb-2025,2025-02-27,660.00,PE,0.00,0.00,0.00,34.50,22.95,0,0.00,0,0,06-JAN-2025
OPTSTK,ADANIENSOL,27-Mar-2025,2025-03-27,680.00,PE,0.00,0.00,0.00,55.15,41.35,0,0.00,0,0,06-JAN-2025
OPTSTK,ADANIENSOL,30-Jan-2025,2025-01-30,680.00,CE,117.55,117.55,102.40,102.40,104.85,5,24.691875,4375,3125,06-JAN-2025
OPTSTK,ADANIENSOL,30-Jan-2025,2025-01-30,680.00,PE,2.50,9.75,2.50,9.00,9.00,470,2017.36062,108750,-13750,06-JAN-2025
OPTSTK,ADANIENSOL,27-Feb-2025,2025-02-27,680.00,CE,0.00,0.00,0.00,133.60,124.05,0,0.00,0,0,06-JAN-2025
OPTSTK,ADANIENSOL,27-Feb-2025,2025-02-27,880.00,PE,0.00,0.00,0.00,196.75,137.30,0,0.00,0,0,06-JAN-2025
OPTSTK,CANBK,27-Mar-2025,2025-03-27,102.00,CE,0.00,0.00,0.00,8.80,4.80,0,0.00,0,0,06-JAN-2025
OPTSTK,CANBK,27-Feb-2025,2025-02-27,102.00,PE,6.35,6.45,5.85,6.35,7.10,21,153.522,33750,27000,06-JAN-2025
OPTSTK,CANBK,27-Mar-2025,2025-03-27,102.00,PE,0.00,0.00,0.00,7.95,7.95,0,0.00,0,0,06-JAN-2025
OPTSTK,CANBK,30-Jan-2025,2025-01-30,102.00,CE,3.10,3.30,1.55,1.70,1.70,1186,8326.76962,6696000,816750,06-JAN-2025
OPTSTK,CANBK,27-Feb-2025,2025-02-27,102.00,CE,3.35,3.50,3.10,3.20,3.20,7,49.76775,20250,13500,06-JAN-2025
OPTSTK,METROPOLIS,27-Feb-2025,2025-02-27,2200.00,CE,51.35,63.00,51.35,63.00,63.00,2,18.0574,400,400,06-JAN-2025
OPTSTK,METROPOLIS,30-Jan-2025,2025-01-30,2120.00,CE,22.90,62.00,21.00,58.35,58.35,214,1859.6162,21600,4000,06-JAN-2025
OPTSTK,CANBK,30-Jan-2025,2025-01-30,119.00,CE,0.10,0.10,0.10,0.10,0.10,24,192.942,263250,-6750,06-JAN-2025
OPTSTK,CANBK,27-Feb-2025,2025-02-27,92.00,CE,0.00,0.00,0.00,15.95,8.55,0,0.00,0,0,06-JAN-2025
OPTSTK,METROPOLIS,27-Feb-2025,2025-02-27,1780.00,PE,0.00,0.00,0.00,25.95,10.15,0,0.00,0,0,06-JAN-2025
OPTSTK,METROPOLIS,27-Feb-2025,2025-02-27,2060.00,CE,0.00,0.00,0.00,118.75,91.50,0,0.00,0,0,06-JAN-2025
OPTSTK,METROPOLIS,30-Jan-2025,2025-01-30,2060.00,PE,110.00,113.75,84.20,95.60,95.60,170,1464.429,19200,6000,06-JAN-2025
OPTSTK,METROPOLIS,30-Jan-2025,2025-01-30,2360.00,PE,0.00,0.00,0.00,261.70,312.85,0,0.00,0,0,06-JAN-2025
OPTSTK,METROPOLIS,30-Jan-2025,2025-01-30,2360.00,CE,5.00,15.50,5.00,13.10,13.10,261,2476.7024,24800,22000,06-JAN-2025
OPTSTK,CANBK,27-Feb-2025,2025-02-27,98.00,PE,4.75,4.75,4.75,4.75,4.75,3,20.806875,20250,20250,06-JAN-2025
OPTSTK,CANBK,30-Jan-2025,2025-01-30,98.00,PE,1.90,3.85,1.85,3.55,3.55,1521,10371.3108,3078000,452250,06-JAN-2025
OPTSTK,CANBK,27-Mar-2025,2025-03-27,98.00,PE,0.00,0.00,0.00,6.00,5.75,0,0.00,0,0,06-JAN-2025
OPTSTK,CANBK,30-Jan-2025,2025-01-30,93.00,PE,0.95,1.80,0.75,1.65,1.65,303,1928.75512,1316250,425250,06-JAN-2025
FUTSTK,CANBK,27-Mar-2025,2025-03-27,,,102.27,102.27,98.50,99.04,99.04,105,706.924125,924750,324000,06-JAN-2025
OPTSTK,METROPOLIS,27-Feb-2025,2025-02-27,2000.00,CE,0.00,0.00,0.00,254.15,122.80,0,0.00,0,0,06-JAN-2025
OPTSTK,METROPOLIS,30-Jan-2025,2025-01-30,1920.00,PE,30.05,37.50,27.65,35.30,35.30,63,492.428,15600,12000,06-JAN-2025
OPTSTK,METROPOLIS,30-Jan-2025,2025-01-30,1760.00,PE,8.70,9.80,6.45,8.20,8.20,355,2510.288,67600,67600,06-JAN-2025
OPTSTK,METROPOLIS,27-Feb-2025,2025-02-27,1760.00,CE,0.00,0.00,0.00,433.00,303.85,0,0.00,0,0,06-JAN-2025
OPTSTK,METROPOLIS,27-Feb-2025,2025-02-27,1880.00,CE,0.00,0.00,0.00,337.30,203.40,0,0.00,0,0,06-JAN-2025
OPTSTK,METROPOLIS,30-Jan-2025,2025-01-30,1880.00,PE,20.80,28.95,17.05,24.50,24.50,96,730.9278,19200,2400,06-JAN-2025
OPTSTK,CANBK,30-Jan-2025,2025-01-30,90.00,CE,9.50,10.00,8.30,8.40,8.50,20,133.545375,425250,20250,06-JAN-2025
OPTSTK,METROPOLIS,30-Jan-2025,2025-01-30,2160.00,PE,158.85,164.45,151.00,155.10,155.10,6,55.652,1200,1200,06-JAN-2025
OPTSTK,METROPOLIS,30-Jan-2025,2025-01-30,1780.00,PE,0.00,0.00,0.00,13.90,2.00,0,0.00,0,0,06-JAN-2025
OPTSTK,METROPOLIS,30-Jan-2025,2025-01-30,2300.00,PE,0.00,0.00,0.00,210.05,255.75,0,0.00,0,0,06-JAN-2025
OPTSTK,CANBK,30-Jan-2025,2025-01-30,95.00,PE,1.05,2.45,1.05,2.25,2.25,1637,10710.7042,7897500,1296000,06-JAN-2025
OPTSTK,CANBK,30-Jan-2025,2025-01-30,90.00,PE,0.45,1.05,0.40,0.95,0.95,1291,7912.05975,4414500,938250,06-JAN-2025
OPTSTK,PEL,27-Feb-2025,2025-02-27,1100.00,PE,0.00,0.00,0.00,76.05,84.50,0,0.00,0,0,06-JAN-2025
OPTSTK,PEL,27-Feb-2025,2025-02-27,1160.00,CE,0.00,0.00,0.00,127.55,24.45,0,0.00,0,0,06-JAN-2025
OPTSTK,SBILIFE,27-Feb-2025,2025-02-27,1520.00,PE,0.00,0.00,0.00,121.45,95.50,0,0.00,0,0,06-JAN-2025
OPTSTK,PEL,30-Jan-2025,2025-01-30,1040.00,PE,17.45,41.00,17.00,36.80,36.80,1217,9758.33362,170250,51000,06-JAN-2025
OPTSTK,PEL,27-Mar-2025,2025-03-27,1040.00,CE,0.00,0.00,0.00,139.10,85.05,0,0.00,0,0,06-JAN-2025
OPTSTK,PEL,27-Feb-2025,2025-02-27,1040.00,PE,0.00,0.00,0.00,40.35,51.15,0,0.00,0,0,06-JAN-2025
OPTSTK,SBILIFE,27-Feb-2025,2025-02-27,1460.00,PE,0.00,0.00,0.00,85.30,57.55,0,0.00,0,0,06-JAN-2025
OPTSTK,PEL,30-Jan-2025,2025-01-30,1340.00,PE,0.00,0.00,0.00,245.00,287.20,0,0.00,750,0,06-JAN-2025
OPTSTK,PEL,30-Jan-2025,2025-01-30,1340.00,CE,0.90,0.90,0.80,0.85,0.25,18,181.014375,141000,0,06-JAN-2025
OPTSTK,SBILIFE,27-Feb-2025,2025-02-27,1520.00,CE,0.00,0.00,0.00,57.50,24.70,0,0.00,0,0,06-JAN-2025
OPTSTK,PEL,27-Mar-2025,2025-03-27,1040.00,PE,0.00,0.00,0.00,61.85,62.70,0,0.00,0,0,06-JAN-2025
OPTSTK,SBILIFE,27-Feb-2025,2025-02-27,1480.00,CE,0.00,0.00,0.00,72.80,37.90,0,0.00,0,0,06-JAN-2025
OPTSTK,PEL,27-Mar-2025,2025-03-27,1160.00,CE,0.00,0.00,0.00,81.85,38.80,0,0.00,0,0,06-JAN-2025
FUTSTK,PEL,27-Feb-2025,2025-02-27,,,1100.00,1101.45,1050.05,1056.30,1056.30,167,1346.29125,122250,15000,06-JAN-2025
OPTSTK,SBILIFE,27-Feb-2025,2025-02-27,1600.00,CE,0.00,0.00,0.00,10.00,9.20,0,0.00,750,0,06-JAN-2025
OPTSTK,SBILIFE,30-Jan-2025,2025-01-30,1600.00,CE,5.00,5.40,2.95,3.50,3.50,640,3849.05306,171375,3750,06-JAN-2025
OPTSTK,SBILIFE,30-Jan-2025,2025-01-30,1380.00,PE,9.30,18.30,9.30,16.80,16.80,805,4210.89693,81000,3000,06-JAN-2025
OPTSTK,SBILIFE,27-Feb-2025,2025-02-27,1380.00,CE,0.00,0.00,0.00,91.65,91.30,0,0.00,0,0,06-JAN-2025
OPTSTK,SBILIFE,27-Feb-2025,2025-02-27,1380.00,PE,0.00,0.00,0.00,45.30,23.40,0,0.00,0,0,06-JAN-2025
OPTSTK,SBILIFE,30-Jan-2025,2025-01-30,1380.00,CE,82.00,89.30,74.05,76.10,76.10,15,81.984375,39750,-3000,06-JAN-2025
OPTSTK,SBILIFE,27-Mar-2025,2025-03-27,1360.00,CE,0.00,0.00,0.00,120.60,120.20,0,0.00,0,0,06-JAN-2025
OPTSTK,SBILIFE,27-Feb-2025,2025-02-27,1300.00,PE,0.00,0.00,0.00,19.95,6.80,0,0.00,0,0,06-JAN-2025
OPTSTK,SBILIFE,30-Jan-2025,2025-01-30,1300.00,CE,0.00,0.00,0.00,127.45,142.00,0,0.00,1125,0,06-JAN-2025
OPTSTK,PEL,30-Jan-2025,2025-01-30,1120.00,PE,55.00,88.90,55.00,85.60,85.60,27,242.938125,133500,-1500,06-JAN-2025
OPTSTK,PEL,27-Mar-2025,2025-03-27,1120.00,CE,0.00,0.00,0.00,98.45,51.20,0,0.00,0,0,06-JAN-2025
OPTSTK,PEL,27-Mar-2025,2025-03-27,960.00,CE,0.00,0.00,0.00,190.10,132.35,0,0.00,0,0,06-JAN-2025
OPTSTK,PEL,30-Jan-2025,2025-01-30,1200.00,PE,139.60,140.40,139.60,140.40,152.00,4,40.197,189000,0,06-JAN-2025
OPTSTK,SBILIFE,27-Feb-2025,2025-02-27,1200.00,CE,0.00,0.00,0.00,258.80,246.90,0,0.00,0,0,06-JAN-2025
OPTSTK,SBILIFE,30-Jan-2025,2025-01-30,1260.00,PE,2.00,2.10,2.00,2.10,0.40,21,99.39,27750,-7875,06-JAN-2025
OPTSTK,SBILIFE,27-Feb-2025,2025-02-27,1280.00,PE,0.00,0.00,0.00,20.95,4.70,0,0.00,0,0,06-JAN-2025
OPTSTK,SBILIFE,30-Jan-2025,2025-01-30,1280.00,CE,0.00,0.00,0.00,136.55,161.15,0,0.00,375,0,06-JAN-2025
OPTSTK,SBILIFE,30-Jan-2025,2025-01-30,1280.00,PE,3.30,3.50,2.75,3.20,3.20,117,562.963125,36000,-2625,06-JAN-2025
OPTSTK,NATIONALUM,30-Jan-2025,2025-01-30,232.50,PE,0.00,0.00,0.00,21.40,32.70,0,0.00,45000,0,06-JAN-2025
OPTSTK,NATIONALUM,30-Jan-2025,2025-01-30,232.50,CE,1.25,1.25,0.65,0.70,0.70,92,805.15875,348750,63750,06-JAN-2025
OPTSTK,NATIONALUM,27-Feb-2025,2025-02-27,195.00,PE,0.00,0.00,0.00,5.45,10.25,0,0.00,0,0,06-JAN-2025
OPTSTK,NATIONALUM,30-Jan-2025,2025-01-30,205.00,CE,9.40,9.80,5.70,6.15,6.15,851,6772.07437,502500,408750,06-JAN-2025
OPTSTK,NATIONALUM,27-Feb-2025,2025-02-27,225.00,CE,0.00,0.00,0.00,42.15,5.80,0,0.00,0,0,06-JAN-2025
OPTSTK,NATIONALUM,27-Feb-2025,2025-02-27,225.00,PE,0.00,0.00,0.00,14.05,28.60,0,0.00,0,0,06-JAN-2025
OPTSTK,NATIONALUM,30-Jan-2025,2025-01-30,255.00,CE,0.20,0.25,0.20,0.20,0.20,31,296.6775,843750,0,06-JAN-2025
OPTSTK,NATIONALUM,30-Jan-2025,2025-01-30,250.00,CE,0.40,0.40,0.25,0.25,0.25,195,1830.285,1950000,-180000,06-JAN-2025
OPTSTK,NATIONALUM,30-Jan-2025,2025-01-30,240.00,CE,0.70,0.75,0.40,0.45,0.45,354,3193.12125,2253750,7500,06-JAN-2025
OPTSTK,NATIONALUM,30-Jan-2025,2025-01-30,247.50,CE,0.00,0.00,0.00,0.50,0.40,0,0.00,176250,0,06-JAN-2025
OPTSTK,NATIONALUM,30-Jan-2025,2025-01-30,200.00,CE,15.00,15.00,7.95,8.60,8.60,418,3279.59625,697500,367500,06-JAN-2025
OPTSTK,NATIONALUM,27-Mar-2025,2025-03-27,200.00,PE,0.00,0.00,0.00,13.50,15.35,0,0.00,0,0,06-JAN-2025
OPTSTK,NATIONALUM,27-Mar-2025,2025-03-27,190.00,PE,0.00,0.00,0.00,9.90,10.75,0,0.00,0,0,06-JAN-2025
OPTSTK,NATIONALUM,30-Jan-2025,2025-01-30,270.00,CE,0.10,0.15,0.10,0.15,0.05,19,192.48,236250,41250,06-JAN-2025
OPTSTK,NATIONALUM,30-Jan-2025,2025-01-30,207.50,PE,8.90,12.45,7.60,11.40,11.40,289,2356.785,360000,33750,06-JAN-2025
OPTSTK,NATIONALUM,27-Mar-2025,2025-03-27,200.00,CE,0.00,0.00,0.00,34.20,18.35,0,0.00,0,0,06-JAN-2025
OPTSTK,MARUTI,27-Feb-2025,2025-02-27,12300.00,PE,0.00,0.00,0.00,1350.25,657.30,0,0.00,0,0,06-JAN-2025
OPTSTK,MARUTI,27-Feb-2025,2025-02-27,12300.00,CE,0.00,0.00,0.00,100.50,230.50,0,0.00,0,0,06-JAN-2025
OPTSTK,MARUTI,30-Jan-2025,2025-01-30,12300.00,CE,118.05,130.55,64.05,73.20,73.20,5311,32890.8466,69200,1950,06-JAN-2025
OPTSTK,MARUTI,27-Feb-2025,2025-02-27,11400.00,CE,0.00,0.00,0.00,469.20,668.85,0,0.00,0,0,06-JAN-2025
OPTSTK,MARUTI,30-Jan-2025,2025-01-30,11400.00,PE,65.10,110.50,58.90,98.65,98.65,5814,33404.1168,86550,-8800,06-JAN-2025
OPTSTK,MARUTI,27-Feb-2025,2025-02-27,11400.00,PE,0.00,0.00,0.00,713.75,204.25,0,0.00,0,0,06-JAN-2025
OPTSTK,MARUTI,30-Jan-2025,2025-01-30,12900.00,CE,33.10,33.95,13.30,18.65,18.65,976,6305.338,9950,650,06-JAN-2025
OPTSTK,SUNTV,27-Feb-2025,2025-02-27,680.00,CE,0.00,0.00,0.00,98.85,27.15,0,0.00,0,0,06-JAN-2025
OPTSTK,SUNTV,27-Feb-2025,2025-02-27,720.00,PE,0.00,0.00,0.00,34.30,57.70,0,0.00,0,0,06-JAN-2025
OPTSTK,SUNTV,30-Jan-2025,2025-01-30,720.00,PE,45.00,45.00,44.25,45.00,53.15,12,68.824875,37500,-5250,06-JAN-2025
OPTSTK,SUNTV,30-Jan-2025,2025-01-30,670.00,CE,20.75,20.75,16.40,19.05,19.05,61,314.85075,39000,38250,06-JAN-2025
OPTSTK,SUNTV,30-Jan-2025,2025-01-30,780.00,CE,0.70,0.70,0.55,0.55,0.55,6,35.130375,39750,0,06-JAN-2025
OPTSTK,SUNTV,27-Feb-2025,2025-02-27,780.00,PE,0.00,0.00,0.00,64.10,107.50,0,0.00,0,0,06-JAN-2025
OPTSTK,MARUTI,27-Feb-2025,2025-02-27,13400.00,CE,74.00,74.00,69.00,69.00,37.85,3,20.206,1100,50,06-JAN-2025
OPTSTK,SUNTV,27-Feb-2025,2025-02-27,780.00,CE,0.00,0.00,0.00,44.35,3.55,0,0.00,0,0,06-JAN-2025
OPTSTK,MARUTI,30-Jan-2025,2025-01-30,13400.00,CE,10.65,12.40,5.90,7.20,7.20,1646,11034.9412,59950,4600,06-JAN-2025
OPTSTK,MARUTI,30-Jan-2025,2025-01-30,13400.00,PE,0.00,0.00,0.00,2159.90,1589.05,0,0.00,0,0,06-JAN-2025
OPTSTK,MARUTI,27-Feb-2025,2025-02-27,13400.00,PE,0.00,0.00,0.00,2268.10,1554.15,0,0.00,0,0,06-JAN-2025
OPTSTK,SUNTV,27-Feb-2025,2025-02-27,580.00,PE,1.15,1.15,1.15,1.15,2.65,3,13.075875,2250,2250,06-JAN-2025
OPTSTK,MARUTI,30-Jan-2025,2025-01-30,12700.00,PE,0.00,0.00,0.00,772.60,924.10,0,0.00,100,0,06-JAN-2025
OPTSTK,MARUTI,30-Jan-2025,2025-01-30,12700.00,CE,42.15,51.25,24.00,28.85,28.85,2378,15142.0163,21550,6200,06-JAN-2025
OPTSTK,SUNTV,30-Jan-2025,2025-01-30,900.00,CE,0.00,0.00,0.00,0.15,0.05,0,0.00,0,0,06-JAN-2025
OPTSTK,MARUTI,30-Jan-2025,2025-01-30,12600.00,CE,60.10,65.55,30.35,36.65,36.65,4708,29764.1106,46900,-2500,06-JAN-2025
OPTSTK,MARUTI,30-Jan-2025,2025-01-30,10800.00,CE,1142.20,1170.10,1010.00,1010.00,1021.05,13,77.31865,19950,-300,06-JAN-2025
OPTSTK,MARUTI,30-Jan-2025,2025-01-30,10800.00,PE,24.95,33.80,20.55,30.25,30.25,2475,13398.1602,98400,-22650,06-JAN-2025
OPTSTK,MARUTI,27-Mar-2025,2025-03-27,10800.00,CE,0.00,0.00,0.00,710.05,1225.50,0,0.00,0,0,06-JAN-2025
OPTSTK,MARUTI,27-Mar-2025,2025-03-27,10800.00,PE,0.00,0.00,0.00,419.00,111.45,0,0.00,0,0,06-JAN-2025
OPTSTK,MARUTI,27-Feb-2025,2025-02-27,10800.00,PE,0.00,0.00,0.00,278.55,65.70,0,0.00,50,0,06-JAN-2025
OPTSTK,MARUTI,27-Feb-2025,2025-02-27,10800.00,CE,0.00,0.00,0.00,756.70,1124.50,0,0.00,0,0,06-JAN-2025
OPTSTK,MARUTI,27-Feb-2025,2025-02-27,12400.00,CE,0.00,0.00,0.00,182.45,200.15,0,0.00,0,0,06-JAN-2025
OPTSTK,MARUTI,27-Mar-2025,2025-03-27,12400.00,PE,0.00,0.00,0.00,1439.95,772.30,0,0.00,0,0,06-JAN-2025
OPTSTK,MARUTI,30-Jan-2025,2025-01-30,12400.00,PE,0.00,0.00,0.00,460.00,668.00,0,0.00,200,0,06-JAN-2025
OPTSTK,SONACOMS,30-Jan-2025,2025-01-30,700.00,CE,1.35,2.00,0.95,1.85,0.35,45,244.725237,62000,22475,06-JAN-2025
OPTSTK,ALKEM,27-Feb-2025,2025-02-27,5400.00,CE,0.00,0.00,0.00,404.70,302.90,0,0.00,0,0,06-JAN-2025
OPTSTK,ALKEM,27-Mar-2025,2025-03-27,4600.00,PE,0.00,0.00,0.00,39.90,9.90,0,0.00,0,0,06-JAN-2025
FUTSTK,SONACOMS,27-Feb-2025,2025-02-27,,,587.00,596.95,580.40,584.50,584.50,50,227.78955,141050,8525,06-JAN-2025
OPTSTK,ALKEM,27-Mar-2025,2025-03-27,6000.00,PE,0.00,0.00,0.00,629.25,498.45,0,0.00,0,0,06-JAN-2025
OPTSTK,SONACOMS,30-Jan-2025,2025-01-30,640.00,CE,7.00,7.55,6.00,6.00,3.80,17,85.2069875,16275,-3875,06-JAN-2025
OPTSTK,SONACOMS,27-Feb-2025,2025-02-27,660.00,CE,0.00,0.00,0.00,62.85,7.40,0,0.00,0,0,06-JAN-2025
OPTSTK,SONACOMS,27-Mar-2025,2025-03-27,660.00,PE,0.00,0.00,0.00,81.95,82.10,0,0.00,0,0,06-JAN-2025
OPTSTK,ALKEM,30-Jan-2025,2025-01-30,5150.00,PE,41.20,41.20,41.20,41.20,19.15,1,5.1912,1700,0,06-JAN-2025
OPTSTK,SONACOMS,30-Jan-2025,2025-01-30,570.00,PE,18.00,18.00,18.00,18.00,18.00,2,9.114,1550,1550,06-JAN-2025
OPTSTK,ALKEM,27-Feb-2025,2025-02-27,5350.00,PE,0.00,0.00,0.00,204.75,106.45,0,0.00,0,0,06-JAN-2025
OPTSTK,ALKEM,30-Jan-2025,2025-01-30,5350.00,CE,213.25,213.25,213.25,213.25,259.55,1,5.56325,2300,100,06-JAN-2025
OPTSTK,SONACOMS,30-Jan-2025,2025-01-30,600.00,PE,28.40,34.30,28.40,34.30,34.30,17,83.2570875,141825,3100,06-JAN-2025
OPTSTK,SONACOMS,30-Jan-2025,2025-01-30,600.00,CE,20.10,21.00,15.00,15.95,15.95,342,1636.63221,289075,20150,06-JAN-2025
OPTSTK,ALKEM,30-Jan-2025,2025-01-30,5200.00,CE,0.00,0.00,0.00,769.30,376.05,0,0.00,0,0,06-JAN-2025
OPTSTK,ALKEM,27-Mar-2025,2025-03-27,5100.00,PE,0.00,0.00,0.00,147.80,69.35,0,0.00,0,0,06-JAN-2025
OPTSTK,ALKEM,30-Jan-2025,2025-01-30,4800.00,PE,11.50,12.45,10.80,10.80,10.80,46,221.33395,11300,-1100,06-JAN-2025
OPTSTK,ALKEM,27-Mar-2025,2025-03-27,4800.00,CE,0.00,0.00,0.00,766.65,821.25,0,0.00,0,0,06-JAN-2025
OPTSTK,ALKEM,27-Feb-2025,2025-02-27,6150.00,PE,0.00,0.00,0.00,730.35,605.05,0,0.00,0,0,06-JAN-2025
OPTSTK,ALKEM,30-Jan-2025,2025-01-30,6150.00,PE,0.00,0.00,0.00,721.50,603.85,0,0.00,0,0,06-JAN-2025
OPTSTK,SONACOMS,30-Jan-2025,2025-01-30,520.00,CE,0.00,0.00,0.00,154.20,65.75,0,0.00,0,0,06-JAN-2025
OPTSTK,SONACOMS,27-Feb-2025,2025-02-27,630.00,PE,0.00,0.00,0.00,56.65,56.10,0,0.00,0,0,06-JAN-2025
OPTSTK,SONACOMS,27-Feb-2025,2025-02-27,630.00,CE,0.00,0.00,0.00,28.10,13.65,0,0.00,0,0,06-JAN-2025
OPTSTK,SONACOMS,27-Mar-2025,2025-03-27,600.00,PE,0.00,0.00,0.00,45.55,41.55,0,0.00,0,0,06-JAN-2025
OPTSTK,SONACOMS,27-Mar-2025,2025-03-27,600.00,CE,0.00,0.00,0.00,49.90,31.90,0,0.00,0,0,06-JAN-2025
OPTSTK,ALKEM,30-Jan-2025,2025-01-30,5450.00,CE,184.20,184.20,149.00,175.30,194.05,72,404.09595,1400,-200,06-JAN-2025
OPTSTK,ALKEM,30-Jan-2025,2025-01-30,5450.00,PE,125.00,131.00,104.35,118.45,118.45,107,595.7512,5200,-800,06-JAN-2025
OPTSTK,ALKEM,30-Jan-2025,2025-01-30,5200.00,PE,46.10,50.40,39.70,44.50,44.50,105,550.69735,14600,-700,06-JAN-2025
OPTSTK,SONACOMS,30-Jan-2025,2025-01-30,620.00,PE,0.00,0.00,0.00,36.40,43.05,0,0.00,2325,0,06-JAN-2025
OPTSTK,SONACOMS,30-Jan-2025,2025-01-30,700.00,PE,0.00,0.00,0.00,110.00,115.70,0,0.00,775,0,06-JAN-2025
OPTSTK,SONACOMS,27-Mar-2025,2025-03-27,520.00,PE,0.00,0.00,0.00,14.80,10.05,0,0.00,0,0,06-JAN-2025
OPTSTK,SONACOMS,30-Jan-2025,2025-01-30,670.00,CE,3.95,3.95,3.00,3.20,3.20,19,99.143425,16275,-3100,06-JAN-2025
OPTSTK,HDFCLIFE,30-Jan-2025,2025-01-30,760.00,CE,0.30,0.30,0.30,0.30,0.05,1,8.3633,86900,0,06-JAN-2025
OPTSTK,HDFCLIFE,27-Mar-2025,2025-03-27,560.00,PE,0.00,0.00,0.00,8.50,7.35,0,0.00,0,0,06-JAN-2025
OPTSTK,HDFCLIFE,27-Feb-2025,2025-02-27,610.00,PE,0.00,0.00,0.00,18.95,20.95,0,0.00,0,0,06-JAN-2025
OPTSTK,HDFCLIFE,27-Feb-2025,2025-02-27,660.00,CE,0.00,0.00,0.00,43.30,6.40,0,0.00,0,0,06-JAN-2025
OPTSTK,NESTLEIND,30-Jan-2025,2025-01-30,1940.00,PE,1.40,1.75,1.05,1.30,1.30,27,104.832,247800,200,06-JAN-2025
OPTSTK,NESTLEIND,27-Mar-2025,2025-03-27,2360.00,CE,0.00,0.00,0.00,37.35,27.00,0,0.00,0,0,06-JAN-2025
OPTSTK,NESTLEIND,27-Feb-2025,2025-02-27,2120.00,CE,0.00,0.00,0.00,194.00,111.75,0,0.00,0,0,06-JAN-2025
OPTSTK,NESTLEIND,27-Mar-2025,2025-03-27,1840.00,CE,0.00,0.00,0.00,348.80,372.95,0,0.00,0,0,06-JAN-2025
OPTSTK,NESTLEIND,27-Mar-2025,2025-03-27,2200.00,CE,0.00,0.00,0.00,90.75,84.10,0,0.00,0,0,06-JAN-2025
OPTSTK,NESTLEIND,27-Feb-2025,2025-02-27,2200.00,PE,0.00,0.00,0.00,66.25,57.75,0,0.00,0,0,06-JAN-2025
OPTSTK,NESTLEIND,27-Feb-2025,2025-02-27,2080.00,PE,0.00,0.00,0.00,29.40,16.45,0,0.00,0,0,06-JAN-2025
OPTSTK,NESTLEIND,27-Feb-2025,2025-02-27,2400.00,PE,0.00,0.00,0.00,175.25,200.85,0,0.00,0,0,06-JAN-2025
OPTSTK,NESTLEIND,27-Feb-2025,2025-02-27,2060.00,PE,0.00,0.00,0.00,32.90,12.70,0,0.00,0,0,06-JAN-2025
OPTSTK,NESTLEIND,30-Jan-2025,2025-01-30,2060.00,CE,139.95,155.40,129.00,129.00,138.35,8,35.1854,1600,400,06-JAN-2025
OPTSTK,NESTLEIND,27-Mar-2025,2025-03-27,2120.00,PE,0.00,0.00,0.00,63.90,35.45,0,0.00,0,0,06-JAN-2025
OPTSTK,NESTLEIND,27-Mar-2025,2025-03-27,2240.00,PE,0.00,0.00,0.00,123.55,87.40,0,0.00,0,0,06-JAN-2025
OPTSTK,NESTLEIND,27-Feb-2025,2025-02-27,2240.00,CE,0.00,0.00,0.00,119.95,45.95,0,0.00,0,0,06-JAN-2025
OPTSTK,NESTLEIND,27-Mar-2025,2025-03-27,1920.00,PE,0.00,0.00,0.00,13.25,3.50,0,0.00,0,0,06-JAN-2025
FUTSTK,NESTLEIND,30-Jan-2025,2025-01-30,,,2231.60,2242.90,2163.00,2180.30,2180.30,9019,39526.2586,9163200,436800,06-JAN-2025
OPTSTK,NESTLEIND,27-Feb-2025,2025-02-27,2080.00,CE,0.00,0.00,0.00,223.15,141.40,0,0.00,0,0,06-JAN-2025
FUTSTK,NESTLEIND,27-Feb-2025,2025-02-27,,,2243.15,2243.20,2170.75,2186.25,2186.25,400,1763.0357,295200,16200,06-JAN-2025
OPTSTK,NESTLEIND,30-Jan-2025,2025-01-30,2400.00,CE,4.95,5.20,1.80,2.15,2.15,1173,5636.5057,372600,8200,06-JAN-2025
OPTSTK,NESTLEIND,30-Jan-2025,2025-01-30,2500.00,CE,1.60,1.60,1.15,1.20,1.20,261,1305.6976,50000,13000,06-JAN-2025
OPTSTK,NESTLEIND,27-Feb-2025,2025-02-27,2140.00,PE,0.00,0.00,0.00,61.90,32.80,0,0.00,0,0,06-JAN-2025
OPTSTK,NESTLEIND,30-Jan-2025,2025-01-30,2460.00,PE,0.00,0.00,0.00,216.20,264.40,0,0.00,0,0,06-JAN-2025
OPTSTK,NESTLEIND,27-Feb-2025,2025-02-27,2140.00,CE,0.00,0.00,0.00,98.60,98.25,0,0.00,0,0,06-JAN-2025
OPTSTK,NESTLEIND,27-Feb-2025,2025-02-27,2400.00,CE,0.00,0.00,0.00,7.25,8.80,0,0.00,200,0,06-JAN-2025
OPTSTK,NESTLEIND,30-Jan-2025,2025-01-30,2400.00,PE,0.00,0.00,0.00,168.25,205.60,0,0.00,36000,0,06-JAN-2025
OPTSTK,NESTLEIND,27-Feb-2025,2025-02-27,2060.00,CE,0.00,0.00,0.00,148.65,157.40,0,0.00,0,0,06-JAN-2025
OPTSTK,NESTLEIND,27-Feb-2025,2025-02-27,2480.00,CE,8.05,8.05,8.05,8.05,3.15,1,4.9761,200,200,06-JAN-2025
OPTSTK,NESTLEIND,30-Jan-2025,2025-01-30,1840.00,CE,0.00,0.00,0.00,458.25,353.15,0,0.00,0,0,06-JAN-2025
OPTSTK,NESTLEIND,27-Feb-2025,2025-02-27,2420.00,PE,0.00,0.00,0.00,253.15,218.70,0,0.00,0,0,06-JAN-2025
OPTSTK,NESTLEIND,27-Feb-2025,2025-02-27,2520.00,CE,0.00,0.00,0.00,27.35,1.75,0,0.00,0,0,06-JAN-2025
OPTSTK,NESTLEIND,27-Feb-2025,2025-02-27,2360.00,PE,0.00,0.00,0.00,148.85,166.40,0,0.00,0,0,06-JAN-2025
OPTSTK,NESTLEIND,30-Jan-2025,2025-01-30,1880.00,PE,0.00,0.00,0.00,3.60,0.05,0,0.00,0,0,06-JAN-2025
OPTSTK,NESTLEIND,27-Feb-2025,2025-02-27,1880.00,PE,0.00,0.00,0.00,4.40,0.55,0,0.00,0,0,06-JAN-2025
OPTSTK,AARTIIND,27-Feb-2025,2025-02-27,440.00,PE,35.30,35.55,35.30,35.55,42.60,13,61.819,24000,13000,06-JAN-2025
OPTSTK,AARTIIND,27-Feb-2025,2025-02-27,440.00,CE,0.00,0.00,0.00,49.00,10.65,0,0.00,0,0,06-JAN-2025
FUTSTK,AARTIIND,27-Feb-2025,2025-02-27,,,423.30,423.30,405.30,407.10,407.10,263,1083.2545,1413000,116000,06-JAN-2025
OPTSTK,AARTIIND,30-Jan-2025,2025-01-30,520.00,PE,115.30,115.30,115.30,115.30,113.90,1,6.353,21000,0,06-JAN-2025
OPTSTK,AARTIIND,27-Feb-2025,2025-02-27,360.00,CE,0.00,0.00,0.00,102.00,52.60,0,0.00,0,0,06-JAN-2025
OPTSTK,AARTIIND,30-Jan-2025,2025-01-30,360.00,PE,0.50,1.65,0.50,1.55,1.55,394,1422.632,489000,14000,06-JAN-2025
OPTSTK,AARTIIND,27-Mar-2025,2025-03-27,480.00,PE,0.00,0.00,0.00,74.90,76.40,0,0.00,0,0,06-JAN-2025
OPTSTK,AARTIIND,27-Mar-2025,2025-03-27,380.00,CE,0.00,0.00,0.00,58.55,43.95,0,0.00,0,0,06-JAN-2025
OPTSTK,AARTIIND,27-Feb-2025,2025-02-27,380.00,CE,0.00,0.00,0.00,86.55,38.05,0,0.00,0,0,06-JAN-2025
OPTSTK,AARTIIND,27-Feb-2025,2025-02-27,465.00,CE,0.00,0.00,0.00,14.30,5.50,0,0.00,0,0,06-JAN-2025
OPTSTK,AARTIIND,30-Jan-2025,2025-01-30,465.00,CE,0.00,0.00,0.00,7.25,1.35,0,0.00,0,0,06-JAN-2025
OPTSTK,AARTIIND,27-Feb-2025,2025-02-27,390.00,PE,0.00,0.00,0.00,17.50,14.20,0,0.00,0,0,06-JAN-2025
OPTSTK,AARTIIND,27-Mar-2025,2025-03-27,390.00,CE,0.00,0.00,0.00,52.50,37.95,0,0.00,0,0,06-JAN-2025
OPTSTK,AARTIIND,27-Mar-2025,2025-03-27,390.00,PE,0.00,0.00,0.00,22.20,18.35,0,0.00,0,0,06-JAN-2025
OPTSTK,AARTIIND,30-Jan-2025,2025-01-30,390.00,PE,4.05,7.70,2.95,6.95,6.95,1288,5108.6395,320000,160000,06-JAN-2025
OPTSTK,AARTIIND,30-Jan-2025,2025-01-30,385.00,PE,2.45,6.10,2.25,5.60,5.60,108,420.8805,59000,13000,06-JAN-2025
OPTSTK,AARTIIND,27-Feb-2025,2025-02-27,385.00,CE,0.00,0.00,0.00,48.75,34.80,0,0.00,0,0,06-JAN-2025
OPTSTK,AARTIIND,27-Feb-2025,2025-02-27,470.00,CE,0.00,0.00,0.00,13.15,4.80,0,0.00,0,0,06-JAN-2025
OPTSTK,AARTIIND,27-Feb-2025,2025-02-27,465.00,PE,0.00,0.00,0.00,60.25,62.20,0,0.00,0,0,06-JAN-2025
OPTSTK,AARTIIND,30-Jan-2025,2025-01-30,340.00,CE,0.00,0.00,0.00,82.45,65.75,0,0.00,1000,0,06-JAN-2025
OPTSTK,AARTIIND,30-Jan-2025,2025-01-30,430.00,CE,8.40,8.70,3.95,4.45,4.45,1062,4624.1815,710000,-14000,06-JAN-2025
OPTSTK,TATASTEEL,27-Mar-2025,2025-03-27,120.00,CE,0.00,0.00,0.00,24.25,15.80,0,0.00,0,0,06-JAN-2025
OPTSTK,TATASTEEL,30-Jan-2025,2025-01-30,120.00,CE,14.55,14.55,13.25,13.35,13.35,51,375.43275,187000,93500,06-JAN-2025
OPTSTK,BAJAJFINSV,30-Jan-2025,2025-01-30,1460.00,CE,0.00,0.00,0.00,157.20,231.40,0,0.00,0,0,06-JAN-2025
OPTSTK,BAJAJFINSV,27-Mar-2025,2025-03-27,1840.00,PE,0.00,0.00,0.00,265.30,160.25,0,0.00,0,0,06-JAN-2025
OPTSTK,BAJAJFINSV,27-Feb-2025,2025-02-27,1840.00,PE,0.00,0.00,0.00,253.50,155.75,0,0.00,0,0,06-JAN-2025
OPTSTK,BAJAJFINSV,30-Jan-2025,2025-01-30,1440.00,PE,1.15,1.45,1.15,1.35,0.15,26,187.37075,80500,1000,06-JAN-2025
OPTSTK,BAJAJFINSV,30-Jan-2025,2025-01-30,1700.00,CE,60.00,61.80,32.05,35.70,35.70,4810,41974.6612,1826500,-34500,06-JAN-2025
OPTSTK,BAJAJFINSV,27-Feb-2025,2025-02-27,1700.00,CE,75.50,82.80,59.25,64.00,62.80,27,238.74625,36000,-4000,06-JAN-2025
OPTSTK,BAJAJFINSV,27-Feb-2025,2025-02-27,1720.00,PE,67.00,70.00,67.00,70.00,72.65,3,26.835,1000,500,06-JAN-2025
OPTSTK,TATASTEEL,30-Jan-2025,2025-01-30,137.00,PE,2.85,7.00,2.85,6.45,6.45,1371,10720.2782,1848000,22000,06-JAN-2025
OPTSTK,TATASTEEL,30-Jan-2025,2025-01-30,115.00,CE,0.00,0.00,0.00,36.25,17.80,0,0.00,0,0,06-JAN-2025
OPTSTK,TATASTEEL,27-Mar-2025,2025-03-27,116.00,CE,0.00,0.00,0.00,27.60,19.05,0,0.00,0,0,06-JAN-2025
OPTSTK,TATASTEEL,27-Mar-2025,2025-03-27,116.00,PE,0.00,0.00,0.00,1.15,1.10,0,0.00,0,0,06-JAN-2025
OPTSTK,TATASTEEL,27-Feb-2025,2025-02-27,116.00,PE,0.00,0.00,0.00,0.60,0.60,0,0.00,0,0,06-JAN-2025
OPTSTK,TATASTEEL,30-Jan-2025,2025-01-30,116.00,CE,0.00,0.00,0.00,23.85,16.80,0,0.00,5500,0,06-JAN-2025
OPTSTK,TATASTEEL,30-Jan-2025,2025-01-30,111.00,CE,0.00,0.00,0.00,30.20,21.70,0,0.00,0,0,06-JAN-2025
OPTSTK,BAJAJFINSV,27-Feb-2025,2025-02-27,1880.00,PE,0.00,0.00,0.00,287.50,189.15,0,0.00,0,0,06-JAN-2025
OPTSTK,BAJAJFINSV,30-Jan-2025,2025-01-30,1640.00,PE,12.05,21.20,8.95,18.60,18.60,1853,15345.7802,390000,-36500,06-JAN-2025
OPTSTK,BAJAJFINSV,27-Feb-2025,2025-02-27,1640.00,CE,0.00,0.00,0.00,109.45,96.05,0,0.00,1000,0,06-JAN-2025
OPTSTK,TATASTEEL,27-Mar-2025,2025-03-27,130.00,PE,0.00,0.00,0.00,4.05,5.00,0,0.00,0,0,06-JAN-2025
OPTSTK,BAJAJFINSV,27-Feb-2025,2025-02-27,1560.00,CE,0.00,0.00,0.00,111.90,153.70,0,0.00,0,0,06-JAN-2025
OPTSTK,BAJAJFINSV,27-Mar-2025,2025-03-27,1560.00,PE,0.00,0.00,0.00,73.35,22.40,0,0.00,0,0,06-JAN-2025
OPTSTK,TATASTEEL,27-Mar-2025,2025-03-27,132.00,PE,0.00,0.00,0.00,4.70,5.90,0,0.00,0,0,06-JAN-2025
OPTSTK,BAJAJFINSV,27-Feb-2025,2025-02-27,1560.00,PE,0.00,0.00,0.00,68.70,14.20,0,0.00,0,0,06-JAN-2025
OPTSTK,TATASTEEL,30-Jan-2025,2025-01-30,113.00,CE,0.00,0.00,0.00,28.25,19.75,0,0.00,0,0,06-JAN-2025
OPTSTK,BAJAJFINSV,27-Feb-2025,2025-02-27,1580.00,PE,0.00,0.00,0.00,21.80,18.30,0,0.00,0,0,06-JAN-2025
OPTSTK,TATASTEEL,27-Feb-2025,2025-02-27,139.00,CE,0.00,0.00,0.00,9.45,3.45,0,0.00,0,0,06-JAN-2025
OPTSTK,BAJAJFINSV,30-Jan-2025,2025-01-30,1560.00,PE,4.05,6.65,3.10,5.75,5.75,1123,8788.2055,287000,-21000,06-JAN-2025
OPTSTK,BAJAJFINSV,27-Mar-2025,2025-03-27,1560.00,CE,0.00,0.00,0.00,100.85,169.95,0,0.00,0,0,06-JAN-2025
OPTSTK,TATASTEEL,27-Mar-2025,2025-03-27,150.00,CE,0.00,0.00,0.00,6.60,2.05,0,0.00,0,0,06-JAN-2025
OPTSTK,TATASTEEL,27-Feb-2025,2025-02-27,150.00,CE,2.20,2.20,1.25,1.30,1.30,271,2258.26425,1364000,110000,06-JAN-2025
OPTSTK,MANAPPURAM,30-Jan-2025,2025-01-30,170.00,CE,0.00,0.00,0.00,22.55,13.45,0,0.00,588000,0,06-JAN-2025
OPTSTK,MANAPPURAM,27-Mar-2025,2025-03-27,170.00,PE,0.00,0.00,0.00,10.00,8.25,0,0.00,0,0,06-JAN-2025
OPTSTK,MANAPPURAM,27-Feb-2025,2025-02-27,205.00,PE,0.00,0.00,0.00,48.40,27.30,0,0.00,0,0,06-JAN-2025
OPTSTK,MANAPPURAM,30-Jan-2025,2025-01-30,205.00,CE,2.00,2.00,1.20,1.20,1.20,11,68.2035,549000,-33000,06-JAN-2025
OPTSTK,MANAPPURAM,27-Feb-2025,2025-02-27,205.00,CE,0.00,0.00,0.00,3.80,3.55,0,0.00,0,0,06-JAN-2025
OPTSTK,MANAPPURAM,27-Mar-2025,2025-03-27,205.00,PE,0.00,0.00,0.00,28.70,28.70,0,0.00,0,0,06-JAN-2025
OPTSTK,MANAPPURAM,30-Jan-2025,2025-01-30,170.00,PE,1.25,2.00,1.10,1.10,3.40,10,51.4455,996000,-30000,06-JAN-2025
OPTSTK,MANAPPURAM,30-Jan-2025,2025-01-30,190.00,PE,6.90,11.65,6.90,11.20,11.20,60,358.182,2172000,-180000,06-JAN-2025
OPTSTK,MANAPPURAM,27-Feb-2025,2025-02-27,190.00,CE,0.00,0.00,0.00,11.65,7.50,0,0.00,21000,0,06-JAN-2025
OPTSTK,MANAPPURAM,27-Feb-2025,2025-02-27,197.50,CE,0.00,0.00,0.00,10.80,5.25,0,0.00,0,0,06-JAN-2025
FUTSTK,MANAPPURAM,27-Feb-2025,2025-02-27,,,187.34,188.10,180.00,181.03,181.03,50,274.5267,5319000,-150000,06-JAN-2025
OPTSTK,MANAPPURAM,27-Feb-2025,2025-02-27,210.00,CE,0.00,0.00,0.00,3.20,2.75,0,0.00,0,0,06-JAN-2025
OPTSTK,MANAPPURAM,27-Feb-2025,2025-02-27,210.00,PE,0.00,0.00,0.00,52.70,31.40,0,0.00,0,0,06-JAN-2025
OPTSTK,MANAPPURAM,30-Jan-2025,2025-01-30,210.00,CE,1.30,1.30,0.55,0.70,0.70,35,221.496,1296000,-105000,06-JAN-2025
OPTSTK,MANAPPURAM,30-Jan-2025,2025-01-30,197.50,CE,1.75,1.75,1.55,1.70,1.70,3,17.9265,204000,-9000,06-JAN-2025
FUTSTK,MANAPPURAM,27-Mar-2025,2025-03-27,,,0.00,0.00,0.00,188.21,181.97,0,0.00,120000,0,06-JAN-2025
OPTSTK,MANAPPURAM,30-Jan-2025,2025-01-30,212.50,PE,0.00,0.00,0.00,20.60,32.80,0,0.00,9000,0,06-JAN-2025
OPTSTK,MANAPPURAM,30-Jan-2025,2025-01-30,172.50,CE,0.00,0.00,0.00,21.20,11.80,0,0.00,33000,0,06-JAN-2025
OPTSTK,MANAPPURAM,27-Mar-2025,2025-03-27,180.00,CE,0.00,0.00,0.00,21.85,14.70,0,0.00,0,0,06-JAN-2025
OPTSTK,MANAPPURAM,30-Jan-2025,2025-01-30,180.00,PE,2.30,3.35,1.00,2.50,2.50,27,147.7695,2619000,-81000,06-JAN-2025
OPTSTK,MANAPPURAM,27-Feb-2025,2025-02-27,220.00,PE,0.00,0.00,0.00,61.55,40.15,0,0.00,0,0,06-JAN-2025
OPTSTK,MANAPPURAM,27-Mar-2025,2025-03-27,220.00,CE,0.00,0.00,0.00,7.80,3.25,0,0.00,0,0,06-JAN-2025
OPTSTK,MANAPPURAM,27-Mar-2025,2025-03-27,220.00,PE,0.00,0.00,0.00,39.50,40.75,0,0.00,0,0,06-JAN-2025
OPTSTK,MANAPPURAM,27-Mar-2025,2025-03-27,175.00,PE,0.00,0.00,0.00,12.05,10.35,0,0.00,0,0,06-JAN-2025
OPTSTK,MANAPPURAM,30-Jan-2025,2025-01-30,140.00,PE,0.00,0.00,0.00,0.20,0.05,0,0.00,6000,0,06-JAN-2025
OPTSTK,MANAPPURAM,30-Jan-2025,2025-01-30,190.00,CE,5.00,5.00,1.85,2.30,2.30,68,393.969,2586000,-204000,06-JAN-2025
OPTSTK,MANAPPURAM,27-Mar-2025,2025-03-27,190.00,PE,0.00,0.00,0.00,19.45,18.40,0,0.00,0,0,06-JAN-2025
OPTSTK,MANAPPURAM,27-Mar-2025,2025-03-27,195.00,CE,0.00,0.00,0.00,15.15,8.75,0,0.00,0,0,06-JAN-2025
OPTSTK,MANAPPURAM,30-Jan-2025,2025-01-30,155.00,CE,28.00,28.00,28.00,28.00,25.60,1,5.49,3000,-3000,06-JAN-2025
OPTSTK,MANAPPURAM,27-Mar-2025,2025-03-27,170.00,CE,0.00,0.00,0.00,27.35,20.05,0,0.00,0,0,06-JAN-2025
OPTSTK,MANAPPURAM,27-Mar-2025,2025-03-27,160.00,PE,0.00,0.00,0.00,6.60,4.90,0,0.00,0,0,06-JAN-2025
OPTSTK,ACC,27-Feb-2025,2025-02-27,2140.00,PE,0.00,0.00,0.00,144.65,179.15,0,0.00,0,0,06-JAN-2025
OPTSTK,ACC,27-Feb-2025,2025-02-27,2280.00,CE,0.00,0.00,0.00,145.70,17.35,0,0.00,0,0,06-JAN-2025
OPTSTK,ACC,27-Feb-2025,2025-02-27,2280.00,PE,0.00,0.00,0.00,196.05,291.45,0,0.00,0,0,06-JAN-2025
OPTSTK,ACC,27-Mar-2025,2025-03-27,2200.00,PE,0.00,0.00,0.00,198.60,234.55,0,0.00,0,0,06-JAN-2025
OPTSTK,ADANIPORTS,27-Feb-2025,2025-02-27,1440.00,PE,0.00,0.00,0.00,291.00,273.00,0,0.00,0,0,06-JAN-2025
OPTSTK,ACC,27-Feb-2025,2025-02-27,2100.00,CE,61.55,61.55,47.00,47.00,55.45,6,38.7747,2100,1200,06-JAN-2025
OPTSTK,ACC,27-Mar-2025,2025-03-27,2400.00,PE,0.00,0.00,0.00,334.90,398.60,0,0.00,0,0,06-JAN-2025
OPTSTK,ACC,27-Mar-2025,2025-03-27,2240.00,CE,0.00,0.00,0.00,111.35,41.90,0,0.00,0,0,06-JAN-2025
OPTSTK,ACC,27-Feb-2025,2025-02-27,1960.00,PE,54.00,54.00,54.00,54.00,72.70,1,6.042,300,300,06-JAN-2025
OPTSTK,ACC,27-Feb-2025,2025-02-27,2300.00,PE,0.00,0.00,0.00,247.30,308.95,0,0.00,0,0,06-JAN-2025
OPTSTK,ADANIPORTS,30-Jan-2025,2025-01-30,1420.00,CE,2.00,2.20,1.50,2.00,2.00,55,312.8104,65600,5200,06-JAN-2025
OPTSTK,ACC,27-Mar-2025,2025-03-27,1960.00,CE,0.00,0.00,0.00,246.10,142.85,0,0.00,0,0,06-JAN-2025
OPTSTK,ACC,27-Mar-2025,2025-03-27,1960.00,PE,0.00,0.00,0.00,83.05,89.95,0,0.00,0,0,06-JAN-2025
OPTSTK,ADANIPORTS,27-Feb-2025,2025-02-27,1140.00,CE,0.00,0.00,0.00,169.55,91.20,0,0.00,0,0,06-JAN-2025
OPTSTK,ACC,30-Jan-2025,2025-01-30,1760.00,PE,3.95,7.25,3.35,6.25,6.25,273,1445.6811,30000,12900,06-JAN-2025
OPTSTK,ADANIPORTS,30-Jan-2025,2025-01-30,1600.00,CE,0.75,0.90,0.65,0.85,0.85,80,512.267,268000,4800,06-JAN-2025
OPTSTK,ACC,30-Jan-2025,2025-01-30,1920.00,PE,16.80,33.95,16.80,31.10,31.10,715,4176.0663,54000,12300,06-JAN-2025
OPTSTK,ACC,30-Jan-2025,2025-01-30,2120.00,PE,111.10,137.95,103.70,137.95,147.35,26,174.8247,57900,-600,06-JAN-2025
OPTSTK,ACC,27-Feb-2025,2025-02-27,1720.00,CE,0.00,0.00,0.00,514.85,290.70,0,0.00,0,0,06-JAN-2025
OPTSTK,ACC,30-Jan-2025,2025-01-30,1720.00,CE,0.00,0.00,0.00,638.25,273.65,0,0.00,0,0,06-JAN-2025
OPTSTK,ACC,27-Feb-2025,2025-02-27,2040.00,PE,81.50,81.50,81.50,81.50,113.75,1,6.3645,300,300,06-JAN-2025
OPTSTK,ACC,30-Jan-2025,2025-01-30,2040.00,CE,64.35,64.35,36.65,40.60,40.60,582,3649.61955,46200,23100,06-JAN-2025
OPTSTK,ACC,30-Jan-2025,2025-01-30,2140.00,PE,121.90,122.45,121.90,122.45,163.45,3,20.3604,5100,-300,06-JAN-2025
OPTSTK,ACC,27-Feb-2025,2025-02-27,2120.00,PE,0.00,0.00,0.00,95.15,164.90,0,0.00,300,0,06-JAN-2025
OPTSTK,ACC,30-Jan-2025,2025-01-30,2300.00,CE,4.55,4.85,2.95,3.10,3.10,651,4499.0787,164700,-12900,06-JAN-2025
OPTSTK,ACC,27-Feb-2025,2025-02-27,2100.00,PE,125.00,125.00,125.00,125.00,151.25,3,20.025,900,300,06-JAN-2025
OPTSTK,ACC,30-Jan-2025,2025-01-30,2100.00,CE,45.15,45.15,20.50,22.75,22.75,1649,10526.3554,305700,32100,06-JAN-2025
OPTSTK,ACC,27-Feb-2025,2025-02-27,1940.00,PE,0.00,0.00,0.00,57.60,64.10,0,0.00,0,0,06-JAN-2025
OPTSTK,ACC,27-Feb-2025,2025-02-27,1940.00,CE,0.00,0.00,0.00,229.55,126.80,0,0.00,0,0,06-JAN-2025
OPTSTK,ACC,27-Feb-2025,2025-02-27,1720.00,PE,0.00,0.00,0.00,15.30,10.10,0,0.00,0,0,06-JAN-2025
OPTSTK,ACC,30-Jan-2025,2025-01-30,2120.00,CE,34.75,34.75,16.85,18.75,18.75,558,3588.8292,56400,5700,06-JAN-2025
OPTSTK,ACC,27-Mar-2025,2025-03-27,2120.00,CE,0.00,0.00,0.00,159.75,73.95,0,0.00,0,0,06-JAN-2025
OPTSTK,ASIANPAINT,30-Jan-2025,2025-01-30,1920.00,CE,0.00,0.00,0.00,1050.20,355.70,0,0.00,0,0,06-JAN-2025
OPTSTK,ASIANPAINT,27-Mar-2025,2025-03-27,1840.00,CE,0.00,0.00,0.00,459.75,455.10,0,0.00,0,0,06-JAN-2025
OPTSTK,ASIANPAINT,27-Feb-2025,2025-02-27,2600.00,PE,0.00,0.00,0.00,183.45,312.85,0,0.00,0,0,06-JAN-2025
OPTSTK,ASIANPAINT,27-Feb-2025,2025-02-27,2600.00,CE,16.85,16.85,10.20,10.60,10.60,96,501.4772,46600,10000,06-JAN-2025
OPTSTK,ASIANPAINT,30-Jan-2025,2025-01-30,2600.00,CE,3.30,3.45,1.75,2.00,2.00,1804,9389.2377,541800,-18600,06-JAN-2025
OPTSTK,ASIANPAINT,27-Mar-2025,2025-03-27,2080.00,CE,0.00,0.00,0.00,253.00,235.60,0,0.00,0,0,06-JAN-2025
OPTSTK,ASIANPAINT,27-Feb-2025,2025-02-27,2400.00,PE,117.00,150.10,117.00,145.20,142.45,26,131.7051,6200,3400,06-JAN-2025
OPTSTK,ASIANPAINT,27-Feb-2025,2025-02-27,2160.00,CE,0.00,0.00,0.00,356.35,152.65,0,0.00,0,0,06-JAN-2025
OPTSTK,ASIANPAINT,27-Feb-2025,2025-02-27,2060.00,PE,0.00,0.00,0.00,19.05,7.90,0,0.00,0,0,06-JAN-2025
OPTSTK,ASIANPAINT,30-Jan-2025,2025-01-30,2160.00,PE,9.00,22.45,8.20,20.10,20.10,957,4165.9853,93000,27200,06-JAN-2025
OPTSTK,ASIANPAINT,27-Feb-2025,2025-02-27,2160.00,PE,18.90,33.55,16.20,31.20,24.80,31,135.5624,8600,3400,06-JAN-2025
OPTSTK,ASIANPAINT,27-Feb-2025,2025-02-27,2440.00,CE,0.00,0.00,0.00,159.80,23.30,0,0.00,0,0,06-JAN-2025
OPTSTK,ASIANPAINT,27-Mar-2025,2025-03-27,2440.00,PE,0.00,0.00,0.00,197.20,177.65,0,0.00,0,0,06-JAN-2025
OPTSTK,ASIANPAINT,27-Feb-2025,2025-02-27,2360.00,PE,98.25,122.00,98.25,122.00,114.75,2,9.8805,0,0,06-JAN-2025
FUTSTK,ASIANPAINT,30-Jan-2025,2025-01-30,,,2334.50,2345.95,2260.60,2272.85,2272.85,10104,46311.5969,13306000,231600,06-JAN-2025
OPTSTK,ASIANPAINT,30-Jan-2025,2025-01-30,2400.00,CE,32.55,32.55,14.70,16.55,16.55,4682,22657.7757,734000,26800,06-JAN-2025
OPTSTK,ASIANPAINT,27-Feb-2025,2025-02-27,2500.00,PE,0.00,0.00,0.00,235.45,222.40,0,0.00,0,0,06-JAN-2025
OPTSTK,ASIANPAINT,27-Mar-2025,2025-03-27,2640.00,PE,0.00,0.00,0.00,352.75,343.70,0,0.00,0,0,06-JAN-2025
OPTSTK,ASIANPAINT,27-Feb-2025,2025-02-27,2640.00,CE,11.50,11.50,11.50,11.50,3.10,1,5.303,1000,0,06-JAN-2025
OPTSTK,ASIANPAINT,27-Mar-2025,2025-03-27,2600.00,PE,0.00,0.00,0.00,319.05,307.80,0,0.00,0,0,06-JAN-2025
OPTSTK,ASIANPAINT,30-Jan-2025,2025-01-30,2080.00,PE,3.20,9.00,3.00,8.60,8.60,373,1556.1246,115000,200,06-JAN-2025
OPTSTK,ASIANPAINT,27-Feb-2025,2025-02-27,2080.00,PE,0.00,0.00,0.00,10.35,10.20,0,0.00,0,0,06-JAN-2025
OPTSTK,ASIANPAINT,27-Feb-2025,2025-02-27,2460.00,CE,0.00,0.00,0.00,44.15,19.55,0,0.00,200,0,06-JAN-2025
OPTSTK,ASIANPAINT,27-Mar-2025,2025-03-27,2200.00,PE,0.00,0.00,0.00,68.90,47.85,0,0.00,0,0,06-JAN-2025
OPTSTK,ASIANPAINT,30-Jan-2025,2025-01-30,2920.00,PE,0.00,0.00,0.00,625.15,639.90,0,0.00,3200,0,06-JAN-2025
OPTSTK,ASIANPAINT,30-Jan-2025,2025-01-30,2920.00,CE,0.75,0.75,0.75,0.75,0.05,2,11.683,15200,0,06-JAN-2025
OPTSTK,ASIANPAINT,30-Jan-2025,2025-01-30,3000.00,PE,701.85,702.00,701.85,702.00,719.55,3,22.2114,49200,-600,06-JAN-2025
OPTSTK,ASIANPAINT,30-Jan-2025,2025-01-30,3000.00,CE,1.35,2.00,0.75,0.75,0.05,51,306.1429,124000,2200,06-JAN-2025
OPTSTK,ASIANPAINT,27-Mar-2025,2025-03-27,2640.00,CE,0.00,0.00,0.00,22.80,9.60,0,0.00,0,0,06-JAN-2025
OPTSTK,ASIANPAINT,27-Feb-2025,2025-02-27,2640.00,PE,0.00,0.00,0.00,209.40,350.70,0,0.00,0,0,06-JAN-2025
OPTSTK,ASIANPAINT,27-Feb-2025,2025-02-27,2580.00,CE,0.00,0.00,0.00,17.00,6.05,0,0.00,0,0,06-JAN-2025
OPTSTK,LTTS,27-Feb-2025,2025-02-27,4650.00,CE,0.00,0.00,0.00,296.50,284.55,0,0.00,0,0,06-JAN-2025
OPTSTK,LTTS,30-Jan-2025,2025-01-30,4650.00,CE,0.00,0.00,0.00,266.15,210.85,0,0.00,2300,0,06-JAN-2025
OPTSTK,LTTS,30-Jan-2025,2025-01-30,4650.00,PE,90.00,90.00,86.65,86.65,76.55,3,14.2142,4900,-100,06-JAN-2025
OPTSTK,LTTS,27-Feb-2025,2025-02-27,4650.00,PE,0.00,0.00,0.00,220.10,126.35,0,0.00,0,0,06-JAN-2025
OPTSTK,LTTS,30-Jan-2025,2025-01-30,5250.00,PE,0.00,0.00,0.00,259.75,479.00,0,0.00,0,0,06-JAN-2025
OPTSTK,LTTS,27-Feb-2025,2025-02-27,4950.00,PE,0.00,0.00,0.00,389.00,278.55,0,0.00,0,0,06-JAN-2025
OPTSTK,LTTS,30-Jan-2025,2025-01-30,4950.00,CE,105.00,105.00,90.00,100.00,70.50,3,15.145,3600,0,06-JAN-2025
OPTSTK,LTTS,27-Feb-2025,2025-02-27,4950.00,CE,0.00,0.00,0.00,169.10,139.65,0,0.00,0,0,06-JAN-2025
OPTSTK,LTTS,30-Jan-2025,2025-01-30,5100.00,CE,60.25,69.50,46.00,51.80,51.80,139,717.06015,31300,800,06-JAN-2025
OPTSTK,LTTS,27-Feb-2025,2025-02-27,5100.00,CE,0.00,0.00,0.00,478.20,92.15,0,0.00,0,0,06-JAN-2025
OPTSTK,LTTS,30-Jan-2025,2025-01-30,5100.00,PE,0.00,0.00,0.00,286.10,348.95,0,0.00,4400,0,06-JAN-2025
OPTSTK,LTTS,27-Mar-2025,2025-03-27,4500.00,PE,0.00,0.00,0.00,193.90,108.30,0,0.00,0,0,06-JAN-2025
OPTSTK,LTTS,27-Feb-2025,2025-02-27,4500.00,PE,0.00,0.00,0.00,101.05,76.50,0,0.00,100,0,06-JAN-2025
OPTSTK,LTTS,30-Jan-2025,2025-01-30,4500.00,CE,340.05,340.05,335.00,335.00,318.80,10,48.3651,1700,-200,06-JAN-2025
OPTSTK,LTTS,27-Feb-2025,2025-02-27,4500.00,CE,0.00,0.00,0.00,895.40,383.25,0,0.00,0,0,06-JAN-2025
OPTSTK,LTTS,30-Jan-2025,2025-01-30,4900.00,PE,215.00,258.55,215.00,228.65,201.50,18,92.39995,9000,900,06-JAN-2025
OPTSTK,LTTS,27-Feb-2025,2025-02-27,4900.00,CE,0.00,0.00,0.00,600.50,158.95,0,0.00,0,0,06-JAN-2025
OPTSTK,LTTS,27-Feb-2025,2025-02-27,4900.00,PE,0.00,0.00,0.00,223.10,248.35,0,0.00,100,0,06-JAN-2025
OPTSTK,LTTS,30-Jan-2025,2025-01-30,4900.00,CE,118.85,136.95,95.00,107.60,107.60,428,2146.6331,25600,-4500,06-JAN-2025
OPTSTK,LTTS,27-Mar-2025,2025-03-27,4900.00,CE,0.00,0.00,0.00,248.90,217.15,0,0.00,0,0,06-JAN-2025
OPTSTK,LTTS,27-Feb-2025,2025-02-27,4000.00,PE,0.00,0.00,0.00,13.25,7.10,0,0.00,0,0,06-JAN-2025
OPTSTK,LTTS,30-Jan-2025,2025-01-30,4250.00,CE,0.00,0.00,0.00,1068.25,538.80,0,0.00,0,0,06-JAN-2025
OPTSTK,LTTS,30-Jan-2025,2025-01-30,4250.00,PE,0.00,0.00,0.00,17.25,6.30,0,0.00,1100,0,06-JAN-2025
OPTSTK,LTTS,27-Feb-2025,2025-02-27,4250.00,PE,0.00,0.00,0.00,78.50,27.15,0,0.00,0,0,06-JAN-2025
OPTSTK,LTTS,27-Feb-2025,2025-02-27,4300.00,CE,0.00,0.00,0.00,1063.85,539.00,0,0.00,0,0,06-JAN-2025
OPTSTK,LTTS,30-Jan-2025,2025-01-30,4300.00,PE,24.00,31.45,20.60,28.70,9.30,102,441.4035,24100,2900,06-JAN-2025
OPTSTK,LTTS,30-Jan-2025,2025-01-30,5150.00,PE,0.00,0.00,0.00,213.80,390.85,0,0.00,0,0,06-JAN-2025
OPTSTK,LTTS,30-Jan-2025,2025-01-30,4550.00,PE,60.60,75.00,60.55,73.25,46.45,19,87.76695,3100,-500,06-JAN-2025
OPTSTK,LTTS,30-Jan-2025,2025-01-30,5350.00,CE,0.00,0.00,0.00,25.20,8.90,0,0.00,5800,0,06-JAN-2025
OPTSTK,LTTS,27-Feb-2025,2025-02-27,5350.00,PE,0.00,0.00,0.00,685.45,577.35,0,0.00,0,0,06-JAN-2025
OPTSTK,COFORGE,30-Jan-2025,2025-01-30,7600.00,PE,0.00,0.00,0.00,7.30,0.35,0,0.00,1275,0,06-JAN-2025
OPTSTK,COFORGE,27-Mar-2025,2025-03-27,9400.00,CE,0.00,0.00,0.00,855.85,767.65,0,0.00,0,0,06-JAN-2025
OPTSTK,COFORGE,27-Feb-2025,2025-02-27,9400.00,CE,0.00,0.00,0.00,457.25,634.50,0,0.00,0,0,06-JAN-2025
OPTSTK,COFORGE,30-Jan-2025,2025-01-30,9400.00,PE,201.30,244.50,169.75,237.65,237.65,526,3789.86523,51450,-300,06-JAN-2025
OPTSTK,LICI,27-Mar-2025,2025-03-27,840.00,PE,0.00,0.00,0.00,38.75,31.25,0,0.00,0,0,06-JAN-2025
OPTSTK,COFORGE,27-Mar-2025,2025-03-27,10800.00,PE,0.00,0.00,0.00,1449.35,1238.60,0,0.00,0,0,06-JAN-2025
OPTSTK,COFORGE,27-Feb-2025,2025-02-27,10800.00,PE,0.00,0.00,0.00,2095.75,1194.95,0,0.00,0,0,06-JAN-2025
OPTSTK,COFORGE,30-Jan-2025,2025-01-30,10800.00,PE,0.00,0.00,0.00,3021.85,1155.10,0,0.00,0,0,06-JAN-2025
OPTSTK,COFORGE,27-Mar-2025,2025-03-27,10800.00,CE,0.00,0.00,0.00,337.65,228.95,0,0.00,0,0,06-JAN-2025
OPTSTK,COFORGE,30-Jan-2025,2025-01-30,10800.00,CE,46.20,55.00,41.25,42.40,42.40,653,5312.56106,37275,525,06-JAN-2025
OPTSTK,COFORGE,27-Feb-2025,2025-02-27,10800.00,CE,0.00,0.00,0.00,151.60,130.05,0,0.00,0,0,06-JAN-2025
OPTSTK,COFORGE,30-Jan-2025,2025-01-30,8400.00,PE,29.20,33.30,25.35,30.70,30.70,70,442.470412,17025,1050,06-JAN-2025
OPTSTK,COFORGE,30-Jan-2025,2025-01-30,8800.00,PE,55.05,78.00,48.90,77.35,77.35,400,2659.75616,27750,-2625,06-JAN-2025
OPTSTK,LICI,30-Jan-2025,2025-01-30,950.00,CE,9.05,9.05,3.70,4.05,4.05,1111,6101.78126,277150,-23000,06-JAN-2025
OPTSTK,COFORGE,30-Jan-2025,2025-01-30,7800.00,PE,7.20,12.00,7.20,10.65,10.65,31,181.553925,21075,375,06-JAN-2025
OPTSTK,COFORGE,27-Feb-2025,2025-02-27,11300.00,CE,0.00,0.00,0.00,134.45,64.10,0,0.00,0,0,06-JAN-2025
OPTSTK,COFORGE,27-Feb-2025,2025-02-27,9900.00,CE,0.00,0.00,0.00,482.95,385.95,0,0.00,0,0,06-JAN-2025
OPTSTK,COFORGE,27-Feb-2025,2025-02-27,9700.00,PE,0.00,0.00,0.00,651.20,450.65,0,0.00,0,0,06-JAN-2025
OPTSTK,COFORGE,27-Feb-2025,2025-02-27,11200.00,PE,0.00,0.00,0.00,2444.20,1535.35,0,0.00,0,0,06-JAN-2025
OPTSTK,COFORGE,30-Jan-2025,2025-01-30,11200.00,CE,0.00,0.00,0.00,24.95,12.55,0,0.00,150,0,06-JAN-2025
OPTSTK,COFORGE,30-Jan-2025,2025-01-30,11200.00,PE,0.00,0.00,0.00,3400.90,1531.20,0,0.00,0,0,06-JAN-2025
OPTSTK,COFORGE,27-Feb-2025,2025-02-27,11200.00,CE,0.00,0.00,0.00,107.25,74.25,0,0.00,0,0,06-JAN-2025
OPTSTK,COFORGE,27-Mar-2025,2025-03-27,11200.00,PE,0.00,0.00,0.00,1754.95,1556.00,0,0.00,0,0,06-JAN-2025
OPTSTK,COFORGE,27-Mar-2025,2025-03-27,11200.00,CE,0.00,0.00,0.00,250.50,152.20,0,0.00,0,0,06-JAN-2025
OPTSTK,LICI,30-Jan-2025,2025-01-30,740.00,PE,0.65,0.90,0.65,0.90,0.90,12,51.114625,6900,6900,06-JAN-2025
OPTSTK,LICI,27-Feb-2025,2025-02-27,740.00,PE,0.00,0.00,0.00,7.80,3.25,0,0.00,0,0,06-JAN-2025
OPTSTK,COFORGE,27-Mar-2025,2025-03-27,9600.00,PE,0.00,0.00,0.00,331.00,487.30,0,0.00,600,0,06-JAN-2025
OPTSTK,COFORGE,30-Jan-2025,2025-01-30,8400.00,CE,0.00,0.00,0.00,1077.85,1281.65,0,0.00,375,0,06-JAN-2025
OPTSTK,COFORGE,27-Mar-2025,2025-03-27,8400.00,PE,0.00,0.00,0.00,230.35,108.45,0,0.00,0,0,06-JAN-2025
OPTSTK,COFORGE,27-Feb-2025,2025-02-27,8400.00,PE,0.00,0.00,0.00,481.00,58.90,0,0.00,0,0,06-JAN-2025
OPTSTK,LICI,27-Feb-2025,2025-02-27,920.00,CE,0.00,0.00,0.00,92.10,28.45,0,0.00,0,0,06-JAN-2025
OPTSTK,LICI,30-Jan-2025,2025-01-30,1080.00,CE,0.00,0.00,0.00,0.80,0.20,0,0.00,3450,0,06-JAN-2025
OPTSTK,OIL,27-Feb-2025,2025-02-27,360.00,PE,0.00,0.00,0.00,5.05,2.85,0,0.00,0,0,06-JAN-2025
OPTSTK,OIL,30-Jan-2025,2025-01-30,490.00,PE,23.20,37.95,23.15,37.95,41.35,49,273.011837,89225,-21500,06-JAN-2025
OPTSTK,OIL,27-Feb-2025,2025-02-27,480.00,CE,0.00,0.00,0.00,28.70,25.70,0,0.00,1075,0,06-JAN-2025
OPTSTK,OIL,27-Mar-2025,2025-03-27,480.00,PE,0.00,0.00,0.00,72.75,49.80,0,0.00,0,0,06-JAN-2025
OPTSTK,NHPC,30-Jan-2025,2025-01-30,69.00,PE,0.00,0.00,0.00,1.20,0.25,0,0.00,0,0,06-JAN-2025
OPTSTK,NHPC,27-Mar-2025,2025-03-27,88.00,CE,0.00,0.00,0.00,5.80,3.00,0,0.00,0,0,06-JAN-2025
OPTSTK,NHPC,27-Feb-2025,2025-02-27,88.00,PE,0.00,0.00,0.00,9.60,9.75,0,0.00,0,0,06-JAN-2025
OPTSTK,NHPC,27-Feb-2025,2025-02-27,83.00,CE,0.00,0.00,0.00,6.35,3.35,0,0.00,0,0,06-JAN-2025
OPTSTK,NHPC,30-Jan-2025,2025-01-30,83.00,PE,3.00,5.60,3.00,5.60,5.60,37,206.4288,659200,-83200,06-JAN-2025
OPTSTK,NHPC,30-Jan-2025,2025-01-30,83.00,CE,2.75,2.85,1.35,1.40,1.40,361,1959.5328,1472000,377600,06-JAN-2025
OPTSTK,NHPC,27-Feb-2025,2025-02-27,83.00,PE,0.00,0.00,0.00,6.30,6.30,0,0.00,0,0,06-JAN-2025
OPTSTK,NHPC,30-Jan-2025,2025-01-30,73.00,PE,0.50,0.95,0.50,0.85,0.80,52,245.648,396800,-89600,06-JAN-2025
OPTSTK,NHPC,27-Feb-2025,2025-02-27,73.00,PE,0.00,0.00,0.00,2.25,1.75,0,0.00,0,0,06-JAN-2025
OPTSTK,NHPC,30-Jan-2025,2025-01-30,73.00,CE,0.00,0.00,0.00,13.50,7.40,0,0.00,0,0,06-JAN-2025
OPTSTK,OIL,30-Jan-2025,2025-01-30,480.00,CE,19.25,19.85,9.35,9.60,9.60,724,3836.30842,548250,74175,06-JAN-2025
OPTSTK,NHPC,30-Jan-2025,2025-01-30,77.00,PE,1.60,2.10,1.60,2.05,2.05,11,55.5552,358400,0,06-JAN-2025
OPTSTK,OIL,27-Feb-2025,2025-02-27,520.00,CE,0.00,0.00,0.00,51.85,13.70,0,0.00,0,0,06-JAN-2025
OPTSTK,OIL,30-Jan-2025,2025-01-30,400.00,CE,0.00,0.00,0.00,85.50,62.95,0,0.00,26875,0,06-JAN-2025
OPTSTK,NHPC,27-Feb-2025,2025-02-27,96.00,CE,0.00,0.00,0.00,4.15,0.65,0,0.00,0,0,06-JAN-2025
OPTSTK,NHPC,27-Feb-2025,2025-02-27,96.00,PE,0.00,0.00,0.00,14.90,16.45,0,0.00,0,0,06-JAN-2025
OPTSTK,NHPC,30-Jan-2025,2025-01-30,74.00,CE,0.00,0.00,0.00,12.75,6.60,0,0.00,0,0,06-JAN-2025
OPTSTK,NHPC,27-Feb-2025,2025-02-27,92.00,PE,0.00,0.00,0.00,12.15,12.95,0,0.00,0,0,06-JAN-2025
OPTSTK,NHPC,30-Jan-2025,2025-01-30,92.00,PE,0.00,0.00,0.00,11.20,12.60,0,0.00,0,0,06-JAN-2025
OPTSTK,NHPC,30-Jan-2025,2025-01-30,71.00,PE,0.30,0.60,0.30,0.55,0.45,45,205.792,473600,96000,06-JAN-2025
OPTSTK,NHPC,27-Mar-2025,2025-03-27,70.00,PE,0.00,0.00,0.00,2.25,1.70,0,0.00,0,0,06-JAN-2025
OPTSTK,NHPC,27-Feb-2025,2025-02-27,94.00,CE,0.00,0.00,0.00,4.70,0.85,0,0.00,0,0,06-JAN-2025
OPTSTK,NHPC,30-Jan-2025,2025-01-30,94.00,CE,0.25,0.25,0.15,0.25,0.25,8,48.2496,38400,19200,06-JAN-2025
OPTSTK,NHPC,30-Jan-2025,2025-01-30,94.00,PE,0.00,0.00,0.00,12.60,14.50,0,0.00,0,0,06-JAN-2025
OPTSTK,NHPC,27-Mar-2025,2025-03-27,96.00,CE,0.00,0.00,0.00,3.45,1.35,0,0.00,0,0,06-JAN-2025
OPTSTK,NHPC,30-Jan-2025,2025-01-30,90.00,CE,0.70,0.75,0.40,0.45,0.45,628,3637.2704,3078400,96000,06-JAN-2025
OPTSTK,NHPC,27-Mar-2025,2025-03-27,90.00,CE,0.00,0.00,0.00,5.10,2.45,0,0.00,0,0,06-JAN-2025
OPTSTK,OIL,30-Jan-2025,2025-01-30,370.00,PE,0.45,0.45,0.45,0.45,0.80,1,3.9823375,124700,0,06-JAN-2025
OPTSTK,OIL,27-Feb-2025,2025-02-27,370.00,PE,0.00,0.00,0.00,12.30,3.95,0,0.00,0,0,06-JAN-2025
OPTSTK,DALBHARAT,30-Jan-2025,2025-01-30,1600.00,CE,0.00,0.00,0.00,225.00,168.35,0,0.00,1375,0,06-JAN-2025
OPTSTK,DALBHARAT,27-Feb-2025,2025-02-27,1920.00,PE,0.00,0.00,0.00,161.95,172.55,0,0.00,0,0,06-JAN-2025
OPTSTK,DALBHARAT,27-Mar-2025,2025-03-27,1440.00,CE,0.00,0.00,0.00,339.80,342.15,0,0.00,0,0,06-JAN-2025
OPTSTK,DALBHARAT,30-Jan-2025,2025-01-30,1440.00,PE,1.75,1.75,1.75,1.75,0.10,1,3.9648125,3025,275,06-JAN-2025
OPTSTK,DALBHARAT,27-Feb-2025,2025-02-27,1700.00,CE,0.00,0.00,0.00,130.50,116.10,0,0.00,0,0,06-JAN-2025
OPTSTK,DALBHARAT,30-Jan-2025,2025-01-30,1700.00,PE,21.00,40.20,15.80,39.50,39.50,198,940.999125,99825,-8250,06-JAN-2025
OPTSTK,DALBHARAT,30-Jan-2025,2025-01-30,1700.00,CE,139.95,146.50,112.00,112.00,88.65,13,65.388675,6050,-275,06-JAN-2025
OPTSTK,DALBHARAT,30-Jan-2025,2025-01-30,1820.00,PE,49.30,77.35,49.30,77.35,85.30,28,144.653575,22550,1925,06-JAN-2025
FUTSTK,DALBHARAT,27-Feb-2025,2025-02-27,,,1833.30,1855.00,1760.90,1770.25,1770.25,96,475.976875,46475,3850,06-JAN-2025
OPTSTK,DALBHARAT,27-Feb-2025,2025-02-27,1600.00,PE,0.00,0.00,0.00,31.35,16.80,0,0.00,0,0,06-JAN-2025
OPTSTK,DALBHARAT,27-Mar-2025,2025-03-27,1800.00,CE,0.00,0.00,0.00,106.50,86.25,0,0.00,0,0,06-JAN-2025
OPTSTK,DALBHARAT,27-Feb-2025,2025-02-27,1740.00,CE,0.00,0.00,0.00,109.35,92.80,0,0.00,0,0,06-JAN-2025
OPTSTK,DALBHARAT,30-Jan-2025,2025-01-30,2000.00,PE,207.60,207.60,207.60,207.60,237.80,1,6.0709,6875,-275,06-JAN-2025
OPTSTK,DALBHARAT,30-Jan-2025,2025-01-30,1940.00,CE,17.55,25.90,10.05,11.25,11.25,86,462.581212,18425,2475,06-JAN-2025
OPTSTK,DALBHARAT,30-Jan-2025,2025-01-30,1720.00,CE,106.15,106.65,106.15,106.65,75.75,2,10.0452,14850,0,06-JAN-2025
OPTSTK,DALBHARAT,30-Jan-2025,2025-01-30,1900.00,CE,24.45,37.00,14.85,17.30,17.30,430,2277.05623,139700,4400,06-JAN-2025
OPTSTK,DALBHARAT,30-Jan-2025,2025-01-30,1860.00,CE,43.10,53.85,22.50,25.40,25.40,216,1127.56668,45925,8800,06-JAN-2025
OPTSTK,DALBHARAT,27-Feb-2025,2025-02-27,1960.00,PE,0.00,0.00,0.00,187.00,204.70,0,0.00,0,0,06-JAN-2025
OPTSTK,DALBHARAT,27-Feb-2025,2025-02-27,1580.00,CE,0.00,0.00,0.00,209.10,204.35,0,0.00,0,0,06-JAN-2025
OPTSTK,DALBHARAT,30-Jan-2025,2025-01-30,1580.00,PE,5.25,13.75,5.25,13.60,3.70,13,56.93765,4400,2750,06-JAN-2025
OPTSTK,DALBHARAT,27-Mar-2025,2025-03-27,1680.00,PE,0.00,0.00,0.00,77.25,50.05,0,0.00,0,0,06-JAN-2025
OPTSTK,DALBHARAT,27-Feb-2025,2025-02-27,1480.00,CE,0.00,0.00,0.00,378.30,293.50,0,0.00,0,0,06-JAN-2025
OPTSTK,DALBHARAT,27-Feb-2025,2025-02-27,1480.00,PE,0.00,0.00,0.00,12.30,3.50,0,0.00,0,0,06-JAN-2025
OPTSTK,DALBHARAT,30-Jan-2025,2025-01-30,1520.00,CE,0.00,0.00,0.00,356.85,243.55,0,0.00,0,0,06-JAN-2025
OPTSTK,DALBHARAT,27-Mar-2025,2025-03-27,1520.00,CE,0.00,0.00,0.00,274.65,270.95,0,0.00,0,0,06-JAN-2025
OPTSTK,DALBHARAT,27-Feb-2025,2025-02-27,1900.00,PE,0.00,0.00,0.00,186.35,157.30,0,0.00,0,0,06-JAN-2025
OPTSTK,DALBHARAT,27-Mar-2025,2025-03-27,2000.00,PE,0.00,0.00,0.00,270.35,242.05,0,0.00,0,0,06-JAN-2025
OPTSTK,DALBHARAT,30-Jan-2025,2025-01-30,1540.00,PE,3.20,9.55,3.20,9.50,9.50,25,106.379487,7700,3850,06-JAN-2025
OPTSTK,DALBHARAT,27-Feb-2025,2025-02-27,1560.00,PE,0.00,0.00,0.00,23.50,10.55,0,0.00,0,0,06-JAN-2025
OPTSTK,DALBHARAT,27-Feb-2025,2025-02-27,1820.00,CE,0.00,0.00,0.00,74.45,56.00,0,0.00,0,0,06-JAN-2025
OPTSTK,DALBHARAT,27-Feb-2025,2025-02-27,2020.00,CE,0.00,0.00,0.00,24.10,11.40,0,0.00,0,0,06-JAN-2025
OPTSTK,PFC,27-Mar-2025,2025-03-27,520.00,CE,0.00,0.00,0.00,32.60,16.25,0,0.00,0,0,06-JAN-2025
OPTSTK,PFC,30-Jan-2025,2025-01-30,530.00,CE,1.80,1.80,1.00,1.10,1.10,738,5096.77415,965900,-24700,06-JAN-2025
OPTSTK,PFC,27-Mar-2025,2025-03-27,380.00,PE,0.00,0.00,0.00,13.90,10.25,0,0.00,0,0,06-JAN-2025
OPTSTK,PFC,27-Mar-2025,2025-03-27,380.00,CE,0.00,0.00,0.00,104.00,82.30,0,0.00,0,0,06-JAN-2025
OPTSTK,PFC,30-Jan-2025,2025-01-30,530.00,PE,68.95,83.95,68.95,83.95,83.20,4,31.56725,124800,1300,06-JAN-2025
OPTSTK,PFC,30-Jan-2025,2025-01-30,430.00,CE,37.90,39.30,25.65,27.30,27.30,116,694.3352,188500,42900,06-JAN-2025
OPTSTK,HAL,30-Jan-2025,2025-01-30,3650.00,PE,0.00,0.00,0.00,36.75,17.25,0,0.00,0,0,06-JAN-2025
OPTSTK,HAL,27-Feb-2025,2025-02-27,4350.00,CE,144.45,144.45,118.25,118.25,144.15,4,26.89455,450,450,06-JAN-2025
OPTSTK,HAL,30-Jan-2025,2025-01-30,3800.00,CE,362.20,382.65,343.10,352.50,352.50,12,74.955,7050,300,06-JAN-2025
OPTSTK,INDIANB,27-Mar-2025,2025-03-27,500.00,CE,0.00,0.00,0.00,78.10,44.80,0,0.00,0,0,06-JAN-2025
OPTSTK,INDIANB,30-Jan-2025,2025-01-30,500.00,PE,9.00,17.30,9.00,15.45,15.45,332,1625.38017,344850,28500,06-JAN-2025
OPTSTK,INDIANB,30-Jan-2025,2025-01-30,590.00,CE,2.65,2.65,1.60,2.00,2.00,57,320.58035,77900,-17100,06-JAN-2025
OPTSTK,HAL,27-Feb-2025,2025-02-27,3800.00,PE,58.00,86.95,58.00,81.15,81.15,62,360.357525,21600,1950,06-JAN-2025
OPTSTK,HAL,27-Feb-2025,2025-02-27,3800.00,CE,0.00,0.00,0.00,851.95,427.40,0,0.00,0,0,06-JAN-2025
OPTSTK,INDIANB,30-Jan-2025,2025-01-30,500.00,CE,22.75,27.70,22.75,26.00,26.20,54,269.710225,18050,3800,06-JAN-2025
OPTSTK,INDIANB,30-Jan-2025,2025-01-30,540.00,PE,36.75,41.10,36.75,41.10,37.25,3,16.4787,147250,950,06-JAN-2025
OPTSTK,HAL,30-Jan-2025,2025-01-30,4150.00,CE,155.15,158.95,101.50,110.50,110.50,2111,13525.6422,80400,36450,06-JAN-2025
OPTSTK,HAL,30-Jan-2025,2025-01-30,4150.00,PE,86.25,165.40,85.00,146.35,146.35,4574,29294.0966,132600,2100,06-JAN-2025
OPTSTK,INDIANB,30-Jan-2025,2025-01-30,680.00,CE,0.00,0.00,0.00,0.55,0.05,0,0.00,950,0,06-JAN-2025
OPTSTK,HAL,27-Feb-2025,2025-02-27,5000.00,CE,33.00,33.00,22.00,23.30,23.30,79,595.5192,30150,-1050,06-JAN-2025
OPTSTK,HAL,30-Jan-2025,2025-01-30,4350.00,PE,206.00,304.05,206.00,284.90,284.90,27,187.4955,23550,-1200,06-JAN-2025
OPTSTK,HAL,27-Feb-2025,2025-02-27,4350.00,PE,0.00,0.00,0.00,351.05,350.80,0,0.00,0,0,06-JAN-2025
OPTSTK,HAL,30-Jan-2025,2025-01-30,5000.00,PE,829.00,916.65,818.00,887.45,887.45,30,264.81105,152700,-2700,06-JAN-2025
OPTSTK,INDIANB,30-Jan-2025,2025-01-30,580.00,PE,0.00,0.00,0.00,42.80,70.15,0,0.00,13300,0,06-JAN-2025
OPTSTK,INDIANB,27-Mar-2025,2025-03-27,580.00,PE,0.00,0.00,0.00,64.55,76.80,0,0.00,0,0,06-JAN-2025
OPTSTK,HAL,27-Mar-2025,2025-03-27,3900.00,PE,0.00,0.00,0.00,194.40,162.70,0,0.00,0,0,06-JAN-2025
OPTSTK,INDIANB,27-Feb-2025,2025-02-27,580.00,CE,0.00,0.00,0.00,54.95,8.85,0,0.00,0,0,06-JAN-2025
OPTSTK,INDIANB,27-Mar-2025,2025-03-27,580.00,CE,0.00,0.00,0.00,38.85,15.15,0,0.00,0,0,06-JAN-2025
OPTSTK,INDIANB,27-Feb-2025,2025-02-27,500.00,CE,0.00,0.00,0.00,100.95,36.65,0,0.00,0,0,06-JAN-2025
OPTSTK,INDIANB,30-Jan-2025,2025-01-30,490.00,CE,32.80,32.80,30.65,30.65,32.35,3,14.879375,3800,2850,06-JAN-2025
OPTSTK,INDIANB,30-Jan-2025,2025-01-30,550.00,CE,9.00,9.00,5.80,6.80,6.80,344,1819.4837,200450,-6650,06-JAN-2025
OPTSTK,INDIANB,30-Jan-2025,2025-01-30,550.00,PE,43.80,48.05,43.80,45.80,45.80,85,482.405725,228000,60800,06-JAN-2025
OPTSTK,INDIANB,27-Feb-2025,2025-02-27,540.00,PE,0.00,0.00,0.00,29.05,44.05,0,0.00,950,0,06-JAN-2025
OPTSTK,INDIANB,27-Mar-2025,2025-03-27,640.00,PE,0.00,0.00,0.00,105.95,126.55,0,0.00,0,0,06-JAN-2025
OPTSTK,INDIANB,27-Feb-2025,2025-02-27,570.00,PE,0.00,0.00,0.00,52.15,65.55,0,0.00,0,0,06-JAN-2025
OPTSTK,HAL,30-Jan-2025,2025-01-30,4550.00,CE,30.00,30.60,19.15,20.45,20.45,550,3773.06062,27600,1800,06-JAN-2025
OPTSTK,HAL,27-Feb-2025,2025-02-27,4550.00,PE,0.00,0.00,0.00,472.90,493.45,0,0.00,0,0,06-JAN-2025
OPTSTK,INDIANB,27-Mar-2025,2025-03-27,520.00,PE,0.00,0.00,0.00,33.20,37.60,0,0.00,0,0,06-JAN-2025
OPTSTK,COALINDIA,27-Feb-2025,2025-02-27,355.00,CE,0.00,0.00,0.00,45.05,33.95,0,0.00,0,0,06-JAN-2025
OPTSTK,GLENMARK,30-Jan-2025,2025-01-30,1640.00,CE,48.95,52.50,35.50,44.10,44.10,773,4227.65931,181350,-3900,06-JAN-2025
OPTSTK,GLENMARK,27-Feb-2025,2025-02-27,1440.00,CE,0.00,0.00,0.00,153.95,208.65,0,0.00,0,0,06-JAN-2025
OPTSTK,COALINDIA,27-Feb-2025,2025-02-27,450.00,PE,0.00,0.00,0.00,47.55,68.75,0,0.00,0,0,06-JAN-2025
OPTSTK,GLENMARK,30-Jan-2025,2025-01-30,1540.00,CE,112.00,112.00,95.30,110.00,106.95,6,32.1468875,98800,-325,06-JAN-2025
OPTSTK,COALINDIA,30-Jan-2025,2025-01-30,385.00,CE,15.85,16.05,7.85,8.40,8.40,1786,7405.64002,1850100,156450,06-JAN-2025
OPTSTK,COALINDIA,30-Jan-2025,2025-01-30,385.00,PE,5.85,13.30,5.70,12.40,12.40,1716,7111.9377,766500,-121800,06-JAN-2025
OPTSTK,GLENMARK,30-Jan-2025,2025-01-30,1560.00,CE,110.70,110.70,80.90,82.70,92.40,9,48.224475,61425,-325,06-JAN-2025
OPTSTK,GLENMARK,27-Feb-2025,2025-02-27,1580.00,CE,0.00,0.00,0.00,84.90,105.85,0,0.00,0,0,06-JAN-2025
OPTSTK,GLENMARK,27-Feb-2025,2025-02-27,1500.00,PE,0.00,0.00,0.00,64.55,22.20,0,0.00,0,0,06-JAN-2025
OPTSTK,GLENMARK,30-Jan-2025,2025-01-30,1500.00,PE,7.85,10.00,7.00,9.80,9.80,296,1451.65588,110175,-41275,06-JAN-2025
OPTSTK,GLENMARK,30-Jan-2025,2025-01-30,1420.00,CE,0.00,0.00,0.00,144.00,211.80,0,0.00,0,0,06-JAN-2025
OPTSTK,COALINDIA,27-Feb-2025,2025-02-27,425.00,PE,0.00,0.00,0.00,44.65,46.85,0,0.00,0,0,06-JAN-2025
OPTSTK,COALINDIA,27-Feb-2025,2025-02-27,425.00,CE,0.00,0.00,0.00,11.60,4.65,0,0.00,0,0,06-JAN-2025
OPTSTK,COALINDIA,30-Jan-2025,2025-01-30,345.00,PE,0.60,1.65,0.60,1.55,1.55,525,1908.36712,261450,58800,06-JAN-2025
OPTSTK,COALINDIA,27-Feb-2025,2025-02-27,360.00,PE,4.50,8.00,4.50,7.35,7.35,77,296.271675,120750,43050,06-JAN-2025
OPTSTK,COALINDIA,27-Mar-2025,2025-03-27,320.00,CE,0.00,0.00,0.00,76.60,65.90,0,0.00,0,0,06-JAN-2025
OPTSTK,COALINDIA,27-Feb-2025,2025-02-27,320.00,PE,4.25,4.25,1.35,1.35,1.15,2,6.7788,0,0,06-JAN-2025
OPTSTK,COALINDIA,30-Jan-2025,2025-01-30,490.00,CE,0.10,0.10,0.05,0.10,0.05,56,288.176175,213150,-6300,06-JAN-2025
OPTSTK,GLENMARK,30-Jan-2025,2025-01-30,1720.00,PE,107.00,108.00,107.00,108.00,107.65,4,23.7575,23725,-650,06-JAN-2025
OPTSTK,GLENMARK,30-Jan-2025,2025-01-30,1720.00,CE,18.50,19.00,13.15,17.90,17.90,146,823.905387,81250,-325,06-JAN-2025
OPTSTK,GLENMARK,27-Mar-2025,2025-03-27,1720.00,PE,0.00,0.00,0.00,205.65,133.50,0,0.00,0,0,06-JAN-2025
OPTSTK,GLENMARK,27-Mar-2025,2025-03-27,1720.00,CE,0.00,0.00,0.00,58.15,62.55,0,0.00,0,0,06-JAN-2025
OPTSTK,GLENMARK,30-Jan-2025,2025-01-30,1640.00,PE,43.00,57.30,42.25,53.40,53.40,340,1867.76898,48750,11700,06-JAN-2025
OPTSTK,GLENMARK,27-Mar-2025,2025-03-27,1840.00,PE,0.00,0.00,0.00,297.70,219.60,0,0.00,0,0,06-JAN-2025
OPTSTK,COALINDIA,30-Jan-2025,2025-01-30,445.00,CE,0.55,0.60,0.30,0.40,0.40,47,219.816975,129150,-26250,06-JAN-2025
OPTSTK,GLENMARK,30-Jan-2025,2025-01-30,1480.00,CE,0.00,0.00,0.00,139.50,156.35,0,0.00,4550,0,06-JAN-2025
OPTSTK,GLENMARK,30-Jan-2025,2025-01-30,1600.00,CE,73.60,76.50,55.00,64.15,64.15,409,2212.88323,144625,-4875,06-JAN-2025
OPTSTK,GLENMARK,27-Mar-2025,2025-03-27,1600.00,CE,0.00,0.00,0.00,99.05,116.05,0,0.00,0,0,06-JAN-2025
OPTSTK,GLENMARK,27-Mar-2025,2025-03-27,1600.00,PE,0.00,0.00,0.00,128.70,68.80,0,0.00,0,0,06-JAN-2025
OPTSTK,COALINDIA,30-Jan-2025,2025-01-30,435.00,PE,44.25,45.00,44.25,45.00,54.95,2,10.072125,145950,-1050,06-JAN-2025
OPTSTK,ESCORTS,30-Jan-2025,2025-01-30,3500.00,PE,160.20,160.20,160.20,160.20,191.65,1,5.4903,15750,0,06-JAN-2025
OPTSTK,ESCORTS,27-Feb-2025,2025-02-27,3550.00,CE,0.00,0.00,0.00,63.35,75.45,0,0.00,0,0,06-JAN-2025
OPTSTK,ESCORTS,30-Jan-2025,2025-01-30,3250.00,PE,41.15,64.00,39.85,58.25,58.25,376,1862.59837,23700,-13800,06-JAN-2025
OPTSTK,ESCORTS,30-Jan-2025,2025-01-30,3300.00,CE,142.10,145.05,100.00,116.35,116.35,270,1385.25667,76950,-1950,06-JAN-2025
OPTSTK,ESCORTS,27-Mar-2025,2025-03-27,3300.00,PE,0.00,0.00,0.00,267.15,137.95,0,0.00,0,0,06-JAN-2025
OPTSTK,ESCORTS,30-Jan-2025,2025-01-30,3900.00,PE,0.00,0.00,0.00,309.75,548.70,0,0.00,0,0,06-JAN-2025
OPTSTK,ESCORTS,27-Feb-2025,2025-02-27,3400.00,CE,0.00,0.00,0.00,335.70,130.00,0,0.00,0,0,06-JAN-2025
OPTSTK,ESCORTS,30-Jan-2025,2025-01-30,3050.00,CE,0.00,0.00,0.00,316.80,310.75,0,0.00,300,0,06-JAN-2025
OPTSTK,ESCORTS,27-Feb-2025,2025-02-27,3050.00,PE,0.00,0.00,0.00,115.25,33.80,0,0.00,0,0,06-JAN-2025
OPTSTK,ESCORTS,27-Mar-2025,2025-03-27,3400.00,PE,0.00,0.00,0.00,329.10,186.75,0,0.00,0,0,06-JAN-2025
OPTSTK,ESCORTS,30-Jan-2025,2025-01-30,3400.00,CE,83.95,88.80,55.75,72.95,72.95,1404,7314.43087,142050,-34650,06-JAN-2025
OPTSTK,ESCORTS,27-Feb-2025,2025-02-27,3100.00,CE,0.00,0.00,0.00,535.35,310.15,0,0.00,0,0,06-JAN-2025
OPTSTK,ESCORTS,27-Feb-2025,2025-02-27,3250.00,CE,0.00,0.00,0.00,154.30,208.15,0,0.00,0,0,06-JAN-2025
OPTSTK,ESCORTS,27-Feb-2025,2025-02-27,2800.00,CE,0.00,0.00,0.00,783.60,568.80,0,0.00,0,0,06-JAN-2025
OPTSTK,ESCORTS,27-Mar-2025,2025-03-27,3600.00,CE,0.00,0.00,0.00,87.05,98.15,0,0.00,0,0,06-JAN-2025
OPTSTK,ESCORTS,27-Feb-2025,2025-02-27,3900.00,CE,0.00,0.00,0.00,127.65,15.95,0,0.00,0,0,06-JAN-2025
OPTSTK,ESCORTS,30-Jan-2025,2025-01-30,4100.00,PE,0.00,0.00,0.00,908.00,746.15,0,0.00,6900,0,06-JAN-2025
OPTSTK,ESCORTS,30-Jan-2025,2025-01-30,3900.00,CE,0.00,0.00,0.00,225.00,1.95,0,0.00,0,0,06-JAN-2025
OPTSTK,MUTHOOTFIN,30-Jan-2025,2025-01-30,1920.00,PE,0.00,0.00,0.00,4.60,1.45,0,0.00,11275,0,06-JAN-2025
OPTSTK,MUTHOOTFIN,27-Feb-2025,2025-02-27,2200.00,PE,0.00,0.00,0.00,291.60,85.60,0,0.00,0,0,06-JAN-2025
OPTSTK,MUTHOOTFIN,30-Jan-2025,2025-01-30,2200.00,PE,36.40,70.90,34.45,64.45,64.45,1719,10668.0905,73150,-65725,06-JAN-2025
OPTSTK,CAMS,30-Jan-2025,2025-01-30,4700.00,CE,351.00,351.00,260.00,269.65,269.65,14,87.5218125,1875,875,06-JAN-2025
OPTSTK,MUTHOOTFIN,30-Jan-2025,2025-01-30,1760.00,CE,0.00,0.00,0.00,503.65,433.60,0,0.00,4675,0,06-JAN-2025
OPTSTK,MUTHOOTFIN,30-Jan-2025,2025-01-30,1760.00,PE,0.55,0.65,0.40,0.55,0.55,37,179.135412,20075,275,06-JAN-2025
OPTSTK,MUTHOOTFIN,27-Mar-2025,2025-03-27,2000.00,PE,0.00,0.00,0.00,85.65,30.65,0,0.00,0,0,06-JAN-2025
OPTSTK,MUTHOOTFIN,30-Jan-2025,2025-01-30,2080.00,CE,154.90,154.90,129.45,129.45,133.45,4,24.374075,20075,-825,06-JAN-2025
OPTSTK,MUTHOOTFIN,30-Jan-2025,2025-01-30,1880.00,PE,5.75,5.80,1.00,1.00,0.60,8,41.435075,7150,-275,06-JAN-2025
OPTSTK,MUTHOOTFIN,30-Jan-2025,2025-01-30,2460.00,PE,0.00,0.00,0.00,521.75,266.70,0,0.00,0,0,06-JAN-2025
OPTSTK,MUTHOOTFIN,27-Feb-2025,2025-02-27,2460.00,CE,0.00,0.00,0.00,16.10,17.45,0,0.00,0,0,06-JAN-2025
OPTSTK,CAMS,27-Feb-2025,2025-02-27,4700.00,PE,0.00,0.00,0.00,214.25,177.65,0,0.00,0,0,06-JAN-2025
OPTSTK,VBL,27-Feb-2025,2025-02-27,570.00,PE,0.00,0.00,0.00,16.90,8.20,0,0.00,0,0,06-JAN-2025
OPTSTK,MUTHOOTFIN,27-Feb-2025,2025-02-27,1760.00,CE,0.00,0.00,0.00,231.85,443.60,0,0.00,0,0,06-JAN-2025
OPTSTK,CAMS,30-Jan-2025,2025-01-30,5100.00,PE,210.85,353.80,207.75,348.30,348.30,46,309.698187,14000,-250,06-JAN-2025
OPTSTK,CAMS,30-Jan-2025,2025-01-30,4400.00,PE,17.60,50.40,17.60,50.00,50.00,66,366.272875,11625,1375,06-JAN-2025
OPTSTK,CAMS,27-Feb-2025,2025-02-27,4800.00,CE,0.00,0.00,0.00,526.45,319.70,0,0.00,0,0,06-JAN-2025
OPTSTK,CAMS,30-Jan-2025,2025-01-30,6000.00,PE,0.00,0.00,0.00,1112.25,1123.40,0,0.00,0,0,06-JAN-2025
OPTSTK,VBL,27-Feb-2025,2025-02-27,550.00,PE,0.00,0.00,0.00,11.65,4.70,0,0.00,0,0,06-JAN-2025
OPTSTK,VBL,30-Jan-2025,2025-01-30,550.00,PE,1.85,2.10,1.70,2.10,1.10,36,173.868625,118125,6125,06-JAN-2025
OPTSTK,MUTHOOTFIN,27-Feb-2025,2025-02-27,2220.00,PE,0.00,0.00,0.00,189.90,96.05,0,0.00,0,0,06-JAN-2025
OPTSTK,MUTHOOTFIN,27-Feb-2025,2025-02-27,2220.00,CE,0.00,0.00,0.00,60.20,83.05,0,0.00,0,0,06-JAN-2025
OPTSTK,MUTHOOTFIN,30-Jan-2025,2025-01-30,2380.00,PE,0.00,0.00,0.00,446.20,193.25,0,0.00,0,0,06-JAN-2025
OPTSTK,MUTHOOTFIN,27-Feb-2025,2025-02-27,2380.00,PE,0.00,0.00,0.00,313.40,202.45,0,0.00,0,0,06-JAN-2025
OPTSTK,CAMS,30-Jan-2025,2025-01-30,5600.00,CE,34.05,34.05,14.65,17.80,17.80,187,1313.9565,27250,-250,06-JAN-2025
OPTSTK,VBL,30-Jan-2025,2025-01-30,630.00,PE,11.00,22.30,11.00,19.90,19.90,369,2092.23831,224000,49875,06-JAN-2025
OPTSTK,VBL,27-Feb-2025,2025-02-27,690.00,CE,0.00,0.00,0.00,21.50,13.60,0,0.00,0,0,06-JAN-2025
OPTSTK,VBL,30-Jan-2025,2025-01-30,600.00,CE,44.20,44.20,37.50,41.25,41.25,331,1853.33662,78750,-186375,06-JAN-2025
OPTSTK,VBL,27-Feb-2025,2025-02-27,620.00,CE,0.00,0.00,0.00,63.70,40.80,0,0.00,0,0,06-JAN-2025
OPTSTK,VBL,30-Jan-2025,2025-01-30,560.00,PE,2.15,3.05,1.80,2.75,2.75,105,516.735625,42875,-8750,06-JAN-2025
OPTSTK,VBL,27-Feb-2025,2025-02-27,560.00,CE,0.00,0.00,0.00,100.10,82.35,0,0.00,0,0,06-JAN-2025
OPTSTK,VBL,27-Feb-2025,2025-02-27,670.00,CE,0.00,0.00,0.00,27.50,19.20,0,0.00,0,0,06-JAN-2025
OPTSTK,MGL,30-Jan-2025,2025-01-30,1040.00,CE,0.00,0.00,0.00,428.00,239.95,0,0.00,0,0,06-JAN-2025
OPTSTK,MGL,27-Feb-2025,2025-02-27,1040.00,PE,0.00,0.00,0.00,45.65,6.10,0,0.00,0,0,06-JAN-2025
OPTSTK,MGL,27-Mar-2025,2025-03-27,1040.00,CE,0.00,0.00,0.00,249.85,262.40,0,0.00,0,0,06-JAN-2025
OPTSTK,MGL,27-Mar-2025,2025-03-27,1240.00,PE,0.00,0.00,0.00,107.00,68.75,0,0.00,0,0,06-JAN-2025
OPTSTK,MGL,30-Jan-2025,2025-01-30,1240.00,CE,96.00,101.60,61.75,68.65,68.65,163,858.0458,64800,-4800,06-JAN-2025
OPTSTK,MGL,27-Feb-2025,2025-02-27,1220.00,CE,0.00,0.00,0.00,115.30,112.05,0,0.00,0,0,06-JAN-2025
OPTSTK,MGL,27-Feb-2025,2025-02-27,1040.00,CE,0.00,0.00,0.00,204.35,250.50,0,0.00,0,0,06-JAN-2025
OPTSTK,MGL,27-Feb-2025,2025-02-27,1160.00,PE,0.00,0.00,0.00,93.30,26.40,0,0.00,0,0,06-JAN-2025
OPTSTK,MGL,27-Mar-2025,2025-03-27,1160.00,CE,0.00,0.00,0.00,170.40,170.35,0,0.00,0,0,06-JAN-2025
OPTSTK,MGL,27-Mar-2025,2025-03-27,1160.00,PE,0.00,0.00,0.00,70.50,38.85,0,0.00,0,0,06-JAN-2025
OPTSTK,MGL,30-Jan-2025,2025-01-30,1380.00,CE,24.35,26.75,12.20,14.05,14.05,408,2281.3008,66000,-4000,06-JAN-2025
OPTSTK,MGL,27-Feb-2025,2025-02-27,1320.00,PE,0.00,0.00,0.00,187.05,94.90,0,0.00,0,0,06-JAN-2025
OPTSTK,MGL,27-Mar-2025,2025-03-27,1320.00,PE,0.00,0.00,0.00,151.85,109.30,0,0.00,0,0,06-JAN-2025
OPTSTK,MGL,30-Jan-2025,2025-01-30,1020.00,PE,0.00,0.00,0.00,3.80,0.55,0,0.00,400,0,06-JAN-2025
OPTSTK,MGL,27-Mar-2025,2025-03-27,1200.00,PE,0.00,0.00,0.00,87.65,52.45,0,0.00,0,0,06-JAN-2025
OPTSTK,MGL,30-Jan-2025,2025-01-30,1280.00,PE,27.75,52.55,24.35,46.40,46.40,598,3160.6836,103200,-10000,06-JAN-2025
OPTSTK,MGL,27-Feb-2025,2025-02-27,1260.00,CE,0.00,0.00,0.00,96.15,89.55,0,0.00,0,0,06-JAN-2025
OPTSTK,MGL,30-Jan-2025,2025-01-30,1140.00,CE,0.00,0.00,0.00,122.80,147.35,0,0.00,0,0,06-JAN-2025
OPTSTK,MGL,30-Jan-2025,2025-01-30,1140.00,PE,4.50,8.45,4.50,6.70,6.70,76,348.4968,36000,5200,06-JAN-2025
OPTSTK,MGL,30-Jan-2025,2025-01-30,1460.00,CE,6.00,6.00,5.00,5.80,5.80,4,23.449,1600,1600,06-JAN-2025
OPTSTK,MGL,30-Jan-2025,2025-01-30,1460.00,PE,0.00,0.00,0.00,284.35,185.60,0,0.00,0,0,06-JAN-2025
OPTSTK,MGL,27-Feb-2025,2025-02-27,1080.00,CE,0.00,0.00,0.00,178.65,215.35,0,0.00,0,0,06-JAN-2025
OPTSTK,MGL,30-Jan-2025,2025-01-30,1520.00,PE,0.00,0.00,0.00,260.00,241.55,0,0.00,2400,0,06-JAN-2025
OPTSTK,MGL,27-Feb-2025,2025-02-27,1520.00,CE,0.00,0.00,0.00,28.85,14.05,0,0.00,0,0,06-JAN-2025
OPTSTK,MGL,27-Feb-2025,2025-02-27,1340.00,PE,0.00,0.00,0.00,149.50,107.10,0,0.00,0,0,06-JAN-2025
OPTSTK,MGL,27-Mar-2025,2025-03-27,1040.00,PE,0.00,0.00,0.00,32.10,12.70,0,0.00,0,0,06-JAN-2025
OPTSTK,MGL,27-Feb-2025,2025-02-27,1240.00,PE,0.00,0.00,0.00,35.00,54.05,0,0.00,800,0,06-JAN-2025
OPTSTK,MGL,30-Jan-2025,2025-01-30,1480.00,PE,0.00,0.00,0.00,163.55,203.90,0,0.00,800,0,06-JAN-2025
OPTSTK,MGL,27-Feb-2025,2025-02-27,1480.00,CE,0.00,0.00,0.00,34.80,19.45,0,0.00,0,0,06-JAN-2025
OPTSTK,MGL,30-Jan-2025,2025-01-30,1220.00,PE,12.35,26.30,10.45,21.80,21.80,289,1431.9424,64000,-22400,06-JAN-2025
OPTSTK,MGL,27-Feb-2025,2025-02-27,1240.00,CE,0.00,0.00,0.00,98.50,100.40,0,0.00,0,0,06-JAN-2025
OPTSTK,MGL,30-Jan-2025,2025-01-30,1240.00,PE,16.40,33.65,14.00,28.30,28.30,333,1684.958,108800,-3200,06-JAN-2025
OPTSTK,MGL,30-Jan-2025,2025-01-30,1000.00,PE,0.90,0.90,0.90,0.90,0.30,1,4.0036,52400,400,06-JAN-2025
OPTSTK,KOTAKBANK,27-Mar-2025,2025-03-27,1520.00,PE,0.00,0.00,0.00,11.15,3.45,0,0.00,0,0,06-JAN-2025
OPTSTK,KOTAKBANK,30-Jan-2025,2025-01-30,1480.00,PE,0.65,0.90,0.65,0.85,0.05,6,35.5396,2400,1200,06-JAN-2025
OPTSTK,KOTAKBANK,30-Jan-2025,2025-01-30,1800.00,PE,27.55,54.20,27.55,50.15,50.15,9281,68284.4716,884400,-112400,06-JAN-2025
OPTSTK,KOTAKBANK,27-Feb-2025,2025-02-27,1760.00,PE,25.00,44.60,25.00,42.55,42.55,10,71.981,5200,2800,06-JAN-2025
OPTSTK,KOTAKBANK,30-Jan-2025,2025-01-30,1880.00,CE,21.00,21.05,9.95,11.50,11.50,2793,21158.106,496400,44000,06-JAN-2025
OPTSTK,KOTAKBANK,27-Feb-2025,2025-02-27,1600.00,CE,0.00,0.00,0.00,213.05,200.30,0,0.00,0,0,06-JAN-2025
OPTSTK,KOTAKBANK,27-Feb-2025,2025-02-27,1840.00,CE,43.00,43.00,38.00,38.00,38.00,9,67.7188,2400,400,06-JAN-2025
OPTSTK,KOTAKBANK,30-Jan-2025,2025-01-30,1840.00,PE,41.05,79.50,41.05,76.00,76.00,2635,20032.0442,448800,-229600,06-JAN-2025
OPTSTK,KOTAKBANK,27-Mar-2025,2025-03-27,1840.00,CE,0.00,0.00,0.00,68.15,59.00,0,0.00,0,0,06-JAN-2025
OPTSTK,KOTAKBANK,30-Jan-2025,2025-01-30,1700.00,PE,8.00,16.20,6.65,14.65,14.65,4373,29939.824,570800,98800,06-JAN-2025
FUTSTK,KOTAKBANK,27-Feb-2025,2025-02-27,,,1828.45,1836.85,1790.00,1795.00,1795.00,1278,9228.3272,853600,284800,06-JAN-2025
OPTSTK,KOTAKBANK,27-Feb-2025,2025-02-27,1620.00,PE,0.00,0.00,0.00,20.35,7.40,0,0.00,0,0,06-JAN-2025
OPTSTK,KOTAKBANK,27-Feb-2025,2025-02-27,1620.00,CE,0.00,0.00,0.00,173.45,182.55,0,0.00,0,0,06-JAN-2025
OPTSTK,KOTAKBANK,27-Feb-2025,2025-02-27,1820.00,PE,0.00,0.00,0.00,101.15,72.05,0,0.00,0,0,06-JAN-2025
OPTSTK,KOTAKBANK,30-Jan-2025,2025-01-30,1520.00,PE,0.90,3.60,0.65,1.00,1.00,326,1983.8938,49200,45600,06-JAN-2025
OPTSTK,KOTAKBANK,30-Jan-2025,2025-01-30,1600.00,PE,1.75,3.55,1.25,3.10,3.10,1629,10441.062,478000,4000,06-JAN-2025
OPTSTK,KOTAKBANK,27-Mar-2025,2025-03-27,1600.00,PE,0.00,0.00,0.00,24.40,10.50,0,0.00,0,0,06-JAN-2025
OPTSTK,KOTAKBANK,30-Jan-2025,2025-01-30,2020.00,PE,0.00,0.00,0.00,249.30,232.00,0,0.00,0,0,06-JAN-2025
OPTSTK,KOTAKBANK,27-Mar-2025,2025-03-27,1800.00,PE,0.00,0.00,0.00,99.15,70.70,0,0.00,0,0,06-JAN-2025
OPTSTK,KOTAKBANK,27-Mar-2025,2025-03-27,1800.00,CE,0.00,0.00,0.00,84.50,76.75,0,0.00,0,0,06-JAN-2025
OPTSTK,KOTAKBANK,27-Feb-2025,2025-02-27,2000.00,CE,10.90,10.90,7.50,8.10,7.50,46,369.644,28000,-3200,06-JAN-2025
OPTSTK,KOTAKBANK,30-Jan-2025,2025-01-30,1700.00,CE,123.65,123.65,95.00,97.80,97.80,186,1341.465,115600,-24400,06-JAN-2025
OPTSTK,KOTAKBANK,27-Feb-2025,2025-02-27,1860.00,PE,92.00,92.00,92.00,92.00,96.90,1,7.808,400,400,06-JAN-2025
OPTSTK,KOTAKBANK,27-Feb-2025,2025-02-27,1740.00,CE,0.00,0.00,0.00,93.80,91.00,0,0.00,0,0,06-JAN-2025
OPTSTK,KOTAKBANK,30-Jan-2025,2025-01-30,2120.00,CE,0.00,0.00,0.00,10.95,0.05,0,0.00,0,0,06-JAN-2025
OPTSTK,KOTAKBANK,30-Jan-2025,2025-01-30,1720.00,CE,98.75,104.65,81.35,82.10,82.10,29,210.0776,63600,-4800,06-JAN-2025
OPTSTK,KOTAKBANK,30-Jan-2025,2025-01-30,1900.00,CE,14.00,15.35,7.15,8.45,8.45,8163,62360.6002,1396400,-316400,06-JAN-2025
OPTSTK,KOTAKBANK,30-Jan-2025,2025-01-30,1900.00,PE,90.10,127.95,90.10,122.70,122.70,193,1551.8154,443200,14800,06-JAN-2025
OPTSTK,KOTAKBANK,27-Mar-2025,2025-03-27,1960.00,CE,0.00,0.00,0.00,33.45,23.75,0,0.00,0,0,06-JAN-2025
OPTSTK,KOTAKBANK,27-Mar-2025,2025-03-27,1960.00,PE,0.00,0.00,0.00,205.25,175.30,0,0.00,0,0,06-JAN-2025
OPTSTK,KOTAKBANK,27-Feb-2025,2025-02-27,1580.00,PE,0.00,0.00,0.00,13.10,3.80,0,0.00,0,0,06-JAN-2025
OPTSTK,ICICIGI,27-Feb-2025,2025-02-27,1840.00,CE,0.00,0.00,0.00,137.15,59.00,0,0.00,0,0,06-JAN-2025
OPTSTK,ICICIGI,27-Mar-2025,2025-03-27,1440.00,PE,0.00,0.00,0.00,2.15,0.75,0,0.00,0,0,06-JAN-2025
OPTSTK,HEROMOTOCO,30-Jan-2025,2025-01-30,4150.00,CE,178.95,200.65,136.50,140.45,140.45,162,1048.40865,35250,-1950,06-JAN-2025
OPTSTK,HEROMOTOCO,30-Jan-2025,2025-01-30,3850.00,PE,12.25,16.10,8.30,15.50,15.50,436,2525.883,43500,-2100,06-JAN-2025
OPTSTK,HEROMOTOCO,27-Feb-2025,2025-02-27,3850.00,CE,0.00,0.00,0.00,520.45,419.90,0,0.00,0,0,06-JAN-2025
OPTSTK,HEROMOTOCO,27-Feb-2025,2025-02-27,3850.00,PE,0.00,0.00,0.00,47.15,30.30,0,0.00,0,0,06-JAN-2025
OPTSTK,ICICIGI,27-Feb-2025,2025-02-27,1700.00,PE,0.00,0.00,0.00,21.15,17.15,0,0.00,0,0,06-JAN-2025
OPTSTK,ICICIGI,30-Jan-2025,2025-01-30,1700.00,PE,12.50,19.25,11.45,16.25,16.25,174,745.9685,39500,-1500,06-JAN-2025
OPTSTK,M&MFIN,27-Mar-2025,2025-03-27,230.00,CE,0.00,0.00,0.00,44.70,46.35,0,0.00,0,0,06-JAN-2025
OPTSTK,M&MFIN,30-Jan-2025,2025-01-30,230.00,PE,0.40,0.60,0.30,0.60,0.60,485,2235.416,1050000,730000,06-JAN-2025
OPTSTK,M&MFIN,27-Mar-2025,2025-03-27,230.00,PE,0.00,0.00,0.00,4.95,1.95,0,0.00,0,0,06-JAN-2025
OPTSTK,M&MFIN,30-Jan-2025,2025-01-30,230.00,CE,0.00,0.00,0.00,44.00,42.15,0,0.00,14000,0,06-JAN-2025
OPTSTK,M&MFIN,30-Jan-2025,2025-01-30,220.00,PE,0.10,0.25,0.10,0.25,0.25,44,193.794,380000,0,06-JAN-2025
OPTSTK,HEROMOTOCO,27-Feb-2025,2025-02-27,4150.00,CE,0.00,0.00,0.00,284.85,208.10,0,0.00,300,0,06-JAN-2025
OPTSTK,M&MFIN,30-Jan-2025,2025-01-30,220.00,CE,0.00,0.00,0.00,57.45,52.00,0,0.00,0,0,06-JAN-2025
OPTSTK,M&MFIN,30-Jan-2025,2025-01-30,320.00,CE,0.75,1.30,0.50,0.55,0.55,454,2912.869,490000,222000,06-JAN-2025
OPTSTK,M&MFIN,27-Feb-2025,2025-02-27,295.00,PE,0.00,0.00,0.00,33.15,26.45,0,0.00,0,0,06-JAN-2025
OPTSTK,HEROMOTOCO,30-Jan-2025,2025-01-30,4050.00,CE,0.00,0.00,0.00,250.00,212.50,0,0.00,3150,0,06-JAN-2025
OPTSTK,HEROMOTOCO,30-Jan-2025,2025-01-30,4050.00,PE,29.00,48.35,25.50,45.20,45.20,763,4675.12357,40950,-2550,06-JAN-2025
OPTSTK,HEROMOTOCO,30-Jan-2025,2025-01-30,4000.00,CE,300.00,324.55,248.50,254.60,254.60,41,263.2224,12150,-600,06-JAN-2025
OPTSTK,HEROMOTOCO,27-Feb-2025,2025-02-27,4000.00,PE,55.35,80.00,54.40,80.00,63.15,18,109.774875,6000,1350,06-JAN-2025
OPTSTK,ICICIGI,27-Feb-2025,2025-02-27,1800.00,PE,0.00,0.00,0.00,57.30,49.15,0,0.00,0,0,06-JAN-2025
OPTSTK,ICICIGI,27-Mar-2025,2025-03-27,1800.00,PE,0.00,0.00,0.00,61.05,59.90,0,0.00,0,0,06-JAN-2025
OPTSTK,ICICIGI,30-Jan-2025,2025-01-30,1800.00,PE,34.85,52.15,34.45,46.60,46.60,531,2447.05137,79250,2000,06-JAN-2025
OPTSTK,HEROMOTOCO,30-Jan-2025,2025-01-30,4800.00,CE,8.85,9.65,5.70,6.10,6.10,1227,8848.07977,165000,-9900,06-JAN-2025
OPTSTK,M&MFIN,30-Jan-2025,2025-01-30,235.00,CE,0.00,0.00,0.00,38.45,37.30,0,0.00,10000,0,06-JAN-2025
OPTSTK,M&MFIN,27-Feb-2025,2025-02-27,235.00,CE,0.00,0.00,0.00,37.70,39.65,0,0.00,0,0,06-JAN-2025
OPTSTK,M&MFIN,30-Jan-2025,2025-01-30,330.00,PE,57.00,57.00,57.00,57.00,57.60,1,7.74,134000,-2000,06-JAN-2025
OPTSTK,ICICIGI,27-Feb-2025,2025-02-27,1660.00,PE,0.00,0.00,0.00,14.20,10.15,0,0.00,0,0,06-JAN-2025
OPTSTK,ICICIGI,27-Feb-2025,2025-02-27,1660.00,CE,0.00,0.00,0.00,236.15,178.80,0,0.00,0,0,06-JAN-2025
OPTSTK,HEROMOTOCO,27-Feb-2025,2025-02-27,4300.00,PE,0.00,0.00,0.00,198.15,190.00,0,0.00,0,0,06-JAN-2025
OPTSTK,HEROMOTOCO,27-Mar-2025,2025-03-27,3700.00,CE,0.00,0.00,0.00,683.90,582.60,0,0.00,0,0,06-JAN-2025
OPTSTK,NAUKRI,27-Mar-2025,2025-03-27,8600.00,CE,0.00,0.00,0.00,750.75,686.30,0,0.00,0,0,06-JAN-2025
OPTSTK,NAUKRI,27-Feb-2025,2025-02-27,8600.00,CE,0.00,0.00,0.00,520.10,568.05,0,0.00,0,0,06-JAN-2025
OPTSTK,NAUKRI,27-Feb-2025,2025-02-27,8800.00,PE,0.00,0.00,0.00,885.00,358.30,0,0.00,0,0,06-JAN-2025
OPTSTK,NAUKRI,30-Jan-2025,2025-01-30,9500.00,CE,176.15,176.15,69.25,79.35,79.35,2715,19576.0988,34725,-11250,06-JAN-2025
OPTSTK,NAUKRI,27-Feb-2025,2025-02-27,9500.00,CE,0.00,0.00,0.00,270.20,190.15,0,0.00,0,0,06-JAN-2025
OPTSTK,NAUKRI,30-Jan-2025,2025-01-30,9500.00,PE,545.00,570.45,545.00,570.45,716.00,3,22.6308375,1050,0,06-JAN-2025
OPTSTK,NAUKRI,27-Feb-2025,2025-02-27,9500.00,PE,0.00,0.00,0.00,983.60,783.65,0,0.00,0,0,06-JAN-2025
OPTSTK,NAUKRI,27-Feb-2025,2025-02-27,9400.00,CE,0.00,0.00,0.00,272.55,218.25,0,0.00,0,0,06-JAN-2025
OPTSTK,NAUKRI,27-Feb-2025,2025-02-27,9400.00,PE,0.00,0.00,0.00,1301.10,712.65,0,0.00,0,0,06-JAN-2025
OPTSTK,NAUKRI,27-Mar-2025,2025-03-27,9400.00,PE,0.00,0.00,0.00,981.05,772.80,0,0.00,0,0,06-JAN-2025
OPTSTK,NAUKRI,30-Jan-2025,2025-01-30,9400.00,CE,168.55,183.80,83.00,97.35,97.35,917,6560.12152,28575,2550,06-JAN-2025
OPTSTK,NAUKRI,27-Mar-2025,2025-03-27,9400.00,CE,0.00,0.00,0.00,418.30,326.45,0,0.00,0,0,06-JAN-2025
OPTSTK,NAUKRI,30-Jan-2025,2025-01-30,9300.00,CE,206.00,223.65,105.05,120.10,120.10,1669,11841.6383,53175,2400,06-JAN-2025
OPTSTK,NAUKRI,27-Feb-2025,2025-02-27,10400.00,CE,0.00,0.00,0.00,109.60,46.35,0,0.00,0,0,06-JAN-2025
OPTSTK,NAUKRI,30-Jan-2025,2025-01-30,10400.00,CE,28.55,28.55,10.50,11.35,11.35,214,1671.39825,11475,11475,06-JAN-2025
OPTSTK,NAUKRI,27-Feb-2025,2025-02-27,8900.00,PE,0.00,0.00,0.00,600.20,408.20,0,0.00,0,0,06-JAN-2025
OPTSTK,NAUKRI,30-Jan-2025,2025-01-30,9900.00,PE,0.00,0.00,0.00,1671.40,1066.80,0,0.00,0,0,06-JAN-2025
OPTSTK,NAUKRI,27-Feb-2025,2025-02-27,9900.00,CE,0.00,0.00,0.00,177.50,105.45,0,0.00,0,0,06-JAN-2025
OPTSTK,NAUKRI,27-Mar-2025,2025-03-27,9600.00,PE,0.00,0.00,0.00,1116.00,908.15,0,0.00,0,0,06-JAN-2025
OPTSTK,NAUKRI,30-Jan-2025,2025-01-30,7900.00,CE,0.00,0.00,0.00,732.90,972.40,0,0.00,0,0,06-JAN-2025
OPTSTK,NAUKRI,27-Feb-2025,2025-02-27,7400.00,PE,0.00,0.00,0.00,235.85,22.30,0,0.00,0,0,06-JAN-2025
OPTSTK,NAUKRI,30-Jan-2025,2025-01-30,7900.00,PE,20.35,38.00,20.30,38.00,38.00,6,35.6944125,3075,-75,06-JAN-2025
OPTSTK,NAUKRI,27-Feb-2025,2025-02-27,9600.00,CE,0.00,0.00,0.00,229.30,165.05,0,0.00,0,0,06-JAN-2025
OPTSTK,NAUKRI,30-Jan-2025,2025-01-30,8000.00,PE,33.25,51.00,24.30,45.05,45.05,1219,7349.96426,30975,-7650,06-JAN-2025
OPTSTK,NAUKRI,30-Jan-2025,2025-01-30,8500.00,PE,89.95,161.50,80.00,148.25,148.25,1012,6542.04588,32625,-75,06-JAN-2025
OPTSTK,NAUKRI,27-Feb-2025,2025-02-27,8500.00,PE,145.10,186.85,145.10,186.85,231.85,3,19.5045375,1050,225,06-JAN-2025
OPTSTK,NAUKRI,27-Feb-2025,2025-02-27,10200.00,CE,0.00,0.00,0.00,132.55,65.10,0,0.00,0,0,06-JAN-2025
OPTSTK,NAUKRI,27-Feb-2025,2025-02-27,9300.00,PE,0.00,0.00,0.00,845.65,644.85,0,0.00,0,0,06-JAN-2025
OPTSTK,NAUKRI,30-Jan-2025,2025-01-30,9200.00,PE,351.00,548.15,332.15,525.15,525.15,173,1245.83032,5325,450,06-JAN-2025
OPTSTK,NAUKRI,27-Mar-2025,2025-03-27,10400.00,CE,0.00,0.00,0.00,180.95,104.80,0,0.00,0,0,06-JAN-2025
OPTSTK,NAUKRI,27-Feb-2025,2025-02-27,10400.00,PE,0.00,0.00,0.00,2120.10,1531.20,0,0.00,0,0,06-JAN-2025
OPTSTK,NAUKRI,27-Mar-2025,2025-03-27,9800.00,PE,0.00,0.00,0.00,1258.55,1053.25,0,0.00,0,0,06-JAN-2025
OPTSTK,BPCL,27-Feb-2025,2025-02-27,265.00,PE,0.00,0.00,0.00,5.60,4.75,0,0.00,0,0,06-JAN-2025
OPTSTK,BPCL,27-Feb-2025,2025-02-27,265.00,CE,0.00,0.00,0.00,39.50,27.15,0,0.00,0,0,06-JAN-2025
OPTSTK,BPCL,27-Feb-2025,2025-02-27,350.00,CE,1.75,1.75,1.75,1.75,0.80,20,126.63,39600,27000,06-JAN-2025
OPTSTK,BPCL,27-Feb-2025,2025-02-27,350.00,PE,0.00,0.00,0.00,59.55,62.60,0,0.00,0,0,06-JAN-2025
OPTSTK,BPCL,27-Mar-2025,2025-03-27,300.00,CE,0.00,0.00,0.00,22.90,12.25,0,0.00,0,0,06-JAN-2025
OPTSTK,WIPRO,30-Jan-2025,2025-01-30,250.00,CE,45.50,45.50,45.50,45.50,45.50,1,8.865,111000,0,06-JAN-2025
OPTSTK,WIPRO,27-Feb-2025,2025-02-27,250.00,PE,0.00,0.00,0.00,7.85,0.70,0,0.00,0,0,06-JAN-2025
OPTSTK,WIPRO,27-Feb-2025,2025-02-27,267.50,PE,0.00,0.00,0.00,2.55,2.65,0,0.00,0,0,06-JAN-2025
OPTSTK,WIPRO,27-Mar-2025,2025-03-27,280.00,CE,0.00,0.00,0.00,37.10,26.20,0,0.00,0,0,06-JAN-2025
OPTSTK,WIPRO,30-Jan-2025,2025-01-30,280.00,PE,4.45,5.60,3.50,5.15,5.15,1766,15091.0935,2997000,912000,06-JAN-2025
OPTSTK,WIPRO,27-Mar-2025,2025-03-27,330.00,PE,0.00,0.00,0.00,30.65,36.40,0,0.00,0,0,06-JAN-2025
OPTSTK,WIPRO,30-Jan-2025,2025-01-30,330.00,CE,1.30,1.55,1.20,1.50,1.50,939,9334.839,2772000,27000,06-JAN-2025
OPTSTK,WIPRO,27-Mar-2025,2025-03-27,330.00,CE,0.00,0.00,0.00,11.65,5.55,0,0.00,0,0,06-JAN-2025
OPTSTK,WIPRO,30-Jan-2025,2025-01-30,330.00,PE,0.00,0.00,0.00,35.80,34.90,0,0.00,144000,0,06-JAN-2025
OPTSTK,WIPRO,27-Feb-2025,2025-02-27,330.00,PE,0.00,0.00,0.00,88.30,35.50,0,0.00,0,0,06-JAN-2025
OPTSTK,WIPRO,30-Jan-2025,2025-01-30,262.50,PE,1.05,1.70,0.90,1.50,1.50,250,1979.0655,393000,135000,06-JAN-2025
OPTSTK,WIPRO,27-Feb-2025,2025-02-27,307.50,CE,0.00,0.00,0.00,16.60,8.45,0,0.00,0,0,06-JAN-2025
OPTSTK,WIPRO,30-Jan-2025,2025-01-30,307.50,CE,5.15,6.35,4.70,5.65,5.65,443,4159.881,729000,-15000,06-JAN-2025
OPTSTK,WIPRO,30-Jan-2025,2025-01-30,307.50,PE,17.25,19.30,15.65,18.10,18.10,66,643.8525,423000,36000,06-JAN-2025
OPTSTK,WIPRO,27-Feb-2025,2025-02-27,307.50,PE,0.00,0.00,0.00,15.20,18.70,0,0.00,0,0,06-JAN-2025
OPTSTK,WIPRO,30-Jan-2025,2025-01-30,305.00,PE,15.40,18.25,14.05,16.50,16.50,228,2195.952,876000,-54000,06-JAN-2025
OPTSTK,WIPRO,27-Mar-2025,2025-03-27,300.00,CE,0.00,0.00,0.00,24.50,15.20,0,0.00,0,0,06-JAN-2025
OPTSTK,WIPRO,27-Feb-2025,2025-02-27,345.00,CE,0.00,0.00,0.00,7.65,1.35,0,0.00,0,0,06-JAN-2025
OPTSTK,WIPRO,27-Mar-2025,2025-03-27,360.00,CE,0.00,0.00,0.00,4.85,1.65,0,0.00,0,0,06-JAN-2025
FUTSTK,WIPRO,27-Mar-2025,2025-03-27,,,299.80,301.10,295.70,298.25,298.25,68,609.291,345000,-12000,06-JAN-2025
OPTSTK,WIPRO,30-Jan-2025,2025-01-30,285.00,CE,17.65,17.65,14.95,16.30,14.80,24,216.8115,105000,-6000,06-JAN-2025
OPTSTK,WIPRO,27-Feb-2025,2025-02-27,285.00,PE,0.00,0.00,0.00,30.45,7.35,0,0.00,0,0,06-JAN-2025
OPTSTK,WIPRO,30-Jan-2025,2025-01-30,265.00,CE,0.00,0.00,0.00,43.00,31.10,0,0.00,6000,0,06-JAN-2025
OPTSTK,WIPRO,27-Mar-2025,2025-03-27,265.00,PE,0.00,0.00,0.00,3.65,3.80,0,0.00,0,0,06-JAN-2025
OPTSTK,WIPRO,27-Mar-2025,2025-03-27,265.00,CE,0.00,0.00,0.00,48.45,37.00,0,0.00,0,0,06-JAN-2025
OPTSTK,WIPRO,27-Mar-2025,2025-03-27,270.00,PE,7.20,7.25,7.20,7.25,4.95,2,16.6335,12000,6000,06-JAN-2025
OPTSTK,WIPRO,27-Mar-2025,2025-03-27,275.00,PE,0.00,0.00,0.00,5.70,6.25,0,0.00,0,0,06-JAN-2025
OPTSTK,WIPRO,27-Feb-2025,2025-02-27,275.00,CE,0.00,0.00,0.00,54.05,26.20,0,0.00,0,0,06-JAN-2025
OPTSTK,WIPRO,30-Jan-2025,2025-01-30,320.00,CE,2.25,2.90,2.20,2.70,2.70,1495,14466.522,6201000,777000,06-JAN-2025
OPTSTK,WIPRO,30-Jan-2025,2025-01-30,267.50,CE,0.00,0.00,0.00,56.45,28.80,0,0.00,0,0,06-JAN-2025
OPTSTK,WIPRO,30-Jan-2025,2025-01-30,360.00,CE,0.25,0.25,0.20,0.25,0.25,165,1783.182,2184000,-45000,06-JAN-2025
OPTSTK,WIPRO,27-Mar-2025,2025-03-27,260.00,CE,0.00,0.00,0.00,52.60,41.00,0,0.00,0,0,06-JAN-2025
OPTIDX,NIFTY,26-Jun-2025,2025-06-26,19000.00,PE,30.80,44.00,29.00,40.00,40.00,436,6224.68953,622800,-7425,06-JAN-2025
OPTIDX,NIFTY,29-Jun-2028,2028-06-29,19000.00,CE,0.00,0.00,0.00,6252.25,8666.95,0,0.00,0,0,06-JAN-2025
OPTIDX,NIFTY,24-Jun-2027,2027-06-24,19000.00,CE,0.00,0.00,0.00,7800.00,7588.30,0,0.00,75,0,06-JAN-2025
OPTIDX,NIFTY,29-Jun-2028,2028-06-29,19000.00,PE,0.00,0.00,0.00,537.45,73.80,0,0.00,0,0,06-JAN-2025
OPTIDX,NIFTY,27-Mar-2025,2025-03-27,19000.00,CE,5050.00,5050.00,4890.00,4908.15,4908.15,10,179.523375,16550,225,06-JAN-2025
OPTIDX,NIFTY,28-Jun-2029,2029-06-28,19000.00,PE,0.00,0.00,0.00,170.30,76.35,0,0.00,0,0,06-JAN-2025
OPTIDX,NIFTY,27-Mar-2025,2025-03-27,19000.00,PE,10.65,15.00,9.90,13.80,13.80,711,10138.4805,84925,11375,06-JAN-2025
OPTIDX,NIFTY,28-Dec-2028,2028-12-28,19000.00,CE,0.00,0.00,0.00,8739.00,9166.25,0,0.00,0,0,06-JAN-2025
OPTIDX,NIFTY,25-Jun-2026,2026-06-25,19000.00,PE,0.00,0.00,0.00,160.05,36.25,0,0.00,175,0,06-JAN-2025
OPTIDX,NIFTY,25-Sep-2025,2025-09-25,19000.00,PE,0.00,0.00,0.00,8.90,9.05,0,0.00,0,0,06-JAN-2025
OPTIDX,NIFTY,25-Jun-2026,2026-06-25,19000.00,CE,0.00,0.00,0.00,5792.00,6442.10,0,0.00,100,0,06-JAN-2025
OPTIDX,NIFTY,31-Dec-2026,2026-12-31,19000.00,PE,0.00,0.00,0.00,203.00,51.70,0,0.00,2325,0,06-JAN-2025
OPTIDX,NIFTY,28-Jun-2029,2029-06-28,19000.00,CE,0.00,0.00,0.00,11036.95,9647.45,0,0.00,0,0,06-JAN-2025
OPTIDX,NIFTY,27-Dec-2029,2029-12-27,19000.00,CE,0.00,0.00,0.00,10714.60,10111.55,0,0.00,0,0,06-JAN-2025
OPTIDX,NIFTY,27-Dec-2029,2029-12-27,19000.00,PE,0.00,0.00,0.00,142.25,75.55,0,0.00,0,0,06-JAN-2025
OPTIDX,NIFTY,26-Jun-2025,2025-06-26,19000.00,CE,0.00,0.00,0.00,3077.90,5209.90,0,0.00,0,0,06-JAN-2025
OPTIDX,NIFTY,24-Dec-2025,2025-12-24,19000.00,PE,0.00,0.00,0.00,102.00,17.85,0,0.00,9425,0,06-JAN-2025
OPTIDX,NIFTY,31-Dec-2026,2026-12-31,19000.00,CE,0.00,0.00,0.00,8600.00,7048.70,0,0.00,125,0,06-JAN-2025
OPTIDX,NIFTY,30-Dec-2027,2027-12-30,19000.00,CE,0.00,0.00,0.00,5794.90,8148.40,0,0.00,0,0,06-JAN-2025
OPTIDX,NIFTY,28-Jun-2029,2029-06-28,29000.00,CE,0.00,0.00,0.00,5677.90,3828.85,0,0.00,0,0,06-JAN-2025
OPTIDX,NIFTY,27-Mar-2025,2025-03-27,29000.00,PE,4515.00,4924.05,4500.00,4853.85,4853.85,175,4436.65871,407450,-450,06-JAN-2025
OPTIDX,NIFTY,24-Dec-2025,2025-12-24,29000.00,CE,243.00,247.90,221.05,234.55,234.55,213,4670.17665,70575,675,06-JAN-2025
OPTIDX,NIFTY,30-Dec-2027,2027-12-30,29000.00,CE,0.00,0.00,0.00,1932.55,2180.05,0,0.00,0,0,06-JAN-2025
OPTIDX,NIFTY,31-Dec-2026,2026-12-31,29000.00,PE,0.00,0.00,0.00,5042.25,2885.25,0,0.00,0,0,06-JAN-2025
OPTIDX,NIFTY,26-Jun-2025,2025-06-26,29000.00,CE,40.55,42.95,38.00,39.05,39.05,55,1197.87491,57000,-1275,06-JAN-2025
OPTIDX,NIFTY,27-Feb-2025,2025-02-27,23400.00,PE,212.95,381.05,206.55,353.95,353.95,1081,19222.5583,111150,7575,06-JAN-2025
OPTIDX,NIFTY,09-Jan-2025,2025-01-09,25650.00,CE,0.85,1.70,0.75,1.35,1.35,48875,940274.491,619200,139650,06-JAN-2025
OPTIDX,NIFTY,27-Feb-2025,2025-02-27,25650.00,CE,70.25,81.85,49.20,51.00,51.00,264,5090.31667,2175,-3075,06-JAN-2025
OPTIDX,NIFTY,06-Feb-2025,2025-02-06,25650.00,CE,0.00,0.00,0.00,96.50,10.15,0,0.00,0,0,06-JAN-2025
OPTIDX,NIFTY,16-Jan-2025,2025-01-16,26300.00,PE,0.00,0.00,0.00,1635.25,2635.35,0,0.00,0,0,06-JAN-2025
OPTIDX,NIFTY,30-Jan-2025,2025-01-30,26300.00,CE,6.25,7.65,5.80,7.15,7.15,13038,85746.5331,70750,-74875,06-JAN-2025
OPTIDX,NIFTY,30-Jan-2025,2025-01-30,26300.00,PE,2485.35,2489.05,2485.35,2489.05,2567.90,2,14.3936,12175,0,06-JAN-2025
OPTSTK,TCS,27-Feb-2025,2025-02-27,3650.00,PE,0.00,0.00,0.00,14.20,6.80,0,0.00,0,0,06-JAN-2025
OPTSTK,TCS,30-Jan-2025,2025-01-30,3600.00,CE,0.00,0.00,0.00,555.50,511.30,0,0.00,350,0,06-JAN-2025
OPTSTK,TCS,30-Jan-2025,2025-01-30,4450.00,PE,393.50,393.55,360.60,365.00,341.95,9,75.908875,28175,-1050,06-JAN-2025
OPTSTK,TCS,30-Jan-2025,2025-01-30,4400.00,PE,294.00,350.00,294.00,334.60,334.60,110,908.841412,157325,-9800,06-JAN-2025
OPTSTK,TCS,27-Feb-2025,2025-02-27,4400.00,CE,47.40,52.00,44.60,48.40,39.25,25,194.643312,8400,-350,06-JAN-2025
OPTSTK,TCS,30-Jan-2025,2025-01-30,4800.00,CE,2.40,3.00,2.25,2.70,2.70,625,5252.84191,193025,2275,06-JAN-2025
OPTSTK,TCS,27-Feb-2025,2025-02-27,4550.00,PE,0.00,0.00,0.00,384.60,428.85,0,0.00,0,0,06-JAN-2025
OPTSTK,TCS,30-Jan-2025,2025-01-30,4700.00,CE,3.85,4.25,3.05,3.70,3.70,469,3860.52528,182175,2450,06-JAN-2025
OPTSTK,TCS,30-Jan-2025,2025-01-30,4800.00,PE,0.00,0.00,0.00,738.00,683.85,0,0.00,1750,0,06-JAN-2025
OPTSTK,TCS,30-Jan-2025,2025-01-30,4550.00,PE,448.30,448.30,448.30,448.30,437.25,1,8.747025,9625,175,06-JAN-2025
OPTSTK,TCS,30-Jan-2025,2025-01-30,4550.00,CE,8.05,9.35,6.50,7.75,7.75,1130,9013.05422,128450,-3500,06-JAN-2025
OPTSTK,TCS,27-Mar-2025,2025-03-27,4600.00,PE,0.00,0.00,0.00,431.50,468.50,0,0.00,0,0,06-JAN-2025
OPTSTK,TCS,27-Feb-2025,2025-02-27,4600.00,PE,0.00,0.00,0.00,380.30,473.95,0,0.00,0,0,06-JAN-2025
OPTSTK,TCS,30-Jan-2025,2025-01-30,4350.00,PE,264.60,291.10,248.40,287.55,287.55,101,817.91395,78400,9275,06-JAN-2025
OPTSTK,TCS,27-Feb-2025,2025-02-27,3800.00,PE,29.30,39.65,26.00,37.45,21.40,26,174.464325,17325,1050,06-JAN-2025
OPTSTK,TCS,27-Mar-2025,2025-03-27,3800.00,PE,45.00,45.00,45.00,45.00,35.75,1,6.72875,525,175,06-JAN-2025
OPTSTK,TCS,27-Mar-2025,2025-03-27,3800.00,CE,0.00,0.00,0.00,486.95,386.55,0,0.00,0,0,06-JAN-2025
OPTSTK,TCS,27-Feb-2025,2025-02-27,4650.00,PE,0.00,0.00,0.00,464.70,520.05,0,0.00,0,0,06-JAN-2025
OPTSTK,TCS,27-Feb-2025,2025-02-27,4150.00,CE,133.25,133.25,115.25,126.50,119.45,15,112.059587,2450,2450,06-JAN-2025
OPTSTK,TCS,30-Jan-2025,2025-01-30,5000.00,PE,0.00,0.00,0.00,875.00,882.85,0,0.00,8050,0,06-JAN-2025
OPTSTK,TCS,27-Feb-2025,2025-02-27,4350.00,PE,0.00,0.00,0.00,244.00,263.60,0,0.00,0,0,06-JAN-2025
OPTSTK,TCS,30-Jan-2025,2025-01-30,3900.00,PE,38.00,46.65,25.70,44.15,44.15,2889,19903.7663,351400,-26250,06-JAN-2025
OPTSTK,TCS,27-Mar-2025,2025-03-27,4500.00,PE,0.00,0.00,0.00,359.35,385.95,0,0.00,0,0,06-JAN-2025
OPTSTK,TCS,30-Jan-2025,2025-01-30,4500.00,PE,388.05,438.95,365.25,416.05,416.05,111,951.876537,150850,-525,06-JAN-2025
OPTSTK,TCS,27-Feb-2025,2025-02-27,3700.00,CE,0.00,0.00,0.00,636.60,440.70,0,0.00,0,0,06-JAN-2025
OPTSTK,TCS,27-Feb-2025,2025-02-27,4550.00,CE,0.00,0.00,0.00,29.00,17.40,0,0.00,525,0,06-JAN-2025
FUTSTK,TCS,27-Mar-2025,2025-03-27,,,4135.00,4188.90,4114.85,4132.55,4132.55,68,493.47095,21175,1225,06-JAN-2025
OPTSTK,TCS,30-Jan-2025,2025-01-30,4400.00,CE,19.80,23.85,16.00,18.45,18.45,7109,54981.9368,544950,2275,06-JAN-2025
OPTSTK,TCS,30-Jan-2025,2025-01-30,4850.00,CE,0.00,0.00,0.00,1.55,0.05,0,0.00,4550,0,06-JAN-2025
OPTSTK,TCS,30-Jan-2025,2025-01-30,4500.00,CE,9.65,12.70,8.75,10.35,10.35,5863,46279.6715,655200,89075,06-JAN-2025
OPTSTK,TCS,30-Jan-2025,2025-01-30,4900.00,CE,1.80,2.30,1.80,2.10,2.10,128,1098.06305,65100,5600,06-JAN-2025
OPTSTK,TCS,27-Feb-2025,2025-02-27,4900.00,CE,0.00,0.00,0.00,46.55,1.75,0,0.00,0,0,06-JAN-2025
OPTSTK,APLAPOLLO,30-Jan-2025,2025-01-30,1360.00,CE,0.00,0.00,0.00,165.05,238.70,0,0.00,0,0,06-JAN-2025
OPTSTK,APLAPOLLO,27-Feb-2025,2025-02-27,1680.00,CE,0.00,0.00,0.00,49.10,45.70,0,0.00,0,0,06-JAN-2025
OPTSTK,APLAPOLLO,27-Mar-2025,2025-03-27,1680.00,PE,0.00,0.00,0.00,208.85,129.70,0,0.00,0,0,06-JAN-2025
OPTSTK,APLAPOLLO,30-Jan-2025,2025-01-30,1440.00,PE,3.50,8.00,3.50,7.40,5.40,66,333.985575,61600,1400,06-JAN-2025
OPTSTK,APLAPOLLO,27-Feb-2025,2025-02-27,1440.00,CE,0.00,0.00,0.00,138.60,182.30,0,0.00,0,0,06-JAN-2025
OPTSTK,APLAPOLLO,27-Feb-2025,2025-02-27,1700.00,CE,0.00,0.00,0.00,36.00,39.50,0,0.00,350,0,06-JAN-2025
OPTSTK,APLAPOLLO,27-Feb-2025,2025-02-27,1700.00,PE,0.00,0.00,0.00,214.75,131.50,0,0.00,0,0,06-JAN-2025
FUTSTK,APLAPOLLO,27-Feb-2025,2025-02-27,,,1637.45,1647.50,1604.00,1607.55,1607.55,22,124.5356,21700,-2450,06-JAN-2025
OPTSTK,APLAPOLLO,27-Feb-2025,2025-02-27,1440.00,PE,0.00,0.00,0.00,84.65,16.80,0,0.00,0,0,06-JAN-2025
OPTSTK,APLAPOLLO,27-Mar-2025,2025-03-27,1280.00,CE,0.00,0.00,0.00,264.45,335.45,0,0.00,0,0,06-JAN-2025
OPTSTK,APLAPOLLO,27-Feb-2025,2025-02-27,1680.00,PE,0.00,0.00,0.00,230.80,117.90,0,0.00,0,0,06-JAN-2025
OPTSTK,APLAPOLLO,27-Feb-2025,2025-02-27,1580.00,PE,0.00,0.00,0.00,129.60,61.45,0,0.00,0,0,06-JAN-2025
OPTSTK,APLAPOLLO,30-Jan-2025,2025-01-30,1620.00,PE,47.10,62.15,47.10,57.75,62.35,66,387.259775,22050,-5950,06-JAN-2025
OPTSTK,APLAPOLLO,27-Feb-2025,2025-02-27,1620.00,CE,0.00,0.00,0.00,53.35,68.85,0,0.00,0,0,06-JAN-2025
OPTSTK,APLAPOLLO,30-Jan-2025,2025-01-30,1660.00,PE,73.55,74.00,73.55,74.00,87.80,3,18.204025,8050,-700,06-JAN-2025
OPTSTK,APLAPOLLO,30-Jan-2025,2025-01-30,1520.00,PE,11.25,21.45,11.25,21.25,21.25,92,495.794075,80850,10150,06-JAN-2025
OPTSTK,APLAPOLLO,27-Feb-2025,2025-02-27,1520.00,CE,0.00,0.00,0.00,100.65,123.85,0,0.00,0,0,06-JAN-2025
OPTSTK,APLAPOLLO,30-Jan-2025,2025-01-30,1520.00,CE,105.00,105.00,105.00,105.00,98.35,1,5.6875,34650,-350,06-JAN-2025
OPTSTK,APLAPOLLO,30-Jan-2025,2025-01-30,1560.00,CE,83.30,87.00,70.30,71.00,71.85,30,171.5651,57750,0,06-JAN-2025
OPTSTK,APLAPOLLO,27-Feb-2025,2025-02-27,1560.00,CE,0.00,0.00,0.00,84.90,99.35,0,0.00,0,0,06-JAN-2025
OPTSTK,APLAPOLLO,30-Jan-2025,2025-01-30,1580.00,CE,75.75,86.70,55.95,61.90,61.90,144,829.72155,88900,6650,06-JAN-2025
OPTSTK,APLAPOLLO,30-Jan-2025,2025-01-30,1580.00,PE,32.00,44.00,22.80,42.10,42.10,203,1148.98332,68600,-5950,06-JAN-2025
OPTSTK,APLAPOLLO,30-Jan-2025,2025-01-30,1480.00,CE,0.00,0.00,0.00,124.35,129.20,0,0.00,4200,0,06-JAN-2025
FUTSTK,APLAPOLLO,27-Mar-2025,2025-03-27,,,1621.00,1621.00,1620.00,1620.00,1615.50,2,11.3435,3150,350,06-JAN-2025
OPTSTK,APLAPOLLO,27-Mar-2025,2025-03-27,1480.00,PE,0.00,0.00,0.00,89.35,37.50,0,0.00,0,0,06-JAN-2025
OPTSTK,APLAPOLLO,30-Jan-2025,2025-01-30,1480.00,PE,5.20,13.40,4.60,10.50,10.90,99,515.80165,538650,-350,06-JAN-2025
OPTSTK,APLAPOLLO,27-Mar-2025,2025-03-27,1400.00,CE,0.00,0.00,0.00,179.15,231.00,0,0.00,0,0,06-JAN-2025
OPTSTK,APLAPOLLO,30-Jan-2025,2025-01-30,1320.00,PE,1.20,2.30,1.20,1.70,0.30,38,175.819,29400,-8400,06-JAN-2025
OPTSTK,APLAPOLLO,30-Jan-2025,2025-01-30,1780.00,CE,8.00,8.00,7.55,7.55,5.60,27,168.94045,8750,8750,06-JAN-2025
OPTSTK,APLAPOLLO,30-Jan-2025,2025-01-30,1780.00,PE,0.00,0.00,0.00,306.10,185.95,0,0.00,0,0,06-JAN-2025
OPTSTK,APLAPOLLO,30-Jan-2025,2025-01-30,1680.00,PE,88.55,88.55,88.55,88.55,102.15,1,6.189925,9450,0,06-JAN-2025
OPTSTK,TATAELXSI,27-Feb-2025,2025-02-27,7400.00,PE,0.00,0.00,0.00,828.20,908.55,0,0.00,0,0,06-JAN-2025
OPTSTK,TATAELXSI,30-Jan-2025,2025-01-30,7400.00,CE,40.10,44.80,27.30,30.30,30.30,138,1025.90105,23500,2200,06-JAN-2025
OPTSTK,TATAELXSI,27-Feb-2025,2025-02-27,6400.00,CE,400.00,400.00,400.00,400.00,385.45,1,6.8,200,100,06-JAN-2025
OPTSTK,TATAELXSI,27-Feb-2025,2025-02-27,6500.00,CE,0.00,0.00,0.00,702.80,333.25,0,0.00,0,0,06-JAN-2025
OPTSTK,TATAELXSI,30-Jan-2025,2025-01-30,6500.00,PE,175.00,260.00,145.75,251.15,251.15,750,5041.19735,52200,-16900,06-JAN-2025
OPTSTK,TATAELXSI,30-Jan-2025,2025-01-30,7600.00,PE,0.00,0.00,0.00,877.70,1086.15,0,0.00,300,0,06-JAN-2025
OPTSTK,TATAELXSI,27-Feb-2025,2025-02-27,7600.00,CE,0.00,0.00,0.00,261.10,42.80,0,0.00,0,0,06-JAN-2025
OPTSTK,TATAELXSI,30-Jan-2025,2025-01-30,6000.00,CE,0.00,0.00,0.00,734.90,554.20,0,0.00,1400,0,06-JAN-2025
OPTSTK,TATAELXSI,30-Jan-2025,2025-01-30,6000.00,PE,40.00,79.95,39.95,77.70,77.70,592,3590.0074,31700,900,06-JAN-2025
OPTSTK,TATAELXSI,27-Feb-2025,2025-02-27,6600.00,CE,0.00,0.00,0.00,655.45,286.15,0,0.00,0,0,06-JAN-2025
OPTSTK,TATAELXSI,30-Jan-2025,2025-01-30,6600.00,PE,190.00,317.10,190.00,304.90,304.90,192,1317.6521,18900,-1000,06-JAN-2025
OPTSTK,TATAELXSI,27-Mar-2025,2025-03-27,8000.00,CE,0.00,0.00,0.00,207.10,46.85,0,0.00,0,0,06-JAN-2025
OPTSTK,TATAELXSI,30-Jan-2025,2025-01-30,6700.00,PE,271.90,381.70,248.25,368.70,368.70,287,2006.25655,35900,6400,06-JAN-2025
OPTSTK,TATAELXSI,27-Feb-2025,2025-02-27,6700.00,CE,0.00,0.00,0.00,582.55,243.95,0,0.00,0,0,06-JAN-2025
OPTSTK,TATAELXSI,27-Mar-2025,2025-03-27,7600.00,PE,0.00,0.00,0.00,875.45,1093.20,0,0.00,0,0,06-JAN-2025
OPTSTK,TATAELXSI,30-Jan-2025,2025-01-30,6300.00,PE,98.00,169.65,98.00,162.95,162.95,216,1391.06775,29000,-2600,06-JAN-2025
OPTSTK,TATAELXSI,27-Feb-2025,2025-02-27,6300.00,PE,0.00,0.00,0.00,162.35,195.90,0,0.00,0,0,06-JAN-2025
OPTSTK,TATAELXSI,30-Jan-2025,2025-01-30,7700.00,CE,16.35,21.95,15.00,15.50,15.50,158,1219.4678,19000,2700,06-JAN-2025
OPTSTK,TATAELXSI,27-Feb-2025,2025-02-27,6900.00,CE,0.00,0.00,0.00,314.55,173.70,0,0.00,100,0,06-JAN-2025
OPTSTK,TATAELXSI,27-Mar-2025,2025-03-27,6200.00,CE,0.00,0.00,0.00,999.65,591.25,0,0.00,0,0,06-JAN-2025
OPTSTK,TATAELXSI,30-Jan-2025,2025-01-30,6200.00,PE,82.00,135.00,75.50,130.65,130.65,87,549.57315,10300,600,06-JAN-2025
OPTSTK,TATAELXSI,27-Feb-2025,2025-02-27,6200.00,PE,0.00,0.00,0.00,226.60,159.20,0,0.00,0,0,06-JAN-2025
OPTSTK,TATAELXSI,27-Feb-2025,2025-02-27,6200.00,CE,0.00,0.00,0.00,895.40,505.15,0,0.00,0,0,06-JAN-2025
OPTSTK,TATAELXSI,30-Jan-2025,2025-01-30,6800.00,PE,409.00,450.00,398.60,450.00,450.00,11,79.35115,11800,-300,06-JAN-2025
OPTSTK,TATAELXSI,30-Jan-2025,2025-01-30,6800.00,CE,180.45,191.20,110.75,115.95,115.95,641,4447.57045,43500,13700,06-JAN-2025
OPTSTK,TATAELXSI,27-Mar-2025,2025-03-27,6200.00,PE,0.00,0.00,0.00,191.45,213.60,0,0.00,0,0,06-JAN-2025
OPTSTK,TATAELXSI,30-Jan-2025,2025-01-30,6300.00,CE,0.00,0.00,0.00,449.85,331.50,0,0.00,11100,0,06-JAN-2025
FUTSTK,TATAELXSI,27-Feb-2025,2025-02-27,,,6700.00,6719.50,6472.05,6486.20,6486.20,251,1646.92895,45400,6800,06-JAN-2025
OPTSTK,TATAELXSI,27-Mar-2025,2025-03-27,7000.00,CE,0.00,0.00,0.00,535.30,223.80,0,0.00,0,0,06-JAN-2025
OPTSTK,TATAELXSI,27-Mar-2025,2025-03-27,6800.00,CE,0.00,0.00,0.00,633.30,292.45,0,0.00,0,0,06-JAN-2025
OPTSTK,TATAELXSI,27-Feb-2025,2025-02-27,6800.00,PE,0.00,0.00,0.00,474.20,454.90,0,0.00,0,0,06-JAN-2025
OPTSTK,ASHOKLEY,27-Mar-2025,2025-03-27,210.00,CE,0.00,0.00,0.00,22.90,24.05,0,0.00,0,0,06-JAN-2025
OPTSTK,ASHOKLEY,30-Jan-2025,2025-01-30,180.00,PE,0.10,0.10,0.05,0.05,0.05,4,18.00875,40000,5000,06-JAN-2025
OPTSTK,ASHOKLEY,27-Feb-2025,2025-02-27,230.00,CE,8.65,8.65,8.65,8.65,9.40,1,5.96625,15000,2500,06-JAN-2025
OPTSTK,ASHOKLEY,30-Jan-2025,2025-01-30,220.00,PE,1.50,3.40,1.40,3.10,3.10,2194,12194.3525,1872500,-942500,06-JAN-2025
OPTSTK,ASHOKLEY,27-Mar-2025,2025-03-27,220.00,CE,0.00,0.00,0.00,17.40,17.60,0,0.00,0,0,06-JAN-2025
OPTSTK,ASHOKLEY,27-Feb-2025,2025-02-27,227.50,CE,0.00,0.00,0.00,10.85,10.60,0,0.00,0,0,06-JAN-2025
OPTSTK,ASHOKLEY,27-Mar-2025,2025-03-27,195.00,CE,0.00,0.00,0.00,33.05,35.75,0,0.00,0,0,06-JAN-2025
OPTSTK,ASHOKLEY,27-Feb-2025,2025-02-27,195.00,PE,0.00,0.00,0.00,2.80,0.85,0,0.00,0,0,06-JAN-2025
OPTSTK,ASHOKLEY,30-Jan-2025,2025-01-30,257.50,CE,0.65,0.65,0.30,0.35,0.35,100,644.84625,192500,57500,06-JAN-2025
OPTSTK,ASHOKLEY,27-Feb-2025,2025-02-27,245.00,CE,0.00,0.00,0.00,5.30,4.30,0,0.00,32500,0,06-JAN-2025
OPTSTK,ASHOKLEY,27-Mar-2025,2025-03-27,245.00,PE,0.00,0.00,0.00,28.35,22.05,0,0.00,0,0,06-JAN-2025
OPTSTK,ASHOKLEY,27-Mar-2025,2025-03-27,195.00,PE,0.00,0.00,0.00,4.40,1.75,0,0.00,0,0,06-JAN-2025
OPTSTK,ASHOKLEY,27-Mar-2025,2025-03-27,225.00,CE,0.00,0.00,0.00,15.05,14.85,0,0.00,0,0,06-JAN-2025
OPTSTK,ASHOKLEY,30-Jan-2025,2025-01-30,225.00,PE,2.55,5.30,2.30,4.80,4.80,1819,10397.4075,1815000,-100000,06-JAN-2025
OPTSTK,ASHOKLEY,27-Mar-2025,2025-03-27,225.00,PE,0.00,0.00,0.00,15.85,10.40,0,0.00,0,0,06-JAN-2025
OPTSTK,ASHOKLEY,27-Feb-2025,2025-02-27,255.00,PE,0.00,0.00,0.00,28.25,28.75,0,0.00,0,0,06-JAN-2025
OPTSTK,ASHOKLEY,27-Feb-2025,2025-02-27,212.50,CE,0.00,0.00,0.00,18.35,19.60,0,0.00,0,0,06-JAN-2025
OPTSTK,ASHOKLEY,30-Jan-2025,2025-01-30,212.50,CE,18.85,18.85,16.65,16.65,16.65,7,40.31875,95000,7500,06-JAN-2025
OPTSTK,ASHOKLEY,27-Mar-2025,2025-03-27,235.00,CE,0.00,0.00,0.00,11.05,10.25,0,0.00,0,0,06-JAN-2025
OPTSTK,ASHOKLEY,30-Jan-2025,2025-01-30,235.00,PE,6.00,10.90,5.70,10.35,10.35,667,4038.98625,890000,-237500,06-JAN-2025
OPTSTK,ASHOKLEY,30-Jan-2025,2025-01-30,235.00,CE,5.60,5.90,2.75,2.95,2.95,1994,11910.3875,2327500,270000,06-JAN-2025
OPTSTK,ASHOKLEY,30-Jan-2025,2025-01-30,195.00,PE,0.25,0.45,0.25,0.40,0.40,71,346.72,692500,37500,06-JAN-2025
OPTSTK,ASHOKLEY,27-Feb-2025,2025-02-27,257.50,PE,0.00,0.00,0.00,37.10,30.90,0,0.00,0,0,06-JAN-2025
OPTSTK,ASHOKLEY,30-Jan-2025,2025-01-30,257.50,PE,0.00,0.00,0.00,22.60,30.60,0,0.00,7500,0,06-JAN-2025
OPTSTK,ASHOKLEY,30-Jan-2025,2025-01-30,180.00,CE,0.00,0.00,0.00,40.00,46.95,0,0.00,10000,0,06-JAN-2025
OPTSTK,ASHOKLEY,27-Mar-2025,2025-03-27,230.00,PE,0.00,0.00,0.00,18.65,12.85,0,0.00,0,0,06-JAN-2025
OPTSTK,ASHOKLEY,27-Feb-2025,2025-02-27,215.00,PE,0.00,0.00,0.00,2.65,4.65,0,0.00,2500,0,06-JAN-2025
OPTSTK,ASHOKLEY,27-Feb-2025,2025-02-27,255.00,CE,0.00,0.00,0.00,9.40,2.35,0,0.00,0,0,06-JAN-2025
OPTSTK,ASHOKLEY,30-Jan-2025,2025-01-30,190.00,CE,45.30,45.30,37.55,38.35,37.05,5,28.7425,70000,-7500,06-JAN-2025
OPTSTK,ASHOKLEY,30-Jan-2025,2025-01-30,270.00,CE,0.20,0.20,0.15,0.20,0.20,39,263.43625,587500,12500,06-JAN-2025
OPTSTK,ASHOKLEY,27-Mar-2025,2025-03-27,245.00,CE,0.00,0.00,0.00,7.90,6.80,0,0.00,0,0,06-JAN-2025
OPTSTK,ASHOKLEY,27-Feb-2025,2025-02-27,262.50,PE,0.00,0.00,0.00,41.40,35.25,0,0.00,0,0,06-JAN-2025
OPTSTK,COLPAL,27-Feb-2025,2025-02-27,3200.00,CE,0.00,0.00,0.00,113.10,7.30,0,0.00,0,0,06-JAN-2025
OPTSTK,MAXHEALTH,27-Feb-2025,2025-02-27,1320.00,CE,0.00,0.00,0.00,11.50,16.30,0,0.00,0,0,06-JAN-2025
OPTSTK,COLPAL,27-Feb-2025,2025-02-27,3160.00,CE,0.00,0.00,0.00,21.15,9.85,0,0.00,0,0,06-JAN-2025
OPTSTK,COLPAL,30-Jan-2025,2025-01-30,2950.00,CE,27.00,27.00,16.10,19.05,19.05,104,540.2404,21525,1050,06-JAN-2025
OPTSTK,COLPAL,27-Feb-2025,2025-02-27,2980.00,PE,0.00,0.00,0.00,274.50,231.75,0,0.00,0,0,06-JAN-2025
OPTSTK,NAVINFLUOR,30-Jan-2025,2025-01-30,2950.00,PE,0.00,0.00,0.00,14.55,4.85,0,0.00,3325,0,06-JAN-2025
OPTSTK,BHEL,30-Jan-2025,2025-01-30,220.00,PE,3.60,8.45,3.60,8.15,8.15,4204,25003.2011,2157750,34125,06-JAN-2025
OPTSTK,BHEL,27-Mar-2025,2025-03-27,220.00,PE,0.00,0.00,0.00,13.80,16.90,0,0.00,0,0,06-JAN-2025
OPTSTK,MAXHEALTH,30-Jan-2025,2025-01-30,1060.00,CE,0.00,0.00,0.00,86.65,107.20,0,0.00,3675,0,06-JAN-2025
OPTSTK,COLPAL,27-Feb-2025,2025-02-27,2680.00,PE,0.00,0.00,0.00,93.95,56.95,0,0.00,0,0,06-JAN-2025
OPTSTK,COLPAL,27-Mar-2025,2025-03-27,2680.00,PE,0.00,0.00,0.00,112.45,73.90,0,0.00,0,0,06-JAN-2025
OPTSTK,COLPAL,30-Jan-2025,2025-01-30,2860.00,CE,58.00,58.50,32.00,38.65,38.65,181,918.499925,13825,5250,06-JAN-2025
OPTSTK,COLPAL,27-Feb-2025,2025-02-27,2900.00,PE,0.00,0.00,0.00,100.70,172.80,0,0.00,0,0,06-JAN-2025
OPTSTK,COLPAL,27-Feb-2025,2025-02-27,2900.00,CE,0.00,0.00,0.00,254.15,54.05,0,0.00,0,0,06-JAN-2025
OPTSTK,NAVINFLUOR,27-Feb-2025,2025-02-27,2900.00,CE,0.00,0.00,0.00,665.10,489.95,0,0.00,0,0,06-JAN-2025
OPTSTK,MAXHEALTH,30-Jan-2025,2025-01-30,1360.00,CE,2.95,4.50,2.30,3.75,3.75,43,307.818,133350,12075,06-JAN-2025
OPTSTK,COLPAL,27-Feb-2025,2025-02-27,3000.00,CE,0.00,0.00,0.00,40.65,29.75,0,0.00,525,0,06-JAN-2025
OPTSTK,MAXHEALTH,27-Feb-2025,2025-02-27,1300.00,CE,0.00,0.00,0.00,37.95,19.80,0,0.00,0,0,06-JAN-2025
OPTSTK,COLPAL,30-Jan-2025,2025-01-30,2660.00,PE,26.85,40.00,26.85,39.60,39.60,66,311.569737,8225,-5775,06-JAN-2025
OPTSTK,MAXHEALTH,27-Feb-2025,2025-02-27,1340.00,CE,0.00,0.00,0.00,29.10,13.35,0,0.00,0,0,06-JAN-2025
OPTSTK,MAXHEALTH,27-Feb-2025,2025-02-27,1220.00,CE,0.00,0.00,0.00,62.35,40.50,0,0.00,0,0,06-JAN-2025
OPTSTK,BHEL,27-Feb-2025,2025-02-27,235.00,PE,0.00,0.00,0.00,16.70,22.70,0,0.00,0,0,06-JAN-2025
OPTSTK,COLPAL,30-Jan-2025,2025-01-30,2740.00,PE,44.85,76.30,44.85,68.50,68.50,489,2402.21091,21000,12775,06-JAN-2025
OPTSTK,COLPAL,27-Mar-2025,2025-03-27,2320.00,CE,0.00,0.00,0.00,459.50,473.55,0,0.00,0,0,06-JAN-2025
OPTSTK,COLPAL,30-Jan-2025,2025-01-30,2320.00,PE,0.00,0.00,0.00,2.65,0.10,0,0.00,0,0,06-JAN-2025
OPTSTK,BHEL,30-Jan-2025,2025-01-30,215.00,CE,14.90,16.15,11.15,11.40,11.40,125,749.365312,270375,112875,06-JAN-2025
OPTSTK,COLPAL,27-Mar-2025,2025-03-27,3200.00,PE,0.00,0.00,0.00,457.00,418.55,0,0.00,0,0,06-JAN-2025
OPTSTK,NAVINFLUOR,30-Jan-2025,2025-01-30,3200.00,PE,31.95,43.25,26.40,37.60,37.60,140,792.8599,27300,6300,06-JAN-2025
OPTSTK,COLPAL,30-Jan-2025,2025-01-30,2820.00,CE,77.00,80.75,43.00,53.25,53.25,395,1987.18843,31675,-700,06-JAN-2025
OPTSTK,MAXHEALTH,30-Jan-2025,2025-01-30,1100.00,CE,89.00,96.20,74.95,75.00,76.95,28,175.010325,23625,1050,06-JAN-2025
OPTSTK,MAXHEALTH,30-Jan-2025,2025-01-30,1100.00,PE,12.60,23.55,11.50,22.65,22.65,137,803.549512,76650,19950,06-JAN-2025
OPTSTK,COLPAL,27-Mar-2025,2025-03-27,2680.00,CE,0.00,0.00,0.00,200.05,186.70,0,0.00,0,0,06-JAN-2025
OPTSTK,TATAPOWER,30-Jan-2025,2025-01-30,385.00,CE,16.80,16.80,9.00,9.50,9.50,2096,11200.6806,839700,495450,06-JAN-2025
OPTSTK,EXIDEIND,27-Feb-2025,2025-02-27,385.00,CE,0.00,0.00,0.00,50.50,37.10,0,0.00,0,0,06-JAN-2025
OPTSTK,EXIDEIND,30-Jan-2025,2025-01-30,385.00,PE,2.35,5.40,2.20,4.75,4.75,156,1091.3796,145800,52200,06-JAN-2025
OPTSTK,TATAPOWER,30-Jan-2025,2025-01-30,490.00,CE,0.25,0.25,0.20,0.25,0.25,29,191.9295,274050,6750,06-JAN-2025
OPTSTK,EXIDEIND,27-Feb-2025,2025-02-27,490.00,PE,0.00,0.00,0.00,74.05,78.85,0,0.00,0,0,06-JAN-2025
OPTSTK,EXIDEIND,30-Jan-2025,2025-01-30,480.00,CE,1.05,1.10,0.75,0.90,0.90,688,5955.2523,1418400,363600,06-JAN-2025
OPTSTK,EXIDEIND,27-Feb-2025,2025-02-27,425.00,CE,0.00,0.00,0.00,27.95,15.95,0,0.00,0,0,06-JAN-2025
OPTSTK,EXIDEIND,30-Jan-2025,2025-01-30,540.00,CE,0.15,0.15,0.05,0.05,0.05,14,136.1052,214200,0,06-JAN-2025
OPTSTK,TATAPOWER,30-Jan-2025,2025-01-30,345.00,PE,1.40,2.55,1.40,2.40,2.40,436,2042.29485,156600,25650,06-JAN-2025
FUTSTK,TATAPOWER,27-Feb-2025,2025-02-27,,,400.25,400.50,380.40,381.65,381.65,1109,5823.81562,3091500,94500,06-JAN-2025
OPTSTK,TATAPOWER,30-Jan-2025,2025-01-30,485.00,CE,0.00,0.00,0.00,1.00,0.05,0,0.00,1350,0,06-JAN-2025
OPTSTK,EXIDEIND,30-Jan-2025,2025-01-30,490.00,CE,0.70,0.70,0.55,0.55,0.55,161,1421.6544,757800,-70200,06-JAN-2025
OPTSTK,EXIDEIND,27-Mar-2025,2025-03-27,480.00,PE,0.00,0.00,0.00,69.00,71.00,0,0.00,0,0,06-JAN-2025
OPTSTK,EXIDEIND,30-Jan-2025,2025-01-30,450.00,PE,33.15,44.20,33.15,41.95,42.00,12,105.8148,819000,1800,06-JAN-2025
OPTSTK,EXIDEIND,27-Feb-2025,2025-02-27,450.00,CE,0.00,0.00,0.00,18.25,8.35,0,0.00,0,0,06-JAN-2025
OPTSTK,EXIDEIND,27-Feb-2025,2025-02-27,450.00,PE,0.00,0.00,0.00,44.30,45.10,0,0.00,0,0,06-JAN-2025
OPTSTK,EXIDEIND,27-Feb-2025,2025-02-27,445.00,PE,0.00,0.00,0.00,41.10,41.40,0,0.00,0,0,06-JAN-2025
OPTSTK,TATAPOWER,30-Jan-2025,2025-01-30,360.00,CE,36.20,36.20,23.30,24.25,24.25,32,166.826925,41850,18900,06-JAN-2025
OPTSTK,EXIDEIND,27-Feb-2025,2025-02-27,480.00,PE,0.00,0.00,0.00,46.70,69.90,0,0.00,0,0,06-JAN-2025
OPTSTK,EXIDEIND,27-Feb-2025,2025-02-27,410.00,CE,0.00,0.00,0.00,35.35,22.50,0,0.00,0,0,06-JAN-2025
OPTSTK,EXIDEIND,27-Feb-2025,2025-02-27,400.00,CE,0.00,0.00,0.00,76.75,27.80,0,0.00,0,0,06-JAN-2025
OPTSTK,TATAPOWER,30-Jan-2025,2025-01-30,410.00,CE,6.45,6.50,2.55,2.70,2.70,5505,30750.0927,4266000,855900,06-JAN-2025
OPTSTK,TATAPOWER,27-Feb-2025,2025-02-27,410.00,CE,10.95,11.30,7.70,7.85,7.85,82,463.212675,132300,55350,06-JAN-2025
OPTSTK,TATAPOWER,27-Mar-2025,2025-03-27,400.00,PE,0.00,0.00,0.00,25.70,32.20,0,0.00,0,0,06-JAN-2025
OPTSTK,EXIDEIND,27-Feb-2025,2025-02-27,400.00,PE,13.50,13.70,13.05,13.20,13.20,5,37.2069,30600,3600,06-JAN-2025
OPTSTK,TATAPOWER,30-Jan-2025,2025-01-30,340.00,PE,0.70,2.00,0.65,1.75,1.75,1206,5556.7026,897750,151200,06-JAN-2025
OPTSTK,TATAPOWER,27-Feb-2025,2025-02-27,365.00,CE,0.00,0.00,0.00,52.70,28.10,0,0.00,0,0,06-JAN-2025
OPTSTK,TATAPOWER,30-Jan-2025,2025-01-30,365.00,PE,2.25,6.70,2.20,6.30,6.30,1651,8240.00647,612900,310500,06-JAN-2025
OPTSTK,TATAPOWER,27-Feb-2025,2025-02-27,440.00,CE,3.95,3.95,3.00,3.05,3.05,30,179.576325,36450,20250,06-JAN-2025
OPTSTK,TATAPOWER,27-Mar-2025,2025-03-27,440.00,PE,0.00,0.00,0.00,48.35,61.35,0,0.00,0,0,06-JAN-2025
OPTSTK,EXIDEIND,30-Jan-2025,2025-01-30,375.00,PE,1.45,3.45,1.45,3.10,3.10,276,1875.9591,295200,-46800,06-JAN-2025
OPTSTK,KALYANKJIL,30-Jan-2025,2025-01-30,760.00,PE,19.85,40.20,16.70,38.50,38.50,497,3027.11938,58125,-25575,06-JAN-2025
OPTSTK,KALYANKJIL,27-Feb-2025,2025-02-27,740.00,PE,0.00,0.00,0.00,44.80,40.15,0,0.00,775,0,06-JAN-2025
OPTSTK,KALYANKJIL,27-Feb-2025,2025-02-27,760.00,PE,0.00,0.00,0.00,93.55,50.55,0,0.00,0,0,06-JAN-2025
OPTSTK,CIPLA,27-Feb-2025,2025-02-27,1560.00,PE,0.00,0.00,0.00,72.00,87.45,0,0.00,325,0,06-JAN-2025
OPTSTK,CIPLA,30-Jan-2025,2025-01-30,1580.00,PE,97.40,97.50,97.40,97.50,92.50,2,10.903425,42575,-325,06-JAN-2025
OPTSTK,CIPLA,30-Jan-2025,2025-01-30,1400.00,PE,7.65,11.60,5.05,9.50,9.50,1051,4811.40123,211250,-5525,06-JAN-2025
OPTSTK,CIPLA,27-Mar-2025,2025-03-27,1400.00,PE,0.00,0.00,0.00,39.50,24.85,0,0.00,0,0,06-JAN-2025
OPTSTK,CIPLA,27-Feb-2025,2025-02-27,1320.00,PE,0.00,0.00,0.00,19.75,4.70,0,0.00,0,0,06-JAN-2025
OPTSTK,CIPLA,27-Mar-2025,2025-03-27,1360.00,CE,0.00,0.00,0.00,183.45,167.15,0,0.00,0,0,06-JAN-2025
OPTSTK,CIPLA,27-Mar-2025,2025-03-27,1400.00,CE,0.00,0.00,0.00,155.35,136.80,0,0.00,0,0,06-JAN-2025
OPTSTK,CIPLA,30-Jan-2025,2025-01-30,1320.00,CE,0.00,0.00,0.00,265.25,178.00,0,0.00,0,0,06-JAN-2025
OPTSTK,CIPLA,27-Feb-2025,2025-02-27,1520.00,PE,0.00,0.00,0.00,89.70,63.20,0,0.00,0,0,06-JAN-2025
OPTSTK,CIPLA,27-Feb-2025,2025-02-27,1520.00,CE,51.45,51.45,51.45,51.45,49.15,1,5.1072125,975,325,06-JAN-2025
OPTSTK,CIPLA,30-Jan-2025,2025-01-30,1300.00,PE,1.35,1.80,1.35,1.55,1.55,127,537.199975,52325,-6500,06-JAN-2025
OPTSTK,LUPIN,30-Jan-2025,2025-01-30,2380.00,CE,60.35,68.70,45.95,56.50,56.50,1756,18176.3169,198900,-425,06-JAN-2025
OPTSTK,ASTRAL,30-Jan-2025,2025-01-30,1520.00,PE,10.30,31.10,7.70,26.20,26.20,429,2424.31043,47343,23488,06-JAN-2025
OPTSTK,SUPREMEIND,27-Feb-2025,2025-02-27,4100.00,PE,0.00,0.00,0.00,89.35,78.30,0,0.00,0,0,06-JAN-2025
OPTSTK,SUPREMEIND,27-Mar-2025,2025-03-27,4400.00,PE,0.00,0.00,0.00,226.25,225.85,0,0.00,0,0,06-JAN-2025
OPTSTK,LUPIN,30-Jan-2025,2025-01-30,1900.00,CE,0.00,0.00,0.00,297.00,468.70,0,0.00,850,0,06-JAN-2025
OPTSTK,SUPREMEIND,30-Jan-2025,2025-01-30,4300.00,CE,0.00,0.00,0.00,484.75,313.70,0,0.00,0,0,06-JAN-2025
OPTSTK,SUPREMEIND,27-Feb-2025,2025-02-27,4300.00,PE,0.00,0.00,0.00,141.35,138.45,0,0.00,0,0,06-JAN-2025
OPTSTK,SUPREMEIND,30-Jan-2025,2025-01-30,4200.00,CE,469.15,469.15,430.00,439.70,387.15,3,17.4235625,125,0,06-JAN-2025
FUTSTK,LUPIN,27-Mar-2025,2025-03-27,,,2407.50,2421.55,2385.00,2395.50,2395.50,17,173.233825,36975,2550,06-JAN-2025
OPTSTK,ASTRAL,27-Feb-2025,2025-02-27,1400.00,PE,0.00,0.00,0.00,4.70,8.65,0,0.00,0,0,06-JAN-2025
OPTSTK,LUPIN,27-Feb-2025,2025-02-27,2360.00,PE,0.00,0.00,0.00,352.00,83.00,0,0.00,0,0,06-JAN-2025
OPTSTK,ASTRAL,27-Mar-2025,2025-03-27,1480.00,PE,0.00,0.00,0.00,25.35,34.70,0,0.00,0,0,06-JAN-2025
OPTSTK,SUPREMEIND,27-Mar-2025,2025-03-27,5000.00,PE,0.00,0.00,0.00,515.30,572.55,0,0.00,0,0,06-JAN-2025
OPTSTK,SUPREMEIND,27-Feb-2025,2025-02-27,5000.00,PE,0.00,0.00,0.00,648.80,537.05,0,0.00,0,0,06-JAN-2025
OPTSTK,LUPIN,30-Jan-2025,2025-01-30,2640.00,PE,0.00,0.00,0.00,434.90,272.20,0,0.00,0,0,06-JAN-2025
OPTSTK,LUPIN,30-Jan-2025,2025-01-30,2600.00,PE,0.00,0.00,0.00,401.10,235.05,0,0.00,0,0,06-JAN-2025
OPTSTK,LUPIN,27-Mar-2025,2025-03-27,2600.00,CE,0.00,0.00,0.00,31.60,46.85,0,0.00,0,0,06-JAN-2025
OPTSTK,LUPIN,27-Feb-2025,2025-02-27,2140.00,PE,0.00,0.00,0.00,81.55,16.25,0,0.00,0,0,06-JAN-2025
OPTSTK,LUPIN,27-Feb-2025,2025-02-27,2480.00,CE,0.00,0.00,0.00,18.40,55.85,0,0.00,0,0,06-JAN-2025
OPTSTK,LUPIN,27-Mar-2025,2025-03-27,2480.00,PE,0.00,0.00,0.00,305.85,165.45,0,0.00,0,0,06-JAN-2025
OPTSTK,SUPREMEIND,30-Jan-2025,2025-01-30,4400.00,PE,80.00,105.95,76.90,91.50,109.90,20,112.196937,14875,250,06-JAN-2025
OPTSTK,ASTRAL,27-Feb-2025,2025-02-27,1360.00,CE,0.00,0.00,0.00,475.95,214.05,0,0.00,0,0,06-JAN-2025
OPTSTK,SUPREMEIND,27-Feb-2025,2025-02-27,4800.00,CE,0.00,0.00,0.00,178.25,160.35,0,0.00,125,0,06-JAN-2025
OPTSTK,ASTRAL,30-Jan-2025,2025-01-30,1580.00,CE,68.45,69.10,33.50,38.05,38.05,523,3112.33927,70097,67895,06-JAN-2025
OPTSTK,SUPREMEIND,30-Jan-2025,2025-01-30,4200.00,PE,30.00,64.00,30.00,59.20,59.20,36,190.9905,13250,2750,06-JAN-2025
OPTSTK,ASTRAL,27-Mar-2025,2025-03-27,1680.00,CE,0.00,0.00,0.00,115.75,38.75,0,0.00,0,0,06-JAN-2025
OPTSTK,ASTRAL,30-Jan-2025,2025-01-30,1820.00,CE,3.40,3.55,2.05,2.05,2.05,15,100.328808,21653,367,06-JAN-2025
OPTSTK,ASTRAL,27-Feb-2025,2025-02-27,1820.00,CE,0.00,0.00,0.00,41.45,5.00,0,0.00,0,0,06-JAN-2025
OPTSTK,ASTRAL,30-Jan-2025,2025-01-30,1900.00,PE,292.25,334.50,292.25,334.50,335.20,19,153.658679,85511,-2936,06-JAN-2025
OPTSTK,LUPIN,27-Mar-2025,2025-03-27,2000.00,PE,0.00,0.00,0.00,49.60,8.80,0,0.00,0,0,06-JAN-2025
OPTSTK,ASTRAL,30-Jan-2025,2025-01-30,1540.00,PE,12.00,39.95,10.75,34.60,34.60,617,3552.06858,70464,12478,06-JAN-2025
OPTSTK,LUPIN,30-Jan-2025,2025-01-30,2440.00,CE,33.15,40.40,26.40,34.40,34.40,657,6903.94331,122400,-13175,06-JAN-2025
OPTSTK,LT,30-Jan-2025,2025-01-30,3450.00,PE,17.75,31.05,13.25,27.05,27.05,1751,9121.4199,118050,-6600,06-JAN-2025
OPTSTK,LT,27-Mar-2025,2025-03-27,3800.00,PE,0.00,0.00,0.00,285.15,258.25,0,0.00,0,0,06-JAN-2025
OPTSTK,LT,27-Feb-2025,2025-02-27,3800.00,PE,0.00,0.00,0.00,175.00,238.85,0,0.00,450,0,06-JAN-2025
OPTSTK,LT,27-Mar-2025,2025-03-27,3800.00,CE,0.00,0.00,0.00,183.25,117.25,0,0.00,0,0,06-JAN-2025
OPTSTK,LT,30-Jan-2025,2025-01-30,3800.00,PE,159.60,213.60,134.90,200.05,200.05,521,3106.39312,176250,-4350,06-JAN-2025
OPTSTK,DRREDDY,30-Jan-2025,2025-01-30,1350.00,PE,25.50,38.65,24.95,31.20,31.20,958,8280.61031,412500,8125,06-JAN-2025
OPTSTK,DRREDDY,27-Feb-2025,2025-02-27,1350.00,CE,0.00,0.00,0.00,65.75,46.25,0,0.00,0,0,06-JAN-2025
OPTSTK,DRREDDY,27-Feb-2025,2025-02-27,1540.00,CE,0.00,0.00,0.00,1.35,2.10,0,0.00,0,0,06-JAN-2025
OPTSTK,DRREDDY,27-Feb-2025,2025-02-27,1540.00,PE,0.00,0.00,0.00,321.65,177.00,0,0.00,0,0,06-JAN-2025
OPTSTK,DRREDDY,27-Feb-2025,2025-02-27,1390.00,CE,0.00,0.00,0.00,46.50,28.05,0,0.00,0,0,06-JAN-2025
OPTSTK,DRREDDY,27-Feb-2025,2025-02-27,1390.00,PE,0.00,0.00,0.00,63.95,54.40,0,0.00,0,0,06-JAN-2025
OPTSTK,DRREDDY,30-Jan-2025,2025-01-30,1390.00,CE,19.00,21.45,14.15,20.35,20.35,467,4108.20343,177500,-25625,06-JAN-2025
OPTSTK,DRREDDY,30-Jan-2025,2025-01-30,1510.00,CE,2.25,2.85,1.80,2.65,2.65,94,888.376562,87500,625,06-JAN-2025
OPTSTK,DRREDDY,30-Jan-2025,2025-01-30,1510.00,PE,0.00,0.00,0.00,299.70,153.35,0,0.00,0,0,06-JAN-2025
OPTSTK,DRREDDY,27-Feb-2025,2025-02-27,1510.00,CE,0.00,0.00,0.00,13.15,3.85,0,0.00,0,0,06-JAN-2025
OPTSTK,DRREDDY,30-Jan-2025,2025-01-30,1430.00,CE,9.00,10.55,6.55,9.80,9.80,467,4199.42687,341875,113750,06-JAN-2025
OPTSTK,DRREDDY,30-Jan-2025,2025-01-30,1430.00,PE,93.30,93.30,93.30,93.30,78.40,1,9.520625,10000,0,06-JAN-2025
OPTSTK,DRREDDY,27-Feb-2025,2025-02-27,1430.00,PE,0.00,0.00,0.00,88.60,81.65,0,0.00,0,0,06-JAN-2025
OPTSTK,LT,27-Mar-2025,2025-03-27,3900.00,PE,0.00,0.00,0.00,347.20,325.70,0,0.00,0,0,06-JAN-2025
OPTSTK,DRREDDY,27-Mar-2025,2025-03-27,1500.00,CE,0.00,0.00,0.00,25.00,10.80,0,0.00,0,0,06-JAN-2025
OPTSTK,DRREDDY,27-Feb-2025,2025-02-27,1500.00,PE,0.00,0.00,0.00,283.40,140.00,0,0.00,0,0,06-JAN-2025
OPTSTK,DRREDDY,30-Jan-2025,2025-01-30,1420.00,CE,10.85,12.65,7.80,11.70,11.70,698,6237.60906,465000,33125,06-JAN-2025
OPTSTK,DRREDDY,27-Mar-2025,2025-03-27,1420.00,PE,0.00,0.00,0.00,87.80,77.95,0,0.00,0,0,06-JAN-2025
OPTSTK,DRREDDY,27-Feb-2025,2025-02-27,1420.00,CE,0.00,0.00,0.00,6.70,18.30,0,0.00,0,0,06-JAN-2025
OPTSTK,DRREDDY,30-Jan-2025,2025-01-30,1230.00,PE,4.60,5.30,3.95,4.30,4.30,44,339.477187,33125,2500,06-JAN-2025
OPTSTK,DRREDDY,30-Jan-2025,2025-01-30,1230.00,CE,0.00,0.00,0.00,37.00,126.40,0,0.00,0,0,06-JAN-2025
OPTSTK,DRREDDY,27-Feb-2025,2025-02-27,1380.00,CE,0.00,0.00,0.00,47.00,32.00,0,0.00,625,0,06-JAN-2025
OPTSTK,DRREDDY,27-Mar-2025,2025-03-27,1380.00,CE,0.00,0.00,0.00,65.45,44.55,0,0.00,0,0,06-JAN-2025
OPTSTK,LT,27-Mar-2025,2025-03-27,3700.00,PE,0.00,0.00,0.00,229.40,198.65,0,0.00,0,0,06-JAN-2025
OPTSTK,DRREDDY,30-Jan-2025,2025-01-30,1480.00,PE,0.00,0.00,0.00,116.40,124.20,0,0.00,5625,0,06-JAN-2025
OPTSTK,DRREDDY,27-Feb-2025,2025-02-27,1460.00,PE,0.00,0.00,0.00,245.75,105.30,0,0.00,0,0,06-JAN-2025
OPTSTK,LT,27-Feb-2025,2025-02-27,3100.00,PE,0.00,0.00,0.00,32.65,7.20,0,0.00,0,0,06-JAN-2025
OPTSTK,BALKRISIND,30-Jan-2025,2025-01-30,2800.00,PE,66.00,127.10,66.00,126.15,126.15,122,1060.51905,30900,-6600,06-JAN-2025
OPTSTK,BALKRISIND,30-Jan-2025,2025-01-30,2800.00,CE,104.00,105.50,58.05,61.65,61.65,165,1421.79255,23400,10500,06-JAN-2025
OPTSTK,BALKRISIND,30-Jan-2025,2025-01-30,2360.00,CE,0.00,0.00,0.00,485.85,375.35,0,0.00,0,0,06-JAN-2025
OPTSTK,BALKRISIND,30-Jan-2025,2025-01-30,2360.00,PE,0.00,0.00,0.00,4.65,1.70,0,0.00,0,0,06-JAN-2025
OPTSTK,BALKRISIND,27-Feb-2025,2025-02-27,2400.00,CE,0.00,0.00,0.00,415.20,360.65,0,0.00,0,0,06-JAN-2025
OPTSTK,BALKRISIND,27-Feb-2025,2025-02-27,2960.00,PE,0.00,0.00,0.00,218.90,254.90,0,0.00,0,0,06-JAN-2025
OPTSTK,SUNPHARMA,27-Feb-2025,2025-02-27,1760.00,PE,0.00,0.00,0.00,75.00,14.10,0,0.00,0,0,06-JAN-2025
OPTSTK,BALKRISIND,27-Mar-2025,2025-03-27,2760.00,CE,0.00,0.00,0.00,253.80,149.60,0,0.00,0,0,06-JAN-2025
OPTSTK,BALKRISIND,27-Mar-2025,2025-03-27,2760.00,PE,0.00,0.00,0.00,139.25,145.85,0,0.00,0,0,06-JAN-2025
OPTSTK,BALKRISIND,30-Jan-2025,2025-01-30,2760.00,PE,0.00,0.00,0.00,55.10,94.25,0,0.00,900,0,06-JAN-2025
OPTSTK,BALKRISIND,27-Feb-2025,2025-02-27,2760.00,PE,0.00,0.00,0.00,114.75,124.70,0,0.00,0,0,06-JAN-2025
OPTSTK,BALKRISIND,27-Mar-2025,2025-03-27,3120.00,PE,0.00,0.00,0.00,344.65,391.20,0,0.00,0,0,06-JAN-2025
OPTSTK,BALKRISIND,30-Jan-2025,2025-01-30,3120.00,CE,7.30,7.55,6.75,7.00,7.00,59,553.5006,600,0,06-JAN-2025
OPTSTK,SUNPHARMA,30-Jan-2025,2025-01-30,1860.00,CE,32.60,34.40,23.25,32.50,32.50,2689,17781.1788,346150,22400,06-JAN-2025
OPTSTK,BALKRISIND,30-Jan-2025,2025-01-30,3100.00,PE,0.00,0.00,0.00,286.00,367.25,0,0.00,1500,0,06-JAN-2025
OPTSTK,SUNPHARMA,30-Jan-2025,2025-01-30,1800.00,CE,73.45,77.15,55.35,70.00,70.00,533,3480.99115,161700,42700,06-JAN-2025
OPTSTK,BALKRISIND,27-Mar-2025,2025-03-27,2640.00,PE,0.00,0.00,0.00,93.30,91.60,0,0.00,0,0,06-JAN-2025
OPTSTK,BALKRISIND,27-Feb-2025,2025-02-27,2440.00,CE,0.00,0.00,0.00,441.00,326.35,0,0.00,0,0,06-JAN-2025
OPTSTK,SUNPHARMA,30-Jan-2025,2025-01-30,2120.00,CE,1.00,1.25,0.75,1.10,1.10,139,1031.85845,103600,18200,06-JAN-2025
OPTSTK,SUNPHARMA,30-Jan-2025,2025-01-30,1940.00,PE,100.40,100.40,99.45,99.45,92.30,4,28.562275,46200,350,06-JAN-2025
OPTSTK,SUNPHARMA,27-Mar-2025,2025-03-27,1720.00,CE,0.00,0.00,0.00,176.80,165.35,0,0.00,0,0,06-JAN-2025
OPTSTK,SUNPHARMA,30-Jan-2025,2025-01-30,1720.00,PE,3.15,5.00,2.40,3.90,3.90,382,2304.88737,106750,-15050,06-JAN-2025
OPTSTK,SUNPHARMA,27-Mar-2025,2025-03-27,1680.00,CE,0.00,0.00,0.00,208.10,199.35,0,0.00,0,0,06-JAN-2025
OPTSTK,SUNPHARMA,27-Mar-2025,2025-03-27,1680.00,PE,0.00,0.00,0.00,16.40,7.25,0,0.00,0,0,06-JAN-2025
OPTSTK,SUNPHARMA,30-Jan-2025,2025-01-30,1820.00,PE,17.45,26.85,14.45,20.75,20.75,1234,7954.00952,256900,-7700,06-JAN-2025
OPTSTK,SUNPHARMA,27-Feb-2025,2025-02-27,1820.00,CE,0.00,0.00,0.00,91.35,76.15,0,0.00,0,0,06-JAN-2025
OPTSTK,SUNPHARMA,30-Jan-2025,2025-01-30,1900.00,CE,16.75,17.55,11.40,16.90,16.90,3855,25833.0782,946050,143500,06-JAN-2025
OPTSTK,BALKRISIND,30-Jan-2025,2025-01-30,2820.00,PE,100.00,137.35,100.00,135.10,135.10,6,53.0865,2100,300,06-JAN-2025
OPTSTK,SUNPHARMA,30-Jan-2025,2025-01-30,1620.00,PE,1.00,1.30,0.85,1.10,1.10,25,141.84905,22750,-2100,06-JAN-2025
OPTSTK,BALKRISIND,27-Feb-2025,2025-02-27,2920.00,CE,0.00,0.00,0.00,136.40,56.45,0,0.00,0,0,06-JAN-2025
OPTSTK,BALKRISIND,27-Feb-2025,2025-02-27,2920.00,PE,0.00,0.00,0.00,195.05,225.30,0,0.00,0,0,06-JAN-2025
OPTSTK,CYIENT,27-Mar-2025,2025-03-27,2120.00,CE,0.00,0.00,0.00,94.80,18.85,0,0.00,0,0,06-JAN-2025
OPTSTK,ICICIPRULI,27-Mar-2025,2025-03-27,640.00,PE,0.00,0.00,0.00,23.75,18.30,0,0.00,0,0,06-JAN-2025
OPTSTK,ICICIPRULI,27-Feb-2025,2025-02-27,660.00,PE,0.00,0.00,0.00,24.65,21.95,0,0.00,0,0,06-JAN-2025
OPTSTK,CYIENT,30-Jan-2025,2025-01-30,2200.00,PE,0.00,0.00,0.00,347.20,442.40,0,0.00,0,0,06-JAN-2025
OPTSTK,CYIENT,30-Jan-2025,2025-01-30,2000.00,PE,0.00,0.00,0.00,134.00,247.50,0,0.00,1800,0,06-JAN-2025
OPTSTK,CYIENT,30-Jan-2025,2025-01-30,1880.00,PE,0.00,0.00,0.00,126.60,142.20,0,0.00,300,0,06-JAN-2025
OPTSTK,CYIENT,27-Feb-2025,2025-02-27,1880.00,PE,0.00,0.00,0.00,144.10,158.70,0,0.00,0,0,06-JAN-2025
OPTSTK,CYIENT,30-Jan-2025,2025-01-30,1880.00,CE,30.90,33.00,28.50,32.15,18.65,8,45.8805,900,900,06-JAN-2025
OPTSTK,CYIENT,27-Mar-2025,2025-03-27,1880.00,CE,0.00,0.00,0.00,195.30,67.50,0,0.00,0,0,06-JAN-2025
OPTSTK,ICICIPRULI,27-Mar-2025,2025-03-27,600.00,CE,0.00,0.00,0.00,90.75,78.05,0,0.00,0,0,06-JAN-2025
OPTSTK,CYIENT,27-Mar-2025,2025-03-27,1760.00,PE,0.00,0.00,0.00,67.00,101.55,0,0.00,0,0,06-JAN-2025
OPTSTK,CYIENT,27-Mar-2025,2025-03-27,2000.00,CE,0.00,0.00,0.00,138.15,36.85,0,0.00,0,0,06-JAN-2025
OPTSTK,CYIENT,30-Jan-2025,2025-01-30,1640.00,CE,0.00,0.00,0.00,272.85,132.80,0,0.00,0,0,06-JAN-2025
OPTSTK,ICICIPRULI,27-Feb-2025,2025-02-27,650.00,PE,0.00,0.00,0.00,22.55,17.65,0,0.00,0,0,06-JAN-2025
OPTSTK,ICICIPRULI,30-Jan-2025,2025-01-30,630.00,CE,41.95,42.60,41.85,42.60,39.85,15,75.646875,88500,-7500,06-JAN-2025
OPTSTK,ICICIPRULI,30-Jan-2025,2025-01-30,630.00,PE,5.20,10.40,4.50,8.40,8.40,224,1071.86925,111000,-7500,06-JAN-2025
OPTSTK,ICICIPRULI,30-Jan-2025,2025-01-30,690.00,CE,17.55,17.55,8.95,11.25,11.25,343,1805.5905,116250,8250,06-JAN-2025
OPTSTK,ICICIPRULI,27-Feb-2025,2025-02-27,600.00,PE,0.00,0.00,0.00,8.65,4.30,0,0.00,0,0,06-JAN-2025
OPTSTK,CYIENT,27-Mar-2025,2025-03-27,1520.00,CE,0.00,0.00,0.00,452.00,271.85,0,0.00,0,0,06-JAN-2025
OPTSTK,ICICIPRULI,27-Feb-2025,2025-02-27,560.00,CE,0.00,0.00,0.00,145.45,108.15,0,0.00,0,0,06-JAN-2025
OPTSTK,ICICIPRULI,27-Feb-2025,2025-02-27,700.00,PE,0.00,0.00,0.00,42.10,45.25,0,0.00,0,0,06-JAN-2025
OPTSTK,ICICIPRULI,27-Feb-2025,2025-02-27,670.00,PE,0.00,0.00,0.00,31.45,26.90,0,0.00,0,0,06-JAN-2025
OPTSTK,CYIENT,27-Mar-2025,2025-03-27,1960.00,CE,0.00,0.00,0.00,155.60,45.40,0,0.00,0,0,06-JAN-2025
OPTSTK,CYIENT,27-Feb-2025,2025-02-27,2060.00,CE,0.00,0.00,0.00,85.40,12.60,0,0.00,0,0,06-JAN-2025
OPTSTK,CYIENT,30-Jan-2025,2025-01-30,2060.00,CE,0.00,0.00,0.00,9.35,1.95,0,0.00,900,0,06-JAN-2025
OPTSTK,CYIENT,27-Feb-2025,2025-02-27,1580.00,PE,0.00,0.00,0.00,14.05,21.70,0,0.00,0,0,06-JAN-2025
OPTSTK,CYIENT,30-Jan-2025,2025-01-30,1580.00,PE,0.00,0.00,0.00,22.55,7.40,0,0.00,0,0,06-JAN-2025
OPTSTK,ICICIPRULI,27-Feb-2025,2025-02-27,540.00,PE,0.00,0.00,0.00,2.05,0.30,0,0.00,0,0,06-JAN-2025
OPTSTK,ICICIPRULI,30-Jan-2025,2025-01-30,540.00,CE,0.00,0.00,0.00,211.55,124.30,0,0.00,0,0,06-JAN-2025
OPTSTK,ICICIPRULI,27-Feb-2025,2025-02-27,640.00,PE,0.00,0.00,0.00,18.05,13.90,0,0.00,0,0,06-JAN-2025
OPTSTK,ICICIPRULI,30-Jan-2025,2025-01-30,660.00,PE,13.30,22.60,11.35,18.65,18.65,806,4101.62362,226500,8250,06-JAN-2025
OPTSTK,CYIENT,30-Jan-2025,2025-01-30,1840.00,CE,41.75,45.05,34.00,36.00,28.10,15,84.45,7500,1800,06-JAN-2025
OPTSTK,HCLTECH,30-Jan-2025,2025-01-30,1800.00,CE,160.85,160.85,140.00,152.75,164.00,21,143.4328,47950,3150,06-JAN-2025
OPTSTK,HCLTECH,30-Jan-2025,2025-01-30,1780.00,PE,6.95,9.70,5.30,8.45,8.45,109,682.044125,77350,1050,06-JAN-2025
OPTSTK,HCLTECH,27-Feb-2025,2025-02-27,2120.00,PE,0.00,0.00,0.00,266.80,164.55,0,0.00,0,0,06-JAN-2025
OPTSTK,HCLTECH,30-Jan-2025,2025-01-30,2240.00,PE,0.00,0.00,0.00,438.85,277.40,0,0.00,0,0,06-JAN-2025
OPTSTK,HCLTECH,30-Jan-2025,2025-01-30,2240.00,CE,1.45,2.20,1.40,1.60,1.60,140,1098.34322,45150,30450,06-JAN-2025
OPTSTK,HCLTECH,27-Mar-2025,2025-03-27,2160.00,PE,0.00,0.00,0.00,250.00,199.15,0,0.00,0,0,06-JAN-2025
OPTSTK,HCLTECH,30-Jan-2025,2025-01-30,2000.00,CE,29.65,34.30,21.95,27.70,27.70,6018,42714.2107,1390200,41300,06-JAN-2025
OPTSTK,PAYTM,27-Feb-2025,2025-02-27,840.00,CE,0.00,0.00,0.00,180.45,163.90,0,0.00,0,0,06-JAN-2025
FUTSTK,HCLTECH,27-Feb-2025,2025-02-27,,,1956.05,1977.00,1938.00,1955.25,1955.25,175,1198.85045,119700,-3150,06-JAN-2025
OPTSTK,HCLTECH,30-Jan-2025,2025-01-30,1920.00,CE,64.95,75.40,53.30,63.55,63.55,430,2983.18107,227850,-14000,06-JAN-2025
OPTSTK,HCLTECH,27-Feb-2025,2025-02-27,1780.00,PE,0.00,0.00,0.00,27.80,8.15,0,0.00,0,0,06-JAN-2025
OPTSTK,HCLTECH,27-Feb-2025,2025-02-27,2060.00,CE,0.00,0.00,0.00,35.00,31.60,0,0.00,0,0,06-JAN-2025
OPTSTK,HCLTECH,27-Feb-2025,2025-02-27,2060.00,PE,0.00,0.00,0.00,168.45,118.85,0,0.00,0,0,06-JAN-2025
OPTSTK,PAYTM,27-Mar-2025,2025-03-27,1080.00,CE,0.00,0.00,0.00,113.60,66.40,0,0.00,0,0,06-JAN-2025
OPTSTK,PAYTM,30-Jan-2025,2025-01-30,1080.00,CE,14.15,16.55,10.25,10.80,10.80,884,6282.85905,267800,43550,06-JAN-2025
OPTSTK,HCLTECH,27-Feb-2025,2025-02-27,1800.00,PE,0.00,0.00,0.00,64.60,10.75,0,0.00,0,0,06-JAN-2025
OPTSTK,HCLTECH,27-Feb-2025,2025-02-27,1760.00,PE,0.00,0.00,0.00,49.85,6.10,0,0.00,0,0,06-JAN-2025
OPTSTK,PAYTM,27-Feb-2025,2025-02-27,1200.00,CE,0.00,0.00,0.00,54.35,20.85,0,0.00,0,0,06-JAN-2025
OPTSTK,PAYTM,30-Jan-2025,2025-01-30,980.00,PE,43.00,49.70,31.45,47.05,47.05,1338,8865.96717,675350,55250,06-JAN-2025
OPTSTK,PAYTM,27-Feb-2025,2025-02-27,1120.00,CE,0.00,0.00,0.00,71.90,35.45,0,0.00,0,0,06-JAN-2025
OPTSTK,HCLTECH,27-Feb-2025,2025-02-27,1740.00,CE,0.00,0.00,0.00,201.50,234.15,0,0.00,0,0,06-JAN-2025
OPTSTK,HCLTECH,30-Jan-2025,2025-01-30,2080.00,CE,11.25,12.90,8.20,10.50,10.50,476,3482.41372,240800,4200,06-JAN-2025
OPTSTK,PAYTM,27-Mar-2025,2025-03-27,1120.00,CE,0.00,0.00,0.00,99.90,55.00,0,0.00,0,0,06-JAN-2025
OPTSTK,HCLTECH,27-Feb-2025,2025-02-27,2140.00,PE,0.00,0.00,0.00,231.75,181.05,0,0.00,0,0,06-JAN-2025
OPTSTK,HCLTECH,27-Feb-2025,2025-02-27,1880.00,PE,0.00,0.00,0.00,101.65,27.95,0,0.00,0,0,06-JAN-2025
OPTSTK,HCLTECH,30-Jan-2025,2025-01-30,2140.00,CE,5.00,5.10,4.85,5.00,5.00,5,37.536975,700,700,06-JAN-2025
OPTSTK,HCLTECH,27-Feb-2025,2025-02-27,2200.00,CE,0.00,0.00,0.00,15.50,7.60,0,0.00,0,0,06-JAN-2025
OPTSTK,PAYTM,27-Mar-2025,2025-03-27,1200.00,CE,0.00,0.00,0.00,76.85,37.15,0,0.00,0,0,06-JAN-2025
OPTSTK,PAYTM,27-Mar-2025,2025-03-27,1200.00,PE,0.00,0.00,0.00,252.80,250.50,0,0.00,0,0,06-JAN-2025
OPTSTK,PAYTM,27-Feb-2025,2025-02-27,1200.00,PE,0.00,0.00,0.00,306.10,240.30,0,0.00,0,0,06-JAN-2025
OPTSTK,PAYTM,27-Feb-2025,2025-02-27,980.00,PE,0.00,0.00,0.00,95.60,83.45,0,0.00,0,0,06-JAN-2025
OPTSTK,HCLTECH,30-Jan-2025,2025-01-30,1600.00,PE,0.90,1.20,0.80,1.20,1.20,100,560.3472,415800,-5950,06-JAN-2025
OPTSTK,PIDILITIND,27-Feb-2025,2025-02-27,2960.00,CE,0.00,0.00,0.00,225.25,73.65,0,0.00,0,0,06-JAN-2025
OPTSTK,PIDILITIND,30-Jan-2025,2025-01-30,2700.00,CE,0.00,0.00,0.00,391.40,212.20,0,0.00,0,0,06-JAN-2025
OPTSTK,PIDILITIND,27-Feb-2025,2025-02-27,2700.00,CE,0.00,0.00,0.00,294.10,238.25,0,0.00,0,0,06-JAN-2025
OPTSTK,PIDILITIND,27-Feb-2025,2025-02-27,2880.00,PE,0.00,0.00,0.00,61.50,70.10,0,0.00,0,0,06-JAN-2025
OPTSTK,PIDILITIND,27-Feb-2025,2025-02-27,3040.00,PE,0.00,0.00,0.00,131.95,161.60,0,0.00,250,0,06-JAN-2025
OPTSTK,PIDILITIND,27-Mar-2025,2025-03-27,3040.00,PE,0.00,0.00,0.00,174.05,171.25,0,0.00,0,0,06-JAN-2025
OPTSTK,PIDILITIND,27-Mar-2025,2025-03-27,3000.00,CE,0.00,0.00,0.00,138.65,85.20,0,0.00,0,0,06-JAN-2025
OPTSTK,PIDILITIND,30-Jan-2025,2025-01-30,3000.00,CE,46.95,49.10,30.60,39.55,39.55,570,4329.17437,173250,10750,06-JAN-2025
OPTSTK,PIDILITIND,27-Feb-2025,2025-02-27,2660.00,CE,0.00,0.00,0.00,326.80,272.20,0,0.00,0,0,06-JAN-2025
FUTSTK,PIDILITIND,27-Feb-2025,2025-02-27,,,2968.60,2968.60,2900.00,2920.95,2920.95,43,314.856125,61750,750,06-JAN-2025
OPTSTK,PIDILITIND,27-Mar-2025,2025-03-27,3160.00,PE,0.00,0.00,0.00,249.55,256.95,0,0.00,0,0,06-JAN-2025
OPTSTK,PIDILITIND,27-Feb-2025,2025-02-27,2740.00,CE,0.00,0.00,0.00,263.00,206.15,0,0.00,0,0,06-JAN-2025
OPTSTK,PIDILITIND,27-Feb-2025,2025-02-27,2960.00,PE,0.00,0.00,0.00,87.95,110.55,0,0.00,0,0,06-JAN-2025
OPTSTK,PIDILITIND,27-Feb-2025,2025-02-27,2400.00,PE,0.00,0.00,0.00,2.35,0.40,0,0.00,0,0,06-JAN-2025
OPTSTK,PIDILITIND,27-Mar-2025,2025-03-27,2960.00,CE,0.00,0.00,0.00,157.60,101.90,0,0.00,0,0,06-JAN-2025
OPTSTK,PIDILITIND,27-Feb-2025,2025-02-27,3320.00,CE,0.00,0.00,0.00,70.40,5.25,0,0.00,0,0,06-JAN-2025
OPTSTK,PIDILITIND,30-Jan-2025,2025-01-30,3320.00,CE,0.00,0.00,0.00,108.30,0.35,0,0.00,0,0,06-JAN-2025
OPTSTK,PIDILITIND,27-Feb-2025,2025-02-27,3320.00,PE,0.00,0.00,0.00,286.65,398.70,0,0.00,0,0,06-JAN-2025
OPTSTK,PIDILITIND,30-Jan-2025,2025-01-30,3320.00,PE,0.00,0.00,0.00,222.75,410.90,0,0.00,0,0,06-JAN-2025
OPTSTK,PIDILITIND,30-Jan-2025,2025-01-30,3140.00,PE,0.00,0.00,0.00,235.00,236.65,0,0.00,250,0,06-JAN-2025
OPTSTK,PIDILITIND,30-Jan-2025,2025-01-30,3140.00,CE,12.50,12.50,8.65,11.85,11.85,17,133.894125,15000,-1000,06-JAN-2025
OPTSTK,PIDILITIND,27-Feb-2025,2025-02-27,2600.00,CE,0.00,0.00,0.00,502.80,325.95,0,0.00,0,0,06-JAN-2025
OPTSTK,PIDILITIND,27-Mar-2025,2025-03-27,3280.00,PE,0.00,0.00,0.00,337.70,356.05,0,0.00,0,0,06-JAN-2025
OPTSTK,PIDILITIND,30-Jan-2025,2025-01-30,3280.00,CE,0.00,0.00,0.00,123.30,0.65,0,0.00,0,0,06-JAN-2025
OPTSTK,PIDILITIND,27-Mar-2025,2025-03-27,2840.00,PE,0.00,0.00,0.00,80.95,68.55,0,0.00,0,0,06-JAN-2025
OPTSTK,PIDILITIND,30-Jan-2025,2025-01-30,2400.00,CE,0.00,0.00,0.00,790.20,505.40,0,0.00,0,0,06-JAN-2025
OPTSTK,PIDILITIND,30-Jan-2025,2025-01-30,2960.00,CE,62.90,66.30,42.25,53.60,53.60,214,1611.55037,30000,2750,06-JAN-2025
OPTSTK,PIDILITIND,30-Jan-2025,2025-01-30,2660.00,PE,9.70,11.50,9.55,11.15,11.15,28,186.94925,9500,4750,06-JAN-2025
OPTSTK,PIDILITIND,30-Jan-2025,2025-01-30,2640.00,PE,6.60,9.20,6.20,8.40,2.00,42,277.95375,8250,-1500,06-JAN-2025
OPTSTK,PIDILITIND,27-Mar-2025,2025-03-27,2880.00,PE,0.00,0.00,0.00,96.15,84.70,0,0.00,0,0,06-JAN-2025
OPTSTK,PIDILITIND,27-Feb-2025,2025-02-27,2480.00,PE,0.00,0.00,0.00,4.75,1.35,0,0.00,0,0,06-JAN-2025
OPTSTK,JSL,27-Feb-2025,2025-02-27,580.00,CE,0.00,0.00,0.00,143.25,97.45,0,0.00,0,0,06-JAN-2025
OPTSTK,SRF,27-Feb-2025,2025-02-27,2240.00,PE,0.00,0.00,0.00,63.85,58.65,0,0.00,375,0,06-JAN-2025
OPTSTK,JSL,27-Feb-2025,2025-02-27,630.00,CE,0.00,0.00,0.00,125.85,61.20,0,0.00,0,0,06-JAN-2025
OPTSTK,AXISBANK,30-Jan-2025,2025-01-30,1070.00,PE,16.55,31.05,15.40,27.90,27.90,2649,18123.7906,641875,90625,06-JAN-2025
OPTSTK,AXISBANK,30-Jan-2025,2025-01-30,1250.00,PE,0.00,0.00,0.00,150.00,181.20,0,0.00,31875,0,06-JAN-2025
OPTSTK,AXISBANK,27-Mar-2025,2025-03-27,960.00,CE,0.00,0.00,0.00,148.10,126.05,0,0.00,0,0,06-JAN-2025
OPTSTK,SRF,27-Feb-2025,2025-02-27,2360.00,PE,0.00,0.00,0.00,172.10,120.35,0,0.00,0,0,06-JAN-2025
OPTSTK,SRF,27-Feb-2025,2025-02-27,1920.00,PE,0.00,0.00,0.00,19.55,2.15,0,0.00,0,0,06-JAN-2025
OPTSTK,JSL,27-Feb-2025,2025-02-27,660.00,CE,0.00,0.00,0.00,90.55,44.10,0,0.00,0,0,06-JAN-2025
OPTSTK,JSL,27-Feb-2025,2025-02-27,750.00,CE,0.00,0.00,0.00,53.25,13.30,0,0.00,0,0,06-JAN-2025
OPTSTK,SRF,27-Feb-2025,2025-02-27,2400.00,PE,0.00,0.00,0.00,198.00,146.45,0,0.00,2250,0,06-JAN-2025
OPTSTK,JSL,27-Feb-2025,2025-02-27,600.00,PE,0.00,0.00,0.00,21.85,12.00,0,0.00,0,0,06-JAN-2025
OPTSTK,AXISBANK,30-Jan-2025,2025-01-30,1190.00,PE,0.00,0.00,0.00,79.90,122.40,0,0.00,0,0,06-JAN-2025
OPTSTK,SRF,27-Feb-2025,2025-02-27,2460.00,CE,0.00,0.00,0.00,52.75,31.10,0,0.00,0,0,06-JAN-2025
OPTSTK,JSL,27-Feb-2025,2025-02-27,750.00,PE,0.00,0.00,0.00,60.00,91.95,0,0.00,0,0,06-JAN-2025
OPTSTK,JSL,30-Jan-2025,2025-01-30,750.00,PE,0.00,0.00,0.00,66.05,86.70,0,0.00,2325,0,06-JAN-2025
OPTSTK,JSL,30-Jan-2025,2025-01-30,800.00,CE,0.95,0.95,0.70,0.80,0.80,49,304.095275,248000,-13175,06-JAN-2025
OPTSTK,AXISBANK,27-Feb-2025,2025-02-27,880.00,CE,0.00,0.00,0.00,270.25,192.25,0,0.00,0,0,06-JAN-2025
OPTSTK,AXISBANK,27-Feb-2025,2025-02-27,1260.00,CE,0.00,0.00,0.00,2.65,1.60,0,0.00,1250,0,06-JAN-2025
OPTSTK,AXISBANK,30-Jan-2025,2025-01-30,1260.00,CE,0.70,0.70,0.70,0.70,0.10,1,7.879375,28750,0,06-JAN-2025
OPTSTK,JSL,27-Feb-2025,2025-02-27,740.00,CE,0.00,0.00,0.00,53.30,15.40,0,0.00,0,0,06-JAN-2025
OPTSTK,JSL,30-Jan-2025,2025-01-30,810.00,CE,0.00,0.00,0.00,1.50,0.75,0,0.00,45725,0,06-JAN-2025
OPTSTK,SRF,27-Mar-2025,2025-03-27,2640.00,PE,0.00,0.00,0.00,367.15,342.20,0,0.00,0,0,06-JAN-2025
OPTSTK,JSL,27-Feb-2025,2025-02-27,810.00,CE,0.00,0.00,0.00,31.60,5.05,0,0.00,0,0,06-JAN-2025
OPTSTK,SRF,27-Feb-2025,2025-02-27,2640.00,CE,0.00,0.00,0.00,40.30,7.40,0,0.00,0,0,06-JAN-2025
OPTSTK,AXISBANK,27-Feb-2025,2025-02-27,1120.00,CE,0.00,0.00,0.00,82.80,20.35,0,0.00,0,0,06-JAN-2025
OPTSTK,SRF,30-Jan-2025,2025-01-30,2000.00,PE,2.95,5.25,2.40,4.75,4.75,282,2118.48843,101625,-11250,06-JAN-2025
OPTSTK,SRF,27-Mar-2025,2025-03-27,2160.00,PE,0.00,0.00,0.00,73.55,45.20,0,0.00,0,0,06-JAN-2025
OPTSTK,SRF,27-Feb-2025,2025-02-27,2440.00,PE,0.00,0.00,0.00,221.80,175.05,0,0.00,0,0,06-JAN-2025
OPTSTK,SRF,27-Mar-2025,2025-03-27,2440.00,CE,0.00,0.00,0.00,83.75,57.60,0,0.00,0,0,06-JAN-2025
OPTSTK,SRF,27-Feb-2025,2025-02-27,2440.00,CE,0.00,0.00,0.00,88.20,35.80,0,0.00,0,0,06-JAN-2025
OPTSTK,AXISBANK,27-Feb-2025,2025-02-27,1140.00,CE,0.00,0.00,0.00,72.45,15.00,0,0.00,0,0,06-JAN-2025
OPTSTK,SRF,30-Jan-2025,2025-01-30,2100.00,PE,7.30,14.50,5.75,12.70,12.70,301,2380.87462,280125,-6000,06-JAN-2025
FUTSTK,LTIM,30-Jan-2025,2025-01-30,,,5795.00,5906.35,5739.00,5752.90,5752.90,4885,42635.4109,2522700,-46800,06-JAN-2025
OPTSTK,LTIM,27-Feb-2025,2025-02-27,6300.00,PE,0.00,0.00,0.00,411.55,582.80,0,0.00,0,0,06-JAN-2025
FUTSTK,LTIM,27-Mar-2025,2025-03-27,,,5922.50,5957.55,5814.75,5820.85,5820.85,26,228.89925,5700,150,06-JAN-2025
OPTSTK,LTIM,27-Feb-2025,2025-02-27,5100.00,PE,0.00,0.00,0.00,42.85,31.60,0,0.00,0,0,06-JAN-2025
OPTSTK,LTIM,30-Jan-2025,2025-01-30,5750.00,PE,135.70,194.80,116.80,189.50,189.50,456,4043.42767,25350,1800,06-JAN-2025
OPTSTK,LTIM,27-Feb-2025,2025-02-27,6200.00,CE,0.00,0.00,0.00,105.00,95.85,0,0.00,0,0,06-JAN-2025
OPTSTK,LTIM,27-Mar-2025,2025-03-27,6000.00,PE,0.00,0.00,0.00,463.50,401.45,0,0.00,0,0,06-JAN-2025
OPTSTK,LTIM,27-Mar-2025,2025-03-27,4800.00,CE,0.00,0.00,0.00,1089.70,1022.90,0,0.00,0,0,06-JAN-2025
OPTSTK,LTIM,30-Jan-2025,2025-01-30,7400.00,PE,0.00,0.00,0.00,1719.60,1635.95,0,0.00,150,0,06-JAN-2025
OPTSTK,LTIM,30-Jan-2025,2025-01-30,7400.00,CE,0.00,0.00,0.00,1.70,0.05,0,0.00,300,0,06-JAN-2025
OPTSTK,LTIM,27-Feb-2025,2025-02-27,6400.00,PE,0.00,0.00,0.00,466.75,664.55,0,0.00,0,0,06-JAN-2025
OPTSTK,LTIM,30-Jan-2025,2025-01-30,5400.00,PE,40.00,71.40,35.95,69.65,69.65,382,3125.50035,49350,6000,06-JAN-2025
OPTSTK,LTIM,30-Jan-2025,2025-01-30,6100.00,PE,352.15,419.80,299.95,417.05,417.05,30,291.205125,8550,300,06-JAN-2025
OPTSTK,LTIM,27-Mar-2025,2025-03-27,6200.00,CE,0.00,0.00,0.00,250.95,155.00,0,0.00,0,0,06-JAN-2025
OPTSTK,LTIM,27-Feb-2025,2025-02-27,5900.00,CE,0.00,0.00,0.00,595.80,190.65,0,0.00,0,0,06-JAN-2025
OPTSTK,LTIM,30-Jan-2025,2025-01-30,5900.00,PE,218.20,278.15,185.00,274.55,274.55,250,2295.18255,19800,3150,06-JAN-2025
OPTSTK,LTIM,27-Mar-2025,2025-03-27,5000.00,CE,0.00,0.00,0.00,925.60,846.80,0,0.00,0,0,06-JAN-2025
OPTSTK,LTIM,30-Jan-2025,2025-01-30,6300.00,PE,466.45,555.00,463.00,555.00,561.90,10,101.636625,10200,-450,06-JAN-2025
OPTSTK,LTIM,30-Jan-2025,2025-01-30,5400.00,CE,0.00,0.00,0.00,412.00,395.35,0,0.00,5100,0,06-JAN-2025
OPTSTK,LTIM,27-Mar-2025,2025-03-27,5400.00,PE,0.00,0.00,0.00,187.75,127.35,0,0.00,0,0,06-JAN-2025
OPTSTK,LTIM,27-Mar-2025,2025-03-27,5400.00,CE,0.00,0.00,0.00,637.65,537.95,0,0.00,0,0,06-JAN-2025
OPTSTK,LTIM,27-Feb-2025,2025-02-27,5200.00,PE,0.00,0.00,0.00,55.40,46.05,0,0.00,0,0,06-JAN-2025
OPTSTK,LTIM,30-Jan-2025,2025-01-30,5900.00,CE,132.60,185.50,119.00,126.75,126.75,4025,36568.0131,63300,16350,06-JAN-2025
OPTSTK,LTIM,27-Feb-2025,2025-02-27,5900.00,PE,0.00,0.00,0.00,229.60,302.85,0,0.00,0,0,06-JAN-2025
OPTSTK,LTIM,30-Jan-2025,2025-01-30,5300.00,CE,535.00,535.00,535.00,535.00,478.80,1,8.7525,900,0,06-JAN-2025
OPTSTK,LTIM,27-Feb-2025,2025-02-27,5300.00,PE,0.00,0.00,0.00,70.55,65.00,0,0.00,0,0,06-JAN-2025
OPTSTK,LTIM,27-Mar-2025,2025-03-27,5800.00,PE,0.00,0.00,0.00,355.45,289.35,0,0.00,0,0,06-JAN-2025
OPTSTK,LTIM,27-Feb-2025,2025-02-27,5800.00,PE,0.00,0.00,0.00,193.95,247.20,0,0.00,0,0,06-JAN-2025
OPTSTK,LTIM,27-Mar-2025,2025-03-27,5800.00,CE,0.00,0.00,0.00,412.55,305.85,0,0.00,0,0,06-JAN-2025
OPTSTK,LTIM,30-Jan-2025,2025-01-30,6050.00,CE,85.00,121.20,75.90,79.55,79.55,382,3523.04917,12750,1350,06-JAN-2025
OPTSTK,LTIM,30-Jan-2025,2025-01-30,6050.00,PE,284.00,382.95,267.05,382.05,382.05,85,810.226725,3450,1950,06-JAN-2025
OPTSTK,LTIM,30-Jan-2025,2025-01-30,7050.00,CE,0.00,0.00,0.00,4.90,0.30,0,0.00,900,0,06-JAN-2025
OPTSTK,LTIM,30-Jan-2025,2025-01-30,6400.00,PE,550.00,550.00,550.00,550.00,653.50,1,10.425,9750,-150,06-JAN-2025
OPTSTK,BANKBARODA,30-Jan-2025,2025-01-30,290.00,CE,0.15,0.15,0.10,0.15,0.05,5,42.432975,915525,2925,06-JAN-2025
OPTSTK,BANKBARODA,27-Feb-2025,2025-02-27,270.00,CE,1.90,1.95,1.70,1.70,1.70,47,373.6278,263250,40950,06-JAN-2025
OPTSTK,BANKBARODA,30-Jan-2025,2025-01-30,202.50,CE,0.00,0.00,0.00,51.00,27.05,0,0.00,0,0,06-JAN-2025
OPTSTK,BANKBARODA,30-Jan-2025,2025-01-30,285.00,CE,0.25,0.25,0.15,0.15,0.05,18,150.1578,845325,0,06-JAN-2025
OPTSTK,BANKBARODA,30-Jan-2025,2025-01-30,257.50,CE,1.80,1.80,0.75,0.80,0.80,564,4263.87487,599625,-43875,06-JAN-2025
OPTSTK,BANKBARODA,30-Jan-2025,2025-01-30,267.50,CE,0.60,0.60,0.35,0.40,0.35,299,2343.51877,570375,137475,06-JAN-2025
OPTSTK,BANKBARODA,27-Feb-2025,2025-02-27,210.00,CE,0.00,0.00,0.00,47.60,24.00,0,0.00,0,0,06-JAN-2025
OPTSTK,BANKBARODA,30-Jan-2025,2025-01-30,210.00,CE,22.85,22.85,20.35,20.70,20.55,3,20.296575,8775,5850,06-JAN-2025
OPTSTK,BANKBARODA,27-Mar-2025,2025-03-27,230.00,PE,0.00,0.00,0.00,10.70,14.00,0,0.00,0,0,06-JAN-2025
OPTSTK,BANKBARODA,30-Jan-2025,2025-01-30,220.00,PE,1.50,4.45,1.35,4.20,4.20,3027,19757.8923,3164850,321750,06-JAN-2025
OPTSTK,BANKBARODA,27-Feb-2025,2025-02-27,227.50,CE,0.00,0.00,0.00,29.45,13.15,0,0.00,0,0,06-JAN-2025
OPTSTK,BANKBARODA,27-Feb-2025,2025-02-27,227.50,PE,0.00,0.00,0.00,7.45,10.50,0,0.00,0,0,06-JAN-2025
OPTSTK,BANKBARODA,30-Jan-2025,2025-01-30,227.50,PE,2.90,7.30,2.90,6.90,6.90,1667,11382.8437,827775,216450,06-JAN-2025
OPTSTK,BANKBARODA,30-Jan-2025,2025-01-30,227.50,CE,10.75,11.25,7.90,8.15,8.15,362,2503.87897,427050,333450,06-JAN-2025
OPTSTK,BANKBARODA,30-Jan-2025,2025-01-30,195.00,PE,0.00,0.00,0.00,2.20,0.25,0,0.00,0,0,06-JAN-2025
OPTSTK,BANKBARODA,27-Feb-2025,2025-02-27,257.50,CE,0.00,0.00,0.00,13.60,3.40,0,0.00,0,0,06-JAN-2025
OPTSTK,BANKBARODA,30-Jan-2025,2025-01-30,245.00,PE,9.20,18.75,9.20,18.10,18.10,947,7197.69228,2261025,-55575,06-JAN-2025
OPTSTK,BANKBARODA,27-Feb-2025,2025-02-27,245.00,PE,13.80,13.80,13.80,13.80,20.95,1,7.5699,49725,2925,06-JAN-2025
OPTSTK,BANKBARODA,27-Mar-2025,2025-03-27,245.00,CE,0.00,0.00,0.00,23.20,9.35,0,0.00,0,0,06-JAN-2025
OPTSTK,BANKBARODA,27-Mar-2025,2025-03-27,225.00,CE,0.00,0.00,0.00,34.75,17.85,0,0.00,0,0,06-JAN-2025
OPTSTK,BANKBARODA,27-Feb-2025,2025-02-27,225.00,PE,5.80,7.85,5.80,7.80,9.35,42,284.933025,114075,73125,06-JAN-2025
OPTSTK,BANKBARODA,27-Feb-2025,2025-02-27,225.00,CE,16.30,16.30,16.30,16.30,14.45,1,7.058025,2925,2925,06-JAN-2025
OPTSTK,BANKBARODA,30-Jan-2025,2025-01-30,265.00,CE,0.95,1.30,0.45,0.50,0.50,843,6548.41541,2182050,418275,06-JAN-2025
OPTSTK,BANKBARODA,27-Mar-2025,2025-03-27,235.00,PE,0.00,0.00,0.00,12.65,16.70,0,0.00,0,0,06-JAN-2025
OPTSTK,BANKBARODA,30-Jan-2025,2025-01-30,235.00,CE,9.10,9.15,4.60,4.80,4.80,4590,32330.1946,2860650,2477475,06-JAN-2025
OPTSTK,BANKBARODA,30-Jan-2025,2025-01-30,235.00,PE,4.40,11.45,4.40,10.90,10.90,2296,16344.8020,2120625,394875,06-JAN-2025
OPTSTK,BANKBARODA,27-Feb-2025,2025-02-27,257.50,PE,0.00,0.00,0.00,21.20,30.45,0,0.00,0,0,06-JAN-2025
OPTSTK,BANKBARODA,30-Jan-2025,2025-01-30,230.00,PE,2.95,8.60,2.95,8.15,8.15,5906,40882.2716,4843800,795600,06-JAN-2025
OPTSTK,BANKBARODA,27-Feb-2025,2025-02-27,215.00,CE,0.00,0.00,0.00,43.85,20.50,0,0.00,0,0,06-JAN-2025
OPTSTK,BANKBARODA,27-Feb-2025,2025-02-27,237.50,CE,0.00,0.00,0.00,23.25,8.75,0,0.00,0,0,06-JAN-2025
OPTSTK,BANKBARODA,27-Feb-2025,2025-02-27,240.00,CE,12.00,12.00,7.00,7.10,7.10,132,958.225612,245700,119925,06-JAN-2025
OPTSTK,CHOLAFIN,27-Feb-2025,2025-02-27,1420.00,CE,0.00,0.00,0.00,15.95,25.10,0,0.00,0,0,06-JAN-2025
OPTSTK,CHOLAFIN,30-Jan-2025,2025-01-30,1420.00,PE,0.00,0.00,0.00,167.80,128.15,0,0.00,0,0,06-JAN-2025
OPTSTK,CHOLAFIN,27-Feb-2025,2025-02-27,1420.00,PE,0.00,0.00,0.00,228.80,137.35,0,0.00,0,0,06-JAN-2025
OPTSTK,CHOLAFIN,30-Jan-2025,2025-01-30,1380.00,PE,72.75,89.55,65.50,89.20,95.50,13,118.76,66250,-1250,06-JAN-2025
OPTSTK,CHOLAFIN,30-Jan-2025,2025-01-30,1380.00,CE,27.35,27.55,11.15,12.50,12.50,809,7060.63562,171875,-10000,06-JAN-2025
OPTSTK,CHOLAFIN,27-Feb-2025,2025-02-27,1380.00,PE,0.00,0.00,0.00,195.30,108.35,0,0.00,0,0,06-JAN-2025
OPTSTK,CHOLAFIN,27-Feb-2025,2025-02-27,1140.00,PE,0.00,0.00,0.00,45.75,10.30,0,0.00,0,0,06-JAN-2025
FUTSTK,CHOLAFIN,27-Feb-2025,2025-02-27,,,1328.00,1345.40,1296.40,1304.00,1304.00,182,1498.34468,136875,-8125,06-JAN-2025
FUTSTK,DEEPAKNTR,27-Mar-2025,2025-03-27,,,2465.05,2490.00,2447.00,2447.85,2447.85,10,73.9755,25500,-600,06-JAN-2025
OPTSTK,DEEPAKNTR,27-Mar-2025,2025-03-27,2200.00,CE,0.00,0.00,0.00,453.20,296.50,0,0.00,0,0,06-JAN-2025
OPTSTK,DEEPAKNTR,30-Jan-2025,2025-01-30,2950.00,CE,0.00,0.00,0.00,4.90,0.55,0,0.00,15600,0,06-JAN-2025
OPTSTK,CHOLAFIN,30-Jan-2025,2025-01-30,1060.00,CE,0.00,0.00,0.00,231.70,239.15,0,0.00,0,0,06-JAN-2025
OPTSTK,CHOLAFIN,30-Jan-2025,2025-01-30,1560.00,CE,2.15,2.15,0.95,1.35,0.65,63,614.858125,88125,6875,06-JAN-2025
OPTSTK,CHOLAFIN,27-Mar-2025,2025-03-27,1440.00,CE,0.00,0.00,0.00,24.55,35.25,0,0.00,0,0,06-JAN-2025
OPTSTK,CHOLAFIN,27-Feb-2025,2025-02-27,1440.00,PE,0.00,0.00,0.00,190.90,152.85,0,0.00,0,0,06-JAN-2025
OPTSTK,CHOLAFIN,27-Mar-2025,2025-03-27,1440.00,PE,0.00,0.00,0.00,249.20,159.90,0,0.00,0,0,06-JAN-2025
OPTSTK,DEEPAKNTR,30-Jan-2025,2025-01-30,2300.00,CE,161.05,163.10,152.50,163.10,158.15,6,44.2725,300,-600,06-JAN-2025
OPTSTK,DEEPAKNTR,27-Feb-2025,2025-02-27,2350.00,CE,0.00,0.00,0.00,309.35,164.30,0,0.00,0,0,06-JAN-2025
OPTSTK,CHOLAFIN,27-Feb-2025,2025-02-27,1000.00,CE,0.00,0.00,0.00,295.30,304.55,0,0.00,0,0,06-JAN-2025
OPTSTK,CHOLAFIN,30-Jan-2025,2025-01-30,1000.00,CE,0.00,0.00,0.00,222.00,298.65,0,0.00,625,0,06-JAN-2025
OPTSTK,CHOLAFIN,30-Jan-2025,2025-01-30,960.00,PE,0.00,0.00,0.00,0.60,0.05,0,0.00,3750,0,06-JAN-2025
OPTSTK,CHOLAFIN,27-Feb-2025,2025-02-27,1360.00,CE,0.00,0.00,0.00,69.00,42.30,0,0.00,0,0,06-JAN-2025
OPTSTK,CHOLAFIN,30-Jan-2025,2025-01-30,1360.00,CE,29.35,35.75,15.20,17.15,17.15,2335,20185.4715,303125,81250,06-JAN-2025
OPTSTK,DEEPAKNTR,27-Feb-2025,2025-02-27,3000.00,CE,0.00,0.00,0.00,115.45,5.20,0,0.00,0,0,06-JAN-2025
OPTSTK,DEEPAKNTR,27-Mar-2025,2025-03-27,3000.00,CE,0.00,0.00,0.00,70.80,15.35,0,0.00,0,0,06-JAN-2025
OPTSTK,CHOLAFIN,30-Jan-2025,2025-01-30,1300.00,CE,56.25,68.00,35.50,38.85,38.85,1609,13545.4393,335625,-23750,06-JAN-2025
OPTSTK,CHOLAFIN,27-Feb-2025,2025-02-27,1180.00,PE,0.00,0.00,0.00,63.05,17.60,0,0.00,0,0,06-JAN-2025
OPTSTK,CHOLAFIN,30-Jan-2025,2025-01-30,1180.00,PE,3.55,8.05,3.05,6.65,6.65,913,6765.59312,310000,1250,06-JAN-2025
OPTSTK,CHOLAFIN,30-Jan-2025,2025-01-30,1180.00,CE,168.00,168.00,144.40,144.40,125.90,2,16.7025,49375,-625,06-JAN-2025
OPTSTK,CHOLAFIN,30-Jan-2025,2025-01-30,1260.00,PE,12.60,26.85,10.85,23.85,23.85,1226,9799.725,203125,-34375,06-JAN-2025
OPTSTK,CHOLAFIN,27-Feb-2025,2025-02-27,1460.00,PE,0.00,0.00,0.00,263.75,169.05,0,0.00,0,0,06-JAN-2025
OPTSTK,CHOLAFIN,30-Jan-2025,2025-01-30,1500.00,PE,183.00,195.00,168.95,195.00,201.30,7,73.6934375,7500,625,06-JAN-2025
OPTSTK,GAIL,27-Feb-2025,2025-02-27,192.50,CE,0.00,0.00,0.00,17.95,7.40,0,0.00,0,0,06-JAN-2025
OPTSTK,GAIL,30-Jan-2025,2025-01-30,192.50,PE,6.55,11.20,6.50,10.65,10.65,307,1449.9359,801350,-138650,06-JAN-2025
OPTSTK,GAIL,27-Feb-2025,2025-02-27,192.50,PE,0.00,0.00,0.00,10.40,13.40,0,0.00,0,0,06-JAN-2025
OPTSTK,GAIL,27-Feb-2025,2025-02-27,187.50,CE,0.00,0.00,0.00,20.80,9.50,0,0.00,0,0,06-JAN-2025
OPTSTK,GAIL,27-Mar-2025,2025-03-27,180.00,CE,0.00,0.00,0.00,28.60,16.10,0,0.00,0,0,06-JAN-2025
OPTSTK,GAIL,27-Feb-2025,2025-02-27,182.50,CE,0.00,0.00,0.00,23.95,11.95,0,0.00,0,0,06-JAN-2025
OPTSTK,GAIL,27-Feb-2025,2025-02-27,167.50,CE,0.00,0.00,0.00,35.00,21.65,0,0.00,0,0,06-JAN-2025
FUTSTK,GAIL,27-Mar-2025,2025-03-27,,,192.31,192.99,186.48,187.40,187.40,77,342.313925,204450,2350,06-JAN-2025
OPTSTK,GAIL,30-Jan-2025,2025-01-30,207.50,CE,1.55,1.55,0.70,0.85,0.85,760,3724.32465,869500,-56400,06-JAN-2025
OPTSTK,GAIL,27-Mar-2025,2025-03-27,215.00,PE,0.00,0.00,0.00,25.10,31.05,0,0.00,0,0,06-JAN-2025
OPTSTK,GAIL,27-Feb-2025,2025-02-27,215.00,PE,0.00,0.00,0.00,26.10,30.30,0,0.00,0,0,06-JAN-2025
OPTSTK,GAIL,30-Jan-2025,2025-01-30,217.50,CE,0.50,0.50,0.40,0.40,0.30,141,722.019875,728500,310200,06-JAN-2025
OPTSTK,GAIL,30-Jan-2025,2025-01-30,240.00,PE,0.00,0.00,0.00,40.55,54.30,0,0.00,655650,0,06-JAN-2025
OPTSTK,GAIL,27-Mar-2025,2025-03-27,195.00,PE,0.00,0.00,0.00,13.80,16.70,0,0.00,0,0,06-JAN-2025
OPTSTK,GAIL,30-Jan-2025,2025-01-30,195.00,CE,4.15,4.30,2.60,2.80,2.80,2371,11052.8407,3245350,296100,06-JAN-2025
OPTSTK,GAIL,27-Feb-2025,2025-02-27,195.00,PE,0.00,0.00,0.00,14.65,15.00,0,0.00,0,0,06-JAN-2025
OPTSTK,GAIL,30-Jan-2025,2025-01-30,195.00,PE,8.15,12.95,8.00,12.45,12.45,278,1341.33065,1755450,-101050,06-JAN-2025
OPTSTK,GAIL,30-Jan-2025,2025-01-30,170.00,PE,0.95,1.70,0.70,1.55,1.55,1173,4720.79045,1266650,223250,06-JAN-2025
OPTSTK,GAIL,27-Feb-2025,2025-02-27,170.00,PE,3.10,3.25,3.05,3.15,3.15,28,113.922125,58750,58750,06-JAN-2025
OPTSTK,GAIL,30-Jan-2025,2025-01-30,165.00,PE,0.25,1.00,0.25,0.90,0.90,255,993.339125,350150,-2350,06-JAN-2025
OPTSTK,GAIL,27-Feb-2025,2025-02-27,207.50,CE,0.00,0.00,0.00,11.05,3.20,0,0.00,0,0,06-JAN-2025
OPTSTK,GAIL,30-Jan-2025,2025-01-30,175.00,CE,16.40,16.40,12.60,12.85,12.85,32,142.2972,75200,14100,06-JAN-2025
OPTSTK,GAIL,30-Jan-2025,2025-01-30,190.00,CE,6.55,6.55,4.10,4.30,4.30,2925,13408.5747,2272450,761400,06-JAN-2025
OPTSTK,GAIL,30-Jan-2025,2025-01-30,217.50,PE,0.00,0.00,0.00,25.25,32.20,0,0.00,141000,0,06-JAN-2025
OPTSTK,GAIL,27-Feb-2025,2025-02-27,202.50,CE,0.00,0.00,0.00,13.10,4.30,0,0.00,0,0,06-JAN-2025
OPTSTK,GAIL,30-Jan-2025,2025-01-30,202.50,CE,2.10,2.10,1.30,1.45,1.45,960,4605.483,1116250,11750,06-JAN-2025
OPTSTK,GAIL,30-Jan-2025,2025-01-30,212.50,PE,0.00,0.00,0.00,21.15,27.45,0,0.00,220900,0,06-JAN-2025
OPTSTK,GAIL,27-Feb-2025,2025-02-27,210.00,CE,0.00,0.00,0.00,13.45,2.75,0,0.00,0,0,06-JAN-2025
OPTSTK,GAIL,30-Jan-2025,2025-01-30,210.00,CE,1.15,1.30,0.70,0.75,0.75,1740,8621.7975,4185350,126900,06-JAN-2025
OPTSTK,GAIL,27-Feb-2025,2025-02-27,197.50,PE,0.00,0.00,0.00,12.75,16.65,0,0.00,0,0,06-JAN-2025
OPTSTK,GAIL,30-Jan-2025,2025-01-30,197.50,PE,9.60,14.80,9.60,14.40,14.40,105,518.2502,676800,28200,06-JAN-2025
OPTSTK,GAIL,27-Feb-2025,2025-02-27,165.00,CE,0.00,0.00,0.00,38.85,23.60,0,0.00,0,0,06-JAN-2025
OPTSTK,GAIL,30-Jan-2025,2025-01-30,235.00,PE,0.00,0.00,0.00,45.05,49.35,0,0.00,65800,0,06-JAN-2025
OPTSTK,VOLTAS,30-Jan-2025,2025-01-30,1960.00,PE,151.00,183.10,147.30,172.50,183.20,8,51.0825,1500,-300,06-JAN-2025
OPTSTK,ULTRACEMCO,30-Jan-2025,2025-01-30,13200.00,PE,0.00,0.00,0.00,1990.80,1640.80,0,0.00,0,0,06-JAN-2025
OPTSTK,VOLTAS,30-Jan-2025,2025-01-30,1580.00,CE,0.00,0.00,0.00,148.85,206.20,0,0.00,7800,0,06-JAN-2025
OPTSTK,ULTRACEMCO,30-Jan-2025,2025-01-30,13200.00,CE,13.25,13.25,10.35,10.80,2.85,25,165.143825,2750,0,06-JAN-2025
OPTSTK,ULTRACEMCO,27-Mar-2025,2025-03-27,12000.00,CE,0.00,0.00,0.00,480.30,353.10,0,0.00,0,0,06-JAN-2025
OPTSTK,ULTRACEMCO,27-Mar-2025,2025-03-27,12600.00,PE,0.00,0.00,0.00,1200.10,1089.45,0,0.00,0,0,06-JAN-2025
OPTSTK,VOLTAS,30-Jan-2025,2025-01-30,1920.00,PE,147.30,147.35,147.30,147.35,148.65,2,12.40395,6000,300,06-JAN-2025
OPTSTK,VOLTAS,27-Feb-2025,2025-02-27,1920.00,CE,0.00,0.00,0.00,42.00,35.40,0,0.00,0,0,06-JAN-2025
OPTSTK,VOLTAS,27-Mar-2025,2025-03-27,1920.00,CE,0.00,0.00,0.00,59.95,55.65,0,0.00,0,0,06-JAN-2025
OPTSTK,VOLTAS,27-Feb-2025,2025-02-27,1840.00,CE,0.00,0.00,0.00,29.50,60.70,0,0.00,300,0,06-JAN-2025
OPTSTK,VOLTAS,30-Jan-2025,2025-01-30,1840.00,CE,44.30,45.60,25.00,26.95,26.95,2376,13342.3588,352500,6900,06-JAN-2025
OPTSTK,ULTRACEMCO,27-Feb-2025,2025-02-27,12300.00,CE,0.00,0.00,0.00,257.35,154.30,0,0.00,0,0,06-JAN-2025
OPTSTK,ULTRACEMCO,30-Jan-2025,2025-01-30,12300.00,CE,105.65,121.35,58.00,63.65,63.65,552,3418.59392,9500,-800,06-JAN-2025
OPTSTK,ULTRACEMCO,27-Feb-2025,2025-02-27,12300.00,PE,0.00,0.00,0.00,942.45,833.00,0,0.00,0,0,06-JAN-2025
OPTSTK,VOLTAS,30-Jan-2025,2025-01-30,1700.00,CE,133.60,135.15,95.85,98.25,98.25,55,297.7365,82500,-2400,06-JAN-2025
OPTSTK,VOLTAS,27-Feb-2025,2025-02-27,1700.00,CE,0.00,0.00,0.00,105.00,133.25,0,0.00,300,0,06-JAN-2025
OPTSTK,VOLTAS,27-Feb-2025,2025-02-27,2120.00,CE,0.00,0.00,0.00,15.40,6.95,0,0.00,0,0,06-JAN-2025
OPTSTK,VOLTAS,27-Feb-2025,2025-02-27,2120.00,PE,0.00,0.00,0.00,449.90,330.70,0,0.00,0,0,06-JAN-2025
OPTSTK,VOLTAS,30-Jan-2025,2025-01-30,2120.00,PE,0.00,0.00,0.00,449.10,335.35,0,0.00,0,0,06-JAN-2025
OPTSTK,VOLTAS,30-Jan-2025,2025-01-30,1740.00,PE,17.65,34.60,16.65,31.85,31.85,780,4134.13755,158100,-3600,06-JAN-2025
OPTSTK,VOLTAS,27-Mar-2025,2025-03-27,1880.00,CE,0.00,0.00,0.00,71.10,68.60,0,0.00,0,0,06-JAN-2025
OPTSTK,VOLTAS,30-Jan-2025,2025-01-30,1640.00,CE,144.95,144.95,144.95,144.95,144.95,1,5.35485,3900,300,06-JAN-2025
OPTSTK,VOLTAS,30-Jan-2025,2025-01-30,1540.00,CE,0.00,0.00,0.00,171.25,244.20,0,0.00,0,0,06-JAN-2025
OPTSTK,VOLTAS,27-Feb-2025,2025-02-27,1540.00,CE,0.00,0.00,0.00,220.15,258.65,0,0.00,0,0,06-JAN-2025
OPTSTK,VOLTAS,30-Jan-2025,2025-01-30,1540.00,PE,0.00,0.00,0.00,1.30,1.45,0,0.00,18000,0,06-JAN-2025
OPTSTK,ULTRACEMCO,27-Feb-2025,2025-02-27,13400.00,CE,0.00,0.00,0.00,70.05,21.45,0,0.00,0,0,06-JAN-2025
OPTSTK,VOLTAS,30-Jan-2025,2025-01-30,1960.00,CE,10.30,10.90,5.80,6.30,6.30,563,3323.59875,54900,-17400,06-JAN-2025
OPTSTK,VOLTAS,27-Feb-2025,2025-02-27,1960.00,CE,0.00,0.00,0.00,34.65,26.35,0,0.00,0,0,06-JAN-2025
OPTSTK,ULTRACEMCO,27-Feb-2025,2025-02-27,9400.00,CE,0.00,0.00,0.00,1830.00,2195.60,0,0.00,0,0,06-JAN-2025
OPTSTK,ULTRACEMCO,27-Feb-2025,2025-02-27,9400.00,PE,0.00,0.00,0.00,62.70,2.05,0,0.00,0,0,06-JAN-2025
OPTSTK,ULTRACEMCO,30-Jan-2025,2025-01-30,9400.00,PE,0.00,0.00,0.00,55.20,0.05,0,0.00,0,0,06-JAN-2025
FUTSTK,VOLTAS,30-Jan-2025,2025-01-30,,,1826.90,1836.25,1774.25,1781.40,1781.40,7226,38899.0839,7464900,-118500,06-JAN-2025
OPTSTK,APOLLOHOSP,30-Jan-2025,2025-01-30,6600.00,PE,8.75,13.00,8.75,10.50,10.50,56,462.758062,6875,250,06-JAN-2025
OPTSTK,APOLLOHOSP,27-Feb-2025,2025-02-27,6650.00,CE,0.00,0.00,0.00,779.80,866.15,0,0.00,0,0,06-JAN-2025
OPTSTK,APOLLOHOSP,30-Jan-2025,2025-01-30,6650.00,PE,10.00,12.75,10.00,12.75,12.75,3,24.981875,10500,-125,06-JAN-2025
OPTSTK,APOLLOHOSP,30-Jan-2025,2025-01-30,7900.00,PE,0.00,0.00,0.00,867.60,476.40,0,0.00,0,0,06-JAN-2025
OPTSTK,APOLLOHOSP,27-Mar-2025,2025-03-27,7600.00,PE,0.00,0.00,0.00,517.20,352.25,0,0.00,0,0,06-JAN-2025
OPTSTK,APOLLOHOSP,30-Jan-2025,2025-01-30,6700.00,CE,0.00,0.00,0.00,628.15,764.50,0,0.00,0,0,06-JAN-2025
OPTSTK,APOLLOHOSP,27-Feb-2025,2025-02-27,6700.00,PE,0.00,0.00,0.00,263.40,28.20,0,0.00,0,0,06-JAN-2025
OPTSTK,APOLLOHOSP,27-Mar-2025,2025-03-27,6700.00,PE,0.00,0.00,0.00,135.75,52.80,0,0.00,0,0,06-JAN-2025
OPTSTK,APOLLOHOSP,27-Feb-2025,2025-02-27,6700.00,CE,0.00,0.00,0.00,525.30,821.45,0,0.00,0,0,06-JAN-2025
OPTSTK,APOLLOHOSP,30-Jan-2025,2025-01-30,6950.00,PE,30.45,44.40,29.60,36.40,36.40,277,2419.11806,15375,2000,06-JAN-2025
OPTSTK,APOLLOHOSP,27-Feb-2025,2025-02-27,6950.00,PE,0.00,0.00,0.00,164.90,65.55,0,0.00,0,0,06-JAN-2025
OPTSTK,APOLLOHOSP,30-Jan-2025,2025-01-30,6950.00,CE,0.00,0.00,0.00,312.20,533.75,0,0.00,0,0,06-JAN-2025
OPTSTK,APOLLOHOSP,27-Feb-2025,2025-02-27,6950.00,CE,0.00,0.00,0.00,563.20,611.25,0,0.00,0,0,06-JAN-2025
OPTSTK,APOLLOHOSP,27-Feb-2025,2025-02-27,7600.00,CE,0.00,0.00,0.00,168.00,214.00,0,0.00,0,0,06-JAN-2025
OPTSTK,APOLLOHOSP,30-Jan-2025,2025-01-30,6300.00,PE,2.85,2.90,2.85,2.90,0.25,2,15.7571875,4500,0,06-JAN-2025
OPTSTK,APOLLOHOSP,27-Mar-2025,2025-03-27,7700.00,PE,0.00,0.00,0.00,578.35,408.85,0,0.00,0,0,06-JAN-2025
OPTSTK,APOLLOHOSP,27-Mar-2025,2025-03-27,7700.00,CE,0.00,0.00,0.00,278.55,251.10,0,0.00,0,0,06-JAN-2025
OPTSTK,APOLLOHOSP,30-Jan-2025,2025-01-30,7700.00,PE,380.00,380.05,380.00,380.05,321.20,9,90.9003125,1250,1125,06-JAN-2025
OPTSTK,APOLLOHOSP,30-Jan-2025,2025-01-30,6100.00,PE,0.00,0.00,0.00,50.80,0.05,0,0.00,0,0,06-JAN-2025
OPTSTK,APOLLOHOSP,27-Mar-2025,2025-03-27,6800.00,CE,0.00,0.00,0.00,746.95,798.20,0,0.00,0,0,06-JAN-2025
OPTSTK,APOLLOHOSP,27-Mar-2025,2025-03-27,6800.00,PE,0.00,0.00,0.00,163.00,69.20,0,0.00,0,0,06-JAN-2025
OPTSTK,APOLLOHOSP,27-Feb-2025,2025-02-27,8100.00,PE,0.00,0.00,0.00,1190.65,663.30,0,0.00,0,0,06-JAN-2025
OPTSTK,APOLLOHOSP,27-Mar-2025,2025-03-27,6200.00,CE,0.00,0.00,0.00,1218.50,1330.35,0,0.00,0,0,06-JAN-2025
OPTSTK,APOLLOHOSP,27-Mar-2025,2025-03-27,6200.00,PE,0.00,0.00,0.00,45.40,10.15,0,0.00,0,0,06-JAN-2025
OPTSTK,APOLLOHOSP,27-Feb-2025,2025-02-27,7450.00,CE,0.00,0.00,0.00,291.95,283.55,0,0.00,0,0,06-JAN-2025
FUTSTK,APOLLOHOSP,27-Mar-2025,2025-03-27,,,7547.00,7576.45,7543.40,7553.15,7553.15,7,66.082125,2625,250,06-JAN-2025
OPTSTK,APOLLOHOSP,30-Jan-2025,2025-01-30,7000.00,PE,38.60,53.10,32.00,42.85,42.85,1455,12807.8033,70000,6500,06-JAN-2025
OPTSTK,APOLLOHOSP,27-Feb-2025,2025-02-27,7000.00,CE,0.00,0.00,0.00,372.35,572.35,0,0.00,0,0,06-JAN-2025
OPTSTK,APOLLOHOSP,27-Feb-2025,2025-02-27,6100.00,PE,0.00,0.00,0.00,85.75,1.75,0,0.00,0,0,06-JAN-2025
OPTSTK,APOLLOHOSP,27-Feb-2025,2025-02-27,6800.00,PE,0.00,0.00,0.00,306.55,40.30,0,0.00,0,0,06-JAN-2025
OPTSTK,APOLLOHOSP,30-Jan-2025,2025-01-30,6800.00,PE,17.65,25.80,16.20,21.60,21.60,292,2489.64193,20000,3500,06-JAN-2025
OPTSTK,RBLBANK,30-Jan-2025,2025-01-30,165.00,PE,0.00,0.00,0.00,12.00,6.20,0,0.00,255000,0,06-JAN-2025
OPTSTK,RBLBANK,27-Mar-2025,2025-03-27,165.00,PE,0.00,0.00,0.00,13.00,11.45,0,0.00,0,0,06-JAN-2025
OPTSTK,RBLBANK,27-Mar-2025,2025-03-27,145.00,PE,0.00,0.00,0.00,8.00,4.10,0,0.00,0,0,06-JAN-2025
OPTSTK,HINDUNILVR,27-Mar-2025,2025-03-27,2200.00,CE,0.00,0.00,0.00,214.05,226.25,0,0.00,0,0,06-JAN-2025
OPTSTK,HINDUNILVR,30-Jan-2025,2025-01-30,2200.00,CE,188.00,188.00,188.00,188.00,188.00,1,7.164,26700,300,06-JAN-2025
OPTSTK,RBLBANK,30-Jan-2025,2025-01-30,180.00,PE,0.00,0.00,0.00,22.90,15.50,0,0.00,172500,0,06-JAN-2025
OPTSTK,HINDUNILVR,27-Feb-2025,2025-02-27,2100.00,CE,0.00,0.00,0.00,271.45,298.75,0,0.00,0,0,06-JAN-2025
OPTSTK,HINDUNILVR,30-Jan-2025,2025-01-30,2100.00,CE,0.00,0.00,0.00,392.20,285.70,0,0.00,0,0,06-JAN-2025
OPTSTK,HINDUNILVR,27-Feb-2025,2025-02-27,2600.00,PE,0.00,0.00,0.00,169.50,212.15,0,0.00,0,0,06-JAN-2025
OPTSTK,HINDUNILVR,30-Jan-2025,2025-01-30,2600.00,PE,199.00,225.00,199.00,217.20,217.20,11,92.84505,131700,-600,06-JAN-2025
OPTSTK,HINDUNILVR,27-Mar-2025,2025-03-27,2600.00,CE,0.00,0.00,0.00,37.25,26.85,0,0.00,0,0,06-JAN-2025
OPTSTK,HINDUNILVR,27-Feb-2025,2025-02-27,2080.00,CE,0.00,0.00,0.00,426.30,317.85,0,0.00,0,0,06-JAN-2025
OPTSTK,HINDUNILVR,27-Feb-2025,2025-02-27,2080.00,PE,0.00,0.00,0.00,6.55,1.75,0,0.00,0,0,06-JAN-2025
OPTSTK,HINDUNILVR,27-Feb-2025,2025-02-27,2140.00,PE,0.00,0.00,0.00,18.20,4.55,0,0.00,0,0,06-JAN-2025
OPTSTK,RBLBANK,27-Feb-2025,2025-02-27,162.50,PE,0.00,0.00,0.00,13.25,8.10,0,0.00,0,0,06-JAN-2025
OPTSTK,RBLBANK,27-Feb-2025,2025-02-27,162.50,CE,0.00,0.00,0.00,15.20,14.00,0,0.00,0,0,06-JAN-2025
OPTSTK,HINDUNILVR,27-Feb-2025,2025-02-27,2280.00,PE,29.50,29.50,25.00,25.00,25.45,3,20.7585,3000,600,06-JAN-2025
OPTSTK,RBLBANK,30-Jan-2025,2025-01-30,130.00,PE,0.40,0.45,0.40,0.45,0.05,3,9.78125,1200000,-7500,06-JAN-2025
OPTSTK,HINDUNILVR,27-Feb-2025,2025-02-27,2240.00,PE,0.00,0.00,0.00,25.25,16.60,0,0.00,0,0,06-JAN-2025
OPTSTK,HINDUNILVR,27-Mar-2025,2025-03-27,2240.00,PE,0.00,0.00,0.00,53.40,25.60,0,0.00,0,0,06-JAN-2025
OPTSTK,HINDUNILVR,30-Jan-2025,2025-01-30,2240.00,CE,155.10,157.55,149.65,149.65,152.00,3,21.5469,3900,0,06-JAN-2025
OPTSTK,HINDUNILVR,30-Jan-2025,2025-01-30,2160.00,PE,2.10,3.60,1.70,3.30,3.30,380,2465.4927,103500,26400,06-JAN-2025
OPTSTK,HINDUNILVR,27-Mar-2025,2025-03-27,2160.00,CE,0.00,0.00,0.00,243.35,259.80,0,0.00,0,0,06-JAN-2025
OPTSTK,HINDUNILVR,30-Jan-2025,2025-01-30,2260.00,PE,7.90,14.65,6.75,13.15,13.15,699,4762.5186,126900,10200,06-JAN-2025
OPTSTK,HINDUNILVR,27-Feb-2025,2025-02-27,2540.00,CE,0.00,0.00,0.00,19.40,23.35,0,0.00,600,0,06-JAN-2025
OPTSTK,RBLBANK,30-Jan-2025,2025-01-30,170.00,PE,0.00,0.00,0.00,15.10,8.80,0,0.00,2582500,0,06-JAN-2025
OPTSTK,HINDUNILVR,27-Feb-2025,2025-02-27,1960.00,CE,0.00,0.00,0.00,539.35,435.10,0,0.00,0,0,06-JAN-2025
OPTSTK,HINDUNILVR,27-Feb-2025,2025-02-27,2620.00,PE,0.00,0.00,0.00,272.80,229.55,0,0.00,0,0,06-JAN-2025
OPTSTK,HINDUNILVR,27-Feb-2025,2025-02-27,2300.00,PE,25.50,34.10,25.50,32.55,32.55,36,251.69475,15600,300,06-JAN-2025
OPTSTK,HINDUNILVR,27-Feb-2025,2025-02-27,2520.00,PE,0.00,0.00,0.00,122.95,147.50,0,0.00,0,0,06-JAN-2025
OPTSTK,HINDUNILVR,27-Mar-2025,2025-03-27,2520.00,PE,0.00,0.00,0.00,198.25,153.00,0,0.00,0,0,06-JAN-2025
OPTSTK,HINDUNILVR,27-Mar-2025,2025-03-27,2520.00,CE,0.00,0.00,0.00,56.50,46.20,0,0.00,0,0,06-JAN-2025
OPTSTK,MCX,27-Mar-2025,2025-03-27,6200.00,PE,0.00,0.00,0.00,459.30,601.65,0,0.00,0,0,06-JAN-2025
OPTSTK,MCX,27-Feb-2025,2025-02-27,6000.00,PE,307.00,341.60,307.00,341.60,416.90,4,25.2979,300,0,06-JAN-2025
OPTSTK,CESC,27-Mar-2025,2025-03-27,210.00,CE,0.00,0.00,0.00,9.35,3.55,0,0.00,0,0,06-JAN-2025
OPTSTK,MCX,27-Feb-2025,2025-02-27,5600.00,PE,0.00,0.00,0.00,295.70,219.95,0,0.00,0,0,06-JAN-2025
OPTSTK,CESC,27-Feb-2025,2025-02-27,220.00,PE,0.00,0.00,0.00,46.25,42.75,0,0.00,0,0,06-JAN-2025
OPTSTK,CESC,27-Mar-2025,2025-03-27,220.00,CE,0.00,0.00,0.00,6.95,2.25,0,0.00,0,0,06-JAN-2025
OPTSTK,MCX,27-Feb-2025,2025-02-27,5300.00,CE,0.00,0.00,0.00,1214.75,684.05,0,0.00,0,0,06-JAN-2025
OPTSTK,MCX,27-Feb-2025,2025-02-27,5300.00,PE,0.00,0.00,0.00,95.65,120.00,0,0.00,0,0,06-JAN-2025
OPTSTK,MCX,30-Jan-2025,2025-01-30,5300.00,CE,0.00,0.00,0.00,1007.95,587.15,0,0.00,0,0,06-JAN-2025
OPTSTK,MCX,27-Feb-2025,2025-02-27,5800.00,CE,0.00,0.00,0.00,782.95,378.10,0,0.00,0,0,06-JAN-2025
OPTSTK,CESC,30-Jan-2025,2025-01-30,195.00,PE,14.80,19.35,14.80,19.35,19.65,11,68.2212375,236925,-5850,06-JAN-2025
OPTSTK,MCX,27-Mar-2025,2025-03-27,6400.00,PE,0.00,0.00,0.00,557.85,734.20,0,0.00,0,0,06-JAN-2025
OPTSTK,CESC,30-Jan-2025,2025-01-30,190.00,PE,11.65,17.55,10.70,17.10,17.10,183,1090.98551,611325,-339300,06-JAN-2025
OPTSTK,MCX,30-Jan-2025,2025-01-30,7200.00,PE,0.00,0.00,0.00,825.60,1359.35,0,0.00,300,0,06-JAN-2025
OPTSTK,CESC,30-Jan-2025,2025-01-30,195.00,CE,4.20,4.20,1.85,1.90,1.90,495,2862.81742,889200,-64350,06-JAN-2025
FUTSTK,MCX,27-Mar-2025,2025-03-27,,,6219.05,6219.05,5890.00,5906.40,5906.40,147,886.13695,5500,2800,06-JAN-2025
OPTSTK,CESC,27-Mar-2025,2025-03-27,180.00,CE,0.00,0.00,0.00,21.05,12.20,0,0.00,0,0,06-JAN-2025
OPTSTK,CESC,27-Feb-2025,2025-02-27,180.00,CE,0.00,0.00,0.00,15.40,9.30,0,0.00,0,0,06-JAN-2025
OPTSTK,MCX,27-Feb-2025,2025-02-27,5900.00,CE,0.00,0.00,0.00,783.35,330.65,0,0.00,0,0,06-JAN-2025
OPTSTK,CESC,27-Feb-2025,2025-02-27,220.00,CE,0.00,0.00,0.00,4.55,0.95,0,0.00,0,0,06-JAN-2025
OPTSTK,MCX,30-Jan-2025,2025-01-30,7300.00,CE,12.75,12.75,8.25,9.20,9.20,115,840.6993,13000,-4200,06-JAN-2025
OPTSTK,CESC,30-Jan-2025,2025-01-30,207.50,CE,1.45,1.45,0.65,0.65,0.65,28,170.894587,160875,26325,06-JAN-2025
OPTSTK,CESC,30-Jan-2025,2025-01-30,172.50,PE,3.65,6.35,3.55,6.10,6.10,18,93.6511875,178425,-2925,06-JAN-2025
OPTSTK,CESC,30-Jan-2025,2025-01-30,150.00,CE,0.00,0.00,0.00,29.85,27.10,0,0.00,0,0,06-JAN-2025
OPTSTK,CESC,30-Jan-2025,2025-01-30,165.00,PE,1.70,3.55,1.50,3.40,3.40,274,1343.29893,444600,216450,06-JAN-2025
OPTSTK,MCX,27-Mar-2025,2025-03-27,5200.00,PE,0.00,0.00,0.00,127.25,147.35,0,0.00,0,0,06-JAN-2025
OPTSTK,MCX,30-Jan-2025,2025-01-30,5200.00,PE,17.75,54.20,17.75,48.25,48.25,889,4659.36735,32000,29000,06-JAN-2025
OPTSTK,MCX,27-Mar-2025,2025-03-27,6600.00,PE,0.00,0.00,0.00,666.75,878.30,0,0.00,0,0,06-JAN-2025
OPTSTK,MCX,27-Feb-2025,2025-02-27,6600.00,CE,0.00,0.00,0.00,250.00,112.25,0,0.00,100,0,06-JAN-2025
OPTSTK,CESC,30-Jan-2025,2025-01-30,175.00,CE,13.00,13.00,7.65,7.90,7.90,73,393.9975,178425,5850,06-JAN-2025
OPTSTK,MCX,27-Feb-2025,2025-02-27,6500.00,PE,0.00,0.00,0.00,531.20,757.40,0,0.00,0,0,06-JAN-2025
OPTSTK,MCX,27-Feb-2025,2025-02-27,5400.00,CE,0.00,0.00,0.00,1029.30,613.90,0,0.00,0,0,06-JAN-2025
OPTSTK,MCX,30-Jan-2025,2025-01-30,5000.00,PE,0.00,0.00,0.00,82.35,14.70,0,0.00,0,0,06-JAN-2025
OPTSTK,VEDL,30-Jan-2025,2025-01-30,380.00,CE,0.00,0.00,0.00,97.75,64.60,0,0.00,0,0,06-JAN-2025
OPTSTK,VEDL,27-Feb-2025,2025-02-27,470.00,CE,15.55,15.55,11.80,11.80,14.05,61,339.280475,56350,46000,06-JAN-2025
OPTSTK,VEDL,30-Jan-2025,2025-01-30,530.00,PE,0.00,0.00,0.00,63.40,85.75,0,0.00,75900,0,06-JAN-2025
OPTSTK,VEDL,30-Jan-2025,2025-01-30,430.00,CE,29.40,31.65,22.25,23.25,23.25,172,900.65125,240350,-14950,06-JAN-2025
OPTSTK,BHARTIARTL,27-Mar-2025,2025-03-27,1840.00,CE,0.00,0.00,0.00,22.60,8.45,0,0.00,0,0,06-JAN-2025
OPTSTK,BHARTIARTL,27-Feb-2025,2025-02-27,1360.00,CE,0.00,0.00,0.00,235.15,242.55,0,0.00,0,0,06-JAN-2025
OPTSTK,BHARTIARTL,27-Mar-2025,2025-03-27,1600.00,PE,0.00,0.00,0.00,71.35,59.70,0,0.00,0,0,06-JAN-2025
OPTSTK,BHARTIARTL,27-Feb-2025,2025-02-27,1400.00,PE,0.00,0.00,0.00,16.20,2.70,0,0.00,0,0,06-JAN-2025
OPTSTK,BHARTIARTL,27-Feb-2025,2025-02-27,1580.00,PE,0.00,0.00,0.00,37.85,41.65,0,0.00,475,0,06-JAN-2025
OPTSTK,BHARTIARTL,27-Feb-2025,2025-02-27,1540.00,PE,0.00,0.00,0.00,37.05,26.35,0,0.00,0,0,06-JAN-2025
OPTSTK,BHARTIARTL,27-Mar-2025,2025-03-27,1560.00,CE,0.00,0.00,0.00,121.90,93.50,0,0.00,0,0,06-JAN-2025
OPTSTK,BHARTIARTL,30-Jan-2025,2025-01-30,1760.00,CE,2.70,3.10,2.00,2.35,2.35,594,4972.92058,236075,-12350,06-JAN-2025
OPTSTK,BHARTIARTL,27-Mar-2025,2025-03-27,1760.00,PE,0.00,0.00,0.00,167.75,164.80,0,0.00,0,0,06-JAN-2025
OPTSTK,BHARTIARTL,27-Feb-2025,2025-02-27,1540.00,CE,0.00,0.00,0.00,115.85,89.50,0,0.00,0,0,06-JAN-2025
OPTSTK,BHARTIARTL,30-Jan-2025,2025-01-30,1360.00,CE,0.00,0.00,0.00,283.60,234.50,0,0.00,0,0,06-JAN-2025
FUTSTK,BHARTIARTL,30-Jan-2025,2025-01-30,,,1607.80,1618.85,1575.50,1595.60,1595.60,16703,126755.166,45488375,844550,06-JAN-2025
OPTSTK,BHARTIARTL,30-Jan-2025,2025-01-30,1520.00,PE,7.25,16.35,6.40,11.50,11.50,1181,8588.30542,226575,17575,06-JAN-2025
OPTSTK,BHARTIARTL,27-Feb-2025,2025-02-27,1520.00,PE,0.00,0.00,0.00,49.00,20.35,0,0.00,0,0,06-JAN-2025
OPTSTK,BHARTIARTL,27-Mar-2025,2025-03-27,1480.00,PE,0.00,0.00,0.00,28.60,18.15,0,0.00,0,0,06-JAN-2025
OPTSTK,BHARTIARTL,30-Jan-2025,2025-01-30,1480.00,CE,109.80,117.00,109.80,117.00,118.75,4,30.3012,3325,950,06-JAN-2025
OPTSTK,BHARTIARTL,27-Feb-2025,2025-02-27,1760.00,PE,0.00,0.00,0.00,193.50,164.10,0,0.00,0,0,06-JAN-2025
OPTSTK,BHARTIARTL,30-Jan-2025,2025-01-30,1420.00,CE,0.00,0.00,0.00,171.45,175.30,0,0.00,0,0,06-JAN-2025
OPTSTK,BHARTIARTL,27-Mar-2025,2025-03-27,1600.00,CE,0.00,0.00,0.00,99.75,71.60,0,0.00,0,0,06-JAN-2025
OPTSTK,BHARTIARTL,30-Jan-2025,2025-01-30,1920.00,CE,0.40,0.45,0.35,0.45,0.45,5,45.609975,47025,-2375,06-JAN-2025
OPTSTK,BHARTIARTL,27-Feb-2025,2025-02-27,1460.00,CE,0.00,0.00,0.00,173.95,150.70,0,0.00,0,0,06-JAN-2025
OPTSTK,BHARTIARTL,30-Jan-2025,2025-01-30,1560.00,PE,17.00,29.70,12.90,21.80,21.80,4013,30144.8352,443650,-125400,06-JAN-2025
OPTSTK,BHARTIARTL,27-Feb-2025,2025-02-27,1560.00,CE,0.00,0.00,0.00,94.35,76.75,0,0.00,0,0,06-JAN-2025
OPTSTK,BHARTIARTL,30-Jan-2025,2025-01-30,1320.00,PE,0.55,0.75,0.55,0.75,0.05,16,100.375337,12350,0,06-JAN-2025
OPTSTK,BHARTIARTL,27-Feb-2025,2025-02-27,1740.00,CE,0.00,0.00,0.00,29.25,12.10,0,0.00,0,0,06-JAN-2025
OPTSTK,PAGEIND,30-Jan-2025,2025-01-30,46000.00,PE,405.00,532.00,394.15,425.35,425.35,225,1566.68838,2340,675,06-JAN-2025
OPTSTK,PAGEIND,30-Jan-2025,2025-01-30,46000.00,CE,0.00,0.00,0.00,1825.10,2579.15,0,0.00,15,0,06-JAN-2025
OPTSTK,PAGEIND,27-Feb-2025,2025-02-27,46000.00,PE,0.00,0.00,0.00,770.00,752.75,0,0.00,0,0,06-JAN-2025
OPTSTK,PAGEIND,27-Feb-2025,2025-02-27,46000.00,CE,0.00,0.00,0.00,2474.25,3192.70,0,0.00,0,0,06-JAN-2025
OPTSTK,PAGEIND,27-Mar-2025,2025-03-27,46000.00,PE,0.00,0.00,0.00,1804.10,1032.20,0,0.00,0,0,06-JAN-2025
OPTSTK,PAGEIND,27-Feb-2025,2025-02-27,44500.00,PE,0.00,0.00,0.00,957.60,394.70,0,0.00,0,0,06-JAN-2025
OPTSTK,PAGEIND,30-Jan-2025,2025-01-30,44500.00,PE,150.00,150.00,150.00,150.00,132.05,1,6.6975,1815,15,06-JAN-2025
OPTSTK,PAGEIND,27-Feb-2025,2025-02-27,44500.00,CE,0.00,0.00,0.00,4098.90,4320.25,0,0.00,0,0,06-JAN-2025
OPTSTK,PAGEIND,27-Feb-2025,2025-02-27,49500.00,PE,0.00,0.00,0.00,3304.70,2325.65,0,0.00,0,0,06-JAN-2025
OPTSTK,PAGEIND,27-Feb-2025,2025-02-27,42500.00,CE,0.00,0.00,0.00,5597.75,6044.20,0,0.00,0,0,06-JAN-2025
OPTSTK,PAGEIND,30-Jan-2025,2025-01-30,44000.00,CE,0.00,0.00,0.00,3559.55,4282.60,0,0.00,45,0,06-JAN-2025
OPTSTK,PAGEIND,27-Feb-2025,2025-02-27,44000.00,PE,0.00,0.00,0.00,1864.25,310.10,0,0.00,0,0,06-JAN-2025
OPTSTK,PAGEIND,27-Mar-2025,2025-03-27,44000.00,CE,0.00,0.00,0.00,4983.35,5164.20,0,0.00,0,0,06-JAN-2025
OPTSTK,PAGEIND,30-Jan-2025,2025-01-30,42000.00,PE,0.00,0.00,0.00,84.95,12.60,0,0.00,390,0,06-JAN-2025
OPTSTK,PAGEIND,27-Mar-2025,2025-03-27,42000.00,CE,0.00,0.00,0.00,6459.55,6840.70,0,0.00,0,0,06-JAN-2025
OPTSTK,PAGEIND,30-Jan-2025,2025-01-30,42000.00,CE,0.00,0.00,0.00,5167.20,6198.30,0,0.00,30,0,06-JAN-2025
OPTSTK,PAGEIND,27-Feb-2025,2025-02-27,50000.00,CE,0.00,0.00,0.00,1134.70,1116.00,0,0.00,0,0,06-JAN-2025
OPTSTK,PAGEIND,30-Jan-2025,2025-01-30,50000.00,PE,2332.05,2400.00,2332.05,2367.30,2367.30,5,39.27018,90,30,06-JAN-2025
OPTSTK,PAGEIND,30-Jan-2025,2025-01-30,51500.00,CE,279.80,279.80,195.65,240.00,226.40,125,969.635032,1590,405,06-JAN-2025
OPTSTK,PAGEIND,27-Mar-2025,2025-03-27,54000.00,CE,0.00,0.00,0.00,830.80,563.20,0,0.00,0,0,06-JAN-2025
OPTSTK,PAGEIND,30-Jan-2025,2025-01-30,43500.00,CE,0.00,0.00,0.00,3805.80,4749.30,0,0.00,60,0,06-JAN-2025
OPTSTK,PAGEIND,27-Mar-2025,2025-03-27,49000.00,PE,0.00,0.00,0.00,3283.50,2315.40,0,0.00,0,0,06-JAN-2025
OPTSTK,PAGEIND,27-Feb-2025,2025-02-27,50500.00,CE,0.00,0.00,0.00,1188.20,952.95,0,0.00,0,0,06-JAN-2025
OPTSTK,PAGEIND,30-Jan-2025,2025-01-30,49000.00,CE,697.85,838.05,640.00,782.60,782.60,148,1104.44057,3210,120,06-JAN-2025
OPTSTK,PAGEIND,30-Jan-2025,2025-01-30,55000.00,CE,30.00,30.00,30.00,30.00,19.20,5,41.2725,105,75,06-JAN-2025
OPTSTK,PAGEIND,30-Jan-2025,2025-01-30,55000.00,PE,0.00,0.00,0.00,11021.95,6775.90,0,0.00,0,0,06-JAN-2025
OPTSTK,PAGEIND,27-Feb-2025,2025-02-27,55000.00,PE,0.00,0.00,0.00,9549.80,6649.90,0,0.00,0,0,06-JAN-2025
OPTSTK,PAGEIND,27-Feb-2025,2025-02-27,55000.00,CE,0.00,0.00,0.00,357.70,176.00,0,0.00,0,0,06-JAN-2025
OPTSTK,PAGEIND,27-Feb-2025,2025-02-27,54000.00,CE,0.00,0.00,0.00,457.20,266.90,0,0.00,0,0,06-JAN-2025
OPTSTK,PAGEIND,30-Jan-2025,2025-01-30,49000.00,PE,0.00,0.00,0.00,1550.00,1628.60,0,0.00,345,0,06-JAN-2025
OPTSTK,PAGEIND,27-Feb-2025,2025-02-27,49000.00,PE,0.00,0.00,0.00,4694.50,2034.55,0,0.00,0,0,06-JAN-2025
OPTSTK,PAGEIND,27-Feb-2025,2025-02-27,42500.00,PE,0.00,0.00,0.00,481.55,137.75,0,0.00,0,0,06-JAN-2025
OPTSTK,ABBOTINDIA,30-Jan-2025,2025-01-30,29750.00,PE,750.00,787.50,614.80,627.85,627.85,36,219.19452,640,40,06-JAN-2025
OPTSTK,ABBOTINDIA,27-Feb-2025,2025-02-27,29750.00,CE,0.00,0.00,0.00,883.55,1234.55,0,0.00,0,0,06-JAN-2025
OPTSTK,INDHOTEL,27-Feb-2025,2025-02-27,920.00,CE,15.45,15.70,15.45,15.70,15.65,2,18.7115,2000,2000,06-JAN-2025
OPTSTK,TECHM,27-Mar-2025,2025-03-27,1480.00,PE,0.00,0.00,0.00,19.20,10.60,0,0.00,0,0,06-JAN-2025
OPTSTK,ABBOTINDIA,30-Jan-2025,2025-01-30,29000.00,CE,1125.00,1460.00,1050.00,1460.00,1460.00,8,48.40822,1960,-40,06-JAN-2025
OPTSTK,ABBOTINDIA,30-Jan-2025,2025-01-30,31250.00,PE,0.00,0.00,0.00,3693.75,1411.95,0,0.00,0,0,06-JAN-2025
OPTSTK,ABBOTINDIA,30-Jan-2025,2025-01-30,31250.00,CE,203.05,365.70,203.00,365.70,250.75,4,25.22748,60,-20,06-JAN-2025
OPTSTK,INDHOTEL,30-Jan-2025,2025-01-30,840.00,PE,9.15,24.20,7.80,22.00,22.00,3310,28438.125,649000,312000,06-JAN-2025
OPTSTK,INDHOTEL,27-Mar-2025,2025-03-27,840.00,CE,0.00,0.00,0.00,86.25,56.80,0,0.00,0,0,06-JAN-2025
FUTSTK,ABBOTINDIA,30-Jan-2025,2025-01-30,,,29739.55,30121.70,29375.00,30065.95,30065.95,1442,8596.10326,77960,-1400,06-JAN-2025
OPTSTK,TECHM,27-Feb-2025,2025-02-27,1740.00,CE,0.00,0.00,0.00,77.20,49.35,0,0.00,0,0,06-JAN-2025
OPTSTK,TECHM,30-Jan-2025,2025-01-30,2000.00,CE,1.15,1.30,0.65,1.15,1.15,110,1320.7191,131400,-5400,06-JAN-2025
OPTSTK,TECHM,27-Mar-2025,2025-03-27,2000.00,PE,0.00,0.00,0.00,290.75,294.60,0,0.00,0,0,06-JAN-2025
OPTSTK,TECHM,27-Feb-2025,2025-02-27,2000.00,CE,0.00,0.00,0.00,29.55,3.65,0,0.00,0,0,06-JAN-2025
OPTSTK,ABBOTINDIA,27-Feb-2025,2025-02-27,27000.00,PE,0.00,0.00,0.00,1006.00,88.95,0,0.00,0,0,06-JAN-2025
OPTSTK,ABBOTINDIA,27-Feb-2025,2025-02-27,27000.00,CE,0.00,0.00,0.00,1871.25,3297.75,0,0.00,0,0,06-JAN-2025
OPTSTK,TECHM,27-Mar-2025,2025-03-27,1880.00,CE,0.00,0.00,0.00,49.80,26.70,0,0.00,0,0,06-JAN-2025
OPTSTK,ABBOTINDIA,27-Feb-2025,2025-02-27,34500.00,PE,0.00,0.00,0.00,6583.65,4279.70,0,0.00,0,0,06-JAN-2025
OPTSTK,INDHOTEL,30-Jan-2025,2025-01-30,800.00,CE,78.00,78.00,55.00,55.80,56.45,92,798.527,157000,-9000,06-JAN-2025
OPTSTK,INDHOTEL,27-Feb-2025,2025-02-27,800.00,CE,0.00,0.00,0.00,55.55,69.40,0,0.00,0,0,06-JAN-2025
OPTSTK,ABBOTINDIA,27-Feb-2025,2025-02-27,30750.00,CE,0.00,0.00,0.00,564.50,756.80,0,0.00,0,0,06-JAN-2025
OPTSTK,INDHOTEL,27-Feb-2025,2025-02-27,940.00,PE,0.00,0.00,0.00,160.65,98.25,0,0.00,0,0,06-JAN-2025
OPTSTK,INDHOTEL,27-Feb-2025,2025-02-27,940.00,CE,0.00,0.00,0.00,16.15,11.50,0,0.00,0,0,06-JAN-2025
OPTSTK,TECHM,30-Jan-2025,2025-01-30,1640.00,CE,91.00,91.00,76.10,78.05,78.05,41,423.4404,40200,600,06-JAN-2025
OPTSTK,TECHM,27-Feb-2025,2025-02-27,1640.00,CE,0.00,0.00,0.00,162.15,100.00,0,0.00,0,0,06-JAN-2025
OPTSTK,TECHM,30-Jan-2025,2025-01-30,1640.00,PE,30.00,31.25,19.85,30.05,30.05,559,5588.2083,148200,2400,06-JAN-2025
OPTSTK,TECHM,27-Feb-2025,2025-02-27,1640.00,PE,0.00,0.00,0.00,40.00,38.00,0,0.00,9000,0,06-JAN-2025
OPTSTK,TECHM,30-Jan-2025,2025-01-30,1400.00,PE,0.00,0.00,0.00,17.75,0.05,0,0.00,0,0,06-JAN-2025
OPTSTK,TECHM,27-Mar-2025,2025-03-27,1640.00,PE,0.00,0.00,0.00,62.65,49.25,0,0.00,0,0,06-JAN-2025
OPTSTK,TECHM,27-Mar-2025,2025-03-27,1640.00,CE,0.00,0.00,0.00,151.00,119.65,0,0.00,0,0,06-JAN-2025
OPTSTK,TECHM,30-Jan-2025,2025-01-30,1840.00,PE,0.00,0.00,0.00,142.95,151.45,0,0.00,1800,0,06-JAN-2025
OPTSTK,TECHM,27-Feb-2025,2025-02-27,1840.00,PE,0.00,0.00,0.00,161.70,156.75,0,0.00,0,0,06-JAN-2025
OPTSTK,GRASIM,27-Mar-2025,2025-03-27,2360.00,PE,0.00,0.00,0.00,66.20,47.80,0,0.00,0,0,06-JAN-2025
OPTSTK,ICICIBANK,27-Feb-2025,2025-02-27,1080.00,PE,0.00,0.00,0.00,3.70,0.40,0,0.00,0,0,06-JAN-2025
OPTSTK,GRASIM,30-Jan-2025,2025-01-30,2360.00,CE,127.50,127.50,127.50,127.50,128.05,2,12.4375,1250,-250,06-JAN-2025
OPTSTK,ICICIBANK,27-Mar-2025,2025-03-27,1480.00,PE,0.00,0.00,0.00,171.40,197.70,0,0.00,0,0,06-JAN-2025
OPTSTK,ICICIBANK,30-Jan-2025,2025-01-30,1300.00,PE,44.20,51.95,37.45,47.40,47.40,1646,15488.9220,1733200,17500,06-JAN-2025
OPTSTK,ICICIBANK,27-Mar-2025,2025-03-27,1300.00,CE,0.00,0.00,0.00,72.95,39.70,0,0.00,0,0,06-JAN-2025
OPTSTK,JSWSTEEL,30-Jan-2025,2025-01-30,840.00,CE,78.55,78.55,78.55,78.55,68.60,1,6.2002125,5400,-675,06-JAN-2025
OPTSTK,GRASIM,30-Jan-2025,2025-01-30,2040.00,CE,0.00,0.00,0.00,694.25,429.60,0,0.00,0,0,06-JAN-2025
OPTSTK,JSWSTEEL,27-Feb-2025,2025-02-27,1010.00,PE,0.00,0.00,0.00,102.25,106.45,0,0.00,0,0,06-JAN-2025
OPTSTK,GRASIM,27-Feb-2025,2025-02-27,2720.00,PE,0.00,0.00,0.00,200.30,249.85,0,0.00,0,0,06-JAN-2025
OPTSTK,GRASIM,30-Jan-2025,2025-01-30,2720.00,PE,0.00,0.00,0.00,80.00,250.55,0,0.00,500,0,06-JAN-2025
OPTSTK,JSWSTEEL,30-Jan-2025,2025-01-30,1050.00,PE,0.00,0.00,0.00,118.00,144.75,0,0.00,4725,0,06-JAN-2025
OPTSTK,GRASIM,27-Feb-2025,2025-02-27,2520.00,CE,0.00,0.00,0.00,192.30,68.20,0,0.00,0,0,06-JAN-2025
OPTSTK,GRASIM,27-Mar-2025,2025-03-27,2520.00,CE,0.00,0.00,0.00,140.75,93.90,0,0.00,0,0,06-JAN-2025
OPTSTK,ICICIBANK,27-Feb-2025,2025-02-27,1480.00,PE,0.00,0.00,0.00,181.40,202.70,0,0.00,0,0,06-JAN-2025
OPTSTK,JSWSTEEL,27-Feb-2025,2025-02-27,1020.00,PE,0.00,0.00,0.00,89.15,115.15,0,0.00,0,0,06-JAN-2025
OPTSTK,JSWSTEEL,27-Feb-2025,2025-02-27,1020.00,CE,0.00,0.00,0.00,41.70,5.80,0,0.00,0,0,06-JAN-2025
OPTSTK,ICICIBANK,27-Mar-2025,2025-03-27,1200.00,PE,0.00,0.00,0.00,18.05,16.05,0,0.00,0,0,06-JAN-2025
OPTSTK,ICICIBANK,30-Jan-2025,2025-01-30,1200.00,PE,7.05,10.55,5.50,9.00,9.00,4419,37377.7796,1633800,-13300,06-JAN-2025
OPTSTK,GRASIM,27-Mar-2025,2025-03-27,2080.00,PE,0.00,0.00,0.00,11.35,4.15,0,0.00,0,0,06-JAN-2025
OPTSTK,GRASIM,30-Jan-2025,2025-01-30,2660.00,CE,9.55,14.05,5.10,5.60,5.60,813,5422.59725,47250,-33000,06-JAN-2025
OPTSTK,ICICIBANK,27-Mar-2025,2025-03-27,1440.00,CE,0.00,0.00,0.00,22.95,6.65,0,0.00,0,0,06-JAN-2025
OPTSTK,GRASIM,30-Jan-2025,2025-01-30,2500.00,PE,41.60,79.00,37.10,72.40,72.40,1323,8451.53325,202250,-500,06-JAN-2025
OPTSTK,GRASIM,27-Feb-2025,2025-02-27,2500.00,PE,0.00,0.00,0.00,107.30,92.35,0,0.00,0,0,06-JAN-2025
OPTSTK,GRASIM,30-Jan-2025,2025-01-30,2500.00,CE,67.00,75.90,37.05,40.70,40.70,1167,7444.6765,283000,5250,06-JAN-2025
OPTSTK,ICICIBANK,27-Feb-2025,2025-02-27,1150.00,CE,0.00,0.00,0.00,167.05,128.60,0,0.00,0,0,06-JAN-2025
OPTSTK,ICICIBANK,27-Feb-2025,2025-02-27,1150.00,PE,0.00,0.00,0.00,5.30,3.50,0,0.00,0,0,06-JAN-2025
OPTSTK,GRASIM,30-Jan-2025,2025-01-30,2160.00,CE,0.00,0.00,0.00,580.00,310.60,0,0.00,0,0,06-JAN-2025
OPTSTK,GRASIM,27-Mar-2025,2025-03-27,2160.00,CE,0.00,0.00,0.00,381.50,341.90,0,0.00,0,0,06-JAN-2025
OPTSTK,ICICIBANK,30-Jan-2025,2025-01-30,1190.00,PE,5.35,8.55,4.25,7.30,7.30,844,7067.22625,385700,-53900,06-JAN-2025
OPTSTK,ICICIBANK,27-Feb-2025,2025-02-27,1190.00,CE,0.00,0.00,0.00,132.95,94.35,0,0.00,0,0,06-JAN-2025
OPTSTK,GRASIM,27-Feb-2025,2025-02-27,2460.00,CE,0.00,0.00,0.00,141.35,96.25,0,0.00,0,0,06-JAN-2025
OPTSTK,AUROPHARMA,27-Mar-2025,2025-03-27,1320.00,CE,0.00,0.00,0.00,64.20,72.65,0,0.00,0,0,06-JAN-2025
OPTSTK,AUROPHARMA,27-Mar-2025,2025-03-27,1360.00,PE,0.00,0.00,0.00,129.35,81.85,0,0.00,0,0,06-JAN-2025
OPTSTK,AUROPHARMA,27-Feb-2025,2025-02-27,1360.00,PE,0.00,0.00,0.00,141.90,73.25,0,0.00,0,0,06-JAN-2025
OPTSTK,AUROPHARMA,27-Feb-2025,2025-02-27,1120.00,CE,0.00,0.00,0.00,165.30,206.15,0,0.00,0,0,06-JAN-2025
OPTSTK,AUROPHARMA,27-Feb-2025,2025-02-27,1340.00,PE,0.00,0.00,0.00,108.05,61.55,0,0.00,0,0,06-JAN-2025
OPTSTK,AUROPHARMA,30-Jan-2025,2025-01-30,1220.00,PE,6.05,9.00,5.95,7.60,7.60,231,1559.76397,158400,13200,06-JAN-2025
OPTSTK,AUROPHARMA,30-Jan-2025,2025-01-30,1180.00,PE,4.45,4.85,3.60,4.00,4.00,79,514.53435,114950,2750,06-JAN-2025
OPTSTK,AUROPHARMA,27-Feb-2025,2025-02-27,1180.00,CE,0.00,0.00,0.00,120.60,152.30,0,0.00,0,0,06-JAN-2025
OPTSTK,AUROPHARMA,30-Jan-2025,2025-01-30,1340.00,CE,29.35,30.70,21.90,27.65,27.65,943,7087.36655,332750,20350,06-JAN-2025
OPTSTK,AUROPHARMA,30-Jan-2025,2025-01-30,1400.00,CE,11.90,12.60,8.20,11.05,11.05,1272,9864.58605,576950,8250,06-JAN-2025
OPTSTK,AUROPHARMA,30-Jan-2025,2025-01-30,1100.00,PE,1.40,1.50,1.15,1.15,0.10,124,751.10035,88000,36850,06-JAN-2025
OPTSTK,AUROPHARMA,27-Feb-2025,2025-02-27,1420.00,PE,0.00,0.00,0.00,167.05,114.55,0,0.00,0,0,06-JAN-2025
OPTSTK,AUROPHARMA,30-Jan-2025,2025-01-30,1080.00,PE,1.10,1.10,0.90,0.90,0.05,32,190.255725,100650,0,06-JAN-2025
OPTSTK,AUROPHARMA,30-Jan-2025,2025-01-30,1480.00,PE,0.00,0.00,0.00,157.50,162.65,0,0.00,18700,0,06-JAN-2025
OPTSTK,AUROPHARMA,30-Jan-2025,2025-01-30,1480.00,CE,3.20,3.70,2.20,3.20,3.20,449,3662.0078,179300,-25850,06-JAN-2025
OPTSTK,AUROPHARMA,27-Feb-2025,2025-02-27,1460.00,CE,0.00,0.00,0.00,14.65,13.15,0,0.00,0,0,06-JAN-2025
OPTSTK,AUROPHARMA,30-Jan-2025,2025-01-30,1560.00,CE,0.00,0.00,0.00,44.40,0.25,0,0.00,0,0,06-JAN-2025
OPTSTK,AUROPHARMA,30-Jan-2025,2025-01-30,1380.00,CE,15.60,17.00,11.60,14.65,14.65,482,3694.94427,162800,-9350,06-JAN-2025
OPTSTK,AUROPHARMA,27-Feb-2025,2025-02-27,1380.00,CE,0.00,0.00,0.00,29.80,32.05,0,0.00,0,0,06-JAN-2025
OPTSTK,AUROPHARMA,30-Jan-2025,2025-01-30,1380.00,PE,68.60,79.10,68.60,79.10,75.60,12,95.975,30250,3300,06-JAN-2025
OPTSTK,AUROPHARMA,27-Mar-2025,2025-03-27,1120.00,PE,0.00,0.00,0.00,22.20,6.10,0,0.00,0,0,06-JAN-2025
OPTSTK,INDIGO,27-Feb-2025,2025-02-27,4550.00,PE,0.00,0.00,0.00,167.80,338.20,0,0.00,0,0,06-JAN-2025
OPTSTK,INDIGO,27-Feb-2025,2025-02-27,4550.00,CE,0.00,0.00,0.00,399.85,98.70,0,0.00,0,0,06-JAN-2025
OPTSTK,BATAINDIA,27-Feb-2025,2025-02-27,1620.00,PE,0.00,0.00,0.00,237.90,184.25,0,0.00,0,0,06-JAN-2025
OPTSTK,BATAINDIA,27-Feb-2025,2025-02-27,1240.00,CE,0.00,0.00,0.00,160.65,197.25,0,0.00,0,0,06-JAN-2025
OPTSTK,BATAINDIA,30-Jan-2025,2025-01-30,1240.00,PE,1.25,1.65,1.25,1.65,0.10,6,27.9339375,13500,-1500,06-JAN-2025
OPTSTK,BATAINDIA,30-Jan-2025,2025-01-30,1420.00,PE,19.50,40.60,17.45,37.85,37.85,405,2206.16287,42750,13125,06-JAN-2025
OPTSTK,INDIGO,27-Mar-2025,2025-03-27,3800.00,CE,0.00,0.00,0.00,1024.05,574.15,0,0.00,0,0,06-JAN-2025
OPTSTK,INDIGO,30-Jan-2025,2025-01-30,3800.00,CE,485.15,485.15,485.15,485.15,491.15,1,6.427725,300,0,06-JAN-2025
OPTSTK,INDIGO,27-Feb-2025,2025-02-27,3800.00,CE,0.00,0.00,0.00,700.25,532.70,0,0.00,0,0,06-JAN-2025
OPTSTK,BATAINDIA,30-Jan-2025,2025-01-30,1180.00,CE,0.00,0.00,0.00,204.80,249.25,0,0.00,0,0,06-JAN-2025
OPTSTK,BATAINDIA,30-Jan-2025,2025-01-30,1580.00,PE,0.00,0.00,0.00,129.90,150.15,0,0.00,375,0,06-JAN-2025
OPTSTK,BATAINDIA,30-Jan-2025,2025-01-30,1580.00,CE,5.45,7.05,2.75,3.00,3.00,209,1241.81437,87000,1875,06-JAN-2025
OPTSTK,INDIGO,30-Jan-2025,2025-01-30,5300.00,PE,0.00,0.00,0.00,1184.75,1009.85,0,0.00,0,0,06-JAN-2025
OPTSTK,INDIGO,27-Feb-2025,2025-02-27,5300.00,PE,0.00,0.00,0.00,924.20,988.95,0,0.00,0,0,06-JAN-2025
OPTSTK,INDIGO,30-Jan-2025,2025-01-30,5050.00,CE,5.00,5.40,4.50,4.55,4.55,52,394.284225,9000,-2400,06-JAN-2025
OPTSTK,INDIGO,27-Feb-2025,2025-02-27,3800.00,PE,0.00,0.00,0.00,79.05,29.40,0,0.00,0,0,06-JAN-2025
OPTSTK,INDIGO,27-Feb-2025,2025-02-27,4650.00,CE,0.00,0.00,0.00,342.80,72.85,0,0.00,0,0,06-JAN-2025
OPTSTK,BATAINDIA,30-Jan-2025,2025-01-30,1180.00,PE,0.00,0.00,0.00,7.90,0.05,0,0.00,0,0,06-JAN-2025
OPTSTK,BATAINDIA,27-Feb-2025,2025-02-27,1180.00,CE,0.00,0.00,0.00,210.65,255.55,0,0.00,0,0,06-JAN-2025
OPTSTK,BATAINDIA,27-Feb-2025,2025-02-27,1180.00,PE,0.00,0.00,0.00,7.10,0.25,0,0.00,0,0,06-JAN-2025
OPTSTK,BATAINDIA,27-Feb-2025,2025-02-27,1350.00,CE,0.00,0.00,0.00,65.00,100.75,0,0.00,0,0,06-JAN-2025
OPTSTK,BATAINDIA,30-Jan-2025,2025-01-30,1350.00,CE,0.00,0.00,0.00,102.00,85.65,0,0.00,58875,0,06-JAN-2025
OPTSTK,BATAINDIA,30-Jan-2025,2025-01-30,1440.00,CE,44.95,53.45,25.80,27.65,27.65,757,4188.309,47250,12375,06-JAN-2025
OPTSTK,BATAINDIA,30-Jan-2025,2025-01-30,1310.00,PE,2.80,6.25,2.55,5.60,5.60,77,379.490625,39000,-4500,06-JAN-2025
OPTSTK,BATAINDIA,30-Jan-2025,2025-01-30,1260.00,CE,0.00,0.00,0.00,140.35,169.85,0,0.00,0,0,06-JAN-2025
OPTSTK,INDIGO,30-Jan-2025,2025-01-30,4750.00,CE,31.60,31.60,14.30,15.25,15.25,995,7118.14462,61800,2400,06-JAN-2025
OPTSTK,BATAINDIA,27-Feb-2025,2025-02-27,1260.00,PE,0.00,0.00,0.00,20.35,2.30,0,0.00,0,0,06-JAN-2025
OPTSTK,INDIGO,27-Feb-2025,2025-02-27,5050.00,PE,0.00,0.00,0.00,432.25,752.80,0,0.00,0,0,06-JAN-2025
OPTSTK,INDIGO,30-Jan-2025,2025-01-30,4850.00,PE,553.00,569.30,551.15,569.30,569.10,6,48.670275,2700,-150,06-JAN-2025
OPTSTK,INDIGO,30-Jan-2025,2025-01-30,4150.00,CE,301.30,301.30,195.15,203.10,203.10,24,157.30665,1350,1350,06-JAN-2025
OPTSTK,INDIGO,27-Feb-2025,2025-02-27,3900.00,CE,0.00,0.00,0.00,626.15,450.65,0,0.00,0,0,06-JAN-2025
OPTSTK,BATAINDIA,30-Jan-2025,2025-01-30,1250.00,PE,0.95,2.25,0.85,1.75,1.75,32,150.1695,29250,-375,06-JAN-2025
OPTSTK,UNIONBANK,27-Feb-2025,2025-02-27,130.00,CE,3.45,3.45,2.00,2.05,2.05,35,204.9837,181425,123900,06-JAN-2025
OPTSTK,UNIONBANK,27-Mar-2025,2025-03-27,130.00,PE,0.00,0.00,0.00,16.05,17.05,0,0.00,0,0,06-JAN-2025
OPTSTK,UNIONBANK,27-Feb-2025,2025-02-27,130.00,PE,0.00,0.00,0.00,14.75,16.25,0,0.00,0,0,06-JAN-2025
OPTSTK,UNIONBANK,27-Feb-2025,2025-02-27,132.00,PE,0.00,0.00,0.00,16.00,17.85,0,0.00,0,0,06-JAN-2025
OPTSTK,ITC,27-Feb-2025,2025-02-27,500.00,CE,2.00,2.80,2.00,2.55,2.55,46,369.8784,38400,-1811200,06-JAN-2025
OPTSTK,ITC,27-Mar-2025,2025-03-27,460.00,PE,0.00,0.00,0.00,10.45,22.65,0,0.00,0,0,06-JAN-2025
OPTSTK,ITC,30-Jan-2025,2025-01-30,460.00,CE,18.00,18.00,4.15,4.90,4.90,7335,54776.3872,3104000,2854400,06-JAN-2025
OPTSTK,UNIONBANK,30-Jan-2025,2025-01-30,122.00,CE,5.10,5.10,1.90,2.05,2.05,524,2883.85657,1464675,752250,06-JAN-2025
OPTSTK,UNIONBANK,27-Feb-2025,2025-02-27,122.00,PE,0.00,0.00,0.00,10.25,10.40,0,0.00,0,0,06-JAN-2025
OPTSTK,UNIONBANK,30-Jan-2025,2025-01-30,122.00,PE,6.00,10.60,6.00,9.90,9.90,71,410.5161,243375,-26550,06-JAN-2025
OPTSTK,UNIONBANK,27-Mar-2025,2025-03-27,122.00,CE,0.00,0.00,0.00,10.50,6.05,0,0.00,0,0,06-JAN-2025
OPTSTK,UNIONBANK,27-Feb-2025,2025-02-27,122.00,CE,0.00,0.00,0.00,12.15,4.25,0,0.00,0,0,06-JAN-2025
OPTSTK,UNIONBANK,27-Mar-2025,2025-03-27,122.00,PE,0.00,0.00,0.00,11.25,11.55,0,0.00,0,0,06-JAN-2025
OPTSTK,UNIONBANK,30-Jan-2025,2025-01-30,115.00,PE,2.00,6.05,2.00,5.30,5.30,3590,19017.4928,4208175,2225775,06-JAN-2025
OPTSTK,UNIONBANK,27-Mar-2025,2025-03-27,116.00,PE,0.00,0.00,0.00,8.25,8.10,0,0.00,0,0,06-JAN-2025
OPTSTK,UNIONBANK,27-Feb-2025,2025-02-27,116.00,CE,0.00,0.00,0.00,15.20,6.60,0,0.00,0,0,06-JAN-2025
OPTSTK,ITC,27-Feb-2025,2025-02-27,495.00,PE,0.00,0.00,0.00,24.45,49.10,0,0.00,0,0,06-JAN-2025
OPTSTK,UNIONBANK,30-Jan-2025,2025-01-30,144.00,PE,0.00,0.00,0.00,23.55,28.70,0,0.00,0,0,06-JAN-2025
OPTSTK,ITC,27-Mar-2025,2025-03-27,470.00,PE,0.00,0.00,0.00,0.20,29.15,0,0.00,0,-41600,06-JAN-2025
OPTSTK,ITC,27-Mar-2025,2025-03-27,430.00,PE,0.00,0.00,0.00,3.50,8.50,0,0.00,0,0,06-JAN-2025
OPTSTK,ITC,27-Feb-2025,2025-02-27,490.00,PE,0.00,0.00,0.00,6.25,44.60,0,0.00,0,-4800,06-JAN-2025
OPTSTK,ITC,30-Jan-2025,2025-01-30,455.00,CE,12.90,15.00,5.70,6.50,6.50,2695,19959.9176,872000,806400,06-JAN-2025
OPTSTK,ITC,30-Jan-2025,2025-01-30,455.00,PE,7.20,19.45,5.65,16.25,16.25,1597,11941.5648,184000,-403200,06-JAN-2025
OPTSTK,UNIONBANK,27-Feb-2025,2025-02-27,107.00,CE,0.00,0.00,0.00,16.85,11.75,0,0.00,0,0,06-JAN-2025
OPTSTK,UNIONBANK,27-Feb-2025,2025-02-27,107.00,PE,0.00,0.00,0.00,3.45,3.00,0,0.00,0,0,06-JAN-2025
OPTSTK,UNIONBANK,30-Jan-2025,2025-01-30,107.00,PE,1.45,2.40,1.40,2.15,2.15,100,482.001975,283200,269925,06-JAN-2025
OPTSTK,UNIONBANK,30-Jan-2025,2025-01-30,107.00,CE,9.30,9.60,9.30,9.60,9.60,3,15.4521,8850,8850,06-JAN-2025
OPTSTK,UNIONBANK,27-Feb-2025,2025-02-27,112.00,PE,0.00,0.00,0.00,5.85,4.90,0,0.00,0,0,06-JAN-2025
OPTSTK,UNIONBANK,27-Feb-2025,2025-02-27,112.00,CE,0.00,0.00,0.00,17.55,8.65,0,0.00,0,0,06-JAN-2025
OPTSTK,UNIONBANK,27-Mar-2025,2025-03-27,110.00,PE,0.00,0.00,0.00,5.75,5.30,0,0.00,0,0,06-JAN-2025
OPTSTK,UNIONBANK,27-Mar-2025,2025-03-27,110.00,CE,0.00,0.00,0.00,16.75,11.65,0,0.00,0,0,06-JAN-2025
OPTSTK,ITC,27-Feb-2025,2025-02-27,435.00,PE,0.00,0.00,0.00,2.75,8.15,0,0.00,0,0,06-JAN-2025
OPTSTK,CROMPTON,30-Jan-2025,2025-01-30,375.00,CE,10.45,16.10,10.00,11.25,11.25,789,5505.9624,129600,-126000,06-JAN-2025
OPTSTK,CROMPTON,30-Jan-2025,2025-01-30,375.00,PE,8.00,14.20,7.80,13.10,13.10,494,3437.1459,172800,1800,06-JAN-2025
OPTSTK,CROMPTON,27-Feb-2025,2025-02-27,375.00,CE,0.00,0.00,0.00,36.00,16.45,0,0.00,0,0,06-JAN-2025
OPTSTK,CROMPTON,30-Jan-2025,2025-01-30,350.00,CE,33.15,34.50,27.30,29.90,25.70,7,47.9295,19800,-3600,06-JAN-2025
OPTSTK,CROMPTON,30-Jan-2025,2025-01-30,430.00,CE,0.90,0.90,0.55,0.65,0.65,95,736.434,340200,-3600,06-JAN-2025
OPTSTK,CROMPTON,27-Feb-2025,2025-02-27,425.00,PE,0.00,0.00,0.00,39.15,52.90,0,0.00,0,0,06-JAN-2025
OPTSTK,CROMPTON,30-Jan-2025,2025-01-30,350.00,PE,4.00,4.60,2.00,4.25,4.25,375,2386.6461,248400,14400,06-JAN-2025
OPTSTK,CROMPTON,27-Feb-2025,2025-02-27,430.00,CE,0.00,0.00,0.00,22.80,2.35,0,0.00,0,0,06-JAN-2025
OPTSTK,CROMPTON,30-Jan-2025,2025-01-30,345.00,CE,0.00,0.00,0.00,25.75,29.70,0,0.00,3600,0,06-JAN-2025
OPTSTK,CROMPTON,30-Jan-2025,2025-01-30,440.00,PE,0.00,0.00,0.00,66.00,67.25,0,0.00,5400,0,06-JAN-2025
OPTSTK,CROMPTON,30-Jan-2025,2025-01-30,360.00,CE,23.75,23.75,18.30,19.60,19.60,31,212.2452,54000,21600,06-JAN-2025
OPTSTK,CROMPTON,30-Jan-2025,2025-01-30,440.00,CE,0.45,0.50,0.40,0.45,0.45,14,110.9907,145800,9000,06-JAN-2025
OPTSTK,CROMPTON,27-Feb-2025,2025-02-27,440.00,CE,0.00,0.00,0.00,19.30,1.55,0,0.00,0,0,06-JAN-2025
OPTSTK,CROMPTON,27-Mar-2025,2025-03-27,360.00,CE,0.00,0.00,0.00,51.15,29.35,0,0.00,0,0,06-JAN-2025
OPTSTK,CROMPTON,27-Feb-2025,2025-02-27,420.00,PE,0.00,0.00,0.00,32.60,48.60,0,0.00,0,0,06-JAN-2025
OPTSTK,CROMPTON,27-Feb-2025,2025-02-27,385.00,CE,0.00,0.00,0.00,30.05,12.20,0,0.00,0,0,06-JAN-2025
OPTSTK,CROMPTON,27-Mar-2025,2025-03-27,380.00,PE,0.00,0.00,0.00,18.05,22.55,0,0.00,0,0,06-JAN-2025
OPTSTK,CROMPTON,27-Mar-2025,2025-03-27,380.00,CE,0.00,0.00,0.00,38.50,19.05,0,0.00,0,0,06-JAN-2025
OPTSTK,CROMPTON,27-Feb-2025,2025-02-27,380.00,PE,0.00,0.00,0.00,14.55,19.60,0,0.00,0,0,06-JAN-2025
OPTSTK,CROMPTON,30-Jan-2025,2025-01-30,310.00,CE,0.00,0.00,0.00,88.80,62.40,0,0.00,0,0,06-JAN-2025
OPTSTK,CROMPTON,27-Feb-2025,2025-02-27,310.00,CE,0.00,0.00,0.00,103.75,64.65,0,0.00,0,0,06-JAN-2025
OPTSTK,CROMPTON,30-Jan-2025,2025-01-30,405.00,PE,28.15,28.90,28.00,28.90,34.30,3,23.4009,5400,-3600,06-JAN-2025
OPTSTK,BANDHANBNK,30-Jan-2025,2025-01-30,185.00,PE,0.00,0.00,0.00,25.00,32.75,0,0.00,140000,0,06-JAN-2025
OPTSTK,BANDHANBNK,27-Feb-2025,2025-02-27,160.00,PE,8.85,12.95,8.80,12.95,13.05,21,99.974,179200,36400,06-JAN-2025
OPTSTK,BANKINDIA,27-Mar-2025,2025-03-27,98.00,PE,0.00,0.00,0.00,5.85,5.35,0,0.00,0,0,06-JAN-2025
OPTSTK,BANKINDIA,30-Jan-2025,2025-01-30,90.00,CE,11.00,11.00,10.25,10.25,10.80,17,82.464075,82025,82025,06-JAN-2025
OPTSTK,BANKINDIA,27-Mar-2025,2025-03-27,96.00,PE,0.00,0.00,0.00,5.05,4.50,0,0.00,0,0,06-JAN-2025
OPTSTK,BANKINDIA,27-Mar-2025,2025-03-27,90.00,CE,0.00,0.00,0.00,17.90,13.55,0,0.00,0,0,06-JAN-2025
OPTSTK,BANKINDIA,27-Feb-2025,2025-02-27,90.00,CE,0.00,0.00,0.00,25.30,12.25,0,0.00,0,0,06-JAN-2025
OPTSTK,BANDHANBNK,27-Mar-2025,2025-03-27,130.00,PE,0.00,0.00,0.00,2.90,2.50,0,0.00,0,0,06-JAN-2025
OPTSTK,BANKINDIA,27-Feb-2025,2025-02-27,91.00,PE,0.00,0.00,0.00,1.50,1.85,0,0.00,4825,0,06-JAN-2025
OPTSTK,BANKINDIA,27-Feb-2025,2025-02-27,99.00,CE,0.00,0.00,0.00,10.50,6.50,0,0.00,0,0,06-JAN-2025
OPTSTK,BANKINDIA,27-Feb-2025,2025-02-27,99.00,PE,0.00,0.00,0.00,5.10,4.75,0,0.00,0,0,06-JAN-2025
OPTSTK,BANKINDIA,30-Jan-2025,2025-01-30,99.00,PE,2.65,4.30,2.65,4.00,4.00,73,361.339425,67550,-62725,06-JAN-2025
OPTSTK,BANKINDIA,30-Jan-2025,2025-01-30,99.00,CE,8.00,8.00,4.40,4.50,4.50,59,298.158462,101325,-9650,06-JAN-2025
OPTSTK,BANDHANBNK,27-Feb-2025,2025-02-27,150.00,CE,13.55,13.65,10.05,10.15,10.15,58,263.9728,148400,145600,06-JAN-2025
OPTSTK,BANDHANBNK,27-Mar-2025,2025-03-27,170.00,CE,0.00,0.00,0.00,12.90,5.45,0,0.00,0,0,06-JAN-2025
OPTSTK,BANKINDIA,27-Feb-2025,2025-02-27,118.00,CE,0.00,0.00,0.00,8.50,1.00,0,0.00,0,0,06-JAN-2025
OPTSTK,BANKINDIA,27-Mar-2025,2025-03-27,106.00,PE,0.00,0.00,0.00,9.75,9.70,0,0.00,0,0,06-JAN-2025
OPTSTK,BANKINDIA,27-Feb-2025,2025-02-27,106.00,PE,0.00,0.00,0.00,6.00,8.70,0,0.00,24125,0,06-JAN-2025
OPTSTK,BANKINDIA,27-Mar-2025,2025-03-27,104.00,CE,0.00,0.00,0.00,9.70,5.80,0,0.00,0,0,06-JAN-2025
OPTSTK,BANKINDIA,30-Jan-2025,2025-01-30,104.00,CE,5.00,5.15,2.25,2.40,2.40,149,770.829937,564525,120625,06-JAN-2025
OPTSTK,BANDHANBNK,27-Feb-2025,2025-02-27,165.00,PE,0.00,0.00,0.00,12.00,16.40,0,0.00,0,0,06-JAN-2025
OPTSTK,BANDHANBNK,27-Feb-2025,2025-02-27,185.00,CE,0.00,0.00,0.00,12.20,1.20,0,0.00,0,0,06-JAN-2025
OPTSTK,BANDHANBNK,30-Jan-2025,2025-01-30,165.00,PE,8.55,14.70,8.15,14.40,14.40,126,622.8782,1162000,-92400,06-JAN-2025
OPTSTK,BANKINDIA,27-Mar-2025,2025-03-27,104.00,PE,0.00,0.00,0.00,8.65,8.45,0,0.00,0,0,06-JAN-2025
OPTSTK,BANDHANBNK,27-Mar-2025,2025-03-27,165.00,CE,0.00,0.00,0.00,15.00,6.90,0,0.00,0,0,06-JAN-2025
OPTSTK,BANKINDIA,27-Feb-2025,2025-02-27,105.00,CE,6.00,6.00,3.60,3.60,3.90,14,74.1723125,77200,48250,06-JAN-2025
OPTSTK,BANKINDIA,27-Feb-2025,2025-02-27,86.00,PE,1.00,1.00,1.00,1.00,0.85,1,4.19775,4825,4825,06-JAN-2025
OPTSTK,BANKINDIA,30-Jan-2025,2025-01-30,120.00,PE,0.00,0.00,0.00,18.00,19.80,0,0.00,33775,0,06-JAN-2025
OPTSTK,BANDHANBNK,27-Feb-2025,2025-02-27,180.00,CE,2.55,2.60,1.60,1.70,1.70,48,244.615,176400,81200,06-JAN-2025
OPTSTK,BANKINDIA,27-Feb-2025,2025-02-27,86.00,CE,0.00,0.00,0.00,28.65,15.50,0,0.00,0,0,06-JAN-2025
OPTSTK,BANKINDIA,30-Jan-2025,2025-01-30,115.00,PE,13.10,15.75,13.10,15.70,15.05,27,169.680775,424600,-82025,06-JAN-2025
OPTSTK,BANKINDIA,27-Feb-2025,2025-02-27,97.00,CE,0.00,0.00,0.00,11.70,7.55,0,0.00,0,0,06-JAN-2025
OPTSTK,POWERGRID,30-Jan-2025,2025-01-30,280.00,CE,34.10,35.60,34.10,35.60,28.15,2,11.3346,3600,0,06-JAN-2025
OPTSTK,POWERGRID,27-Mar-2025,2025-03-27,310.00,CE,0.00,0.00,0.00,23.70,16.10,0,0.00,0,0,06-JAN-2025
OPTSTK,POWERGRID,27-Mar-2025,2025-03-27,310.00,PE,0.00,0.00,0.00,17.80,15.55,0,0.00,0,0,06-JAN-2025
OPTSTK,POWERGRID,30-Jan-2025,2025-01-30,390.00,CE,0.10,0.10,0.10,0.10,0.05,1,7.0218,5400,0,06-JAN-2025
OPTSTK,POWERGRID,27-Feb-2025,2025-02-27,340.00,CE,2.15,2.20,2.00,2.20,2.20,12,73.899,90000,10800,06-JAN-2025
OPTSTK,POWERGRID,30-Jan-2025,2025-01-30,340.00,PE,27.00,33.05,27.00,32.70,32.70,34,227.8116,610200,-36000,06-JAN-2025
OPTSTK,POWERGRID,30-Jan-2025,2025-01-30,340.00,CE,1.10,1.10,0.55,0.60,0.60,1284,7873.8327,1913400,217800,06-JAN-2025
OPTSTK,POWERGRID,27-Mar-2025,2025-03-27,290.00,CE,0.00,0.00,0.00,35.25,27.50,0,0.00,0,0,06-JAN-2025
OPTSTK,POWERGRID,27-Mar-2025,2025-03-27,290.00,PE,0.00,0.00,0.00,9.75,7.25,0,0.00,0,0,06-JAN-2025
OPTSTK,POWERGRID,30-Jan-2025,2025-01-30,325.00,PE,14.10,20.00,12.15,19.00,19.00,54,331.857,246600,-7200,06-JAN-2025
OPTSTK,POWERGRID,30-Jan-2025,2025-01-30,325.00,CE,3.20,3.20,1.65,1.85,1.85,2000,11790.7326,1452600,9000,06-JAN-2025
OPTSTK,POWERGRID,27-Feb-2025,2025-02-27,325.00,CE,0.00,0.00,0.00,12.85,6.65,0,0.00,0,0,06-JAN-2025
OPTSTK,POWERGRID,27-Feb-2025,2025-02-27,325.00,PE,0.00,0.00,0.00,23.45,22.55,0,0.00,0,0,06-JAN-2025
OPTSTK,POWERGRID,30-Jan-2025,2025-01-30,270.00,PE,0.25,0.55,0.25,0.55,0.55,94,457.4889,460800,23400,06-JAN-2025
OPTSTK,POWERGRID,30-Jan-2025,2025-01-30,380.00,CE,0.10,0.15,0.10,0.10,0.05,5,34.2099,34200,-7200,06-JAN-2025
OPTSTK,POWERGRID,27-Mar-2025,2025-03-27,380.00,CE,0.00,0.00,0.00,4.00,1.15,0,0.00,0,0,06-JAN-2025
OPTSTK,POWERGRID,27-Feb-2025,2025-02-27,310.00,CE,10.00,10.00,9.05,9.05,12.25,15,86.1984,21600,14400,06-JAN-2025
OPTSTK,POWERGRID,27-Mar-2025,2025-03-27,340.00,CE,0.00,0.00,0.00,11.85,5.95,0,0.00,0,0,06-JAN-2025
OPTSTK,POWERGRID,27-Mar-2025,2025-03-27,340.00,PE,0.00,0.00,0.00,35.40,34.95,0,0.00,0,0,06-JAN-2025
OPTSTK,HAVELLS,30-Jan-2025,2025-01-30,1740.00,PE,74.80,107.65,73.80,106.15,106.15,29,266.24775,14500,-1500,06-JAN-2025
OPTSTK,HAVELLS,27-Feb-2025,2025-02-27,1520.00,PE,0.00,0.00,0.00,21.50,12.65,0,0.00,0,0,06-JAN-2025
OPTSTK,HAVELLS,30-Jan-2025,2025-01-30,1400.00,PE,1.75,2.65,1.75,2.65,0.10,4,28.041,6500,500,06-JAN-2025
OPTSTK,HAVELLS,27-Feb-2025,2025-02-27,1800.00,CE,0.00,0.00,0.00,79.30,16.70,0,0.00,0,0,06-JAN-2025
OPTSTK,HAVELLS,30-Jan-2025,2025-01-30,1820.00,PE,169.00,169.00,164.90,164.90,168.70,3,29.8145,2000,1000,06-JAN-2025
OPTSTK,HAVELLS,27-Feb-2025,2025-02-27,1820.00,CE,0.00,0.00,0.00,36.85,13.45,0,0.00,0,0,06-JAN-2025
OPTSTK,HAVELLS,30-Jan-2025,2025-01-30,1760.00,PE,103.80,113.10,103.75,110.70,114.90,5,46.71475,3500,-1500,06-JAN-2025
OPTSTK,HAVELLS,27-Mar-2025,2025-03-27,1680.00,PE,0.00,0.00,0.00,83.65,79.60,0,0.00,0,0,06-JAN-2025
OPTSTK,HAVELLS,30-Jan-2025,2025-01-30,1600.00,CE,86.90,86.90,79.45,79.45,72.35,3,25.2485,8000,500,06-JAN-2025
OPTSTK,HAVELLS,27-Feb-2025,2025-02-27,1600.00,PE,45.50,45.50,40.60,44.05,44.05,9,73.98075,5500,1000,06-JAN-2025
OPTSTK,HAVELLS,27-Mar-2025,2025-03-27,1600.00,CE,0.00,0.00,0.00,155.95,113.15,0,0.00,0,0,06-JAN-2025
OPTSTK,HAVELLS,27-Feb-2025,2025-02-27,1920.00,PE,0.00,0.00,0.00,210.20,259.55,0,0.00,0,0,06-JAN-2025
OPTSTK,HAVELLS,27-Feb-2025,2025-02-27,1560.00,CE,0.00,0.00,0.00,215.65,122.30,0,0.00,0,0,06-JAN-2025
OPTSTK,HAVELLS,30-Jan-2025,2025-01-30,1960.00,CE,1.05,1.05,1.05,1.05,0.10,1,9.80525,21000,0,06-JAN-2025
OPTSTK,HAVELLS,30-Jan-2025,2025-01-30,1360.00,PE,1.05,1.05,1.05,1.05,0.05,1,6.80525,9000,500,06-JAN-2025
OPTSTK,HAVELLS,30-Jan-2025,2025-01-30,2000.00,PE,0.00,0.00,0.00,340.40,345.10,0,0.00,0,0,06-JAN-2025
OPTSTK,DELHIVERY,27-Feb-2025,2025-02-27,375.00,PE,0.00,0.00,0.00,34.95,39.55,0,0.00,0,0,06-JAN-2025
OPTSTK,DELHIVERY,27-Feb-2025,2025-02-27,380.00,CE,4.05,5.15,4.05,5.15,4.75,3,17.5901125,57950,1525,06-JAN-2025
OPTSTK,DELHIVERY,27-Feb-2025,2025-02-27,380.00,PE,0.00,0.00,0.00,45.20,43.55,0,0.00,0,0,06-JAN-2025
OPTSTK,IRFC,27-Feb-2025,2025-02-27,152.50,CE,0.00,0.00,0.00,12.55,8.25,0,0.00,0,0,06-JAN-2025
OPTSTK,IRFC,30-Jan-2025,2025-01-30,190.00,CE,0.45,0.45,0.35,0.35,0.35,159,1067.2713,1505175,0,06-JAN-2025
OPTSTK,DELHIVERY,30-Jan-2025,2025-01-30,395.00,CE,0.00,0.00,0.00,1.00,0.45,0,0.00,47275,0,06-JAN-2025
OPTSTK,DELHIVERY,27-Feb-2025,2025-02-27,340.00,PE,0.00,0.00,0.00,21.80,16.45,0,0.00,0,0,06-JAN-2025
OPTSTK,DELHIVERY,30-Jan-2025,2025-01-30,340.00,PE,12.50,17.20,11.35,14.00,14.00,272,1469.88726,236375,-123525,06-JAN-2025
OPTSTK,DELHIVERY,27-Feb-2025,2025-02-27,345.00,PE,0.00,0.00,0.00,18.25,19.10,0,0.00,0,0,06-JAN-2025
FUTSTK,DELHIVERY,27-Mar-2025,2025-03-27,,,335.05,335.05,327.80,328.15,328.15,22,110.472525,79300,16775,06-JAN-2025
OPTSTK,DELHIVERY,30-Jan-2025,2025-01-30,335.00,CE,12.25,13.10,9.15,12.35,12.35,160,844.817212,82350,25925,06-JAN-2025
OPTSTK,IRFC,30-Jan-2025,2025-01-30,172.50,PE,23.20,23.20,23.20,23.20,27.15,1,6.898425,17625,-3525,06-JAN-2025
OPTSTK,IRFC,27-Feb-2025,2025-02-27,132.50,CE,0.00,0.00,0.00,22.90,18.75,0,0.00,0,0,06-JAN-2025
OPTSTK,IRFC,30-Jan-2025,2025-01-30,132.50,PE,1.05,2.40,1.05,2.35,2.35,67,316.2489,264375,24675,06-JAN-2025
OPTSTK,IRFC,27-Feb-2025,2025-02-27,132.50,PE,0.00,0.00,0.00,6.85,4.55,0,0.00,0,0,06-JAN-2025
OPTSTK,IRFC,27-Mar-2025,2025-03-27,155.00,PE,0.00,0.00,0.00,20.05,17.50,0,0.00,0,0,06-JAN-2025
OPTSTK,DELHIVERY,30-Jan-2025,2025-01-30,385.00,CE,1.30,1.30,0.85,1.20,1.20,49,288.50255,42700,-3050,06-JAN-2025
OPTSTK,IRFC,27-Feb-2025,2025-02-27,170.00,CE,3.85,3.85,2.60,2.70,3.45,18,109.872487,200925,3525,06-JAN-2025
OPTSTK,IRFC,27-Mar-2025,2025-03-27,170.00,PE,0.00,0.00,0.00,29.85,27.85,0,0.00,0,0,06-JAN-2025
OPTSTK,DELHIVERY,27-Mar-2025,2025-03-27,320.00,CE,0.00,0.00,0.00,48.90,33.25,0,0.00,0,0,06-JAN-2025
OPTSTK,DELHIVERY,27-Mar-2025,2025-03-27,400.00,CE,0.00,0.00,0.00,13.40,4.75,0,0.00,0,0,06-JAN-2025
OPTSTK,IRFC,30-Jan-2025,2025-01-30,137.50,CE,15.35,15.35,10.10,10.80,10.80,14,74.24355,42300,7050,06-JAN-2025
OPTSTK,DELHIVERY,27-Mar-2025,2025-03-27,400.00,PE,0.00,0.00,0.00,55.20,61.30,0,0.00,0,0,06-JAN-2025
OPTSTK,IRFC,27-Feb-2025,2025-02-27,137.50,CE,0.00,0.00,0.00,19.90,15.55,0,0.00,0,0,06-JAN-2025
OPTSTK,DELHIVERY,30-Jan-2025,2025-01-30,315.00,CE,21.30,24.65,21.30,24.65,24.65,6,30.910225,3050,3050,06-JAN-2025
OPTSTK,DELHIVERY,30-Jan-2025,2025-01-30,315.00,PE,3.75,5.35,3.75,4.25,4.25,103,501.521412,161650,-25925,06-JAN-2025
OPTSTK,DELHIVERY,27-Feb-2025,2025-02-27,315.00,CE,0.00,0.00,0.00,47.50,32.10,0,0.00,0,0,06-JAN-2025
OPTSTK,DELHIVERY,27-Feb-2025,2025-02-27,315.00,PE,0.00,0.00,0.00,7.60,6.55,0,0.00,0,0,06-JAN-2025
OPTSTK,DELHIVERY,27-Feb-2025,2025-02-27,320.00,PE,0.00,0.00,0.00,6.90,8.05,0,0.00,10675,0,06-JAN-2025
OPTSTK,IRFC,27-Mar-2025,2025-03-27,145.00,CE,0.00,0.00,0.00,19.05,14.35,0,0.00,0,0,06-JAN-2025
OPTSTK,IRFC,27-Feb-2025,2025-02-27,150.00,CE,10.05,10.15,7.30,7.40,7.40,72,401.622637,387750,21150,06-JAN-2025
OPTSTK,DELHIVERY,27-Feb-2025,2025-02-27,300.00,CE,0.00,0.00,0.00,56.40,43.60,0,0.00,0,0,06-JAN-2025
OPTSTK,HINDPETRO,27-Mar-2025,2025-03-27,350.00,PE,0.00,0.00,0.00,9.80,10.40,0,0.00,0,0,06-JAN-2025
OPTSTK,HINDPETRO,27-Mar-2025,2025-03-27,350.00,CE,0.00,0.00,0.00,85.40,54.40,0,0.00,0,0,06-JAN-2025
OPTSTK,HINDPETRO,30-Jan-2025,2025-01-30,425.00,CE,8.20,8.40,3.70,3.85,3.85,567,4936.59056,619650,153900,06-JAN-2025
OPTSTK,HINDPETRO,30-Jan-2025,2025-01-30,425.00,PE,21.15,36.45,21.15,36.45,38.80,19,175.827712,190350,0,06-JAN-2025
OPTSTK,HINDPETRO,30-Jan-2025,2025-01-30,350.00,CE,0.00,0.00,0.00,67.00,43.05,0,0.00,12150,0,06-JAN-2025
OPTSTK,HINDPETRO,27-Feb-2025,2025-02-27,430.00,PE,0.00,0.00,0.00,63.30,46.95,0,0.00,0,0,06-JAN-2025
OPTSTK,HINDPETRO,30-Jan-2025,2025-01-30,430.00,CE,8.15,8.40,2.95,3.05,3.05,1064,9356.01333,935550,220725,06-JAN-2025
OPTSTK,HINDPETRO,30-Jan-2025,2025-01-30,440.00,PE,44.05,46.90,44.05,46.90,51.55,5,49.1518125,180225,2025,06-JAN-2025
OPTSTK,HINDPETRO,27-Mar-2025,2025-03-27,360.00,CE,0.00,0.00,0.00,78.05,47.65,0,0.00,0,0,06-JAN-2025
OPTSTK,HINDPETRO,30-Jan-2025,2025-01-30,440.00,CE,5.60,5.60,1.90,1.95,1.95,1195,10710.9195,905175,81000,06-JAN-2025
OPTSTK,HINDPETRO,27-Feb-2025,2025-02-27,360.00,CE,0.00,0.00,0.00,50.05,41.85,0,0.00,0,0,06-JAN-2025
OPTSTK,HINDPETRO,27-Feb-2025,2025-02-27,440.00,PE,0.00,0.00,0.00,70.40,54.65,0,0.00,0,0,06-JAN-2025
OPTSTK,HINDPETRO,27-Feb-2025,2025-02-27,445.00,PE,0.00,0.00,0.00,44.35,58.65,0,0.00,0,0,06-JAN-2025
OPTSTK,HINDPETRO,27-Feb-2025,2025-02-27,380.00,PE,10.30,14.00,10.30,13.50,16.90,37,294.712425,44550,34425,06-JAN-2025
OPTSTK,HINDPETRO,27-Feb-2025,2025-02-27,405.00,CE,0.00,0.00,0.00,42.40,17.75,0,0.00,0,0,06-JAN-2025
OPTSTK,HINDPETRO,27-Feb-2025,2025-02-27,470.00,CE,0.00,0.00,0.00,12.05,3.45,0,0.00,0,0,06-JAN-2025
OPTSTK,HDFCBANK,27-Feb-2025,2025-02-27,1900.00,PE,172.00,176.00,172.00,176.00,179.25,5,57.002,14850,550,06-JAN-2025
OPTSTK,HDFCBANK,30-Jan-2025,2025-01-30,1910.00,CE,3.00,3.15,1.45,1.55,1.55,1311,13786.5730,402600,-81950,06-JAN-2025
OPTSTK,HDFCBANK,30-Jan-2025,2025-01-30,2120.00,CE,0.50,0.50,0.50,0.50,0.05,2,23.3255,35750,0,06-JAN-2025
OPTSTK,HDFCBANK,27-Feb-2025,2025-02-27,1840.00,CE,22.80,26.00,15.80,15.80,15.80,51,521.83285,26400,0,06-JAN-2025
OPTSTK,HDFCBANK,30-Jan-2025,2025-01-30,1940.00,CE,1.70,1.80,1.10,1.10,1.10,654,6982.67377,217250,-50600,06-JAN-2025
OPTSTK,HDFCBANK,27-Feb-2025,2025-02-27,1940.00,PE,0.00,0.00,0.00,160.55,215.50,0,0.00,0,0,06-JAN-2025
OPTSTK,HDFCBANK,30-Jan-2025,2025-01-30,1860.00,CE,12.00,12.05,3.20,3.35,3.35,3834,39322.4477,952050,-72050,06-JAN-2025
OPTSTK,APOLLOTYRE,30-Jan-2025,2025-01-30,520.00,PE,18.15,29.70,17.40,28.25,28.25,630,5827.9128,464100,-360400,06-JAN-2025
OPTSTK,APOLLOTYRE,30-Jan-2025,2025-01-30,530.00,CE,7.90,7.90,3.50,3.80,3.80,894,8129.4867,644300,122400,06-JAN-2025
OPTSTK,HDFCBANK,27-Feb-2025,2025-02-27,1780.00,CE,48.75,48.75,30.50,31.10,31.10,62,619.606075,43450,16500,06-JAN-2025
OPTSTK,APOLLOTYRE,27-Mar-2025,2025-03-27,640.00,PE,0.00,0.00,0.00,97.50,131.25,0,0.00,0,0,06-JAN-2025
OPTSTK,HDFCBANK,30-Jan-2025,2025-01-30,1760.00,PE,46.00,65.00,33.10,61.10,61.10,4045,40144.3559,757350,63800,06-JAN-2025
OPTSTK,HDFCBANK,27-Feb-2025,2025-02-27,1760.00,PE,47.70,68.50,41.80,68.50,72.50,66,658.5293,41800,-6600,06-JAN-2025
OPTSTK,HDFCBANK,27-Mar-2025,2025-03-27,1760.00,CE,0.00,0.00,0.00,122.60,56.40,0,0.00,0,0,06-JAN-2025
OPTSTK,HDFCBANK,27-Feb-2025,2025-02-27,2000.00,CE,4.65,4.65,3.05,3.45,3.45,311,3427.10747,179300,14850,06-JAN-2025
OPTSTK,HDFCBANK,30-Jan-2025,2025-01-30,2000.00,CE,1.00,1.00,0.65,0.70,0.70,1907,20984.9972,1321650,-168850,06-JAN-2025
OPTSTK,HDFCBANK,27-Feb-2025,2025-02-27,1740.00,PE,39.65,58.80,34.65,57.25,61.00,93,914.049675,40700,10450,06-JAN-2025
OPTSTK,HDFCBANK,27-Mar-2025,2025-03-27,1880.00,CE,0.00,0.00,0.00,65.80,20.65,0,0.00,0,0,06-JAN-2025
OPTSTK,HDFCBANK,27-Mar-2025,2025-03-27,1880.00,PE,0.00,0.00,0.00,121.05,162.55,0,0.00,0,0,06-JAN-2025
OPTSTK,APOLLOTYRE,30-Jan-2025,2025-01-30,600.00,PE,0.00,0.00,0.00,84.00,96.70,0,0.00,10200,0,06-JAN-2025
OPTSTK,APOLLOTYRE,27-Feb-2025,2025-02-27,600.00,PE,0.00,0.00,0.00,90.70,95.05,0,0.00,0,0,06-JAN-2025
OPTSTK,APOLLOTYRE,27-Feb-2025,2025-02-27,570.00,PE,0.00,0.00,0.00,43.30,67.85,0,0.00,0,0,06-JAN-2025
OPTSTK,HDFCBANK,27-Feb-2025,2025-02-27,1840.00,PE,0.00,0.00,0.00,89.80,128.75,0,0.00,550,0,06-JAN-2025
OPTSTK,HDFCBANK,30-Jan-2025,2025-01-30,1840.00,PE,90.20,126.15,88.15,125.00,125.00,47,504.42755,168300,-6050,06-JAN-2025
OPTSTK,APOLLOTYRE,27-Feb-2025,2025-02-27,600.00,CE,0.00,0.00,0.00,11.90,1.55,0,0.00,0,0,06-JAN-2025
OPTSTK,APOLLOTYRE,27-Mar-2025,2025-03-27,600.00,PE,0.00,0.00,0.00,67.15,94.45,0,0.00,0,0,06-JAN-2025
OPTSTK,APOLLOTYRE,30-Jan-2025,2025-01-30,620.00,PE,0.00,0.00,0.00,111.20,116.55,0,0.00,0,0,06-JAN-2025
OPTSTK,APOLLOTYRE,30-Jan-2025,2025-01-30,510.00,PE,13.35,22.40,11.90,21.45,21.45,802,7177.63715,397800,-3400,06-JAN-2025
OPTSTK,HDFCBANK,30-Jan-2025,2025-01-30,1950.00,CE,1.35,1.40,0.95,1.00,1.00,1116,11975.9554,567600,-167200,06-JAN-2025
OPTSTK,HDFCBANK,30-Jan-2025,2025-01-30,1950.00,PE,0.00,0.00,0.00,160.00,231.15,0,0.00,38500,0,06-JAN-2025
OPTSTK,APOLLOTYRE,30-Jan-2025,2025-01-30,490.00,CE,24.75,26.80,16.85,17.90,17.90,124,1074.0515,76500,56100,06-JAN-2025
OPTSTK,M&M,27-Mar-2025,2025-03-27,3000.00,PE,0.00,0.00,0.00,150.00,106.20,0,0.00,350,0,06-JAN-2025
OPTSTK,M&M,27-Feb-2025,2025-02-27,3600.00,CE,0.00,0.00,0.00,41.30,20.75,0,0.00,0,0,06-JAN-2025
OPTSTK,M&M,27-Mar-2025,2025-03-27,2800.00,CE,0.00,0.00,0.00,336.00,393.25,0,0.00,0,0,06-JAN-2025
OPTSTK,M&M,30-Jan-2025,2025-01-30,3100.00,CE,155.90,177.65,88.40,93.70,93.70,4702,26405.1109,337575,-7875,06-JAN-2025
OPTSTK,M&M,30-Jan-2025,2025-01-30,3300.00,CE,50.05,62.45,24.60,26.20,26.20,8168,47737.8055,406000,49525,06-JAN-2025
OPTSTK,M&M,27-Feb-2025,2025-02-27,3300.00,PE,0.00,0.00,0.00,434.70,240.45,0,0.00,0,0,06-JAN-2025
OPTSTK,M&M,27-Feb-2025,2025-02-27,3600.00,PE,0.00,0.00,0.00,677.65,480.60,0,0.00,0,0,06-JAN-2025
OPTSTK,M&M,27-Feb-2025,2025-02-27,3450.00,PE,0.00,0.00,0.00,477.45,352.95,0,0.00,0,0,06-JAN-2025
OPTSTK,M&M,27-Feb-2025,2025-02-27,3450.00,CE,0.00,0.00,0.00,46.40,41.65,0,0.00,0,0,06-JAN-2025
OPTSTK,M&M,30-Jan-2025,2025-01-30,3450.00,PE,0.00,0.00,0.00,263.10,340.50,0,0.00,175,0,06-JAN-2025
OPTSTK,M&M,27-Feb-2025,2025-02-27,3000.00,CE,237.90,237.90,210.30,210.30,215.55,4,22.5703625,1750,175,06-JAN-2025
OPTSTK,M&M,27-Feb-2025,2025-02-27,2800.00,PE,19.35,19.35,19.35,19.35,28.20,4,19.73545,700,700,06-JAN-2025
OPTSTK,M&M,27-Feb-2025,2025-02-27,2800.00,CE,360.00,360.00,355.00,357.50,357.50,2,11.05125,350,350,06-JAN-2025
OPTSTK,FEDERALBNK,27-Feb-2025,2025-02-27,177.50,CE,0.00,0.00,0.00,25.10,23.05,0,0.00,0,0,06-JAN-2025
OPTSTK,FEDERALBNK,30-Jan-2025,2025-01-30,202.50,CE,8.20,8.20,3.95,4.70,4.70,621,6453.8525,860000,40000,06-JAN-2025
OPTSTK,FEDERALBNK,30-Jan-2025,2025-01-30,202.50,PE,4.45,10.10,4.45,8.50,8.50,795,8325.3275,595000,80000,06-JAN-2025
OPTSTK,FEDERALBNK,27-Feb-2025,2025-02-27,235.00,CE,0.00,0.00,0.00,6.75,0.55,0,0.00,0,0,06-JAN-2025
OPTSTK,FEDERALBNK,27-Mar-2025,2025-03-27,200.00,PE,0.00,0.00,0.00,12.30,9.95,0,0.00,0,0,06-JAN-2025
OPTSTK,FEDERALBNK,27-Feb-2025,2025-02-27,165.00,PE,0.00,0.00,0.00,0.75,0.25,0,0.00,0,0,06-JAN-2025
OPTSTK,FEDERALBNK,30-Jan-2025,2025-01-30,235.00,PE,0.00,0.00,0.00,31.75,36.45,0,0.00,0,0,06-JAN-2025
OPTSTK,FEDERALBNK,27-Feb-2025,2025-02-27,210.00,PE,0.00,0.00,0.00,9.00,14.70,0,0.00,15000,0,06-JAN-2025
OPTSTK,FEDERALBNK,30-Jan-2025,2025-01-30,222.50,PE,18.95,23.25,18.95,23.20,24.30,12,146.7375,70000,10000,06-JAN-2025
OPTSTK,FEDERALBNK,27-Feb-2025,2025-02-27,195.00,CE,0.00,0.00,0.00,25.30,10.55,0,0.00,0,0,06-JAN-2025
OPTSTK,FEDERALBNK,27-Feb-2025,2025-02-27,202.50,CE,0.00,0.00,0.00,9.75,6.90,0,0.00,0,0,06-JAN-2025
OPTSTK,FEDERALBNK,27-Mar-2025,2025-03-27,190.00,CE,0.00,0.00,0.00,18.95,15.95,0,0.00,0,0,06-JAN-2025
OPTSTK,FEDERALBNK,30-Jan-2025,2025-01-30,190.00,CE,16.70,16.95,10.25,11.70,11.70,91,919.0175,860000,15000,06-JAN-2025
OPTSTK,FEDERALBNK,30-Jan-2025,2025-01-30,197.50,PE,2.85,7.20,2.80,5.90,5.90,1112,11243.2075,1840000,-140000,06-JAN-2025
OPTSTK,FEDERALBNK,27-Mar-2025,2025-03-27,170.00,PE,0.00,0.00,0.00,2.40,1.15,0,0.00,0,0,06-JAN-2025
OPTSTK,TATACOMM,30-Jan-2025,2025-01-30,2040.00,CE,0.00,0.00,0.00,47.55,0.25,0,0.00,0,0,06-JAN-2025
OPTSTK,TATACOMM,27-Mar-2025,2025-03-27,1840.00,CE,0.00,0.00,0.00,86.10,43.45,0,0.00,0,0,06-JAN-2025
OPTSTK,TATACOMM,27-Feb-2025,2025-02-27,1660.00,CE,0.00,0.00,0.00,149.00,96.50,0,0.00,0,0,06-JAN-2025
OPTSTK,TATACOMM,27-Feb-2025,2025-02-27,1700.00,PE,55.30,65.70,55.30,65.70,67.65,2,8.8025,750,250,06-JAN-2025
OPTSTK,TATACOMM,30-Jan-2025,2025-01-30,1780.00,PE,65.90,108.60,65.90,102.30,102.30,88,410.072,24250,2750,06-JAN-2025
OPTSTK,TATACOMM,27-Feb-2025,2025-02-27,1520.00,CE,0.00,0.00,0.00,279.60,197.40,0,0.00,0,0,06-JAN-2025
OPTSTK,TATACOMM,27-Feb-2025,2025-02-27,1480.00,PE,0.00,0.00,0.00,19.90,6.80,0,0.00,0,0,06-JAN-2025
OPTSTK,TATACOMM,27-Feb-2025,2025-02-27,1400.00,CE,0.00,0.00,0.00,380.25,306.50,0,0.00,0,0,06-JAN-2025
OPTSTK,TATACOMM,27-Feb-2025,2025-02-27,1800.00,CE,0.00,0.00,0.00,58.45,36.50,0,0.00,2250,0,06-JAN-2025
OPTSTK,TATACOMM,27-Mar-2025,2025-03-27,1920.00,PE,0.00,0.00,0.00,212.60,226.30,0,0.00,0,0,06-JAN-2025
OPTSTK,TATACOMM,27-Feb-2025,2025-02-27,1560.00,CE,0.00,0.00,0.00,249.25,164.85,0,0.00,0,0,06-JAN-2025
OPTSTK,TATACOMM,27-Feb-2025,2025-02-27,1960.00,CE,0.00,0.00,0.00,55.25,8.70,0,0.00,0,0,06-JAN-2025
OPTSTK,TATACOMM,27-Mar-2025,2025-03-27,1560.00,CE,0.00,0.00,0.00,238.90,183.00,0,0.00,0,0,06-JAN-2025
OPTSTK,TATACOMM,27-Mar-2025,2025-03-27,1760.00,PE,0.00,0.00,0.00,114.05,112.85,0,0.00,0,0,06-JAN-2025
OPTSTK,TATACOMM,27-Feb-2025,2025-02-27,1760.00,CE,0.00,0.00,0.00,127.05,49.50,0,0.00,0,0,06-JAN-2025
OPTSTK,TATACOMM,27-Feb-2025,2025-02-27,1760.00,PE,0.00,0.00,0.00,110.25,101.45,0,0.00,0,0,06-JAN-2025
OPTSTK,TATACOMM,30-Jan-2025,2025-01-30,1480.00,PE,0.00,0.00,0.00,17.65,1.20,0,0.00,0,0,06-JAN-2025
OPTSTK,TATACOMM,30-Jan-2025,2025-01-30,1600.00,PE,9.50,20.65,8.60,18.95,18.95,403,1626.234,81000,-10000,06-JAN-2025
OPTSTK,ADANIENT,30-Jan-2025,2025-01-30,2360.00,CE,220.00,220.00,170.05,170.05,203.80,18,137.6499,29100,600,06-JAN-2025
OPTSTK,ADANIENT,27-Feb-2025,2025-02-27,2420.00,CE,0.00,0.00,0.00,259.20,237.40,0,0.00,0,0,06-JAN-2025
OPTSTK,ADANIENT,30-Jan-2025,2025-01-30,2040.00,PE,7.95,12.90,7.95,11.20,11.20,55,338.2122,30000,-1200,06-JAN-2025
OPTSTK,ADANIENT,27-Feb-2025,2025-02-27,2040.00,PE,0.00,0.00,0.00,125.45,37.40,0,0.00,0,0,06-JAN-2025
OPTSTK,ADANIENT,27-Feb-2025,2025-02-27,2300.00,PE,0.00,0.00,0.00,188.35,108.95,0,0.00,0,0,06-JAN-2025
OPTSTK,ADANIENT,27-Feb-2025,2025-02-27,2300.00,CE,0.00,0.00,0.00,317.40,305.35,0,0.00,0,0,06-JAN-2025
OPTSTK,ADANIENT,27-Feb-2025,2025-02-27,2720.00,CE,0.00,0.00,0.00,87.20,116.45,0,0.00,300,0,06-JAN-2025
OPTSTK,ADANIENT,27-Feb-2025,2025-02-27,2600.00,PE,186.00,186.00,180.15,180.15,257.65,2,16.69845,2100,300,06-JAN-2025
OPTSTK,ADANIENT,27-Mar-2025,2025-03-27,2080.00,PE,0.00,0.00,0.00,138.60,73.65,0,0.00,0,0,06-JAN-2025
OPTSTK,ADANIENT,27-Mar-2025,2025-03-27,2080.00,CE,0.00,0.00,0.00,496.40,498.60,0,0.00,0,0,06-JAN-2025
OPTSTK,ADANIENT,27-Feb-2025,2025-02-27,2400.00,PE,0.00,0.00,0.00,278.15,150.55,0,0.00,0,0,06-JAN-2025
OPTSTK,ADANIENT,30-Jan-2025,2025-01-30,2500.00,CE,135.00,135.90,78.20,83.05,83.05,3815,29657.0245,741000,97200,06-JAN-2025
OPTSTK,ADANIENT,30-Jan-2025,2025-01-30,2000.00,CE,0.00,0.00,0.00,576.00,490.65,0,0.00,5100,0,06-JAN-2025
OPTSTK,ADANIENT,30-Jan-2025,2025-01-30,2660.00,PE,140.00,192.60,140.00,192.60,243.95,5,42.55065,23400,-300,06-JAN-2025
OPTSTK,ADANIENT,27-Feb-2025,2025-02-27,2120.00,PE,0.00,0.00,0.00,153.40,54.10,0,0.00,0,0,06-JAN-2025
OPTSTK,ADANIENT,27-Feb-2025,2025-02-27,2240.00,CE,0.00,0.00,0.00,439.40,343.70,0,0.00,0,0,06-JAN-2025
OPTSTK,ADANIENT,27-Mar-2025,2025-03-27,2240.00,PE,0.00,0.00,0.00,203.00,123.70,0,0.00,0,0,06-JAN-2025
OPTSTK,ADANIENT,27-Feb-2025,2025-02-27,2240.00,PE,0.00,0.00,0.00,201.90,87.85,0,0.00,0,0,06-JAN-2025
OPTSTK,ADANIENT,30-Jan-2025,2025-01-30,2160.00,CE,0.00,0.00,0.00,400.00,349.30,0,0.00,300,0,06-JAN-2025
OPTSTK,ADANIENT,27-Mar-2025,2025-03-27,2440.00,PE,0.00,0.00,0.00,302.95,210.00,0,0.00,0,0,06-JAN-2025
OPTSTK,ADANIENT,30-Jan-2025,2025-01-30,2800.00,CE,19.45,20.00,10.25,11.55,11.55,2823,23825.7583,1316700,92700,06-JAN-2025
OPTSTK,ADANIENT,27-Feb-2025,2025-02-27,2360.00,CE,0.00,0.00,0.00,377.55,269.90,0,0.00,0,0,06-JAN-2025
OPTSTK,ADANIENT,30-Jan-2025,2025-01-30,2620.00,PE,110.20,173.95,105.35,173.95,173.95,47,387.3,69600,-3600,06-JAN-2025
FUTSTK,ADANIENT,27-Mar-2025,2025-03-27,,,2604.80,2604.80,2509.45,2512.40,2512.40,21,160.0812,37200,3900,06-JAN-2025
OPTSTK,ADANIENT,27-Feb-2025,2025-02-27,2740.00,PE,0.00,0.00,0.00,450.00,349.95,0,0.00,0,0,06-JAN-2025
OPTSTK,ADANIENT,27-Feb-2025,2025-02-27,2360.00,PE,0.00,0.00,0.00,257.85,132.90,0,0.00,0,0,06-JAN-2025
FUTSTK,ADANIENT,30-Jan-2025,2025-01-30,,,2570.95,2583.75,2475.65,2487.80,2487.80,10156,76594.119,16983300,46500,06-JAN-2025
OPTSTK,ADANIENT,27-Mar-2025,2025-03-27,2960.00,PE,0.00,0.00,0.00,648.75,545.50,0,0.00,0,0,06-JAN-2025
OPTSTK,ADANIENT,30-Jan-2025,2025-01-30,2400.00,CE,208.70,208.70,138.00,144.15,144.15,202,1549.3743,343800,-4500,06-JAN-2025
OPTSTK,ADANIENT,27-Feb-2025,2025-02-27,2460.00,CE,0.00,0.00,0.00,241.75,217.35,0,0.00,0,0,06-JAN-2025
OPTSTK,ADANIENT,27-Feb-2025,2025-02-27,2840.00,PE,0.00,0.00,0.00,548.75,423.35,0,0.00,0,0,06-JAN-2025
OPTSTK,ADANIENT,27-Feb-2025,2025-02-27,2840.00,CE,0.00,0.00,0.00,197.10,84.95,0,0.00,0,0,06-JAN-2025
OPTSTK,GODREJPROP,27-Feb-2025,2025-02-27,2400.00,CE,0.00,0.00,0.00,535.10,292.75,0,0.00,0,0,06-JAN-2025
OPTSTK,GODREJPROP,27-Mar-2025,2025-03-27,2400.00,CE,0.00,0.00,0.00,564.60,329.60,0,0.00,0,0,06-JAN-2025
OPTSTK,HINDCOPPER,30-Jan-2025,2025-01-30,215.00,PE,1.85,2.50,1.85,2.40,2.40,11,63.31115,18550,18550,06-JAN-2025
OPTSTK,GODREJPROP,30-Jan-2025,2025-01-30,3200.00,CE,5.95,5.95,3.15,3.40,3.40,229,1650.88845,69975,-19800,06-JAN-2025
OPTSTK,GODREJPROP,27-Feb-2025,2025-02-27,2300.00,PE,0.00,0.00,0.00,53.45,31.00,0,0.00,0,0,06-JAN-2025
OPTSTK,HINDCOPPER,27-Mar-2025,2025-03-27,250.00,CE,0.00,0.00,0.00,38.35,16.55,0,0.00,0,0,06-JAN-2025
OPTSTK,GODREJPROP,27-Feb-2025,2025-02-27,2800.00,CE,135.30,135.30,81.00,81.00,87.85,3,19.575675,2025,225,06-JAN-2025
OPTSTK,HINDCOPPER,27-Mar-2025,2025-03-27,300.00,PE,0.00,0.00,0.00,49.50,64.75,0,0.00,0,0,06-JAN-2025
OPTSTK,HINDCOPPER,30-Jan-2025,2025-01-30,245.00,PE,8.15,14.10,7.45,13.45,13.45,175,1186.48052,270300,21200,06-JAN-2025
OPTSTK,HINDCOPPER,30-Jan-2025,2025-01-30,220.00,CE,0.00,0.00,0.00,32.50,21.35,0,0.00,5300,0,06-JAN-2025
OPTSTK,GODREJPROP,30-Jan-2025,2025-01-30,2450.00,PE,23.35,32.95,20.45,31.05,31.05,99,551.584575,12150,12150,06-JAN-2025
OPTSTK,HINDCOPPER,30-Jan-2025,2025-01-30,330.00,PE,0.00,0.00,0.00,78.70,92.90,0,0.00,272950,0,06-JAN-2025
OPTSTK,HINDCOPPER,30-Jan-2025,2025-01-30,330.00,CE,0.00,0.00,0.00,0.30,0.05,0,0.00,371000,0,06-JAN-2025
OPTSTK,GODREJPROP,27-Mar-2025,2025-03-27,2700.00,PE,0.00,0.00,0.00,160.30,209.70,0,0.00,0,0,06-JAN-2025
OPTSTK,HINDCOPPER,27-Mar-2025,2025-03-27,280.00,PE,0.00,0.00,0.00,36.50,48.30,0,0.00,0,0,06-JAN-2025
OPTSTK,HINDCOPPER,30-Jan-2025,2025-01-30,280.00,PE,40.00,43.85,40.00,43.80,43.80,4,34.21945,477000,0,06-JAN-2025
OPTSTK,HINDCOPPER,30-Jan-2025,2025-01-30,205.00,CE,0.00,0.00,0.00,75.30,33.15,0,0.00,0,0,06-JAN-2025
OPTSTK,GODREJPROP,27-Mar-2025,2025-03-27,2800.00,PE,0.00,0.00,0.00,204.20,270.05,0,0.00,0,0,06-JAN-2025
OPTSTK,GODREJPROP,27-Mar-2025,2025-03-27,2800.00,CE,0.00,0.00,0.00,310.55,127.25,0,0.00,0,0,06-JAN-2025
OPTSTK,GODREJPROP,30-Jan-2025,2025-01-30,2650.00,PE,45.10,111.00,40.05,103.35,103.35,486,2983.20997,47925,675,06-JAN-2025
OPTSTK,GODREJPROP,27-Feb-2025,2025-02-27,2650.00,PE,0.00,0.00,0.00,108.40,153.90,0,0.00,0,0,06-JAN-2025
OPTSTK,GODREJPROP,30-Jan-2025,2025-01-30,3300.00,PE,0.00,0.00,0.00,528.10,670.20,0,0.00,28125,0,06-JAN-2025
OPTSTK,HINDCOPPER,27-Mar-2025,2025-03-27,290.00,PE,0.00,0.00,0.00,42.80,56.35,0,0.00,0,0,06-JAN-2025
OPTSTK,HINDCOPPER,30-Jan-2025,2025-01-30,290.00,CE,1.00,1.00,0.55,0.60,0.60,152,1170.8919,543250,23850,06-JAN-2025
OPTSTK,HINDCOPPER,30-Jan-2025,2025-01-30,225.00,CE,16.00,16.15,14.95,15.75,15.75,17,108.479075,34450,21200,06-JAN-2025
OPTSTK,HINDCOPPER,27-Mar-2025,2025-03-27,200.00,PE,0.00,0.00,0.00,5.00,5.80,0,0.00,0,0,06-JAN-2025
OPTSTK,HINDCOPPER,27-Mar-2025,2025-03-27,200.00,CE,0.00,0.00,0.00,71.80,44.35,0,0.00,0,0,06-JAN-2025
FUTSTK,HINDCOPPER,27-Feb-2025,2025-02-27,,,249.04,250.13,235.93,238.07,238.05,799,5067.41135,2960050,1229600,06-JAN-2025
OPTSTK,HINDCOPPER,30-Jan-2025,2025-01-30,270.00,CE,2.80,2.80,1.15,1.35,1.35,985,7093.16092,1847050,55650,06-JAN-2025
OPTSTK,HINDCOPPER,27-Mar-2025,2025-03-27,240.00,CE,0.00,0.00,0.00,43.95,20.60,0,0.00,0,0,06-JAN-2025
OPTSTK,HINDCOPPER,27-Mar-2025,2025-03-27,240.00,PE,0.00,0.00,0.00,16.40,21.45,0,0.00,0,0,06-JAN-2025
OPTSTK,POLYCAB,30-Jan-2025,2025-01-30,6900.00,CE,399.60,399.75,274.00,283.10,283.10,95,855.376375,6500,4750,06-JAN-2025
OPTSTK,POLYCAB,27-Feb-2025,2025-02-27,6900.00,PE,0.00,0.00,0.00,316.95,292.85,0,0.00,0,0,06-JAN-2025
OPTSTK,POLYCAB,30-Jan-2025,2025-01-30,6300.00,CE,749.45,749.45,749.40,749.40,708.20,3,26.435375,375,375,06-JAN-2025
OPTSTK,POLYCAB,30-Jan-2025,2025-01-30,7700.00,PE,0.00,0.00,0.00,444.85,757.00,0,0.00,125,0,06-JAN-2025
OPTSTK,POLYCAB,27-Feb-2025,2025-02-27,6200.00,PE,0.00,0.00,0.00,168.40,71.50,0,0.00,0,0,06-JAN-2025
OPTSTK,POLYCAB,30-Jan-2025,2025-01-30,6200.00,CE,0.00,0.00,0.00,968.70,797.10,0,0.00,2250,0,06-JAN-2025
OPTSTK,POLYCAB,30-Jan-2025,2025-01-30,6400.00,CE,0.00,0.00,0.00,1180.00,623.10,0,0.00,125,0,06-JAN-2025
OPTSTK,POLYCAB,27-Feb-2025,2025-02-27,6800.00,CE,0.00,0.00,0.00,833.00,461.45,0,0.00,0,0,06-JAN-2025
OPTSTK,POLYCAB,27-Mar-2025,2025-03-27,6800.00,PE,0.00,0.00,0.00,349.15,313.40,0,0.00,0,0,06-JAN-2025
OPTSTK,POLYCAB,27-Feb-2025,2025-02-27,6200.00,CE,0.00,0.00,0.00,1229.40,878.95,0,0.00,0,0,06-JAN-2025
OPTSTK,POLYCAB,30-Jan-2025,2025-01-30,8100.00,PE,0.00,0.00,0.00,1048.45,1126.75,0,0.00,0,0,06-JAN-2025
OPTSTK,POLYCAB,30-Jan-2025,2025-01-30,8100.00,CE,24.55,24.55,12.55,13.75,13.75,107,1085.70456,16625,750,06-JAN-2025
OPTSTK,POLYCAB,27-Feb-2025,2025-02-27,8000.00,PE,0.00,0.00,0.00,1030.85,1047.50,0,0.00,0,0,06-JAN-2025
OPTSTK,POLYCAB,30-Jan-2025,2025-01-30,8400.00,PE,0.00,0.00,0.00,1860.00,1418.25,0,0.00,0,0,06-JAN-2025
OPTSTK,POLYCAB,30-Jan-2025,2025-01-30,8400.00,CE,10.25,10.30,6.40,7.35,7.35,64,672.646937,29000,-4625,06-JAN-2025
OPTSTK,POLYCAB,27-Mar-2025,2025-03-27,7200.00,CE,0.00,0.00,0.00,605.55,369.05,0,0.00,0,0,06-JAN-2025
OPTSTK,POLYCAB,27-Feb-2025,2025-02-27,7200.00,PE,299.95,400.65,280.00,391.75,391.75,33,311.340187,4000,-500,06-JAN-2025
OPTSTK,POLYCAB,30-Jan-2025,2025-01-30,6800.00,PE,82.05,167.95,82.05,157.65,157.65,644,5577.35312,32125,-3875,06-JAN-2025
OPTSTK,POLYCAB,30-Jan-2025,2025-01-30,6800.00,CE,0.00,0.00,0.00,446.90,334.45,0,0.00,625,0,06-JAN-2025
OPTSTK,POLYCAB,27-Feb-2025,2025-02-27,6800.00,PE,180.00,180.00,180.00,180.00,248.25,1,8.725,2125,125,06-JAN-2025
OPTSTK,POLYCAB,27-Mar-2025,2025-03-27,6800.00,CE,0.00,0.00,0.00,816.55,561.35,0,0.00,0,0,06-JAN-2025
OPTSTK,POLYCAB,30-Jan-2025,2025-01-30,6500.00,PE,34.40,79.55,34.40,74.60,74.60,661,5417.60231,34375,2625,06-JAN-2025
OPTSTK,POLYCAB,27-Mar-2025,2025-03-27,6400.00,CE,0.00,0.00,0.00,1072.25,811.30,0,0.00,0,0,06-JAN-2025
OPTSTK,POLYCAB,27-Feb-2025,2025-02-27,8600.00,PE,0.00,0.00,0.00,1484.20,1591.45,0,0.00,0,0,06-JAN-2025
OPTSTK,POLYCAB,30-Jan-2025,2025-01-30,6900.00,PE,108.20,210.75,105.50,203.70,203.70,397,3509.08525,24000,9375,06-JAN-2025
OPTSTK,POLYCAB,27-Feb-2025,2025-02-27,8400.00,PE,0.00,0.00,0.00,1326.55,1404.65,0,0.00,0,0,06-JAN-2025
OPTSTK,POLYCAB,27-Feb-2025,2025-02-27,7200.00,CE,276.65,276.65,276.65,276.65,270.40,1,9.3458125,125,125,06-JAN-2025
OPTSTK,POLYCAB,30-Jan-2025,2025-01-30,7200.00,PE,250.00,368.20,217.55,353.80,353.80,793,7406.90162,54750,-4625,06-JAN-2025
OPTSTK,TVSMOTOR,30-Jan-2025,2025-01-30,2620.00,CE,27.15,27.25,13.75,15.20,15.20,44,406.2324,15050,-350,06-JAN-2025
OPTSTK,TVSMOTOR,30-Jan-2025,2025-01-30,2260.00,CE,0.00,0.00,0.00,219.10,176.25,0,0.00,0,0,06-JAN-2025
OPTSTK,AMBUJACEM,30-Jan-2025,2025-01-30,580.00,CE,4.30,4.70,2.05,2.20,2.20,1206,6324.3945,544500,-75600,06-JAN-2025
OPTSTK,TVSMOTOR,27-Mar-2025,2025-03-27,2240.00,PE,0.00,0.00,0.00,55.55,39.65,0,0.00,0,0,06-JAN-2025
OPTSTK,TVSMOTOR,27-Feb-2025,2025-02-27,2240.00,PE,0.00,0.00,0.00,39.80,25.95,0,0.00,0,0,06-JAN-2025
OPTSTK,AMBUJACEM,30-Jan-2025,2025-01-30,590.00,PE,60.00,60.00,60.00,60.00,60.00,4,23.4,54900,-3600,06-JAN-2025
OPTSTK,AMBUJACEM,30-Jan-2025,2025-01-30,485.00,PE,2.75,3.90,2.55,3.55,3.55,93,408.70935,144000,36000,06-JAN-2025
OPTSTK,AMBUJACEM,30-Jan-2025,2025-01-30,505.00,PE,4.00,7.35,3.65,6.85,6.85,148,680.2128,79200,13500,06-JAN-2025
OPTSTK,AMBUJACEM,30-Jan-2025,2025-01-30,630.00,PE,0.00,0.00,0.00,95.00,98.05,0,0.00,352800,0,06-JAN-2025
OPTSTK,TVSMOTOR,27-Mar-2025,2025-03-27,2880.00,PE,0.00,0.00,0.00,427.35,438.70,0,0.00,0,0,06-JAN-2025
OPTSTK,TVSMOTOR,30-Jan-2025,2025-01-30,2880.00,PE,0.00,0.00,0.00,426.75,453.80,0,0.00,0,0,06-JAN-2025
OPTSTK,TVSMOTOR,27-Feb-2025,2025-02-27,2580.00,PE,0.00,0.00,0.00,191.25,185.75,0,0.00,0,0,06-JAN-2025
OPTSTK,TVSMOTOR,27-Mar-2025,2025-03-27,2160.00,PE,0.00,0.00,0.00,36.35,22.95,0,0.00,0,0,06-JAN-2025
OPTSTK,TVSMOTOR,30-Jan-2025,2025-01-30,2000.00,PE,0.65,1.95,0.55,1.60,1.60,55,385.249375,42350,-1400,06-JAN-2025
OPTSTK,TVSMOTOR,30-Jan-2025,2025-01-30,2800.00,PE,0.00,0.00,0.00,280.60,374.90,0,0.00,104650,0,06-JAN-2025
OPTSTK,TVSMOTOR,27-Mar-2025,2025-03-27,1920.00,CE,0.00,0.00,0.00,560.30,524.50,0,0.00,0,0,06-JAN-2025
OPTSTK,AMBUJACEM,30-Jan-2025,2025-01-30,520.00,PE,5.75,12.20,5.75,11.25,11.25,476,2269.78965,168300,-54900,06-JAN-2025
OPTSTK,AMBUJACEM,27-Feb-2025,2025-02-27,470.00,PE,0.00,0.00,0.00,8.75,6.15,0,0.00,0,0,06-JAN-2025
OPTSTK,TVSMOTOR,27-Feb-2025,2025-02-27,2400.00,PE,54.30,86.00,54.00,86.00,86.00,12,103.8345,12950,1050,06-JAN-2025
OPTSTK,TVSMOTOR,27-Feb-2025,2025-02-27,2400.00,CE,160.00,163.00,122.00,122.00,122.00,30,267.3104,49000,9100,06-JAN-2025
OPTSTK,AMBUJACEM,30-Jan-2025,2025-01-30,570.00,PE,20.00,43.10,20.00,41.65,41.65,26,142.46865,178200,3600,06-JAN-2025
OPTSTK,TVSMOTOR,30-Jan-2025,2025-01-30,2850.00,CE,1.75,1.75,1.75,1.75,0.55,1,9.981125,57400,0,06-JAN-2025
OPTSTK,AMBUJACEM,27-Feb-2025,2025-02-27,600.00,PE,0.00,0.00,0.00,95.85,72.90,0,0.00,0,0,06-JAN-2025
OPTSTK,AMBUJACEM,27-Feb-2025,2025-02-27,600.00,CE,7.00,7.00,4.00,4.50,8.50,55,299.4183,54000,30600,06-JAN-2025
OPTSTK,TVSMOTOR,27-Feb-2025,2025-02-27,2460.00,CE,0.00,0.00,0.00,131.15,86.10,0,0.00,0,0,06-JAN-2025
OPTSTK,AMBUJACEM,27-Feb-2025,2025-02-27,460.00,PE,0.00,0.00,0.00,18.70,4.50,0,0.00,0,0,06-JAN-2025
OPTSTK,TVSMOTOR,30-Jan-2025,2025-01-30,2400.00,PE,37.95,65.75,30.65,61.20,61.20,799,6846.75827,105700,-25900,06-JAN-2025
OPTSTK,TVSMOTOR,27-Mar-2025,2025-03-27,2760.00,PE,0.00,0.00,0.00,331.70,334.40,0,0.00,0,0,06-JAN-2025
OPTSTK,AMBUJACEM,30-Jan-2025,2025-01-30,585.00,CE,3.65,3.65,1.65,1.75,1.75,216,1141.146,100800,22500,06-JAN-2025
OPTSTK,TVSMOTOR,30-Jan-2025,2025-01-30,2640.00,PE,0.00,0.00,0.00,148.40,223.20,0,0.00,350,0,06-JAN-2025
OPTSTK,TVSMOTOR,27-Mar-2025,2025-03-27,2080.00,CE,0.00,0.00,0.00,418.65,376.55,0,0.00,0,0,06-JAN-2025
OPTSTK,CONCOR,30-Jan-2025,2025-01-30,760.00,PE,13.00,25.50,12.80,22.30,22.30,905,7069.6105,371000,94000,06-JAN-2025
OPTSTK,CONCOR,27-Mar-2025,2025-03-27,740.00,PE,0.00,0.00,0.00,38.85,31.40,0,0.00,0,0,06-JAN-2025
OPTSTK,CONCOR,27-Feb-2025,2025-02-27,760.00,PE,0.00,0.00,0.00,34.05,33.00,0,0.00,0,0,06-JAN-2025
OPTSTK,CONCOR,27-Feb-2025,2025-02-27,660.00,CE,0.00,0.00,0.00,182.70,114.65,0,0.00,0,0,06-JAN-2025
OPTSTK,CONCOR,30-Jan-2025,2025-01-30,1000.00,PE,229.95,242.75,229.05,229.05,229.05,7,86.4165,417000,1000,06-JAN-2025
OPTSTK,CONCOR,27-Feb-2025,2025-02-27,810.00,PE,0.00,0.00,0.00,65.40,61.75,0,0.00,0,0,06-JAN-2025
OPTSTK,CONCOR,30-Jan-2025,2025-01-30,800.00,CE,16.50,16.75,8.20,10.20,10.20,1622,13159.105,1048000,156000,06-JAN-2025
OPTSTK,CONCOR,30-Jan-2025,2025-01-30,810.00,PE,43.20,53.85,43.20,53.35,53.55,10,85.8825,113000,5000,06-JAN-2025
FUTSTK,CONCOR,27-Feb-2025,2025-02-27,,,790.10,791.25,758.40,766.55,766.55,351,2704.1715,987000,109000,06-JAN-2025
OPTSTK,CONCOR,30-Jan-2025,2025-01-30,740.00,PE,7.35,16.35,7.25,13.90,13.90,403,3032.6885,162000,27000,06-JAN-2025
OPTSTK,CONCOR,27-Feb-2025,2025-02-27,720.00,PE,0.00,0.00,0.00,21.80,17.30,0,0.00,0,0,06-JAN-2025
OPTSTK,CONCOR,27-Mar-2025,2025-03-27,720.00,CE,0.00,0.00,0.00,100.65,78.10,0,0.00,0,0,06-JAN-2025
OPTSTK,CONCOR,30-Jan-2025,2025-01-30,720.00,PE,4.40,10.00,4.15,8.85,8.85,204,1484.1395,231000,-9000,06-JAN-2025
OPTSTK,CONCOR,27-Feb-2025,2025-02-27,880.00,CE,0.00,0.00,0.00,50.25,7.85,0,0.00,0,0,06-JAN-2025
OPTSTK,CONCOR,30-Jan-2025,2025-01-30,680.00,PE,2.75,3.25,2.70,3.15,3.15,32,218.547,49000,15000,06-JAN-2025
OPTSTK,CONCOR,27-Mar-2025,2025-03-27,680.00,CE,0.00,0.00,0.00,127.90,106.25,0,0.00,0,0,06-JAN-2025
OPTSTK,CONCOR,30-Jan-2025,2025-01-30,710.00,PE,3.55,7.80,3.25,6.50,6.50,166,1187.519,95000,13000,06-JAN-2025
OPTSTK,CONCOR,30-Jan-2025,2025-01-30,710.00,CE,71.65,71.65,71.65,71.65,63.10,1,7.8165,1000,1000,06-JAN-2025
OPTSTK,CONCOR,30-Jan-2025,2025-01-30,770.00,PE,15.00,30.60,15.00,26.35,26.35,492,3910,514000,69000,06-JAN-2025
OPTSTK,CONCOR,30-Jan-2025,2025-01-30,780.00,PE,18.60,36.95,18.60,31.15,31.15,361,2919.1095,550000,-1000,06-JAN-2025
OPTSTK,CONCOR,30-Jan-2025,2025-01-30,800.00,PE,32.50,50.50,31.90,44.95,44.95,113,951.769,460000,6000,06-JAN-2025
OPTSTK,CONCOR,27-Feb-2025,2025-02-27,780.00,CE,0.00,0.00,0.00,96.85,34.40,0,0.00,0,0,06-JAN-2025
OPTSTK,CONCOR,30-Jan-2025,2025-01-30,770.00,CE,25.95,28.05,17.55,21.30,21.30,445,3521.4675,122000,45000,06-JAN-2025
OPTSTK,CONCOR,30-Jan-2025,2025-01-30,890.00,PE,0.00,0.00,0.00,97.00,123.65,0,0.00,5000,0,06-JAN-2025
OPTSTK,CONCOR,30-Jan-2025,2025-01-30,910.00,CE,0.00,0.00,0.00,0.95,0.60,0,0.00,13000,0,06-JAN-2025
OPTSTK,CONCOR,30-Jan-2025,2025-01-30,730.00,PE,5.10,12.90,5.10,10.90,10.90,378,2794.7355,191000,8000,06-JAN-2025
OPTSTK,CONCOR,27-Feb-2025,2025-02-27,790.00,CE,0.00,0.00,0.00,50.30,30.25,0,0.00,0,0,06-JAN-2025
OPTSTK,CONCOR,30-Jan-2025,2025-01-30,840.00,PE,75.95,80.65,74.00,77.95,77.95,9,82.5935,36000,2000,06-JAN-2025
OPTSTK,CONCOR,27-Feb-2025,2025-02-27,840.00,CE,10.00,10.00,8.70,10.00,10.00,16,135.9345,11000,9000,06-JAN-2025
OPTSTK,CONCOR,27-Feb-2025,2025-02-27,660.00,PE,0.00,0.00,0.00,9.60,4.70,0,0.00,0,0,06-JAN-2025
OPTSTK,CONCOR,30-Jan-2025,2025-01-30,950.00,CE,0.00,0.00,0.00,0.40,0.15,0,0.00,32000,0,06-JAN-2025
OPTSTK,CONCOR,27-Feb-2025,2025-02-27,680.00,CE,0.00,0.00,0.00,166.35,97.75,0,0.00,0,0,06-JAN-2025
OPTSTK,ONGC,27-Mar-2025,2025-03-27,285.00,CE,0.00,0.00,0.00,6.60,6.85,0,0.00,0,0,06-JAN-2025
OPTSTK,ONGC,30-Jan-2025,2025-01-30,257.50,PE,6.00,9.60,5.75,8.05,8.05,2391,12184.2364,796950,-65450,06-JAN-2025
OPTSTK,JUBLFOOD,27-Feb-2025,2025-02-27,800.00,PE,43.05,57.00,43.05,57.00,49.10,2,21.250625,1250,1250,06-JAN-2025
OPTSTK,JUBLFOOD,27-Feb-2025,2025-02-27,710.00,PE,0.00,0.00,0.00,13.60,10.30,0,0.00,5000,0,06-JAN-2025
OPTSTK,ONGC,27-Feb-2025,2025-02-27,292.50,CE,0.00,0.00,0.00,2.95,2.80,0,0.00,0,0,06-JAN-2025
OPTSTK,ONGC,30-Jan-2025,2025-01-30,234.00,PE,1.15,1.50,0.90,1.20,1.20,867,3924.0894,592900,-13475,06-JAN-2025
OPTSTK,ONGC,27-Feb-2025,2025-02-27,247.50,PE,0.00,0.00,0.00,18.15,8.65,0,0.00,0,0,06-JAN-2025
OPTSTK,JUBLFOOD,30-Jan-2025,2025-01-30,650.00,CE,145.00,145.00,145.00,145.00,119.70,1,9.9375,51250,0,06-JAN-2025
OPTSTK,ONGC,27-Feb-2025,2025-02-27,212.50,CE,0.00,0.00,0.00,34.75,44.80,0,0.00,0,0,06-JAN-2025
OPTSTK,JUBLFOOD,27-Feb-2025,2025-02-27,790.00,CE,0.00,0.00,0.00,15.75,27.15,0,0.00,0,0,06-JAN-2025
OPTSTK,JUBLFOOD,30-Jan-2025,2025-01-30,630.00,PE,0.60,1.05,0.60,0.95,0.95,13,102.516875,131250,-6250,06-JAN-2025
OPTSTK,JUBLFOOD,27-Feb-2025,2025-02-27,690.00,PE,0.00,0.00,0.00,30.50,6.35,0,0.00,0,0,06-JAN-2025
OPTSTK,JUBLFOOD,30-Jan-2025,2025-01-30,690.00,PE,2.00,4.20,1.75,3.70,3.70,1294,11201.0356,216250,1250,06-JAN-2025
OPTSTK,JUBLFOOD,30-Jan-2025,2025-01-30,600.00,PE,0.25,0.50,0.10,0.50,0.50,210,1575.65312,327500,2500,06-JAN-2025
OPTSTK,JUBLFOOD,27-Feb-2025,2025-02-27,600.00,PE,0.00,0.00,0.00,21.80,0.30,0,0.00,0,0,06-JAN-2025
OPTSTK,ONGC,27-Mar-2025,2025-03-27,245.00,CE,0.00,0.00,0.00,18.90,23.00,0,0.00,0,0,06-JAN-2025
OPTSTK,ONGC,27-Feb-2025,2025-02-27,245.00,CE,0.00,0.00,0.00,19.25,19.35,0,0.00,3850,0,06-JAN-2025
OPTSTK,ONGC,27-Mar-2025,2025-03-27,245.00,PE,0.00,0.00,0.00,19.25,10.05,0,0.00,0,0,06-JAN-2025
OPTSTK,ONGC,27-Feb-2025,2025-02-27,212.50,PE,0.00,0.00,0.00,4.35,0.90,0,0.00,0,0,06-JAN-2025
OPTSTK,JUBLFOOD,27-Feb-2025,2025-02-27,620.00,CE,0.00,0.00,0.00,62.75,153.20,0,0.00,0,0,06-JAN-2025
OPTSTK,JUBLFOOD,27-Feb-2025,2025-02-27,860.00,CE,0.00,0.00,0.00,7.10,8.35,0,0.00,0,0,06-JAN-2025
OPTSTK,JUBLFOOD,27-Feb-2025,2025-02-27,830.00,PE,0.00,0.00,0.00,124.55,69.80,0,0.00,0,0,06-JAN-2025
OPTSTK,JUBLFOOD,30-Jan-2025,2025-01-30,700.00,PE,3.10,5.50,2.40,4.70,4.70,2264,19907.5062,1055000,112500,06-JAN-2025
OPTSTK,ONGC,30-Jan-2025,2025-01-30,265.00,PE,10.00,14.85,10.00,12.90,12.90,507,2704.15241,567875,-19250,06-JAN-2025
OPTSTK,JUBLFOOD,27-Mar-2025,2025-03-27,820.00,CE,0.00,0.00,0.00,17.30,25.85,0,0.00,0,0,06-JAN-2025
OPTSTK,JUBLFOOD,30-Jan-2025,2025-01-30,820.00,PE,40.65,59.70,40.05,57.75,57.75,14,151.776875,11250,8750,06-JAN-2025
OPTSTK,ONGC,27-Feb-2025,2025-02-27,287.50,CE,3.00,3.00,3.00,3.00,3.55,1,5.592125,1925,1925,06-JAN-2025
OPTSTK,ONGC,27-Feb-2025,2025-02-27,222.50,PE,0.00,0.00,0.00,7.05,2.00,0,0.00,0,0,06-JAN-2025
OPTSTK,ONGC,27-Feb-2025,2025-02-27,287.50,PE,0.00,0.00,0.00,47.20,33.95,0,0.00,0,0,06-JAN-2025
OPTSTK,ONGC,30-Jan-2025,2025-01-30,207.50,PE,0.00,0.00,0.00,0.25,0.05,0,0.00,109725,0,06-JAN-2025
OPTSTK,ONGC,30-Jan-2025,2025-01-30,207.50,CE,0.00,0.00,0.00,35.65,47.80,0,0.00,0,0,06-JAN-2025
OPTSTK,JUBLFOOD,27-Mar-2025,2025-03-27,640.00,CE,0.00,0.00,0.00,94.15,139.45,0,0.00,0,0,06-JAN-2025
OPTSTK,BSOFT,27-Feb-2025,2025-02-27,590.00,CE,0.00,0.00,0.00,33.45,13.55,0,0.00,0,0,06-JAN-2025
OPTSTK,BSOFT,27-Feb-2025,2025-02-27,630.00,CE,0.00,0.00,0.00,19.90,5.70,0,0.00,0,0,06-JAN-2025
OPTSTK,BSOFT,27-Feb-2025,2025-02-27,630.00,PE,0.00,0.00,0.00,71.75,84.40,0,0.00,0,0,06-JAN-2025
OPTSTK,BSOFT,30-Jan-2025,2025-01-30,530.00,PE,9.25,12.10,7.75,11.60,11.60,235,1270.1515,290000,-8000,06-JAN-2025
OPTSTK,BSOFT,27-Feb-2025,2025-02-27,490.00,CE,0.00,0.00,0.00,94.50,66.55,0,0.00,0,0,06-JAN-2025
OPTSTK,BSOFT,30-Jan-2025,2025-01-30,590.00,CE,6.95,7.90,5.35,5.75,5.75,600,3578.029,261000,-40000,06-JAN-2025
OPTSTK,BSOFT,30-Jan-2025,2025-01-30,520.00,PE,7.00,9.00,5.70,8.60,8.60,261,1376.079,161000,18000,06-JAN-2025
OPTSTK,SBIN,27-Feb-2025,2025-02-27,780.00,CE,37.00,38.40,31.75,32.95,32.95,99,604.275,48000,39000,06-JAN-2025
OPTSTK,SBIN,30-Jan-2025,2025-01-30,910.00,PE,0.00,0.00,0.00,114.05,129.85,0,0.00,8250,0,06-JAN-2025
OPTSTK,SBIN,30-Jan-2025,2025-01-30,790.00,PE,15.10,28.25,14.85,24.95,24.95,8920,54269.0212,2019750,-56250,06-JAN-2025
OPTSTK,SBIN,27-Feb-2025,2025-02-27,790.00,PE,24.00,35.00,24.00,33.65,35.20,29,178.363125,10500,-6750,06-JAN-2025
OPTSTK,SBIN,30-Jan-2025,2025-01-30,760.00,CE,44.85,44.85,29.45,31.80,31.80,1077,6408.8355,401250,74250,06-JAN-2025
OPTSTK,SBIN,30-Jan-2025,2025-01-30,890.00,CE,1.35,1.35,0.75,0.85,0.85,1388,9274.41975,623250,-60000,06-JAN-2025
OPTSTK,SBIN,27-Feb-2025,2025-02-27,780.00,PE,18.60,30.00,18.60,28.00,28.00,147,887.123625,88500,33000,06-JAN-2025
OPTSTK,SBIN,30-Jan-2025,2025-01-30,820.00,CE,11.95,11.95,5.80,6.15,6.15,13004,80684.6171,6723000,1172250,06-JAN-2025
OPTSTK,SBIN,30-Jan-2025,2025-01-30,940.00,PE,0.00,0.00,0.00,118.00,159.50,0,0.00,18750,0,06-JAN-2025
OPTSTK,SBIN,27-Feb-2025,2025-02-27,960.00,CE,1.70,1.70,1.35,1.55,1.55,23,165.862875,120000,-6000,06-JAN-2025
OPTSTK,SBIN,27-Mar-2025,2025-03-27,820.00,PE,50.00,50.00,50.00,50.00,58.15,1,6.525,14250,0,06-JAN-2025
OPTSTK,SBIN,27-Mar-2025,2025-03-27,820.00,CE,21.00,22.65,21.00,22.65,26.60,3,18.945,2250,2250,06-JAN-2025
OPTSTK,SBIN,27-Mar-2025,2025-03-27,760.00,PE,18.00,20.30,18.00,19.05,26.70,4,23.382375,11250,1500,06-JAN-2025
OPTSTK,SBIN,27-Feb-2025,2025-02-27,760.00,CE,48.75,50.15,42.45,45.60,45.60,28,168.96375,28500,750,06-JAN-2025
OPTSTK,SBIN,30-Jan-2025,2025-01-30,940.00,CE,0.45,0.45,0.35,0.35,0.35,64,451.37625,231000,-18750,06-JAN-2025
OPTSTK,SBIN,30-Jan-2025,2025-01-30,660.00,PE,0.40,0.80,0.35,0.70,0.70,288,1426.98825,130500,99750,06-JAN-2025
OPTSTK,SBIN,30-Jan-2025,2025-01-30,960.00,CE,0.40,0.40,0.30,0.35,0.05,207,1490.925,211500,21750,06-JAN-2025
FUTSTK,SBIN,30-Jan-2025,2025-01-30,,,801.00,802.80,775.45,779.85,779.85,35373,208310.200,115164000,-669000,06-JAN-2025
OPTSTK,SBIN,27-Feb-2025,2025-02-27,700.00,CE,0.00,0.00,0.00,159.00,88.35,0,0.00,0,0,06-JAN-2025
OPTSTK,SBIN,30-Jan-2025,2025-01-30,700.00,PE,1.00,2.50,0.85,2.10,2.10,6475,34079.2717,2199750,843750,06-JAN-2025
OPTSTK,SBIN,30-Jan-2025,2025-01-30,700.00,CE,87.65,88.80,81.00,81.00,81.00,12,70.724625,34500,1500,06-JAN-2025
OPTSTK,SBIN,27-Feb-2025,2025-02-27,810.00,PE,37.00,38.00,37.00,38.00,47.05,2,12.7125,10500,750,06-JAN-2025
OPTSTK,SBIN,27-Mar-2025,2025-03-27,900.00,CE,7.05,7.20,6.00,7.00,7.00,12,81.5985,12750,7500,06-JAN-2025
FUTSTK,SBIN,27-Mar-2025,2025-03-27,,,807.20,807.20,785.85,790.05,790.05,594,3541.12537,534000,216750,06-JAN-2025
OPTSTK,SBIN,27-Feb-2025,2025-02-27,920.00,PE,0.00,0.00,0.00,110.00,137.05,0,0.00,1500,0,06-JAN-2025
OPTSTK,SBIN,30-Jan-2025,2025-01-30,880.00,PE,85.20,99.60,85.20,99.30,99.30,5,36.457125,318750,0,06-JAN-2025
OPTSTK,SBIN,27-Mar-2025,2025-03-27,740.00,PE,0.00,0.00,0.00,18.75,19.30,0,0.00,0,0,06-JAN-2025
OPTSTK,SBIN,30-Jan-2025,2025-01-30,680.00,CE,0.00,0.00,0.00,121.00,99.90,0,0.00,750,0,06-JAN-2025
OPTSTK,SBIN,27-Mar-2025,2025-03-27,880.00,PE,0.00,0.00,0.00,84.60,101.95,0,0.00,0,0,06-JAN-2025
OPTSTK,SBIN,30-Jan-2025,2025-01-30,950.00,PE,163.50,163.50,163.50,163.50,169.45,2,16.7025,69750,-1500,06-JAN-2025
OPTSTK,SBIN,30-Jan-2025,2025-01-30,680.00,PE,0.65,1.30,0.50,1.20,1.20,589,3008.39625,180750,105750,06-JAN-2025
OPTSTK,SBIN,27-Feb-2025,2025-02-27,680.00,CE,0.00,0.00,0.00,176.30,105.80,0,0.00,0,0,06-JAN-2025
OPTSTK,JKCEMENT,27-Feb-2025,2025-02-27,5200.00,CE,0.00,0.00,0.00,33.85,51.25,0,0.00,0,0,06-JAN-2025
OPTSTK,JKCEMENT,30-Jan-2025,2025-01-30,5200.00,PE,0.00,0.00,0.00,843.90,488.15,0,0.00,0,0,06-JAN-2025
OPTSTK,JKCEMENT,27-Mar-2025,2025-03-27,4700.00,PE,0.00,0.00,0.00,309.00,202.10,0,0.00,0,0,06-JAN-2025
OPTSTK,JKCEMENT,30-Jan-2025,2025-01-30,4700.00,PE,111.85,153.55,111.85,147.00,147.00,41,248.246562,4500,125,06-JAN-2025
OPTSTK,JKCEMENT,27-Feb-2025,2025-02-27,5100.00,CE,0.00,0.00,0.00,43.10,70.90,0,0.00,0,0,06-JAN-2025
OPTSTK,JKCEMENT,30-Jan-2025,2025-01-30,5100.00,PE,0.00,0.00,0.00,760.10,398.60,0,0.00,0,0,06-JAN-2025
OPTSTK,JKCEMENT,27-Feb-2025,2025-02-27,4400.00,PE,0.00,0.00,0.00,70.00,61.35,0,0.00,1750,0,06-JAN-2025
OPTSTK,JKCEMENT,27-Feb-2025,2025-02-27,4400.00,CE,0.00,0.00,0.00,192.00,405.20,0,0.00,0,0,06-JAN-2025
OPTSTK,JKCEMENT,27-Mar-2025,2025-03-27,4800.00,PE,0.00,0.00,0.00,364.80,252.40,0,0.00,0,0,06-JAN-2025
OPTSTK,RECLTD,27-Feb-2025,2025-02-27,550.00,PE,34.00,39.30,34.00,38.00,54.80,53,311.3585,59000,52000,06-JAN-2025
OPTSTK,RECLTD,30-Jan-2025,2025-01-30,550.00,PE,24.25,44.90,23.80,42.90,42.90,486,2833.552,869000,-70000,06-JAN-2025
OPTSTK,RECLTD,27-Feb-2025,2025-02-27,550.00,CE,18.20,19.55,14.05,15.00,15.00,16,90.707,26000,3000,06-JAN-2025
OPTSTK,RECLTD,30-Jan-2025,2025-01-30,450.00,PE,1.20,3.50,1.15,3.25,3.25,968,4381.0935,574000,101000,06-JAN-2025
OPTSTK,BIOCON,27-Feb-2025,2025-02-27,405.00,PE,0.00,0.00,0.00,60.90,48.35,0,0.00,0,0,06-JAN-2025
OPTSTK,BIOCON,27-Mar-2025,2025-03-27,350.00,CE,0.00,0.00,0.00,30.10,30.15,0,0.00,0,0,06-JAN-2025
OPTSTK,JKCEMENT,30-Jan-2025,2025-01-30,4550.00,CE,0.00,0.00,0.00,96.80,231.70,0,0.00,0,0,06-JAN-2025
OPTSTK,RECLTD,30-Jan-2025,2025-01-30,520.00,CE,30.25,30.30,16.10,17.20,17.20,4185,22607.124,2611000,-13000,06-JAN-2025
OPTSTK,BIOCON,30-Jan-2025,2025-01-30,415.00,CE,0.80,1.25,0.60,0.70,0.70,80,831.76,397500,-17500,06-JAN-2025
OPTSTK,RECLTD,27-Feb-2025,2025-02-27,600.00,CE,7.85,7.85,5.35,5.40,5.40,69,418.009,146000,14000,06-JAN-2025
OPTSTK,JKCEMENT,27-Feb-2025,2025-02-27,5200.00,PE,0.00,0.00,0.00,996.10,499.75,0,0.00,0,0,06-JAN-2025
OPTSTK,RECLTD,30-Jan-2025,2025-01-30,560.00,CE,10.85,10.85,5.00,5.20,5.20,2709,15355.852,1841000,37000,06-JAN-2025
OPTSTK,JKCEMENT,27-Feb-2025,2025-02-27,4350.00,PE,0.00,0.00,0.00,119.40,50.10,0,0.00,0,0,06-JAN-2025
OPTSTK,JKCEMENT,30-Jan-2025,2025-01-30,4350.00,PE,23.00,28.35,23.00,27.55,18.15,14,76.5875,2625,-500,06-JAN-2025
OPTSTK,JKCEMENT,30-Jan-2025,2025-01-30,3800.00,PE,0.00,0.00,0.00,4.30,0.05,0,0.00,625,0,06-JAN-2025
OPTSTK,RECLTD,27-Mar-2025,2025-03-27,500.00,PE,0.00,0.00,0.00,42.15,33.75,0,0.00,0,0,06-JAN-2025
OPTSTK,JKCEMENT,30-Jan-2025,2025-01-30,5300.00,CE,15.00,16.20,10.95,10.95,6.95,26,172.665312,5750,1250,06-JAN-2025
OPTSTK,RECLTD,30-Jan-2025,2025-01-30,590.00,CE,4.60,4.60,1.95,2.05,2.05,1419,8409.5285,871000,26000,06-JAN-2025
OPTSTK,RECLTD,30-Jan-2025,2025-01-30,590.00,PE,68.15,78.20,68.15,78.20,78.75,7,46.439,112000,4000,06-JAN-2025
OPTSTK,RECLTD,27-Feb-2025,2025-02-27,590.00,CE,0.00,0.00,0.00,24.55,12.25,0,0.00,0,0,06-JAN-2025
OPTSTK,JKCEMENT,30-Jan-2025,2025-01-30,4650.00,PE,102.60,127.45,102.55,117.05,96.25,19,113.0735,13875,-250,06-JAN-2025
OPTSTK,RECLTD,27-Feb-2025,2025-02-27,500.00,PE,12.75,22.15,12.75,20.85,20.85,47,243.3955,83000,15000,06-JAN-2025
OPTSTK,BAJAJ-AUTO,27-Feb-2025,2025-02-27,9600.00,CE,0.00,0.00,0.00,140.00,136.00,0,0.00,75,0,06-JAN-2025
OPTSTK,BAJAJ-AUTO,27-Feb-2025,2025-02-27,8600.00,CE,0.00,0.00,0.00,923.80,537.95,0,0.00,0,0,06-JAN-2025
OPTSTK,BAJAJ-AUTO,30-Jan-2025,2025-01-30,10100.00,CE,23.05,25.30,12.00,13.65,13.65,346,2625.60457,16500,-750,06-JAN-2025
OPTSTK,BAJAJ-AUTO,27-Mar-2025,2025-03-27,10400.00,CE,0.00,0.00,0.00,178.15,78.20,0,0.00,0,0,06-JAN-2025
OPTSTK,BAJAJ-AUTO,27-Feb-2025,2025-02-27,8900.00,PE,0.00,0.00,0.00,228.75,366.40,0,0.00,75,0,06-JAN-2025
OPTSTK,BAJAJ-AUTO,27-Feb-2025,2025-02-27,8900.00,CE,0.00,0.00,0.00,450.00,375.45,0,0.00,225,0,06-JAN-2025
OPTSTK,BAJAJ-AUTO,30-Jan-2025,2025-01-30,9800.00,PE,755.00,790.00,755.00,790.00,957.00,2,15.85875,2250,-150,06-JAN-2025
OPTSTK,BAJAJ-AUTO,27-Mar-2025,2025-03-27,9800.00,PE,0.00,0.00,0.00,1057.30,1007.80,0,0.00,0,0,06-JAN-2025
OPTSTK,BAJAJ-AUTO,30-Jan-2025,2025-01-30,9100.00,PE,259.30,402.75,227.00,390.60,390.60,1079,7592.81133,57600,1050,06-JAN-2025
OPTSTK,BAJAJ-AUTO,27-Feb-2025,2025-02-27,9100.00,PE,0.00,0.00,0.00,549.80,477.15,0,0.00,0,0,06-JAN-2025
OPTSTK,BAJAJ-AUTO,30-Jan-2025,2025-01-30,9100.00,CE,209.95,257.95,139.70,144.50,144.50,4722,32973.5712,94575,1800,06-JAN-2025
OPTSTK,BAJAJ-AUTO,27-Feb-2025,2025-02-27,8000.00,CE,0.00,0.00,0.00,1331.10,971.00,0,0.00,0,0,06-JAN-2025
OPTSTK,BAJAJ-AUTO,30-Jan-2025,2025-01-30,9300.00,CE,115.00,184.95,86.30,89.30,89.30,2438,17237.2024,52725,-525,06-JAN-2025
OPTSTK,BAJAJ-AUTO,30-Jan-2025,2025-01-30,8600.00,PE,94.95,152.00,68.00,143.95,143.95,1450,9473.2974,49425,6675,06-JAN-2025
OPTSTK,BAJAJ-AUTO,27-Feb-2025,2025-02-27,8600.00,PE,182.00,182.00,182.00,182.00,231.80,1,6.5865,1275,0,06-JAN-2025
OPTSTK,BAJAJ-AUTO,27-Mar-2025,2025-03-27,8400.00,PE,0.00,0.00,0.00,308.60,224.55,0,0.00,0,0,06-JAN-2025
OPTSTK,BAJAJ-AUTO,30-Jan-2025,2025-01-30,7200.00,PE,2.30,3.95,2.30,3.60,3.60,69,372.735375,15450,-1050,06-JAN-2025
OPTSTK,BAJAJ-AUTO,27-Feb-2025,2025-02-27,7400.00,PE,0.00,0.00,0.00,69.65,13.40,0,0.00,0,0,06-JAN-2025
OPTSTK,BAJAJ-AUTO,27-Feb-2025,2025-02-27,7900.00,PE,0.00,0.00,0.00,109.45,55.50,0,0.00,0,0,06-JAN-2025
OPTSTK,BAJAJ-AUTO,30-Jan-2025,2025-01-30,10600.00,PE,0.00,0.00,0.00,1450.00,1730.60,0,0.00,1725,0,06-JAN-2025
OPTSTK,BAJAJ-AUTO,27-Feb-2025,2025-02-27,9300.00,PE,0.00,0.00,0.00,666.85,603.80,0,0.00,0,0,06-JAN-2025
OPTSTK,BAJAJ-AUTO,30-Jan-2025,2025-01-30,10600.00,CE,8.50,8.90,6.00,6.80,6.80,80,636.44205,36825,-225,06-JAN-2025
OPTSTK,BAJAJ-AUTO,27-Mar-2025,2025-03-27,8400.00,CE,0.00,0.00,0.00,938.80,771.75,0,0.00,0,0,06-JAN-2025
OPTSTK,BAJAJ-AUTO,27-Feb-2025,2025-02-27,8400.00,PE,0.00,0.00,0.00,284.75,163.00,0,0.00,0,0,06-JAN-2025
OPTSTK,BAJAJ-AUTO,30-Jan-2025,2025-01-30,8400.00,PE,61.60,97.65,41.75,91.40,91.40,990,6288.13841,45300,-7200,06-JAN-2025
OPTSTK,BAJAJ-AUTO,27-Feb-2025,2025-02-27,7900.00,CE,0.00,0.00,0.00,1187.00,1054.95,0,0.00,0,0,06-JAN-2025
OPTSTK,BAJAJ-AUTO,27-Mar-2025,2025-03-27,7600.00,CE,0.00,0.00,0.00,1520.35,1388.70,0,0.00,0,0,06-JAN-2025
OPTSTK,BAJAJ-AUTO,27-Mar-2025,2025-03-27,8000.00,CE,0.00,0.00,0.00,1211.15,1058.50,0,0.00,0,0,06-JAN-2025
OPTSTK,BAJAJ-AUTO,27-Mar-2025,2025-03-27,9000.00,PE,0.00,0.00,0.00,568.55,483.65,0,0.00,0,0,06-JAN-2025
OPTSTK,BAJAJ-AUTO,27-Feb-2025,2025-02-27,9000.00,PE,285.00,388.95,270.50,388.95,419.70,11,76.894875,2850,150,06-JAN-2025
OPTSTK,BAJAJ-AUTO,27-Mar-2025,2025-03-27,9000.00,CE,0.00,0.00,0.00,609.60,439.65,0,0.00,0,0,06-JAN-2025
OPTSTK,EICHERMOT,27-Feb-2025,2025-02-27,5150.00,CE,0.00,0.00,0.00,126.95,287.95,0,0.00,0,0,06-JAN-2025
OPTSTK,KEI,27-Feb-2025,2025-02-27,4700.00,CE,0.00,0.00,0.00,198.30,100.15,0,0.00,0,0,06-JAN-2025
OPTSTK,KEI,27-Feb-2025,2025-02-27,4400.00,CE,0.00,0.00,0.00,391.40,194.75,0,0.00,0,0,06-JAN-2025
OPTSTK,TORNTPHARM,27-Feb-2025,2025-02-27,3400.00,CE,0.00,0.00,0.00,126.45,114.25,0,0.00,0,0,06-JAN-2025
OPTSTK,EICHERMOT,27-Mar-2025,2025-03-27,4800.00,PE,0.00,0.00,0.00,239.30,67.45,0,0.00,0,0,06-JAN-2025
OPTSTK,EICHERMOT,27-Mar-2025,2025-03-27,6000.00,CE,0.00,0.00,0.00,30.25,60.90,0,0.00,0,0,06-JAN-2025
OPTSTK,EICHERMOT,27-Feb-2025,2025-02-27,5350.00,PE,0.00,0.00,0.00,559.65,233.85,0,0.00,0,0,06-JAN-2025
OPTSTK,EICHERMOT,30-Jan-2025,2025-01-30,5600.00,CE,37.05,46.00,23.20,30.15,30.15,1734,17091.4871,238525,-26600,06-JAN-2025
OPTSTK,TORNTPHARM,27-Mar-2025,2025-03-27,3300.00,CE,0.00,0.00,0.00,291.30,204.55,0,0.00,0,0,06-JAN-2025
OPTSTK,EICHERMOT,27-Feb-2025,2025-02-27,5450.00,CE,0.00,0.00,0.00,60.20,144.85,0,0.00,0,0,06-JAN-2025
OPTSTK,EICHERMOT,30-Jan-2025,2025-01-30,5450.00,PE,198.45,216.70,198.45,216.70,248.15,3,29.6863875,7000,175,06-JAN-2025
OPTSTK,EICHERMOT,27-Feb-2025,2025-02-27,4600.00,CE,0.00,0.00,0.00,459.40,710.75,0,0.00,0,0,06-JAN-2025
OPTSTK,TORNTPHARM,27-Feb-2025,2025-02-27,3650.00,PE,0.00,0.00,0.00,271.60,286.60,0,0.00,0,0,06-JAN-2025
OPTSTK,TORNTPHARM,30-Jan-2025,2025-01-30,3450.00,PE,98.60,134.55,94.55,130.65,130.65,110,979.996125,24000,-1250,06-JAN-2025
OPTSTK,KEI,27-Mar-2025,2025-03-27,3800.00,PE,0.00,0.00,0.00,140.30,95.55,0,0.00,0,0,06-JAN-2025
OPTSTK,EICHERMOT,27-Feb-2025,2025-02-27,5300.00,CE,220.00,221.25,187.30,187.30,208.05,9,86.772,1750,0,06-JAN-2025
OPTSTK,EICHERMOT,30-Jan-2025,2025-01-30,5300.00,PE,114.00,169.00,97.65,137.95,137.95,3519,33428.7335,125475,-65100,06-JAN-2025
OPTSTK,EICHERMOT,30-Jan-2025,2025-01-30,5500.00,PE,228.75,304.80,228.75,269.80,269.80,30,302.42765,9975,350,06-JAN-2025
OPTSTK,EICHERMOT,27-Feb-2025,2025-02-27,5500.00,PE,0.00,0.00,0.00,688.45,324.60,0,0.00,0,0,06-JAN-2025
OPTSTK,KEI,27-Feb-2025,2025-02-27,3800.00,PE,0.00,0.00,0.00,151.70,60.60,0,0.00,0,0,06-JAN-2025
OPTSTK,TORNTPHARM,27-Mar-2025,2025-03-27,3800.00,PE,0.00,0.00,0.00,392.90,413.35,0,0.00,0,0,06-JAN-2025
OPTSTK,TORNTPHARM,30-Jan-2025,2025-01-30,3800.00,CE,5.05,8.30,5.00,7.20,7.20,217,2065.387,35000,10000,06-JAN-2025
OPTSTK,EICHERMOT,27-Feb-2025,2025-02-27,4750.00,CE,0.00,0.00,0.00,293.05,578.95,0,0.00,0,0,06-JAN-2025
OPTSTK,TORNTPHARM,27-Mar-2025,2025-03-27,3200.00,PE,0.00,0.00,0.00,77.50,59.30,0,0.00,0,0,06-JAN-2025
OPTSTK,EICHERMOT,27-Mar-2025,2025-03-27,5600.00,PE,0.00,0.00,0.00,772.00,419.15,0,0.00,0,0,06-JAN-2025
OPTSTK,EICHERMOT,27-Mar-2025,2025-03-27,5600.00,CE,0.00,0.00,0.00,74.45,151.45,0,0.00,0,0,06-JAN-2025
OPTSTK,EICHERMOT,27-Feb-2025,2025-02-27,5000.00,CE,378.00,378.00,375.00,375.00,384.70,11,103.492462,9625,-350,06-JAN-2025
OPTSTK,EICHERMOT,27-Feb-2025,2025-02-27,5900.00,CE,0.00,0.00,0.00,45.25,39.20,0,0.00,0,0,06-JAN-2025
OPTSTK,KEI,30-Jan-2025,2025-01-30,5000.00,PE,0.00,0.00,0.00,755.60,733.30,0,0.00,0,0,06-JAN-2025
OPTSTK,KEI,27-Feb-2025,2025-02-27,5000.00,CE,0.00,0.00,0.00,189.90,47.00,0,0.00,0,0,06-JAN-2025
OPTSTK,EICHERMOT,27-Mar-2025,2025-03-27,5000.00,PE,0.00,0.00,0.00,344.30,120.35,0,0.00,0,0,06-JAN-2025
OPTSTK,KEI,27-Mar-2025,2025-03-27,5000.00,CE,0.00,0.00,0.00,184.10,90.60,0,0.00,0,0,06-JAN-2025
OPTSTK,DABUR,27-Feb-2025,2025-02-27,485.00,PE,0.00,0.00,0.00,10.40,6.85,0,0.00,0,0,06-JAN-2025
OPTSTK,DABUR,27-Mar-2025,2025-03-27,440.00,CE,0.00,0.00,0.00,76.85,72.75,0,0.00,0,0,06-JAN-2025
OPTSTK,DABUR,30-Jan-2025,2025-01-30,500.00,CE,20.00,20.15,13.65,15.55,15.55,1746,11261.58,511250,186250,06-JAN-2025
OPTSTK,DABUR,27-Feb-2025,2025-02-27,500.00,PE,10.50,14.70,10.50,14.00,14.00,30,192.431875,25000,16250,06-JAN-2025
OPTSTK,DABUR,30-Jan-2025,2025-01-30,540.00,CE,7.20,7.50,2.15,2.55,2.55,2279,15467.6362,937500,110000,06-JAN-2025
OPTSTK,DABUR,27-Feb-2025,2025-02-27,475.00,CE,0.00,0.00,0.00,44.10,38.80,0,0.00,0,0,06-JAN-2025
OPTSTK,DABUR,27-Feb-2025,2025-02-27,475.00,PE,0.00,0.00,0.00,7.55,4.40,0,0.00,0,0,06-JAN-2025
OPTSTK,DABUR,30-Jan-2025,2025-01-30,475.00,PE,1.90,3.45,1.90,3.00,3.00,274,1636.27375,92500,68750,06-JAN-2025
OPTSTK,DABUR,30-Jan-2025,2025-01-30,475.00,CE,36.90,36.90,32.00,32.00,33.60,3,19.134375,6250,2500,06-JAN-2025
OPTSTK,DABUR,30-Jan-2025,2025-01-30,620.00,CE,0.40,0.40,0.25,0.25,0.05,3,23.26125,20000,2500,06-JAN-2025
OPTSTK,DABUR,30-Jan-2025,2025-01-30,440.00,CE,0.00,0.00,0.00,109.30,66.85,0,0.00,0,0,06-JAN-2025
FUTSTK,DABUR,27-Mar-2025,2025-03-27,,,530.20,530.20,510.00,512.95,512.95,132,850.45125,145000,85000,06-JAN-2025
OPTSTK,DABUR,27-Mar-2025,2025-03-27,550.00,CE,0.00,0.00,0.00,13.15,7.80,0,0.00,0,0,06-JAN-2025
OPTSTK,DABUR,27-Feb-2025,2025-02-27,525.00,CE,0.00,0.00,0.00,16.15,10.40,0,0.00,0,0,06-JAN-2025
OPTSTK,DABUR,27-Feb-2025,2025-02-27,465.00,PE,0.00,0.00,0.00,5.25,2.70,0,0.00,0,0,06-JAN-2025
OPTSTK,DABUR,27-Feb-2025,2025-02-27,470.00,PE,5.00,6.10,3.85,5.55,3.45,26,154.47,28750,28750,06-JAN-2025
OPTSTK,DABUR,27-Feb-2025,2025-02-27,530.00,CE,14.80,14.80,9.20,10.25,8.80,13,87.88875,15000,10000,06-JAN-2025
OPTSTK,DABUR,30-Jan-2025,2025-01-30,490.00,CE,27.15,27.45,20.20,21.00,21.65,69,442.963125,115000,1250,06-JAN-2025
OPTSTK,DABUR,27-Mar-2025,2025-03-27,500.00,CE,0.00,0.00,0.00,33.65,27.10,0,0.00,0,0,06-JAN-2025
OPTSTK,DABUR,27-Feb-2025,2025-02-27,540.00,PE,0.00,0.00,0.00,30.05,36.15,0,0.00,0,0,06-JAN-2025
OPTSTK,DABUR,27-Mar-2025,2025-03-27,540.00,CE,0.00,0.00,0.00,16.15,10.35,0,0.00,0,0,06-JAN-2025
OPTSTK,DABUR,27-Feb-2025,2025-02-27,590.00,CE,0.00,0.00,0.00,9.95,0.70,0,0.00,0,0,06-JAN-2025
OPTSTK,DABUR,30-Jan-2025,2025-01-30,525.00,CE,12.05,12.05,4.50,5.40,5.40,1174,7790.33,340000,148750,06-JAN-2025
OPTSTK,DABUR,30-Jan-2025,2025-01-30,545.00,CE,4.35,4.35,1.70,2.00,2.00,524,3584.59125,145000,31250,06-JAN-2025
OPTSTK,DABUR,30-Jan-2025,2025-01-30,545.00,PE,37.15,37.15,37.15,37.15,39.15,1,7.276875,6250,0,06-JAN-2025
OPTSTK,DABUR,27-Feb-2025,2025-02-27,545.00,PE,0.00,0.00,0.00,42.35,40.05,0,0.00,0,0,06-JAN-2025
OPTSTK,DABUR,27-Feb-2025,2025-02-27,465.00,CE,0.00,0.00,0.00,51.70,47.00,0,0.00,0,0,06-JAN-2025
OPTSTK,DABUR,30-Jan-2025,2025-01-30,470.00,CE,0.00,0.00,0.00,82.60,38.05,0,0.00,0,0,06-JAN-2025
OPTSTK,DABUR,27-Feb-2025,2025-02-27,470.00,CE,0.00,0.00,0.00,70.05,42.80,0,0.00,0,0,06-JAN-2025
OPTSTK,DABUR,27-Feb-2025,2025-02-27,590.00,PE,0.00,0.00,0.00,63.30,80.20,0,0.00,0,0,06-JAN-2025
OPTSTK,DABUR,30-Jan-2025,2025-01-30,590.00,CE,0.35,0.40,0.30,0.35,0.35,20,147.591875,62500,-8750,06-JAN-2025
OPTSTK,DABUR,30-Jan-2025,2025-01-30,520.00,PE,12.80,22.85,11.00,20.55,20.55,517,3473.55937,372500,-32500,06-JAN-2025
OPTSTK,DABUR,27-Mar-2025,2025-03-27,470.00,CE,0.00,0.00,0.00,52.95,47.30,0,0.00,0,0,06-JAN-2025
OPTSTK,DIVISLAB,27-Feb-2025,2025-02-27,6550.00,PE,0.00,0.00,0.00,685.65,646.00,0,0.00,0,0,06-JAN-2025
OPTSTK,DIVISLAB,30-Jan-2025,2025-01-30,6550.00,CE,13.85,19.25,13.30,14.35,14.35,145,952.00865,6900,-3400,06-JAN-2025
OPTSTK,DIVISLAB,30-Jan-2025,2025-01-30,5600.00,CE,403.00,403.00,381.55,381.55,358.60,2,11.98455,700,100,06-JAN-2025
OPTSTK,DIVISLAB,27-Mar-2025,2025-03-27,5600.00,PE,0.00,0.00,0.00,186.50,125.80,0,0.00,0,0,06-JAN-2025
OPTSTK,DIVISLAB,30-Jan-2025,2025-01-30,5650.00,PE,38.00,66.20,38.00,60.80,60.80,185,1055.42795,19100,-3200,06-JAN-2025
OPTSTK,DIVISLAB,30-Jan-2025,2025-01-30,6200.00,CE,97.30,97.30,48.50,55.15,55.15,1994,12487.4419,105800,3900,06-JAN-2025
OPTSTK,DIVISLAB,30-Jan-2025,2025-01-30,6000.00,CE,185.10,185.10,99.00,114.60,114.60,2710,16599.3746,74300,25800,06-JAN-2025
OPTSTK,DIVISLAB,27-Feb-2025,2025-02-27,6750.00,CE,0.00,0.00,0.00,69.30,27.30,0,0.00,0,0,06-JAN-2025
OPTSTK,DIVISLAB,30-Jan-2025,2025-01-30,6750.00,CE,0.00,0.00,0.00,84.40,3.50,0,0.00,0,0,06-JAN-2025
OPTSTK,DIVISLAB,27-Feb-2025,2025-02-27,6750.00,PE,0.00,0.00,0.00,847.95,821.10,0,0.00,0,0,06-JAN-2025
OPTSTK,DIVISLAB,30-Jan-2025,2025-01-30,6750.00,PE,0.00,0.00,0.00,798.10,832.00,0,0.00,0,0,06-JAN-2025
OPTSTK,DIVISLAB,30-Jan-2025,2025-01-30,6300.00,PE,381.60,442.80,381.60,427.70,427.70,7,46.99145,3600,0,06-JAN-2025
OPTSTK,DIVISLAB,27-Feb-2025,2025-02-27,5450.00,PE,0.00,0.00,0.00,101.45,54.35,0,0.00,0,0,06-JAN-2025
OPTSTK,DIVISLAB,27-Feb-2025,2025-02-27,6350.00,CE,0.00,0.00,0.00,153.35,87.75,0,0.00,0,0,06-JAN-2025
OPTSTK,DIVISLAB,30-Jan-2025,2025-01-30,6350.00,PE,487.10,487.10,487.10,487.10,459.35,1,6.8371,500,0,06-JAN-2025
OPTSTK,DIVISLAB,27-Feb-2025,2025-02-27,5750.00,CE,0.00,0.00,0.00,409.15,335.50,0,0.00,0,0,06-JAN-2025
OPTSTK,DIVISLAB,30-Jan-2025,2025-01-30,5750.00,PE,49.60,102.65,49.60,90.95,90.95,647,3772.7601,20400,400,06-JAN-2025
OPTSTK,DIVISLAB,27-Feb-2025,2025-02-27,6200.00,CE,0.00,0.00,0.00,306.65,128.55,0,0.00,0,0,06-JAN-2025
OPTSTK,DIVISLAB,30-Jan-2025,2025-01-30,6000.00,PE,132.85,223.20,128.90,203.85,203.85,1570,9697.8531,65200,-200,06-JAN-2025
OPTSTK,DIVISLAB,30-Jan-2025,2025-01-30,5600.00,PE,28.50,56.00,27.90,50.85,50.85,432,2438.85085,33600,7600,06-JAN-2025
OPTSTK,DIVISLAB,27-Feb-2025,2025-02-27,5300.00,CE,0.00,0.00,0.00,839.00,672.95,0,0.00,0,0,06-JAN-2025
OPTSTK,DIVISLAB,27-Feb-2025,2025-02-27,5300.00,PE,0.00,0.00,0.00,91.65,30.60,0,0.00,0,0,06-JAN-2025
OPTSTK,DIVISLAB,27-Mar-2025,2025-03-27,5300.00,CE,0.00,0.00,0.00,782.95,724.35,0,0.00,0,0,06-JAN-2025
OPTSTK,DIVISLAB,27-Feb-2025,2025-02-27,5800.00,PE,155.00,210.00,155.00,210.00,158.60,4,23.9227,500,400,06-JAN-2025
OPTSTK,DIVISLAB,27-Mar-2025,2025-03-27,5800.00,PE,0.00,0.00,0.00,150.00,198.25,0,0.00,100,0,06-JAN-2025
OPTSTK,DIVISLAB,30-Jan-2025,2025-01-30,5450.00,PE,29.30,30.65,21.40,27.40,27.40,90,492.97085,3400,-300,06-JAN-2025
OPTSTK,DIVISLAB,27-Feb-2025,2025-02-27,5200.00,PE,0.00,0.00,0.00,72.25,20.00,0,0.00,0,0,06-JAN-2025
OPTSTK,DIVISLAB,30-Jan-2025,2025-01-30,5200.00,PE,10.50,11.10,9.20,9.85,9.85,58,302.198,4800,4700,06-JAN-2025
OPTSTK,DIVISLAB,27-Feb-2025,2025-02-27,5200.00,CE,0.00,0.00,0.00,917.85,761.35,0,0.00,0,0,06-JAN-2025
OPTSTK,DIVISLAB,30-Jan-2025,2025-01-30,5200.00,CE,0.00,0.00,0.00,750.00,718.00,0,0.00,200,0,06-JAN-2025
OPTSTK,DIVISLAB,30-Jan-2025,2025-01-30,7100.00,CE,2.40,4.50,1.20,2.70,0.35,28,198.86255,25100,0,06-JAN-2025
FUTSTK,HINDALCO,30-Jan-2025,2025-01-30,,,601.40,603.20,574.50,576.80,576.80,9623,78397.1727,47671400,1621200,06-JAN-2025
OPTSTK,HINDALCO,27-Feb-2025,2025-02-27,520.00,PE,5.95,5.95,5.75,5.75,6.35,5,36.8053,7000,1400,06-JAN-2025
OPTSTK,HINDALCO,30-Jan-2025,2025-01-30,550.00,PE,3.50,7.45,3.30,6.90,6.90,1644,12787.3788,694400,179200,06-JAN-2025
OPTSTK,HINDALCO,27-Feb-2025,2025-02-27,550.00,CE,43.20,44.00,43.20,44.00,43.75,9,74.8328,23800,12600,06-JAN-2025
OPTSTK,HINDALCO,30-Jan-2025,2025-01-30,550.00,CE,44.50,44.50,32.50,35.10,35.10,50,410.0166,169400,14000,06-JAN-2025
OPTSTK,HINDALCO,27-Feb-2025,2025-02-27,630.00,CE,9.70,9.75,8.85,9.15,10.15,4,35.8043,15400,2800,06-JAN-2025
OPTSTK,HINDALCO,30-Jan-2025,2025-01-30,650.00,CE,2.40,2.50,1.45,1.55,1.55,1444,13175.8753,1899800,-63000,06-JAN-2025
OPTSTK,HINDALCO,27-Mar-2025,2025-03-27,620.00,PE,0.00,0.00,0.00,37.30,56.30,0,0.00,0,0,06-JAN-2025
OPTSTK,HINDALCO,27-Feb-2025,2025-02-27,520.00,CE,0.00,0.00,0.00,145.50,65.40,0,0.00,0,0,06-JAN-2025
OPTSTK,HINDALCO,27-Feb-2025,2025-02-27,590.00,PE,23.60,27.90,23.60,27.80,32.90,4,34.5072,29400,0,06-JAN-2025
OPTSTK,HINDALCO,30-Jan-2025,2025-01-30,610.00,CE,12.20,12.20,5.10,5.45,5.45,2588,22348.466,2128000,260400,06-JAN-2025
OPTSTK,HINDALCO,30-Jan-2025,2025-01-30,580.00,PE,10.85,19.25,9.95,17.90,17.90,2916,24302.7246,995400,165200,06-JAN-2025
OPTSTK,HINDALCO,27-Feb-2025,2025-02-27,580.00,CE,32.00,32.00,25.20,25.20,27.10,2,17.0408,2800,1400,06-JAN-2025
OPTSTK,HINDALCO,27-Mar-2025,2025-03-27,580.00,PE,0.00,0.00,0.00,21.50,32.40,0,0.00,0,0,06-JAN-2025
OPTSTK,HINDALCO,27-Mar-2025,2025-03-27,560.00,PE,0.00,0.00,0.00,15.65,23.15,0,0.00,0,0,06-JAN-2025
OPTSTK,HINDALCO,27-Feb-2025,2025-02-27,560.00,CE,43.35,43.35,39.60,39.60,37.65,2,16.8413,1400,1400,06-JAN-2025
OPTSTK,HINDALCO,30-Jan-2025,2025-01-30,670.00,PE,0.00,0.00,0.00,74.25,93.55,0,0.00,120400,0,06-JAN-2025
OPTSTK,HINDALCO,30-Jan-2025,2025-01-30,670.00,CE,1.65,1.65,0.85,0.90,0.90,737,6923.5796,1131200,-9800,06-JAN-2025
OPTSTK,HINDALCO,30-Jan-2025,2025-01-30,710.00,CE,0.45,0.45,0.35,0.35,0.35,15,149.1847,84000,-1400,06-JAN-2025
OPTSTK,HINDALCO,30-Jan-2025,2025-01-30,740.00,CE,0.00,0.00,0.00,0.30,0.05,0,0.00,40600,0,06-JAN-2025
OPTSTK,IEX,27-Feb-2025,2025-02-27,177.50,PE,0.00,0.00,0.00,10.75,10.75,0,0.00,0,0,06-JAN-2025
OPTSTK,IEX,30-Jan-2025,2025-01-30,177.50,CE,6.95,7.55,4.35,4.60,4.60,383,2630.28187,352500,165000,06-JAN-2025
OPTSTK,IEX,30-Jan-2025,2025-01-30,225.00,CE,0.00,0.00,0.00,0.10,0.05,0,0.00,11250,0,06-JAN-2025
OPTSTK,IEX,27-Feb-2025,2025-02-27,200.00,CE,2.00,2.00,2.00,2.00,2.30,3,22.725,11250,11250,06-JAN-2025
OPTSTK,IEX,30-Jan-2025,2025-01-30,200.00,CE,0.95,0.95,0.50,0.55,0.55,649,4883.13375,3472500,603750,06-JAN-2025
OPTSTK,IEX,27-Mar-2025,2025-03-27,200.00,PE,0.00,0.00,0.00,25.95,27.65,0,0.00,0,0,06-JAN-2025
OPTSTK,IEX,27-Feb-2025,2025-02-27,200.00,PE,25.80,25.80,25.80,25.80,26.80,4,33.87,15000,15000,06-JAN-2025
OPTSTK,IEX,27-Mar-2025,2025-03-27,175.00,PE,0.00,0.00,0.00,11.70,11.20,0,0.00,0,0,06-JAN-2025
OPTSTK,IEX,30-Jan-2025,2025-01-30,200.00,PE,21.40,25.00,20.25,24.30,26.05,15,125.424375,855000,-7500,06-JAN-2025
OPTSTK,IEX,30-Jan-2025,2025-01-30,190.00,CE,2.15,2.50,1.30,1.45,1.45,1871,13457.2518,3048750,228750,06-JAN-2025
OPTSTK,IEX,30-Jan-2025,2025-01-30,162.50,PE,1.45,2.30,0.95,2.20,2.20,242,1490.28187,806250,157500,06-JAN-2025
OPTSTK,IEX,30-Jan-2025,2025-01-30,162.50,CE,18.10,18.50,13.35,13.55,13.55,10,66.594375,26250,18750,06-JAN-2025
OPTSTK,IEX,27-Feb-2025,2025-02-27,162.50,CE,0.00,0.00,0.00,24.75,16.90,0,0.00,0,0,06-JAN-2025
OPTSTK,IEX,27-Mar-2025,2025-03-27,150.00,PE,0.00,0.00,0.00,3.55,2.55,0,0.00,0,0,06-JAN-2025
OPTSTK,IEX,30-Jan-2025,2025-01-30,212.50,CE,0.00,0.00,0.00,0.30,0.10,0,0.00,483750,0,06-JAN-2025
OPTSTK,IEX,27-Mar-2025,2025-03-27,200.00,CE,0.00,0.00,0.00,9.70,4.20,0,0.00,0,0,06-JAN-2025
OPTSTK,IEX,30-Jan-2025,2025-01-30,165.00,PE,1.65,2.95,1.25,2.85,2.85,893,5599.36312,1308750,-93750,06-JAN-2025
OPTSTK,IEX,27-Feb-2025,2025-02-27,165.00,PE,0.00,0.00,0.00,9.60,5.05,0,0.00,0,0,06-JAN-2025
OPTSTK,IEX,27-Feb-2025,2025-02-27,210.00,CE,0.00,0.00,0.00,5.85,1.15,0,0.00,0,0,06-JAN-2025
OPTSTK,IEX,30-Jan-2025,2025-01-30,210.00,CE,0.25,0.30,0.15,0.20,0.20,163,1285.03125,1890000,-7500,06-JAN-2025
OPTSTK,IEX,27-Feb-2025,2025-02-27,155.00,CE,0.00,0.00,0.00,28.80,22.40,0,0.00,0,0,06-JAN-2025
OPTSTK,IEX,27-Feb-2025,2025-02-27,197.50,PE,0.00,0.00,0.00,22.45,24.75,0,0.00,0,0,06-JAN-2025
OPTSTK,IEX,27-Mar-2025,2025-03-27,195.00,PE,0.00,0.00,0.00,22.65,23.85,0,0.00,0,0,06-JAN-2025
OPTSTK,IEX,30-Jan-2025,2025-01-30,202.50,PE,23.00,23.00,22.90,23.00,28.40,7,59.180625,48750,26250,06-JAN-2025
OPTSTK,IEX,27-Feb-2025,2025-02-27,190.00,CE,4.90,4.90,3.15,3.50,3.50,15,108.980625,90000,15000,06-JAN-2025
OPTSTK,IEX,27-Feb-2025,2025-02-27,150.00,PE,13.00,13.00,1.05,1.05,1.05,2,11.776875,108750,0,06-JAN-2025
OPTSTK,IEX,27-Mar-2025,2025-03-27,150.00,CE,0.00,0.00,0.00,36.45,28.35,0,0.00,0,0,06-JAN-2025
OPTSTK,IEX,30-Jan-2025,2025-01-30,170.00,CE,10.05,12.60,8.10,8.55,8.55,150,1009.19625,240000,150000,06-JAN-2025
OPTSTK,IEX,27-Feb-2025,2025-02-27,167.50,PE,0.00,0.00,0.00,6.65,6.00,0,0.00,0,0,06-JAN-2025
OPTSTK,IEX,30-Jan-2025,2025-01-30,167.50,PE,2.10,3.75,1.70,3.50,3.50,175,1116.93562,412500,150000,06-JAN-2025
OPTSTK,IEX,27-Feb-2025,2025-02-27,197.50,CE,0.00,0.00,0.00,7.60,2.70,0,0.00,0,0,06-JAN-2025
OPTSTK,IEX,30-Jan-2025,2025-01-30,197.50,CE,1.00,1.15,0.65,0.70,0.70,142,1056.54375,311250,7500,06-JAN-2025
OPTSTK,MARICO,27-Feb-2025,2025-02-27,560.00,CE,0.00,0.00,0.00,101.60,94.85,0,0.00,0,0,06-JAN-2025
OPTSTK,MARICO,27-Feb-2025,2025-02-27,670.00,PE,0.00,0.00,0.00,48.75,33.00,0,0.00,0,0,06-JAN-2025
OPTSTK,MARICO,30-Jan-2025,2025-01-30,530.00,PE,0.00,0.00,0.00,0.40,0.05,0,0.00,3600,0,06-JAN-2025
OPTSTK,MARICO,30-Jan-2025,2025-01-30,710.00,PE,0.00,0.00,0.00,68.90,60.25,0,0.00,0,0,06-JAN-2025
OPTSTK,MARICO,30-Jan-2025,2025-01-30,630.00,PE,5.65,13.90,5.55,9.00,9.00,1470,11293.9164,260400,46800,06-JAN-2025
OPTSTK,MARICO,30-Jan-2025,2025-01-30,670.00,CE,18.00,18.70,5.90,9.00,9.00,2797,22793.4366,584400,52800,06-JAN-2025
OPTSTK,MARICO,27-Mar-2025,2025-03-27,760.00,CE,0.00,0.00,0.00,7.05,4.25,0,0.00,0,0,06-JAN-2025
OPTSTK,MARICO,30-Jan-2025,2025-01-30,710.00,CE,4.00,4.25,1.55,2.35,2.35,495,4230.5118,255600,6000,06-JAN-2025
OPTSTK,MARICO,30-Jan-2025,2025-01-30,590.00,CE,58.15,58.15,50.15,50.15,62.00,5,38.676,6000,4800,06-JAN-2025
OPTSTK,MARICO,27-Feb-2025,2025-02-27,740.00,PE,0.00,0.00,0.00,94.25,87.50,0,0.00,0,0,06-JAN-2025
OPTSTK,MARICO,27-Feb-2025,2025-02-27,740.00,CE,0.00,0.00,0.00,12.45,2.95,0,0.00,0,0,06-JAN-2025
OPTSTK,MARICO,30-Jan-2025,2025-01-30,760.00,CE,1.30,1.50,0.40,0.45,0.45,65,593.433,60000,28800,06-JAN-2025
OPTSTK,HUDCO,30-Jan-2025,2025-01-30,275.00,CE,2.50,4.05,1.50,1.80,1.80,721,4856.26256,431650,0,06-JAN-2025
OPTSTK,UBL,27-Feb-2025,2025-02-27,1920.00,PE,0.00,0.00,0.00,88.20,15.50,0,0.00,0,0,06-JAN-2025
OPTSTK,HUDCO,27-Mar-2025,2025-03-27,270.00,CE,0.00,0.00,0.00,16.80,14.45,0,0.00,0,0,06-JAN-2025
OPTSTK,UBL,30-Jan-2025,2025-01-30,1760.00,CE,0.00,0.00,0.00,230.50,323.65,0,0.00,0,0,06-JAN-2025
OPTSTK,HUDCO,30-Jan-2025,2025-01-30,245.00,PE,9.10,14.75,6.60,13.30,13.30,754,4662.49536,465600,172175,06-JAN-2025
OPTSTK,UBL,30-Jan-2025,2025-01-30,1780.00,PE,0.00,0.00,0.00,1.30,0.15,0,0.00,8000,0,06-JAN-2025
OPTSTK,HUDCO,27-Feb-2025,2025-02-27,240.00,PE,0.00,0.00,0.00,35.25,18.80,0,0.00,0,0,06-JAN-2025
OPTSTK,HUDCO,27-Mar-2025,2025-03-27,210.00,CE,0.00,0.00,0.00,40.30,42.35,0,0.00,0,0,06-JAN-2025
OPTSTK,HUDCO,30-Jan-2025,2025-01-30,210.00,CE,39.00,39.00,39.00,39.00,32.95,1,6.03825,150350,2425,06-JAN-2025
OPTSTK,UBL,30-Jan-2025,2025-01-30,1840.00,CE,0.00,0.00,0.00,176.30,244.80,0,0.00,0,0,06-JAN-2025
OPTSTK,UBL,27-Feb-2025,2025-02-27,1840.00,PE,0.00,0.00,0.00,56.50,5.70,0,0.00,0,0,06-JAN-2025
OPTSTK,HUDCO,27-Mar-2025,2025-03-27,230.00,CE,0.00,0.00,0.00,30.55,30.50,0,0.00,0,0,06-JAN-2025
OPTSTK,HUDCO,27-Feb-2025,2025-02-27,230.00,CE,0.00,0.00,0.00,18.80,25.40,0,0.00,16975,0,06-JAN-2025
OPTSTK,UBL,27-Feb-2025,2025-02-27,1880.00,CE,0.00,0.00,0.00,158.50,223.40,0,0.00,0,0,06-JAN-2025
OPTSTK,UBL,30-Jan-2025,2025-01-30,1880.00,PE,6.00,7.00,5.95,6.60,6.60,16,120.7354,29200,-800,06-JAN-2025
OPTSTK,UBL,27-Feb-2025,2025-02-27,2280.00,CE,0.00,0.00,0.00,24.70,18.15,0,0.00,0,0,06-JAN-2025
OPTSTK,HUDCO,27-Feb-2025,2025-02-27,225.00,CE,0.00,0.00,0.00,27.30,28.25,0,0.00,0,0,06-JAN-2025
OPTSTK,HUDCO,27-Feb-2025,2025-02-27,190.00,PE,0.00,0.00,0.00,11.90,2.60,0,0.00,0,0,06-JAN-2025
OPTSTK,HUDCO,27-Feb-2025,2025-02-27,265.00,CE,0.00,0.00,0.00,13.00,11.00,0,0.00,0,0,06-JAN-2025
OPTSTK,UBL,27-Feb-2025,2025-02-27,2020.00,CE,0.00,0.00,0.00,104.65,116.50,0,0.00,0,0,06-JAN-2025
OPTSTK,HUDCO,27-Feb-2025,2025-02-27,235.00,CE,17.85,17.85,17.85,17.85,22.75,1,6.1316125,9700,0,06-JAN-2025
OPTSTK,UBL,30-Jan-2025,2025-01-30,1860.00,CE,0.00,0.00,0.00,147.20,225.40,0,0.00,0,0,06-JAN-2025
OPTSTK,HUDCO,27-Mar-2025,2025-03-27,240.00,CE,0.00,0.00,0.00,26.40,25.60,0,0.00,0,0,06-JAN-2025
OPTSTK,UBL,30-Jan-2025,2025-01-30,2100.00,CE,55.00,66.40,35.30,40.85,40.85,214,1838.7542,69200,-2400,06-JAN-2025
OPTSTK,UBL,30-Jan-2025,2025-01-30,2100.00,PE,43.35,75.05,42.15,71.40,71.40,112,967.6278,22000,-10000,06-JAN-2025
OPTSTK,UBL,27-Feb-2025,2025-02-27,2100.00,CE,0.00,0.00,0.00,69.50,72.30,0,0.00,0,0,06-JAN-2025
OPTSTK,HUDCO,30-Jan-2025,2025-01-30,250.00,CE,9.90,13.00,6.20,7.05,7.05,3430,21598.3849,3048225,509250,06-JAN-2025
OPTSTK,UBL,27-Feb-2025,2025-02-27,1940.00,CE,0.00,0.00,0.00,150.35,173.60,0,0.00,0,0,06-JAN-2025
OPTSTK,UBL,27-Feb-2025,2025-02-27,1940.00,PE,0.00,0.00,0.00,50.90,19.30,0,0.00,0,0,06-JAN-2025
OPTSTK,UBL,30-Jan-2025,2025-01-30,1820.00,PE,3.40,4.00,3.25,3.70,3.70,30,218.8122,9600,-6800,06-JAN-2025
OPTSTK,HUDCO,27-Feb-2025,2025-02-27,245.00,PE,0.00,0.00,0.00,33.40,21.50,0,0.00,0,0,06-JAN-2025
OPTSTK,HUDCO,27-Mar-2025,2025-03-27,270.00,PE,0.00,0.00,0.00,54.35,41.25,0,0.00,0,0,06-JAN-2025
OPTSTK,HUDCO,27-Mar-2025,2025-03-27,280.00,CE,0.00,0.00,0.00,14.40,11.80,0,0.00,0,0,06-JAN-2025
OPTSTK,GODREJCP,30-Jan-2025,2025-01-30,1010.00,PE,3.30,3.65,2.35,2.45,0.90,54,273.46375,52500,5000,06-JAN-2025
OPTSTK,GODREJCP,27-Feb-2025,2025-02-27,1010.00,PE,0.00,0.00,0.00,25.60,4.75,0,0.00,0,0,06-JAN-2025
OPTSTK,GODREJCP,27-Feb-2025,2025-02-27,1050.00,CE,0.00,0.00,0.00,74.70,112.35,0,0.00,0,0,06-JAN-2025
OPTSTK,INDUSINDBK,30-Jan-2025,2025-01-30,1050.00,CE,15.50,15.50,9.15,9.80,9.80,1913,10155.2032,526500,-13000,06-JAN-2025
OPTSTK,INDUSINDBK,27-Mar-2025,2025-03-27,1020.00,CE,0.00,0.00,0.00,46.70,45.15,0,0.00,0,0,06-JAN-2025
OPTSTK,GODREJCP,30-Jan-2025,2025-01-30,1020.00,CE,0.00,0.00,0.00,76.65,127.65,0,0.00,1000,0,06-JAN-2025
OPTSTK,INDUSINDBK,27-Feb-2025,2025-02-27,1020.00,CE,38.45,38.45,28.40,29.75,29.75,36,189.503,26500,7500,06-JAN-2025
OPTSTK,INDUSINDBK,27-Feb-2025,2025-02-27,1020.00,PE,0.00,0.00,0.00,108.45,72.05,0,0.00,0,0,06-JAN-2025
OPTSTK,INDUSINDBK,30-Jan-2025,2025-01-30,1020.00,PE,44.30,68.30,42.65,62.60,62.60,443,2375.789,171500,-55500,06-JAN-2025
OPTSTK,INDUSINDBK,27-Mar-2025,2025-03-27,840.00,PE,0.00,0.00,0.00,28.70,11.05,0,0.00,0,0,06-JAN-2025
OPTSTK,HDFCAMC,27-Mar-2025,2025-03-27,4600.00,PE,0.00,0.00,0.00,462.35,519.00,0,0.00,0,0,06-JAN-2025
OPTSTK,HDFCAMC,27-Feb-2025,2025-02-27,4600.00,PE,0.00,0.00,0.00,505.20,502.35,0,0.00,0,0,06-JAN-2025
OPTSTK,HDFCAMC,30-Jan-2025,2025-01-30,4450.00,PE,266.45,377.00,266.45,377.00,355.60,7,49.89405,1500,750,06-JAN-2025
OPTSTK,INDUSINDBK,27-Feb-2025,2025-02-27,1120.00,PE,0.00,0.00,0.00,152.00,148.60,0,0.00,500,0,06-JAN-2025
OPTSTK,HDFCAMC,27-Feb-2025,2025-02-27,4450.00,CE,0.00,0.00,0.00,208.00,82.45,0,0.00,0,0,06-JAN-2025
OPTSTK,HDFCAMC,30-Jan-2025,2025-01-30,4100.00,CE,208.65,208.65,117.05,142.95,142.95,677,4306.5834,26550,12450,06-JAN-2025
OPTSTK,HDFCAMC,27-Feb-2025,2025-02-27,4400.00,PE,0.00,0.00,0.00,380.20,348.65,0,0.00,0,0,06-JAN-2025
OPTSTK,INDUSINDBK,27-Feb-2025,2025-02-27,980.00,PE,34.00,46.00,34.00,46.00,48.65,5,25.411,9000,1000,06-JAN-2025
OPTSTK,INDUSINDBK,30-Jan-2025,2025-01-30,980.00,PE,25.00,42.60,23.45,38.15,38.15,3312,16763.0047,723000,12500,06-JAN-2025
OPTSTK,GODREJCP,30-Jan-2025,2025-01-30,1440.00,CE,0.00,0.00,0.00,0.40,0.05,0,0.00,1500,0,06-JAN-2025
OPTSTK,HDFCAMC,27-Mar-2025,2025-03-27,4700.00,PE,0.00,0.00,0.00,528.70,597.50,0,0.00,0,0,06-JAN-2025
OPTSTK,HDFCAMC,30-Jan-2025,2025-01-30,4700.00,CE,12.60,13.05,7.35,9.95,9.95,382,2698.35007,53400,14400,06-JAN-2025
OPTSTK,HDFCAMC,27-Feb-2025,2025-02-27,4550.00,PE,0.00,0.00,0.00,395.15,461.85,0,0.00,0,0,06-JAN-2025
OPTSTK,GODREJCP,30-Jan-2025,2025-01-30,1150.00,CE,18.25,41.20,16.05,29.85,29.85,3758,22200.672,219500,142500,06-JAN-2025
OPTSTK,GODREJCP,27-Feb-2025,2025-02-27,1150.00,PE,0.00,0.00,0.00,96.20,44.40,0,0.00,0,0,06-JAN-2025
OPTSTK,GODREJCP,27-Feb-2025,2025-02-27,1150.00,CE,0.00,0.00,0.00,31.85,47.25,0,0.00,0,0,06-JAN-2025
OPTSTK,GODREJCP,30-Jan-2025,2025-01-30,1150.00,PE,43.55,45.25,30.80,36.10,36.10,659,3901.5615,45000,32500,06-JAN-2025
OPTSTK,INDUSINDBK,30-Jan-2025,2025-01-30,800.00,PE,1.00,2.20,0.95,1.80,1.80,623,2497.8645,468500,34500,06-JAN-2025
OPTSTK,GODREJCP,27-Mar-2025,2025-03-27,940.00,CE,0.00,0.00,0.00,163.25,218.15,0,0.00,0,0,06-JAN-2025
OPTSTK,GODREJCP,27-Mar-2025,2025-03-27,940.00,PE,0.00,0.00,0.00,15.05,2.50,0,0.00,0,0,06-JAN-2025
OPTSTK,INDUSINDBK,27-Feb-2025,2025-02-27,940.00,PE,0.00,0.00,0.00,59.50,30.40,0,0.00,0,0,06-JAN-2025
OPTSTK,MPHASIS,27-Mar-2025,2025-03-27,3400.00,CE,0.00,0.00,0.00,78.10,38.20,0,0.00,0,0,06-JAN-2025
OPTSTK,MPHASIS,30-Jan-2025,2025-01-30,3600.00,PE,0.00,0.00,0.00,565.00,686.70,0,0.00,275,0,06-JAN-2025
OPTSTK,MPHASIS,30-Jan-2025,2025-01-30,2600.00,CE,0.00,0.00,0.00,336.45,317.00,0,0.00,550,0,06-JAN-2025
OPTSTK,MPHASIS,30-Jan-2025,2025-01-30,2600.00,PE,14.55,18.80,10.25,18.65,18.65,194,1394.44428,63525,-3300,06-JAN-2025
OPTSTK,MPHASIS,30-Jan-2025,2025-01-30,2700.00,PE,29.85,36.50,24.00,35.20,35.20,263,1974.56558,67375,5775,06-JAN-2025
OPTSTK,MPHASIS,30-Jan-2025,2025-01-30,3050.00,PE,188.95,195.35,175.30,195.35,179.75,14,124.595075,8250,0,06-JAN-2025
OPTSTK,MPHASIS,30-Jan-2025,2025-01-30,3400.00,CE,5.60,5.60,3.30,4.15,4.15,626,5860.66648,176000,44825,06-JAN-2025
OPTSTK,MPHASIS,27-Mar-2025,2025-03-27,3100.00,CE,0.00,0.00,0.00,160.45,105.80,0,0.00,0,0,06-JAN-2025
OPTSTK,MPHASIS,30-Jan-2025,2025-01-30,3100.00,CE,45.75,45.75,30.35,32.85,32.85,1027,8852.55896,105325,-825,06-JAN-2025
OPTSTK,MPHASIS,27-Mar-2025,2025-03-27,3000.00,CE,0.00,0.00,0.00,199.90,142.65,0,0.00,0,0,06-JAN-2025
OPTSTK,MPHASIS,27-Feb-2025,2025-02-27,3000.00,CE,112.00,112.00,106.40,106.40,103.90,2,17.1006,825,275,06-JAN-2025
OPTSTK,MPHASIS,30-Jan-2025,2025-01-30,3000.00,PE,155.25,169.15,141.90,159.20,159.20,96,833.009925,44275,2200,06-JAN-2025
OPTSTK,SIEMENS,27-Mar-2025,2025-03-27,7200.00,PE,0.00,0.00,0.00,750.50,802.85,0,0.00,0,0,06-JAN-2025
OPTSTK,SIEMENS,30-Jan-2025,2025-01-30,7200.00,PE,622.00,785.35,600.00,756.60,728.00,5,29.5747125,4575,0,06-JAN-2025
OPTSTK,SHRIRAMFIN,27-Feb-2025,2025-02-27,2650.00,CE,0.00,0.00,0.00,381.90,377.65,0,0.00,0,0,06-JAN-2025
OPTSTK,SIEMENS,27-Feb-2025,2025-02-27,7200.00,PE,0.00,0.00,0.00,398.80,766.15,0,0.00,0,0,06-JAN-2025
OPTSTK,SHRIRAMFIN,27-Mar-2025,2025-03-27,2400.00,PE,0.00,0.00,0.00,39.55,14.95,0,0.00,0,0,06-JAN-2025
OPTSTK,SHRIRAMFIN,30-Jan-2025,2025-01-30,2400.00,CE,0.00,0.00,0.00,804.40,580.65,0,0.00,0,0,06-JAN-2025
OPTSTK,SHRIRAMFIN,30-Jan-2025,2025-01-30,3350.00,CE,23.00,24.55,12.80,13.20,13.20,330,1666.2474,24450,5850,06-JAN-2025
OPTSTK,SIEMENS,30-Jan-2025,2025-01-30,7500.00,PE,1014.50,1014.50,1014.50,1014.50,1005.25,1,6.385875,8700,0,06-JAN-2025
OPTSTK,SIEMENS,27-Feb-2025,2025-02-27,7500.00,PE,0.00,0.00,0.00,899.55,1015.50,0,0.00,0,0,06-JAN-2025
OPTSTK,SHRIRAMFIN,30-Jan-2025,2025-01-30,3150.00,CE,72.15,73.10,41.20,44.40,44.40,329,1580.0721,60750,3900,06-JAN-2025
OPTSTK,SHRIRAMFIN,27-Feb-2025,2025-02-27,3150.00,CE,0.00,0.00,0.00,125.25,93.20,0,0.00,0,0,06-JAN-2025
OPTSTK,SIEMENS,27-Mar-2025,2025-03-27,5600.00,PE,0.00,0.00,0.00,103.05,74.10,0,0.00,0,0,06-JAN-2025
OPTSTK,SHRIRAMFIN,27-Feb-2025,2025-02-27,2950.00,PE,0.00,0.00,0.00,190.55,129.30,0,0.00,0,0,06-JAN-2025
OPTSTK,SHRIRAMFIN,30-Jan-2025,2025-01-30,2950.00,PE,56.00,98.90,51.45,93.75,93.75,974,4432.26075,60450,-5550,06-JAN-2025
OPTSTK,SIEMENS,30-Jan-2025,2025-01-30,8000.00,PE,0.00,0.00,0.00,1500.00,1492.90,0,0.00,5475,0,06-JAN-2025
OPTSTK,SIEMENS,27-Feb-2025,2025-02-27,8000.00,CE,30.00,35.00,30.00,35.00,20.55,2,12.04875,1125,-75,06-JAN-2025
OPTSTK,SHRIRAMFIN,30-Jan-2025,2025-01-30,3700.00,CE,2.75,3.25,2.50,2.80,2.80,150,833.15205,26400,3150,06-JAN-2025
OPTSTK,SIEMENS,30-Jan-2025,2025-01-30,5800.00,CE,0.00,0.00,0.00,1369.15,720.85,0,0.00,0,0,06-JAN-2025
OPTSTK,SIEMENS,30-Jan-2025,2025-01-30,5800.00,PE,15.35,35.05,11.60,28.75,28.75,892,3894.4467,51900,6750,06-JAN-2025
OPTSTK,SIEMENS,27-Feb-2025,2025-02-27,5800.00,PE,0.00,0.00,0.00,48.90,70.20,0,0.00,0,0,06-JAN-2025
OPTSTK,SHRIRAMFIN,27-Feb-2025,2025-02-27,2850.00,CE,0.00,0.00,0.00,255.60,234.10,0,0.00,0,0,06-JAN-2025
OPTSTK,SHRIRAMFIN,30-Jan-2025,2025-01-30,2850.00,CE,242.00,242.00,172.25,182.60,182.60,16,73.126125,10200,-150,06-JAN-2025
OPTSTK,SHRIRAMFIN,27-Feb-2025,2025-02-27,2850.00,PE,0.00,0.00,0.00,142.95,87.35,0,0.00,0,0,06-JAN-2025
OPTSTK,SIEMENS,27-Mar-2025,2025-03-27,5200.00,PE,0.00,0.00,0.00,46.85,26.35,0,0.00,0,0,06-JAN-2025
OPTSTK,SIEMENS,30-Jan-2025,2025-01-30,5200.00,PE,0.00,0.00,0.00,24.30,0.70,0,0.00,0,0,06-JAN-2025
OPTSTK,SIEMENS,27-Feb-2025,2025-02-27,7100.00,CE,0.00,0.00,0.00,318.70,129.90,0,0.00,0,0,06-JAN-2025
OPTSTK,SHRIRAMFIN,27-Mar-2025,2025-03-27,3100.00,CE,0.00,0.00,0.00,188.35,153.15,0,0.00,0,0,06-JAN-2025
OPTSTK,SHRIRAMFIN,27-Feb-2025,2025-02-27,3050.00,CE,0.00,0.00,0.00,161.15,130.25,0,0.00,0,0,06-JAN-2025
OPTSTK,SIEMENS,27-Feb-2025,2025-02-27,7500.00,CE,0.00,0.00,0.00,199.15,60.50,0,0.00,0,0,06-JAN-2025
OPTSTK,SHRIRAMFIN,30-Jan-2025,2025-01-30,3450.00,CE,12.50,14.70,7.05,7.20,7.20,136,705.68205,18150,2700,06-JAN-2025
OPTSTK,SHRIRAMFIN,27-Feb-2025,2025-02-27,3450.00,PE,0.00,0.00,0.00,534.20,476.60,0,0.00,0,0,06-JAN-2025
OPTSTK,BRITANNIA,27-Feb-2025,2025-02-27,5300.00,CE,0.00,0.00,0.00,147.25,25.15,0,0.00,0,0,06-JAN-2025
OPTSTK,BRITANNIA,27-Feb-2025,2025-02-27,5050.00,CE,0.00,0.00,0.00,113.90,72.65,0,0.00,0,0,06-JAN-2025
OPTSTK,BRITANNIA,30-Jan-2025,2025-01-30,4650.00,PE,27.00,51.80,23.85,47.20,47.20,813,3810.18365,30700,-8100,06-JAN-2025
OPTSTK,BRITANNIA,27-Feb-2025,2025-02-27,5050.00,PE,0.00,0.00,0.00,338.90,283.10,0,0.00,0,0,06-JAN-2025
OPTSTK,BRITANNIA,27-Feb-2025,2025-02-27,5000.00,PE,0.00,0.00,0.00,249.80,248.55,0,0.00,0,0,06-JAN-2025
OPTSTK,BRITANNIA,30-Jan-2025,2025-01-30,4450.00,CE,0.00,0.00,0.00,568.25,369.25,0,0.00,0,0,06-JAN-2025
OPTSTK,BRITANNIA,27-Feb-2025,2025-02-27,4350.00,CE,0.00,0.00,0.00,509.10,498.30,0,0.00,0,0,06-JAN-2025
OPTSTK,BRITANNIA,30-Jan-2025,2025-01-30,5000.00,PE,182.05,241.50,182.05,230.00,230.00,117,609.35355,35500,-3300,06-JAN-2025
OPTSTK,BRITANNIA,30-Jan-2025,2025-01-30,5000.00,CE,48.05,51.00,30.25,34.75,34.75,4246,21398.53,232700,16900,06-JAN-2025
OPTSTK,BRITANNIA,27-Feb-2025,2025-02-27,4500.00,PE,41.00,62.35,41.00,62.35,36.55,30,136.6107,6100,2300,06-JAN-2025
OPTSTK,BRITANNIA,27-Feb-2025,2025-02-27,4400.00,CE,0.00,0.00,0.00,653.60,454.30,0,0.00,0,0,06-JAN-2025
OPTSTK,BRITANNIA,30-Jan-2025,2025-01-30,4700.00,CE,204.95,208.70,151.35,161.30,161.30,615,3002.7666,37800,-12800,06-JAN-2025
OPTSTK,BRITANNIA,30-Jan-2025,2025-01-30,4550.00,PE,14.35,29.55,13.00,26.75,26.75,877,4008.1909,30500,8600,06-JAN-2025
OPTSTK,BRITANNIA,30-Jan-2025,2025-01-30,4400.00,CE,0.00,0.00,0.00,1407.40,415.80,0,0.00,0,0,06-JAN-2025
OPTSTK,BRITANNIA,27-Feb-2025,2025-02-27,4800.00,CE,0.00,0.00,0.00,230.00,171.20,0,0.00,800,0,06-JAN-2025
OPTSTK,BRITANNIA,27-Feb-2025,2025-02-27,4500.00,CE,0.00,0.00,0.00,574.95,370.90,0,0.00,0,0,06-JAN-2025
OPTSTK,BRITANNIA,30-Jan-2025,2025-01-30,4850.00,PE,96.00,139.15,82.15,129.65,129.65,1289,6391.9657,23000,-3700,06-JAN-2025
OPTSTK,BRITANNIA,30-Jan-2025,2025-01-30,4850.00,CE,103.20,109.95,74.10,80.10,80.10,3639,17979.6807,233700,-3300,06-JAN-2025
OPTSTK,BRITANNIA,30-Jan-2025,2025-01-30,4750.00,PE,52.10,87.60,45.55,80.25,80.25,940,4527.46245,31500,-1300,06-JAN-2025
OPTSTK,BRITANNIA,27-Feb-2025,2025-02-27,4750.00,PE,0.00,0.00,0.00,167.40,111.70,0,0.00,0,0,06-JAN-2025
OPTSTK,BRITANNIA,30-Jan-2025,2025-01-30,5300.00,PE,495.00,496.45,486.05,493.00,489.35,11,63.7326,600,-200,06-JAN-2025
OPTSTK,BRITANNIA,27-Mar-2025,2025-03-27,5300.00,CE,0.00,0.00,0.00,92.35,52.45,0,0.00,0,0,06-JAN-2025
OPTSTK,BRITANNIA,27-Feb-2025,2025-02-27,5300.00,PE,0.00,0.00,0.00,428.05,483.15,0,0.00,0,0,06-JAN-2025
OPTSTK,BRITANNIA,27-Feb-2025,2025-02-27,5100.00,PE,0.00,0.00,0.00,303.55,319.70,0,0.00,0,0,06-JAN-2025
OPTSTK,BRITANNIA,27-Mar-2025,2025-03-27,5100.00,PE,0.00,0.00,0.00,391.80,332.65,0,0.00,0,0,06-JAN-2025
OPTSTK,BRITANNIA,27-Mar-2025,2025-03-27,5100.00,CE,0.00,0.00,0.00,145.55,98.80,0,0.00,0,0,06-JAN-2025
OPTSTK,BRITANNIA,30-Jan-2025,2025-01-30,4500.00,PE,12.10,22.05,8.95,19.55,19.55,831,3752.8148,42500,2000,06-JAN-2025
OPTSTK,BRITANNIA,30-Jan-2025,2025-01-30,4900.00,PE,118.80,171.50,107.95,160.65,160.65,450,2265.2727,26600,4300,06-JAN-2025
OPTSTK,BRITANNIA,27-Feb-2025,2025-02-27,4900.00,PE,0.00,0.00,0.00,202.00,186.35,0,0.00,0,0,06-JAN-2025
OPTSTK,BRITANNIA,30-Jan-2025,2025-01-30,4900.00,CE,80.05,86.00,56.10,61.55,61.55,3620,17990.0192,101000,-900,06-JAN-2025
OPTSTK,BRITANNIA,27-Feb-2025,2025-02-27,4900.00,CE,140.00,140.00,140.00,140.00,124.50,1,5.04,500,100,06-JAN-2025
OPTSTK,JIOFIN,30-Jan-2025,2025-01-30,280.00,CE,27.10,28.35,20.65,21.15,21.15,20,100.197075,59400,4950,06-JAN-2025
OPTSTK,JIOFIN,27-Mar-2025,2025-03-27,240.00,CE,0.00,0.00,0.00,71.70,61.15,0,0.00,0,0,06-JAN-2025
OPTSTK,JIOFIN,27-Mar-2025,2025-03-27,360.00,PE,0.00,0.00,0.00,55.40,60.45,0,0.00,0,0,06-JAN-2025
OPTSTK,JIOFIN,27-Feb-2025,2025-02-27,310.00,PE,18.50,19.00,18.50,19.00,19.75,2,10.84875,4950,3300,06-JAN-2025
OPTSTK,JIOFIN,30-Jan-2025,2025-01-30,310.00,CE,9.95,9.95,4.95,5.45,5.45,4425,23120.1349,2963400,-394350,06-JAN-2025
OPTSTK,JIOFIN,27-Feb-2025,2025-02-27,310.00,CE,13.55,13.55,10.10,10.60,10.60,17,90.12135,87450,16500,06-JAN-2025
OPTSTK,JIOFIN,27-Feb-2025,2025-02-27,300.00,CE,17.10,17.10,14.85,14.85,14.85,19,98.961225,39600,14850,06-JAN-2025
OPTSTK,JIOFIN,30-Jan-2025,2025-01-30,300.00,CE,14.70,15.85,8.55,9.30,9.30,2387,12250.5768,1551000,463650,06-JAN-2025
OPTSTK,JIOFIN,30-Jan-2025,2025-01-30,260.00,PE,0.40,1.05,0.40,1.00,1.00,585,2516.99002,466950,122100,06-JAN-2025
OPTSTK,JIOFIN,27-Mar-2025,2025-03-27,260.00,CE,0.00,0.00,0.00,54.80,43.70,0,0.00,0,0,06-JAN-2025
OPTSTK,JIOFIN,27-Feb-2025,2025-02-27,275.00,PE,0.00,0.00,0.00,5.65,4.45,0,0.00,0,0,06-JAN-2025
OPTSTK,JIOFIN,27-Feb-2025,2025-02-27,275.00,CE,0.00,0.00,0.00,39.65,28.75,0,0.00,0,0,06-JAN-2025
OPTSTK,JIOFIN,27-Mar-2025,2025-03-27,360.00,CE,0.00,0.00,0.00,7.45,2.45,0,0.00,0,0,06-JAN-2025
OPTSTK,JIOFIN,27-Mar-2025,2025-03-27,300.00,PE,0.00,0.00,0.00,17.00,16.50,0,0.00,0,0,06-JAN-2025
OPTSTK,JIOFIN,27-Mar-2025,2025-03-27,310.00,PE,0.00,0.00,0.00,21.85,22.05,0,0.00,0,0,06-JAN-2025
OPTSTK,JIOFIN,30-Jan-2025,2025-01-30,310.00,PE,10.60,18.50,10.35,17.70,17.70,1027,5477.9703,768900,-194700,06-JAN-2025
OPTSTK,JIOFIN,27-Mar-2025,2025-03-27,240.00,PE,0.00,0.00,0.00,1.80,0.95,0,0.00,0,0,06-JAN-2025
OPTSTK,JIOFIN,27-Mar-2025,2025-03-27,290.00,CE,0.00,0.00,0.00,33.65,22.80,0,0.00,0,0,06-JAN-2025
OPTSTK,JIOFIN,27-Feb-2025,2025-02-27,300.00,PE,9.45,15.15,9.25,14.15,14.15,180,927.185325,260700,-19800,06-JAN-2025
OPTSTK,TATAMOTORS,27-Feb-2025,2025-02-27,880.00,CE,11.05,11.20,7.50,8.45,8.45,304,1486.67365,310200,125950,06-JAN-2025
OPTSTK,TATAMOTORS,27-Feb-2025,2025-02-27,870.00,PE,0.00,0.00,0.00,127.60,93.80,0,0.00,0,0,06-JAN-2025
OPTSTK,TATAMOTORS,30-Jan-2025,2025-01-30,870.00,CE,3.80,4.15,1.85,2.30,2.30,3895,18699.6240,991100,34650,06-JAN-2025
OPTSTK,TATAMOTORS,27-Feb-2025,2025-02-27,740.00,CE,66.05,66.05,66.05,66.05,59.30,1,4.433275,34100,550,06-JAN-2025
OPTSTK,TATAMOTORS,30-Jan-2025,2025-01-30,890.00,PE,0.00,0.00,0.00,92.55,110.80,0,0.00,15400,0,06-JAN-2025
OPTSTK,TATAMOTORS,30-Jan-2025,2025-01-30,840.00,CE,7.95,8.25,3.70,4.85,4.85,10620,49407.0445,2171950,348700,06-JAN-2025
OPTSTK,TATAMOTORS,27-Feb-2025,2025-02-27,730.00,CE,0.00,0.00,0.00,53.05,66.25,0,0.00,0,0,06-JAN-2025
OPTSTK,TATAMOTORS,30-Jan-2025,2025-01-30,920.00,CE,1.25,1.35,0.75,0.90,0.90,1539,7796.57147,581350,37400,06-JAN-2025
OPTSTK,TATAMOTORS,27-Mar-2025,2025-03-27,740.00,CE,0.00,0.00,0.00,58.45,68.90,0,0.00,0,0,06-JAN-2025
OPTSTK,TATAMOTORS,30-Jan-2025,2025-01-30,920.00,PE,0.00,0.00,0.00,121.05,140.00,0,0.00,68750,0,06-JAN-2025
OPTSTK,TATAMOTORS,27-Feb-2025,2025-02-27,760.00,PE,19.75,28.00,17.00,26.95,23.25,16,68.751375,94050,550,06-JAN-2025
OPTSTK,TATAMOTORS,30-Jan-2025,2025-01-30,650.00,CE,0.00,0.00,0.00,151.15,129.25,0,0.00,4400,0,06-JAN-2025
OPTSTK,TATAMOTORS,27-Feb-2025,2025-02-27,650.00,CE,0.00,0.00,0.00,107.55,133.90,0,0.00,0,0,06-JAN-2025
OPTSTK,TATAMOTORS,30-Jan-2025,2025-01-30,860.00,PE,70.05,92.00,68.25,84.45,82.70,151,778.6152,156750,44550,06-JAN-2025
OPTSTK,TATAMOTORS,27-Mar-2025,2025-03-27,860.00,PE,0.00,0.00,0.00,121.80,88.70,0,0.00,0,0,06-JAN-2025
OPTSTK,TATAMOTORS,27-Feb-2025,2025-02-27,830.00,CE,24.20,24.20,16.50,17.35,17.35,17,79.52285,9900,7700,06-JAN-2025
OPTSTK,TATAMOTORS,30-Jan-2025,2025-01-30,830.00,CE,8.80,10.55,4.70,6.15,6.15,10135,46684.0321,1590600,270050,06-JAN-2025
OPTSTK,TATAMOTORS,30-Jan-2025,2025-01-30,700.00,PE,2.00,4.80,1.80,3.45,3.45,8643,33415.8195,2602050,-17600,06-JAN-2025
OPTSTK,TATAMOTORS,27-Feb-2025,2025-02-27,700.00,PE,5.40,10.40,5.35,8.70,8.70,338,1314.24727,201300,50050,06-JAN-2025
OPTSTK,TATAMOTORS,30-Jan-2025,2025-01-30,830.00,PE,46.85,66.30,42.75,56.35,56.35,110,533.74145,210650,11000,06-JAN-2025
OPTSTK,TATAMOTORS,27-Feb-2025,2025-02-27,830.00,PE,67.10,67.10,61.65,61.65,61.65,11,54.075725,3300,3300,06-JAN-2025
OPTSTK,TATAMOTORS,30-Jan-2025,2025-01-30,760.00,PE,7.90,18.85,6.90,13.90,13.90,14068,59751.4560,2039950,53350,06-JAN-2025
OPTSTK,TATAMOTORS,27-Feb-2025,2025-02-27,760.00,CE,56.55,56.55,42.00,46.75,46.75,12,53.5524,59950,550,06-JAN-2025
OPTSTK,TATAMOTORS,30-Jan-2025,2025-01-30,710.00,CE,86.45,86.45,65.10,73.15,73.15,25,107.9936,207350,-2750,06-JAN-2025
OPTSTK,TATAMOTORS,27-Feb-2025,2025-02-27,900.00,CE,8.85,9.00,5.85,6.50,6.50,827,4127.59847,988350,107800,06-JAN-2025
OPTSTK,TATAMOTORS,30-Jan-2025,2025-01-30,730.00,CE,68.30,70.25,47.30,55.95,55.95,477,2070.83442,591250,-90200,06-JAN-2025
OPTSTK,TATAMOTORS,30-Jan-2025,2025-01-30,790.00,PE,20.00,35.20,16.10,27.80,27.80,13208,59067.3613,1449250,-95150,06-JAN-2025
OPTSTK,TATAMOTORS,30-Jan-2025,2025-01-30,580.00,PE,0.25,0.35,0.20,0.30,0.30,74,236.177975,51150,-7700,06-JAN-2025
FUTSTK,TATAMOTORS,27-Feb-2025,2025-02-27,,,805.15,805.15,772.25,783.20,783.20,3568,15485.2711,4885650,130900,06-JAN-2025
OPTSTK,TATAMOTORS,27-Feb-2025,2025-02-27,810.00,PE,0.00,0.00,0.00,38.90,49.30,0,0.00,550,0,06-JAN-2025
OPTSTK,ADANIGREEN,27-Mar-2025,2025-03-27,840.00,PE,0.00,0.00,0.00,47.25,41.45,0,0.00,0,0,06-JAN-2025
OPTSTK,ADANIGREEN,27-Feb-2025,2025-02-27,840.00,PE,0.00,0.00,0.00,23.20,27.25,0,0.00,0,0,06-JAN-2025
OPTSTK,ADANIGREEN,30-Jan-2025,2025-01-30,900.00,CE,0.00,0.00,0.00,308.00,110.80,0,0.00,0,0,06-JAN-2025
OPTSTK,ADANIGREEN,27-Feb-2025,2025-02-27,840.00,CE,0.00,0.00,0.00,407.30,177.95,0,0.00,0,0,06-JAN-2025
OPTSTK,ADANIGREEN,27-Feb-2025,2025-02-27,1100.00,CE,0.00,0.00,0.00,117.35,49.20,0,0.00,0,0,06-JAN-2025
OPTSTK,ADANIGREEN,27-Feb-2025,2025-02-27,1120.00,PE,0.00,0.00,0.00,155.00,170.45,0,0.00,375,0,06-JAN-2025
OPTSTK,ADANIGREEN,30-Jan-2025,2025-01-30,1120.00,PE,120.85,152.90,120.85,152.90,152.90,3,14.19975,24000,1125,06-JAN-2025
OPTSTK,ADANIGREEN,27-Feb-2025,2025-02-27,960.00,CE,0.00,0.00,0.00,170.00,103.70,0,0.00,0,0,06-JAN-2025
OPTSTK,ADANIGREEN,30-Jan-2025,2025-01-30,1560.00,CE,0.00,0.00,0.00,1.90,0.10,0,0.00,16875,0,06-JAN-2025
OPTSTK,ADANIGREEN,27-Feb-2025,2025-02-27,860.00,PE,0.00,0.00,0.00,37.00,32.85,0,0.00,0,0,06-JAN-2025
OPTSTK,ADANIGREEN,27-Feb-2025,2025-02-27,1200.00,CE,0.00,0.00,0.00,113.05,27.05,0,0.00,0,0,06-JAN-2025
OPTSTK,ATGL,27-Feb-2025,2025-02-27,870.00,PE,0.00,0.00,0.00,207.75,172.10,0,0.00,0,0,06-JAN-2025
OPTSTK,ATGL,27-Mar-2025,2025-03-27,740.00,CE,0.00,0.00,0.00,66.20,61.70,0,0.00,0,0,06-JAN-2025
OPTSTK,ATGL,30-Jan-2025,2025-01-30,780.00,CE,9.00,9.25,6.10,7.50,7.50,263,1603.53738,118575,-115475,06-JAN-2025
OPTSTK,ATGL,30-Jan-2025,2025-01-30,780.00,PE,80.00,80.00,80.00,80.00,87.80,5,33.325,12400,-3100,06-JAN-2025
OPTSTK,ATGL,27-Feb-2025,2025-02-27,630.00,PE,0.00,0.00,0.00,47.95,24.05,0,0.00,0,0,06-JAN-2025
OPTSTK,ATGL,27-Mar-2025,2025-03-27,620.00,PE,0.00,0.00,0.00,55.40,30.95,0,0.00,0,0,06-JAN-2025
OPTSTK,ATGL,30-Jan-2025,2025-01-30,790.00,CE,7.45,7.45,5.25,6.25,6.25,34,209.915725,67425,14725,06-JAN-2025
OPTSTK,ATGL,27-Feb-2025,2025-02-27,780.00,PE,0.00,0.00,0.00,87.35,101.60,0,0.00,0,0,06-JAN-2025
OPTSTK,ATGL,30-Jan-2025,2025-01-30,580.00,PE,4.75,5.00,4.10,4.40,4.40,11,49.842575,27900,0,06-JAN-2025
OPTSTK,ATGL,27-Feb-2025,2025-02-27,610.00,CE,0.00,0.00,0.00,109.35,117.95,0,0.00,0,0,06-JAN-2025
OPTSTK,ATGL,27-Mar-2025,2025-03-27,660.00,PE,0.00,0.00,0.00,74.40,46.10,0,0.00,0,0,06-JAN-2025
OPTSTK,ATGL,27-Feb-2025,2025-02-27,770.00,PE,0.00,0.00,0.00,129.55,94.70,0,0.00,0,0,06-JAN-2025
OPTSTK,ATGL,27-Feb-2025,2025-02-27,770.00,CE,0.00,0.00,0.00,41.20,35.85,0,0.00,0,0,06-JAN-2025
OPTSTK,ATGL,27-Feb-2025,2025-02-27,800.00,PE,0.00,0.00,0.00,97.70,116.05,0,0.00,0,0,06-JAN-2025
OPTSTK,ATGL,27-Mar-2025,2025-03-27,780.00,CE,0.00,0.00,0.00,53.85,47.65,0,0.00,0,0,06-JAN-2025
OPTSTK,ATGL,27-Mar-2025,2025-03-27,840.00,PE,0.00,0.00,0.00,192.00,155.55,0,0.00,0,0,06-JAN-2025
OPTSTK,ATGL,30-Jan-2025,2025-01-30,660.00,PE,16.15,22.25,15.90,22.25,19.45,19,100.050175,36425,-775,06-JAN-2025
OPTSTK,ATGL,30-Jan-2025,2025-01-30,660.00,CE,55.55,55.55,55.55,55.55,66.20,1,5.5455125,17050,-775,06-JAN-2025
OPTSTK,ATGL,27-Feb-2025,2025-02-27,610.00,PE,0.00,0.00,0.00,39.70,18.30,0,0.00,0,0,06-JAN-2025
OPTSTK,ATGL,30-Jan-2025,2025-01-30,730.00,CE,22.10,22.90,15.50,17.50,17.50,69,400.259987,78275,4650,06-JAN-2025
OPTSTK,ATGL,30-Jan-2025,2025-01-30,810.00,CE,4.35,4.80,3.60,4.60,4.60,16,100.9236,12400,-5425,06-JAN-2025
OPTSTK,ATGL,27-Feb-2025,2025-02-27,860.00,CE,0.00,0.00,0.00,91.35,15.70,0,0.00,0,0,06-JAN-2025
OPTSTK,SHREECEM,30-Jan-2025,2025-01-30,24000.00,CE,0.00,0.00,0.00,2185.00,2078.75,0,0.00,150,0,06-JAN-2025
OPTSTK,SHREECEM,27-Mar-2025,2025-03-27,28500.00,PE,0.00,0.00,0.00,2467.45,2582.75,0,0.00,0,0,06-JAN-2025
OPTSTK,SHREECEM,30-Jan-2025,2025-01-30,28500.00,PE,0.00,0.00,0.00,3359.85,2514.65,0,0.00,0,0,06-JAN-2025
OPTSTK,SHREECEM,30-Jan-2025,2025-01-30,31500.00,CE,0.00,0.00,0.00,81.10,0.40,0,0.00,100,0,06-JAN-2025
OPTSTK,SHREECEM,30-Jan-2025,2025-01-30,22750.00,PE,0.00,0.00,0.00,180.25,7.00,0,0.00,0,0,06-JAN-2025
OPTSTK,SHREECEM,27-Feb-2025,2025-02-27,25750.00,CE,0.00,0.00,0.00,1707.70,1134.00,0,0.00,0,0,06-JAN-2025
OPTSTK,SHREECEM,30-Jan-2025,2025-01-30,25750.00,PE,0.00,0.00,0.00,484.10,498.50,0,0.00,325,0,06-JAN-2025
OPTSTK,SHREECEM,30-Jan-2025,2025-01-30,31000.00,CE,0.00,0.00,0.00,128.15,1.00,0,0.00,25,0,06-JAN-2025
OPTSTK,SHREECEM,27-Mar-2025,2025-03-27,31000.00,CE,0.00,0.00,0.00,304.70,95.05,0,0.00,0,0,06-JAN-2025
OPTSTK,SHREECEM,27-Mar-2025,2025-03-27,31000.00,PE,0.00,0.00,0.00,4402.15,4731.80,0,0.00,0,0,06-JAN-2025
OPTSTK,SHREECEM,30-Jan-2025,2025-01-30,25250.00,PE,315.00,315.00,315.00,315.00,308.80,1,6.39125,0,-25,06-JAN-2025
OPTSTK,SHREECEM,27-Feb-2025,2025-02-27,25250.00,PE,0.00,0.00,0.00,609.45,528.85,0,0.00,0,0,06-JAN-2025
OPTSTK,SHREECEM,30-Jan-2025,2025-01-30,26500.00,CE,550.00,600.95,307.55,380.45,380.45,249,1681.42065,2800,175,06-JAN-2025
OPTSTK,SHREECEM,30-Jan-2025,2025-01-30,26500.00,PE,890.00,1034.00,761.55,1033.50,899.55,43,294.126825,1050,-325,06-JAN-2025
OPTSTK,SHREECEM,27-Feb-2025,2025-02-27,24000.00,CE,0.00,0.00,0.00,2560.20,2336.40,0,0.00,0,0,06-JAN-2025
OPTSTK,SHREECEM,27-Mar-2025,2025-03-27,28500.00,CE,0.00,0.00,0.00,824.85,409.30,0,0.00,0,0,06-JAN-2025
OPTSTK,SHREECEM,30-Jan-2025,2025-01-30,28500.00,CE,113.75,126.50,79.15,79.15,79.15,74,529.239025,1250,250,06-JAN-2025
OPTSTK,SHREECEM,27-Feb-2025,2025-02-27,28500.00,PE,0.00,0.00,0.00,3000.10,2537.50,0,0.00,0,0,06-JAN-2025
OPTSTK,SHREECEM,27-Mar-2025,2025-03-27,24500.00,PE,0.00,0.00,0.00,542.65,440.75,0,0.00,0,0,06-JAN-2025
OPTSTK,SHREECEM,30-Jan-2025,2025-01-30,24500.00,CE,0.00,0.00,0.00,1921.05,1645.80,0,0.00,0,0,06-JAN-2025
OPTSTK,SHREECEM,27-Feb-2025,2025-02-27,22000.00,PE,0.00,0.00,0.00,174.90,21.50,0,0.00,0,0,06-JAN-2025
OPTSTK,SHREECEM,27-Feb-2025,2025-02-27,24000.00,PE,0.00,0.00,0.00,581.75,198.70,0,0.00,0,0,06-JAN-2025
OPTSTK,SHREECEM,27-Mar-2025,2025-03-27,22000.00,PE,0.00,0.00,0.00,115.15,60.25,0,0.00,0,0,06-JAN-2025
OPTSTK,SHREECEM,30-Jan-2025,2025-01-30,23750.00,PE,0.00,0.00,0.00,149.55,43.80,0,0.00,125,0,06-JAN-2025
OPTSTK,SHREECEM,27-Feb-2025,2025-02-27,25250.00,CE,0.00,0.00,0.00,2018.75,1428.50,0,0.00,0,0,06-JAN-2025
OPTSTK,SHREECEM,27-Feb-2025,2025-02-27,30000.00,CE,0.00,0.00,0.00,293.70,67.75,0,0.00,0,0,06-JAN-2025
OPTSTK,SHREECEM,27-Mar-2025,2025-03-27,30000.00,CE,0.00,0.00,0.00,463.00,176.65,0,0.00,0,0,06-JAN-2025
OPTSTK,SHREECEM,27-Mar-2025,2025-03-27,30000.00,PE,0.00,0.00,0.00,3578.50,3828.05,0,0.00,0,0,06-JAN-2025
OPTSTK,SHREECEM,30-Jan-2025,2025-01-30,30000.00,CE,29.80,39.35,20.15,22.05,5.55,140,1051.10766,4625,950,06-JAN-2025
OPTSTK,SHREECEM,27-Feb-2025,2025-02-27,27750.00,CE,0.00,0.00,0.00,781.60,364.85,0,0.00,0,0,06-JAN-2025
OPTSTK,SHREECEM,27-Mar-2025,2025-03-27,22500.00,PE,0.00,0.00,0.00,165.05,96.70,0,0.00,0,0,06-JAN-2025
OPTSTK,SHREECEM,27-Feb-2025,2025-02-27,22500.00,PE,0.00,0.00,0.00,160.50,40.95,0,0.00,1000,0,06-JAN-2025
OPTSTK,ABCAPITAL,30-Jan-2025,2025-01-30,187.50,CE,4.50,4.50,1.90,2.05,2.05,556,2852.2125,496800,-54000,06-JAN-2025
OPTSTK,SBICARD,27-Mar-2025,2025-03-27,600.00,PE,0.00,0.00,0.00,5.75,0.55,0,0.00,0,0,06-JAN-2025
OPTSTK,SBICARD,30-Jan-2025,2025-01-30,745.00,PE,20.55,29.25,18.75,27.35,27.35,730,4481.8656,228000,226400,06-JAN-2025
OPTSTK,SBICARD,27-Mar-2025,2025-03-27,620.00,CE,0.00,0.00,0.00,79.75,120.90,0,0.00,0,0,06-JAN-2025
OPTSTK,ABCAPITAL,30-Jan-2025,2025-01-30,160.00,CE,0.00,0.00,0.00,48.05,17.85,0,0.00,0,0,06-JAN-2025
OPTSTK,ABCAPITAL,27-Mar-2025,2025-03-27,160.00,PE,0.00,0.00,0.00,4.20,3.75,0,0.00,0,0,06-JAN-2025
OPTSTK,SBICARD,27-Mar-2025,2025-03-27,700.00,CE,0.00,0.00,0.00,31.50,54.45,0,0.00,0,0,06-JAN-2025
OPTSTK,SBICARD,27-Mar-2025,2025-03-27,820.00,PE,0.00,0.00,0.00,130.30,84.60,0,0.00,0,0,06-JAN-2025
OPTSTK,SBICARD,27-Feb-2025,2025-02-27,820.00,CE,0.00,0.00,0.00,9.50,3.25,0,0.00,0,0,06-JAN-2025
OPTSTK,ABCAPITAL,27-Feb-2025,2025-02-27,150.00,CE,0.00,0.00,0.00,48.05,28.55,0,0.00,0,0,06-JAN-2025
OPTSTK,ABCAPITAL,27-Feb-2025,2025-02-27,150.00,PE,0.00,0.00,0.00,1.55,0.85,0,0.00,0,0,06-JAN-2025
OPTSTK,ABCAPITAL,27-Feb-2025,2025-02-27,170.00,PE,0.00,0.00,0.00,5.20,5.40,0,0.00,0,0,06-JAN-2025
OPTSTK,ABCAPITAL,30-Jan-2025,2025-01-30,165.00,PE,0.65,2.10,0.65,1.85,1.85,322,1447.42005,753300,118800,06-JAN-2025
OPTSTK,ABCAPITAL,27-Mar-2025,2025-03-27,165.00,PE,0.00,0.00,0.00,5.50,5.20,0,0.00,0,0,06-JAN-2025
OPTSTK,ABCAPITAL,27-Mar-2025,2025-03-27,165.00,CE,0.00,0.00,0.00,27.85,18.85,0,0.00,0,0,06-JAN-2025
OPTSTK,SBICARD,27-Mar-2025,2025-03-27,820.00,CE,0.00,0.00,0.00,4.35,7.20,0,0.00,0,0,06-JAN-2025
OPTSTK,ABCAPITAL,30-Jan-2025,2025-01-30,185.00,CE,5.80,5.80,2.45,2.70,2.70,1554,7898.86755,1757700,110700,06-JAN-2025
OPTSTK,ABCAPITAL,27-Feb-2025,2025-02-27,185.00,PE,0.00,0.00,0.00,7.00,13.05,0,0.00,2700,0,06-JAN-2025
OPTSTK,ABCAPITAL,27-Mar-2025,2025-03-27,185.00,PE,0.00,0.00,0.00,13.40,14.55,0,0.00,0,0,06-JAN-2025
OPTSTK,ABCAPITAL,27-Feb-2025,2025-02-27,185.00,CE,0.00,0.00,0.00,22.35,6.05,0,0.00,0,0,06-JAN-2025
OPTSTK,ABCAPITAL,27-Mar-2025,2025-03-27,185.00,CE,0.00,0.00,0.00,16.10,8.55,0,0.00,0,0,06-JAN-2025
OPTSTK,SBICARD,27-Mar-2025,2025-03-27,760.00,PE,0.00,0.00,0.00,79.80,40.90,0,0.00,0,0,06-JAN-2025
OPTSTK,SBICARD,27-Feb-2025,2025-02-27,590.00,PE,0.00,0.00,0.00,2.20,0.05,0,0.00,0,0,06-JAN-2025
OPTSTK,SBICARD,30-Jan-2025,2025-01-30,770.00,CE,9.30,19.45,7.00,8.80,8.80,1863,11647.6896,256000,11200,06-JAN-2025
OPTSTK,SBICARD,27-Feb-2025,2025-02-27,770.00,CE,0.00,0.00,0.00,9.00,12.30,0,0.00,800,0,06-JAN-2025
OPTSTK,ABCAPITAL,27-Feb-2025,2025-02-27,165.00,CE,0.00,0.00,0.00,35.75,16.50,0,0.00,0,0,06-JAN-2025
OPTSTK,SBICARD,30-Jan-2025,2025-01-30,795.00,PE,0.00,0.00,0.00,81.60,62.55,0,0.00,0,0,06-JAN-2025
OPTSTK,SBICARD,27-Feb-2025,2025-02-27,640.00,CE,0.00,0.00,0.00,91.70,97.75,0,0.00,0,0,06-JAN-2025
OPTSTK,ABCAPITAL,30-Jan-2025,2025-01-30,220.00,PE,42.30,42.30,42.30,42.30,42.80,2,14.1642,985500,0,06-JAN-2025
OPTSTK,SBICARD,27-Feb-2025,2025-02-27,845.00,PE,0.00,0.00,0.00,156.10,107.85,0,0.00,0,0,06-JAN-2025
OPTSTK,SBICARD,27-Feb-2025,2025-02-27,850.00,CE,0.00,0.00,0.00,5.70,1.25,0,0.00,0,0,06-JAN-2025
OPTSTK,SBICARD,27-Mar-2025,2025-03-27,850.00,PE,0.00,0.00,0.00,157.85,110.65,0,0.00,0,0,06-JAN-2025
OPTSTK,BAJFINANCE,27-Feb-2025,2025-02-27,7400.00,CE,357.60,396.75,271.00,282.15,282.15,101,973.262687,7000,-125,06-JAN-2025
OPTSTK,BAJFINANCE,27-Mar-2025,2025-03-27,7400.00,CE,476.75,476.75,476.75,476.75,389.60,1,9.8459375,2375,-125,06-JAN-2025
OPTSTK,MRF,27-Mar-2025,2025-03-27,142000.00,CE,0.00,0.00,0.00,3408.90,559.60,0,0.00,0,0,06-JAN-2025
OPTSTK,MRF,27-Feb-2025,2025-02-27,142000.00,CE,0.00,0.00,0.00,1532.15,188.20,0,0.00,0,0,06-JAN-2025
OPTSTK,BAJFINANCE,27-Mar-2025,2025-03-27,5600.00,CE,0.00,0.00,0.00,1351.30,1834.15,0,0.00,0,0,06-JAN-2025
OPTSTK,MRF,27-Feb-2025,2025-02-27,131500.00,CE,0.00,0.00,0.00,6115.95,1348.45,0,0.00,0,0,06-JAN-2025
OPTSTK,MRF,30-Jan-2025,2025-01-30,131500.00,CE,0.00,0.00,0.00,1948.70,400.45,0,0.00,20,0,06-JAN-2025
OPTSTK,MRF,27-Feb-2025,2025-02-27,122000.00,CE,0.00,0.00,0.00,8273.25,4957.40,0,0.00,0,0,06-JAN-2025
OPTSTK,MRF,27-Mar-2025,2025-03-27,122000.00,PE,0.00,0.00,0.00,2135.90,3546.90,0,0.00,0,0,06-JAN-2025
OPTSTK,BAJFINANCE,30-Jan-2025,2025-01-30,6700.00,CE,729.75,730.00,690.00,690.00,690.00,4,37.099625,28000,-250,06-JAN-2025
OPTSTK,MRF,30-Jan-2025,2025-01-30,128500.00,PE,0.00,0.00,0.00,7038.05,5941.40,0,0.00,0,0,06-JAN-2025
OPTSTK,MRF,27-Feb-2025,2025-02-27,128500.00,PE,0.00,0.00,0.00,3467.65,6531.20,0,0.00,0,0,06-JAN-2025
OPTSTK,MRF,27-Feb-2025,2025-02-27,133500.00,CE,0.00,0.00,0.00,5147.70,967.15,0,0.00,0,0,06-JAN-2025
OPTSTK,MRF,27-Feb-2025,2025-02-27,133500.00,PE,0.00,0.00,0.00,5769.70,10313.85,0,0.00,0,0,06-JAN-2025
OPTSTK,MRF,27-Feb-2025,2025-02-27,128500.00,CE,0.00,0.00,0.00,7783.00,2136.60,0,0.00,0,0,06-JAN-2025
OPTSTK,BAJFINANCE,27-Feb-2025,2025-02-27,7600.00,CE,285.00,300.00,194.00,195.85,195.85,53,519.9835,9500,2000,06-JAN-2025
OPTSTK,MRF,27-Mar-2025,2025-03-27,129000.00,PE,0.00,0.00,0.00,4410.00,7299.85,0,0.00,0,0,06-JAN-2025
OPTSTK,MRF,27-Feb-2025,2025-02-27,132000.00,CE,0.00,0.00,0.00,3854.70,1243.30,0,0.00,0,0,06-JAN-2025
OPTSTK,MRF,30-Jan-2025,2025-01-30,132000.00,CE,1200.00,1200.00,500.00,567.35,567.35,400,2652.90827,1195,815,06-JAN-2025
OPTSTK,MRF,30-Jan-2025,2025-01-30,127000.00,CE,3108.95,3108.95,1458.00,1569.85,1569.85,64,413.184157,150,125,06-JAN-2025
OPTSTK,BAJFINANCE,27-Feb-2025,2025-02-27,7900.00,CE,0.00,0.00,0.00,69.25,121.00,0,0.00,0,0,06-JAN-2025
FUTSTK,MRF,30-Jan-2025,2025-01-30,,,127006.15,127175.95,122668.45,123486.80,123486.80,3043,18899.7038,66115,3465,06-JAN-2025
OPTSTK,BAJFINANCE,27-Feb-2025,2025-02-27,7800.00,PE,0.00,0.00,0.00,1235.90,523.75,0,0.00,0,0,06-JAN-2025
OPTSTK,BAJFINANCE,27-Feb-2025,2025-02-27,7800.00,CE,180.95,196.00,126.15,130.00,147.65,58,577.072875,7250,4375,06-JAN-2025
OPTSTK,MRF,27-Feb-2025,2025-02-27,133000.00,CE,0.00,0.00,0.00,3539.30,1052.95,0,0.00,0,0,06-JAN-2025
OPTSTK,BAJFINANCE,27-Mar-2025,2025-03-27,6000.00,PE,24.00,24.00,24.00,24.00,12.65,1,7.53,3375,125,06-JAN-2025
OPTSTK,BAJFINANCE,30-Jan-2025,2025-01-30,6000.00,CE,0.00,0.00,0.00,1230.00,1375.95,0,0.00,625,0,06-JAN-2025
OPTSTK,BAJFINANCE,27-Feb-2025,2025-02-27,8200.00,CE,87.40,93.00,55.90,60.40,63.35,65,672.649875,5250,3875,06-JAN-2025
OPTSTK,MRF,27-Feb-2025,2025-02-27,142000.00,PE,0.00,0.00,0.00,17308.80,17953.55,0,0.00,0,0,06-JAN-2025
OPTSTK,MRF,30-Jan-2025,2025-01-30,142000.00,CE,90.05,125.00,90.05,120.80,10.20,25,177.647707,370,55,06-JAN-2025
OPTSTK,MRF,27-Mar-2025,2025-03-27,116000.00,CE,0.00,0.00,0.00,18286.10,10141.05,0,0.00,0,0,06-JAN-2025
OPTSTK,MRF,30-Jan-2025,2025-01-30,116000.00,PE,0.00,0.00,0.00,2670.70,396.10,0,0.00,0,0,06-JAN-2025
OPTIDX,NIFTYNXT50,30-Jan-2025,2025-01-30,74500.00,PE,0.00,0.00,0.00,5298.85,7196.25,0,0.00,0,0,06-JAN-2025
OPTIDX,NIFTYNXT50,30-Jan-2025,2025-01-30,74500.00,CE,0.00,0.00,0.00,1928.30,22.95,0,0.00,0,0,06-JAN-2025
OPTIDX,NIFTYNXT50,30-Jan-2025,2025-01-30,77000.00,PE,0.00,0.00,0.00,7082.40,9665.20,0,0.00,0,0,06-JAN-2025
OPTIDX,NIFTYNXT50,27-Mar-2025,2025-03-27,77000.00,PE,0.00,0.00,0.00,7908.90,9105.65,0,0.00,0,0,06-JAN-2025
OPTIDX,NIFTYNXT50,30-Jan-2025,2025-01-30,78500.00,CE,0.00,0.00,0.00,954.70,0.75,0,0.00,0,0,06-JAN-2025
OPTIDX,NIFTYNXT50,27-Feb-2025,2025-02-27,60500.00,PE,0.00,0.00,0.00,199.80,116.85,0,0.00,0,0,06-JAN-2025
OPTIDX,NIFTYNXT50,27-Mar-2025,2025-03-27,68500.00,PE,0.00,0.00,0.00,2418.50,2642.10,0,0.00,0,0,06-JAN-2025
OPTIDX,NIFTYNXT50,27-Feb-2025,2025-02-27,68500.00,PE,0.00,0.00,0.00,1698.35,2381.65,0,0.00,0,0,06-JAN-2025
OPTIDX,NIFTYNXT50,27-Mar-2025,2025-03-27,60500.00,CE,0.00,0.00,0.00,9461.60,7633.90,0,0.00,0,0,06-JAN-2025
OPTIDX,NIFTYNXT50,27-Feb-2025,2025-02-27,71100.00,CE,0.00,0.00,0.00,3636.65,709.60,0,0.00,0,0,06-JAN-2025
OPTIDX,NIFTYNXT50,27-Mar-2025,2025-03-27,71100.00,PE,0.00,0.00,0.00,3752.10,4259.95,0,0.00,0,0,06-JAN-2025
OPTIDX,NIFTYNXT50,30-Jan-2025,2025-01-30,71100.00,PE,0.00,0.00,0.00,3287.05,4005.55,0,0.00,0,0,06-JAN-2025
OPTIDX,NIFTYNXT50,30-Jan-2025,2025-01-30,71100.00,CE,0.00,0.00,0.00,3251.95,217.20,0,0.00,0,0,06-JAN-2025
OPTIDX,NIFTYNXT50,27-Feb-2025,2025-02-27,60000.00,CE,0.00,0.00,0.00,11951.70,7659.45,0,0.00,0,0,06-JAN-2025
OPTIDX,NIFTYNXT50,27-Mar-2025,2025-03-27,60000.00,CE,0.00,0.00,0.00,9902.20,8080.15,0,0.00,0,0,06-JAN-2025
OPTIDX,NIFTYNXT50,30-Jan-2025,2025-01-30,71600.00,PE,0.00,0.00,0.00,3550.45,4448.40,0,0.00,0,0,06-JAN-2025
OPTIDX,NIFTYNXT50,30-Jan-2025,2025-01-30,60000.00,CE,0.00,0.00,0.00,11108.45,7272.10,0,0.00,0,0,06-JAN-2025
OPTIDX,NIFTYNXT50,30-Jan-2025,2025-01-30,60000.00,PE,0.00,0.00,0.00,254.05,9.60,0,0.00,0,0,06-JAN-2025
OPTIDX,NIFTYNXT50,27-Mar-2025,2025-03-27,71600.00,PE,0.00,0.00,0.00,4046.95,4615.15,0,0.00,0,0,06-JAN-2025
OPTIDX,NIFTYNXT50,27-Feb-2025,2025-02-27,60000.00,PE,0.00,0.00,0.00,167.75,88.45,0,0.00,0,0,06-JAN-2025
OPTIDX,NIFTYNXT50,30-Jan-2025,2025-01-30,71200.00,CE,0.00,0.00,0.00,3205.60,205.15,0,0.00,0,0,06-JAN-2025
OPTIDX,NIFTYNXT50,27-Mar-2025,2025-03-27,71200.00,CE,0.00,0.00,0.00,2426.85,1172.35,0,0.00,0,0,06-JAN-2025
OPTIDX,NIFTYNXT50,30-Jan-2025,2025-01-30,71200.00,PE,0.00,0.00,0.00,3338.80,4093.00,0,0.00,0,0,06-JAN-2025
OPTIDX,NIFTYNXT50,27-Mar-2025,2025-03-27,71200.00,PE,0.00,0.00,0.00,3810.15,4329.95,0,0.00,0,0,06-JAN-2025
OPTIDX,NIFTYNXT50,27-Feb-2025,2025-02-27,71200.00,CE,0.00,0.00,0.00,3585.65,686.90,0,0.00,0,0,06-JAN-2025
OPTIDX,NIFTYNXT50,27-Mar-2025,2025-03-27,67100.00,CE,0.00,0.00,0.00,4486.60,2828.05,0,0.00,0,0,06-JAN-2025
OPTIDX,NIFTYNXT50,27-Feb-2025,2025-02-27,67100.00,CE,0.00,0.00,0.00,6072.65,2190.00,0,0.00,0,0,06-JAN-2025
OPTIDX,NIFTYNXT50,27-Mar-2025,2025-03-27,67100.00,PE,0.00,0.00,0.00,1842.45,1945.85,0,0.00,0,0,06-JAN-2025
OPTIDX,NIFTYNXT50,30-Jan-2025,2025-01-30,67100.00,PE,0.00,0.00,0.00,811.20,1205.35,0,0.00,30,0,06-JAN-2025
OPTIDX,NIFTYNXT50,27-Feb-2025,2025-02-27,67100.00,PE,0.00,0.00,0.00,1263.60,1651.05,0,0.00,0,0,06-JAN-2025
OPTIDX,NIFTYNXT50,30-Jan-2025,2025-01-30,67800.00,CE,0.00,0.00,0.00,5046.65,1070.70,0,0.00,0,0,06-JAN-2025
OPTIDX,NIFTYNXT50,27-Mar-2025,2025-03-27,67800.00,PE,0.00,0.00,0.00,2118.00,2278.00,0,0.00,0,0,06-JAN-2025
OPTSTK,INFY,27-Mar-2025,2025-03-27,1760.00,PE,0.00,0.00,0.00,7.00,16.30,0,0.00,400,0,06-JAN-2025
OPTSTK,INFY,27-Feb-2025,2025-02-27,1760.00,PE,0.00,0.00,0.00,49.90,9.15,0,0.00,0,0,06-JAN-2025
OPTSTK,INFY,30-Jan-2025,2025-01-30,1740.00,PE,4.55,5.60,2.85,5.40,5.40,904,6308.3448,394400,-6800,06-JAN-2025
OPTSTK,INFY,27-Feb-2025,2025-02-27,1880.00,PE,0.00,0.00,0.00,38.50,35.75,0,0.00,6400,0,06-JAN-2025
OPTSTK,INFY,30-Jan-2025,2025-01-30,2140.00,PE,0.00,0.00,0.00,190.50,195.65,0,0.00,10400,0,06-JAN-2025
OPTSTK,INFY,30-Jan-2025,2025-01-30,2200.00,CE,2.60,3.15,2.30,2.60,2.60,1081,9524.4504,437600,-8400,06-JAN-2025
OPTSTK,INFY,30-Jan-2025,2025-01-30,1780.00,PE,7.30,9.40,5.05,8.95,8.95,762,5446.3582,190400,-8400,06-JAN-2025
OPTSTK,INFY,30-Jan-2025,2025-01-30,1780.00,CE,177.30,178.90,176.15,178.90,169.05,5,39.1454,8800,0,06-JAN-2025
OPTSTK,INFY,27-Mar-2025,2025-03-27,1600.00,CE,0.00,0.00,0.00,345.15,363.55,0,0.00,0,0,06-JAN-2025
OPTSTK,INFY,30-Jan-2025,2025-01-30,1840.00,CE,130.00,141.10,116.55,124.90,124.90,173,1359.585,190400,7200,06-JAN-2025
OPTSTK,INFY,27-Feb-2025,2025-02-27,1840.00,PE,0.00,0.00,0.00,26.00,23.90,0,0.00,800,0,06-JAN-2025
OPTSTK,INFY,27-Mar-2025,2025-03-27,1840.00,CE,0.00,0.00,0.00,160.70,159.05,0,0.00,0,0,06-JAN-2025
OPTSTK,INFY,27-Feb-2025,2025-02-27,1840.00,CE,0.00,0.00,0.00,130.50,139.35,0,0.00,0,0,06-JAN-2025
OPTSTK,INFY,30-Jan-2025,2025-01-30,1700.00,PE,2.90,3.60,1.75,3.35,3.35,2132,14522.7108,566800,-4800,06-JAN-2025
OPTSTK,INFY,27-Feb-2025,2025-02-27,1880.00,CE,0.00,0.00,0.00,78.90,111.60,0,0.00,1200,0,06-JAN-2025
OPTSTK,INFY,30-Jan-2025,2025-01-30,2020.00,PE,80.25,101.20,78.35,95.60,95.60,77,651.1642,55600,-9200,06-JAN-2025
OPTSTK,INFY,27-Feb-2025,2025-02-27,2020.00,CE,0.00,0.00,0.00,52.75,42.45,0,0.00,0,0,06-JAN-2025
OPTSTK,INFY,27-Feb-2025,2025-02-27,1600.00,PE,0.00,0.00,0.00,14.35,0.60,0,0.00,0,0,06-JAN-2025
OPTSTK,INFY,30-Jan-2025,2025-01-30,1920.00,PE,33.30,43.95,28.40,41.15,41.15,3188,24971.0332,472400,40000,06-JAN-2025
OPTSTK,INFY,27-Feb-2025,2025-02-27,1960.00,CE,66.35,66.35,64.85,64.85,66.70,3,24.3094,1600,0,06-JAN-2025
OPTSTK,INFY,27-Feb-2025,2025-02-27,2200.00,CE,10.00,10.85,8.60,10.75,7.80,15,132.5832,14000,5200,06-JAN-2025
OPTSTK,INFY,30-Jan-2025,2025-01-30,2200.00,PE,234.60,265.85,226.00,258.75,253.35,20,195.5518,55600,4800,06-JAN-2025
OPTSTK,INFY,27-Feb-2025,2025-02-27,1700.00,PE,6.70,8.00,6.70,8.00,8.00,5,34.1392,9600,1600,06-JAN-2025
OPTSTK,INFY,30-Jan-2025,2025-01-30,1700.00,CE,0.00,0.00,0.00,239.00,245.85,0,0.00,10800,0,06-JAN-2025
OPTSTK,INFY,27-Mar-2025,2025-03-27,1600.00,PE,6.00,6.00,6.00,6.00,2.20,1,6.424,800,400,06-JAN-2025
OPTSTK,INFY,27-Feb-2025,2025-02-27,1920.00,CE,0.00,0.00,0.00,92.20,87.30,0,0.00,0,0,06-JAN-2025
OPTSTK,INFY,27-Feb-2025,2025-02-27,2080.00,CE,0.00,0.00,0.00,41.50,25.55,0,0.00,0,0,06-JAN-2025
OPTSTK,INFY,27-Mar-2025,2025-03-27,2000.00,CE,0.00,0.00,0.00,45.00,70.05,0,0.00,800,0,06-JAN-2025
OPTSTK,INFY,27-Feb-2025,2025-02-27,2000.00,PE,79.50,96.00,78.10,96.00,92.70,5,41.6942,9600,0,06-JAN-2025
OPTSTK,DIXON,30-Jan-2025,2025-01-30,14000.00,CE,0.00,0.00,0.00,4080.00,4101.95,0,0.00,9400,0,06-JAN-2025
OPTSTK,DIXON,27-Feb-2025,2025-02-27,17250.00,CE,0.00,0.00,0.00,1915.35,1563.05,0,0.00,0,0,06-JAN-2025
OPTSTK,DIXON,30-Jan-2025,2025-01-30,17250.00,PE,170.00,370.65,169.90,343.65,343.65,502,4397.31302,15900,-100,06-JAN-2025
OPTSTK,DIXON,30-Jan-2025,2025-01-30,19000.00,PE,810.05,1299.90,770.35,1258.45,1258.45,390,3893.2024,33850,1500,06-JAN-2025
OPTSTK,DIXON,27-Mar-2025,2025-03-27,19000.00,CE,0.00,0.00,0.00,1410.55,1005.35,0,0.00,0,0,06-JAN-2025
OPTSTK,DIXON,30-Jan-2025,2025-01-30,13000.00,PE,14.00,20.15,14.00,20.05,20.05,32,208.2966,9700,500,06-JAN-2025
OPTSTK,DIXON,30-Jan-2025,2025-01-30,19250.00,PE,990.40,1464.60,981.30,1457.00,1457.00,224,2277.10915,10700,4850,06-JAN-2025
OPTSTK,DIXON,30-Jan-2025,2025-01-30,20250.00,PE,0.00,0.00,0.00,3573.10,2244.70,0,0.00,0,0,06-JAN-2025
OPTSTK,DIXON,27-Feb-2025,2025-02-27,18000.00,PE,650.00,958.30,650.00,943.35,943.35,29,272.87395,1500,300,06-JAN-2025
OPTSTK,DIXON,30-Jan-2025,2025-01-30,17500.00,CE,1444.60,1472.05,943.50,1008.90,1008.90,198,1850.75262,36000,600,06-JAN-2025
OPTSTK,DIXON,27-Mar-2025,2025-03-27,17500.00,PE,0.00,0.00,0.00,1241.95,907.95,0,0.00,0,0,06-JAN-2025
OPTSTK,DIXON,27-Mar-2025,2025-03-27,17500.00,CE,0.00,0.00,0.00,2096.15,1702.70,0,0.00,0,0,06-JAN-2025
OPTSTK,DIXON,30-Jan-2025,2025-01-30,17500.00,PE,272.80,460.00,206.70,427.75,427.75,1940,17299.5716,64050,-2750,06-JAN-2025
OPTSTK,DIXON,27-Feb-2025,2025-02-27,19750.00,PE,0.00,0.00,0.00,2297.50,2014.75,0,0.00,0,0,06-JAN-2025
OPTSTK,DIXON,30-Jan-2025,2025-01-30,19750.00,CE,280.00,300.00,158.15,179.10,179.10,1192,11918.853,17000,-1100,06-JAN-2025
FUTSTK,DIXON,27-Mar-2025,2025-03-27,,,18959.90,18999.00,18255.90,18302.00,18302.00,56,520.288025,8100,750,06-JAN-2025
FUTSTK,DIXON,30-Jan-2025,2025-01-30,,,18540.05,18785.30,17970.00,18073.40,18073.40,12100,111186.818,1415600,14250,06-JAN-2025
OPTSTK,DIXON,30-Jan-2025,2025-01-30,21500.00,CE,60.05,64.60,36.20,38.85,38.85,1868,20124.9576,111650,1000,06-JAN-2025
OPTSTK,DIXON,27-Feb-2025,2025-02-27,16500.00,PE,0.00,0.00,0.00,1804.25,368.10,0,0.00,0,0,06-JAN-2025
OPTSTK,DIXON,27-Feb-2025,2025-02-27,16500.00,CE,0.00,0.00,0.00,1210.05,2063.75,0,0.00,0,0,06-JAN-2025
OPTSTK,DIXON,30-Jan-2025,2025-01-30,21250.00,CE,70.35,75.65,41.55,45.00,45.00,304,3238.74025,19950,3600,06-JAN-2025
OPTSTK,DIXON,27-Feb-2025,2025-02-27,18500.00,PE,0.00,0.00,0.00,3176.55,1201.15,0,0.00,0,0,06-JAN-2025
OPTSTK,DIXON,30-Jan-2025,2025-01-30,18500.00,PE,621.00,981.50,520.00,930.95,930.95,3427,32875.6045,47050,-950,06-JAN-2025
OPTSTK,DIXON,30-Jan-2025,2025-01-30,18500.00,CE,675.05,804.00,466.25,503.05,503.05,8875,84992.5368,125750,14850,06-JAN-2025
OPTSTK,DIXON,30-Jan-2025,2025-01-30,20750.00,CE,120.00,120.85,63.00,69.35,69.35,613,6388.2705,14450,-1700,06-JAN-2025
OPTSTK,DIXON,30-Jan-2025,2025-01-30,21000.00,PE,0.00,0.00,0.00,5218.05,2925.85,0,0.00,0,0,06-JAN-2025
OPTSTK,DIXON,27-Feb-2025,2025-02-27,19750.00,CE,0.00,0.00,0.00,833.25,491.55,0,0.00,0,0,06-JAN-2025
OPTSTK,DIXON,30-Jan-2025,2025-01-30,19750.00,PE,1420.00,1420.00,1420.00,1420.00,1820.25,1,10.585,50,50,06-JAN-2025
OPTSTK,DIXON,27-Feb-2025,2025-02-27,18500.00,CE,1156.00,1156.00,888.00,888.00,888.00,33,322.22735,1750,50,06-JAN-2025
OPTSTK,DIXON,27-Mar-2025,2025-03-27,19500.00,CE,0.00,0.00,0.00,1226.15,829.85,0,0.00,0,0,06-JAN-2025
OPTSTK,DIXON,27-Feb-2025,2025-02-27,19500.00,PE,0.00,0.00,0.00,3970.80,1836.15,0,0.00,0,0,06-JAN-2025
OPTSTK,NYKAA,27-Mar-2025,2025-03-27,170.00,CE,0.00,0.00,0.00,10.85,13.15,0,0.00,0,0,06-JAN-2025
OPTSTK,NYKAA,27-Feb-2025,2025-02-27,170.00,CE,10.30,11.10,9.65,9.65,10.55,3,15.960975,8850,8850,06-JAN-2025
OPTSTK,NYKAA,27-Mar-2025,2025-03-27,160.00,CE,0.00,0.00,0.00,15.20,19.00,0,0.00,0,0,06-JAN-2025
OPTSTK,NYKAA,27-Feb-2025,2025-02-27,160.00,CE,0.00,0.00,0.00,23.95,16.70,0,0.00,0,0,06-JAN-2025
OPTSTK,INDIAMART,27-Feb-2025,2025-02-27,2280.00,PE,0.00,0.00,0.00,166.05,163.00,0,0.00,0,0,06-JAN-2025
OPTSTK,INDIAMART,27-Feb-2025,2025-02-27,2460.00,PE,0.00,0.00,0.00,279.65,293.85,0,0.00,0,0,06-JAN-2025
OPTSTK,INDIAMART,30-Jan-2025,2025-01-30,2460.00,CE,0.00,0.00,0.00,43.85,9.35,0,0.00,0,0,06-JAN-2025
OPTSTK,INDIAMART,30-Jan-2025,2025-01-30,2700.00,CE,5.80,6.05,1.70,2.30,2.30,597,4840.8255,56700,-7800,06-JAN-2025
OPTSTK,INDIAMART,27-Feb-2025,2025-02-27,2520.00,PE,0.00,0.00,0.00,323.55,343.90,0,0.00,0,0,06-JAN-2025
OPTSTK,INDIAMART,27-Feb-2025,2025-02-27,2360.00,CE,0.00,0.00,0.00,114.05,56.00,0,0.00,0,0,06-JAN-2025
OPTSTK,INDIAMART,27-Feb-2025,2025-02-27,1920.00,CE,0.00,0.00,0.00,369.45,296.65,0,0.00,0,0,06-JAN-2025
OPTSTK,INDIAMART,27-Feb-2025,2025-02-27,2540.00,CE,0.00,0.00,0.00,62.10,21.80,0,0.00,0,0,06-JAN-2025
OPTSTK,INDIAMART,27-Feb-2025,2025-02-27,2540.00,PE,0.00,0.00,0.00,338.75,361.15,0,0.00,0,0,06-JAN-2025
OPTSTK,INDIAMART,30-Jan-2025,2025-01-30,2640.00,PE,0.00,0.00,0.00,406.40,453.40,0,0.00,0,0,06-JAN-2025
OPTSTK,INDIAMART,30-Jan-2025,2025-01-30,2600.00,CE,9.75,10.20,3.45,4.00,4.00,393,3072.1929,51900,-14100,06-JAN-2025
OPTSTK,INDIAMART,27-Feb-2025,2025-02-27,2080.00,CE,0.00,0.00,0.00,254.25,179.90,0,0.00,0,0,06-JAN-2025
OPTSTK,INDIAMART,27-Feb-2025,2025-02-27,2140.00,PE,0.00,0.00,0.00,99.20,87.75,0,0.00,0,0,06-JAN-2025
OPTSTK,INDIAMART,30-Jan-2025,2025-01-30,2350.00,CE,27.35,29.50,23.85,23.85,24.50,5,35.6601,13500,0,06-JAN-2025
OPTSTK,INDIAMART,27-Feb-2025,2025-02-27,2260.00,PE,0.00,0.00,0.00,155.30,150.70,0,0.00,0,0,06-JAN-2025
OPTSTK,INDIAMART,30-Jan-2025,2025-01-30,2360.00,CE,0.00,0.00,0.00,70.95,22.60,0,0.00,0,0,06-JAN-2025
OPTSTK,INDIAMART,30-Jan-2025,2025-01-30,2080.00,PE,21.00,29.00,21.00,29.00,35.05,16,101.07015,3900,3000,06-JAN-2025
OPTSTK,INDIAMART,27-Feb-2025,2025-02-27,2560.00,PE,0.00,0.00,0.00,354.25,378.60,0,0.00,0,0,06-JAN-2025
OPTSTK,INDIAMART,30-Jan-2025,2025-01-30,2240.00,CE,84.90,84.90,56.85,59.30,55.45,21,145.3353,3600,2100,06-JAN-2025
OPTSTK,INDIAMART,30-Jan-2025,2025-01-30,2160.00,PE,55.00,67.45,54.15,62.15,65.70,15,100.0419,1500,300,06-JAN-2025
OPTSTK,INDIAMART,30-Jan-2025,2025-01-30,2160.00,CE,0.00,0.00,0.00,162.00,91.65,0,0.00,0,0,06-JAN-2025
OPTSTK,INDIAMART,30-Jan-2025,2025-01-30,2350.00,PE,0.00,0.00,0.00,125.25,187.75,0,0.00,2700,0,06-JAN-2025
OPTSTK,INDIAMART,27-Feb-2025,2025-02-27,2500.00,CE,0.00,0.00,0.00,153.45,27.20,0,0.00,0,0,06-JAN-2025
OPTSTK,INDIAMART,30-Jan-2025,2025-01-30,2560.00,PE,0.00,0.00,0.00,336.40,375.80,0,0.00,0,0,06-JAN-2025
OPTSTK,INDIAMART,30-Jan-2025,2025-01-30,2420.00,PE,0.00,0.00,0.00,224.95,246.45,0,0.00,0,0,06-JAN-2025
OPTSTK,INDIAMART,30-Jan-2025,2025-01-30,2380.00,PE,0.00,0.00,0.00,196.50,212.25,0,0.00,0,0,06-JAN-2025
OPTSTK,INDIAMART,27-Feb-2025,2025-02-27,2380.00,CE,0.00,0.00,0.00,106.95,50.80,0,0.00,0,0,06-JAN-2025
OPTSTK,INDIAMART,27-Feb-2025,2025-02-27,2440.00,CE,0.00,0.00,0.00,87.70,37.50,0,0.00,0,0,06-JAN-2025
OPTSTK,INDIAMART,30-Jan-2025,2025-01-30,2040.00,CE,0.00,0.00,0.00,242.45,169.65,0,0.00,0,0,06-JAN-2025
OPTSTK,INDIAMART,27-Feb-2025,2025-02-27,2440.00,PE,0.00,0.00,0.00,265.65,277.75,0,0.00,0,0,06-JAN-2025
OPTSTK,INDIAMART,27-Feb-2025,2025-02-27,2260.00,CE,0.00,0.00,0.00,155.10,88.70,0,0.00,0,0,06-JAN-2025
OPTSTK,LTF,27-Feb-2025,2025-02-27,157.50,PE,0.00,0.00,0.00,21.85,19.35,0,0.00,0,0,06-JAN-2025
OPTSTK,LTF,30-Jan-2025,2025-01-30,157.50,CE,0.30,0.30,0.25,0.25,0.40,33,232.322954,334650,-44620,06-JAN-2025
OPTSTK,LTF,30-Jan-2025,2025-01-30,157.50,PE,0.00,0.00,0.00,16.40,18.85,0,0.00,53544,0,06-JAN-2025
OPTSTK,LTF,27-Feb-2025,2025-02-27,155.00,PE,0.00,0.00,0.00,16.50,17.30,0,0.00,0,0,06-JAN-2025
OPTSTK,LTF,27-Feb-2025,2025-02-27,155.00,CE,0.00,0.00,0.00,8.65,2.15,0,0.00,0,0,06-JAN-2025
OPTSTK,LTF,27-Mar-2025,2025-03-27,155.00,CE,0.00,0.00,0.00,5.50,3.70,0,0.00,0,0,06-JAN-2025
OPTSTK,TATACHEM,27-Feb-2025,2025-02-27,1200.00,PE,0.00,0.00,0.00,135.20,201.90,0,0.00,0,0,06-JAN-2025
OPTSTK,LTF,27-Feb-2025,2025-02-27,145.00,CE,0.00,0.00,0.00,3.80,4.85,0,0.00,13386,0,06-JAN-2025
OPTSTK,LTF,27-Mar-2025,2025-03-27,145.00,CE,0.00,0.00,0.00,8.65,6.80,0,0.00,0,0,06-JAN-2025
OPTSTK,LTF,27-Feb-2025,2025-02-27,160.00,CE,0.00,0.00,0.00,1.50,1.40,0,0.00,8924,0,06-JAN-2025
OPTSTK,TATACHEM,30-Jan-2025,2025-01-30,1100.00,PE,80.25,113.75,78.80,110.50,110.50,74,489.1073,480150,2200,06-JAN-2025
OPTSTK,TATACHEM,27-Feb-2025,2025-02-27,1140.00,PE,0.00,0.00,0.00,111.70,148.30,0,0.00,0,0,06-JAN-2025
OPTSTK,TATACHEM,30-Jan-2025,2025-01-30,1140.00,PE,113.60,146.80,113.60,146.80,145.95,8,55.828575,28600,550,06-JAN-2025
OPTSTK,TATACHEM,30-Jan-2025,2025-01-30,1040.00,CE,27.15,28.60,14.45,15.45,15.45,2713,15793.2692,832150,89650,06-JAN-2025
FUTSTK,LTF,30-Jan-2025,2025-01-30,,,139.94,140.55,132.45,133.10,133.10,4408,26708.3116,85313440,339112,06-JAN-2025
FUTSTK,TATACHEM,27-Feb-2025,2025-02-27,,,1033.20,1034.80,994.90,999.15,999.15,435,2416.01937,348700,81400,06-JAN-2025
OPTSTK,TATACHEM,27-Feb-2025,2025-02-27,1020.00,PE,0.00,0.00,0.00,46.45,60.40,0,0.00,0,0,06-JAN-2025
OPTSTK,TATACHEM,27-Feb-2025,2025-02-27,1120.00,PE,0.00,0.00,0.00,88.10,131.55,0,0.00,0,0,06-JAN-2025
OPTSTK,LTF,27-Feb-2025,2025-02-27,135.00,PE,0.00,0.00,0.00,6.45,4.80,0,0.00,0,0,06-JAN-2025
OPTSTK,LTF,30-Jan-2025,2025-01-30,142.50,CE,3.40,3.40,1.40,1.55,1.55,613,3949.90964,1356448,298954,06-JAN-2025
OPTSTK,LTF,27-Feb-2025,2025-02-27,142.50,CE,0.00,0.00,0.00,2.75,5.80,0,0.00,31234,0,06-JAN-2025
OPTSTK,LTF,30-Jan-2025,2025-01-30,142.50,PE,5.80,11.05,5.80,10.95,10.95,95,637.773739,303416,53544,06-JAN-2025
OPTSTK,LTF,30-Jan-2025,2025-01-30,140.00,CE,4.50,4.70,1.95,2.10,2.10,2306,14690.6977,5550728,941482,06-JAN-2025
OPTSTK,LTF,27-Mar-2025,2025-03-27,140.00,CE,0.00,0.00,0.00,10.70,8.90,0,0.00,0,0,06-JAN-2025
OPTSTK,TATACHEM,27-Feb-2025,2025-02-27,1160.00,CE,0.00,0.00,0.00,75.15,8.00,0,0.00,0,0,06-JAN-2025
OPTSTK,TATACHEM,27-Feb-2025,2025-02-27,1160.00,PE,0.00,0.00,0.00,110.35,165.70,0,0.00,0,0,06-JAN-2025
OPTSTK,TATACHEM,30-Jan-2025,2025-01-30,1160.00,CE,3.70,3.70,2.00,2.35,2.35,769,4916.26877,417450,-74800,06-JAN-2025
OPTSTK,LTF,30-Jan-2025,2025-01-30,175.00,CE,0.00,0.00,0.00,0.10,0.05,0,0.00,191866,0,06-JAN-2025
OPTSTK,LTF,30-Jan-2025,2025-01-30,175.00,PE,0.00,0.00,0.00,36.00,35.85,0,0.00,664838,0,06-JAN-2025
OPTSTK,LTF,30-Jan-2025,2025-01-30,130.00,CE,11.50,11.50,6.40,6.45,6.45,125,771.59135,522054,31234,06-JAN-2025
OPTSTK,LTF,27-Feb-2025,2025-02-27,135.00,CE,0.00,0.00,0.00,8.40,9.50,0,0.00,4462,0,06-JAN-2025
OPTSTK,LTF,30-Jan-2025,2025-01-30,135.00,CE,6.60,6.80,3.50,3.80,3.80,714,4441.45472,1753566,325726,06-JAN-2025
OPTSTK,BOSCHLTD,30-Jan-2025,2025-01-30,33000.00,CE,1420.00,1470.05,1102.60,1213.90,1213.90,127,1092.65641,975,975,06-JAN-2025
OPTSTK,BOSCHLTD,27-Feb-2025,2025-02-27,38000.00,PE,0.00,0.00,0.00,3702.10,4320.60,0,0.00,0,0,06-JAN-2025
OPTSTK,BOSCHLTD,27-Mar-2025,2025-03-27,38000.00,CE,0.00,0.00,0.00,873.35,339.35,0,0.00,0,0,06-JAN-2025
OPTSTK,KPITTECH,27-Feb-2025,2025-02-27,1360.00,PE,0.00,0.00,0.00,95.00,40.20,0,0.00,0,0,06-JAN-2025
OPTSTK,KPITTECH,30-Jan-2025,2025-01-30,1360.00,PE,18.95,27.80,17.50,25.25,20.15,40,221.1556,88000,-2000,06-JAN-2025
OPTSTK,BOSCHLTD,27-Feb-2025,2025-02-27,34500.00,PE,0.00,0.00,0.00,1584.40,1614.00,0,0.00,0,0,06-JAN-2025
OPTSTK,IOC,30-Jan-2025,2025-01-30,130.00,CE,9.30,9.30,5.45,6.15,6.15,378,2515.10025,1335750,175500,06-JAN-2025
OPTSTK,BOSCHLTD,30-Jan-2025,2025-01-30,35500.00,PE,0.00,0.00,0.00,1175.00,2097.70,0,0.00,25,0,06-JAN-2025
OPTSTK,BOSCHLTD,30-Jan-2025,2025-01-30,35500.00,CE,450.65,463.75,269.75,290.00,290.00,52,466.095425,1375,50,06-JAN-2025
OPTSTK,KPITTECH,30-Jan-2025,2025-01-30,1620.00,CE,12.75,13.35,12.25,13.10,11.55,18,117.5662,42400,2000,06-JAN-2025
OPTSTK,KPITTECH,27-Feb-2025,2025-02-27,1620.00,PE,0.00,0.00,0.00,207.35,186.05,0,0.00,0,0,06-JAN-2025
OPTSTK,IOC,27-Feb-2025,2025-02-27,160.00,PE,0.00,0.00,0.00,23.60,26.10,0,0.00,0,0,06-JAN-2025
OPTSTK,IOC,30-Jan-2025,2025-01-30,160.00,CE,0.20,0.20,0.10,0.15,0.15,450,3513.19068,4801875,643500,06-JAN-2025
OPTSTK,BOSCHLTD,27-Feb-2025,2025-02-27,35000.00,CE,0.00,0.00,0.00,2198.25,732.25,0,0.00,0,0,06-JAN-2025
OPTSTK,KPITTECH,27-Feb-2025,2025-02-27,1400.00,PE,0.00,0.00,0.00,36.00,54.80,0,0.00,2800,0,06-JAN-2025
OPTSTK,KPITTECH,27-Feb-2025,2025-02-27,1400.00,CE,0.00,0.00,0.00,150.15,119.85,0,0.00,0,0,06-JAN-2025
OPTSTK,IOC,30-Jan-2025,2025-01-30,165.00,CE,0.10,0.10,0.05,0.05,0.05,8,64.384125,1599000,9750,06-JAN-2025
OPTSTK,BOSCHLTD,27-Feb-2025,2025-02-27,36000.00,PE,0.00,0.00,0.00,2425.10,2643.00,0,0.00,0,0,06-JAN-2025
OPTSTK,KPITTECH,30-Jan-2025,2025-01-30,1500.00,CE,38.00,45.10,35.00,40.00,40.00,1079,6646.6628,549200,-48400,06-JAN-2025
OPTSTK,IOC,27-Mar-2025,2025-03-27,150.00,CE,0.00,0.00,0.00,6.65,2.90,0,0.00,0,0,06-JAN-2025
OPTSTK,KPITTECH,30-Jan-2025,2025-01-30,1380.00,CE,102.10,105.30,94.60,105.30,103.60,4,23.6666,2000,1600,06-JAN-2025
OPTSTK,KPITTECH,30-Jan-2025,2025-01-30,1600.00,CE,14.25,18.00,13.25,15.30,15.30,754,4872.186,212000,13200,06-JAN-2025
OPTSTK,IOC,30-Jan-2025,2025-01-30,135.00,PE,2.05,5.55,2.05,4.75,4.75,1759,11928.8032,3797625,-258375,06-JAN-2025
OPTSTK,KPITTECH,27-Mar-2025,2025-03-27,1280.00,PE,0.00,0.00,0.00,52.75,31.25,0,0.00,0,0,06-JAN-2025
OPTSTK,KPITTECH,27-Mar-2025,2025-03-27,1280.00,CE,0.00,0.00,0.00,248.05,221.70,0,0.00,0,0,06-JAN-2025
OPTSTK,KPITTECH,27-Feb-2025,2025-02-27,1460.00,CE,0.00,0.00,0.00,118.65,87.90,0,0.00,0,0,06-JAN-2025
OPTSTK,BOSCHLTD,30-Jan-2025,2025-01-30,38000.00,CE,76.65,77.00,47.00,52.00,52.00,67,637.438925,4275,325,06-JAN-2025
OPTSTK,IOC,27-Feb-2025,2025-02-27,140.00,PE,7.90,9.05,7.90,8.95,9.75,5,36.2578125,195000,0,06-JAN-2025
OPTSTK,IOC,30-Jan-2025,2025-01-30,140.00,PE,4.30,9.05,4.25,7.95,7.95,617,4416.95475,4904250,-341250,06-JAN-2025
OPTSTK,IOC,27-Mar-2025,2025-03-27,140.00,CE,4.50,4.50,4.50,4.50,5.75,1,7.044375,4875,4875,06-JAN-2025
OPTSTK,BOSCHLTD,27-Feb-2025,2025-02-27,37000.00,CE,0.00,0.00,0.00,400.00,269.35,0,0.00,225,0,06-JAN-2025
OPTIDX,BANKNIFTY,27-Feb-2025,2025-02-27,48200.00,CE,0.00,0.00,0.00,3587.60,2628.20,0,0.00,90,0,06-JAN-2025
OPTIDX,BANKNIFTY,27-Feb-2025,2025-02-27,47800.00,PE,0.00,0.00,0.00,389.55,353.10,0,0.00,0,0,06-JAN-2025
OPTIDX,BANKNIFTY,30-Jan-2025,2025-01-30,48200.00,PE,108.45,346.00,106.90,299.65,299.65,40244,292318.226,61155,7650,06-JAN-2025
OPTSTK,CUMMINSIND,27-Feb-2025,2025-02-27,3400.00,CE,0.00,0.00,0.00,350.05,85.40,0,0.00,0,0,06-JAN-2025
OPTIDX,BANKNIFTY,27-Feb-2025,2025-02-27,54200.00,CE,177.00,177.00,177.00,177.00,210.60,1,16.3131,4320,0,06-JAN-2025
OPTIDX,BANKNIFTY,30-Jan-2025,2025-01-30,54200.00,PE,3421.00,4101.00,3307.25,4101.00,4070.65,4,34.6447125,21465,-15,06-JAN-2025
OPTIDX,BANKNIFTY,27-Mar-2025,2025-03-27,54200.00,PE,0.00,0.00,0.00,3251.15,3930.40,0,0.00,0,0,06-JAN-2025
OPTIDX,BANKNIFTY,27-Feb-2025,2025-02-27,54200.00,PE,0.00,0.00,0.00,3010.00,3969.90,0,0.00,60,0,06-JAN-2025
OPTIDX,BANKNIFTY,27-Mar-2025,2025-03-27,54200.00,CE,0.00,0.00,0.00,1263.00,448.35,0,0.00,0,0,06-JAN-2025
OPTIDX,BANKNIFTY,30-Jan-2025,2025-01-30,54600.00,PE,0.00,0.00,0.00,2847.90,4457.40,0,0.00,12315,0,06-JAN-2025
OPTIDX,BANKNIFTY,26-Jun-2025,2025-06-26,52500.00,PE,0.00,0.00,0.00,2787.10,2828.65,0,0.00,0,0,06-JAN-2025
OPTSTK,CUMMINSIND,30-Jan-2025,2025-01-30,3250.00,PE,103.80,151.15,95.80,137.15,137.15,360,1818.78915,72600,23400,06-JAN-2025
OPTSTK,CUMMINSIND,27-Feb-2025,2025-02-27,3300.00,PE,191.00,191.00,191.00,191.00,211.40,1,5.2365,300,150,06-JAN-2025
OPTIDX,BANKNIFTY,27-Mar-2025,2025-03-27,45500.00,PE,0.00,0.00,0.00,198.40,150.50,0,0.00,0,0,06-JAN-2025
OPTIDX,BANKNIFTY,30-Jan-2025,2025-01-30,45500.00,CE,4762.65,4762.65,4762.65,4762.65,4632.45,2,15.078795,30,30,06-JAN-2025
OPTIDX,BANKNIFTY,30-Jan-2025,2025-01-30,45500.00,PE,14.45,54.90,13.05,45.05,45.05,208017,1420811.53,309900,154920,06-JAN-2025
OPTIDX,BANKNIFTY,27-Mar-2025,2025-03-27,45500.00,CE,0.00,0.00,0.00,6753.10,5240.70,0,0.00,0,0,06-JAN-2025
OPTIDX,BANKNIFTY,27-Feb-2025,2025-02-27,45500.00,PE,63.95,161.40,63.95,152.50,152.50,838,11465.3610,11700,10470,06-JAN-2025
OPTIDX,BANKNIFTY,30-Jan-2025,2025-01-30,50000.00,PE,410.05,968.00,410.00,862.60,862.60,691028,5258187.21,1155540,1950,06-JAN-2025
OPTIDX,BANKNIFTY,30-Jan-2025,2025-01-30,53400.00,CE,176.95,183.85,91.50,96.55,96.55,59051,474023.759,235740,28440,06-JAN-2025
OPTIDX,BANKNIFTY,27-Feb-2025,2025-02-27,51500.00,PE,1189.95,1906.00,1165.85,1784.70,1784.70,2230,35554.7387,79200,14400,06-JAN-2025
OPTIDX,BANKNIFTY,27-Mar-2025,2025-03-27,53400.00,CE,0.00,0.00,0.00,1547.45,616.25,0,0.00,0,0,06-JAN-2025
OPTIDX,BANKNIFTY,30-Jan-2025,2025-01-30,48900.00,PE,180.60,530.90,180.55,463.30,463.30,52106,385064.689,60900,-14430,06-JAN-2025
OPTIDX,BANKNIFTY,27-Feb-2025,2025-02-27,48900.00,CE,0.00,0.00,0.00,2990.30,2135.80,0,0.00,150,0,06-JAN-2025
OPTSTK,CUMMINSIND,30-Jan-2025,2025-01-30,2850.00,PE,0.00,0.00,0.00,25.30,11.05,0,0.00,0,0,06-JAN-2025
OPTSTK,CUMMINSIND,27-Feb-2025,2025-02-27,2850.00,PE,0.00,0.00,0.00,36.90,34.95,0,0.00,0,0,06-JAN-2025
OPTIDX,BANKNIFTY,30-Jan-2025,2025-01-30,59000.00,CE,9.55,14.45,8.75,13.80,13.80,100997,894001.834,908130,263910,06-JAN-2025
OPTIDX,BANKNIFTY,27-Mar-2025,2025-03-27,59000.00,PE,0.00,0.00,0.00,7003.50,8255.95,0,0.00,0,0,06-JAN-2025
OPTIDX,BANKNIFTY,27-Feb-2025,2025-02-27,49900.00,PE,794.50,1101.00,794.50,1012.70,1012.70,183,2793.43402,1710,1350,06-JAN-2025
OPTSTK,JSWENERGY,30-Jan-2025,2025-01-30,750.00,CE,1.15,1.35,0.85,1.10,1.10,463,2608.14675,303750,-93750,06-JAN-2025
OPTSTK,JSWENERGY,27-Feb-2025,2025-02-27,750.00,CE,0.00,0.00,0.00,21.20,5.10,0,0.00,0,0,06-JAN-2025
OPTSTK,ZYDUSLIFE,27-Feb-2025,2025-02-27,840.00,CE,0.00,0.00,0.00,138.15,132.05,0,0.00,0,0,06-JAN-2025
OPTSTK,ZYDUSLIFE,27-Mar-2025,2025-03-27,1080.00,PE,0.00,0.00,0.00,126.40,116.15,0,0.00,0,0,06-JAN-2025
OPTSTK,ZYDUSLIFE,27-Mar-2025,2025-03-27,1020.00,CE,0.00,0.00,0.00,40.60,28.45,0,0.00,0,0,06-JAN-2025
OPTSTK,ZYDUSLIFE,30-Jan-2025,2025-01-30,1070.00,CE,2.95,2.95,1.75,2.35,2.35,67,646.4313,72900,4500,06-JAN-2025
OPTSTK,ZYDUSLIFE,27-Feb-2025,2025-02-27,1050.00,PE,0.00,0.00,0.00,100.00,89.90,0,0.00,0,0,06-JAN-2025
OPTSTK,ZYDUSLIFE,27-Mar-2025,2025-03-27,1160.00,CE,0.00,0.00,0.00,10.45,4.20,0,0.00,0,0,06-JAN-2025
OPTSTK,ZYDUSLIFE,27-Feb-2025,2025-02-27,1070.00,CE,0.00,0.00,0.00,16.35,8.05,0,0.00,0,0,06-JAN-2025
OPTSTK,ZYDUSLIFE,30-Jan-2025,2025-01-30,950.00,PE,15.50,20.90,15.50,17.80,17.80,115,1002.43845,73800,1800,06-JAN-2025
OPTSTK,ZYDUSLIFE,30-Jan-2025,2025-01-30,870.00,CE,0.00,0.00,0.00,99.95,96.75,0,0.00,0,0,06-JAN-2025
OPTSTK,ZYDUSLIFE,27-Feb-2025,2025-02-27,870.00,CE,0.00,0.00,0.00,111.35,105.45,0,0.00,0,0,06-JAN-2025
OPTSTK,ZYDUSLIFE,30-Jan-2025,2025-01-30,1140.00,PE,0.00,0.00,0.00,183.15,173.65,0,0.00,0,0,06-JAN-2025
OPTSTK,ZYDUSLIFE,27-Feb-2025,2025-02-27,1000.00,PE,53.85,55.35,53.85,55.35,53.95,2,18.9828,7200,0,06-JAN-2025
OPTSTK,ZYDUSLIFE,27-Feb-2025,2025-02-27,960.00,PE,0.00,0.00,0.00,56.40,31.85,0,0.00,0,0,06-JAN-2025
OPTSTK,ZYDUSLIFE,27-Mar-2025,2025-03-27,960.00,CE,0.00,0.00,0.00,66.00,53.85,0,0.00,0,0,06-JAN-2025
OPTSTK,ZYDUSLIFE,30-Jan-2025,2025-01-30,1040.00,PE,0.00,0.00,0.00,56.10,78.20,0,0.00,24300,0,06-JAN-2025
OPTSTK,ZYDUSLIFE,30-Jan-2025,2025-01-30,1040.00,CE,5.40,5.95,3.50,4.55,4.55,611,5743.03635,220500,-56700,06-JAN-2025
OPTSTK,ZYDUSLIFE,30-Jan-2025,2025-01-30,930.00,PE,11.05,12.45,10.80,11.80,11.80,68,576.3132,54000,-4500,06-JAN-2025
OPTSTK,ZYDUSLIFE,30-Jan-2025,2025-01-30,890.00,PE,4.25,4.85,3.95,4.70,4.70,46,370.3086,65700,16200,06-JAN-2025
OPTSTK,ZYDUSLIFE,30-Jan-2025,2025-01-30,1120.00,PE,0.00,0.00,0.00,133.00,153.90,0,0.00,132300,0,06-JAN-2025
OPTSTK,ZYDUSLIFE,27-Mar-2025,2025-03-27,1080.00,CE,0.00,0.00,0.00,23.55,13.45,0,0.00,0,0,06-JAN-2025
OPTSTK,ZYDUSLIFE,30-Jan-2025,2025-01-30,900.00,CE,0.00,0.00,0.00,75.75,69.85,0,0.00,6300,0,06-JAN-2025
OPTSTK,ZYDUSLIFE,30-Jan-2025,2025-01-30,910.00,CE,0.00,0.00,0.00,72.35,61.60,0,0.00,1800,0,06-JAN-2025
OPTSTK,ZYDUSLIFE,30-Jan-2025,2025-01-30,1100.00,PE,0.00,0.00,0.00,108.00,134.30,0,0.00,119700,0,06-JAN-2025
OPTSTK,ZYDUSLIFE,30-Jan-2025,2025-01-30,1010.00,CE,10.75,10.85,7.30,9.20,9.20,88,806.8032,51300,8100,06-JAN-2025
OPTSTK,ZYDUSLIFE,30-Jan-2025,2025-01-30,1000.00,PE,45.65,50.35,43.50,46.45,46.45,79,744.60465,183600,-38700,06-JAN-2025
OPTSTK,ZYDUSLIFE,30-Jan-2025,2025-01-30,860.00,CE,0.00,0.00,0.00,112.55,106.20,0,0.00,0,0,06-JAN-2025
OPTSTK,ZYDUSLIFE,27-Mar-2025,2025-03-27,1020.00,PE,0.00,0.00,0.00,84.50,72.05,0,0.00,0,0,06-JAN-2025
OPTSTK,ZYDUSLIFE,30-Jan-2025,2025-01-30,1020.00,CE,9.35,9.40,5.65,7.50,7.50,466,4307.66685,194400,-47700,06-JAN-2025
OPTSTK,CDSL,27-Mar-2025,2025-03-27,1440.00,CE,0.00,0.00,0.00,424.70,334.35,0,0.00,0,0,06-JAN-2025
OPTSTK,CDSL,30-Jan-2025,2025-01-30,1800.00,PE,59.50,104.50,54.05,101.60,101.60,837,5501.19237,259000,-39200,06-JAN-2025
OPTSTK,CDSL,27-Feb-2025,2025-02-27,1560.00,CE,0.00,0.00,0.00,187.60,218.70,0,0.00,0,0,06-JAN-2025
OPTSTK,CDSL,27-Mar-2025,2025-03-27,1520.00,PE,0.00,0.00,0.00,49.40,38.30,0,0.00,0,0,06-JAN-2025
FUTSTK,CDSL,30-Jan-2025,2025-01-30,,,1814.70,1823.30,1728.50,1733.75,1733.75,5236,32289.8040,4726400,-143150,06-JAN-2025
OPTSTK,CDSL,27-Mar-2025,2025-03-27,1800.00,PE,0.00,0.00,0.00,154.40,153.65,0,0.00,0,0,06-JAN-2025
OPTSTK,CDSL,27-Feb-2025,2025-02-27,1480.00,CE,0.00,0.00,0.00,231.80,282.10,0,0.00,0,0,06-JAN-2025
OPTSTK,CDSL,27-Mar-2025,2025-03-27,1920.00,PE,0.00,0.00,0.00,221.05,230.85,0,0.00,0,0,06-JAN-2025
OPTSTK,CDSL,27-Feb-2025,2025-02-27,1800.00,PE,0.00,0.00,0.00,261.85,134.00,0,0.00,0,0,06-JAN-2025
OPTSTK,CDSL,30-Jan-2025,2025-01-30,1740.00,PE,26.40,67.90,26.40,65.05,65.05,425,2669.47782,105350,2100,06-JAN-2025
OPTSTK,CDSL,27-Mar-2025,2025-03-27,1560.00,CE,0.00,0.00,0.00,334.85,243.20,0,0.00,0,0,06-JAN-2025
OPTSTK,CDSL,27-Mar-2025,2025-03-27,1560.00,PE,0.00,0.00,0.00,60.05,49.05,0,0.00,0,0,06-JAN-2025
OPTSTK,CDSL,27-Mar-2025,2025-03-27,1760.00,CE,0.00,0.00,0.00,213.40,128.45,0,0.00,0,0,06-JAN-2025
OPTSTK,CDSL,27-Feb-2025,2025-02-27,1760.00,PE,0.00,0.00,0.00,234.85,111.15,0,0.00,0,0,06-JAN-2025
OPTSTK,CDSL,27-Feb-2025,2025-02-27,2000.00,PE,0.00,0.00,0.00,413.70,278.45,0,0.00,0,0,06-JAN-2025
OPTSTK,CDSL,30-Jan-2025,2025-01-30,1920.00,PE,192.70,192.70,192.70,192.70,197.05,1,7.39445,57400,0,06-JAN-2025
OPTSTK,CDSL,27-Mar-2025,2025-03-27,1680.00,PE,0.00,0.00,0.00,100.55,92.55,0,0.00,0,0,06-JAN-2025
OPTSTK,CDSL,27-Feb-2025,2025-02-27,1900.00,CE,0.00,0.00,0.00,116.45,50.05,0,0.00,0,0,06-JAN-2025
OPTSTK,CDSL,27-Feb-2025,2025-02-27,1900.00,PE,0.00,0.00,0.00,186.00,200.60,0,0.00,0,0,06-JAN-2025
OPTSTK,CDSL,27-Feb-2025,2025-02-27,1800.00,CE,96.45,96.45,76.15,76.15,82.50,16,105.95375,5600,4200,06-JAN-2025
OPTSTK,CDSL,30-Jan-2025,2025-01-30,1680.00,PE,20.65,41.00,19.45,38.65,38.65,171,1023.9271,106400,700,06-JAN-2025
OPTSTK,CDSL,27-Mar-2025,2025-03-27,1960.00,PE,0.00,0.00,0.00,245.90,259.70,0,0.00,0,0,06-JAN-2025
OPTSTK,CDSL,27-Mar-2025,2025-03-27,1960.00,CE,0.00,0.00,0.00,127.95,59.75,0,0.00,0,0,06-JAN-2025
OPTSTK,CDSL,30-Jan-2025,2025-01-30,1960.00,PE,206.80,206.80,206.80,206.80,231.55,1,7.5838,4550,0,06-JAN-2025
OPTSTK,UPL,27-Feb-2025,2025-02-27,490.00,CE,0.00,0.00,0.00,36.40,45.20,0,0.00,0,0,06-JAN-2025
OPTSTK,UPL,27-Feb-2025,2025-02-27,590.00,CE,0.00,0.00,0.00,5.45,5.20,0,0.00,0,0,06-JAN-2025
OPTSTK,UPL,30-Jan-2025,2025-01-30,400.00,PE,0.25,0.25,0.25,0.25,0.05,2,10.846775,8130,2710,06-JAN-2025
OPTSTK,UPL,30-Jan-2025,2025-01-30,520.00,PE,10.00,15.50,7.15,13.20,13.20,1452,10446.0554,613815,-51490,06-JAN-2025
OPTSTK,UPL,27-Mar-2025,2025-03-27,580.00,CE,0.00,0.00,0.00,11.55,11.90,0,0.00,0,0,06-JAN-2025
OPTSTK,UPL,30-Jan-2025,2025-01-30,537.20,CE,14.70,14.70,6.70,8.45,8.45,291,2160.91944,88075,5420,06-JAN-2025
OPTSTK,UPL,27-Mar-2025,2025-03-27,440.00,CE,0.00,0.00,0.00,76.25,90.75,0,0.00,0,0,06-JAN-2025
OPTSTK,UPL,30-Jan-2025,2025-01-30,530.00,CE,14.75,18.45,9.00,11.10,11.10,2014,14835.2818,582650,4065,06-JAN-2025
OPTSTK,UPL,30-Jan-2025,2025-01-30,560.00,CE,4.90,6.05,2.40,3.15,3.15,1307,9990.51120,565035,162600,06-JAN-2025
OPTSTK,UPL,27-Feb-2025,2025-02-27,510.00,CE,0.00,0.00,0.00,26.40,32.25,0,0.00,0,0,06-JAN-2025
OPTSTK,SYNGENE,30-Jan-2025,2025-01-30,960.00,CE,2.45,3.75,1.80,3.40,3.40,59,568.1415,81000,-16000,06-JAN-2025
OPTSTK,SYNGENE,27-Mar-2025,2025-03-27,840.00,CE,0.00,0.00,0.00,63.40,60.35,0,0.00,0,0,06-JAN-2025
OPTSTK,SYNGENE,27-Feb-2025,2025-02-27,840.00,PE,0.00,0.00,0.00,19.00,20.00,0,0.00,0,0,06-JAN-2025
OPTSTK,SYNGENE,30-Jan-2025,2025-01-30,1020.00,PE,0.00,0.00,0.00,152.85,153.40,0,0.00,0,0,06-JAN-2025
OPTSTK,SYNGENE,27-Feb-2025,2025-02-27,1020.00,PE,0.00,0.00,0.00,109.95,150.05,0,0.00,0,0,06-JAN-2025
OPTSTK,SYNGENE,30-Jan-2025,2025-01-30,750.00,PE,1.20,1.80,0.85,0.85,0.85,26,195.3825,116000,-15000,06-JAN-2025
OPTSTK,SYNGENE,30-Jan-2025,2025-01-30,800.00,CE,68.15,72.50,68.15,68.20,68.85,4,34.813,7000,1000,06-JAN-2025
OPTSTK,SYNGENE,30-Jan-2025,2025-01-30,800.00,PE,6.15,8.75,5.70,6.80,6.80,150,1210.1845,204000,-7000,06-JAN-2025
OPTSTK,SYNGENE,30-Jan-2025,2025-01-30,770.00,CE,0.00,0.00,0.00,159.80,96.45,0,0.00,0,0,06-JAN-2025
OPTSTK,SYNGENE,27-Feb-2025,2025-02-27,720.00,CE,0.00,0.00,0.00,212.10,149.85,0,0.00,0,0,06-JAN-2025
OPTSTK,SYNGENE,27-Feb-2025,2025-02-27,720.00,PE,0.00,0.00,0.00,2.20,0.75,0,0.00,0,0,06-JAN-2025
OPTSTK,SYNGENE,30-Jan-2025,2025-01-30,930.00,CE,4.70,7.55,3.80,7.15,7.15,168,1571.852,66000,-2000,06-JAN-2025
OPTSTK,SYNGENE,27-Feb-2025,2025-02-27,740.00,CE,0.00,0.00,0.00,193.65,130.80,0,0.00,0,0,06-JAN-2025
OPTSTK,SYNGENE,27-Feb-2025,2025-02-27,850.00,CE,0.00,0.00,0.00,47.20,44.30,0,0.00,0,0,06-JAN-2025
OPTSTK,SYNGENE,30-Jan-2025,2025-01-30,850.00,PE,20.55,26.95,19.45,21.05,21.05,241,2102.7865,176000,-1000,06-JAN-2025
OPTSTK,SYNGENE,27-Feb-2025,2025-02-27,950.00,CE,11.00,11.00,11.00,11.00,8.90,1,9.61,3000,1000,06-JAN-2025
OPTSTK,SYNGENE,27-Feb-2025,2025-02-27,800.00,PE,15.00,15.00,15.00,15.00,8.60,1,8.15,3000,1000,06-JAN-2025
OPTSTK,SYNGENE,27-Mar-2025,2025-03-27,800.00,CE,0.00,0.00,0.00,86.85,87.20,0,0.00,0,0,06-JAN-2025
OPTSTK,SYNGENE,27-Feb-2025,2025-02-27,870.00,PE,0.00,0.00,0.00,50.55,33.25,0,0.00,0,0,06-JAN-2025
OPTSTK,SYNGENE,27-Feb-2025,2025-02-27,780.00,PE,0.00,0.00,0.00,7.40,5.20,0,0.00,0,0,06-JAN-2025
OPTSTK,SYNGENE,27-Mar-2025,2025-03-27,1000.00,PE,0.00,0.00,0.00,148.25,130.70,0,0.00,0,0,06-JAN-2025
OPTSTK,SYNGENE,30-Jan-2025,2025-01-30,930.00,PE,80.00,80.00,71.50,71.50,67.95,5,50.2235,7000,2000,06-JAN-2025
OPTSTK,SYNGENE,27-Mar-2025,2025-03-27,780.00,PE,0.00,0.00,0.00,19.65,9.00,0,0.00,0,0,06-JAN-2025
OPTSTK,SYNGENE,27-Mar-2025,2025-03-27,1000.00,CE,0.00,0.00,0.00,12.90,7.60,0,0.00,0,0,06-JAN-2025
OPTSTK,SYNGENE,27-Mar-2025,2025-03-27,960.00,CE,0.00,0.00,0.00,20.20,13.95,0,0.00,0,0,06-JAN-2025
OPTSTK,SYNGENE,27-Mar-2025,2025-03-27,800.00,PE,0.00,0.00,0.00,25.80,13.25,0,0.00,0,0,06-JAN-2025
OPTSTK,SYNGENE,27-Mar-2025,2025-03-27,780.00,CE,0.00,0.00,0.00,100.35,102.65,0,0.00,0,0,06-JAN-2025
OPTSTK,SYNGENE,27-Feb-2025,2025-02-27,790.00,CE,0.00,0.00,0.00,83.35,86.50,0,0.00,0,0,06-JAN-2025
OPTSTK,SYNGENE,27-Mar-2025,2025-03-27,920.00,PE,0.00,0.00,0.00,87.30,68.40,0,0.00,0,0,06-JAN-2025
OPTSTK,SYNGENE,27-Feb-2025,2025-02-27,920.00,CE,0.00,0.00,0.00,62.10,15.40,0,0.00,0,0,06-JAN-2025
OPTSTK,SYNGENE,27-Feb-2025,2025-02-27,950.00,PE,0.00,0.00,0.00,105.55,87.60,0,0.00,0,0,06-JAN-2025
FUTSTK,SYNGENE,30-Jan-2025,2025-01-30,,,859.55,868.10,847.30,864.35,864.35,2075,17821.951,5517000,48000,06-JAN-2025
OPTSTK,HFCL,30-Jan-2025,2025-01-30,122.50,CE,1.50,1.60,0.70,0.75,0.75,158,809.289425,564400,340300,06-JAN-2025
OPTSTK,HFCL,27-Feb-2025,2025-02-27,122.50,CE,0.00,0.00,0.00,9.20,3.35,0,0.00,0,0,06-JAN-2025
OPTSTK,HFCL,30-Jan-2025,2025-01-30,100.00,CE,0.00,0.00,0.00,15.65,9.60,0,0.00,24900,0,06-JAN-2025
OPTSTK,PNB,27-Feb-2025,2025-02-27,101.00,PE,0.00,0.00,0.00,6.25,4.75,0,0.00,0,0,06-JAN-2025
OPTSTK,PNB,30-Jan-2025,2025-01-30,100.00,PE,1.20,2.85,1.10,2.55,2.55,3508,28695.448,9680000,944000,06-JAN-2025
OPTSTK,PNB,27-Mar-2025,2025-03-27,100.00,CE,10.00,10.00,8.10,8.10,8.60,2,17.448,16000,16000,06-JAN-2025
OPTSTK,PNB,27-Mar-2025,2025-03-27,120.00,PE,0.00,0.00,0.00,19.45,18.50,0,0.00,0,0,06-JAN-2025
OPTSTK,PNB,30-Jan-2025,2025-01-30,96.00,CE,7.70,7.70,7.70,7.70,7.60,1,8.296,8000,0,06-JAN-2025
OPTSTK,PNB,30-Jan-2025,2025-01-30,94.00,CE,0.00,0.00,0.00,11.70,9.10,0,0.00,0,0,06-JAN-2025
OPTSTK,PNB,27-Feb-2025,2025-02-27,94.00,PE,0.00,0.00,0.00,3.65,2.15,0,0.00,0,0,06-JAN-2025
OPTSTK,PNB,27-Mar-2025,2025-03-27,94.00,PE,0.00,0.00,0.00,4.50,3.05,0,0.00,0,0,06-JAN-2025
OPTSTK,PNB,30-Jan-2025,2025-01-30,94.00,PE,0.45,1.10,0.45,1.00,1.00,405,3071.728,1512000,-8000,06-JAN-2025
OPTSTK,PNB,30-Jan-2025,2025-01-30,92.00,PE,0.50,0.80,0.45,0.70,0.70,222,1644.232,728000,160000,06-JAN-2025
FUTSTK,PNB,27-Mar-2025,2025-03-27,,,107.54,107.54,103.00,103.47,103.47,117,975.8448,1064000,392000,06-JAN-2025
OPTSTK,PNB,27-Feb-2025,2025-02-27,106.00,CE,0.00,0.00,0.00,10.65,4.25,0,0.00,0,0,06-JAN-2025
OPTSTK,PNB,30-Jan-2025,2025-01-30,106.00,PE,3.25,6.00,3.25,5.70,5.70,922,8176.708,1848000,-80000,06-JAN-2025
OPTSTK,PNB,27-Mar-2025,2025-03-27,106.00,PE,0.00,0.00,0.00,10.05,8.50,0,0.00,0,0,06-JAN-2025
OPTSTK,PNB,27-Feb-2025,2025-02-27,104.00,CE,0.00,0.00,0.00,11.65,5.05,0,0.00,0,0,06-JAN-2025
OPTSTK,PNB,30-Jan-2025,2025-01-30,104.00,PE,2.30,4.90,2.25,4.45,4.45,2072,17896.588,1504000,-160000,06-JAN-2025
OPTSTK,PNB,27-Feb-2025,2025-02-27,105.00,CE,5.90,5.90,4.20,4.25,4.65,51,447.024,416000,192000,06-JAN-2025
OPTSTK,PNB,27-Feb-2025,2025-02-27,117.00,CE,0.00,0.00,0.00,3.00,1.40,0,0.00,0,0,06-JAN-2025
OPTSTK,PNB,30-Jan-2025,2025-01-30,117.00,PE,0.00,0.00,0.00,14.55,15.10,0,0.00,8000,0,06-JAN-2025
OPTSTK,PNB,30-Jan-2025,2025-01-30,117.00,CE,0.75,0.75,0.25,0.30,0.35,65,610.28,864000,0,06-JAN-2025
OPTSTK,PNB,27-Mar-2025,2025-03-27,96.00,CE,0.00,0.00,0.00,13.15,10.90,0,0.00,0,0,06-JAN-2025
OPTSTK,PNB,27-Mar-2025,2025-03-27,98.00,CE,0.00,0.00,0.00,12.00,9.70,0,0.00,0,0,06-JAN-2025
OPTSTK,PNB,30-Jan-2025,2025-01-30,98.00,PE,0.90,2.10,0.85,1.90,1.90,736,5864.864,2400000,192000,06-JAN-2025
OPTSTK,PNB,30-Jan-2025,2025-01-30,101.00,CE,6.10,6.10,4.00,4.25,4.25,219,1847.648,1024000,384000,06-JAN-2025
OPTSTK,PNB,30-Jan-2025,2025-01-30,90.00,PE,0.20,0.55,0.20,0.55,0.55,874,6320.12,4672000,408000,06-JAN-2025
OPTSTK,PNB,27-Feb-2025,2025-02-27,90.00,PE,0.90,1.30,0.90,1.25,1.25,50,364.764,176000,160000,06-JAN-2025
OPTSTK,PNB,30-Jan-2025,2025-01-30,112.00,CE,1.45,1.45,0.60,0.70,0.70,790,7123.972,3872000,-216000,06-JAN-2025
OPTSTK,PNB,27-Feb-2025,2025-02-27,112.00,CE,2.20,2.20,2.20,2.20,2.40,1,9.136,192000,0,06-JAN-2025
OPTSTK,PNB,27-Mar-2025,2025-03-27,112.00,CE,0.00,0.00,0.00,5.95,3.75,0,0.00,0,0,06-JAN-2025
OPTSTK,PNB,30-Jan-2025,2025-01-30,112.00,PE,10.85,10.85,10.85,10.85,10.65,1,9.828,144000,0,06-JAN-2025
OPTSTK,PNB,27-Feb-2025,2025-02-27,100.00,CE,8.00,8.00,6.70,6.75,6.75,29,248.288,272000,168000,06-JAN-2025
OPTSTK,PNB,27-Feb-2025,2025-02-27,96.00,PE,0.00,0.00,0.00,4.30,2.75,0,0.00,0,0,06-JAN-2025
OPTSTK,PNB,30-Jan-2025,2025-01-30,96.00,PE,0.85,1.50,0.60,1.40,1.40,385,2992.168,1240000,-112000,06-JAN-2025
OPTSTK,AUBANK,30-Jan-2025,2025-01-30,570.00,PE,14.00,27.65,12.80,26.05,26.05,1226,7276.3785,274000,56000,06-JAN-2025
OPTSTK,AUBANK,30-Jan-2025,2025-01-30,655.00,CE,0.00,0.00,0.00,1.60,0.40,0,0.00,1000,0,06-JAN-2025
OPTSTK,AUBANK,30-Jan-2025,2025-01-30,580.00,CE,17.95,20.90,9.05,9.35,9.35,2215,13132.0765,720000,170000,06-JAN-2025
OPTSTK,ATUL,27-Feb-2025,2025-02-27,6600.00,CE,0.00,0.00,0.00,903.15,422.40,0,0.00,0,0,06-JAN-2025
OPTSTK,AUBANK,27-Feb-2025,2025-02-27,525.00,CE,0.00,0.00,0.00,48.75,49.15,0,0.00,0,0,06-JAN-2025
OPTSTK,ATUL,30-Jan-2025,2025-01-30,8000.00,PE,0.00,0.00,0.00,920.00,1161.40,0,0.00,200,0,06-JAN-2025
OPTSTK,AUBANK,30-Jan-2025,2025-01-30,610.00,CE,7.05,9.50,3.75,3.80,3.80,476,2930.0315,246000,37000,06-JAN-2025
FUTSTK,ATUL,30-Jan-2025,2025-01-30,,,6915.95,7000.50,6807.90,6839.05,6839.05,1257,8665.6128,618100,-13000,06-JAN-2025
OPTSTK,AUBANK,27-Mar-2025,2025-03-27,660.00,CE,0.00,0.00,0.00,10.00,6.05,0,0.00,0,0,06-JAN-2025
OPTSTK,AUBANK,30-Jan-2025,2025-01-30,520.00,CE,45.00,45.00,45.00,45.00,45.40,1,5.65,16000,0,06-JAN-2025
OPTSTK,AUBANK,27-Mar-2025,2025-03-27,570.00,CE,0.00,0.00,0.00,34.00,30.30,0,0.00,0,0,06-JAN-2025
OPTSTK,AUBANK,27-Mar-2025,2025-03-27,480.00,PE,0.00,0.00,0.00,10.05,3.95,0,0.00,0,0,06-JAN-2025
OPTSTK,AUBANK,27-Feb-2025,2025-02-27,480.00,PE,0.00,0.00,0.00,5.45,1.90,0,0.00,0,0,06-JAN-2025
OPTSTK,ATUL,30-Jan-2025,2025-01-30,7500.00,CE,56.00,65.90,39.95,45.35,45.35,264,1994.2645,21700,4200,06-JAN-2025
OPTSTK,ATUL,27-Feb-2025,2025-02-27,7500.00,PE,0.00,0.00,0.00,557.35,698.60,0,0.00,0,0,06-JAN-2025
OPTSTK,AUBANK,30-Jan-2025,2025-01-30,460.00,CE,97.00,97.00,97.00,97.00,101.90,3,16.71,3000,0,06-JAN-2025
OPTSTK,ATUL,30-Jan-2025,2025-01-30,6300.00,CE,0.00,0.00,0.00,1060.50,558.15,0,0.00,0,0,06-JAN-2025
OPTSTK,AUBANK,27-Feb-2025,2025-02-27,720.00,CE,0.95,0.95,0.95,0.95,0.95,2,14.419,11000,0,06-JAN-2025
OPTSTK,AUBANK,27-Feb-2025,2025-02-27,460.00,PE,0.00,0.00,0.00,3.25,0.75,0,0.00,0,0,06-JAN-2025
OPTSTK,AUBANK,30-Jan-2025,2025-01-30,585.00,PE,22.35,37.50,20.00,37.50,37.50,52,318.4075,60000,7000,06-JAN-2025
OPTSTK,ATUL,27-Feb-2025,2025-02-27,7100.00,PE,0.00,0.00,0.00,331.50,405.30,0,0.00,0,0,06-JAN-2025
OPTSTK,ATUL,27-Feb-2025,2025-02-27,7100.00,CE,220.60,220.60,220.05,220.35,220.35,2,14.64065,200,-100,06-JAN-2025
OPTSTK,ATUL,27-Feb-2025,2025-02-27,7200.00,PE,0.00,0.00,0.00,379.35,471.90,0,0.00,0,0,06-JAN-2025
OPTSTK,AUBANK,27-Mar-2025,2025-03-27,650.00,PE,0.00,0.00,0.00,101.55,88.10,0,0.00,0,0,06-JAN-2025
OPTSTK,AUBANK,27-Feb-2025,2025-02-27,650.00,PE,0.00,0.00,0.00,100.10,87.45,0,0.00,0,0,06-JAN-2025
FUTSTK,AUBANK,27-Feb-2025,2025-02-27,,,582.00,583.60,550.35,552.75,552.75,1211,6749.1865,1656000,319000,06-JAN-2025
OPTSTK,ATUL,27-Feb-2025,2025-02-27,7500.00,CE,0.00,0.00,0.00,248.75,75.40,0,0.00,0,0,06-JAN-2025
OPTSTK,ATUL,30-Jan-2025,2025-01-30,7900.00,PE,0.00,0.00,0.00,784.15,1063.05,0,0.00,1500,0,06-JAN-2025
OPTSTK,AUBANK,27-Feb-2025,2025-02-27,610.00,PE,0.00,0.00,0.00,67.75,54.05,0,0.00,0,0,06-JAN-2025
OPTSTK,AUBANK,27-Feb-2025,2025-02-27,520.00,CE,0.00,0.00,0.00,88.15,52.80,0,0.00,0,0,06-JAN-2025
OPTSTK,AUBANK,27-Mar-2025,2025-03-27,520.00,PE,0.00,0.00,0.00,21.80,11.90,0,0.00,0,0,06-JAN-2025
OPTSTK,ATUL,30-Jan-2025,2025-01-30,6600.00,PE,0.00,0.00,0.00,61.05,88.40,0,0.00,200,0,06-JAN-2025
OPTSTK,BERGEPAINT,27-Feb-2025,2025-02-27,415.00,CE,0.00,0.00,0.00,39.75,40.00,0,0.00,0,0,06-JAN-2025
OPTSTK,POONAWALLA,30-Jan-2025,2025-01-30,370.00,CE,0.90,0.90,0.55,0.60,0.95,17,91.379,131950,2900,06-JAN-2025
OPTSTK,BERGEPAINT,27-Feb-2025,2025-02-27,370.00,PE,0.00,0.00,0.00,0.55,0.15,0,0.00,0,0,06-JAN-2025
OPTSTK,POONAWALLA,30-Jan-2025,2025-01-30,370.00,PE,0.00,0.00,0.00,50.30,56.00,0,0.00,10150,0,06-JAN-2025
OPTSTK,BERGEPAINT,27-Mar-2025,2025-03-27,430.00,PE,0.00,0.00,0.00,16.70,9.50,0,0.00,0,0,06-JAN-2025
OPTSTK,BERGEPAINT,30-Jan-2025,2025-01-30,430.00,CE,23.80,23.80,23.00,23.30,23.05,3,17.95332,13200,1320,06-JAN-2025
OPTSTK,BERGEPAINT,30-Jan-2025,2025-01-30,490.00,PE,42.95,43.00,42.95,43.00,41.20,5,35.17536,7920,6600,06-JAN-2025
FUTSTK,POONAWALLA,27-Mar-2025,2025-03-27,,,316.10,317.50,303.30,304.05,304.05,73,328.002325,226200,69600,06-JAN-2025
OPTSTK,BERGEPAINT,27-Feb-2025,2025-02-27,380.00,CE,0.00,0.00,0.00,117.15,71.60,0,0.00,0,0,06-JAN-2025
OPTSTK,BERGEPAINT,30-Jan-2025,2025-01-30,380.00,CE,0.00,0.00,0.00,163.80,69.30,0,0.00,0,0,06-JAN-2025
OPTSTK,POONAWALLA,30-Jan-2025,2025-01-30,380.00,CE,0.80,0.90,0.35,0.40,0.40,212,1170.09055,343650,-26100,06-JAN-2025
OPTSTK,BERGEPAINT,30-Jan-2025,2025-01-30,380.00,PE,0.35,0.35,0.35,0.35,0.05,1,5.02062,2640,1320,06-JAN-2025
OPTSTK,POONAWALLA,27-Mar-2025,2025-03-27,380.00,CE,0.00,0.00,0.00,14.10,6.25,0,0.00,0,0,06-JAN-2025
OPTSTK,POONAWALLA,30-Jan-2025,2025-01-30,310.00,CE,17.15,21.00,12.05,12.50,12.50,61,288.640625,72500,14500,06-JAN-2025
OPTSTK,POONAWALLA,27-Mar-2025,2025-03-27,310.00,CE,0.00,0.00,0.00,39.55,27.75,0,0.00,0,0,06-JAN-2025
OPTSTK,BERGEPAINT,30-Jan-2025,2025-01-30,390.00,CE,0.00,0.00,0.00,154.05,59.40,0,0.00,0,0,06-JAN-2025
OPTSTK,BERGEPAINT,30-Jan-2025,2025-01-30,410.00,CE,39.30,39.30,39.30,39.30,40.10,1,5.93076,1320,1320,06-JAN-2025
OPTSTK,BERGEPAINT,27-Mar-2025,2025-03-27,500.00,PE,0.00,0.00,0.00,59.00,50.50,0,0.00,0,0,06-JAN-2025
OPTSTK,BERGEPAINT,27-Mar-2025,2025-03-27,540.00,PE,0.00,0.00,0.00,92.65,85.80,0,0.00,0,0,06-JAN-2025
OPTSTK,POONAWALLA,27-Mar-2025,2025-03-27,280.00,CE,0.00,0.00,0.00,57.55,45.95,0,0.00,0,0,06-JAN-2025
OPTSTK,BERGEPAINT,30-Jan-2025,2025-01-30,405.00,CE,41.25,41.25,41.25,41.25,44.85,1,5.8905,1320,0,06-JAN-2025
OPTSTK,POONAWALLA,27-Mar-2025,2025-03-27,350.00,PE,0.00,0.00,0.00,45.70,44.00,0,0.00,0,0,06-JAN-2025
OPTSTK,BERGEPAINT,27-Feb-2025,2025-02-27,510.00,PE,0.00,0.00,0.00,35.20,59.20,0,0.00,0,0,06-JAN-2025
OPTSTK,BERGEPAINT,27-Feb-2025,2025-02-27,510.00,CE,0.00,0.00,0.00,23.85,1.70,0,0.00,0,0,06-JAN-2025
OPTSTK,BERGEPAINT,30-Jan-2025,2025-01-30,510.00,PE,0.00,0.00,0.00,63.50,60.35,0,0.00,6600,0,06-JAN-2025
OPTSTK,BERGEPAINT,30-Jan-2025,2025-01-30,435.00,CE,19.40,20.50,19.40,20.50,20.50,4,24.03588,30360,2640,06-JAN-2025
OPTSTK,BERGEPAINT,27-Feb-2025,2025-02-27,435.00,CE,0.00,0.00,0.00,27.20,25.35,0,0.00,0,0,06-JAN-2025
OPTSTK,POONAWALLA,27-Feb-2025,2025-02-27,260.00,CE,0.00,0.00,0.00,119.65,57.90,0,0.00,0,0,06-JAN-2025
OPTSTK,POONAWALLA,30-Jan-2025,2025-01-30,260.00,PE,0.00,0.00,0.00,1.00,0.40,0,0.00,0,0,06-JAN-2025
OPTSTK,BERGEPAINT,27-Mar-2025,2025-03-27,520.00,CE,0.00,0.00,0.00,5.65,2.80,0,0.00,0,0,06-JAN-2025
OPTSTK,BERGEPAINT,27-Mar-2025,2025-03-27,420.00,CE,0.00,0.00,0.00,41.55,40.40,0,0.00,0,0,06-JAN-2025
OPTSTK,DLF,27-Mar-2025,2025-03-27,780.00,CE,0.00,0.00,0.00,106.30,69.15,0,0.00,0,0,06-JAN-2025
OPTSTK,DLF,27-Feb-2025,2025-02-27,780.00,PE,0.00,0.00,0.00,42.50,24.60,0,0.00,0,0,06-JAN-2025
OPTSTK,DLF,27-Feb-2025,2025-02-27,790.00,PE,0.00,0.00,0.00,29.00,28.65,0,0.00,0,0,06-JAN-2025
OPTSTK,DLF,27-Feb-2025,2025-02-27,900.00,CE,10.00,10.00,8.95,9.30,12.30,3,22.5080625,15675,0,06-JAN-2025
OPTSTK,DLF,27-Feb-2025,2025-02-27,890.00,CE,0.00,0.00,0.00,38.65,14.35,0,0.00,0,0,06-JAN-2025
OPTSTK,DLF,27-Mar-2025,2025-03-27,840.00,CE,0.00,0.00,0.00,72.90,39.90,0,0.00,0,0,06-JAN-2025
OPTSTK,DLF,30-Jan-2025,2025-01-30,960.00,CE,0.70,0.70,0.55,0.60,0.60,33,261.520875,265650,-825,06-JAN-2025
OPTSTK,DLF,30-Jan-2025,2025-01-30,840.00,CE,21.20,21.95,11.05,12.40,12.40,2712,19126.0311,1561725,212850,06-JAN-2025
OPTSTK,DLF,30-Jan-2025,2025-01-30,960.00,PE,0.00,0.00,0.00,79.00,150.50,0,0.00,2475,0,06-JAN-2025
OPTSTK,DLF,27-Feb-2025,2025-02-27,860.00,CE,0.00,0.00,0.00,52.55,22.05,0,0.00,0,0,06-JAN-2025
OPTSTK,RELIANCE,30-Jan-2025,2025-01-30,1370.00,PE,115.00,115.00,110.00,110.00,146.60,3,22.225,31000,1500,06-JAN-2025
OPTSTK,RELIANCE,27-Feb-2025,2025-02-27,1140.00,PE,4.90,10.00,4.90,9.75,9.75,94,539.36675,24000,2500,06-JAN-2025
OPTSTK,RELIANCE,30-Jan-2025,2025-01-30,1140.00,PE,2.20,5.20,1.55,4.85,4.85,3216,18386.8565,670000,-40000,06-JAN-2025
OPTSTK,RELIANCE,27-Feb-2025,2025-02-27,1240.00,CE,51.50,57.00,35.45,36.70,36.70,180,1154.89775,82500,24000,06-JAN-2025
OPTSTK,RELIANCE,27-Feb-2025,2025-02-27,1270.00,CE,34.80,34.80,23.75,23.80,23.80,29,188.2785,10500,6000,06-JAN-2025
OPTSTK,RELIANCE,27-Feb-2025,2025-02-27,1080.00,CE,0.00,0.00,0.00,216.25,150.90,0,0.00,0,0,06-JAN-2025
OPTSTK,RELIANCE,27-Mar-2025,2025-03-27,1400.00,PE,0.00,0.00,0.00,174.00,169.20,0,0.00,0,0,06-JAN-2025
OPTSTK,RELIANCE,27-Feb-2025,2025-02-27,1150.00,PE,7.00,12.45,7.00,12.10,12.10,88,510.67525,29000,13500,06-JAN-2025
OPTSTK,RELIANCE,30-Jan-2025,2025-01-30,1360.00,CE,2.20,2.90,1.25,1.35,1.35,2447,16663.102,873000,25500,06-JAN-2025
OPTSTK,RELIANCE,30-Jan-2025,2025-01-30,1290.00,CE,12.35,15.50,5.95,6.15,6.15,6768,43982.7045,1189000,-86000,06-JAN-2025
OPTSTK,RELIANCE,27-Feb-2025,2025-02-27,1360.00,PE,0.00,0.00,0.00,105.55,135.15,0,0.00,0,0,06-JAN-2025
OPTSTK,RELIANCE,30-Jan-2025,2025-01-30,1120.00,CE,116.35,117.30,116.35,117.30,104.75,2,12.36825,1000,1000,06-JAN-2025
OPTSTK,RELIANCE,30-Jan-2025,2025-01-30,1370.00,CE,2.10,2.30,1.15,1.20,1.20,1052,7214.55825,422000,52000,06-JAN-2025
OPTSTK,RELIANCE,30-Jan-2025,2025-01-30,1400.00,PE,145.50,175.00,134.25,173.90,173.90,632,4934.9095,3804500,7000,06-JAN-2025
OPTSTK,RELIANCE,27-Mar-2025,2025-03-27,1400.00,CE,13.90,14.95,9.00,9.45,9.45,114,804.0475,60000,6500,06-JAN-2025
OPTSTK,RELIANCE,30-Jan-2025,2025-01-30,1100.00,PE,1.05,2.30,0.75,2.15,2.15,4224,23267.5982,2474500,338000,06-JAN-2025
OPTSTK,RELIANCE,27-Feb-2025,2025-02-27,1100.00,PE,2.05,5.25,1.80,5.05,5.05,78,430.6035,70500,-5000,06-JAN-2025
OPTSTK,RELIANCE,27-Feb-2025,2025-02-27,1160.00,CE,0.00,0.00,0.00,95.80,83.55,0,0.00,1500,0,06-JAN-2025
OPTSTK,RELIANCE,27-Feb-2025,2025-02-27,1200.00,PE,15.05,26.25,12.40,25.25,25.25,735,4481.80425,430500,73000,06-JAN-2025
OPTSTK,RELIANCE,27-Feb-2025,2025-02-27,1280.00,PE,0.00,0.00,0.00,46.15,71.30,0,0.00,4000,0,06-JAN-2025
OPTSTK,RELIANCE,30-Jan-2025,2025-01-30,1280.00,PE,37.75,64.40,31.45,62.15,62.15,1220,8072.57,742000,-55000,06-JAN-2025
OPTSTK,RELIANCE,30-Jan-2025,2025-01-30,1260.00,CE,24.45,28.90,11.50,12.05,12.05,22788,145843.295,4794000,622000,06-JAN-2025
OPTSTK,RELIANCE,27-Feb-2025,2025-02-27,1460.00,PE,0.00,0.00,0.00,180.25,228.90,0,0.00,0,0,06-JAN-2025
OPTSTK,RELIANCE,30-Jan-2025,2025-01-30,1240.00,CE,35.35,41.20,17.70,18.60,18.60,21291,134617.056,5735500,2810000,06-JAN-2025
OPTSTK,RELIANCE,30-Jan-2025,2025-01-30,1300.00,CE,9.60,12.50,4.85,5.05,5.05,25276,165279.771,11512000,925500,06-JAN-2025
OPTSTK,RELIANCE,27-Feb-2025,2025-02-27,1300.00,PE,54.75,83.00,52.00,82.45,82.45,584,3987.151,466500,133500,06-JAN-2025
OPTSTK,RELIANCE,27-Feb-2025,2025-02-27,1120.00,PE,4.00,7.25,2.85,7.25,7.25,49,275.66275,61500,-11500,06-JAN-2025
OPTSTK,RELIANCE,27-Feb-2025,2025-02-27,1140.00,CE,0.00,0.00,0.00,165.40,98.90,0,0.00,0,0,06-JAN-2025
OPTSTK,RELIANCE,27-Feb-2025,2025-02-27,1020.00,CE,0.00,0.00,0.00,238.50,208.20,0,0.00,500,0,06-JAN-2025
OPTSTK,RELIANCE,27-Feb-2025,2025-02-27,1020.00,PE,0.00,0.00,0.00,2.10,0.45,0,0.00,0,0,06-JAN-2025
OPTSTK,RELIANCE,30-Jan-2025,2025-01-30,1200.00,CE,64.45,72.70,39.50,40.95,40.95,4329,27101.1935,1785500,47500,06-JAN-2025
OPTSTK,IRCTC,30-Jan-2025,2025-01-30,740.00,PE,3.40,11.70,3.40,9.65,9.65,865,5659.59056,184625,-13125,06-JAN-2025
OPTSTK,IRCTC,27-Mar-2025,2025-03-27,760.00,PE,0.00,0.00,0.00,38.00,33.70,0,0.00,875,0,06-JAN-2025
OPTSTK,IRCTC,27-Mar-2025,2025-03-27,860.00,PE,0.00,0.00,0.00,95.95,94.75,0,0.00,0,0,06-JAN-2025
OPTSTK,IRCTC,30-Jan-2025,2025-01-30,830.00,PE,39.15,63.00,38.95,63.00,62.45,8,61.754875,72625,-3500,06-JAN-2025
OPTSTK,IRCTC,30-Jan-2025,2025-01-30,700.00,CE,75.00,75.50,72.00,75.50,75.50,3,20.321875,6125,875,06-JAN-2025
OPTSTK,NTPC,27-Feb-2025,2025-02-27,390.00,PE,0.00,0.00,0.00,38.30,59.90,0,0.00,0,0,06-JAN-2025
OPTSTK,NTPC,27-Feb-2025,2025-02-27,390.00,CE,0.00,0.00,0.00,1.35,1.15,0,0.00,4500,0,06-JAN-2025
OPTSTK,NTPC,30-Jan-2025,2025-01-30,390.00,PE,0.00,0.00,0.00,49.60,60.90,0,0.00,775500,0,06-JAN-2025
OPTSTK,IRCTC,30-Jan-2025,2025-01-30,790.00,CE,25.20,27.20,12.80,14.15,14.15,923,6520.69993,568750,109375,06-JAN-2025
OPTSTK,IRCTC,27-Feb-2025,2025-02-27,760.00,CE,0.00,0.00,0.00,99.10,44.80,0,0.00,0,0,06-JAN-2025
OPTSTK,IRCTC,30-Jan-2025,2025-01-30,940.00,CE,0.45,0.55,0.45,0.55,0.55,4,32.9179375,42875,-875,06-JAN-2025
OPTSTK,NTPC,27-Feb-2025,2025-02-27,325.00,CE,0.00,0.00,0.00,18.30,17.20,0,0.00,1500,0,06-JAN-2025
OPTSTK,IRCTC,27-Mar-2025,2025-03-27,860.00,CE,0.00,0.00,0.00,33.90,17.75,0,0.00,0,0,06-JAN-2025
OPTSTK,IRCTC,27-Feb-2025,2025-02-27,860.00,CE,0.00,0.00,0.00,48.75,10.05,0,0.00,0,0,06-JAN-2025
OPTSTK,IRCTC,30-Jan-2025,2025-01-30,920.00,PE,144.40,144.40,144.40,144.40,145.90,1,9.3135,54250,0,06-JAN-2025
OPTSTK,NTPC,27-Feb-2025,2025-02-27,360.00,CE,0.00,0.00,0.00,30.00,4.75,0,0.00,0,0,06-JAN-2025
OPTSTK,IRCTC,30-Jan-2025,2025-01-30,850.00,CE,4.80,5.45,2.40,2.70,2.70,1956,14605.2405,1246875,-85750,06-JAN-2025
OPTSTK,IRCTC,27-Feb-2025,2025-02-27,850.00,CE,13.95,14.50,9.85,10.95,11.95,70,527.453062,70000,8750,06-JAN-2025
OPTSTK,IRCTC,27-Feb-2025,2025-02-27,790.00,CE,0.00,0.00,0.00,49.05,30.25,0,0.00,0,0,06-JAN-2025
OPTSTK,IRCTC,27-Feb-2025,2025-02-27,920.00,CE,0.00,0.00,0.00,29.80,3.20,0,0.00,0,0,06-JAN-2025
OPTSTK,NTPC,30-Jan-2025,2025-01-30,415.00,CE,0.00,0.00,0.00,0.15,0.05,0,0.00,3000,0,06-JAN-2025
OPTSTK,NTPC,30-Jan-2025,2025-01-30,415.00,PE,0.00,0.00,0.00,76.00,85.65,0,0.00,1500,0,06-JAN-2025
OPTSTK,IRCTC,30-Jan-2025,2025-01-30,860.00,CE,3.60,3.80,1.80,2.00,2.00,920,6943.31837,258125,-26250,06-JAN-2025
OPTSTK,IRCTC,27-Mar-2025,2025-03-27,700.00,CE,0.00,0.00,0.00,114.40,94.00,0,0.00,0,0,06-JAN-2025
OPTSTK,NTPC,27-Mar-2025,2025-03-27,370.00,PE,0.00,0.00,0.00,41.30,42.85,0,0.00,0,0,06-JAN-2025
OPTSTK,IRCTC,27-Feb-2025,2025-02-27,750.00,PE,14.40,23.25,14.40,22.35,22.35,54,364.560875,36750,32375,06-JAN-2025
OPTSTK,IRCTC,27-Mar-2025,2025-03-27,800.00,CE,0.00,0.00,0.00,56.15,36.40,0,0.00,0,0,06-JAN-2025
OPTSTK,IRCTC,30-Jan-2025,2025-01-30,800.00,CE,19.95,20.55,9.75,10.85,10.85,2995,21323.2315,1311625,73500,06-JAN-2025
OPTSTK,IRCTC,27-Feb-2025,2025-02-27,800.00,CE,35.00,35.00,23.10,23.10,26.25,29,209.890187,29750,14875,06-JAN-2025
OPTSTK,IRCTC,30-Jan-2025,2025-01-30,980.00,PE,0.00,0.00,0.00,180.00,205.35,0,0.00,875,0,06-JAN-2025
OPTSTK,IRCTC,27-Feb-2025,2025-02-27,810.00,PE,52.00,52.00,52.00,52.00,54.55,1,7.5425,875,875,06-JAN-2025
OPTSTK,IRCTC,30-Jan-2025,2025-01-30,720.00,PE,2.05,6.85,2.00,5.45,5.45,1069,6775.39668,209125,31500,06-JAN-2025
OPTSTK,IRCTC,27-Feb-2025,2025-02-27,720.00,PE,0.00,0.00,0.00,19.05,13.05,0,0.00,0,0,06-JAN-2025
OPTIDX,FINNIFTY,27-Mar-2025,2025-03-27,24600.00,CE,0.00,0.00,0.00,604.75,367.90,0,0.00,0,0,06-JAN-2025
OPTIDX,FINNIFTY,30-Jan-2025,2025-01-30,22000.00,PE,27.55,65.00,20.05,56.05,56.05,24819,136793.984,94050,14100,06-JAN-2025
OPTIDX,FINNIFTY,27-Feb-2025,2025-02-27,24100.00,CE,0.00,0.00,0.00,1170.80,355.90,0,0.00,0,0,06-JAN-2025
OPTIDX,FINNIFTY,27-Feb-2025,2025-02-27,24100.00,PE,0.00,0.00,0.00,700.00,907.40,0,0.00,0,0,06-JAN-2025
OPTIDX,FINNIFTY,30-Jan-2025,2025-01-30,24700.00,PE,967.00,1277.80,967.00,1277.80,1277.80,4,25.8224,1950,50,06-JAN-2025
OPTIDX,FINNIFTY,27-Feb-2025,2025-02-27,24700.00,PE,0.00,0.00,0.00,1087.40,1337.95,0,0.00,0,0,06-JAN-2025
OPTIDX,FINNIFTY,30-Jan-2025,2025-01-30,23400.00,PE,217.55,459.15,205.35,415.10,415.10,15953,94766.4654,24525,2275,06-JAN-2025
OPTIDX,FINNIFTY,27-Feb-2025,2025-02-27,25200.00,PE,0.00,0.00,0.00,1378.25,1748.55,0,0.00,0,0,06-JAN-2025
OPTIDX,FINNIFTY,30-Jan-2025,2025-01-30,25200.00,PE,0.00,0.00,0.00,1260.00,1788.75,0,0.00,50,0,06-JAN-2025
OPTIDX,FINNIFTY,27-Mar-2025,2025-03-27,25200.00,PE,0.00,0.00,0.00,1681.95,1734.80,0,0.00,0,0,06-JAN-2025
OPTIDX,FINNIFTY,30-Jan-2025,2025-01-30,25200.00,CE,42.40,46.55,24.95,27.45,27.45,3481,21956.2738,55625,32475,06-JAN-2025
OPTIDX,FINNIFTY,27-Mar-2025,2025-03-27,25200.00,CE,0.00,0.00,0.00,416.85,222.75,0,0.00,0,0,06-JAN-2025
OPTIDX,FINNIFTY,27-Feb-2025,2025-02-27,25200.00,CE,0.00,0.00,0.00,679.55,107.60,0,0.00,0,0,06-JAN-2025
OPTIDX,FINNIFTY,30-Jan-2025,2025-01-30,23200.00,PE,159.80,364.85,159.80,326.65,326.65,6280,36881.9748,14275,4425,06-JAN-2025
OPTIDX,FINNIFTY,27-Feb-2025,2025-02-27,23200.00,PE,0.00,0.00,0.00,448.40,425.85,0,0.00,0,0,06-JAN-2025
OPTIDX,FINNIFTY,30-Jan-2025,2025-01-30,21900.00,CE,0.00,0.00,0.00,2971.20,1538.60,0,0.00,0,0,06-JAN-2025
OPTIDX,FINNIFTY,30-Jan-2025,2025-01-30,26900.00,CE,6.15,6.15,4.15,4.30,4.30,736,4950.48963,7625,3700,06-JAN-2025
OPTIDX,FINNIFTY,30-Jan-2025,2025-01-30,24100.00,CE,278.95,309.85,165.00,176.75,176.75,4068,24734.7553,26250,4300,06-JAN-2025
OPTIDX,FINNIFTY,30-Jan-2025,2025-01-30,24100.00,PE,500.60,900.00,500.10,841.10,841.10,579,3581.92922,10150,-2300,06-JAN-2025
OPTIDX,FINNIFTY,30-Jan-2025,2025-01-30,24950.00,CE,73.10,75.75,40.00,42.75,42.75,1732,10824.8568,23425,-16450,06-JAN-2025
OPTIDX,FINNIFTY,30-Jan-2025,2025-01-30,25250.00,CE,40.00,42.40,18.00,25.45,25.45,551,3482.57923,3925,-125,06-JAN-2025
OPTIDX,FINNIFTY,27-Mar-2025,2025-03-27,22400.00,CE,0.00,0.00,0.00,1803.40,1497.00,0,0.00,0,0,06-JAN-2025
OPTIDX,FINNIFTY,27-Mar-2025,2025-03-27,23600.00,CE,0.00,0.00,0.00,1046.50,756.30,0,0.00,0,0,06-JAN-2025
OPTIDX,FINNIFTY,27-Feb-2025,2025-02-27,23600.00,PE,0.00,0.00,0.00,584.40,613.55,0,0.00,0,0,06-JAN-2025
OPTIDX,FINNIFTY,30-Jan-2025,2025-01-30,23600.00,PE,280.00,567.45,269.30,515.85,515.85,11504,68968.3332,27425,-5775,06-JAN-2025
OPTIDX,FINNIFTY,27-Mar-2025,2025-03-27,23600.00,PE,0.00,0.00,0.00,738.40,691.90,0,0.00,0,0,06-JAN-2025
OPTIDX,FINNIFTY,27-Feb-2025,2025-02-27,22800.00,CE,0.00,0.00,0.00,1995.35,1016.40,0,0.00,0,0,06-JAN-2025
OPTIDX,FINNIFTY,30-Jan-2025,2025-01-30,22800.00,PE,104.00,218.70,84.75,193.75,193.75,2741,15725.4934,16075,75,06-JAN-2025
OPTIDX,FINNIFTY,27-Feb-2025,2025-02-27,22800.00,PE,0.00,0.00,0.00,337.35,280.35,0,0.00,0,0,06-JAN-2025
OPTIDX,FINNIFTY,30-Jan-2025,2025-01-30,22800.00,CE,911.60,945.00,825.00,825.00,825.00,13,77.02185,900,325,06-JAN-2025
OPTIDX,FINNIFTY,30-Jan-2025,2025-01-30,21900.00,PE,29.75,35.65,29.75,35.65,23.75,13,71.28085,100,100,06-JAN-2025
OPTSTK,COROMANDEL,27-Feb-2025,2025-02-27,1900.00,CE,0.00,0.00,0.00,82.30,106.65,0,0.00,0,0,06-JAN-2025
OPTSTK,COROMANDEL,30-Jan-2025,2025-01-30,1900.00,PE,26.55,37.05,22.50,33.90,33.90,514,3472.50627,105700,-700,06-JAN-2025
OPTSTK,GUJGASLTD,30-Jan-2025,2025-01-30,400.00,PE,0.00,0.00,0.00,0.45,0.05,0,0.00,6250,0,06-JAN-2025
OPTSTK,GUJGASLTD,27-Feb-2025,2025-02-27,520.00,PE,0.00,0.00,0.00,25.30,26.20,0,0.00,1250,0,06-JAN-2025
OPTSTK,GUJGASLTD,30-Jan-2025,2025-01-30,530.00,CE,7.80,8.25,5.10,6.45,6.45,497,3331.33437,187500,-52500,06-JAN-2025
OPTSTK,GUJGASLTD,30-Jan-2025,2025-01-30,590.00,PE,0.00,0.00,0.00,113.75,78.90,0,0.00,0,0,06-JAN-2025
OPTSTK,GUJGASLTD,30-Jan-2025,2025-01-30,460.00,CE,0.00,0.00,0.00,78.30,52.45,0,0.00,0,0,06-JAN-2025
OPTSTK,COROMANDEL,30-Jan-2025,2025-01-30,1860.00,CE,136.00,136.00,111.00,111.00,111.00,2,13.8845,48300,-700,06-JAN-2025
OPTSTK,COROMANDEL,27-Feb-2025,2025-02-27,2020.00,CE,0.00,0.00,0.00,42.60,50.20,0,0.00,0,0,06-JAN-2025
OPTSTK,GUJGASLTD,30-Jan-2025,2025-01-30,510.00,CE,16.55,16.90,11.35,13.75,13.75,631,4128.07562,723750,-18750,06-JAN-2025
OPTSTK,GUJGASLTD,30-Jan-2025,2025-01-30,510.00,PE,11.45,16.65,11.00,14.65,14.65,318,2084.13437,190000,10000,06-JAN-2025
OPTSTK,GUJGASLTD,30-Jan-2025,2025-01-30,535.00,PE,29.95,29.95,29.95,29.95,30.45,1,7.061875,8750,-1250,06-JAN-2025
OPTSTK,GUJGASLTD,27-Feb-2025,2025-02-27,535.00,PE,0.00,0.00,0.00,41.70,35.30,0,0.00,0,0,06-JAN-2025
OPTSTK,GUJGASLTD,30-Jan-2025,2025-01-30,485.00,PE,4.30,6.50,4.30,5.75,5.75,95,582.170625,42500,-12500,06-JAN-2025
OPTSTK,COROMANDEL,27-Feb-2025,2025-02-27,1680.00,PE,0.00,0.00,0.00,65.05,4.65,0,0.00,0,0,06-JAN-2025
OPTSTK,COROMANDEL,27-Feb-2025,2025-02-27,1900.00,PE,0.00,0.00,0.00,113.40,50.30,0,0.00,0,0,06-JAN-2025
OPTSTK,COROMANDEL,30-Jan-2025,2025-01-30,1900.00,CE,90.00,105.10,77.20,83.10,83.10,203,1416.87472,109200,-20650,06-JAN-2025
OPTSTK,COROMANDEL,30-Jan-2025,2025-01-30,1580.00,PE,0.00,0.00,0.00,3.25,0.05,0,0.00,4900,0,06-JAN-2025
OPTSTK,GUJGASLTD,27-Feb-2025,2025-02-27,500.00,PE,0.00,0.00,0.00,45.60,16.40,0,0.00,0,0,06-JAN-2025
OPTSTK,GUJGASLTD,30-Jan-2025,2025-01-30,475.00,CE,0.00,0.00,0.00,30.10,39.50,0,0.00,15000,0,06-JAN-2025
OPTSTK,GUJGASLTD,30-Jan-2025,2025-01-30,620.00,CE,0.25,0.30,0.25,0.25,0.10,11,85.285625,26250,0,06-JAN-2025
OPTSTK,GUJGASLTD,27-Feb-2025,2025-02-27,560.00,CE,0.00,0.00,0.00,10.70,7.75,0,0.00,0,0,06-JAN-2025
OPTSTK,COROMANDEL,30-Jan-2025,2025-01-30,1740.00,CE,0.00,0.00,0.00,113.45,208.30,0,0.00,0,0,06-JAN-2025
OPTSTK,COROMANDEL,27-Feb-2025,2025-02-27,2140.00,PE,0.00,0.00,0.00,288.20,201.15,0,0.00,0,0,06-JAN-2025
OPTSTK,GUJGASLTD,27-Feb-2025,2025-02-27,465.00,PE,0.00,0.00,0.00,10.70,5.65,0,0.00,0,0,06-JAN-2025
OPTSTK,GUJGASLTD,30-Jan-2025,2025-01-30,475.00,PE,3.10,4.40,3.05,3.85,3.85,65,389.075,53750,-8750,06-JAN-2025
OPTSTK,GUJGASLTD,30-Jan-2025,2025-01-30,470.00,PE,2.40,3.70,2.40,3.15,3.15,170,1005.23437,233750,55000,06-JAN-2025
OPTSTK,GUJGASLTD,30-Jan-2025,2025-01-30,590.00,CE,0.40,0.60,0.40,0.55,0.55,34,250.946875,241250,0,06-JAN-2025
OPTSTK,COROMANDEL,30-Jan-2025,2025-01-30,1780.00,PE,7.35,9.10,7.10,9.10,5.25,46,287.909825,17850,-9450,06-JAN-2025
OPTSTK,COROMANDEL,30-Jan-2025,2025-01-30,2060.00,CE,22.35,25.15,16.80,19.95,19.95,67,487.842425,50400,9100,06-JAN-2025
OPTSTK,COROMANDEL,30-Jan-2025,2025-01-30,1680.00,PE,0.00,0.00,0.00,7.70,0.60,0,0.00,10500,0,06-JAN-2025
OPTSTK,UNITDSPR,27-Feb-2025,2025-02-27,1640.00,PE,0.00,0.00,0.00,153.75,50.60,0,0.00,0,0,06-JAN-2025
OPTSTK,UNITDSPR,30-Jan-2025,2025-01-30,1480.00,PE,1.25,4.00,1.00,3.55,3.55,230,1193.53482,62650,8750,06-JAN-2025
OPTSTK,UNITDSPR,30-Jan-2025,2025-01-30,1480.00,CE,0.00,0.00,0.00,121.80,169.20,0,0.00,350,0,06-JAN-2025
OPTSTK,UNITDSPR,30-Jan-2025,2025-01-30,1580.00,PE,10.60,17.35,10.00,16.65,16.65,280,1561.41247,79800,-9100,06-JAN-2025
OPTSTK,UNITDSPR,27-Mar-2025,2025-03-27,1560.00,PE,0.00,0.00,0.00,71.20,30.55,0,0.00,0,0,06-JAN-2025
OPTSTK,UNITDSPR,30-Jan-2025,2025-01-30,1560.00,CE,122.00,122.00,95.55,96.85,96.85,11,63.9898,66850,-700,06-JAN-2025
OPTSTK,UNITDSPR,27-Feb-2025,2025-02-27,1560.00,CE,0.00,0.00,0.00,73.85,117.65,0,0.00,0,0,06-JAN-2025
OPTSTK,UNITDSPR,30-Jan-2025,2025-01-30,1520.00,PE,3.55,7.50,3.25,7.40,7.40,159,849.521225,71050,25550,06-JAN-2025
OPTSTK,UNITDSPR,27-Feb-2025,2025-02-27,1400.00,CE,0.00,0.00,0.00,162.35,256.15,0,0.00,0,0,06-JAN-2025
OPTSTK,UNITDSPR,27-Feb-2025,2025-02-27,1800.00,PE,0.00,0.00,0.00,280.40,156.55,0,0.00,0,0,06-JAN-2025
OPTSTK,UNITDSPR,30-Jan-2025,2025-01-30,1820.00,CE,5.25,5.45,3.20,3.35,3.35,208,1328.05032,56350,-10150,06-JAN-2025
OPTSTK,UNITDSPR,30-Jan-2025,2025-01-30,1320.00,PE,0.85,0.85,0.85,0.85,0.05,1,4.622975,3150,0,06-JAN-2025
OPTSTK,UNITDSPR,27-Feb-2025,2025-02-27,1680.00,PE,0.00,0.00,0.00,182.80,71.45,0,0.00,0,0,06-JAN-2025
OPTSTK,UNITDSPR,30-Jan-2025,2025-01-30,1760.00,CE,13.00,13.20,7.25,7.75,7.75,495,3066.6741,55650,-16450,06-JAN-2025
OPTSTK,UNITDSPR,30-Jan-2025,2025-01-30,1760.00,PE,0.00,0.00,0.00,292.65,118.60,0,0.00,0,0,06-JAN-2025
OPTSTK,UNITDSPR,30-Jan-2025,2025-01-30,1680.00,CE,42.85,42.85,25.10,26.80,26.80,441,2642.13862,74200,7350,06-JAN-2025
OPTSTK,UNITDSPR,30-Jan-2025,2025-01-30,1820.00,PE,0.00,0.00,0.00,300.50,173.15,0,0.00,0,0,06-JAN-2025
OPTSTK,UNITDSPR,30-Jan-2025,2025-01-30,1920.00,PE,0.00,0.00,0.00,440.10,270.55,0,0.00,0,0,06-JAN-2025
OPTSTK,OBEROIRLTY,30-Jan-2025,2025-01-30,2100.00,PE,16.20,43.35,16.20,36.70,36.70,808,6035.79095,170800,79450,06-JAN-2025
OPTSTK,OBEROIRLTY,27-Feb-2025,2025-02-27,2100.00,CE,0.00,0.00,0.00,302.90,184.30,0,0.00,0,0,06-JAN-2025
OPTSTK,OBEROIRLTY,30-Jan-2025,2025-01-30,1900.00,CE,324.85,324.85,319.00,319.00,320.20,2,15.553475,700,-350,06-JAN-2025
OPTSTK,OBEROIRLTY,27-Feb-2025,2025-02-27,2540.00,CE,0.00,0.00,0.00,84.20,23.10,0,0.00,0,0,06-JAN-2025
OPTSTK,OBEROIRLTY,30-Jan-2025,2025-01-30,2460.00,PE,260.65,260.65,260.65,260.65,250.60,1,9.522275,1400,350,06-JAN-2025
OPTSTK,OBEROIRLTY,27-Feb-2025,2025-02-27,2320.00,PE,0.00,0.00,0.00,329.90,162.40,0,0.00,0,0,06-JAN-2025
OPTSTK,OBEROIRLTY,27-Mar-2025,2025-03-27,2320.00,PE,0.00,0.00,0.00,161.90,181.05,0,0.00,0,0,06-JAN-2025
OPTSTK,OBEROIRLTY,30-Jan-2025,2025-01-30,2180.00,CE,116.75,116.75,88.00,99.95,99.95,66,526.621025,10150,1750,06-JAN-2025
OPTSTK,OBEROIRLTY,30-Jan-2025,2025-01-30,2340.00,CE,53.00,59.45,30.45,35.20,35.20,399,3322.52462,87850,13300,06-JAN-2025
OPTSTK,OBEROIRLTY,27-Feb-2025,2025-02-27,2340.00,CE,0.00,0.00,0.00,159.75,67.30,0,0.00,0,0,06-JAN-2025
OPTSTK,OBEROIRLTY,27-Feb-2025,2025-02-27,2520.00,CE,0.00,0.00,0.00,35.40,25.90,0,0.00,0,0,06-JAN-2025
OPTSTK,OBEROIRLTY,30-Jan-2025,2025-01-30,2520.00,CE,0.00,0.00,0.00,12.95,6.00,0,0.00,21350,0,06-JAN-2025
OPTSTK,OBEROIRLTY,30-Jan-2025,2025-01-30,2380.00,CE,39.55,41.80,22.70,26.40,26.40,339,2856.44485,43750,22400,06-JAN-2025
OPTSTK,OBEROIRLTY,30-Jan-2025,2025-01-30,2380.00,PE,0.00,0.00,0.00,142.95,182.65,0,0.00,2800,0,06-JAN-2025
OPTSTK,OBEROIRLTY,27-Feb-2025,2025-02-27,2380.00,CE,0.00,0.00,0.00,141.65,55.25,0,0.00,0,0,06-JAN-2025
OPTSTK,OBEROIRLTY,30-Jan-2025,2025-01-30,1900.00,PE,5.20,8.45,4.85,7.65,7.65,127,847.520275,15750,8750,06-JAN-2025
OPTSTK,OBEROIRLTY,30-Jan-2025,2025-01-30,2560.00,PE,0.00,0.00,0.00,571.40,343.15,0,0.00,0,0,06-JAN-2025
OPTSTK,OBEROIRLTY,30-Jan-2025,2025-01-30,2560.00,CE,7.60,8.00,5.00,6.55,6.55,20,179.645375,24500,-350,06-JAN-2025
OPTSTK,OBEROIRLTY,27-Feb-2025,2025-02-27,2560.00,CE,0.00,0.00,0.00,30.60,20.50,0,0.00,0,0,06-JAN-2025
OPTSTK,OBEROIRLTY,27-Mar-2025,2025-03-27,2000.00,CE,0.00,0.00,0.00,406.70,282.50,0,0.00,0,0,06-JAN-2025
OPTSTK,OBEROIRLTY,30-Jan-2025,2025-01-30,2440.00,CE,24.50,27.85,14.40,16.30,16.30,154,1324.6499,25900,3150,06-JAN-2025
OPTSTK,OBEROIRLTY,30-Jan-2025,2025-01-30,2260.00,PE,60.00,116.80,57.95,105.30,105.30,401,3296.86542,36750,6650,06-JAN-2025
OPTSTK,OBEROIRLTY,30-Jan-2025,2025-01-30,2360.00,PE,149.10,185.50,149.10,185.50,166.90,11,97.528375,4900,2100,06-JAN-2025
OPTSTK,OBEROIRLTY,27-Feb-2025,2025-02-27,2300.00,PE,0.00,0.00,0.00,106.15,149.90,0,0.00,350,0,06-JAN-2025
OPTSTK,OBEROIRLTY,27-Feb-2025,2025-02-27,2600.00,CE,0.00,0.00,0.00,26.35,16.10,0,0.00,0,0,06-JAN-2025
OPTSTK,OBEROIRLTY,27-Mar-2025,2025-03-27,2080.00,PE,0.00,0.00,0.00,68.50,67.25,0,0.00,0,0,06-JAN-2025
OPTSTK,OBEROIRLTY,30-Jan-2025,2025-01-30,2140.00,CE,115.60,115.70,112.25,112.65,119.90,12,94.6715,2800,2100,06-JAN-2025
OPTSTK,OBEROIRLTY,30-Jan-2025,2025-01-30,2480.00,CE,16.00,20.20,10.60,10.70,9.00,122,1064.63682,22050,-2450,06-JAN-2025
OPTSTK,OBEROIRLTY,27-Feb-2025,2025-02-27,2480.00,CE,0.00,0.00,0.00,40.90,32.50,0,0.00,0,0,06-JAN-2025
OPTSTK,OBEROIRLTY,30-Jan-2025,2025-01-30,2060.00,PE,15.15,31.35,11.80,27.10,27.10,95,692.902,35350,12600,06-JAN-2025
OPTSTK,GMRAIRPORT,27-Mar-2025,2025-03-27,72.00,CE,0.00,0.00,0.00,11.80,8.40,0,0.00,0,0,06-JAN-2025
OPTSTK,GMRAIRPORT,27-Feb-2025,2025-02-27,72.00,CE,0.00,0.00,0.00,14.65,7.25,0,0.00,0,0,06-JAN-2025
OPTSTK,GMRAIRPORT,30-Jan-2025,2025-01-30,72.00,PE,0.75,1.20,0.60,1.10,1.10,425,1742.25375,1248750,39375,06-JAN-2025
OPTSTK,GMRAIRPORT,27-Mar-2025,2025-03-27,68.00,PE,0.00,0.00,0.00,2.25,1.70,0,0.00,0,0,06-JAN-2025
OPTSTK,GMRAIRPORT,30-Jan-2025,2025-01-30,68.00,CE,0.00,0.00,0.00,15.00,9.10,0,0.00,0,0,06-JAN-2025
OPTSTK,GMRAIRPORT,30-Jan-2025,2025-01-30,70.00,CE,8.60,8.60,7.10,7.40,7.40,53,231.24375,787500,78750,06-JAN-2025
OPTSTK,GMRAIRPORT,30-Jan-2025,2025-01-30,75.00,PE,1.20,2.25,1.15,2.00,2.00,1624,7009.14656,4190625,410625,06-JAN-2025
OPTSTK,GMRAIRPORT,27-Feb-2025,2025-02-27,75.00,CE,0.00,0.00,0.00,8.65,5.45,0,0.00,0,0,06-JAN-2025
OPTSTK,GMRAIRPORT,27-Feb-2025,2025-02-27,80.00,PE,4.60,5.25,4.60,5.05,6.00,5,23.9090625,45000,11250,06-JAN-2025
OPTSTK,GMRAIRPORT,30-Jan-2025,2025-01-30,80.00,CE,2.00,2.00,1.20,1.30,1.30,3000,13739.5546,13123125,1462500,06-JAN-2025
OPTSTK,GMRAIRPORT,27-Feb-2025,2025-02-27,68.00,CE,0.00,0.00,0.00,17.55,10.15,0,0.00,0,0,06-JAN-2025
OPTSTK,GMRAIRPORT,27-Mar-2025,2025-03-27,70.00,CE,0.00,0.00,0.00,13.15,9.70,0,0.00,0,0,06-JAN-2025
OPTSTK,GMRAIRPORT,27-Mar-2025,2025-03-27,92.00,CE,0.00,0.00,0.00,3.40,1.35,0,0.00,0,0,06-JAN-2025
OPTIDX,MIDCPNIFTY,27-Feb-2025,2025-02-27,13125.00,CE,0.00,0.00,0.00,406.40,213.95,0,0.00,0,0,06-JAN-2025
OPTIDX,MIDCPNIFTY,30-Jan-2025,2025-01-30,13125.00,CE,209.00,215.55,98.65,108.75,108.75,5268,34934.0859,65700,17000,06-JAN-2025
OPTIDX,MIDCPNIFTY,30-Jan-2025,2025-01-30,13625.00,PE,0.00,0.00,0.00,1182.50,887.80,0,0.00,0,0,06-JAN-2025
OPTIDX,MIDCPNIFTY,27-Mar-2025,2025-03-27,13625.00,PE,0.00,0.00,0.00,770.50,892.00,0,0.00,0,0,06-JAN-2025
OPTIDX,MIDCPNIFTY,27-Mar-2025,2025-03-27,13625.00,CE,0.00,0.00,0.00,380.10,163.65,0,0.00,0,0,06-JAN-2025
OPTIDX,MIDCPNIFTY,27-Mar-2025,2025-03-27,13125.00,CE,0.00,0.00,0.00,595.10,318.45,0,0.00,0,0,06-JAN-2025
OPTIDX,MIDCPNIFTY,27-Mar-2025,2025-03-27,13425.00,CE,0.00,0.00,0.00,457.90,216.30,0,0.00,0,0,06-JAN-2025
OPTIDX,MIDCPNIFTY,27-Feb-2025,2025-02-27,13875.00,CE,0.00,0.00,0.00,188.35,52.10,0,0.00,0,0,06-JAN-2025
OPTIDX,MIDCPNIFTY,30-Jan-2025,2025-01-30,13350.00,CE,102.35,113.80,50.70,55.70,55.70,2020,13554.4001,21950,-2000,06-JAN-2025
OPTIDX,MIDCPNIFTY,30-Jan-2025,2025-01-30,13350.00,PE,0.00,0.00,0.00,411.00,643.50,0,0.00,1150,0,06-JAN-2025
OPTIDX,MIDCPNIFTY,27-Mar-2025,2025-03-27,13350.00,CE,0.00,0.00,0.00,489.80,239.10,0,0.00,0,0,06-JAN-2025
OPTIDX,MIDCPNIFTY,27-Feb-2025,2025-02-27,14500.00,PE,0.00,0.00,0.00,1752.20,1676.55,0,0.00,0,0,06-JAN-2025
OPTIDX,MIDCPNIFTY,27-Mar-2025,2025-03-27,14500.00,PE,0.00,0.00,0.00,1400.95,1630.15,0,0.00,0,0,06-JAN-2025
OPTIDX,MIDCPNIFTY,30-Jan-2025,2025-01-30,12925.00,PE,174.60,392.10,174.60,364.95,364.95,12058,79392.9584,29100,-16450,06-JAN-2025
OPTIDX,MIDCPNIFTY,27-Feb-2025,2025-02-27,12925.00,CE,0.00,0.00,0.00,488.30,291.90,0,0.00,0,0,06-JAN-2025
OPTIDX,MIDCPNIFTY,27-Mar-2025,2025-03-27,12950.00,PE,0.00,0.00,0.00,414.40,455.45,0,0.00,0,0,06-JAN-2025
OPTIDX,MIDCPNIFTY,27-Mar-2025,2025-03-27,13650.00,CE,0.00,0.00,0.00,371.15,157.90,0,0.00,0,0,06-JAN-2025
OPTIDX,MIDCPNIFTY,30-Jan-2025,2025-01-30,13650.00,CE,38.15,40.60,19.40,22.35,22.35,1331,9100.66302,20650,-250,06-JAN-2025
OPTIDX,MIDCPNIFTY,27-Mar-2025,2025-03-27,13650.00,PE,0.00,0.00,0.00,786.05,910.80,0,0.00,0,0,06-JAN-2025
OPTIDX,MIDCPNIFTY,30-Jan-2025,2025-01-30,13100.00,PE,260.25,514.95,244.55,480.50,480.50,5029,33753.4324,76300,-36350,06-JAN-2025
OPTIDX,MIDCPNIFTY,27-Mar-2025,2025-03-27,13100.00,PE,0.00,0.00,0.00,482.50,539.35,0,0.00,0,0,06-JAN-2025
OPTIDX,MIDCPNIFTY,27-Mar-2025,2025-03-27,12975.00,PE,0.00,0.00,0.00,425.30,468.90,0,0.00,0,0,06-JAN-2025
OPTIDX,MIDCPNIFTY,30-Jan-2025,2025-01-30,12375.00,PE,52.00,148.40,52.00,135.05,135.05,757,4722.58647,7750,-1300,06-JAN-2025
OPTIDX,MIDCPNIFTY,27-Feb-2025,2025-02-27,12375.00,CE,0.00,0.00,0.00,771.50,599.45,0,0.00,0,0,06-JAN-2025
OPTIDX,MIDCPNIFTY,27-Mar-2025,2025-03-27,12375.00,PE,0.00,0.00,0.00,212.00,209.80,0,0.00,0,0,06-JAN-2025
OPTIDX,MIDCPNIFTY,30-Jan-2025,2025-01-30,13075.00,PE,246.30,471.10,230.05,460.55,460.55,1395,9325.15407,11950,-3500,06-JAN-2025
OPTIDX,MIDCPNIFTY,27-Mar-2025,2025-03-27,13075.00,PE,0.00,0.00,0.00,470.70,524.85,0,0.00,0,0,06-JAN-2025
OPTIDX,MIDCPNIFTY,27-Feb-2025,2025-02-27,13775.00,CE,0.00,0.00,0.00,210.70,64.35,0,0.00,0,0,06-JAN-2025
OPTIDX,MIDCPNIFTY,30-Jan-2025,2025-01-30,13775.00,PE,0.00,0.00,0.00,1298.20,1028.75,0,0.00,0,0,06-JAN-2025
OPTIDX,MIDCPNIFTY,27-Mar-2025,2025-03-27,13250.00,PE,0.00,0.00,0.00,557.00,631.10,0,0.00,0,0,06-JAN-2025
OPTIDX,MIDCPNIFTY,27-Feb-2025,2025-02-27,13400.00,PE,0.00,0.00,0.00,892.95,708.55,0,0.00,0,0,06-JAN-2025
OPTSTK,TATACONSUM,30-Jan-2025,2025-01-30,910.00,CE,40.00,55.40,36.80,48.45,48.45,359,1560.03596,83448,-19608,06-JAN-2025
OPTSTK,TATACONSUM,27-Feb-2025,2025-02-27,910.00,CE,0.00,0.00,0.00,44.05,62.40,0,0.00,0,0,06-JAN-2025
OPTSTK,TATACONSUM,30-Jan-2025,2025-01-30,910.00,PE,11.30,12.55,8.35,9.65,9.65,870,3649.6701,207024,-67032,06-JAN-2025
OPTSTK,TATACONSUM,27-Feb-2025,2025-02-27,910.00,PE,0.00,0.00,0.00,41.70,16.80,0,0.00,0,0,06-JAN-2025
OPTSTK,DMART,27-Mar-2025,2025-03-27,4300.00,CE,0.00,0.00,0.00,41.10,107.70,0,0.00,0,0,06-JAN-2025
OPTSTK,DMART,30-Jan-2025,2025-01-30,3700.00,PE,31.95,52.90,25.85,48.95,48.95,2204,12359.8045,91500,900,06-JAN-2025
OPTSTK,DMART,27-Feb-2025,2025-02-27,3700.00,PE,70.00,95.00,67.90,92.50,92.50,7,39.72435,750,600,06-JAN-2025
OPTSTK,DMART,27-Mar-2025,2025-03-27,3700.00,CE,0.00,0.00,0.00,177.25,386.40,0,0.00,0,0,06-JAN-2025
OPTSTK,TATACONSUM,27-Mar-2025,2025-03-27,1040.00,CE,0.00,0.00,0.00,14.55,17.40,0,0.00,0,0,06-JAN-2025
OPTSTK,TATACONSUM,30-Jan-2025,2025-01-30,1040.00,PE,99.00,99.00,99.00,99.00,90.90,1,5.19384,0,-456,06-JAN-2025
OPTSTK,TATACONSUM,27-Feb-2025,2025-02-27,990.00,CE,0.00,0.00,0.00,16.50,22.10,0,0.00,0,0,06-JAN-2025
OPTSTK,TATACONSUM,30-Jan-2025,2025-01-30,990.00,CE,5.55,11.70,5.00,8.70,8.70,869,3953.60892,148656,16416,06-JAN-2025
OPTSTK,TATACONSUM,27-Feb-2025,2025-02-27,990.00,PE,0.00,0.00,0.00,93.15,55.75,0,0.00,0,0,06-JAN-2025
OPTSTK,DMART,27-Mar-2025,2025-03-27,3400.00,PE,0.00,0.00,0.00,147.45,31.40,0,0.00,0,0,06-JAN-2025
OPTSTK,DMART,27-Feb-2025,2025-02-27,3400.00,CE,0.00,0.00,0.00,468.30,582.95,0,0.00,0,0,06-JAN-2025
OPTSTK,DMART,27-Feb-2025,2025-02-27,3100.00,PE,0.00,0.00,0.00,30.60,1.90,0,0.00,0,0,06-JAN-2025
OPTSTK,DMART,30-Jan-2025,2025-01-30,3250.00,PE,5.75,5.80,3.15,4.40,4.40,49,239.205675,37200,1200,06-JAN-2025
OPTSTK,DMART,30-Jan-2025,2025-01-30,3250.00,CE,0.00,0.00,0.00,541.90,699.60,0,0.00,0,0,06-JAN-2025
OPTSTK,TATACONSUM,27-Feb-2025,2025-02-27,1040.00,PE,0.00,0.00,0.00,105.25,92.80,0,0.00,0,0,06-JAN-2025
OPTSTK,TATACONSUM,27-Feb-2025,2025-02-27,1040.00,CE,0.00,0.00,0.00,25.05,9.65,0,0.00,0,0,06-JAN-2025
OPTSTK,TATACONSUM,30-Jan-2025,2025-01-30,1040.00,CE,1.40,3.45,1.35,2.55,2.55,437,2077.26422,121752,-456,06-JAN-2025
FUTSTK,DMART,27-Feb-2025,2025-02-27,,,4067.35,4096.35,3958.90,3968.85,3968.85,394,2378.60505,111300,-8850,06-JAN-2025
FUTSTK,DMART,27-Mar-2025,2025-03-27,,,4077.85,4109.45,3990.35,3990.35,3990.35,32,194.3493,10950,1500,06-JAN-2025
OPTSTK,TATACONSUM,30-Jan-2025,2025-01-30,1030.00,PE,0.00,0.00,0.00,94.35,81.85,0,0.00,0,0,06-JAN-2025
OPTSTK,TATACONSUM,30-Jan-2025,2025-01-30,840.00,CE,0.00,0.00,0.00,70.75,111.20,0,0.00,3192,0,06-JAN-2025
OPTSTK,TATACONSUM,30-Jan-2025,2025-01-30,950.00,PE,27.70,31.00,21.15,24.10,24.10,1736,7715.92743,152304,50160,06-JAN-2025
OPTSTK,TATACONSUM,27-Feb-2025,2025-02-27,950.00,CE,34.70,40.80,33.60,38.85,38.80,10,44.994432,3192,2280,06-JAN-2025
OPTSTK,DMART,27-Mar-2025,2025-03-27,3200.00,CE,0.00,0.00,0.00,450.00,793.60,0,0.00,0,0,06-JAN-2025
OPTSTK,DMART,30-Jan-2025,2025-01-30,3750.00,CE,332.00,332.00,302.30,302.30,244.25,15,91.470225,10200,-1350,06-JAN-2025
OPTSTK,DMART,30-Jan-2025,2025-01-30,3750.00,PE,40.30,65.15,33.25,62.20,62.20,641,3650.71477,37200,11850,06-JAN-2025
OPTSTK,TATACONSUM,27-Feb-2025,2025-02-27,800.00,CE,0.00,0.00,0.00,161.70,155.50,0,0.00,0,0,06-JAN-2025
OPTSTK,NMDC,27-Mar-2025,2025-03-27,70.00,PE,0.00,0.00,0.00,14.70,7.10,0,0.00,0,0,06-JAN-2025
OPTSTK,NMDC,27-Mar-2025,2025-03-27,62.00,CE,0.00,0.00,0.00,10.80,6.65,0,0.00,0,0,06-JAN-2025
OPTSTK,NMDC,27-Mar-2025,2025-03-27,62.00,PE,0.00,0.00,0.00,2.40,2.85,0,0.00,0,0,06-JAN-2025
OPTSTK,NMDC,27-Feb-2025,2025-02-27,62.00,PE,0.00,0.00,0.00,1.70,2.15,0,0.00,0,0,06-JAN-2025
OPTSTK,NMDC,27-Mar-2025,2025-03-27,72.00,CE,0.00,0.00,0.00,5.40,2.40,0,0.00,0,0,06-JAN-2025
OPTSTK,NMDC,27-Mar-2025,2025-03-27,68.00,CE,0.00,0.00,0.00,7.25,3.75,0,0.00,0,0,06-JAN-2025
OPTSTK,NMDC,30-Jan-2025,2025-01-30,75.00,PE,8.50,10.20,8.50,10.10,10.10,40,459.135,2997000,-486000,06-JAN-2025
OPTSTK,NMDC,27-Feb-2025,2025-02-27,75.00,PE,0.00,0.00,0.00,20.20,10.35,0,0.00,0,0,06-JAN-2025
OPTSTK,NMDC,27-Feb-2025,2025-02-27,80.00,CE,0.45,0.45,0.40,0.45,0.45,9,97.74,256500,81000,06-JAN-2025
OPTSTK,NMDC,27-Mar-2025,2025-03-27,80.00,PE,0.00,0.00,0.00,32.25,14.85,0,0.00,0,0,06-JAN-2025
OPTSTK,NMDC,27-Feb-2025,2025-02-27,68.00,PE,0.00,0.00,0.00,3.90,5.15,0,0.00,0,0,06-JAN-2025
OPTSTK,NMDC,27-Feb-2025,2025-02-27,68.00,CE,0.00,0.00,0.00,6.05,2.70,0,0.00,0,0,06-JAN-2025
OPTSTK,NMDC,27-Feb-2025,2025-02-27,70.00,CE,2.65,2.65,1.85,1.85,1.85,61,593.973,1012500,364500,06-JAN-2025
OPTSTK,NMDC,27-Mar-2025,2025-03-27,70.00,CE,0.00,0.00,0.00,22.95,3.05,0,0.00,0,0,06-JAN-2025
OPTSTK,NMDC,30-Jan-2025,2025-01-30,83.35,PE,16.90,18.25,16.90,17.95,17.95,213,2903.68125,11799000,-1741500,06-JAN-2025
OPTSTK,NMDC,27-Feb-2025,2025-02-27,76.00,PE,0.00,0.00,0.00,8.55,11.20,0,0.00,0,0,06-JAN-2025
OPTSTK,NMDC,27-Mar-2025,2025-03-27,76.00,PE,0.00,0.00,0.00,9.30,11.50,0,0.00,0,0,06-JAN-2025
OPTSTK,NMDC,30-Jan-2025,2025-01-30,66.00,CE,2.90,2.95,2.00,2.10,2.10,573,5290.11,2214000,702000,06-JAN-2025
FUTSTK,NMDC,27-Mar-2025,2025-03-27,,,68.73,68.73,65.93,65.96,65.96,33,296.80965,1228500,175500,06-JAN-2025
OPTSTK,RAMCOCEM,30-Jan-2025,2025-01-30,940.00,CE,42.30,42.45,34.20,35.20,35.20,29,241.0736,6800,-2550,06-JAN-2025
OPTSTK,RAMCOCEM,30-Jan-2025,2025-01-30,960.00,CE,38.55,38.55,24.10,25.05,25.05,96,806.272175,70550,17850,06-JAN-2025
OPTSTK,RAMCOCEM,27-Mar-2025,2025-03-27,940.00,CE,0.00,0.00,0.00,90.15,60.40,0,0.00,0,0,06-JAN-2025
OPTSTK,RAMCOCEM,30-Jan-2025,2025-01-30,1080.00,PE,0.00,0.00,0.00,92.05,124.05,0,0.00,850,0,06-JAN-2025
OPTSTK,RAMCOCEM,30-Jan-2025,2025-01-30,1080.00,CE,2.00,2.30,1.75,1.85,1.85,110,1011.54207,73100,71400,06-JAN-2025
OPTSTK,RAMCOCEM,30-Jan-2025,2025-01-30,960.00,PE,14.15,30.50,14.15,29.05,29.05,186,1554.25985,42500,850,06-JAN-2025
OPTSTK,RAMCOCEM,30-Jan-2025,2025-01-30,1110.00,CE,1.50,1.50,1.50,1.50,0.35,1,9.44775,235450,0,06-JAN-2025
OPTSTK,RAMCOCEM,27-Mar-2025,2025-03-27,960.00,PE,0.00,0.00,0.00,44.80,43.70,0,0.00,0,0,06-JAN-2025
OPTSTK,RAMCOCEM,27-Feb-2025,2025-02-27,960.00,CE,0.00,0.00,0.00,76.50,38.50,0,0.00,0,0,06-JAN-2025
OPTSTK,RAMCOCEM,30-Jan-2025,2025-01-30,1010.00,CE,13.55,14.50,8.25,8.45,8.45,83,719.8786,46750,-850,06-JAN-2025
OPTSTK,RAMCOCEM,30-Jan-2025,2025-01-30,900.00,PE,3.15,8.95,3.05,8.85,8.85,117,901.44115,153000,-15300,06-JAN-2025
OPTSTK,RAMCOCEM,27-Mar-2025,2025-03-27,920.00,PE,0.00,0.00,0.00,29.45,26.55,0,0.00,0,0,06-JAN-2025
OPTSTK,RAMCOCEM,30-Jan-2025,2025-01-30,800.00,PE,0.55,0.55,0.55,0.55,0.10,1,6.804675,850,850,06-JAN-2025
OPTSTK,RAMCOCEM,30-Jan-2025,2025-01-30,880.00,CE,0.00,0.00,0.00,85.90,79.30,0,0.00,850,0,06-JAN-2025
OPTSTK,RAMCOCEM,30-Jan-2025,2025-01-30,950.00,CE,45.50,45.50,28.20,30.20,30.20,30,250.735125,56100,0,06-JAN-2025
OPTSTK,RAMCOCEM,27-Feb-2025,2025-02-27,880.00,CE,0.00,0.00,0.00,128.40,89.90,0,0.00,0,0,06-JAN-2025
OPTSTK,RAMCOCEM,30-Jan-2025,2025-01-30,880.00,PE,1.80,5.65,1.80,5.40,5.40,42,315.564625,49300,-2550,06-JAN-2025
OPTSTK,RAMCOCEM,27-Mar-2025,2025-03-27,1060.00,PE,0.00,0.00,0.00,100.55,108.50,0,0.00,0,0,06-JAN-2025
OPTSTK,RAMCOCEM,27-Feb-2025,2025-02-27,820.00,CE,0.00,0.00,0.00,176.80,142.05,0,0.00,0,0,06-JAN-2025
OPTSTK,RAMCOCEM,30-Jan-2025,2025-01-30,970.00,PE,18.10,34.25,18.10,34.20,34.20,127,1075.12675,55250,-17850,06-JAN-2025
OPTSTK,RAMCOCEM,27-Feb-2025,2025-02-27,970.00,PE,0.00,0.00,0.00,41.70,42.45,0,0.00,0,0,06-JAN-2025
OPTSTK,RAMCOCEM,30-Jan-2025,2025-01-30,970.00,CE,31.40,31.65,19.45,20.85,20.85,143,1208.00682,133450,20400,06-JAN-2025
OPTSTK,RAMCOCEM,27-Feb-2025,2025-02-27,970.00,CE,0.00,0.00,0.00,60.45,33.90,0,0.00,0,0,06-JAN-2025
OPTSTK,RAMCOCEM,27-Feb-2025,2025-02-27,1010.00,PE,0.00,0.00,0.00,62.60,67.55,0,0.00,0,0,06-JAN-2025
OPTSTK,RAMCOCEM,30-Jan-2025,2025-01-30,980.00,CE,29.20,29.20,15.40,16.70,16.70,167,1418.3406,82450,-850,06-JAN-2025
OPTSTK,RAMCOCEM,27-Feb-2025,2025-02-27,980.00,PE,0.00,0.00,0.00,38.70,48.15,0,0.00,850,0,06-JAN-2025
OPTSTK,RAMCOCEM,27-Feb-2025,2025-02-27,900.00,CE,0.00,0.00,0.00,113.95,74.75,0,0.00,0,0,06-JAN-2025
OPTSTK,RAMCOCEM,27-Feb-2025,2025-02-27,1100.00,CE,0.00,0.00,0.00,24.05,4.15,0,0.00,0,0,06-JAN-2025
OPTSTK,RAMCOCEM,27-Feb-2025,2025-02-27,1020.00,PE,0.00,0.00,0.00,75.10,74.75,0,0.00,0,0,06-JAN-2025
OPTSTK,IGL,30-Jan-2025,2025-01-30,445.00,PE,20.15,35.95,19.50,32.85,32.85,108,701.57725,173250,-17875,06-JAN-2025
FUTSTK,CGPOWER,27-Mar-2025,2025-03-27,,,749.45,749.45,725.15,725.15,725.15,3,15.9612375,3625,1450,06-JAN-2025
OPTSTK,CGPOWER,27-Feb-2025,2025-02-27,640.00,PE,0.00,0.00,0.00,18.05,9.95,0,0.00,0,0,06-JAN-2025
OPTSTK,IGL,30-Jan-2025,2025-01-30,435.00,PE,15.20,27.20,13.55,25.00,25.00,273,1708.83418,269500,-19250,06-JAN-2025
OPTSTK,IGL,30-Jan-2025,2025-01-30,435.00,CE,15.20,16.55,7.45,8.85,8.85,563,3447.51825,409750,49500,06-JAN-2025
OPTSTK,IGL,27-Mar-2025,2025-03-27,410.00,CE,0.00,0.00,0.00,32.70,42.95,0,0.00,0,0,06-JAN-2025
OPTSTK,IGL,27-Feb-2025,2025-02-27,400.00,CE,0.00,0.00,0.00,40.90,41.85,0,0.00,22000,0,06-JAN-2025
OPTSTK,CGPOWER,27-Feb-2025,2025-02-27,710.00,CE,0.00,0.00,0.00,76.40,44.80,0,0.00,0,0,06-JAN-2025
OPTSTK,CGPOWER,27-Feb-2025,2025-02-27,800.00,PE,0.00,0.00,0.00,85.90,91.65,0,0.00,0,0,06-JAN-2025
OPTSTK,CGPOWER,27-Feb-2025,2025-02-27,800.00,CE,0.00,0.00,0.00,52.75,13.60,0,0.00,0,0,06-JAN-2025
OPTSTK,IGL,30-Jan-2025,2025-01-30,455.00,PE,34.35,42.55,34.35,42.50,36.40,8,54.4616875,41250,5500,06-JAN-2025
OPTSTK,CGPOWER,30-Jan-2025,2025-01-30,770.00,PE,48.60,51.60,48.60,51.55,61.35,8,47.5726875,47125,2900,06-JAN-2025
OPTSTK,CGPOWER,30-Jan-2025,2025-01-30,770.00,CE,15.30,15.30,8.75,9.20,9.20,61,345.212375,79025,4350,06-JAN-2025
OPTSTK,IGL,30-Jan-2025,2025-01-30,320.00,PE,0.25,0.40,0.25,0.40,0.05,61,268.657812,255750,-1375,06-JAN-2025
OPTSTK,CGPOWER,30-Jan-2025,2025-01-30,630.00,PE,2.30,2.80,2.10,2.10,2.35,3,13.7547,4350,725,06-JAN-2025
OPTSTK,IGL,30-Jan-2025,2025-01-30,505.00,CE,0.00,0.00,0.00,1.40,1.10,0,0.00,0,0,06-JAN-2025
OPTSTK,IGL,27-Feb-2025,2025-02-27,505.00,PE,0.00,0.00,0.00,113.15,81.35,0,0.00,0,0,06-JAN-2025
OPTSTK,IGL,27-Mar-2025,2025-03-27,360.00,CE,0.00,0.00,0.00,57.55,76.60,0,0.00,0,0,06-JAN-2025
OPTSTK,CGPOWER,30-Jan-2025,2025-01-30,920.00,CE,0.00,0.00,0.00,0.70,0.10,0,0.00,1450,0,06-JAN-2025
OPTSTK,CGPOWER,27-Feb-2025,2025-02-27,760.00,CE,0.00,0.00,0.00,69.45,24.05,0,0.00,0,0,06-JAN-2025
OPTSTK,IGL,27-Feb-2025,2025-02-27,375.00,PE,0.00,0.00,0.00,21.70,6.75,0,0.00,0,0,06-JAN-2025
OPTSTK,IGL,27-Feb-2025,2025-02-27,375.00,CE,0.00,0.00,0.00,41.90,59.50,0,0.00,0,0,06-JAN-2025
OPTSTK,IGL,30-Jan-2025,2025-01-30,375.00,PE,1.15,3.10,1.10,2.65,2.65,330,1712.98325,451000,16500,06-JAN-2025
OPTSTK,IGL,30-Jan-2025,2025-01-30,375.00,CE,0.00,0.00,0.00,65.95,53.15,0,0.00,15125,0,06-JAN-2025
OPTSTK,CGPOWER,27-Feb-2025,2025-02-27,660.00,PE,0.00,0.00,0.00,23.25,14.85,0,0.00,0,0,06-JAN-2025
FUTSTK,IGL,27-Mar-2025,2025-03-27,,,421.00,421.00,408.70,410.10,410.10,52,295.526,217250,23375,06-JAN-2025
OPTSTK,IGL,27-Feb-2025,2025-02-27,425.00,PE,0.00,0.00,0.00,49.35,24.65,0,0.00,0,0,06-JAN-2025
OPTSTK,IGL,30-Jan-2025,2025-01-30,425.00,PE,11.25,21.30,9.75,18.35,18.35,650,3947.33762,280500,-61875,06-JAN-2025
OPTSTK,IGL,30-Jan-2025,2025-01-30,425.00,CE,20.65,21.85,10.25,12.45,12.45,775,4676.45681,323125,11000,06-JAN-2025
OPTSTK,CGPOWER,30-Jan-2025,2025-01-30,650.00,CE,0.00,0.00,0.00,102.00,72.00,0,0.00,15225,0,06-JAN-2025
OPTSTK,IGL,27-Mar-2025,2025-03-27,350.00,PE,0.00,0.00,0.00,16.95,5.35,0,0.00,0,0,06-JAN-2025
OPTSTK,IGL,30-Jan-2025,2025-01-30,430.00,CE,18.30,18.80,8.65,10.65,10.65,1893,11484.5520,944625,235125,06-JAN-2025
OPTSTK,ZOMATO,30-Jan-2025,2025-01-30,255.00,CE,20.30,20.30,15.60,16.75,16.75,272,1480.54,264000,162000,06-JAN-2025
OPTSTK,ZOMATO,30-Jan-2025,2025-01-30,290.00,PE,20.85,28.80,19.05,27.60,27.60,490,3088.216,1430000,-140000,06-JAN-2025
OPTSTK,ZOMATO,27-Feb-2025,2025-02-27,290.00,CE,8.90,9.25,8.40,8.65,7.85,11,65.728,10000,8000,06-JAN-2025
OPTSTK,ZOMATO,27-Feb-2025,2025-02-27,325.00,PE,0.00,0.00,0.00,54.80,59.15,0,0.00,0,0,06-JAN-2025
OPTSTK,ZOMATO,27-Feb-2025,2025-02-27,325.00,CE,0.00,0.00,0.00,7.10,2.10,0,0.00,0,0,06-JAN-2025
OPTSTK,ZOMATO,27-Mar-2025,2025-03-27,310.00,PE,0.00,0.00,0.00,46.00,47.55,0,0.00,0,0,06-JAN-2025
OPTSTK,ZOMATO,27-Feb-2025,2025-02-27,310.00,PE,0.00,0.00,0.00,38.90,46.00,0,0.00,0,0,06-JAN-2025
OPTSTK,ZOMATO,27-Feb-2025,2025-02-27,315.00,PE,0.00,0.00,0.00,46.95,50.25,0,0.00,0,0,06-JAN-2025
OPTSTK,ZOMATO,27-Mar-2025,2025-03-27,240.00,PE,0.00,0.00,0.00,10.05,7.95,0,0.00,0,0,06-JAN-2025
OPTSTK,CANBK,27-Mar-2025,2025-03-27,90.00,CE,0.00,0.00,0.00,15.75,11.20,0,0.00,0,0,06-JAN-2025
OPTSTK,CANBK,30-Jan-2025,2025-01-30,114.00,CE,0.30,0.35,0.15,0.20,0.20,239,1842.45975,1566000,1194750,06-JAN-2025
OPTSTK,METROPOLIS,30-Jan-2025,2025-01-30,2020.00,PE,80.35,86.70,63.40,74.10,74.10,279,2336.5878,15600,3600,06-JAN-2025
OPTSTK,METROPOLIS,27-Feb-2025,2025-02-27,1840.00,CE,0.00,0.00,0.00,367.90,235.00,0,0.00,0,0,06-JAN-2025
OPTSTK,CANBK,30-Jan-2025,2025-01-30,91.00,PE,0.70,1.25,0.55,1.15,1.15,244,1514.26125,1086750,40500,06-JAN-2025
OPTSTK,CANBK,27-Feb-2025,2025-02-27,99.00,CE,0.00,0.00,0.00,8.65,4.65,0,0.00,0,0,06-JAN-2025
OPTSTK,CANBK,27-Feb-2025,2025-02-27,99.00,PE,0.00,0.00,0.00,5.35,5.35,0,0.00,0,0,06-JAN-2025
OPTSTK,CANBK,30-Jan-2025,2025-01-30,99.00,CE,4.25,4.25,2.60,2.80,2.80,827,5701.38075,3489750,1559250,06-JAN-2025
OPTSTK,CANBK,30-Jan-2025,2025-01-30,99.00,PE,2.20,4.35,2.20,4.10,4.10,839,5799.03975,1944000,-20250,06-JAN-2025
OPTSTK,CANBK,30-Jan-2025,2025-01-30,113.00,CE,0.65,0.65,0.20,0.20,0.20,84,642.08025,729000,195750,06-JAN-2025
OPTSTK,CANBK,27-Feb-2025,2025-02-27,118.00,PE,0.00,0.00,0.00,17.15,20.00,0,0.00,0,0,06-JAN-2025
OPTSTK,CANBK,27-Mar-2025,2025-03-27,106.00,PE,0.00,0.00,0.00,10.15,10.55,0,0.00,0,0,06-JAN-2025
OPTSTK,CANBK,30-Jan-2025,2025-01-30,104.00,PE,4.90,7.80,4.90,7.40,7.40,110,818.154,1093500,-155250,06-JAN-2025
OPTSTK,CANBK,27-Mar-2025,2025-03-27,104.00,PE,0.00,0.00,0.00,9.00,9.20,0,0.00,0,0,06-JAN-2025
OPTSTK,CANBK,27-Mar-2025,2025-03-27,104.00,CE,0.00,0.00,0.00,7.90,4.05,0,0.00,0,0,06-JAN-2025
OPTSTK,METROPOLIS,30-Jan-2025,2025-01-30,1780.00,CE,0.00,0.00,0.00,396.05,268.70,0,0.00,0,0,06-JAN-2025
OPTSTK,CANBK,27-Mar-2025,2025-03-27,106.00,CE,0.00,0.00,0.00,7.10,3.45,0,0.00,0,0,06-JAN-2025
OPTSTK,CANBK,27-Feb-2025,2025-02-27,106.00,CE,2.30,2.30,2.30,2.30,2.20,2,14.6205,47250,13500,06-JAN-2025
OPTSTK,CANBK,30-Jan-2025,2025-01-30,104.00,CE,2.30,2.30,1.10,1.20,1.20,1099,7820.86725,2700000,-411750,06-JAN-2025
OPTSTK,CANBK,27-Feb-2025,2025-02-27,104.00,CE,0.00,0.00,0.00,9.10,2.75,0,0.00,0,0,06-JAN-2025
OPTSTK,CANBK,27-Feb-2025,2025-02-27,105.00,PE,0.00,0.00,0.00,5.55,9.10,0,0.00,6750,0,06-JAN-2025
OPTSTK,CANBK,30-Jan-2025,2025-01-30,117.00,CE,0.15,0.15,0.10,0.10,0.10,54,427.008375,1181250,0,06-JAN-2025
OPTSTK,CANBK,30-Jan-2025,2025-01-30,115.00,CE,0.30,0.35,0.15,0.15,0.15,837,6508.7415,5103000,843750,06-JAN-2025
OPTSTK,CANBK,27-Feb-2025,2025-02-27,86.00,CE,0.00,0.00,0.00,20.35,13.05,0,0.00,0,0,06-JAN-2025
OPTSTK,METROPOLIS,27-Feb-2025,2025-02-27,2300.00,PE,0.00,0.00,0.00,285.20,260.35,0,0.00,0,0,06-JAN-2025
OPTSTK,METROPOLIS,27-Feb-2025,2025-02-27,1940.00,PE,0.00,0.00,0.00,70.40,42.80,0,0.00,0,0,06-JAN-2025
OPTSTK,CANBK,30-Jan-2025,2025-01-30,86.00,PE,0.20,0.50,0.20,0.45,0.45,152,885.951,2430000,209250,06-JAN-2025
OPTSTK,CANBK,30-Jan-2025,2025-01-30,97.00,CE,5.60,5.60,3.60,3.80,3.80,313,2135.67975,1005750,324000,06-JAN-2025
OPTSTK,CANBK,30-Jan-2025,2025-01-30,116.00,PE,16.60,16.60,16.60,16.60,18.20,1,8.9505,13500,0,06-JAN-2025
OPTSTK,CANBK,27-Feb-2025,2025-02-27,97.00,CE,0.00,0.00,0.00,9.75,5.60,0,0.00,0,0,06-JAN-2025
OPTSTK,CANBK,27-Mar-2025,2025-03-27,116.00,PE,0.00,0.00,0.00,16.80,18.30,0,0.00,0,0,06-JAN-2025
OPTSTK,CANBK,30-Jan-2025,2025-01-30,116.00,CE,0.20,0.20,0.10,0.15,0.15,152,1191.74962,1424250,783000,06-JAN-2025
OPTSTK,PEL,27-Feb-2025,2025-02-27,880.00,CE,0.00,0.00,0.00,325.15,182.00,0,0.00,0,0,06-JAN-2025
OPTSTK,SBILIFE,30-Jan-2025,2025-01-30,1240.00,CE,205.00,205.00,205.00,205.00,200.35,1,5.41875,0,-375,06-JAN-2025
OPTSTK,SBILIFE,27-Feb-2025,2025-02-27,1360.00,CE,0.00,0.00,0.00,136.00,105.50,0,0.00,0,0,06-JAN-2025
OPTSTK,SBILIFE,27-Mar-2025,2025-03-27,1120.00,CE,0.00,0.00,0.00,312.35,331.55,0,0.00,0,0,06-JAN-2025
OPTSTK,PEL,27-Mar-2025,2025-03-27,960.00,PE,0.00,0.00,0.00,34.30,31.15,0,0.00,0,0,06-JAN-2025
OPTSTK,PEL,27-Feb-2025,2025-02-27,1140.00,CE,0.00,0.00,0.00,70.60,29.55,0,0.00,0,0,06-JAN-2025
OPTSTK,SBILIFE,27-Mar-2025,2025-03-27,1680.00,CE,0.00,0.00,0.00,15.00,8.10,0,0.00,0,0,06-JAN-2025
OPTSTK,PEL,27-Feb-2025,2025-02-27,980.00,CE,0.00,0.00,0.00,159.85,103.70,0,0.00,0,0,06-JAN-2025
OPTSTK,PEL,30-Jan-2025,2025-01-30,980.00,PE,5.60,18.00,5.60,15.80,15.80,147,1093.17262,57750,15000,06-JAN-2025
OPTSTK,PEL,27-Feb-2025,2025-02-27,900.00,PE,0.00,0.00,0.00,12.20,9.05,0,0.00,0,0,06-JAN-2025
OPTSTK,SBILIFE,30-Jan-2025,2025-01-30,1460.00,PE,39.55,55.00,33.95,50.20,50.20,664,3747.08137,57000,5625,06-JAN-2025
OPTSTK,SBILIFE,27-Feb-2025,2025-02-27,1400.00,PE,0.00,0.00,0.00,30.00,30.15,0,0.00,4500,0,06-JAN-2025
OPTSTK,SBILIFE,30-Jan-2025,2025-01-30,1620.00,CE,3.40,4.25,2.15,2.55,2.55,193,1174.58775,55125,14250,06-JAN-2025
OPTSTK,PEL,30-Jan-2025,2025-01-30,1060.00,CE,40.65,49.50,34.65,37.25,37.25,235,1938.69,42750,21000,06-JAN-2025
OPTSTK,PEL,30-Jan-2025,2025-01-30,920.00,CE,0.00,0.00,0.00,189.50,134.85,0,0.00,0,0,06-JAN-2025
OPTSTK,PEL,30-Jan-2025,2025-01-30,1240.00,PE,177.25,177.25,177.25,177.25,189.45,1,10.629375,10500,-750,06-JAN-2025
OPTSTK,SBILIFE,27-Feb-2025,2025-02-27,1340.00,CE,0.00,0.00,0.00,116.70,120.75,0,0.00,0,0,06-JAN-2025
OPTSTK,SBILIFE,30-Jan-2025,2025-01-30,1340.00,CE,105.00,105.05,105.00,105.05,105.45,2,10.8376875,12750,-750,06-JAN-2025
OPTSTK,PEL,30-Jan-2025,2025-01-30,1220.00,PE,158.40,159.65,158.40,159.65,170.55,2,20.685375,40500,-750,06-JAN-2025
OPTSTK,PEL,27-Feb-2025,2025-02-27,1220.00,PE,0.00,0.00,0.00,149.75,174.65,0,0.00,0,0,06-JAN-2025
OPTSTK,SBILIFE,27-Mar-2025,2025-03-27,1520.00,PE,0.00,0.00,0.00,131.20,101.50,0,0.00,0,0,06-JAN-2025
OPTSTK,PEL,30-Jan-2025,2025-01-30,1040.00,CE,46.85,49.30,44.00,47.30,47.30,14,114.162,13500,6750,06-JAN-2025
OPTSTK,PEL,27-Feb-2025,2025-02-27,1240.00,CE,0.00,0.00,0.00,91.60,10.85,0,0.00,0,0,06-JAN-2025
OPTSTK,PEL,27-Feb-2025,2025-02-27,1240.00,PE,0.00,0.00,0.00,129.25,191.85,0,0.00,0,0,06-JAN-2025
OPTSTK,SBILIFE,27-Mar-2025,2025-03-27,1240.00,PE,0.00,0.00,0.00,15.10,4.95,0,0.00,0,0,06-JAN-2025
OPTSTK,SBILIFE,27-Feb-2025,2025-02-27,1240.00,CE,0.00,0.00,0.00,224.70,208.55,0,0.00,0,0,06-JAN-2025
OPTSTK,PEL,27-Feb-2025,2025-02-27,1020.00,CE,0.00,0.00,0.00,132.85,79.00,0,0.00,0,0,06-JAN-2025
OPTSTK,PEL,27-Feb-2025,2025-02-27,1020.00,PE,0.00,0.00,0.00,41.65,42.15,0,0.00,0,0,06-JAN-2025
OPTSTK,PEL,30-Jan-2025,2025-01-30,1020.00,CE,78.10,78.95,55.75,55.75,55.75,4,32.78775,5250,-1500,06-JAN-2025
OPTSTK,PEL,30-Jan-2025,2025-01-30,1160.00,CE,16.05,16.05,8.10,9.00,9.00,948,8322.57712,216750,29250,06-JAN-2025
OPTSTK,PEL,27-Mar-2025,2025-03-27,1160.00,PE,0.00,0.00,0.00,122.45,134.65,0,0.00,0,0,06-JAN-2025
OPTSTK,SBILIFE,30-Jan-2025,2025-01-30,1240.00,PE,1.75,1.80,1.50,1.65,1.65,13,60.5319375,80625,-1875,06-JAN-2025
OPTSTK,MARUTI,27-Feb-2025,2025-02-27,12400.00,PE,0.00,0.00,0.00,1408.95,726.05,0,0.00,0,0,06-JAN-2025
OPTSTK,MARUTI,27-Mar-2025,2025-03-27,12400.00,CE,0.00,0.00,0.00,159.90,309.85,0,0.00,0,0,06-JAN-2025
OPTSTK,MARUTI,27-Feb-2025,2025-02-27,11700.00,PE,0.00,0.00,0.00,878.35,320.70,0,0.00,0,0,06-JAN-2025
OPTSTK,MARUTI,27-Feb-2025,2025-02-27,11700.00,CE,0.00,0.00,0.00,606.20,488.15,0,0.00,50,0,06-JAN-2025
OPTSTK,MARUTI,30-Jan-2025,2025-01-30,10300.00,PE,14.00,18.60,9.85,15.05,15.05,338,1743.16777,35950,5250,06-JAN-2025
OPTSTK,MARUTI,27-Feb-2025,2025-02-27,11300.00,CE,0.00,0.00,0.00,420.55,736.55,0,0.00,100,0,06-JAN-2025
OPTSTK,SUNTV,30-Jan-2025,2025-01-30,640.00,PE,4.25,9.00,4.25,8.15,8.15,99,480.532875,36000,-9750,06-JAN-2025
OPTSTK,SUNTV,27-Feb-2025,2025-02-27,660.00,PE,0.00,0.00,0.00,15.10,22.25,0,0.00,0,0,06-JAN-2025
OPTSTK,MARUTI,30-Jan-2025,2025-01-30,9900.00,PE,7.25,10.80,5.25,6.55,6.55,70,346.75325,16750,-350,06-JAN-2025
OPTSTK,MARUTI,27-Feb-2025,2025-02-27,11200.00,CE,0.00,0.00,0.00,970.50,807.85,0,0.00,150,0,06-JAN-2025
OPTSTK,MARUTI,27-Feb-2025,2025-02-27,11200.00,PE,0.00,0.00,0.00,602.60,145.20,0,0.00,0,0,06-JAN-2025
OPTSTK,MARUTI,27-Mar-2025,2025-03-27,11200.00,PE,0.00,0.00,0.00,614.75,205.80,0,0.00,0,0,06-JAN-2025
OPTSTK,MARUTI,30-Jan-2025,2025-01-30,11200.00,CE,809.55,816.85,627.15,674.15,674.15,134,796.512075,59700,-2500,06-JAN-2025
OPTSTK,MARUTI,30-Jan-2025,2025-01-30,11200.00,PE,48.50,71.00,40.05,62.80,62.80,5742,32322.0252,113400,-19600,06-JAN-2025
OPTSTK,MARUTI,27-Mar-2025,2025-03-27,11200.00,CE,0.00,0.00,0.00,513.00,925.75,0,0.00,0,0,06-JAN-2025
OPTSTK,MARUTI,27-Feb-2025,2025-02-27,13600.00,PE,0.00,0.00,0.00,2451.60,1740.10,0,0.00,0,0,06-JAN-2025
OPTSTK,MARUTI,27-Mar-2025,2025-03-27,13600.00,CE,0.00,0.00,0.00,38.10,69.95,0,0.00,0,0,06-JAN-2025
OPTSTK,MARUTI,27-Feb-2025,2025-02-27,13600.00,CE,0.00,0.00,0.00,46.75,25.70,0,0.00,0,0,06-JAN-2025
OPTSTK,MARUTI,27-Mar-2025,2025-03-27,13600.00,PE,0.00,0.00,0.00,2496.50,1714.80,0,0.00,0,0,06-JAN-2025
OPTSTK,MARUTI,30-Jan-2025,2025-01-30,13600.00,PE,0.00,0.00,0.00,2340.50,1786.15,0,0.00,0,0,06-JAN-2025
OPTSTK,MARUTI,30-Jan-2025,2025-01-30,13600.00,CE,0.00,0.00,0.00,61.55,1.85,0,0.00,0,0,06-JAN-2025
OPTSTK,SUNTV,27-Feb-2025,2025-02-27,740.00,CE,0.00,0.00,0.00,62.60,8.80,0,0.00,0,0,06-JAN-2025
OPTSTK,MARUTI,27-Feb-2025,2025-02-27,9600.00,CE,0.00,0.00,0.00,1609.40,2249.30,0,0.00,0,0,06-JAN-2025
OPTSTK,SUNTV,27-Feb-2025,2025-02-27,800.00,PE,0.00,0.00,0.00,76.25,125.90,0,0.00,0,0,06-JAN-2025
OPTSTK,MARUTI,27-Feb-2025,2025-02-27,10000.00,PE,28.85,31.00,28.85,31.00,31.00,28,140.404975,12750,1350,06-JAN-2025
OPTSTK,MARUTI,27-Mar-2025,2025-03-27,10000.00,PE,0.00,0.00,0.00,158.30,22.95,0,0.00,0,0,06-JAN-2025
OPTSTK,MARUTI,27-Mar-2025,2025-03-27,10000.00,CE,0.00,0.00,0.00,1234.90,1925.25,0,0.00,0,0,06-JAN-2025
OPTSTK,MARUTI,27-Feb-2025,2025-02-27,12900.00,CE,0.00,0.00,0.00,40.95,92.20,0,0.00,0,0,06-JAN-2025
OPTSTK,SUNTV,27-Feb-2025,2025-02-27,580.00,CE,0.00,0.00,0.00,179.95,96.80,0,0.00,0,0,06-JAN-2025
OPTSTK,MARUTI,30-Jan-2025,2025-01-30,10000.00,PE,7.95,9.95,5.25,8.65,8.65,1840,9207.50715,86800,-12550,06-JAN-2025
FUTSTK,SUNTV,30-Jan-2025,2025-01-30,,,686.00,689.50,665.20,669.60,669.60,1175,5935.49812,4293750,-8250,06-JAN-2025
FUTSTK,SUNTV,27-Feb-2025,2025-02-27,,,678.45,679.85,660.65,663.95,663.95,117,585.183375,195000,24000,06-JAN-2025
OPTSTK,ALKEM,30-Jan-2025,2025-01-30,5300.00,CE,0.00,0.00,0.00,283.00,296.15,0,0.00,200,0,06-JAN-2025
OPTSTK,ALKEM,27-Mar-2025,2025-03-27,5300.00,CE,0.00,0.00,0.00,426.15,428.25,0,0.00,0,0,06-JAN-2025
OPTSTK,ALKEM,27-Feb-2025,2025-02-27,5300.00,PE,0.00,0.00,0.00,183.35,90.45,0,0.00,0,0,06-JAN-2025
OPTSTK,SONACOMS,27-Feb-2025,2025-02-27,530.00,PE,0.00,0.00,0.00,12.40,8.15,0,0.00,0,0,06-JAN-2025
OPTSTK,ALKEM,27-Feb-2025,2025-02-27,5500.00,PE,0.00,0.00,0.00,277.80,165.65,0,0.00,0,0,06-JAN-2025
OPTSTK,ALKEM,27-Feb-2025,2025-02-27,5500.00,CE,0.00,0.00,0.00,255.40,245.25,0,0.00,0,0,06-JAN-2025
OPTSTK,ALKEM,30-Jan-2025,2025-01-30,5500.00,CE,141.05,167.70,124.10,160.80,160.80,1945,10983.2920,51800,17100,06-JAN-2025
OPTSTK,SONACOMS,30-Jan-2025,2025-01-30,540.00,CE,0.00,0.00,0.00,136.35,48.60,0,0.00,0,0,06-JAN-2025
OPTSTK,SONACOMS,27-Feb-2025,2025-02-27,660.00,PE,0.00,0.00,0.00,46.25,79.55,0,0.00,0,0,06-JAN-2025
OPTSTK,SONACOMS,30-Jan-2025,2025-01-30,550.00,CE,0.00,0.00,0.00,127.75,40.85,0,0.00,0,0,06-JAN-2025
OPTSTK,ALKEM,27-Feb-2025,2025-02-27,5900.00,CE,0.00,0.00,0.00,116.35,88.80,0,0.00,0,0,06-JAN-2025
OPTSTK,ALKEM,30-Jan-2025,2025-01-30,5900.00,PE,0.00,0.00,0.00,525.00,378.80,0,0.00,300,0,06-JAN-2025
OPTSTK,ALKEM,27-Feb-2025,2025-02-27,5000.00,CE,0.00,0.00,0.00,657.50,602.90,0,0.00,0,0,06-JAN-2025
OPTSTK,ALKEM,27-Feb-2025,2025-02-27,5750.00,CE,0.00,0.00,0.00,158.70,134.25,0,0.00,0,0,06-JAN-2025
OPTSTK,SONACOMS,30-Jan-2025,2025-01-30,580.00,PE,19.00,24.50,17.25,23.40,23.40,49,228.098,57350,9300,06-JAN-2025
OPTSTK,SONACOMS,27-Mar-2025,2025-03-27,580.00,PE,0.00,0.00,0.00,35.85,31.10,0,0.00,0,0,06-JAN-2025
OPTSTK,SONACOMS,30-Jan-2025,2025-01-30,500.00,CE,0.00,0.00,0.00,95.00,84.40,0,0.00,775,0,06-JAN-2025
OPTSTK,SONACOMS,27-Feb-2025,2025-02-27,550.00,CE,0.00,0.00,0.00,68.55,50.40,0,0.00,0,0,06-JAN-2025
OPTSTK,SONACOMS,30-Jan-2025,2025-01-30,540.00,PE,5.55,8.20,5.55,8.20,8.20,33,140.0053,41850,10850,06-JAN-2025
OPTSTK,ALKEM,30-Jan-2025,2025-01-30,4700.00,PE,9.40,9.40,6.75,6.95,0.40,24,112.97085,200,-2100,06-JAN-2025
OPTSTK,ALKEM,27-Feb-2025,2025-02-27,4700.00,CE,0.00,0.00,0.00,799.45,877.80,0,0.00,0,0,06-JAN-2025
OPTSTK,ALKEM,27-Feb-2025,2025-02-27,5350.00,CE,0.00,0.00,0.00,330.45,334.60,0,0.00,0,0,06-JAN-2025
OPTSTK,ALKEM,30-Jan-2025,2025-01-30,5350.00,PE,81.05,91.10,72.75,87.15,58.90,57,309.5853,9500,800,06-JAN-2025
OPTSTK,SONACOMS,30-Jan-2025,2025-01-30,610.00,PE,0.00,0.00,0.00,27.50,35.70,0,0.00,1550,0,06-JAN-2025
OPTSTK,SONACOMS,27-Feb-2025,2025-02-27,610.00,PE,0.00,0.00,0.00,44.70,42.45,0,0.00,0,0,06-JAN-2025
OPTSTK,SONACOMS,27-Feb-2025,2025-02-27,610.00,CE,0.00,0.00,0.00,35.90,19.80,0,0.00,0,0,06-JAN-2025
OPTSTK,ALKEM,27-Mar-2025,2025-03-27,6400.00,CE,0.00,0.00,0.00,70.35,42.45,0,0.00,0,0,06-JAN-2025
OPTSTK,ALKEM,27-Feb-2025,2025-02-27,6400.00,PE,0.00,0.00,0.00,909.15,828.70,0,0.00,0,0,06-JAN-2025
OPTSTK,ALKEM,27-Mar-2025,2025-03-27,6000.00,CE,0.00,0.00,0.00,146.20,113.50,0,0.00,0,0,06-JAN-2025
OPTSTK,ALKEM,30-Jan-2025,2025-01-30,6000.00,CE,22.85,32.85,17.15,30.10,30.10,1096,6604.1819,56500,6900,06-JAN-2025
OPTSTK,ALKEM,27-Mar-2025,2025-03-27,5600.00,CE,0.00,0.00,0.00,279.00,257.95,0,0.00,0,0,06-JAN-2025
OPTSTK,SONACOMS,27-Feb-2025,2025-02-27,640.00,CE,0.00,0.00,0.00,73.40,11.20,0,0.00,0,0,06-JAN-2025
OPTSTK,NESTLEIND,27-Mar-2025,2025-03-27,2280.00,CE,0.00,0.00,0.00,59.50,49.65,0,0.00,0,0,06-JAN-2025
OPTSTK,NESTLEIND,27-Mar-2025,2025-03-27,2280.00,PE,0.00,0.00,0.00,148.40,111.15,0,0.00,0,0,06-JAN-2025
OPTSTK,NESTLEIND,27-Feb-2025,2025-02-27,2560.00,CE,0.00,0.00,0.00,21.30,0.95,0,0.00,0,0,06-JAN-2025
OPTSTK,NESTLEIND,27-Feb-2025,2025-02-27,2020.00,PE,0.00,0.00,0.00,22.85,7.20,0,0.00,0,0,06-JAN-2025
OPTSTK,NESTLEIND,30-Jan-2025,2025-01-30,2380.00,PE,0.00,0.00,0.00,155.15,186.40,0,0.00,0,0,06-JAN-2025
OPTSTK,NESTLEIND,30-Jan-2025,2025-01-30,2020.00,PE,3.65,5.45,2.70,4.40,4.40,91,368.3797,20800,5800,06-JAN-2025
OPTSTK,NESTLEIND,30-Jan-2025,2025-01-30,1920.00,PE,0.00,0.00,0.00,5.65,0.05,0,0.00,0,0,06-JAN-2025
OPTSTK,NESTLEIND,30-Jan-2025,2025-01-30,1960.00,PE,2.00,2.55,1.65,1.75,1.75,169,663.1991,52000,14200,06-JAN-2025
OPTSTK,NESTLEIND,27-Mar-2025,2025-03-27,2480.00,CE,0.00,0.00,0.00,16.95,9.25,0,0.00,0,0,06-JAN-2025
OPTSTK,NESTLEIND,27-Feb-2025,2025-02-27,2480.00,PE,0.00,0.00,0.00,233.85,274.40,0,0.00,0,0,06-JAN-2025
OPTSTK,NESTLEIND,27-Mar-2025,2025-03-27,2480.00,PE,0.00,0.00,0.00,302.25,267.85,0,0.00,0,0,06-JAN-2025
OPTSTK,NESTLEIND,27-Feb-2025,2025-02-27,2000.00,PE,0.00,0.00,0.00,10.00,5.25,0,0.00,600,0,06-JAN-2025
OPTSTK,NESTLEIND,27-Mar-2025,2025-03-27,2440.00,CE,0.00,0.00,0.00,22.30,13.50,0,0.00,0,0,06-JAN-2025
OPTSTK,NESTLEIND,30-Jan-2025,2025-01-30,2420.00,CE,3.20,3.20,1.80,2.00,2.00,193,935.0283,15600,-1000,06-JAN-2025
OPTSTK,NESTLEIND,30-Jan-2025,2025-01-30,2360.00,PE,0.00,0.00,0.00,138.60,167.50,0,0.00,200,0,06-JAN-2025
OPTSTK,NESTLEIND,27-Feb-2025,2025-02-27,1920.00,PE,0.00,0.00,0.00,6.85,1.25,0,0.00,0,0,06-JAN-2025
OPTSTK,NESTLEIND,27-Mar-2025,2025-03-27,2000.00,PE,0.00,0.00,0.00,27.00,10.20,0,0.00,0,0,06-JAN-2025
OPTSTK,NESTLEIND,27-Mar-2025,2025-03-27,1960.00,CE,0.00,0.00,0.00,244.50,259.95,0,0.00,0,0,06-JAN-2025
OPTSTK,NESTLEIND,30-Jan-2025,2025-01-30,2300.00,PE,85.10,128.35,82.60,123.25,123.25,96,461.8322,86800,3800,06-JAN-2025
OPTSTK,NESTLEIND,27-Feb-2025,2025-02-27,2100.00,PE,0.00,0.00,0.00,45.90,21.05,0,0.00,0,0,06-JAN-2025
OPTSTK,NESTLEIND,27-Feb-2025,2025-02-27,1940.00,PE,0.00,0.00,0.00,9.70,1.85,0,0.00,0,0,06-JAN-2025
OPTSTK,NESTLEIND,27-Feb-2025,2025-02-27,1940.00,CE,0.00,0.00,0.00,243.95,265.40,0,0.00,0,0,06-JAN-2025
OPTSTK,NESTLEIND,27-Feb-2025,2025-02-27,2460.00,PE,0.00,0.00,0.00,288.60,255.55,0,0.00,0,0,06-JAN-2025
OPTSTK,NESTLEIND,27-Feb-2025,2025-02-27,2320.00,PE,0.00,0.00,0.00,124.65,134.35,0,0.00,0,0,06-JAN-2025
OPTSTK,NESTLEIND,27-Mar-2025,2025-03-27,2320.00,PE,0.00,0.00,0.00,175.50,137.90,0,0.00,0,0,06-JAN-2025
OPTSTK,NESTLEIND,27-Mar-2025,2025-03-27,2320.00,CE,0.00,0.00,0.00,47.30,37.00,0,0.00,0,0,06-JAN-2025
OPTSTK,NESTLEIND,27-Feb-2025,2025-02-27,2320.00,CE,0.00,0.00,0.00,82.75,21.55,0,0.00,0,0,06-JAN-2025
OPTSTK,NESTLEIND,27-Feb-2025,2025-02-27,2020.00,CE,0.00,0.00,0.00,178.05,191.50,0,0.00,0,0,06-JAN-2025
OPTSTK,NESTLEIND,30-Jan-2025,2025-01-30,2340.00,CE,10.75,11.45,4.10,4.80,4.80,932,4372.7633,43200,16000,06-JAN-2025
OPTSTK,NESTLEIND,27-Mar-2025,2025-03-27,2360.00,PE,0.00,0.00,0.00,204.80,167.30,0,0.00,0,0,06-JAN-2025
OPTSTK,NESTLEIND,27-Feb-2025,2025-02-27,2380.00,CE,0.00,0.00,0.00,18.80,11.15,0,0.00,0,0,06-JAN-2025
OPTSTK,NESTLEIND,30-Jan-2025,2025-01-30,2560.00,CE,0.00,0.00,0.00,26.60,0.05,0,0.00,0,0,06-JAN-2025
OPTSTK,TATASTEEL,27-Feb-2025,2025-02-27,113.00,CE,0.00,0.00,0.00,29.15,20.60,0,0.00,0,0,06-JAN-2025
OPTSTK,TATASTEEL,27-Feb-2025,2025-02-27,129.00,PE,0.00,0.00,0.00,2.75,3.60,0,0.00,0,0,06-JAN-2025
OPTSTK,TATASTEEL,27-Feb-2025,2025-02-27,113.00,PE,0.00,0.00,0.00,0.40,0.35,0,0.00,0,0,06-JAN-2025
OPTSTK,TATASTEEL,30-Jan-2025,2025-01-30,129.00,CE,7.65,7.65,6.10,6.15,6.15,21,156.497,77000,77000,06-JAN-2025
OPTSTK,TATASTEEL,30-Jan-2025,2025-01-30,129.00,PE,0.95,2.80,0.95,2.50,2.50,579,4170.1275,1100000,258500,06-JAN-2025
OPTSTK,TATASTEEL,30-Jan-2025,2025-01-30,170.00,PE,36.30,37.15,36.30,37.10,37.05,4,45.5235,3514500,-11000,06-JAN-2025
OPTSTK,TATASTEEL,27-Feb-2025,2025-02-27,170.00,CE,0.30,0.30,0.25,0.30,0.05,90,842.9685,1171500,297000,06-JAN-2025
OPTSTK,TATASTEEL,30-Jan-2025,2025-01-30,118.00,PE,0.25,0.55,0.25,0.50,0.50,404,2630.7985,440000,440000,06-JAN-2025
OPTSTK,TATASTEEL,30-Jan-2025,2025-01-30,118.00,CE,0.00,0.00,0.00,23.45,14.90,0,0.00,0,0,06-JAN-2025
OPTSTK,TATASTEEL,27-Feb-2025,2025-02-27,118.00,CE,0.00,0.00,0.00,24.65,16.15,0,0.00,0,0,06-JAN-2025
OPTSTK,TATASTEEL,27-Feb-2025,2025-02-27,147.00,CE,0.00,0.00,0.00,5.85,1.50,0,0.00,0,0,06-JAN-2025
OPTSTK,TATASTEEL,30-Jan-2025,2025-01-30,147.00,CE,1.10,1.10,0.50,0.55,0.55,523,4248.189,1287000,302500,06-JAN-2025
OPTSTK,BAJAJFINSV,27-Feb-2025,2025-02-27,1680.00,PE,0.00,0.00,0.00,60.00,52.20,0,0.00,500,0,06-JAN-2025
OPTSTK,TATASTEEL,27-Feb-2025,2025-02-27,145.00,CE,3.65,3.65,2.00,2.10,2.10,103,834.5205,407000,154000,06-JAN-2025
OPTSTK,TATASTEEL,27-Feb-2025,2025-02-27,151.00,CE,0.00,0.00,0.00,4.50,0.95,0,0.00,0,0,06-JAN-2025
OPTSTK,TATASTEEL,30-Jan-2025,2025-01-30,151.00,CE,0.70,0.70,0.30,0.30,0.30,292,2431.6765,962500,-374000,06-JAN-2025
OPTSTK,TATASTEEL,30-Jan-2025,2025-01-30,151.00,PE,0.00,0.00,0.00,9.50,18.30,0,0.00,5500,0,06-JAN-2025
OPTSTK,TATASTEEL,27-Feb-2025,2025-02-27,151.00,PE,0.00,0.00,0.00,13.25,18.30,0,0.00,0,0,06-JAN-2025
OPTSTK,BAJAJFINSV,30-Jan-2025,2025-01-30,1760.00,PE,61.70,88.55,59.65,82.15,82.15,113,1033.6185,40000,11000,06-JAN-2025
OPTSTK,TATASTEEL,30-Jan-2025,2025-01-30,124.00,CE,0.00,0.00,0.00,17.95,9.60,0,0.00,0,0,06-JAN-2025
OPTSTK,TATASTEEL,27-Mar-2025,2025-03-27,124.00,PE,0.00,0.00,0.00,2.45,2.85,0,0.00,0,0,06-JAN-2025
OPTSTK,TATASTEEL,30-Jan-2025,2025-01-30,124.00,PE,0.45,1.35,0.45,1.20,1.20,728,5003.108,1672000,275000,06-JAN-2025
OPTSTK,TATASTEEL,27-Mar-2025,2025-03-27,124.00,CE,0.00,0.00,0.00,21.05,12.90,0,0.00,0,0,06-JAN-2025
OPTSTK,BAJAJFINSV,27-Feb-2025,2025-02-27,1420.00,PE,0.00,0.00,0.00,5.15,1.40,0,0.00,0,0,06-JAN-2025
OPTSTK,BAJAJFINSV,27-Feb-2025,2025-02-27,1420.00,CE,0.00,0.00,0.00,174.15,279.60,0,0.00,0,0,06-JAN-2025
OPTSTK,BAJAJFINSV,30-Jan-2025,2025-01-30,1420.00,CE,0.00,0.00,0.00,188.30,270.95,0,0.00,0,0,06-JAN-2025
OPTSTK,BAJAJFINSV,30-Jan-2025,2025-01-30,1680.00,CE,69.20,75.10,41.35,46.20,46.20,1060,9181.861,447500,-41500,06-JAN-2025
OPTSTK,BAJAJFINSV,27-Mar-2025,2025-03-27,1480.00,CE,0.00,0.00,0.00,147.60,235.40,0,0.00,0,0,06-JAN-2025
OPTSTK,BAJAJFINSV,30-Jan-2025,2025-01-30,1920.00,CE,3.25,4.10,1.70,1.95,1.95,837,8047.93425,107500,37000,06-JAN-2025
OPTSTK,BAJAJFINSV,27-Feb-2025,2025-02-27,1920.00,CE,0.00,0.00,0.00,12.35,7.50,0,0.00,0,0,06-JAN-2025
OPTSTK,BAJAJFINSV,27-Feb-2025,2025-02-27,1720.00,CE,0.00,0.00,0.00,66.00,53.70,0,0.00,1500,0,06-JAN-2025
OPTSTK,MANAPPURAM,27-Mar-2025,2025-03-27,160.00,CE,0.00,0.00,0.00,33.80,26.55,0,0.00,0,0,06-JAN-2025
OPTSTK,MANAPPURAM,30-Jan-2025,2025-01-30,160.00,CE,0.00,0.00,0.00,33.15,21.20,0,0.00,420000,0,06-JAN-2025
OPTSTK,MANAPPURAM,30-Jan-2025,2025-01-30,192.50,CE,2.60,2.60,1.60,2.10,2.10,10,58.416,462000,-27000,06-JAN-2025
OPTSTK,MANAPPURAM,27-Feb-2025,2025-02-27,192.50,CE,0.00,0.00,0.00,12.65,6.70,0,0.00,0,0,06-JAN-2025
OPTSTK,MANAPPURAM,27-Feb-2025,2025-02-27,187.50,CE,0.00,0.00,0.00,14.75,8.40,0,0.00,0,0,06-JAN-2025
OPTSTK,MANAPPURAM,27-Mar-2025,2025-03-27,180.00,PE,0.00,0.00,0.00,14.30,12.75,0,0.00,0,0,06-JAN-2025
OPTSTK,MANAPPURAM,27-Feb-2025,2025-02-27,180.00,PE,0.00,0.00,0.00,28.60,10.60,0,0.00,0,0,06-JAN-2025
OPTSTK,MANAPPURAM,30-Jan-2025,2025-01-30,215.00,CE,1.05,1.05,0.50,0.70,0.70,10,64.758,336000,-30000,06-JAN-2025
OPTSTK,MANAPPURAM,27-Mar-2025,2025-03-27,215.00,PE,0.00,0.00,0.00,35.75,36.55,0,0.00,0,0,06-JAN-2025
OPTSTK,MANAPPURAM,30-Jan-2025,2025-01-30,215.00,PE,0.00,0.00,0.00,56.95,35.15,0,0.00,0,0,06-JAN-2025
OPTSTK,MANAPPURAM,30-Jan-2025,2025-01-30,172.50,PE,1.30,4.00,1.25,4.00,4.00,3,15.7215,348000,-9000,06-JAN-2025
OPTSTK,MANAPPURAM,27-Feb-2025,2025-02-27,172.50,PE,0.00,0.00,0.00,8.65,7.15,0,0.00,0,0,06-JAN-2025
OPTSTK,MANAPPURAM,27-Mar-2025,2025-03-27,190.00,CE,0.00,0.00,0.00,17.20,10.50,0,0.00,0,0,06-JAN-2025
OPTSTK,MANAPPURAM,27-Mar-2025,2025-03-27,150.00,CE,0.00,0.00,0.00,41.05,34.10,0,0.00,0,0,06-JAN-2025
OPTSTK,MANAPPURAM,30-Jan-2025,2025-01-30,150.00,CE,0.00,0.00,0.00,42.00,30.25,0,0.00,24000,0,06-JAN-2025
OPTSTK,MANAPPURAM,27-Feb-2025,2025-02-27,170.00,PE,0.00,0.00,0.00,3.10,6.20,0,0.00,3000,0,06-JAN-2025
OPTSTK,MANAPPURAM,27-Mar-2025,2025-03-27,165.00,CE,0.00,0.00,0.00,30.45,23.15,0,0.00,0,0,06-JAN-2025
OPTSTK,MANAPPURAM,30-Jan-2025,2025-01-30,207.50,CE,0.00,0.00,0.00,2.50,0.85,0,0.00,132000,0,06-JAN-2025
OPTSTK,MANAPPURAM,30-Jan-2025,2025-01-30,207.50,PE,0.00,0.00,0.00,16.50,28.15,0,0.00,15000,0,06-JAN-2025
OPTSTK,MANAPPURAM,30-Jan-2025,2025-01-30,177.50,CE,0.00,0.00,0.00,16.75,8.85,0,0.00,54000,0,06-JAN-2025
OPTSTK,MANAPPURAM,30-Jan-2025,2025-01-30,177.50,PE,1.20,3.20,1.20,3.20,6.30,16,85.836,246000,-48000,06-JAN-2025
OPTSTK,MANAPPURAM,30-Jan-2025,2025-01-30,220.00,PE,0.00,0.00,0.00,28.10,39.95,0,0.00,6000,0,06-JAN-2025
OPTSTK,MANAPPURAM,27-Feb-2025,2025-02-27,195.00,CE,0.00,0.00,0.00,5.30,5.95,0,0.00,0,0,06-JAN-2025
OPTSTK,MANAPPURAM,30-Jan-2025,2025-01-30,205.00,PE,0.00,0.00,0.00,14.25,25.85,0,0.00,210000,0,06-JAN-2025
OPTSTK,MANAPPURAM,27-Feb-2025,2025-02-27,177.50,CE,0.00,0.00,0.00,19.70,12.85,0,0.00,0,0,06-JAN-2025
OPTSTK,MANAPPURAM,27-Feb-2025,2025-02-27,177.50,PE,0.00,0.00,0.00,10.70,9.35,0,0.00,0,0,06-JAN-2025
OPTSTK,MANAPPURAM,27-Feb-2025,2025-02-27,190.00,PE,0.00,0.00,0.00,10.00,16.40,0,0.00,21000,0,06-JAN-2025
OPTSTK,MANAPPURAM,30-Jan-2025,2025-01-30,200.00,CE,3.00,3.00,1.10,1.45,1.45,80,484.506,3753000,-240000,06-JAN-2025
OPTSTK,MANAPPURAM,30-Jan-2025,2025-01-30,200.00,PE,15.20,15.20,15.20,15.20,21.50,1,6.456,285000,-3000,06-JAN-2025
OPTSTK,MANAPPURAM,27-Mar-2025,2025-03-27,200.00,PE,0.00,0.00,0.00,25.45,25.05,0,0.00,0,0,06-JAN-2025
OPTSTK,MANAPPURAM,27-Feb-2025,2025-02-27,175.00,PE,0.00,0.00,0.00,4.80,8.20,0,0.00,3000,0,06-JAN-2025
OPTSTK,ACC,30-Jan-2025,2025-01-30,1840.00,PE,9.55,15.20,8.55,14.30,14.30,133,739.1238,15000,-1200,06-JAN-2025
OPTSTK,ACC,30-Jan-2025,2025-01-30,2200.00,PE,164.55,216.55,164.55,211.25,211.25,54,387.84675,119400,5100,06-JAN-2025
OPTSTK,ACC,30-Jan-2025,2025-01-30,2200.00,CE,15.05,15.75,7.70,8.35,8.35,955,6332.7603,200700,9000,06-JAN-2025
OPTSTK,ACC,30-Jan-2025,2025-01-30,1940.00,CE,87.30,92.90,86.05,92.35,92.35,19,115.75665,3300,2700,06-JAN-2025
OPTSTK,ACC,30-Jan-2025,2025-01-30,2080.00,PE,72.35,112.75,72.35,111.80,111.80,85,553.73745,49800,-11700,06-JAN-2025
OPTSTK,ADANIPORTS,27-Mar-2025,2025-03-27,1120.00,PE,0.00,0.00,0.00,59.70,62.80,0,0.00,0,0,06-JAN-2025
OPTSTK,ACC,30-Jan-2025,2025-01-30,2140.00,CE,28.70,28.70,14.00,15.40,15.40,707,4578.3843,45600,900,06-JAN-2025
OPTSTK,ADANIPORTS,30-Jan-2025,2025-01-30,1260.00,PE,74.20,104.40,74.00,102.70,102.70,60,324.177,368000,-5200,06-JAN-2025
OPTSTK,ACC,27-Feb-2025,2025-02-27,1860.00,PE,0.00,0.00,0.00,36.00,36.45,0,0.00,0,0,06-JAN-2025
OPTSTK,ACC,27-Feb-2025,2025-02-27,1860.00,CE,0.00,0.00,0.00,286.95,178.35,0,0.00,0,0,06-JAN-2025
OPTSTK,ACC,30-Jan-2025,2025-01-30,2400.00,PE,365.50,408.05,363.10,401.75,401.75,8,66.7986,503100,-900,06-JAN-2025
OPTSTK,ADANIPORTS,27-Feb-2025,2025-02-27,1280.00,PE,0.00,0.00,0.00,76.45,140.70,0,0.00,1200,0,06-JAN-2025
OPTSTK,ACC,27-Feb-2025,2025-02-27,1760.00,PE,0.00,0.00,0.00,19.90,15.25,0,0.00,0,0,06-JAN-2025
OPTSTK,ADANIPORTS,30-Jan-2025,2025-01-30,1300.00,PE,115.00,140.20,111.40,139.50,139.50,44,251.3552,455600,2000,06-JAN-2025
OPTSTK,ACC,30-Jan-2025,2025-01-30,2260.00,CE,6.00,6.55,4.40,4.70,4.70,111,754.3647,30000,6600,06-JAN-2025
OPTSTK,ACC,30-Jan-2025,2025-01-30,2240.00,CE,7.65,8.00,5.20,5.20,5.20,23,155.03265,11400,-1500,06-JAN-2025
OPTSTK,ACC,27-Feb-2025,2025-02-27,2240.00,CE,0.00,0.00,0.00,162.75,22.95,0,0.00,0,0,06-JAN-2025
OPTSTK,ACC,27-Feb-2025,2025-02-27,2240.00,PE,0.00,0.00,0.00,173.80,257.40,0,0.00,0,0,06-JAN-2025
OPTSTK,ACC,27-Mar-2025,2025-03-27,2240.00,PE,0.00,0.00,0.00,223.25,264.90,0,0.00,0,0,06-JAN-2025
OPTSTK,ADANIPORTS,27-Feb-2025,2025-02-27,1400.00,PE,0.00,0.00,0.00,259.90,237.45,0,0.00,0,0,06-JAN-2025
OPTSTK,ADANIPORTS,27-Feb-2025,2025-02-27,1400.00,CE,8.05,10.85,6.20,6.45,6.45,76,427.7308,44800,23200,06-JAN-2025
OPTSTK,ACC,27-Mar-2025,2025-03-27,2160.00,CE,0.00,0.00,0.00,142.10,61.60,0,0.00,0,0,06-JAN-2025
OPTSTK,ACC,27-Feb-2025,2025-02-27,1920.00,CE,0.00,0.00,0.00,352.25,138.70,0,0.00,0,0,06-JAN-2025
OPTSTK,ADANIPORTS,27-Feb-2025,2025-02-27,1080.00,CE,0.00,0.00,0.00,176.35,127.30,0,0.00,0,0,06-JAN-2025
OPTSTK,ACC,30-Jan-2025,2025-01-30,1920.00,CE,0.00,0.00,0.00,160.55,105.30,0,0.00,600,0,06-JAN-2025
OPTSTK,ADANIPORTS,27-Mar-2025,2025-03-27,1360.00,PE,0.00,0.00,0.00,180.90,211.35,0,0.00,0,0,06-JAN-2025
OPTSTK,ACC,27-Mar-2025,2025-03-27,1800.00,PE,0.00,0.00,0.00,37.65,35.15,0,0.00,0,0,06-JAN-2025
OPTSTK,ACC,27-Feb-2025,2025-02-27,2060.00,PE,0.00,0.00,0.00,104.05,125.60,0,0.00,0,0,06-JAN-2025
FUTSTK,ACC,30-Jan-2025,2025-01-30,,,2046.65,2069.75,1983.35,1993.50,1993.50,3094,18733.6036,4274100,-36000,06-JAN-2025
OPTSTK,ACC,30-Jan-2025,2025-01-30,2080.00,CE,51.05,51.65,25.25,27.35,27.35,596,3781.82265,87300,5700,06-JAN-2025
OPTSTK,ADANIPORTS,30-Jan-2025,2025-01-30,1180.00,PE,27.70,47.45,25.25,45.00,45.00,2152,10464.7252,312000,12400,06-JAN-2025
OPTSTK,ADANIPORTS,27-Feb-2025,2025-02-27,1340.00,CE,0.00,0.00,0.00,72.75,22.75,0,0.00,0,0,06-JAN-2025
OPTSTK,ASIANPAINT,27-Feb-2025,2025-02-27,2580.00,PE,0.00,0.00,0.00,302.25,294.20,0,0.00,0,0,06-JAN-2025
OPTSTK,ASIANPAINT,30-Jan-2025,2025-01-30,2580.00,CE,4.10,4.10,2.25,2.50,0.55,184,950.4794,22800,-1800,06-JAN-2025
OPTSTK,ASIANPAINT,30-Jan-2025,2025-01-30,2580.00,PE,0.00,0.00,0.00,159.10,301.95,0,0.00,0,0,06-JAN-2025
OPTSTK,ASIANPAINT,27-Mar-2025,2025-03-27,2480.00,CE,0.00,0.00,0.00,52.60,31.25,0,0.00,0,0,06-JAN-2025
OPTSTK,ASIANPAINT,27-Feb-2025,2025-02-27,2480.00,PE,0.00,0.00,0.00,116.30,205.40,0,0.00,0,0,06-JAN-2025
OPTSTK,ASIANPAINT,27-Mar-2025,2025-03-27,1920.00,CE,0.00,0.00,0.00,386.25,378.30,0,0.00,0,0,06-JAN-2025
OPTSTK,ASIANPAINT,30-Jan-2025,2025-01-30,1920.00,PE,0.80,2.00,0.75,1.80,0.05,79,303.574,21000,-4600,06-JAN-2025
OPTSTK,ASIANPAINT,27-Mar-2025,2025-03-27,2720.00,PE,0.00,0.00,0.00,422.90,417.85,0,0.00,0,0,06-JAN-2025
OPTSTK,ASIANPAINT,30-Jan-2025,2025-01-30,2720.00,PE,0.00,0.00,0.00,428.00,440.85,0,0.00,800,0,06-JAN-2025
FUTSTK,ASIANPAINT,27-Mar-2025,2025-03-27,,,2372.00,2372.00,2293.15,2303.65,2303.65,200,926.5589,68400,23200,06-JAN-2025
OPTSTK,ASIANPAINT,30-Jan-2025,2025-01-30,1880.00,PE,0.80,1.50,0.60,1.35,1.35,11,41.3819,12000,-1000,06-JAN-2025
OPTSTK,ASIANPAINT,27-Feb-2025,2025-02-27,2280.00,CE,0.00,0.00,0.00,99.00,77.70,0,0.00,200,0,06-JAN-2025
OPTSTK,ASIANPAINT,27-Mar-2025,2025-03-27,2720.00,CE,0.00,0.00,0.00,14.40,4.95,0,0.00,0,0,06-JAN-2025
OPTSTK,ASIANPAINT,30-Jan-2025,2025-01-30,2720.00,CE,1.20,1.20,1.10,1.15,0.05,110,598.6515,6800,-7600,06-JAN-2025
OPTSTK,ASIANPAINT,30-Jan-2025,2025-01-30,2560.00,PE,0.00,0.00,0.00,261.95,282.30,0,0.00,2000,0,06-JAN-2025
OPTSTK,ASIANPAINT,27-Mar-2025,2025-03-27,2560.00,CE,0.00,0.00,0.00,35.15,17.80,0,0.00,0,0,06-JAN-2025
OPTSTK,ASIANPAINT,30-Jan-2025,2025-01-30,2020.00,PE,2.00,4.35,1.75,4.20,4.20,227,918.2718,44400,30000,06-JAN-2025
OPTSTK,ASIANPAINT,27-Feb-2025,2025-02-27,2380.00,PE,0.00,0.00,0.00,147.90,128.25,0,0.00,0,0,06-JAN-2025
OPTSTK,ASIANPAINT,27-Feb-2025,2025-02-27,2440.00,PE,0.00,0.00,0.00,97.75,172.80,0,0.00,0,0,06-JAN-2025
OPTSTK,ASIANPAINT,27-Feb-2025,2025-02-27,2680.00,CE,0.00,0.00,0.00,63.35,1.95,0,0.00,0,0,06-JAN-2025
OPTSTK,ASIANPAINT,27-Feb-2025,2025-02-27,1920.00,CE,0.00,0.00,0.00,574.90,366.40,0,0.00,0,0,06-JAN-2025
OPTSTK,ASIANPAINT,27-Mar-2025,2025-03-27,2400.00,PE,0.00,0.00,0.00,170.80,149.70,0,0.00,0,0,06-JAN-2025
OPTSTK,ASIANPAINT,30-Jan-2025,2025-01-30,2400.00,PE,89.05,150.20,89.00,140.80,140.80,507,2556.6994,266200,-13600,06-JAN-2025
OPTSTK,ASIANPAINT,30-Jan-2025,2025-01-30,3200.00,CE,0.00,0.00,0.00,0.80,0.05,0,0.00,9800,0,06-JAN-2025
OPTSTK,ASIANPAINT,27-Feb-2025,2025-02-27,2000.00,CE,0.00,0.00,0.00,499.15,289.70,0,0.00,0,0,06-JAN-2025
OPTSTK,ASIANPAINT,30-Jan-2025,2025-01-30,2160.00,CE,163.95,164.50,125.00,133.60,133.60,41,188.8336,6800,-1400,06-JAN-2025
OPTSTK,ASIANPAINT,30-Jan-2025,2025-01-30,2800.00,CE,1.05,1.10,0.85,0.90,0.90,124,694.6383,86000,2400,06-JAN-2025
OPTSTK,ASIANPAINT,30-Jan-2025,2025-01-30,2120.00,PE,5.40,14.55,5.40,13.25,13.25,451,1921.8358,43800,-800,06-JAN-2025
OPTSTK,ASIANPAINT,30-Jan-2025,2025-01-30,2300.00,PE,36.20,78.45,34.95,71.95,71.95,3564,16813.6374,436800,-117200,06-JAN-2025
OPTSTK,ASIANPAINT,30-Jan-2025,2025-01-30,2100.00,PE,4.55,11.60,3.85,10.50,10.50,1680,7084.0998,217400,46800,06-JAN-2025
OPTSTK,ASIANPAINT,27-Feb-2025,2025-02-27,2100.00,PE,0.00,0.00,0.00,26.80,12.95,0,0.00,0,0,06-JAN-2025
OPTSTK,LICI,27-Mar-2025,2025-03-27,760.00,PE,0.00,0.00,0.00,15.80,9.80,0,0.00,0,0,06-JAN-2025
OPTSTK,LICI,27-Mar-2025,2025-03-27,880.00,PE,0.00,0.00,0.00,55.55,48.80,0,0.00,0,0,06-JAN-2025
OPTSTK,LICI,30-Jan-2025,2025-01-30,870.00,CE,39.05,39.05,25.95,27.65,27.65,31,160.523037,14950,3450,06-JAN-2025
OPTSTK,LICI,27-Feb-2025,2025-02-27,870.00,CE,0.00,0.00,0.00,74.80,50.10,0,0.00,0,0,06-JAN-2025
OPTSTK,LICI,30-Jan-2025,2025-01-30,740.00,CE,0.00,0.00,0.00,211.85,139.60,0,0.00,0,0,06-JAN-2025
OPTSTK,LICI,27-Feb-2025,2025-02-27,800.00,PE,8.00,10.00,7.95,10.00,12.00,7,32.5556375,4025,4025,06-JAN-2025
OPTSTK,COFORGE,30-Jan-2025,2025-01-30,8100.00,PE,0.00,0.00,0.00,20.70,3.90,0,0.00,5175,0,06-JAN-2025
OPTSTK,LICI,30-Jan-2025,2025-01-30,960.00,CE,6.20,6.20,2.95,3.25,3.25,540,2993.72571,155825,-20125,06-JAN-2025
OPTSTK,LICI,30-Jan-2025,2025-01-30,840.00,CE,44.15,44.15,44.15,44.15,52.60,1,5.0838625,575,575,06-JAN-2025
OPTSTK,COFORGE,27-Feb-2025,2025-02-27,10000.00,CE,0.00,0.00,0.00,350.00,346.25,0,0.00,225,0,06-JAN-2025
OPTSTK,COFORGE,27-Mar-2025,2025-03-27,10000.00,PE,0.00,0.00,0.00,913.65,698.65,0,0.00,0,0,06-JAN-2025
OPTSTK,COFORGE,27-Feb-2025,2025-02-27,10000.00,PE,0.00,0.00,0.00,1450.00,618.75,0,0.00,0,0,06-JAN-2025
FUTSTK,COFORGE,30-Jan-2025,2025-01-30,,,9670.00,9788.00,9615.75,9634.80,9634.80,7381,53667.1691,2270325,-16125,06-JAN-2025
OPTSTK,COFORGE,27-Mar-2025,2025-03-27,9200.00,CE,0.00,0.00,0.00,962.30,886.25,0,0.00,0,0,06-JAN-2025
OPTSTK,COFORGE,30-Jan-2025,2025-01-30,10700.00,CE,75.00,75.00,51.85,53.85,53.85,211,1702.46988,9300,2700,06-JAN-2025
OPTSTK,COFORGE,27-Feb-2025,2025-02-27,10700.00,PE,0.00,0.00,0.00,1313.65,1114.40,0,0.00,0,0,06-JAN-2025
OPTSTK,COFORGE,30-Jan-2025,2025-01-30,8600.00,CE,0.00,0.00,0.00,895.00,1095.00,0,0.00,300,0,06-JAN-2025
OPTSTK,LICI,30-Jan-2025,2025-01-30,1040.00,CE,0.00,0.00,0.00,1.05,0.70,0,0.00,20700,0,06-JAN-2025
OPTSTK,LICI,27-Mar-2025,2025-03-27,1040.00,CE,0.00,0.00,0.00,27.15,11.40,0,0.00,0,0,06-JAN-2025
OPTSTK,LICI,27-Feb-2025,2025-02-27,1040.00,CE,0.00,0.00,0.00,43.35,5.15,0,0.00,0,0,06-JAN-2025
OPTSTK,LICI,27-Feb-2025,2025-02-27,1040.00,PE,0.00,0.00,0.00,126.00,159.35,0,0.00,0,0,06-JAN-2025
OPTSTK,LICI,27-Mar-2025,2025-03-27,800.00,CE,0.00,0.00,0.00,131.95,106.00,0,0.00,0,0,06-JAN-2025
OPTSTK,LICI,30-Jan-2025,2025-01-30,800.00,PE,1.50,5.45,1.45,4.60,4.60,648,2994.26937,345000,151225,06-JAN-2025
OPTSTK,LICI,27-Mar-2025,2025-03-27,800.00,PE,0.00,0.00,0.00,25.60,18.40,0,0.00,0,0,06-JAN-2025
OPTSTK,COFORGE,27-Feb-2025,2025-02-27,9800.00,PE,0.00,0.00,0.00,425.00,503.40,0,0.00,150,0,06-JAN-2025
OPTSTK,LICI,30-Jan-2025,2025-01-30,1020.00,PE,0.00,0.00,0.00,104.35,140.85,0,0.00,0,0,06-JAN-2025
OPTSTK,LICI,27-Feb-2025,2025-02-27,1020.00,PE,0.00,0.00,0.00,112.60,141.45,0,0.00,0,0,06-JAN-2025
OPTSTK,LICI,27-Feb-2025,2025-02-27,1020.00,CE,0.00,0.00,0.00,49.60,7.05,0,0.00,0,0,06-JAN-2025
OPTSTK,COFORGE,30-Jan-2025,2025-01-30,9100.00,CE,741.25,741.25,741.25,741.25,673.00,5,36.9046875,2175,375,06-JAN-2025
OPTSTK,LICI,27-Feb-2025,2025-02-27,810.00,PE,0.00,0.00,0.00,20.80,14.40,0,0.00,0,0,06-JAN-2025
OPTSTK,LICI,30-Jan-2025,2025-01-30,1120.00,CE,0.60,0.60,0.60,0.60,0.60,2,12.8869,2875,1150,06-JAN-2025
OPTSTK,LICI,27-Mar-2025,2025-03-27,980.00,PE,0.00,0.00,0.00,112.95,111.95,0,0.00,0,0,06-JAN-2025
OPTSTK,LICI,30-Jan-2025,2025-01-30,980.00,CE,4.15,4.15,1.85,2.10,2.10,352,1988.00212,100625,-20700,06-JAN-2025
OPTSTK,OIL,27-Feb-2025,2025-02-27,460.00,PE,0.00,0.00,0.00,29.25,32.00,0,0.00,0,0,06-JAN-2025
OPTSTK,OIL,27-Mar-2025,2025-03-27,460.00,CE,0.00,0.00,0.00,35.05,43.20,0,0.00,0,0,06-JAN-2025
OPTSTK,NHPC,27-Mar-2025,2025-03-27,96.00,PE,0.00,0.00,0.00,15.70,16.70,0,0.00,0,0,06-JAN-2025
OPTSTK,NHPC,27-Feb-2025,2025-02-27,94.00,PE,0.00,0.00,0.00,13.50,14.70,0,0.00,0,0,06-JAN-2025
OPTSTK,OIL,30-Jan-2025,2025-01-30,380.00,PE,0.75,1.20,0.75,1.15,1.15,29,118.759012,39775,12900,06-JAN-2025
OPTSTK,NHPC,30-Jan-2025,2025-01-30,86.00,CE,1.55,1.55,0.75,0.85,0.85,209,1163.4752,1523200,-211200,06-JAN-2025
OPTSTK,NHPC,30-Jan-2025,2025-01-30,86.00,PE,5.65,7.90,5.65,7.90,7.35,3,17.8496,192000,0,06-JAN-2025
OPTSTK,NHPC,27-Feb-2025,2025-02-27,82.00,PE,0.00,0.00,0.00,6.40,5.70,0,0.00,0,0,06-JAN-2025
OPTSTK,NHPC,30-Jan-2025,2025-01-30,82.00,CE,3.35,3.35,1.65,1.70,1.70,439,2364.0672,1555200,838400,06-JAN-2025
OPTSTK,NHPC,30-Jan-2025,2025-01-30,82.00,PE,2.60,4.90,2.40,4.60,4.60,215,1176.4864,1075200,-57600,06-JAN-2025
OPTSTK,NHPC,27-Feb-2025,2025-02-27,82.00,CE,0.00,0.00,0.00,4.00,3.75,0,0.00,6400,0,06-JAN-2025
OPTSTK,OIL,30-Jan-2025,2025-01-30,360.00,CE,0.00,0.00,0.00,151.75,99.80,0,0.00,0,0,06-JAN-2025
OPTSTK,NHPC,27-Feb-2025,2025-02-27,69.00,PE,0.00,0.00,0.00,1.30,0.85,0,0.00,0,0,06-JAN-2025
OPTSTK,NHPC,27-Feb-2025,2025-02-27,69.00,CE,0.00,0.00,0.00,15.20,11.80,0,0.00,0,0,06-JAN-2025
FUTSTK,OIL,30-Jan-2025,2025-01-30,,,484.00,485.55,457.95,460.15,460.15,1683,8451.76878,8613975,26875,06-JAN-2025
OPTSTK,OIL,30-Jan-2025,2025-01-30,460.00,PE,8.80,18.45,8.60,17.60,17.60,525,2680.82263,189200,-12900,06-JAN-2025
OPTSTK,OIL,27-Mar-2025,2025-03-27,460.00,PE,0.00,0.00,0.00,59.70,38.70,0,0.00,0,0,06-JAN-2025
OPTSTK,OIL,27-Feb-2025,2025-02-27,390.00,CE,0.00,0.00,0.00,60.50,78.70,0,0.00,0,0,06-JAN-2025
OPTSTK,OIL,30-Jan-2025,2025-01-30,390.00,PE,0.95,1.60,0.95,1.60,1.60,30,126.214137,70950,-2150,06-JAN-2025
OPTSTK,OIL,30-Jan-2025,2025-01-30,390.00,CE,0.00,0.00,0.00,125.20,71.70,0,0.00,0,0,06-JAN-2025
OPTSTK,OIL,27-Feb-2025,2025-02-27,410.00,PE,1.95,1.95,1.95,1.95,11.95,1,4.4284625,1075,1075,06-JAN-2025
OPTSTK,OIL,30-Jan-2025,2025-01-30,400.00,PE,1.00,2.40,1.00,2.30,2.30,167,721.1788,124700,34400,06-JAN-2025
OPTSTK,OIL,27-Mar-2025,2025-03-27,400.00,CE,0.00,0.00,0.00,62.50,78.10,0,0.00,0,0,06-JAN-2025
OPTSTK,OIL,27-Feb-2025,2025-02-27,400.00,PE,0.00,0.00,0.00,11.55,9.35,0,0.00,0,0,06-JAN-2025
OPTSTK,OIL,27-Feb-2025,2025-02-27,430.00,CE,0.00,0.00,0.00,27.75,50.40,0,0.00,1075,0,06-JAN-2025
OPTSTK,OIL,27-Mar-2025,2025-03-27,360.00,CE,0.00,0.00,0.00,87.95,108.90,0,0.00,0,0,06-JAN-2025
OPTSTK,NHPC,27-Feb-2025,2025-02-27,73.00,CE,0.00,0.00,0.00,12.20,8.75,0,0.00,0,0,06-JAN-2025
OPTSTK,NHPC,27-Mar-2025,2025-03-27,86.00,CE,0.00,0.00,0.00,6.55,3.55,0,0.00,0,0,06-JAN-2025
FUTSTK,NHPC,27-Feb-2025,2025-02-27,,,82.71,82.78,78.10,78.38,78.38,319,1618.67072,3532800,140800,06-JAN-2025
OPTSTK,NHPC,30-Jan-2025,2025-01-30,88.00,CE,1.35,1.35,0.55,0.60,0.60,204,1158.1632,1260800,153600,06-JAN-2025
OPTSTK,NHPC,30-Jan-2025,2025-01-30,88.00,PE,0.00,0.00,0.00,5.70,9.00,0,0.00,704000,0,06-JAN-2025
OPTSTK,NHPC,27-Mar-2025,2025-03-27,88.00,PE,0.00,0.00,0.00,10.15,10.40,0,0.00,0,0,06-JAN-2025
OPTSTK,OIL,30-Jan-2025,2025-01-30,410.00,PE,1.55,3.45,1.55,3.30,3.30,141,625.825762,156950,52675,06-JAN-2025
OPTSTK,DALBHARAT,30-Jan-2025,2025-01-30,2020.00,CE,9.15,9.35,5.00,5.00,1.80,17,94.82935,4950,3850,06-JAN-2025
OPTSTK,DALBHARAT,30-Jan-2025,2025-01-30,1800.00,PE,52.10,85.35,39.30,83.60,83.60,165,844.111125,84700,-275,06-JAN-2025
OPTSTK,DALBHARAT,30-Jan-2025,2025-01-30,1780.00,CE,81.40,93.15,47.90,52.85,52.85,126,637.692275,32450,9075,06-JAN-2025
OPTSTK,DALBHARAT,27-Feb-2025,2025-02-27,1580.00,PE,0.00,0.00,0.00,30.75,13.40,0,0.00,0,0,06-JAN-2025
OPTSTK,DALBHARAT,27-Feb-2025,2025-02-27,2000.00,CE,0.00,0.00,0.00,69.20,13.65,0,0.00,0,0,06-JAN-2025
OPTSTK,DALBHARAT,30-Jan-2025,2025-01-30,1560.00,PE,10.60,11.70,10.55,10.75,2.45,10,43.201675,12650,2200,06-JAN-2025
OPTSTK,DALBHARAT,27-Feb-2025,2025-02-27,1540.00,CE,0.00,0.00,0.00,239.90,238.75,0,0.00,0,0,06-JAN-2025
OPTSTK,DALBHARAT,30-Jan-2025,2025-01-30,1540.00,CE,0.00,0.00,0.00,310.35,224.25,0,0.00,0,0,06-JAN-2025
OPTSTK,DALBHARAT,30-Jan-2025,2025-01-30,1860.00,PE,68.75,68.75,68.75,68.75,114.30,1,5.3040625,3300,275,06-JAN-2025
OPTSTK,DALBHARAT,27-Mar-2025,2025-03-27,1520.00,PE,0.00,0.00,0.00,28.65,12.80,0,0.00,0,0,06-JAN-2025
OPTSTK,DALBHARAT,27-Feb-2025,2025-02-27,1800.00,CE,0.00,0.00,0.00,90.00,64.00,0,0.00,275,0,06-JAN-2025
OPTSTK,DALBHARAT,30-Jan-2025,2025-01-30,1800.00,CE,76.75,86.00,40.00,44.85,44.85,329,1679.44356,113025,-1650,06-JAN-2025
OPTSTK,DALBHARAT,30-Jan-2025,2025-01-30,1740.00,PE,24.70,55.60,22.60,54.80,54.80,151,739.605762,43450,7975,06-JAN-2025
OPTSTK,DALBHARAT,30-Jan-2025,2025-01-30,1520.00,PE,4.90,8.10,4.90,7.75,7.75,26,109.151625,5775,5775,06-JAN-2025
OPTSTK,DALBHARAT,30-Jan-2025,2025-01-30,1920.00,CE,31.10,31.15,12.55,13.10,8.40,32,170.9114,13750,2750,06-JAN-2025
OPTSTK,DALBHARAT,30-Jan-2025,2025-01-30,1780.00,PE,42.25,77.55,35.50,71.90,71.90,75,378.020362,30800,2475,06-JAN-2025
FUTSTK,DALBHARAT,27-Mar-2025,2025-03-27,,,1832.00,1832.00,1775.60,1775.60,1782.00,4,19.7109,4400,550,06-JAN-2025
OPTSTK,DALBHARAT,27-Mar-2025,2025-03-27,1680.00,CE,0.00,0.00,0.00,166.15,150.55,0,0.00,0,0,06-JAN-2025
OPTSTK,DALBHARAT,27-Feb-2025,2025-02-27,1900.00,CE,0.00,0.00,0.00,48.75,31.35,0,0.00,0,0,06-JAN-2025
OPTSTK,DALBHARAT,27-Mar-2025,2025-03-27,1960.00,PE,0.00,0.00,0.00,240.10,210.45,0,0.00,0,0,06-JAN-2025
OPTSTK,DALBHARAT,27-Mar-2025,2025-03-27,2080.00,CE,0.00,0.00,0.00,30.60,15.95,0,0.00,0,0,06-JAN-2025
OPTSTK,DALBHARAT,27-Feb-2025,2025-02-27,1740.00,PE,0.00,0.00,0.00,89.00,60.30,0,0.00,0,0,06-JAN-2025
OPTSTK,DALBHARAT,30-Jan-2025,2025-01-30,2000.00,CE,6.80,14.45,6.00,6.50,6.50,208,1149.4846,88275,18975,06-JAN-2025
OPTSTK,DALBHARAT,27-Feb-2025,2025-02-27,2000.00,PE,0.00,0.00,0.00,213.80,238.65,0,0.00,0,0,06-JAN-2025
OPTSTK,DALBHARAT,27-Mar-2025,2025-03-27,2000.00,CE,0.00,0.00,0.00,45.00,27.25,0,0.00,0,0,06-JAN-2025
OPTSTK,DALBHARAT,30-Jan-2025,2025-01-30,1680.00,CE,119.85,119.85,110.00,110.00,102.70,2,9.8720875,8525,550,06-JAN-2025
OPTSTK,DALBHARAT,27-Feb-2025,2025-02-27,1680.00,PE,0.00,0.00,0.00,52.15,37.05,0,0.00,0,0,06-JAN-2025
OPTSTK,DALBHARAT,30-Jan-2025,2025-01-30,1760.00,CE,114.60,114.60,60.80,63.35,63.35,45,226.655962,33000,1375,06-JAN-2025
OPTSTK,DALBHARAT,27-Feb-2025,2025-02-27,1820.00,PE,0.00,0.00,0.00,133.10,102.75,0,0.00,0,0,06-JAN-2025
FUTSTK,DALBHARAT,30-Jan-2025,2025-01-30,,,1820.10,1846.05,1749.45,1759.95,1759.95,3773,18625.9143,2153800,-78650,06-JAN-2025
OPTSTK,INDIANB,30-Jan-2025,2025-01-30,610.00,PE,0.00,0.00,0.00,61.70,98.30,0,0.00,0,0,06-JAN-2025
OPTSTK,INDIANB,27-Feb-2025,2025-02-27,490.00,PE,0.00,0.00,0.00,16.10,17.90,0,0.00,0,0,06-JAN-2025
OPTSTK,HAL,30-Jan-2025,2025-01-30,3400.00,PE,4.95,6.60,4.05,6.60,6.60,19,97.06245,3450,300,06-JAN-2025
OPTSTK,HAL,30-Jan-2025,2025-01-30,4800.00,CE,11.20,11.35,8.10,8.75,8.75,1271,9169.01512,331950,-13800,06-JAN-2025
OPTSTK,HAL,27-Mar-2025,2025-03-27,3700.00,PE,0.00,0.00,0.00,130.30,97.80,0,0.00,0,0,06-JAN-2025
OPTSTK,INDIANB,27-Mar-2025,2025-03-27,480.00,CE,0.00,0.00,0.00,91.15,56.35,0,0.00,0,0,06-JAN-2025
OPTSTK,INDIANB,30-Jan-2025,2025-01-30,520.00,PE,22.50,28.05,22.50,25.35,25.35,174,900.14685,161500,70300,06-JAN-2025
OPTSTK,HAL,27-Feb-2025,2025-02-27,4400.00,PE,370.00,383.65,369.60,369.60,369.60,6,42.990225,3900,150,06-JAN-2025
OPTSTK,INDIANB,30-Jan-2025,2025-01-30,570.00,PE,60.00,60.00,60.00,60.00,61.30,1,5.985,13300,0,06-JAN-2025
OPTSTK,HAL,27-Feb-2025,2025-02-27,4700.00,CE,65.00,65.00,50.00,51.75,51.75,25,178.347975,3150,2550,06-JAN-2025
OPTSTK,HAL,27-Feb-2025,2025-02-27,4900.00,PE,0.00,0.00,0.00,725.70,785.40,0,0.00,0,0,06-JAN-2025
OPTSTK,HAL,27-Feb-2025,2025-02-27,4800.00,PE,0.00,0.00,0.00,560.00,697.70,0,0.00,300,0,06-JAN-2025
OPTSTK,HAL,30-Jan-2025,2025-01-30,4800.00,PE,662.20,699.70,662.20,697.55,686.30,3,24.689175,63900,-300,06-JAN-2025
OPTSTK,INDIANB,27-Feb-2025,2025-02-27,550.00,CE,0.00,0.00,0.00,41.55,15.90,0,0.00,0,0,06-JAN-2025
OPTSTK,INDIANB,30-Jan-2025,2025-01-30,580.00,CE,4.00,4.00,2.25,2.60,2.60,195,1079.32017,212800,25650,06-JAN-2025
OPTSTK,HAL,30-Jan-2025,2025-01-30,3900.00,CE,339.70,339.70,246.00,259.00,259.00,23,143.939175,8400,1200,06-JAN-2025
OPTSTK,INDIANB,27-Feb-2025,2025-02-27,610.00,PE,0.00,0.00,0.00,78.80,99.00,0,0.00,0,0,06-JAN-2025
FUTSTK,INDIANB,30-Jan-2025,2025-01-30,,,521.05,521.20,505.55,510.95,510.95,2324,11271.4996,4520100,-82650,06-JAN-2025
OPTSTK,HAL,30-Jan-2025,2025-01-30,5100.00,CE,3.60,4.50,3.55,4.10,4.10,28,214.36845,27150,-1200,06-JAN-2025
OPTSTK,HAL,27-Feb-2025,2025-02-27,4900.00,CE,0.00,0.00,0.00,116.30,34.05,0,0.00,0,0,06-JAN-2025
OPTSTK,HAL,27-Feb-2025,2025-02-27,4250.00,PE,221.45,243.40,221.45,243.40,288.10,2,13.447275,300,300,06-JAN-2025
OPTSTK,HAL,27-Mar-2025,2025-03-27,4800.00,PE,0.00,0.00,0.00,686.70,714.85,0,0.00,0,0,06-JAN-2025
FUTSTK,INDIANB,27-Feb-2025,2025-02-27,,,515.10,518.50,510.50,514.45,514.45,43,209.79895,95000,8550,06-JAN-2025
FUTSTK,INDIANB,27-Mar-2025,2025-03-27,,,516.70,518.20,514.05,518.20,517.40,7,34.404725,13300,6650,06-JAN-2025
OPTSTK,HAL,27-Feb-2025,2025-02-27,3600.00,PE,0.00,0.00,0.00,73.85,43.60,0,0.00,0,0,06-JAN-2025
OPTSTK,HAL,30-Jan-2025,2025-01-30,3600.00,PE,6.20,15.65,6.20,13.25,13.25,758,4106.84025,106650,5400,06-JAN-2025
FUTSTK,HAL,30-Jan-2025,2025-01-30,,,4225.20,4235.00,4082.60,4111.00,4111.00,9757,60646.3788,9731100,76650,06-JAN-2025
OPTSTK,HAL,30-Jan-2025,2025-01-30,3800.00,PE,17.85,38.80,16.45,32.95,32.95,2675,15367.773,216900,43350,06-JAN-2025
OPTSTK,HAL,27-Mar-2025,2025-03-27,3800.00,PE,0.00,0.00,0.00,160.35,127.55,0,0.00,0,0,06-JAN-2025
OPTSTK,HAL,30-Jan-2025,2025-01-30,4650.00,PE,0.00,0.00,0.00,486.85,547.15,0,0.00,0,0,06-JAN-2025
OPTSTK,HAL,27-Feb-2025,2025-02-27,4650.00,CE,0.00,0.00,0.00,177.80,68.40,0,0.00,0,0,06-JAN-2025
OPTSTK,HAL,27-Feb-2025,2025-02-27,4650.00,PE,0.00,0.00,0.00,540.30,572.15,0,0.00,0,0,06-JAN-2025
OPTSTK,COALINDIA,30-Jan-2025,2025-01-30,435.00,CE,1.00,1.00,0.50,0.60,0.60,630,2882.41065,498750,287700,06-JAN-2025
OPTSTK,COALINDIA,27-Mar-2025,2025-03-27,410.00,CE,0.00,0.00,0.00,21.70,12.25,0,0.00,0,0,06-JAN-2025
OPTSTK,COALINDIA,27-Feb-2025,2025-02-27,410.00,PE,0.00,0.00,0.00,24.50,35.15,0,0.00,2100,0,06-JAN-2025
OPTSTK,COALINDIA,30-Jan-2025,2025-01-30,400.00,PE,11.80,23.50,11.80,22.35,22.35,839,3681.73575,1814400,-35700,06-JAN-2025
OPTSTK,COALINDIA,27-Mar-2025,2025-03-27,400.00,CE,0.00,0.00,0.00,25.65,15.50,0,0.00,0,0,06-JAN-2025
OPTSTK,COALINDIA,30-Jan-2025,2025-01-30,340.00,PE,0.60,1.25,0.55,1.20,1.20,547,1958.0568,561750,76650,06-JAN-2025
OPTSTK,COALINDIA,27-Feb-2025,2025-02-27,340.00,CE,0.00,0.00,0.00,85.80,45.45,0,0.00,0,0,06-JAN-2025
OPTSTK,COALINDIA,30-Jan-2025,2025-01-30,335.00,PE,0.00,0.00,0.00,0.35,0.65,0,0.00,212100,0,06-JAN-2025
OPTSTK,COALINDIA,27-Mar-2025,2025-03-27,320.00,PE,0.00,0.00,0.00,4.25,2.45,0,0.00,0,0,06-JAN-2025
OPTSTK,GLENMARK,27-Mar-2025,2025-03-27,1560.00,PE,0.00,0.00,0.00,107.10,52.60,0,0.00,0,0,06-JAN-2025
OPTSTK,COALINDIA,27-Feb-2025,2025-02-27,365.00,CE,0.00,0.00,0.00,38.30,27.25,0,0.00,0,0,06-JAN-2025
OPTSTK,COALINDIA,30-Jan-2025,2025-01-30,384.25,PE,7.90,12.90,6.60,11.95,11.95,455,1884.46492,129150,-14700,06-JAN-2025
OPTSTK,GLENMARK,30-Jan-2025,2025-01-30,1680.00,PE,70.40,82.65,65.60,77.50,77.50,31,176.869387,13650,325,06-JAN-2025
OPTSTK,COALINDIA,27-Feb-2025,2025-02-27,440.00,PE,0.00,0.00,0.00,41.25,59.70,0,0.00,0,0,06-JAN-2025
OPTSTK,COALINDIA,27-Feb-2025,2025-02-27,375.00,CE,0.00,0.00,0.00,32.20,21.40,0,0.00,0,0,06-JAN-2025
OPTSTK,GLENMARK,30-Jan-2025,2025-01-30,1500.00,CE,129.55,129.55,129.55,129.55,139.05,1,5.2960375,24700,325,06-JAN-2025
OPTSTK,GLENMARK,27-Feb-2025,2025-02-27,1500.00,CE,0.00,0.00,0.00,124.80,160.30,0,0.00,0,0,06-JAN-2025
OPTSTK,COALINDIA,30-Jan-2025,2025-01-30,425.00,PE,43.30,45.50,43.30,44.45,44.45,4,19.716375,133350,1050,06-JAN-2025
OPTSTK,COALINDIA,30-Jan-2025,2025-01-30,425.00,CE,1.70,1.70,0.75,0.85,0.85,796,3560.59147,605850,221550,06-JAN-2025
OPTSTK,COALINDIA,27-Mar-2025,2025-03-27,430.00,PE,0.00,0.00,0.00,50.85,52.25,0,0.00,0,0,06-JAN-2025
OPTSTK,COALINDIA,30-Jan-2025,2025-01-30,430.00,PE,37.45,50.85,37.45,48.85,48.85,9,45.021375,467250,-1050,06-JAN-2025
OPTSTK,GLENMARK,27-Feb-2025,2025-02-27,1480.00,CE,0.00,0.00,0.00,132.25,175.80,0,0.00,0,0,06-JAN-2025
FUTSTK,COALINDIA,30-Jan-2025,2025-01-30,,,396.90,396.95,379.20,380.70,380.70,10904,44108.4047,55593300,253050,06-JAN-2025
FUTSTK,COALINDIA,27-Mar-2025,2025-03-27,,,396.30,396.30,380.15,381.80,381.80,232,940.7034,255150,110250,06-JAN-2025
FUTSTK,GLENMARK,27-Mar-2025,2025-03-27,,,1655.00,1657.45,1645.95,1646.80,1646.80,88,473.002075,29575,25025,06-JAN-2025
OPTSTK,COALINDIA,27-Feb-2025,2025-02-27,440.00,CE,0.00,0.00,0.00,3.00,2.70,0,0.00,9450,0,06-JAN-2025
OPTSTK,COALINDIA,30-Jan-2025,2025-01-30,455.00,CE,0.30,0.30,0.25,0.25,0.15,4,19.12155,28350,0,06-JAN-2025
OPTSTK,COALINDIA,27-Feb-2025,2025-02-27,395.00,CE,14.65,14.65,9.60,9.60,12.40,6,25.604775,3150,2100,06-JAN-2025
OPTSTK,GLENMARK,27-Mar-2025,2025-03-27,1760.00,CE,0.00,0.00,0.00,48.15,49.70,0,0.00,0,0,06-JAN-2025
OPTSTK,GLENMARK,27-Mar-2025,2025-03-27,1760.00,PE,0.00,0.00,0.00,234.95,160.10,0,0.00,0,0,06-JAN-2025
OPTSTK,COALINDIA,30-Jan-2025,2025-01-30,340.00,CE,0.00,0.00,0.00,43.20,41.25,0,0.00,3150,0,06-JAN-2025
OPTSTK,COALINDIA,30-Jan-2025,2025-01-30,480.00,PE,85.00,85.00,85.00,85.00,99.15,1,5.9325,679350,1050,06-JAN-2025
OPTSTK,MUTHOOTFIN,30-Jan-2025,2025-01-30,1960.00,CE,0.00,0.00,0.00,131.65,237.55,0,0.00,2475,0,06-JAN-2025
OPTSTK,CAMS,27-Feb-2025,2025-02-27,5300.00,CE,0.00,0.00,0.00,254.75,126.25,0,0.00,0,0,06-JAN-2025
OPTSTK,VBL,30-Jan-2025,2025-01-30,760.00,CE,0.90,0.90,0.35,0.40,0.40,33,219.585625,51625,-875,06-JAN-2025
OPTSTK,CAMS,27-Feb-2025,2025-02-27,6000.00,PE,0.00,0.00,0.00,1137.25,1114.55,0,0.00,0,0,06-JAN-2025
OPTSTK,CAMS,27-Mar-2025,2025-03-27,4800.00,PE,0.00,0.00,0.00,312.85,272.95,0,0.00,0,0,06-JAN-2025
OPTSTK,CAMS,30-Jan-2025,2025-01-30,6000.00,CE,7.25,8.50,5.45,6.40,6.40,203,1524.13606,22500,-3375,06-JAN-2025
OPTSTK,MUTHOOTFIN,30-Jan-2025,2025-01-30,2060.00,PE,10.75,19.95,10.75,18.15,18.15,155,884.883725,48400,-4950,06-JAN-2025
OPTSTK,MUTHOOTFIN,27-Feb-2025,2025-02-27,2060.00,CE,0.00,0.00,0.00,124.05,177.75,0,0.00,0,0,06-JAN-2025
OPTSTK,VBL,27-Feb-2025,2025-02-27,640.00,CE,0.00,0.00,0.00,54.00,30.75,0,0.00,0,0,06-JAN-2025
OPTSTK,VBL,30-Jan-2025,2025-01-30,660.00,PE,31.90,40.05,31.20,38.40,38.00,69,420.359625,89250,-26250,06-JAN-2025
OPTSTK,MUTHOOTFIN,30-Jan-2025,2025-01-30,2200.00,CE,81.05,83.25,48.00,58.75,58.75,964,5989.3955,150425,-16500,06-JAN-2025
OPTSTK,MUTHOOTFIN,27-Feb-2025,2025-02-27,2420.00,CE,0.00,0.00,0.00,20.40,23.45,0,0.00,0,0,06-JAN-2025
OPTSTK,MUTHOOTFIN,27-Mar-2025,2025-03-27,1840.00,CE,0.00,0.00,0.00,291.55,380.65,0,0.00,0,0,06-JAN-2025
OPTSTK,VBL,27-Feb-2025,2025-02-27,680.00,CE,0.00,0.00,0.00,38.00,16.20,0,0.00,0,0,06-JAN-2025
OPTSTK,MUTHOOTFIN,27-Mar-2025,2025-03-27,2120.00,PE,0.00,0.00,0.00,142.65,66.45,0,0.00,0,0,06-JAN-2025
OPTSTK,VBL,27-Feb-2025,2025-02-27,550.00,CE,0.00,0.00,0.00,92.65,90.70,0,0.00,0,0,06-JAN-2025
OPTSTK,MUTHOOTFIN,27-Feb-2025,2025-02-27,2100.00,PE,40.00,49.00,40.00,49.00,49.00,6,35.3815,1375,1375,06-JAN-2025
OPTSTK,MUTHOOTFIN,30-Jan-2025,2025-01-30,1720.00,CE,0.00,0.00,0.00,410.00,473.40,0,0.00,275,0,06-JAN-2025
OPTSTK,VBL,30-Jan-2025,2025-01-30,720.00,CE,2.05,2.50,1.75,1.85,1.85,124,783.2965,196875,16625,06-JAN-2025
OPTSTK,VBL,27-Mar-2025,2025-03-27,720.00,PE,0.00,0.00,0.00,105.55,92.90,0,0.00,0,0,06-JAN-2025
OPTSTK,CAMS,30-Jan-2025,2025-01-30,5000.00,PE,142.20,292.50,135.30,282.40,282.40,421,2762.09881,47625,20125,06-JAN-2025
OPTSTK,MUTHOOTFIN,27-Feb-2025,2025-02-27,2140.00,CE,0.00,0.00,0.00,87.90,124.85,0,0.00,0,0,06-JAN-2025
OPTSTK,MUTHOOTFIN,27-Feb-2025,2025-02-27,1880.00,CE,0.00,0.00,0.00,157.45,328.95,0,0.00,0,0,06-JAN-2025
OPTSTK,MUTHOOTFIN,27-Mar-2025,2025-03-27,1880.00,PE,0.00,0.00,0.00,45.70,11.50,0,0.00,0,0,06-JAN-2025
OPTSTK,MUTHOOTFIN,30-Jan-2025,2025-01-30,1880.00,CE,0.00,0.00,0.00,167.55,314.75,0,0.00,0,0,06-JAN-2025
OPTSTK,MUTHOOTFIN,30-Jan-2025,2025-01-30,2280.00,CE,43.60,43.60,23.05,28.95,28.95,324,2059.27053,32450,825,06-JAN-2025
OPTSTK,MUTHOOTFIN,27-Feb-2025,2025-02-27,2280.00,PE,0.00,0.00,0.00,356.55,131.35,0,0.00,0,0,06-JAN-2025
OPTSTK,MUTHOOTFIN,27-Feb-2025,2025-02-27,2280.00,CE,0.00,0.00,0.00,29.60,59.00,0,0.00,0,0,06-JAN-2025
OPTSTK,VBL,30-Jan-2025,2025-01-30,670.00,CE,11.45,11.45,6.30,8.15,8.15,628,3731.315,355250,14875,06-JAN-2025
OPTSTK,VBL,27-Feb-2025,2025-02-27,670.00,PE,0.00,0.00,0.00,65.00,52.10,0,0.00,0,0,06-JAN-2025
OPTSTK,MUTHOOTFIN,27-Feb-2025,2025-02-27,2100.00,CE,0.00,0.00,0.00,195.00,149.95,0,0.00,1100,0,06-JAN-2025
OPTSTK,CAMS,27-Feb-2025,2025-02-27,5000.00,PE,0.00,0.00,0.00,185.00,325.75,0,0.00,750,0,06-JAN-2025
OPTSTK,MGL,27-Feb-2025,2025-02-27,1140.00,PE,0.00,0.00,0.00,48.00,21.45,0,0.00,0,0,06-JAN-2025
OPTSTK,MGL,30-Jan-2025,2025-01-30,1400.00,CE,19.05,22.20,9.80,10.85,10.85,897,5070.6694,347600,12800,06-JAN-2025
OPTSTK,MGL,27-Feb-2025,2025-02-27,1400.00,CE,0.00,0.00,0.00,50.05,35.85,0,0.00,0,0,06-JAN-2025
OPTSTK,MGL,30-Jan-2025,2025-01-30,1320.00,PE,42.00,77.40,40.35,70.45,70.45,445,2454.1058,68800,-36400,06-JAN-2025
OPTSTK,MGL,27-Mar-2025,2025-03-27,1320.00,CE,0.00,0.00,0.00,94.60,83.10,0,0.00,0,0,06-JAN-2025
OPTSTK,MGL,30-Jan-2025,2025-01-30,1320.00,CE,47.15,52.05,25.90,29.00,29.00,1341,7274.6658,176800,-54400,06-JAN-2025
OPTSTK,MGL,27-Mar-2025,2025-03-27,1240.00,CE,0.00,0.00,0.00,128.35,121.40,0,0.00,0,0,06-JAN-2025
OPTSTK,MGL,30-Jan-2025,2025-01-30,1300.00,CE,59.05,63.90,32.60,36.25,36.25,2107,11313.7298,490400,8000,06-JAN-2025
OPTSTK,MGL,30-Jan-2025,2025-01-30,1680.00,PE,0.00,0.00,0.00,426.00,398.30,0,0.00,400,0,06-JAN-2025
OPTSTK,MGL,27-Feb-2025,2025-02-27,1080.00,PE,0.00,0.00,0.00,59.25,10.55,0,0.00,0,0,06-JAN-2025
OPTSTK,MGL,27-Feb-2025,2025-02-27,1320.00,CE,0.00,0.00,0.00,70.85,62.00,0,0.00,0,0,06-JAN-2025
OPTSTK,MGL,27-Mar-2025,2025-03-27,1120.00,CE,0.00,0.00,0.00,194.70,198.75,0,0.00,0,0,06-JAN-2025
OPTSTK,MGL,27-Mar-2025,2025-03-27,1440.00,CE,0.00,0.00,0.00,57.90,43.90,0,0.00,0,0,06-JAN-2025
OPTSTK,MGL,27-Feb-2025,2025-02-27,1120.00,CE,0.00,0.00,0.00,155.30,182.35,0,0.00,0,0,06-JAN-2025
OPTSTK,MGL,30-Jan-2025,2025-01-30,1160.00,CE,0.00,0.00,0.00,324.95,130.60,0,0.00,0,0,06-JAN-2025
OPTSTK,MGL,27-Mar-2025,2025-03-27,1360.00,PE,0.00,0.00,0.00,177.15,133.35,0,0.00,0,0,06-JAN-2025
FUTSTK,MGL,27-Mar-2025,2025-03-27,,,1317.80,1317.80,1285.15,1285.20,1293.45,8,41.6378,20400,800,06-JAN-2025
OPTSTK,MGL,30-Jan-2025,2025-01-30,1200.00,CE,101.00,101.00,92.60,95.50,95.50,3,15.5564,44000,0,06-JAN-2025
OPTSTK,MGL,30-Jan-2025,2025-01-30,1260.00,CE,87.00,89.60,51.00,55.90,55.90,181,959.4552,181200,5600,06-JAN-2025
OPTSTK,MGL,27-Feb-2025,2025-02-27,1260.00,PE,0.00,0.00,0.00,101.40,63.05,0,0.00,0,0,06-JAN-2025
OPTSTK,MGL,27-Feb-2025,2025-02-27,1440.00,PE,0.00,0.00,0.00,275.90,178.40,0,0.00,0,0,06-JAN-2025
OPTSTK,MGL,27-Feb-2025,2025-02-27,1440.00,CE,0.00,0.00,0.00,41.85,26.60,0,0.00,0,0,06-JAN-2025
OPTSTK,MGL,30-Jan-2025,2025-01-30,1440.00,PE,0.00,0.00,0.00,150.25,167.70,0,0.00,800,0,06-JAN-2025
OPTSTK,KOTAKBANK,27-Feb-2025,2025-02-27,1580.00,CE,0.00,0.00,0.00,205.70,218.55,0,0.00,0,0,06-JAN-2025
OPTSTK,KOTAKBANK,27-Feb-2025,2025-02-27,1680.00,PE,8.00,18.90,8.00,18.90,18.90,14,94.9232,21200,3200,06-JAN-2025
OPTSTK,KOTAKBANK,30-Jan-2025,2025-01-30,1620.00,CE,0.00,0.00,0.00,137.95,168.45,0,0.00,800,0,06-JAN-2025
OPTSTK,KOTAKBANK,30-Jan-2025,2025-01-30,1860.00,PE,62.70,93.95,60.30,90.55,90.55,487,3770.9738,100800,-40000,06-JAN-2025
OPTSTK,KOTAKBANK,27-Feb-2025,2025-02-27,1520.00,PE,0.00,0.00,0.00,11.70,1.20,0,0.00,0,0,06-JAN-2025
OPTSTK,KOTAKBANK,27-Mar-2025,2025-03-27,1520.00,CE,0.00,0.00,0.00,271.40,285.40,0,0.00,0,0,06-JAN-2025
OPTSTK,KOTAKBANK,27-Mar-2025,2025-03-27,1720.00,PE,0.00,0.00,0.00,61.25,37.40,0,0.00,0,0,06-JAN-2025
OPTSTK,KOTAKBANK,30-Jan-2025,2025-01-30,1480.00,CE,0.00,0.00,0.00,355.00,306.20,0,0.00,400,0,06-JAN-2025
OPTSTK,KOTAKBANK,30-Jan-2025,2025-01-30,1680.00,CE,143.70,143.70,117.10,122.55,114.00,22,158.9864,6400,-5600,06-JAN-2025
OPTSTK,KOTAKBANK,30-Jan-2025,2025-01-30,1820.00,CE,42.00,44.00,24.85,27.15,27.15,6075,45041.7332,890400,231600,06-JAN-2025
OPTSTK,KOTAKBANK,27-Feb-2025,2025-02-27,1820.00,CE,0.00,0.00,0.00,71.00,49.15,0,0.00,800,0,06-JAN-2025
OPTSTK,KOTAKBANK,27-Feb-2025,2025-02-27,1480.00,PE,0.00,0.00,0.00,7.55,0.50,0,0.00,0,0,06-JAN-2025
OPTSTK,KOTAKBANK,30-Jan-2025,2025-01-30,2080.00,CE,1.45,1.45,0.60,0.65,0.65,195,1622.9644,219600,800,06-JAN-2025
OPTSTK,KOTAKBANK,30-Jan-2025,2025-01-30,2020.00,CE,2.50,2.65,1.10,1.25,1.25,584,4722.4278,101200,6000,06-JAN-2025
OPTSTK,KOTAKBANK,27-Feb-2025,2025-02-27,2020.00,CE,0.00,0.00,0.00,11.70,5.85,0,0.00,0,0,06-JAN-2025
OPTSTK,KOTAKBANK,30-Jan-2025,2025-01-30,1580.00,PE,0.60,2.40,0.60,2.05,2.05,931,5889.3774,490000,10400,06-JAN-2025
OPTSTK,KOTAKBANK,27-Feb-2025,2025-02-27,1680.00,CE,0.00,0.00,0.00,156.35,133.00,0,0.00,0,0,06-JAN-2025
OPTSTK,KOTAKBANK,30-Jan-2025,2025-01-30,1680.00,PE,5.45,12.20,4.85,10.95,10.95,1798,12143.8266,276800,4000,06-JAN-2025
OPTSTK,KOTAKBANK,27-Feb-2025,2025-02-27,1900.00,PE,96.00,126.00,96.00,126.00,125.40,5,40.2288,4400,1200,06-JAN-2025
OPTSTK,KOTAKBANK,27-Feb-2025,2025-02-27,1900.00,CE,32.15,32.15,20.75,21.85,21.85,86,662.146,72400,800,06-JAN-2025
OPTSTK,KOTAKBANK,27-Mar-2025,2025-03-27,2000.00,PE,0.00,0.00,0.00,236.75,207.80,0,0.00,0,0,06-JAN-2025
OPTSTK,KOTAKBANK,30-Jan-2025,2025-01-30,1560.00,CE,0.00,0.00,0.00,222.20,226.80,0,0.00,0,0,06-JAN-2025
OPTSTK,KOTAKBANK,27-Feb-2025,2025-02-27,1560.00,CE,0.00,0.00,0.00,244.75,237.20,0,0.00,0,0,06-JAN-2025
OPTSTK,KOTAKBANK,30-Jan-2025,2025-01-30,2000.00,CE,4.80,4.85,1.45,1.70,1.70,3700,29633.5848,897200,-137600,06-JAN-2025
OPTSTK,KOTAKBANK,30-Jan-2025,2025-01-30,1860.00,CE,26.00,26.55,13.60,15.35,15.35,4440,33360.2928,1134400,46000,06-JAN-2025
OPTSTK,HEROMOTOCO,27-Mar-2025,2025-03-27,3700.00,PE,0.00,0.00,0.00,42.05,25.55,0,0.00,0,0,06-JAN-2025
OPTSTK,HEROMOTOCO,27-Feb-2025,2025-02-27,4050.00,PE,0.00,0.00,0.00,96.85,78.30,0,0.00,0,0,06-JAN-2025
OPTSTK,HEROMOTOCO,27-Feb-2025,2025-02-27,4050.00,CE,0.00,0.00,0.00,372.65,269.80,0,0.00,0,0,06-JAN-2025
OPTSTK,M&MFIN,27-Feb-2025,2025-02-27,270.00,CE,0.00,0.00,0.00,16.30,14.55,0,0.00,22000,0,06-JAN-2025
OPTSTK,HEROMOTOCO,27-Mar-2025,2025-03-27,3900.00,CE,0.00,0.00,0.00,527.75,421.10,0,0.00,0,0,06-JAN-2025
OPTSTK,HEROMOTOCO,27-Feb-2025,2025-02-27,4150.00,PE,0.00,0.00,0.00,131.90,115.60,0,0.00,0,0,06-JAN-2025
FUTSTK,ICICIGI,27-Feb-2025,2025-02-27,,,1830.10,1830.40,1829.75,1830.05,1830.05,6,27.45025,22500,250,06-JAN-2025
OPTSTK,ICICIGI,27-Mar-2025,2025-03-27,1800.00,CE,0.00,0.00,0.00,154.70,99.10,0,0.00,0,0,06-JAN-2025
OPTSTK,M&MFIN,30-Jan-2025,2025-01-30,260.00,PE,5.00,5.65,2.90,5.50,5.50,1239,6547.401,1036000,138000,06-JAN-2025
OPTSTK,HEROMOTOCO,27-Feb-2025,2025-02-27,4600.00,CE,0.00,0.00,0.00,437.20,45.80,0,0.00,0,0,06-JAN-2025
OPTSTK,HEROMOTOCO,30-Jan-2025,2025-01-30,3500.00,PE,2.40,3.25,1.05,3.20,3.20,48,252.167175,19350,600,06-JAN-2025
OPTSTK,HEROMOTOCO,27-Feb-2025,2025-02-27,3600.00,CE,0.00,0.00,0.00,1254.25,643.45,0,0.00,0,0,06-JAN-2025
OPTSTK,ICICIGI,27-Feb-2025,2025-02-27,1740.00,CE,0.00,0.00,0.00,173.40,116.65,0,0.00,0,0,06-JAN-2025
OPTSTK,ICICIGI,30-Jan-2025,2025-01-30,2080.00,PE,0.00,0.00,0.00,184.90,258.55,0,0.00,0,0,06-JAN-2025
OPTSTK,M&MFIN,27-Feb-2025,2025-02-27,250.00,CE,0.00,0.00,0.00,35.70,27.30,0,0.00,0,0,06-JAN-2025
OPTSTK,M&MFIN,27-Mar-2025,2025-03-27,250.00,PE,0.00,0.00,0.00,10.70,5.85,0,0.00,0,0,06-JAN-2025
OPTSTK,HEROMOTOCO,27-Mar-2025,2025-03-27,4700.00,PE,0.00,0.00,0.00,469.90,488.20,0,0.00,0,0,06-JAN-2025
OPTSTK,HEROMOTOCO,27-Feb-2025,2025-02-27,4550.00,PE,0.00,0.00,0.00,344.45,359.45,0,0.00,0,0,06-JAN-2025
OPTSTK,ICICIGI,27-Mar-2025,2025-03-27,1760.00,PE,0.00,0.00,0.00,47.20,44.05,0,0.00,0,0,06-JAN-2025
OPTSTK,ICICIGI,27-Feb-2025,2025-02-27,1740.00,PE,0.00,0.00,0.00,30.45,27.25,0,0.00,0,0,06-JAN-2025
OPTSTK,HEROMOTOCO,30-Jan-2025,2025-01-30,4400.00,CE,55.05,68.80,38.50,40.55,40.55,4073,27204.0486,290700,-34200,06-JAN-2025
OPTSTK,ICICIGI,27-Feb-2025,2025-02-27,1640.00,PE,0.00,0.00,0.00,17.25,7.65,0,0.00,0,0,06-JAN-2025
OPTSTK,ICICIGI,30-Jan-2025,2025-01-30,1640.00,PE,6.85,8.50,5.65,7.30,1.65,23,94.725375,14500,750,06-JAN-2025
OPTSTK,ICICIGI,30-Jan-2025,2025-01-30,1880.00,PE,77.75,98.95,77.25,93.05,93.05,50,246.07825,4000,-1000,06-JAN-2025
OPTSTK,ICICIGI,27-Mar-2025,2025-03-27,1880.00,CE,0.00,0.00,0.00,110.95,61.40,0,0.00,0,0,06-JAN-2025
OPTSTK,HEROMOTOCO,27-Feb-2025,2025-02-27,4400.00,CE,120.00,120.00,92.60,92.60,96.35,34,229.961925,8250,1200,06-JAN-2025
OPTSTK,ICICIGI,27-Feb-2025,2025-02-27,2020.00,PE,0.00,0.00,0.00,171.55,198.90,0,0.00,0,0,06-JAN-2025
OPTSTK,ICICIGI,30-Jan-2025,2025-01-30,2280.00,CE,0.00,0.00,0.00,0.65,0.05,0,0.00,750,0,06-JAN-2025
OPTSTK,HEROMOTOCO,30-Jan-2025,2025-01-30,4550.00,PE,0.00,0.00,0.00,331.00,344.20,0,0.00,150,0,06-JAN-2025
OPTSTK,HEROMOTOCO,27-Feb-2025,2025-02-27,4550.00,CE,0.00,0.00,0.00,126.50,55.75,0,0.00,150,0,06-JAN-2025
OPTSTK,HEROMOTOCO,30-Jan-2025,2025-01-30,5600.00,CE,0.00,0.00,0.00,1.00,0.05,0,0.00,3750,0,06-JAN-2025
OPTSTK,M&MFIN,30-Jan-2025,2025-01-30,270.00,CE,11.00,17.85,10.00,10.75,10.75,845,4786.077,652000,-74000,06-JAN-2025
OPTSTK,NAUKRI,30-Jan-2025,2025-01-30,8000.00,CE,0.00,0.00,0.00,658.50,882.10,0,0.00,2175,0,06-JAN-2025
OPTSTK,NAUKRI,27-Mar-2025,2025-03-27,8000.00,PE,0.00,0.00,0.00,288.80,150.50,0,0.00,0,0,06-JAN-2025
OPTSTK,NAUKRI,30-Jan-2025,2025-01-30,8600.00,PE,110.05,203.00,101.95,188.45,188.45,583,3830.1777,21825,675,06-JAN-2025
OPTSTK,NAUKRI,30-Jan-2025,2025-01-30,9800.00,CE,100.25,100.25,35.50,40.65,40.65,841,6216.47985,18450,1275,06-JAN-2025
OPTSTK,NAUKRI,27-Feb-2025,2025-02-27,7400.00,CE,0.00,0.00,0.00,1171.25,1508.70,0,0.00,0,0,06-JAN-2025
OPTSTK,NAUKRI,30-Jan-2025,2025-01-30,7400.00,CE,0.00,0.00,0.00,627.95,1450.90,0,0.00,0,0,06-JAN-2025
OPTSTK,NAUKRI,27-Feb-2025,2025-02-27,7900.00,PE,0.00,0.00,0.00,187.50,76.45,0,0.00,0,0,06-JAN-2025
OPTSTK,NAUKRI,27-Feb-2025,2025-02-27,7900.00,CE,0.00,0.00,0.00,1054.05,1067.65,0,0.00,0,0,06-JAN-2025
OPTSTK,NAUKRI,27-Feb-2025,2025-02-27,8400.00,CE,0.00,0.00,0.00,587.60,693.30,0,0.00,75,0,06-JAN-2025
OPTSTK,NAUKRI,30-Jan-2025,2025-01-30,8400.00,CE,581.05,581.05,581.00,581.05,581.05,2,13.4715375,2400,-75,06-JAN-2025
OPTSTK,NAUKRI,27-Mar-2025,2025-03-27,8400.00,CE,0.00,0.00,0.00,857.55,806.80,0,0.00,0,0,06-JAN-2025
OPTSTK,NAUKRI,30-Jan-2025,2025-01-30,7600.00,CE,1500.00,1500.00,1500.00,1500.00,1255.75,1,6.825,300,-75,06-JAN-2025
OPTSTK,NAUKRI,27-Feb-2025,2025-02-27,8000.00,CE,0.00,0.00,0.00,800.35,986.50,0,0.00,0,0,06-JAN-2025
OPTSTK,NAUKRI,27-Mar-2025,2025-03-27,9000.00,CE,0.00,0.00,0.00,566.20,482.45,0,0.00,0,0,06-JAN-2025
OPTSTK,NAUKRI,27-Feb-2025,2025-02-27,9000.00,PE,0.00,0.00,0.00,1015.70,461.85,0,0.00,0,0,06-JAN-2025
OPTSTK,NAUKRI,27-Mar-2025,2025-03-27,9000.00,PE,0.00,0.00,0.00,736.15,534.70,0,0.00,0,0,06-JAN-2025
OPTSTK,NAUKRI,30-Jan-2025,2025-01-30,9000.00,CE,369.95,391.75,190.00,215.35,215.35,4917,34244.5941,90525,20625,06-JAN-2025
OPTSTK,NAUKRI,30-Jan-2025,2025-01-30,9000.00,PE,232.75,418.65,230.00,382.30,382.30,1875,13055.2438,23775,3825,06-JAN-2025
OPTSTK,NAUKRI,27-Feb-2025,2025-02-27,9000.00,CE,0.00,0.00,0.00,379.95,363.60,0,0.00,0,0,06-JAN-2025
OPTSTK,NAUKRI,30-Jan-2025,2025-01-30,7800.00,PE,20.35,29.15,20.35,25.10,25.10,121,710.125537,7050,5250,06-JAN-2025
OPTSTK,NAUKRI,27-Mar-2025,2025-03-27,9600.00,CE,0.00,0.00,0.00,356.90,264.75,0,0.00,0,0,06-JAN-2025
OPTSTK,NAUKRI,30-Jan-2025,2025-01-30,9600.00,PE,615.00,620.15,615.00,620.15,799.65,2,15.3263625,150,150,06-JAN-2025
OPTSTK,WIPRO,27-Mar-2025,2025-03-27,260.00,PE,0.00,0.00,0.00,2.85,2.90,0,0.00,0,0,06-JAN-2025
OPTSTK,WIPRO,27-Feb-2025,2025-02-27,295.00,PE,11.50,12.75,11.50,12.75,11.65,2,18.4275,63000,6000,06-JAN-2025
OPTSTK,WIPRO,27-Mar-2025,2025-03-27,295.00,PE,0.00,0.00,0.00,11.95,13.95,0,0.00,0,0,06-JAN-2025
OPTSTK,WIPRO,30-Jan-2025,2025-01-30,285.00,PE,5.90,7.40,4.80,6.70,6.70,736,6424.479,1218000,198000,06-JAN-2025
OPTSTK,WIPRO,27-Feb-2025,2025-02-27,340.00,PE,0.00,0.00,0.00,104.55,44.20,0,0.00,0,0,06-JAN-2025
OPTSTK,WIPRO,30-Jan-2025,2025-01-30,287.50,PE,6.00,8.20,5.80,7.65,7.65,231,2041.9575,357000,-3000,06-JAN-2025
OPTSTK,WIPRO,27-Mar-2025,2025-03-27,335.00,CE,0.00,0.00,0.00,10.15,4.60,0,0.00,0,0,06-JAN-2025
OPTSTK,WIPRO,27-Mar-2025,2025-03-27,320.00,PE,0.00,0.00,0.00,24.35,28.95,0,0.00,0,0,06-JAN-2025
OPTSTK,WIPRO,27-Feb-2025,2025-02-27,305.00,CE,0.00,0.00,0.00,25.75,9.40,0,0.00,0,0,06-JAN-2025
OPTSTK,WIPRO,27-Feb-2025,2025-02-27,290.00,CE,0.00,0.00,0.00,38.05,16.45,0,0.00,0,0,06-JAN-2025
OPTSTK,WIPRO,27-Mar-2025,2025-03-27,305.00,PE,0.00,0.00,0.00,16.30,19.25,0,0.00,0,0,06-JAN-2025
OPTSTK,WIPRO,27-Feb-2025,2025-02-27,292.50,CE,0.00,0.00,0.00,24.95,15.05,0,0.00,0,0,06-JAN-2025
OPTSTK,WIPRO,27-Feb-2025,2025-02-27,287.50,CE,0.00,0.00,0.00,28.20,17.85,0,0.00,0,0,06-JAN-2025
OPTSTK,WIPRO,27-Feb-2025,2025-02-27,287.50,PE,0.00,0.00,0.00,7.05,8.30,0,0.00,0,0,06-JAN-2025
OPTSTK,WIPRO,30-Jan-2025,2025-01-30,350.00,CE,0.45,0.55,0.40,0.55,0.55,419,4405.467,2073000,-282000,06-JAN-2025
OPTSTK,WIPRO,27-Feb-2025,2025-02-27,337.50,CE,0.00,0.00,0.00,6.25,2.00,0,0.00,0,0,06-JAN-2025
OPTSTK,WIPRO,27-Mar-2025,2025-03-27,360.00,PE,0.00,0.00,0.00,53.30,62.05,0,0.00,0,0,06-JAN-2025
OPTSTK,WIPRO,30-Jan-2025,2025-01-30,345.00,PE,0.00,0.00,0.00,130.60,49.35,0,0.00,0,0,06-JAN-2025
OPTSTK,WIPRO,27-Mar-2025,2025-03-27,285.00,CE,0.00,0.00,0.00,33.65,23.10,0,0.00,0,0,06-JAN-2025
OPTSTK,WIPRO,27-Mar-2025,2025-03-27,340.00,PE,0.00,0.00,0.00,37.65,44.50,0,0.00,0,0,06-JAN-2025
OPTSTK,WIPRO,27-Mar-2025,2025-03-27,250.00,CE,0.00,0.00,0.00,61.25,49.55,0,0.00,0,0,06-JAN-2025
OPTSTK,WIPRO,27-Feb-2025,2025-02-27,292.50,PE,0.00,0.00,0.00,8.75,10.45,0,0.00,0,0,06-JAN-2025
OPTSTK,WIPRO,30-Jan-2025,2025-01-30,292.50,PE,8.95,10.80,7.55,9.60,9.60,478,4329.8835,363000,87000,06-JAN-2025
OPTSTK,WIPRO,30-Jan-2025,2025-01-30,317.50,PE,0.00,0.00,0.00,25.20,23.80,0,0.00,123000,0,06-JAN-2025
OPTSTK,WIPRO,27-Feb-2025,2025-02-27,317.50,CE,0.00,0.00,0.00,12.25,5.45,0,0.00,0,0,06-JAN-2025
OPTSTK,WIPRO,27-Feb-2025,2025-02-27,317.50,PE,0.00,0.00,0.00,20.75,25.65,0,0.00,0,0,06-JAN-2025
OPTSTK,WIPRO,30-Jan-2025,2025-01-30,297.50,CE,9.95,10.80,8.10,9.60,9.60,884,8141.325,618000,60000,06-JAN-2025
OPTSTK,WIPRO,30-Jan-2025,2025-01-30,282.50,CE,18.45,19.20,17.00,17.00,16.55,15,135.5475,54000,18000,06-JAN-2025
OPTSTK,WIPRO,27-Feb-2025,2025-02-27,312.50,CE,0.00,0.00,0.00,14.30,6.85,0,0.00,0,0,06-JAN-2025
OPTSTK,WIPRO,27-Feb-2025,2025-02-27,327.50,CE,0.00,0.00,0.00,8.85,3.40,0,0.00,0,0,06-JAN-2025
OPTSTK,WIPRO,27-Feb-2025,2025-02-27,350.00,PE,0.00,0.00,0.00,121.65,53.35,0,0.00,0,0,06-JAN-2025
OPTSTK,WIPRO,30-Jan-2025,2025-01-30,350.00,PE,54.95,54.95,54.95,54.95,54.25,1,12.1485,51000,3000,06-JAN-2025
OPTSTK,WIPRO,30-Jan-2025,2025-01-30,300.00,PE,12.55,15.10,11.05,13.40,13.40,944,8856.6435,1977000,-123000,06-JAN-2025
OPTIDX,NIFTY,06-Feb-2025,2025-02-06,23800.00,PE,276.10,488.00,271.45,475.00,401.10,24,435.778575,525,300,06-JAN-2025
OPTIDX,NIFTY,26-Jun-2025,2025-06-26,17000.00,CE,0.00,0.00,0.00,6511.00,7145.25,0,0.00,2850,0,06-JAN-2025
OPTIDX,NIFTY,27-Mar-2025,2025-03-27,23800.00,PE,370.00,557.10,365.65,527.70,527.70,185,3366.00206,6825,-375,06-JAN-2025
OPTIDX,NIFTY,24-Dec-2025,2025-12-24,17000.00,PE,0.00,0.00,0.00,57.70,1.30,0,0.00,3525,0,06-JAN-2025
OPTIDX,NIFTY,27-Feb-2025,2025-02-27,23800.00,CE,772.05,794.30,543.80,565.00,565.00,1080,19771.8484,60975,24975,06-JAN-2025
OPTIDX,NIFTY,09-Jan-2025,2025-01-09,23800.00,PE,67.10,344.15,58.00,292.95,292.95,1633608,29366132.6,2178225,-1103475,06-JAN-2025
OPTIDX,NIFTY,30-Jan-2025,2025-01-30,23800.00,PE,211.15,451.75,205.00,413.15,413.15,163681,987743.964,2413875,-65300,06-JAN-2025
OPTIDX,NIFTY,30-Jan-2025,2025-01-30,25500.00,PE,1401.30,1836.50,1360.00,1774.45,1774.45,1581,10737.1459,499700,-8525,06-JAN-2025
OPTIDX,NIFTY,27-Feb-2025,2025-02-27,25500.00,PE,1316.00,1726.00,1316.00,1707.40,1707.40,117,2379.26343,41400,-3525,06-JAN-2025
OPTIDX,NIFTY,30-Jan-2025,2025-01-30,25500.00,CE,15.00,16.40,11.15,11.65,11.65,159743,1018866.63,2256075,-719250,06-JAN-2025
OPTIDX,NIFTY,23-Jan-2025,2025-01-23,25500.00,PE,0.00,0.00,0.00,1454.25,1805.40,0,0.00,0,0,06-JAN-2025
OPTIDX,NIFTY,27-Feb-2025,2025-02-27,26250.00,CE,25.00,25.00,21.25,21.90,21.90,62,1221.67462,3225,1650,06-JAN-2025
OPTIDX,NIFTY,09-Jan-2025,2025-01-09,26250.00,PE,0.00,0.00,0.00,2377.70,2619.40,0,0.00,0,0,06-JAN-2025
OPTIDX,NIFTY,30-Jan-2025,2025-01-30,22850.00,PE,40.85,121.20,38.75,106.95,106.95,12972,74351.6300,50875,4275,06-JAN-2025
OPTIDX,NIFTY,09-Jan-2025,2025-01-09,22850.00,PE,1.90,25.15,1.65,18.90,18.90,461988,7921336.16,1447500,796125,06-JAN-2025
OPTIDX,NIFTY,23-Jan-2025,2025-01-23,23700.00,CE,497.55,500.00,308.15,328.65,328.65,1008,18177.7279,25125,19200,06-JAN-2025
OPTIDX,NIFTY,16-Jan-2025,2025-01-16,23700.00,CE,459.95,483.00,236.90,257.00,257.00,23741,426873.420,468600,369675,06-JAN-2025
OPTIDX,NIFTY,27-Mar-2025,2025-03-27,23700.00,CE,1053.10,1053.10,790.00,805.85,805.85,85,1563.7914,15000,2325,06-JAN-2025
OPTIDX,NIFTY,09-Jan-2025,2025-01-09,23700.00,PE,44.75,280.70,37.50,233.90,233.90,2159358,38628555.5,2354175,-3846900,06-JAN-2025
OPTIDX,NIFTY,30-Jan-2025,2025-01-30,23700.00,PE,194.00,401.50,175.60,366.30,366.30,133853,803872.110,1314725,81525,06-JAN-2025
OPTIDX,NIFTY,06-Feb-2025,2025-02-06,23700.00,PE,0.00,0.00,0.00,217.95,350.70,0,0.00,0,0,06-JAN-2025
OPTIDX,NIFTY,27-Mar-2025,2025-03-27,23700.00,PE,347.45,525.00,338.80,498.30,498.30,338,6126.44475,13950,675,06-JAN-2025
OPTIDX,NIFTY,16-Jan-2025,2025-01-16,23700.00,PE,99.95,338.25,94.70,297.45,297.45,43593,782194.259,433050,102450,06-JAN-2025
OPTIDX,NIFTY,27-Feb-2025,2025-02-27,23700.00,CE,838.75,864.60,599.60,621.70,621.70,1101,20109.5901,68325,31800,06-JAN-2025
OPTIDX,NIFTY,27-Feb-2025,2025-02-27,25250.00,CE,138.75,138.85,89.00,91.15,91.15,335,6371.4129,6750,-2700,06-JAN-2025
OPTIDX,NIFTY,16-Jan-2025,2025-01-16,25250.00,PE,0.00,0.00,0.00,803.85,1587.65,0,0.00,0,0,06-JAN-2025
OPTIDX,NIFTY,16-Jan-2025,2025-01-16,24850.00,CE,23.65,23.65,10.80,11.40,11.40,8421,157035.175,105900,9975,06-JAN-2025
OPTIDX,NIFTY,23-Jan-2025,2025-01-23,24850.00,PE,0.00,0.00,0.00,933.00,1172.00,0,0.00,0,0,06-JAN-2025
OPTIDX,NIFTY,06-Feb-2025,2025-02-06,24850.00,PE,0.00,0.00,0.00,768.95,1154.05,0,0.00,0,0,06-JAN-2025
OPTIDX,NIFTY,23-Jan-2025,2025-01-23,25300.00,CE,10.55,12.95,8.60,10.25,10.25,342,6492.11115,19050,2325,06-JAN-2025
OPTIDX,NIFTY,23-Jan-2025,2025-01-23,25300.00,PE,0.00,0.00,0.00,1284.65,1607.85,0,0.00,0,0,06-JAN-2025
OPTSTK,TCS,27-Feb-2025,2025-02-27,4800.00,PE,0.00,0.00,0.00,704.00,662.60,0,0.00,175,0,06-JAN-2025
OPTSTK,TCS,27-Mar-2025,2025-03-27,4800.00,CE,0.00,0.00,0.00,46.35,12.50,0,0.00,0,0,06-JAN-2025
OPTSTK,TCS,27-Mar-2025,2025-03-27,3600.00,PE,0.00,0.00,0.00,20.10,10.90,0,0.00,0,0,06-JAN-2025
FUTSTK,TCS,27-Feb-2025,2025-02-27,,,4124.10,4166.95,4085.10,4110.25,4110.25,601,4335.7902,314475,19425,06-JAN-2025
OPTSTK,TCS,27-Feb-2025,2025-02-27,4500.00,PE,0.00,0.00,0.00,313.35,385.05,0,0.00,0,0,06-JAN-2025
OPTSTK,TCS,27-Feb-2025,2025-02-27,4250.00,CE,0.00,0.00,0.00,72.25,79.30,0,0.00,0,0,06-JAN-2025
OPTSTK,TCS,30-Jan-2025,2025-01-30,4250.00,PE,188.55,222.00,164.70,209.10,209.10,224,1740.71423,71925,875,06-JAN-2025
OPTSTK,TCS,27-Mar-2025,2025-03-27,4800.00,PE,0.00,0.00,0.00,590.55,647.00,0,0.00,0,0,06-JAN-2025
OPTSTK,TCS,27-Feb-2025,2025-02-27,4800.00,CE,10.00,10.00,10.00,10.00,3.55,1,8.4175,525,175,06-JAN-2025
OPTSTK,TCS,27-Feb-2025,2025-02-27,3800.00,CE,0.00,0.00,0.00,552.25,352.75,0,0.00,0,0,06-JAN-2025
OPTSTK,TCS,30-Jan-2025,2025-01-30,3800.00,PE,19.25,25.35,13.10,24.50,24.50,4456,29798.3385,417725,111125,06-JAN-2025
OPTSTK,TCS,30-Jan-2025,2025-01-30,4650.00,CE,4.10,5.50,3.90,4.60,4.60,349,2842.88095,52850,-2975,06-JAN-2025
OPTSTK,TCS,27-Feb-2025,2025-02-27,4650.00,CE,0.00,0.00,0.00,42.10,9.55,0,0.00,0,0,06-JAN-2025
OPTSTK,TCS,30-Jan-2025,2025-01-30,4650.00,PE,0.00,0.00,0.00,406.25,535.20,0,0.00,0,0,06-JAN-2025
OPTSTK,TCS,30-Jan-2025,2025-01-30,3850.00,PE,25.05,34.65,18.65,32.95,32.95,2412,16361.7050,125650,19775,06-JAN-2025
OPTSTK,TCS,27-Feb-2025,2025-02-27,3600.00,PE,0.00,0.00,0.00,15.30,4.40,0,0.00,0,0,06-JAN-2025
OPTSTK,TCS,27-Feb-2025,2025-02-27,4700.00,CE,0.00,0.00,0.00,82.95,6.95,0,0.00,0,0,06-JAN-2025
OPTSTK,TCS,30-Jan-2025,2025-01-30,4700.00,PE,600.00,600.00,600.00,600.00,584.60,1,9.275,15750,0,06-JAN-2025
OPTSTK,TCS,27-Feb-2025,2025-02-27,4700.00,PE,0.00,0.00,0.00,453.30,566.95,0,0.00,0,0,06-JAN-2025
OPTSTK,TCS,27-Mar-2025,2025-03-27,4600.00,CE,25.00,31.00,25.00,30.00,30.00,8,64.813,1400,1400,06-JAN-2025
OPTSTK,TCS,30-Jan-2025,2025-01-30,3500.00,CE,0.00,0.00,0.00,559.85,610.55,0,0.00,0,0,06-JAN-2025
OPTSTK,TCS,30-Jan-2025,2025-01-30,3650.00,PE,0.00,0.00,0.00,10.00,0.80,0,0.00,0,0,06-JAN-2025
OPTSTK,TCS,30-Jan-2025,2025-01-30,5100.00,CE,1.55,1.55,1.55,1.55,0.05,1,8.9277125,9975,0,06-JAN-2025
OPTSTK,TCS,27-Mar-2025,2025-03-27,4100.00,CE,0.00,0.00,0.00,195.00,185.25,0,0.00,350,0,06-JAN-2025
OPTSTK,TCS,27-Mar-2025,2025-03-27,4100.00,PE,0.00,0.00,0.00,138.35,130.05,0,0.00,0,0,06-JAN-2025
OPTSTK,TCS,30-Jan-2025,2025-01-30,3750.00,PE,13.15,18.75,9.40,17.80,17.80,1384,9117.72653,145250,-2800,06-JAN-2025
OPTSTK,TCS,27-Mar-2025,2025-03-27,4000.00,CE,0.00,0.00,0.00,342.90,243.10,0,0.00,0,0,06-JAN-2025
OPTSTK,TCS,27-Feb-2025,2025-02-27,3950.00,PE,0.00,0.00,0.00,64.85,53.35,0,0.00,0,0,06-JAN-2025
OPTSTK,TCS,27-Feb-2025,2025-02-27,4500.00,CE,30.40,33.75,26.05,29.00,29.00,54,428.104162,44975,-1400,06-JAN-2025
OPTSTK,TCS,27-Mar-2025,2025-03-27,4500.00,CE,0.00,0.00,0.00,109.75,47.00,0,0.00,0,0,06-JAN-2025
OPTSTK,TCS,30-Jan-2025,2025-01-30,3700.00,PE,9.10,13.45,6.45,12.70,12.70,3032,19685.7173,312900,1925,06-JAN-2025
OPTSTK,TCS,27-Feb-2025,2025-02-27,3700.00,PE,15.50,24.10,15.10,22.95,22.95,30,195.322312,15400,1400,06-JAN-2025
OPTSTK,TCS,30-Jan-2025,2025-01-30,3700.00,CE,419.00,419.00,393.80,393.80,413.10,3,21.540925,1925,-175,06-JAN-2025
OPTSTK,APLAPOLLO,30-Jan-2025,2025-01-30,1540.00,PE,18.35,27.00,18.00,26.80,26.80,84,459.868325,100450,-4550,06-JAN-2025
OPTSTK,APLAPOLLO,30-Jan-2025,2025-01-30,1560.00,PE,24.60,31.75,24.60,31.75,33.20,57,317.07375,54250,-1050,06-JAN-2025
OPTSTK,APLAPOLLO,30-Jan-2025,2025-01-30,1400.00,CE,0.00,0.00,0.00,139.30,200.35,0,0.00,0,0,06-JAN-2025
OPTSTK,APLAPOLLO,27-Feb-2025,2025-02-27,1400.00,PE,0.00,0.00,0.00,67.70,10.40,0,0.00,0,0,06-JAN-2025
OPTSTK,APLAPOLLO,27-Feb-2025,2025-02-27,1320.00,CE,0.00,0.00,0.00,212.55,287.70,0,0.00,0,0,06-JAN-2025
OPTSTK,APLAPOLLO,27-Mar-2025,2025-03-27,1520.00,CE,0.00,0.00,0.00,113.75,144.70,0,0.00,0,0,06-JAN-2025
OPTSTK,APLAPOLLO,27-Mar-2025,2025-03-27,1360.00,CE,0.00,0.00,0.00,205.55,264.20,0,0.00,0,0,06-JAN-2025
OPTSTK,APLAPOLLO,27-Feb-2025,2025-02-27,1800.00,CE,0.00,0.00,0.00,26.95,17.75,0,0.00,350,0,06-JAN-2025
OPTSTK,TATAELXSI,30-Jan-2025,2025-01-30,6400.00,CE,306.15,337.80,280.00,280.00,280.00,8,53.7237,2300,100,06-JAN-2025
OPTSTK,TATAELXSI,27-Feb-2025,2025-02-27,6300.00,CE,0.00,0.00,0.00,837.55,442.75,0,0.00,0,0,06-JAN-2025
OPTSTK,TATAELXSI,27-Feb-2025,2025-02-27,5600.00,CE,0.00,0.00,0.00,1342.35,972.20,0,0.00,0,0,06-JAN-2025
OPTSTK,ASHOKLEY,30-Jan-2025,2025-01-30,237.50,CE,4.50,4.70,2.10,2.25,2.25,724,4362.4375,985000,390000,06-JAN-2025
OPTSTK,ASHOKLEY,30-Jan-2025,2025-01-30,270.00,PE,40.05,40.60,40.05,40.60,42.75,2,15.51625,40000,5000,06-JAN-2025
OPTSTK,ASHOKLEY,27-Feb-2025,2025-02-27,247.50,CE,0.00,0.00,0.00,4.75,3.70,0,0.00,0,0,06-JAN-2025
OPTSTK,ASHOKLEY,30-Jan-2025,2025-01-30,212.50,PE,0.90,1.75,0.80,1.60,1.60,126,673.13375,487500,80000,06-JAN-2025
OPTSTK,ASHOKLEY,27-Mar-2025,2025-03-27,255.00,PE,0.00,0.00,0.00,35.85,29.45,0,0.00,0,0,06-JAN-2025
OPTSTK,ASHOKLEY,27-Mar-2025,2025-03-27,255.00,CE,0.00,0.00,0.00,5.60,4.35,0,0.00,0,0,06-JAN-2025
OPTSTK,ASHOKLEY,27-Feb-2025,2025-02-27,232.50,CE,0.00,0.00,0.00,8.90,8.35,0,0.00,0,0,06-JAN-2025
OPTSTK,ASHOKLEY,27-Feb-2025,2025-02-27,232.50,PE,0.00,0.00,0.00,18.35,12.45,0,0.00,0,0,06-JAN-2025
OPTSTK,ASHOKLEY,30-Jan-2025,2025-01-30,232.50,PE,4.70,9.30,4.65,8.70,8.70,589,3513.52125,250000,-127500,06-JAN-2025
OPTSTK,ASHOKLEY,30-Jan-2025,2025-01-30,232.50,CE,6.70,7.30,3.60,3.75,3.75,459,2726.8575,562500,75000,06-JAN-2025
OPTSTK,ASHOKLEY,27-Feb-2025,2025-02-27,195.00,CE,0.00,0.00,0.00,42.90,33.90,0,0.00,0,0,06-JAN-2025
OPTSTK,ASHOKLEY,30-Jan-2025,2025-01-30,195.00,CE,0.00,0.00,0.00,24.25,32.15,0,0.00,0,0,06-JAN-2025
OPTSTK,ASHOKLEY,27-Feb-2025,2025-02-27,205.00,CE,0.00,0.00,0.00,35.10,25.30,0,0.00,0,0,06-JAN-2025
OPTSTK,ASHOKLEY,27-Mar-2025,2025-03-27,205.00,CE,0.00,0.00,0.00,26.05,27.70,0,0.00,0,0,06-JAN-2025
OPTSTK,ASHOKLEY,30-Jan-2025,2025-01-30,255.00,PE,21.45,28.00,21.40,28.00,28.00,3,20.89625,117500,0,06-JAN-2025
OPTSTK,ASHOKLEY,30-Jan-2025,2025-01-30,207.50,CE,0.00,0.00,0.00,21.35,20.55,0,0.00,45000,0,06-JAN-2025
OPTSTK,ASHOKLEY,30-Jan-2025,2025-01-30,190.00,PE,0.20,0.30,0.10,0.30,0.30,43,204.4825,367500,47500,06-JAN-2025
OPTSTK,ASHOKLEY,27-Feb-2025,2025-02-27,207.50,PE,0.00,0.00,0.00,6.25,2.70,0,0.00,0,0,06-JAN-2025
OPTSTK,ASHOKLEY,27-Feb-2025,2025-02-27,225.00,PE,4.90,6.10,4.90,6.10,8.55,2,11.525,35000,5000,06-JAN-2025
OPTSTK,ASHOKLEY,30-Jan-2025,2025-01-30,225.00,CE,12.00,12.25,6.90,7.25,7.25,261,1521.91125,1095000,-7500,06-JAN-2025
OPTSTK,ASHOKLEY,27-Feb-2025,2025-02-27,225.00,CE,0.00,0.00,0.00,16.25,11.85,0,0.00,5000,0,06-JAN-2025
OPTSTK,ASHOKLEY,27-Mar-2025,2025-03-27,200.00,CE,0.00,0.00,0.00,29.45,31.65,0,0.00,0,0,06-JAN-2025
OPTSTK,ASHOKLEY,27-Feb-2025,2025-02-27,200.00,PE,1.10,1.10,1.10,1.10,1.40,1,5.0275,90000,0,06-JAN-2025
OPTSTK,ASHOKLEY,30-Jan-2025,2025-01-30,200.00,CE,29.80,29.80,27.10,28.25,27.35,4,22.87375,65000,-2500,06-JAN-2025
FUTSTK,ASHOKLEY,30-Jan-2025,2025-01-30,,,235.29,235.43,226.55,227.41,227.41,6169,35536.711,57797500,257500,06-JAN-2025
OPTSTK,ASHOKLEY,27-Mar-2025,2025-03-27,250.00,PE,0.00,0.00,0.00,32.00,25.65,0,0.00,0,0,06-JAN-2025
OPTSTK,ASHOKLEY,30-Jan-2025,2025-01-30,240.00,CE,3.55,3.75,1.60,1.75,1.75,3056,18523.775,4265000,242500,06-JAN-2025
OPTSTK,ASHOKLEY,30-Jan-2025,2025-01-30,240.00,PE,9.35,14.85,8.65,14.15,14.15,278,1748.71375,815000,27500,06-JAN-2025
OPTSTK,ASHOKLEY,27-Mar-2025,2025-03-27,200.00,PE,0.00,0.00,0.00,5.70,2.55,0,0.00,0,0,06-JAN-2025
OPTSTK,ASHOKLEY,27-Feb-2025,2025-02-27,200.00,CE,0.00,0.00,0.00,38.90,29.50,0,0.00,0,0,06-JAN-2025
OPTSTK,ASHOKLEY,30-Jan-2025,2025-01-30,200.00,PE,0.30,0.65,0.30,0.60,0.60,369,1849.37625,1135000,-32500,06-JAN-2025
OPTSTK,BHEL,30-Jan-2025,2025-01-30,275.00,PE,0.00,0.00,0.00,43.80,54.30,0,0.00,60375,0,06-JAN-2025
OPTSTK,BHEL,30-Jan-2025,2025-01-30,270.00,PE,43.50,45.00,43.10,44.80,49.45,9,74.2914375,517125,18375,06-JAN-2025
FUTSTK,MAXHEALTH,27-Feb-2025,2025-02-27,,,1188.00,1188.00,1158.45,1162.80,1162.80,66,406.5915,32025,-2100,06-JAN-2025
OPTSTK,MAXHEALTH,30-Jan-2025,2025-01-30,1080.00,PE,7.95,9.30,7.75,9.30,13.50,10,57.1333875,19950,-525,06-JAN-2025
OPTSTK,MAXHEALTH,27-Feb-2025,2025-02-27,1080.00,PE,0.00,0.00,0.00,137.00,27.75,0,0.00,0,0,06-JAN-2025
OPTSTK,COLPAL,27-Feb-2025,2025-02-27,3000.00,PE,0.00,0.00,0.00,142.90,247.55,0,0.00,0,0,06-JAN-2025
OPTSTK,MAXHEALTH,30-Jan-2025,2025-01-30,1200.00,PE,50.60,56.65,47.25,56.65,67.35,18,118.207425,18900,5775,06-JAN-2025
OPTSTK,BHEL,30-Jan-2025,2025-01-30,260.00,CE,1.15,1.20,0.55,0.60,0.60,1052,7200.42881,2401875,-68250,06-JAN-2025
OPTSTK,NAVINFLUOR,30-Jan-2025,2025-01-30,2900.00,CE,0.00,0.00,0.00,546.80,462.45,0,0.00,0,0,06-JAN-2025
OPTSTK,COLPAL,30-Jan-2025,2025-01-30,3240.00,CE,0.00,0.00,0.00,2.90,0.30,0,0.00,0,0,06-JAN-2025
OPTSTK,COLPAL,27-Feb-2025,2025-02-27,3020.00,PE,0.00,0.00,0.00,305.30,263.80,0,0.00,0,0,06-JAN-2025
OPTSTK,COLPAL,30-Jan-2025,2025-01-30,2520.00,PE,11.90,12.05,11.90,12.05,4.85,2,8.8619125,6475,350,06-JAN-2025
OPTSTK,COLPAL,30-Jan-2025,2025-01-30,3020.00,PE,0.00,0.00,0.00,296.90,259.55,0,0.00,0,0,06-JAN-2025
OPTSTK,BHEL,27-Feb-2025,2025-02-27,205.00,CE,0.00,0.00,0.00,45.40,24.25,0,0.00,0,0,06-JAN-2025
OPTSTK,MAXHEALTH,30-Jan-2025,2025-01-30,1160.00,CE,49.95,53.65,35.15,42.30,42.30,68,430.753837,37275,-1050,06-JAN-2025
OPTSTK,NAVINFLUOR,27-Feb-2025,2025-02-27,3650.00,PE,0.00,0.00,0.00,378.45,328.50,0,0.00,0,0,06-JAN-2025
OPTSTK,NAVINFLUOR,27-Feb-2025,2025-02-27,3650.00,CE,0.00,0.00,0.00,100.50,60.25,0,0.00,0,0,06-JAN-2025
OPTSTK,NAVINFLUOR,30-Jan-2025,2025-01-30,3550.00,CE,37.35,38.60,25.80,26.75,38.70,33,206.890337,10500,1750,06-JAN-2025
OPTSTK,MAXHEALTH,27-Mar-2025,2025-03-27,1120.00,CE,0.00,0.00,0.00,127.60,103.65,0,0.00,0,0,06-JAN-2025
OPTSTK,MAXHEALTH,30-Jan-2025,2025-01-30,1120.00,PE,16.60,31.70,16.60,31.65,31.65,5,30.151275,14175,525,06-JAN-2025
OPTSTK,MAXHEALTH,27-Feb-2025,2025-02-27,1120.00,CE,0.00,0.00,0.00,42.10,86.10,0,0.00,0,0,06-JAN-2025
OPTSTK,COLPAL,30-Jan-2025,2025-01-30,2500.00,CE,0.00,0.00,0.00,229.00,268.10,0,0.00,0,0,06-JAN-2025
OPTSTK,NAVINFLUOR,27-Feb-2025,2025-02-27,3400.00,PE,0.00,0.00,0.00,194.20,164.75,0,0.00,0,0,06-JAN-2025
OPTSTK,NAVINFLUOR,30-Jan-2025,2025-01-30,3400.00,CE,85.00,95.40,67.35,76.75,76.75,712,4335.28217,41125,-3325,06-JAN-2025
OPTSTK,COLPAL,27-Feb-2025,2025-02-27,2660.00,CE,0.00,0.00,0.00,178.20,169.00,0,0.00,0,0,06-JAN-2025
OPTSTK,NAVINFLUOR,30-Jan-2025,2025-01-30,2700.00,PE,0.00,0.00,0.00,30.00,0.20,0,0.00,0,0,06-JAN-2025
OPTSTK,MAXHEALTH,30-Jan-2025,2025-01-30,1320.00,PE,0.00,0.00,0.00,331.65,165.10,0,0.00,0,0,06-JAN-2025
OPTSTK,NAVINFLUOR,30-Jan-2025,2025-01-30,3300.00,CE,138.95,153.90,115.95,129.30,129.30,125,751.710137,29925,525,06-JAN-2025
OPTSTK,NAVINFLUOR,30-Jan-2025,2025-01-30,3300.00,PE,59.10,77.00,51.15,69.60,69.60,201,1184.67825,38150,-5250,06-JAN-2025
OPTSTK,COLPAL,30-Jan-2025,2025-01-30,3300.00,CE,1.95,1.95,1.95,1.95,0.10,1,5.7784125,1400,0,06-JAN-2025
OPTSTK,BHEL,27-Feb-2025,2025-02-27,270.00,CE,2.40,2.40,1.40,1.40,2.55,24,171.188062,49875,2625,06-JAN-2025
OPTSTK,TATAPOWER,30-Jan-2025,2025-01-30,375.00,CE,23.00,23.00,13.70,14.40,14.40,303,1597.455,202500,87750,06-JAN-2025
OPTSTK,TATAPOWER,27-Feb-2025,2025-02-27,375.00,CE,27.85,27.85,21.35,25.00,22.35,3,16.1892,2700,2700,06-JAN-2025
OPTSTK,EXIDEIND,30-Jan-2025,2025-01-30,375.00,CE,38.60,38.60,37.45,37.45,38.30,3,22.3128,5400,1800,06-JAN-2025
OPTSTK,TATAPOWER,27-Feb-2025,2025-02-27,375.00,PE,11.30,15.65,11.30,12.00,15.10,4,20.93985,4050,4050,06-JAN-2025
FUTSTK,TATAPOWER,30-Jan-2025,2025-01-30,,,400.05,400.05,377.95,379.45,379.45,14304,74400.1132,87700050,-830250,06-JAN-2025
OPTSTK,TATAPOWER,30-Jan-2025,2025-01-30,440.00,CE,1.50,1.50,0.65,0.75,0.75,1791,10660.2473,2142450,324000,06-JAN-2025
OPTSTK,TATAPOWER,30-Jan-2025,2025-01-30,425.00,PE,32.35,47.00,32.35,47.00,45.95,16,100.424475,206550,6750,06-JAN-2025
OPTSTK,EXIDEIND,30-Jan-2025,2025-01-30,425.00,CE,12.90,12.90,7.20,7.70,7.70,477,3727.7892,754200,118800,06-JAN-2025
OPTSTK,EXIDEIND,30-Jan-2025,2025-01-30,425.00,PE,13.05,23.85,12.75,22.05,22.05,158,1260.1323,273600,-9000,06-JAN-2025
OPTSTK,TATAPOWER,30-Jan-2025,2025-01-30,425.00,CE,2.75,3.00,1.20,1.30,1.30,1658,9552.42247,1270350,72900,06-JAN-2025
OPTSTK,EXIDEIND,27-Mar-2025,2025-03-27,430.00,PE,0.00,0.00,0.00,36.50,34.65,0,0.00,0,0,06-JAN-2025
OPTSTK,EXIDEIND,30-Jan-2025,2025-01-30,430.00,CE,11.90,11.95,5.80,6.40,6.40,1491,11737.6434,2215800,14400,06-JAN-2025
OPTSTK,EXIDEIND,30-Jan-2025,2025-01-30,360.00,PE,0.70,1.80,0.70,1.60,1.60,199,1293.9804,385200,7200,06-JAN-2025
FUTSTK,TATAPOWER,27-Mar-2025,2025-03-27,,,399.90,399.95,383.00,384.70,384.70,204,1074.7404,475200,141750,06-JAN-2025
OPTSTK,EXIDEIND,30-Jan-2025,2025-01-30,520.00,PE,0.00,0.00,0.00,100.00,108.80,0,0.00,460800,0,06-JAN-2025
OPTSTK,EXIDEIND,27-Mar-2025,2025-03-27,440.00,CE,0.00,0.00,0.00,28.45,16.40,0,0.00,0,0,06-JAN-2025
OPTSTK,EXIDEIND,27-Feb-2025,2025-02-27,360.00,CE,0.00,0.00,0.00,108.20,56.05,0,0.00,0,0,06-JAN-2025
OPTSTK,TATAPOWER,27-Feb-2025,2025-02-27,360.00,CE,32.15,33.40,32.15,33.40,33.40,2,10.604925,2700,2700,06-JAN-2025
OPTSTK,EXIDEIND,27-Feb-2025,2025-02-27,455.00,CE,0.00,0.00,0.00,16.70,7.30,0,0.00,0,0,06-JAN-2025
OPTSTK,TATAPOWER,30-Jan-2025,2025-01-30,395.00,PE,10.30,22.10,10.20,21.20,21.20,1566,8671.02772,984150,86400,06-JAN-2025
OPTSTK,EXIDEIND,30-Jan-2025,2025-01-30,395.00,CE,21.85,22.35,21.85,22.35,23.30,2,15.0156,3600,1800,06-JAN-2025
OPTSTK,EXIDEIND,30-Jan-2025,2025-01-30,340.00,CE,0.00,0.00,0.00,124.30,70.65,0,0.00,0,0,06-JAN-2025
OPTSTK,TATAPOWER,30-Jan-2025,2025-01-30,340.00,CE,0.00,0.00,0.00,109.20,41.45,0,0.00,0,0,06-JAN-2025
OPTSTK,EXIDEIND,27-Feb-2025,2025-02-27,480.00,CE,0.00,0.00,0.00,4.60,3.45,0,0.00,1800,0,06-JAN-2025
OPTSTK,TATAPOWER,27-Mar-2025,2025-03-27,370.00,PE,0.00,0.00,0.00,13.80,16.40,0,0.00,0,0,06-JAN-2025
OPTSTK,TATAPOWER,27-Feb-2025,2025-02-27,420.00,PE,0.00,0.00,0.00,32.15,43.65,0,0.00,0,0,06-JAN-2025
OPTSTK,EXIDEIND,27-Mar-2025,2025-03-27,480.00,CE,0.00,0.00,0.00,15.95,7.00,0,0.00,0,0,06-JAN-2025
OPTSTK,EXIDEIND,27-Feb-2025,2025-02-27,370.00,PE,0.00,0.00,0.00,8.25,5.55,0,0.00,0,0,06-JAN-2025
OPTSTK,EXIDEIND,30-Jan-2025,2025-01-30,460.00,PE,42.25,50.85,42.25,48.95,50.80,4,36.459,115200,0,06-JAN-2025
OPTSTK,EXIDEIND,30-Jan-2025,2025-01-30,365.00,PE,2.00,2.00,2.00,2.00,1.40,1,6.606,1800,1800,06-JAN-2025
OPTSTK,EXIDEIND,27-Feb-2025,2025-02-27,365.00,PE,0.00,0.00,0.00,7.10,4.55,0,0.00,0,0,06-JAN-2025
OPTSTK,LUPIN,27-Feb-2025,2025-02-27,2260.00,CE,0.00,0.00,0.00,92.70,165.50,0,0.00,0,0,06-JAN-2025
OPTSTK,LUPIN,30-Jan-2025,2025-01-30,2240.00,CE,150.75,158.00,129.60,158.00,147.90,14,141.81485,41650,425,06-JAN-2025
OPTSTK,ASTRAL,27-Mar-2025,2025-03-27,1560.00,PE,0.00,0.00,0.00,45.90,66.30,0,0.00,0,0,06-JAN-2025
OPTSTK,SUPREMEIND,30-Jan-2025,2025-01-30,4100.00,CE,0.00,0.00,0.00,611.50,467.95,0,0.00,0,0,06-JAN-2025
OPTSTK,SUPREMEIND,30-Jan-2025,2025-01-30,4100.00,PE,0.00,0.00,0.00,139.95,30.55,0,0.00,0,0,06-JAN-2025
OPTSTK,ASTRAL,30-Jan-2025,2025-01-30,1400.00,CE,0.00,0.00,0.00,402.10,164.70,0,0.00,0,0,06-JAN-2025
OPTSTK,ASTRAL,27-Feb-2025,2025-02-27,1540.00,PE,40.00,40.00,40.00,40.00,46.40,2,11.5972,1101,734,06-JAN-2025
OPTSTK,ASTRAL,30-Jan-2025,2025-01-30,1800.00,PE,195.00,230.15,195.00,230.15,236.30,10,73.8508595,108265,-734,06-JAN-2025
OPTSTK,LUPIN,30-Jan-2025,2025-01-30,2640.00,CE,4.65,5.40,3.25,4.60,4.60,797,8957.39838,182325,21675,06-JAN-2025
OPTSTK,ASTRAL,27-Mar-2025,2025-03-27,1640.00,PE,0.00,0.00,0.00,75.55,110.85,0,0.00,0,0,06-JAN-2025
OPTSTK,LUPIN,27-Feb-2025,2025-02-27,2280.00,CE,0.00,0.00,0.00,179.10,152.25,0,0.00,850,0,06-JAN-2025
OPTSTK,LUPIN,27-Feb-2025,2025-02-27,2280.00,PE,0.00,0.00,0.00,288.05,50.20,0,0.00,0,0,06-JAN-2025
OPTSTK,LUPIN,27-Feb-2025,2025-02-27,2220.00,PE,0.00,0.00,0.00,119.90,32.30,0,0.00,0,0,06-JAN-2025
OPTSTK,ASTRAL,30-Jan-2025,2025-01-30,1920.00,CE,0.00,0.00,0.00,69.65,0.05,0,0.00,0,0,06-JAN-2025
OPTSTK,ASTRAL,27-Feb-2025,2025-02-27,1920.00,CE,0.00,0.00,0.00,84.25,1.35,0,0.00,0,0,06-JAN-2025
OPTSTK,SUPREMEIND,27-Mar-2025,2025-03-27,5600.00,CE,0.00,0.00,0.00,181.40,55.45,0,0.00,0,0,06-JAN-2025
OPTSTK,LUPIN,30-Jan-2025,2025-01-30,2160.00,PE,7.40,8.95,7.10,8.00,6.05,63,580.382125,73950,-5100,06-JAN-2025
OPTSTK,LUPIN,27-Feb-2025,2025-02-27,1960.00,PE,0.00,0.00,0.00,91.60,2.10,0,0.00,0,0,06-JAN-2025
OPTSTK,ASTRAL,27-Feb-2025,2025-02-27,1960.00,CE,0.00,0.00,0.00,70.75,0.75,0,0.00,0,0,06-JAN-2025
OPTSTK,ASTRAL,27-Feb-2025,2025-02-27,1580.00,CE,0.00,0.00,0.00,151.65,57.40,0,0.00,0,0,06-JAN-2025
OPTSTK,ASTRAL,30-Jan-2025,2025-01-30,1580.00,PE,23.00,60.50,20.25,54.65,54.65,733,4355.70885,92484,33764,06-JAN-2025
OPTSTK,ASTRAL,27-Feb-2025,2025-02-27,1580.00,PE,0.00,0.00,0.00,40.35,65.80,0,0.00,0,0,06-JAN-2025
OPTSTK,ASTRAL,27-Mar-2025,2025-03-27,1680.00,PE,0.00,0.00,0.00,93.90,137.60,0,0.00,0,0,06-JAN-2025
OPTSTK,LUPIN,30-Jan-2025,2025-01-30,1820.00,PE,0.00,0.00,0.00,1.00,0.05,0,0.00,1700,0,06-JAN-2025
OPTSTK,ASTRAL,30-Jan-2025,2025-01-30,1820.00,PE,250.85,256.45,250.85,256.45,255.95,6,45.661773,2569,1835,06-JAN-2025
OPTSTK,ASTRAL,27-Feb-2025,2025-02-27,1820.00,PE,0.00,0.00,0.00,167.10,251.15,0,0.00,0,0,06-JAN-2025
OPTSTK,LUPIN,27-Mar-2025,2025-03-27,2640.00,CE,0.00,0.00,0.00,26.40,38.30,0,0.00,0,0,06-JAN-2025
OPTSTK,LUPIN,27-Mar-2025,2025-03-27,2640.00,PE,0.00,0.00,0.00,436.65,279.25,0,0.00,0,0,06-JAN-2025
OPTSTK,LUPIN,27-Mar-2025,2025-03-27,2600.00,PE,0.00,0.00,0.00,402.55,248.40,0,0.00,0,0,06-JAN-2025
OPTSTK,ASTRAL,30-Jan-2025,2025-01-30,1740.00,PE,0.00,0.00,0.00,94.90,178.45,0,0.00,5872,0,06-JAN-2025
OPTSTK,ASTRAL,30-Jan-2025,2025-01-30,2080.00,CE,0.00,0.00,0.00,0.85,0.05,0,0.00,8808,0,06-JAN-2025
OPTSTK,ASTRAL,30-Jan-2025,2025-01-30,1600.00,PE,34.20,73.10,27.15,66.75,66.75,1218,7370.74175,290664,17249,06-JAN-2025
OPTSTK,LT,30-Jan-2025,2025-01-30,3250.00,CE,0.00,0.00,0.00,495.10,372.80,0,0.00,0,0,06-JAN-2025
OPTSTK,LT,30-Jan-2025,2025-01-30,3300.00,CE,0.00,0.00,0.00,456.95,326.65,0,0.00,0,0,06-JAN-2025
OPTSTK,LT,27-Mar-2025,2025-03-27,3300.00,CE,0.00,0.00,0.00,463.55,398.40,0,0.00,0,0,06-JAN-2025
OPTSTK,LT,30-Jan-2025,2025-01-30,3200.00,CE,0.00,0.00,0.00,402.00,420.30,0,0.00,5250,0,06-JAN-2025
OPTSTK,DRREDDY,27-Mar-2025,2025-03-27,1260.00,CE,0.00,0.00,0.00,138.40,120.15,0,0.00,0,0,06-JAN-2025
OPTSTK,DRREDDY,27-Feb-2025,2025-02-27,1490.00,PE,0.00,0.00,0.00,132.80,131.05,0,0.00,0,0,06-JAN-2025
OPTSTK,DRREDDY,30-Jan-2025,2025-01-30,1490.00,PE,0.00,0.00,0.00,280.20,133.85,0,0.00,0,0,06-JAN-2025
OPTSTK,DRREDDY,27-Feb-2025,2025-02-27,1490.00,CE,0.00,0.00,0.00,16.65,5.65,0,0.00,0,0,06-JAN-2025
OPTSTK,DRREDDY,27-Mar-2025,2025-03-27,1460.00,PE,0.00,0.00,0.00,113.70,106.40,0,0.00,0,0,06-JAN-2025
OPTSTK,LT,27-Feb-2025,2025-02-27,3100.00,CE,0.00,0.00,0.00,654.60,540.05,0,0.00,0,0,06-JAN-2025
OPTSTK,LT,27-Feb-2025,2025-02-27,3250.00,PE,0.00,0.00,0.00,41.65,21.05,0,0.00,0,0,06-JAN-2025
OPTSTK,DRREDDY,27-Mar-2025,2025-03-27,1280.00,CE,0.00,0.00,0.00,124.05,104.65,0,0.00,0,0,06-JAN-2025
OPTSTK,DRREDDY,27-Mar-2025,2025-03-27,1280.00,PE,0.00,0.00,0.00,25.75,15.50,0,0.00,0,0,06-JAN-2025
OPTSTK,DRREDDY,27-Feb-2025,2025-02-27,1280.00,PE,0.00,0.00,0.00,96.20,10.30,0,0.00,0,0,06-JAN-2025
OPTSTK,DRREDDY,30-Jan-2025,2025-01-30,1280.00,PE,9.00,12.60,7.95,9.95,9.95,270,2178.25718,122500,28125,06-JAN-2025
OPTSTK,DRREDDY,30-Jan-2025,2025-01-30,1150.00,PE,0.60,1.30,0.60,1.00,0.05,4,28.77625,61875,-625,06-JAN-2025
OPTSTK,DRREDDY,27-Feb-2025,2025-02-27,1310.00,CE,0.00,0.00,0.00,89.55,70.75,0,0.00,0,0,06-JAN-2025
OPTSTK,DRREDDY,27-Feb-2025,2025-02-27,1310.00,PE,0.00,0.00,0.00,28.00,17.85,0,0.00,0,0,06-JAN-2025
OPTSTK,DRREDDY,27-Feb-2025,2025-02-27,1520.00,CE,0.00,0.00,0.00,1.80,3.15,0,0.00,0,0,06-JAN-2025
OPTSTK,LT,27-Mar-2025,2025-03-27,3400.00,CE,0.00,0.00,0.00,393.85,325.15,0,0.00,0,0,06-JAN-2025
OPTSTK,LT,27-Feb-2025,2025-02-27,3400.00,CE,0.00,0.00,0.00,424.50,285.85,0,0.00,0,0,06-JAN-2025
OPTSTK,DRREDDY,27-Mar-2025,2025-03-27,1240.00,CE,0.00,0.00,0.00,153.65,136.55,0,0.00,0,0,06-JAN-2025
OPTSTK,DRREDDY,30-Jan-2025,2025-01-30,1460.00,PE,0.00,0.00,0.00,105.00,105.30,0,0.00,21250,0,06-JAN-2025
OPTSTK,LT,27-Mar-2025,2025-03-27,3300.00,PE,0.00,0.00,0.00,74.45,46.75,0,0.00,0,0,06-JAN-2025
OPTSTK,LT,27-Feb-2025,2025-02-27,3300.00,CE,0.00,0.00,0.00,495.55,363.50,0,0.00,0,0,06-JAN-2025
OPTSTK,DRREDDY,27-Mar-2025,2025-03-27,1160.00,CE,0.00,0.00,0.00,221.25,208.85,0,0.00,0,0,06-JAN-2025
FUTSTK,DRREDDY,27-Feb-2025,2025-02-27,,,1365.40,1366.95,1345.40,1362.05,1362.05,108,916.118437,156250,16250,06-JAN-2025
OPTSTK,DRREDDY,27-Mar-2025,2025-03-27,1600.00,PE,0.00,0.00,0.00,225.45,228.55,0,0.00,0,0,06-JAN-2025
OPTSTK,DRREDDY,27-Feb-2025,2025-02-27,1460.00,CE,0.00,0.00,0.00,4.05,9.65,0,0.00,0,0,06-JAN-2025
OPTSTK,LT,30-Jan-2025,2025-01-30,4400.00,CE,1.55,1.55,1.25,1.25,1.25,22,145.24215,17400,-300,06-JAN-2025
OPTSTK,DRREDDY,30-Jan-2025,2025-01-30,1370.00,PE,37.00,50.45,34.40,41.35,41.35,201,1775.66406,126250,-6875,06-JAN-2025
OPTSTK,DRREDDY,30-Jan-2025,2025-01-30,1370.00,CE,28.40,30.95,20.10,27.55,27.55,588,5126.6775,106250,-25000,06-JAN-2025
OPTSTK,LT,27-Mar-2025,2025-03-27,4200.00,PE,0.00,0.00,0.00,566.20,565.40,0,0.00,0,0,06-JAN-2025
OPTSTK,BALKRISIND,27-Mar-2025,2025-03-27,2920.00,CE,0.00,0.00,0.00,176.00,87.25,0,0.00,0,0,06-JAN-2025
OPTSTK,BALKRISIND,30-Jan-2025,2025-01-30,2920.00,PE,0.00,0.00,0.00,163.75,205.90,0,0.00,0,0,06-JAN-2025
OPTSTK,BALKRISIND,30-Jan-2025,2025-01-30,2920.00,CE,38.75,38.75,28.05,28.65,22.00,18,159.5259,8400,-1800,06-JAN-2025
OPTSTK,BALKRISIND,27-Mar-2025,2025-03-27,2920.00,PE,0.00,0.00,0.00,218.55,241.15,0,0.00,0,0,06-JAN-2025
OPTSTK,SUNPHARMA,27-Feb-2025,2025-02-27,1660.00,PE,0.00,0.00,0.00,7.95,2.35,0,0.00,0,0,06-JAN-2025
OPTSTK,BALKRISIND,30-Jan-2025,2025-01-30,3120.00,PE,0.00,0.00,0.00,307.90,386.35,0,0.00,0,0,06-JAN-2025
OPTSTK,BALKRISIND,27-Feb-2025,2025-02-27,3120.00,PE,0.00,0.00,0.00,327.75,386.65,0,0.00,0,0,06-JAN-2025
OPTSTK,SUNPHARMA,27-Feb-2025,2025-02-27,1860.00,PE,0.00,0.00,0.00,65.35,48.60,0,0.00,0,0,06-JAN-2025
OPTSTK,BALKRISIND,27-Feb-2025,2025-02-27,2700.00,CE,0.00,0.00,0.00,225.50,144.25,0,0.00,0,0,06-JAN-2025
OPTSTK,BALKRISIND,30-Jan-2025,2025-01-30,2680.00,CE,0.00,0.00,0.00,216.90,110.70,0,0.00,0,0,06-JAN-2025
OPTSTK,BALKRISIND,27-Feb-2025,2025-02-27,2680.00,PE,0.00,0.00,0.00,83.90,86.45,0,0.00,0,0,06-JAN-2025
OPTSTK,BALKRISIND,27-Feb-2025,2025-02-27,2680.00,CE,0.00,0.00,0.00,262.20,155.30,0,0.00,0,0,06-JAN-2025
OPTSTK,BALKRISIND,30-Jan-2025,2025-01-30,2860.00,CE,67.05,67.05,44.65,47.00,35.15,14,122.29785,6900,-300,06-JAN-2025
OPTSTK,BALKRISIND,27-Feb-2025,2025-02-27,2860.00,PE,0.00,0.00,0.00,162.10,184.05,0,0.00,0,0,06-JAN-2025
OPTSTK,SUNPHARMA,27-Feb-2025,2025-02-27,1720.00,CE,0.00,0.00,0.00,101.80,151.30,0,0.00,0,0,06-JAN-2025
OPTSTK,BALKRISIND,30-Jan-2025,2025-01-30,2720.00,CE,0.00,0.00,0.00,169.30,88.65,0,0.00,300,0,06-JAN-2025
OPTSTK,BALKRISIND,27-Feb-2025,2025-02-27,3240.00,CE,0.00,0.00,0.00,46.55,9.60,0,0.00,0,0,06-JAN-2025
OPTSTK,BALKRISIND,30-Jan-2025,2025-01-30,3240.00,CE,4.95,5.00,3.40,3.40,0.90,5,48.66975,3900,300,06-JAN-2025
OPTSTK,BALKRISIND,30-Jan-2025,2025-01-30,2520.00,PE,22.10,23.15,20.45,21.50,21.50,45,343.10475,9900,9900,06-JAN-2025
OPTSTK,BALKRISIND,30-Jan-2025,2025-01-30,3020.00,CE,13.25,13.75,13.25,13.75,9.15,6,54.6033,2100,1800,06-JAN-2025
OPTSTK,BALKRISIND,27-Feb-2025,2025-02-27,2700.00,PE,0.00,0.00,0.00,50.85,95.25,0,0.00,300,0,06-JAN-2025
OPTSTK,BALKRISIND,27-Mar-2025,2025-03-27,2800.00,PE,0.00,0.00,0.00,157.20,167.30,0,0.00,0,0,06-JAN-2025
OPTSTK,BALKRISIND,27-Feb-2025,2025-02-27,2360.00,CE,0.00,0.00,0.00,510.00,396.15,0,0.00,0,0,06-JAN-2025
OPTSTK,BALKRISIND,30-Jan-2025,2025-01-30,2300.00,PE,1.30,3.95,1.30,3.60,3.60,55,380.0094,18300,8100,06-JAN-2025
OPTSTK,BALKRISIND,27-Mar-2025,2025-03-27,3280.00,PE,0.00,0.00,0.00,463.75,528.70,0,0.00,0,0,06-JAN-2025
OPTSTK,BALKRISIND,30-Jan-2025,2025-01-30,2600.00,CE,0.00,0.00,0.00,244.40,163.95,0,0.00,900,0,06-JAN-2025
OPTSTK,BALKRISIND,27-Feb-2025,2025-02-27,3280.00,CE,0.00,0.00,0.00,40.05,7.45,0,0.00,0,0,06-JAN-2025
OPTSTK,BALKRISIND,30-Jan-2025,2025-01-30,2700.00,CE,140.00,140.00,105.60,118.00,99.30,10,84.4755,3000,3000,06-JAN-2025
OPTSTK,BALKRISIND,30-Jan-2025,2025-01-30,2700.00,PE,34.50,76.05,34.10,72.70,72.70,287,2376.09255,58800,9000,06-JAN-2025
OPTSTK,BALKRISIND,30-Jan-2025,2025-01-30,2480.00,PE,0.00,0.00,0.00,13.65,8.55,0,0.00,0,0,06-JAN-2025
OPTSTK,SUNPHARMA,27-Feb-2025,2025-02-27,2020.00,PE,0.00,0.00,0.00,172.20,161.65,0,0.00,0,0,06-JAN-2025
OPTSTK,ICICIPRULI,27-Feb-2025,2025-02-27,680.00,PE,0.00,0.00,0.00,32.70,32.45,0,0.00,0,0,06-JAN-2025
OPTSTK,CYIENT,30-Jan-2025,2025-01-30,1440.00,CE,0.00,0.00,0.00,442.55,314.95,0,0.00,0,0,06-JAN-2025
OPTSTK,CYIENT,27-Mar-2025,2025-03-27,1440.00,CE,0.00,0.00,0.00,523.05,339.60,0,0.00,0,0,06-JAN-2025
OPTSTK,CYIENT,30-Jan-2025,2025-01-30,1700.00,PE,33.25,53.80,33.25,51.35,51.35,156,816.3429,60000,1800,06-JAN-2025
OPTSTK,CYIENT,30-Jan-2025,2025-01-30,1700.00,CE,111.00,111.00,102.00,102.00,90.65,5,27.10965,3000,-300,06-JAN-2025
OPTSTK,CYIENT,30-Jan-2025,2025-01-30,1940.00,CE,0.00,0.00,0.00,29.85,9.45,0,0.00,300,0,06-JAN-2025
OPTSTK,CYIENT,30-Jan-2025,2025-01-30,1720.00,CE,0.00,0.00,0.00,215.90,78.60,0,0.00,0,0,06-JAN-2025
OPTSTK,CYIENT,27-Mar-2025,2025-03-27,1720.00,PE,0.00,0.00,0.00,55.05,82.55,0,0.00,0,0,06-JAN-2025
OPTSTK,ICICIPRULI,27-Mar-2025,2025-03-27,680.00,PE,0.00,0.00,0.00,41.60,36.70,0,0.00,0,0,06-JAN-2025
OPTSTK,ICICIPRULI,30-Jan-2025,2025-01-30,720.00,PE,60.50,62.95,60.50,62.95,57.55,3,17.58,22500,1500,06-JAN-2025
OPTSTK,ICICIPRULI,27-Feb-2025,2025-02-27,720.00,CE,0.00,0.00,0.00,9.90,8.80,0,0.00,750,0,06-JAN-2025
OPTSTK,CYIENT,30-Jan-2025,2025-01-30,1740.00,CE,0.00,0.00,0.00,202.85,67.60,0,0.00,0,0,06-JAN-2025
OPTSTK,CYIENT,27-Feb-2025,2025-02-27,1740.00,PE,0.00,0.00,0.00,43.95,75.30,0,0.00,0,0,06-JAN-2025
OPTSTK,CYIENT,27-Feb-2025,2025-02-27,2140.00,CE,0.00,0.00,0.00,61.50,6.60,0,0.00,0,0,06-JAN-2025
OPTSTK,CYIENT,30-Jan-2025,2025-01-30,2140.00,CE,2.00,2.85,2.00,2.10,0.60,9,57.8442,3300,-300,06-JAN-2025
OPTSTK,CYIENT,27-Mar-2025,2025-03-27,1880.00,PE,0.00,0.00,0.00,113.00,171.80,0,0.00,0,0,06-JAN-2025
OPTSTK,CYIENT,30-Jan-2025,2025-01-30,1640.00,PE,30.80,30.80,24.00,29.65,17.40,14,70.1154,9900,0,06-JAN-2025
OPTSTK,CYIENT,27-Feb-2025,2025-02-27,1640.00,PE,0.00,0.00,0.00,49.90,36.75,0,0.00,0,0,06-JAN-2025
OPTSTK,ICICIPRULI,30-Jan-2025,2025-01-30,670.00,PE,15.00,28.35,14.70,23.45,23.45,561,2914.39612,206250,-153000,06-JAN-2025
OPTSTK,CYIENT,30-Jan-2025,2025-01-30,2100.00,PE,0.00,0.00,0.00,260.45,343.70,0,0.00,2100,0,06-JAN-2025
OPTSTK,CYIENT,27-Feb-2025,2025-02-27,2100.00,PE,0.00,0.00,0.00,218.00,341.00,0,0.00,0,0,06-JAN-2025
OPTSTK,ICICIPRULI,27-Feb-2025,2025-02-27,780.00,PE,0.00,0.00,0.00,92.90,112.40,0,0.00,0,0,06-JAN-2025
OPTSTK,ICICIPRULI,30-Jan-2025,2025-01-30,580.00,PE,1.10,2.00,1.10,1.65,0.30,50,218.10975,69000,1500,06-JAN-2025
OPTSTK,CYIENT,27-Feb-2025,2025-02-27,2240.00,CE,0.00,0.00,0.00,46.65,2.80,0,0.00,0,0,06-JAN-2025
OPTSTK,CYIENT,30-Jan-2025,2025-01-30,2240.00,CE,0.00,0.00,0.00,26.85,0.10,0,0.00,0,0,06-JAN-2025
OPTSTK,CYIENT,30-Jan-2025,2025-01-30,2240.00,PE,0.00,0.00,0.00,381.05,482.10,0,0.00,0,0,06-JAN-2025
OPTSTK,CYIENT,27-Mar-2025,2025-03-27,2000.00,PE,0.00,0.00,0.00,173.70,259.35,0,0.00,0,0,06-JAN-2025
OPTSTK,ICICIPRULI,27-Feb-2025,2025-02-27,780.00,CE,0.00,0.00,0.00,18.85,1.75,0,0.00,0,0,06-JAN-2025
OPTSTK,CYIENT,27-Mar-2025,2025-03-27,1960.00,PE,0.00,0.00,0.00,151.85,228.55,0,0.00,0,0,06-JAN-2025
OPTSTK,CYIENT,30-Jan-2025,2025-01-30,1580.00,CE,0.00,0.00,0.00,320.15,182.50,0,0.00,0,0,06-JAN-2025
OPTSTK,CYIENT,27-Feb-2025,2025-02-27,1580.00,CE,0.00,0.00,0.00,382.20,204.90,0,0.00,0,0,06-JAN-2025
OPTSTK,CYIENT,27-Feb-2025,2025-02-27,1680.00,PE,0.00,0.00,0.00,61.45,50.05,0,0.00,0,0,06-JAN-2025
OPTSTK,HCLTECH,27-Mar-2025,2025-03-27,1920.00,CE,0.00,0.00,0.00,106.90,113.55,0,0.00,0,0,06-JAN-2025
OPTSTK,PAYTM,27-Mar-2025,2025-03-27,1160.00,CE,0.00,0.00,0.00,87.70,45.30,0,0.00,0,0,06-JAN-2025
OPTSTK,HCLTECH,27-Feb-2025,2025-02-27,1600.00,PE,0.00,0.00,0.00,13.55,0.30,0,0.00,0,0,06-JAN-2025
OPTSTK,HCLTECH,30-Jan-2025,2025-01-30,1900.00,PE,33.05,39.45,24.15,32.65,32.65,2112,14282.7291,528500,-26950,06-JAN-2025
OPTSTK,PAYTM,27-Feb-2025,2025-02-27,1100.00,PE,0.00,0.00,0.00,165.35,160.70,0,0.00,0,0,06-JAN-2025
OPTSTK,PAYTM,30-Jan-2025,2025-01-30,1100.00,CE,9.95,12.45,7.10,8.05,8.05,1550,11183.9429,1171950,7800,06-JAN-2025
OPTSTK,PAYTM,27-Mar-2025,2025-03-27,1040.00,PE,0.00,0.00,0.00,147.75,135.45,0,0.00,0,0,06-JAN-2025
OPTSTK,PAYTM,27-Feb-2025,2025-02-27,1040.00,CE,0.00,0.00,0.00,94.60,58.15,0,0.00,0,0,06-JAN-2025
OPTSTK,HCLTECH,27-Feb-2025,2025-02-27,1860.00,PE,0.00,0.00,0.00,53.30,22.50,0,0.00,0,0,06-JAN-2025
OPTSTK,PAYTM,30-Jan-2025,2025-01-30,1160.00,PE,0.00,0.00,0.00,153.85,194.35,0,0.00,13000,0,06-JAN-2025
OPTSTK,PAYTM,27-Feb-2025,2025-02-27,1160.00,CE,0.00,0.00,0.00,62.60,27.30,0,0.00,0,0,06-JAN-2025
FUTSTK,PAYTM,30-Jan-2025,2025-01-30,,,987.20,1004.00,968.60,973.85,973.85,6699,43033.9646,11662950,-484900,06-JAN-2025
OPTSTK,HCLTECH,27-Feb-2025,2025-02-27,1960.00,CE,0.00,0.00,0.00,64.70,70.75,0,0.00,0,0,06-JAN-2025
OPTSTK,HCLTECH,30-Jan-2025,2025-01-30,1960.00,CE,39.15,52.50,35.05,42.90,42.90,3582,25115.5350,518700,94500,06-JAN-2025
OPTSTK,HCLTECH,27-Feb-2025,2025-02-27,1800.00,CE,0.00,0.00,0.00,137.95,181.05,0,0.00,0,0,06-JAN-2025
OPTSTK,HCLTECH,30-Jan-2025,2025-01-30,2160.00,PE,233.75,235.00,233.75,235.00,199.50,6,50.290625,2450,-2100,06-JAN-2025
OPTSTK,HCLTECH,27-Feb-2025,2025-02-27,2000.00,CE,47.70,50.55,47.00,50.55,50.55,16,114.7055,8750,350,06-JAN-2025
OPTSTK,PAYTM,27-Feb-2025,2025-02-27,960.00,CE,0.00,0.00,0.00,123.45,91.30,0,0.00,0,0,06-JAN-2025
OPTSTK,PAYTM,27-Mar-2025,2025-03-27,960.00,PE,0.00,0.00,0.00,105.05,90.00,0,0.00,0,0,06-JAN-2025
OPTSTK,HCLTECH,30-Jan-2025,2025-01-30,1680.00,CE,0.00,0.00,0.00,159.55,280.60,0,0.00,0,0,06-JAN-2025
OPTSTK,PAYTM,30-Jan-2025,2025-01-30,840.00,PE,5.50,6.35,3.10,5.80,5.80,258,1416.1901,127400,3900,06-JAN-2025
OPTSTK,HCLTECH,30-Jan-2025,2025-01-30,1700.00,CE,0.00,0.00,0.00,219.85,260.75,0,0.00,26950,0,06-JAN-2025
OPTSTK,PAYTM,30-Jan-2025,2025-01-30,900.00,PE,15.10,17.25,9.05,16.00,16.00,1020,6052.80065,612950,9100,06-JAN-2025
OPTSTK,HCLTECH,27-Feb-2025,2025-02-27,1600.00,CE,0.00,0.00,0.00,283.30,368.65,0,0.00,0,0,06-JAN-2025
OPTSTK,HCLTECH,30-Jan-2025,2025-01-30,1600.00,CE,0.00,0.00,0.00,325.00,360.15,0,0.00,700,0,06-JAN-2025
OPTSTK,HCLTECH,30-Jan-2025,2025-01-30,1740.00,CE,0.00,0.00,0.00,161.70,221.40,0,0.00,350,0,06-JAN-2025
OPTSTK,HCLTECH,27-Feb-2025,2025-02-27,2000.00,PE,0.00,0.00,0.00,175.25,80.15,0,0.00,0,0,06-JAN-2025
OPTSTK,PAYTM,27-Feb-2025,2025-02-27,960.00,PE,0.00,0.00,0.00,139.45,73.05,0,0.00,0,0,06-JAN-2025
OPTSTK,HCLTECH,30-Jan-2025,2025-01-30,1960.00,PE,59.25,69.70,46.80,59.50,59.50,1087,7674.33905,129850,30100,06-JAN-2025
OPTSTK,PAYTM,30-Jan-2025,2025-01-30,980.00,CE,50.00,56.60,39.00,41.55,41.55,1765,11792.7121,847600,33150,06-JAN-2025
OPTSTK,HCLTECH,30-Jan-2025,2025-01-30,1720.00,CE,0.00,0.00,0.00,134.40,241.00,0,0.00,0,0,06-JAN-2025
OPTSTK,HCLTECH,27-Mar-2025,2025-03-27,1720.00,CE,0.00,0.00,0.00,235.40,265.60,0,0.00,0,0,06-JAN-2025
OPTSTK,PIDILITIND,27-Mar-2025,2025-03-27,2480.00,CE,0.00,0.00,0.00,507.00,455.40,0,0.00,0,0,06-JAN-2025
OPTSTK,PIDILITIND,27-Feb-2025,2025-02-27,2620.00,CE,0.00,0.00,0.00,360.80,307.70,0,0.00,0,0,06-JAN-2025
OPTSTK,PIDILITIND,30-Jan-2025,2025-01-30,2980.00,CE,47.00,47.75,36.60,44.20,44.20,123,929.335,36500,-2500,06-JAN-2025
OPTSTK,PIDILITIND,30-Jan-2025,2025-01-30,3180.00,PE,0.00,0.00,0.00,180.60,274.20,0,0.00,0,0,06-JAN-2025
OPTSTK,PIDILITIND,30-Jan-2025,2025-01-30,2720.00,PE,11.15,20.00,11.15,18.80,7.45,21,143.553875,13000,1500,06-JAN-2025
OPTSTK,PIDILITIND,27-Mar-2025,2025-03-27,2720.00,CE,0.00,0.00,0.00,306.80,247.50,0,0.00,0,0,06-JAN-2025
OPTSTK,PIDILITIND,30-Jan-2025,2025-01-30,2820.00,CE,0.00,0.00,0.00,132.40,113.80,0,0.00,500,0,06-JAN-2025
OPTSTK,PIDILITIND,30-Jan-2025,2025-01-30,2720.00,CE,0.00,0.00,0.00,490.80,194.25,0,0.00,0,0,06-JAN-2025
OPTSTK,PIDILITIND,30-Jan-2025,2025-01-30,3240.00,PE,0.00,0.00,0.00,175.65,332.15,0,0.00,0,0,06-JAN-2025
OPTSTK,PIDILITIND,27-Feb-2025,2025-02-27,3240.00,PE,0.00,0.00,0.00,231.80,324.70,0,0.00,0,0,06-JAN-2025
OPTSTK,PIDILITIND,27-Feb-2025,2025-02-27,3400.00,CE,0.00,0.00,0.00,51.80,2.45,0,0.00,0,0,06-JAN-2025
OPTSTK,PIDILITIND,30-Jan-2025,2025-01-30,2560.00,PE,0.00,0.00,0.00,5.05,0.40,0,0.00,0,0,06-JAN-2025
OPTSTK,PIDILITIND,30-Jan-2025,2025-01-30,3300.00,PE,399.65,405.05,399.65,405.05,391.10,4,37.01,11750,0,06-JAN-2025
OPTSTK,PIDILITIND,27-Feb-2025,2025-02-27,3160.00,PE,0.00,0.00,0.00,182.70,254.70,0,0.00,0,0,06-JAN-2025
OPTSTK,PIDILITIND,27-Mar-2025,2025-03-27,3160.00,CE,0.00,0.00,0.00,79.10,38.10,0,0.00,0,0,06-JAN-2025
OPTSTK,PIDILITIND,27-Feb-2025,2025-02-27,2740.00,PE,0.00,0.00,0.00,36.15,25.20,0,0.00,0,0,06-JAN-2025
OPTSTK,PIDILITIND,30-Jan-2025,2025-01-30,3040.00,CE,37.25,37.25,22.00,28.20,28.20,111,851.13975,22250,7750,06-JAN-2025
OPTSTK,PIDILITIND,27-Feb-2025,2025-02-27,2620.00,PE,0.00,0.00,0.00,15.50,7.90,0,0.00,0,0,06-JAN-2025
OPTSTK,PIDILITIND,27-Feb-2025,2025-02-27,2880.00,CE,0.00,0.00,0.00,277.35,112.40,0,0.00,0,0,06-JAN-2025
OPTSTK,PIDILITIND,27-Mar-2025,2025-03-27,2880.00,CE,0.00,0.00,0.00,200.60,141.75,0,0.00,0,0,06-JAN-2025
OPTSTK,PIDILITIND,30-Jan-2025,2025-01-30,2880.00,PE,57.50,71.00,55.40,65.45,65.45,68,500.237,23750,-3250,06-JAN-2025
OPTSTK,PIDILITIND,30-Jan-2025,2025-01-30,2880.00,CE,78.35,92.90,78.35,90.35,90.35,34,251.9525,11000,1250,06-JAN-2025
OPTSTK,PIDILITIND,30-Jan-2025,2025-01-30,2480.00,PE,0.00,0.00,0.00,2.20,0.05,0,0.00,3750,0,06-JAN-2025
OPTSTK,PIDILITIND,30-Jan-2025,2025-01-30,2440.00,PE,0.00,0.00,0.00,2.20,0.05,0,0.00,1000,0,06-JAN-2025
OPTSTK,PIDILITIND,27-Mar-2025,2025-03-27,2680.00,CE,0.00,0.00,0.00,337.20,278.80,0,0.00,0,0,06-JAN-2025
OPTSTK,PIDILITIND,30-Jan-2025,2025-01-30,2980.00,PE,0.00,0.00,0.00,92.40,104.70,0,0.00,3500,0,06-JAN-2025
OPTSTK,PIDILITIND,30-Jan-2025,2025-01-30,3200.00,PE,300.00,300.00,300.00,300.00,293.35,4,35,21000,0,06-JAN-2025
OPTSTK,PIDILITIND,27-Feb-2025,2025-02-27,3200.00,PE,0.00,0.00,0.00,206.50,289.10,0,0.00,0,0,06-JAN-2025
OPTSTK,PIDILITIND,27-Feb-2025,2025-02-27,2400.00,CE,0.00,0.00,0.00,689.50,518.10,0,0.00,0,0,06-JAN-2025
OPTSTK,PIDILITIND,27-Mar-2025,2025-03-27,2760.00,CE,0.00,0.00,0.00,277.95,218.00,0,0.00,0,0,06-JAN-2025
OPTSTK,PIDILITIND,30-Jan-2025,2025-01-30,2760.00,CE,0.00,0.00,0.00,158.50,159.95,0,0.00,500,0,06-JAN-2025
OPTSTK,SRF,27-Feb-2025,2025-02-27,2100.00,PE,0.00,0.00,0.00,39.80,18.55,0,0.00,0,0,06-JAN-2025
OPTSTK,SRF,27-Feb-2025,2025-02-27,2100.00,CE,0.00,0.00,0.00,195.00,216.05,0,0.00,750,0,06-JAN-2025
OPTSTK,SRF,30-Jan-2025,2025-01-30,2100.00,CE,210.20,210.20,210.20,210.20,192.70,1,8.66325,6750,375,06-JAN-2025
OPTSTK,JSL,27-Mar-2025,2025-03-27,740.00,CE,0.00,0.00,0.00,70.95,24.65,0,0.00,0,0,06-JAN-2025
OPTSTK,JSL,30-Jan-2025,2025-01-30,760.00,CE,2.55,2.85,2.20,2.60,3.20,24,141.809887,57350,6200,06-JAN-2025
OPTSTK,AXISBANK,27-Feb-2025,2025-02-27,1190.00,CE,0.00,0.00,0.00,18.40,6.40,0,0.00,0,0,06-JAN-2025
OPTSTK,AXISBANK,27-Mar-2025,2025-03-27,1060.00,CE,0.00,0.00,0.00,80.50,57.15,0,0.00,0,0,06-JAN-2025
OPTSTK,AXISBANK,27-Feb-2025,2025-02-27,1060.00,CE,0.00,0.00,0.00,51.00,45.20,0,0.00,6875,0,06-JAN-2025
OPTSTK,SRF,27-Feb-2025,2025-02-27,2320.00,CE,0.00,0.00,0.00,133.95,76.50,0,0.00,0,0,06-JAN-2025
OPTSTK,SRF,27-Feb-2025,2025-02-27,2320.00,PE,0.00,0.00,0.00,149.70,96.90,0,0.00,0,0,06-JAN-2025
OPTSTK,SRF,27-Mar-2025,2025-03-27,2320.00,PE,0.00,0.00,0.00,145.25,111.10,0,0.00,0,0,06-JAN-2025
OPTSTK,SRF,30-Jan-2025,2025-01-30,2320.00,PE,67.95,89.60,63.15,81.35,76.40,34,305.892375,10125,5625,06-JAN-2025
OPTSTK,SRF,27-Mar-2025,2025-03-27,2320.00,CE,0.00,0.00,0.00,129.30,102.55,0,0.00,0,0,06-JAN-2025
OPTSTK,SRF,30-Jan-2025,2025-01-30,2680.00,CE,0.00,0.00,0.00,1.40,0.35,0,0.00,1125,0,06-JAN-2025
OPTSTK,AXISBANK,30-Jan-2025,2025-01-30,1020.00,CE,77.85,77.85,56.50,57.00,56.25,8,54.171875,24375,-2500,06-JAN-2025
OPTSTK,AXISBANK,27-Mar-2025,2025-03-27,1020.00,PE,0.00,0.00,0.00,29.55,22.70,0,0.00,0,0,06-JAN-2025
OPTSTK,AXISBANK,27-Feb-2025,2025-02-27,1020.00,CE,0.00,0.00,0.00,148.40,69.75,0,0.00,0,0,06-JAN-2025
OPTSTK,JSL,27-Mar-2025,2025-03-27,700.00,PE,0.00,0.00,0.00,44.85,63.05,0,0.00,0,0,06-JAN-2025
OPTSTK,SRF,30-Jan-2025,2025-01-30,2180.00,CE,127.00,127.00,127.00,127.00,125.85,1,8.65125,6000,375,06-JAN-2025
OPTSTK,SRF,27-Feb-2025,2025-02-27,2180.00,PE,0.00,0.00,0.00,64.70,37.50,0,0.00,0,0,06-JAN-2025
OPTSTK,SRF,27-Feb-2025,2025-02-27,2340.00,PE,0.00,0.00,0.00,140.85,108.30,0,0.00,0,0,06-JAN-2025
OPTSTK,SRF,27-Feb-2025,2025-02-27,2340.00,CE,0.00,0.00,0.00,92.30,68.05,0,0.00,0,0,06-JAN-2025
OPTSTK,SRF,27-Feb-2025,2025-02-27,2720.00,PE,0.00,0.00,0.00,411.00,420.15,0,0.00,375,0,06-JAN-2025
OPTSTK,SRF,30-Jan-2025,2025-01-30,2720.00,CE,1.30,1.65,0.80,1.00,0.15,13,132.652312,25500,0,06-JAN-2025
OPTSTK,AXISBANK,30-Jan-2025,2025-01-30,1050.00,CE,53.15,54.00,36.20,38.20,38.20,274,1868.39062,160000,-60625,06-JAN-2025
OPTSTK,AXISBANK,27-Feb-2025,2025-02-27,1050.00,PE,21.50,28.00,21.50,28.00,27.30,9,60.55,14375,625,06-JAN-2025
OPTSTK,SRF,30-Jan-2025,2025-01-30,2520.00,PE,0.00,0.00,0.00,289.25,235.90,0,0.00,0,0,06-JAN-2025
OPTSTK,SRF,30-Jan-2025,2025-01-30,2520.00,CE,6.60,7.10,4.45,5.55,5.55,23,217.854187,8250,0,06-JAN-2025
OPTSTK,SRF,27-Feb-2025,2025-02-27,2520.00,PE,0.00,0.00,0.00,277.40,238.45,0,0.00,0,0,06-JAN-2025
OPTSTK,SRF,27-Mar-2025,2025-03-27,2520.00,CE,0.00,0.00,0.00,61.30,37.45,0,0.00,0,0,06-JAN-2025
OPTSTK,AXISBANK,30-Jan-2025,2025-01-30,1220.00,CE,1.15,1.25,0.90,1.05,1.05,73,557.099687,249375,21875,06-JAN-2025
OPTSTK,AXISBANK,27-Feb-2025,2025-02-27,1240.00,CE,0.00,0.00,0.00,4.10,2.40,0,0.00,1250,0,06-JAN-2025
OPTSTK,AXISBANK,27-Feb-2025,2025-02-27,1240.00,PE,0.00,0.00,0.00,119.35,167.15,0,0.00,0,0,06-JAN-2025
OPTSTK,LTIM,27-Feb-2025,2025-02-27,6400.00,CE,0.00,0.00,0.00,341.95,57.10,0,0.00,0,0,06-JAN-2025
OPTSTK,LTIM,30-Jan-2025,2025-01-30,7000.00,PE,1125.00,1125.00,1125.00,1125.00,1238.10,1,12.1875,150,-150,06-JAN-2025
OPTSTK,LTIM,30-Jan-2025,2025-01-30,7000.00,CE,5.10,8.50,5.00,5.85,5.85,626,6579.06105,122400,-10950,06-JAN-2025
OPTSTK,LTIM,30-Jan-2025,2025-01-30,4900.00,PE,10.00,10.00,10.00,10.00,1.55,1,7.365,150,150,06-JAN-2025
OPTSTK,LTIM,30-Jan-2025,2025-01-30,6450.00,CE,31.75,34.00,22.05,22.90,22.90,39,378.997575,11850,150,06-JAN-2025
OPTSTK,LTIM,27-Feb-2025,2025-02-27,6500.00,PE,0.00,0.00,0.00,525.65,749.80,0,0.00,0,0,06-JAN-2025
OPTSTK,LTIM,30-Jan-2025,2025-01-30,5950.00,CE,139.15,171.25,103.15,107.15,107.15,533,4865.16225,11850,4950,06-JAN-2025
OPTSTK,LTIM,30-Jan-2025,2025-01-30,5950.00,PE,248.05,306.40,211.00,306.40,306.40,78,723.7071,5100,4500,06-JAN-2025
FUTSTK,LTIM,27-Feb-2025,2025-02-27,,,5848.75,5939.05,5774.85,5784.40,5784.40,171,1501.0395,66000,450,06-JAN-2025
OPTSTK,LTIM,30-Jan-2025,2025-01-30,5350.00,PE,36.50,36.50,31.05,31.05,31.25,18,145.350675,9000,0,06-JAN-2025
OPTSTK,LTIM,27-Feb-2025,2025-02-27,5400.00,CE,0.00,0.00,0.00,945.75,472.20,0,0.00,0,0,06-JAN-2025
OPTSTK,LTIM,27-Feb-2025,2025-02-27,5400.00,PE,0.00,0.00,0.00,88.60,89.20,0,0.00,0,0,06-JAN-2025
OPTSTK,BANKBARODA,27-Mar-2025,2025-03-27,250.00,PE,0.00,0.00,0.00,19.60,26.20,0,0.00,0,0,06-JAN-2025
OPTSTK,BANKBARODA,30-Jan-2025,2025-01-30,277.50,CE,0.35,0.55,0.25,0.25,0.10,60,487.571175,283725,-108225,06-JAN-2025
OPTSTK,BANKBARODA,27-Feb-2025,2025-02-27,245.00,CE,7.55,7.55,5.55,5.65,6.25,32,234.9828,163800,2925,06-JAN-2025
OPTSTK,BANKBARODA,27-Feb-2025,2025-02-27,220.00,CE,17.50,17.60,17.00,17.25,17.25,17,117.9594,49725,49725,06-JAN-2025
OPTSTK,BANKBARODA,27-Feb-2025,2025-02-27,252.50,CE,0.00,0.00,0.00,15.65,4.35,0,0.00,0,0,06-JAN-2025
OPTSTK,BANKBARODA,27-Mar-2025,2025-03-27,270.00,PE,0.00,0.00,0.00,31.50,41.70,0,0.00,0,0,06-JAN-2025
OPTSTK,BANKBARODA,30-Jan-2025,2025-01-30,280.00,PE,0.00,0.00,0.00,32.40,50.90,0,0.00,447525,0,06-JAN-2025
OPTSTK,BANKBARODA,30-Jan-2025,2025-01-30,280.00,CE,0.25,0.30,0.20,0.20,0.20,152,1245.84963,1409850,58500,06-JAN-2025
OPTSTK,BANKBARODA,27-Feb-2025,2025-02-27,232.50,CE,10.60,10.60,10.60,10.60,10.80,1,7.110675,2925,2925,06-JAN-2025
OPTSTK,BANKBARODA,30-Jan-2025,2025-01-30,232.50,PE,3.60,9.95,3.60,9.40,9.40,2078,14586.5845,1363050,412425,06-JAN-2025
OPTSTK,BANKBARODA,27-Feb-2025,2025-02-27,232.50,PE,0.00,0.00,0.00,9.15,13.10,0,0.00,0,0,06-JAN-2025
OPTSTK,BANKBARODA,30-Jan-2025,2025-01-30,232.50,CE,10.65,10.80,5.60,5.80,5.80,1500,10500.3083,1093950,827775,06-JAN-2025
OPTSTK,BANKBARODA,27-Feb-2025,2025-02-27,195.00,PE,0.00,0.00,0.00,2.35,1.30,0,0.00,0,0,06-JAN-2025
OPTSTK,BANKBARODA,30-Jan-2025,2025-01-30,195.00,CE,0.00,0.00,0.00,61.70,34.05,0,0.00,0,0,06-JAN-2025
OPTSTK,BANKBARODA,27-Mar-2025,2025-03-27,195.00,PE,0.00,0.00,0.00,2.40,2.50,0,0.00,0,0,06-JAN-2025
OPTSTK,BANKBARODA,27-Feb-2025,2025-02-27,212.50,PE,0.00,0.00,0.00,3.65,4.70,0,0.00,0,0,06-JAN-2025
OPTSTK,BANKBARODA,30-Jan-2025,2025-01-30,212.50,PE,1.75,2.40,1.75,2.30,2.30,43,269.844412,84825,84825,06-JAN-2025
OPTSTK,BANKBARODA,30-Jan-2025,2025-01-30,207.50,CE,0.00,0.00,0.00,46.75,22.65,0,0.00,0,0,06-JAN-2025
OPTSTK,BANKBARODA,30-Jan-2025,2025-01-30,225.00,CE,13.50,13.50,9.30,9.55,9.55,446,3078.10473,532350,333450,06-JAN-2025
OPTSTK,BANKBARODA,30-Jan-2025,2025-01-30,225.00,PE,2.10,6.25,2.10,5.85,5.85,2895,19464.7795,2714400,201825,06-JAN-2025
OPTSTK,BANKBARODA,27-Mar-2025,2025-03-27,225.00,PE,0.00,0.00,0.00,9.00,11.60,0,0.00,0,0,06-JAN-2025
OPTSTK,BANKBARODA,27-Mar-2025,2025-03-27,255.00,CE,0.00,0.00,0.00,18.60,6.50,0,0.00,0,0,06-JAN-2025
OPTSTK,BANKBARODA,27-Mar-2025,2025-03-27,255.00,PE,0.00,0.00,0.00,22.30,29.80,0,0.00,0,0,06-JAN-2025
OPTSTK,BANKBARODA,27-Feb-2025,2025-02-27,255.00,CE,4.35,4.35,3.70,3.70,3.85,2,15.1529625,14625,5850,06-JAN-2025
OPTSTK,BANKBARODA,30-Jan-2025,2025-01-30,255.00,CE,2.10,2.15,0.90,0.95,0.95,2227,16688.6255,4214925,386100,06-JAN-2025
OPTSTK,BANKBARODA,30-Jan-2025,2025-01-30,250.00,PE,14.40,23.10,14.20,22.45,22.45,601,4752.14512,2471625,143325,06-JAN-2025
OPTSTK,BANKBARODA,30-Jan-2025,2025-01-30,282.50,CE,0.20,0.20,0.20,0.20,0.20,6,49.61385,318825,-8775,06-JAN-2025
OPTSTK,BANKBARODA,27-Feb-2025,2025-02-27,200.00,CE,0.00,0.00,0.00,55.65,31.85,0,0.00,0,0,06-JAN-2025
OPTSTK,BANKBARODA,30-Jan-2025,2025-01-30,200.00,CE,32.75,32.75,31.80,31.80,29.35,4,27.1981125,8775,8775,06-JAN-2025
OPTSTK,BANKBARODA,30-Jan-2025,2025-01-30,270.00,CE,0.90,0.90,0.30,0.35,0.35,1121,8866.02161,3834675,628875,06-JAN-2025
OPTSTK,BANKBARODA,27-Feb-2025,2025-02-27,270.00,PE,0.00,0.00,0.00,30.55,41.20,0,0.00,0,0,06-JAN-2025
OPTSTK,CHOLAFIN,30-Jan-2025,2025-01-30,1440.00,CE,10.80,12.00,4.25,4.75,4.75,844,7633.81343,295000,4375,06-JAN-2025
OPTSTK,CHOLAFIN,27-Feb-2025,2025-02-27,1220.00,PE,0.00,0.00,0.00,83.65,28.20,0,0.00,0,0,06-JAN-2025
OPTSTK,CHOLAFIN,27-Feb-2025,2025-02-27,1340.00,CE,0.00,0.00,0.00,29.90,49.65,0,0.00,0,0,06-JAN-2025
OPTSTK,CHOLAFIN,30-Jan-2025,2025-01-30,1340.00,CE,40.35,44.80,20.35,22.55,22.55,2098,17968.7437,278750,-8750,06-JAN-2025
OPTSTK,CHOLAFIN,27-Feb-2025,2025-02-27,1520.00,CE,0.00,0.00,0.00,28.70,9.35,0,0.00,0,0,06-JAN-2025
OPTSTK,CHOLAFIN,30-Jan-2025,2025-01-30,1040.00,PE,0.45,0.80,0.40,0.80,0.80,8,52.025,97500,-1250,06-JAN-2025
OPTSTK,DEEPAKNTR,30-Jan-2025,2025-01-30,2900.00,CE,2.35,2.50,1.95,2.25,2.25,15,130.5999,35400,-900,06-JAN-2025
OPTSTK,CHOLAFIN,30-Jan-2025,2025-01-30,1120.00,CE,0.00,0.00,0.00,191.65,180.75,0,0.00,5000,0,06-JAN-2025
FUTSTK,CHOLAFIN,27-Mar-2025,2025-03-27,,,1346.00,1348.50,1308.35,1310.30,1310.30,16,132.248437,6250,-3750,06-JAN-2025
OPTSTK,CHOLAFIN,27-Mar-2025,2025-03-27,1080.00,CE,0.00,0.00,0.00,164.90,238.75,0,0.00,0,0,06-JAN-2025
OPTSTK,CHOLAFIN,30-Jan-2025,2025-01-30,1480.00,PE,0.00,0.00,0.00,153.75,182.35,0,0.00,13750,0,06-JAN-2025
FUTSTK,DEEPAKNTR,27-Feb-2025,2025-02-27,,,2453.90,2487.20,2434.70,2439.70,2439.70,77,567.642,60600,2400,06-JAN-2025
OPTSTK,CHOLAFIN,27-Feb-2025,2025-02-27,1260.00,PE,24.00,24.00,24.00,24.00,42.40,1,8.025,1875,625,06-JAN-2025
OPTSTK,CHOLAFIN,27-Feb-2025,2025-02-27,1260.00,CE,0.00,0.00,0.00,62.00,88.70,0,0.00,625,0,06-JAN-2025
OPTSTK,DEEPAKNTR,30-Jan-2025,2025-01-30,3200.00,PE,0.00,0.00,0.00,595.00,764.95,0,0.00,900,0,06-JAN-2025
OPTSTK,DEEPAKNTR,27-Mar-2025,2025-03-27,2200.00,PE,0.00,0.00,0.00,42.20,43.30,0,0.00,0,0,06-JAN-2025
OPTSTK,DEEPAKNTR,30-Jan-2025,2025-01-30,2650.00,CE,17.70,18.15,11.55,12.80,12.80,663,5299.77405,73200,8700,06-JAN-2025
OPTSTK,CHOLAFIN,30-Jan-2025,2025-01-30,1280.00,CE,75.95,83.95,45.45,49.30,49.30,192,1603.20375,177500,-20625,06-JAN-2025
OPTSTK,CHOLAFIN,30-Jan-2025,2025-01-30,1280.00,PE,25.70,35.20,15.30,31.40,31.40,1082,8831.68437,153750,-111250,06-JAN-2025
OPTSTK,CHOLAFIN,27-Mar-2025,2025-03-27,1280.00,CE,0.00,0.00,0.00,63.05,95.95,0,0.00,0,0,06-JAN-2025
OPTSTK,CHOLAFIN,30-Jan-2025,2025-01-30,1200.00,CE,142.45,142.55,101.60,106.45,106.45,48,394.574375,176875,-11875,06-JAN-2025
OPTSTK,CHOLAFIN,27-Mar-2025,2025-03-27,1360.00,CE,0.00,0.00,0.00,40.05,59.90,0,0.00,0,0,06-JAN-2025
OPTSTK,DEEPAKNTR,27-Feb-2025,2025-02-27,2200.00,CE,0.00,0.00,0.00,572.50,269.35,0,0.00,0,0,06-JAN-2025
OPTSTK,CHOLAFIN,27-Feb-2025,2025-02-27,1480.00,CE,0.00,0.00,0.00,36.20,14.10,0,0.00,0,0,06-JAN-2025
OPTSTK,CHOLAFIN,30-Jan-2025,2025-01-30,1240.00,PE,9.25,20.30,7.90,17.75,17.75,1169,9162.39562,226875,-15000,06-JAN-2025
OPTSTK,CHOLAFIN,27-Feb-2025,2025-02-27,1080.00,CE,0.00,0.00,0.00,228.55,228.45,0,0.00,0,0,06-JAN-2025
OPTSTK,CHOLAFIN,27-Feb-2025,2025-02-27,1200.00,CE,0.00,0.00,0.00,130.50,128.15,0,0.00,2500,0,06-JAN-2025
OPTSTK,DEEPAKNTR,27-Mar-2025,2025-03-27,2900.00,CE,0.00,0.00,0.00,93.55,24.50,0,0.00,0,0,06-JAN-2025
OPTSTK,CHOLAFIN,27-Mar-2025,2025-03-27,1200.00,CE,0.00,0.00,0.00,95.60,144.55,0,0.00,0,0,06-JAN-2025
OPTSTK,DEEPAKNTR,30-Jan-2025,2025-01-30,2600.00,CE,23.45,27.90,17.00,18.55,18.55,1291,10152.3696,200700,-4500,06-JAN-2025
OPTSTK,CHOLAFIN,30-Jan-2025,2025-01-30,1120.00,PE,2.00,2.75,1.65,2.50,2.50,118,827.723125,122500,33750,06-JAN-2025
OPTSTK,GAIL,30-Jan-2025,2025-01-30,235.00,CE,0.10,0.10,0.10,0.10,0.05,1,5.52485,58750,0,06-JAN-2025
OPTSTK,GAIL,27-Mar-2025,2025-03-27,190.00,CE,0.00,0.00,0.00,22.60,11.20,0,0.00,0,0,06-JAN-2025
OPTSTK,GAIL,30-Jan-2025,2025-01-30,170.00,CE,19.40,20.15,16.20,16.20,16.90,33,145.987875,51700,32900,06-JAN-2025
OPTSTK,GAIL,27-Mar-2025,2025-03-27,170.00,PE,0.00,0.00,0.00,4.85,5.15,0,0.00,0,0,06-JAN-2025
OPTSTK,GAIL,27-Mar-2025,2025-03-27,160.00,CE,0.00,0.00,0.00,43.35,29.65,0,0.00,0,0,06-JAN-2025
OPTSTK,VOLTAS,30-Jan-2025,2025-01-30,1720.00,CE,124.45,128.75,81.75,86.70,86.70,68,371.17725,54300,-3600,06-JAN-2025
OPTSTK,VOLTAS,27-Mar-2025,2025-03-27,1720.00,PE,0.00,0.00,0.00,110.90,62.60,0,0.00,0,0,06-JAN-2025
OPTSTK,VOLTAS,27-Feb-2025,2025-02-27,1720.00,PE,0.00,0.00,0.00,142.10,48.15,0,0.00,0,0,06-JAN-2025
OPTSTK,VOLTAS,30-Jan-2025,2025-01-30,1720.00,PE,14.50,28.20,12.65,25.25,25.25,1108,5795.145,64800,-1500,06-JAN-2025
OPTSTK,VOLTAS,27-Feb-2025,2025-02-27,1720.00,CE,0.00,0.00,0.00,100.35,120.55,0,0.00,0,0,06-JAN-2025
OPTSTK,VOLTAS,27-Mar-2025,2025-03-27,1720.00,CE,0.00,0.00,0.00,133.25,143.80,0,0.00,0,0,06-JAN-2025
OPTSTK,VOLTAS,27-Feb-2025,2025-02-27,2040.00,PE,0.00,0.00,0.00,379.25,258.45,0,0.00,0,0,06-JAN-2025
OPTSTK,ULTRACEMCO,27-Feb-2025,2025-02-27,10100.00,PE,0.00,0.00,0.00,63.65,20.35,0,0.00,0,0,06-JAN-2025
OPTSTK,VOLTAS,30-Jan-2025,2025-01-30,1780.00,PE,28.05,52.65,28.00,49.65,49.65,1276,6978.09735,91800,-900,06-JAN-2025
OPTSTK,VOLTAS,27-Feb-2025,2025-02-27,1640.00,CE,0.00,0.00,0.00,136.60,175.65,0,0.00,0,0,06-JAN-2025
OPTSTK,VOLTAS,27-Feb-2025,2025-02-27,1940.00,PE,0.00,0.00,0.00,239.65,176.10,0,0.00,0,0,06-JAN-2025
OPTSTK,VOLTAS,27-Feb-2025,2025-02-27,1940.00,CE,0.00,0.00,0.00,35.25,30.60,0,0.00,0,0,06-JAN-2025
OPTSTK,VOLTAS,30-Jan-2025,2025-01-30,1940.00,CE,13.45,14.25,7.50,8.50,8.50,914,5347.62465,64500,-17400,06-JAN-2025
OPTSTK,VOLTAS,30-Jan-2025,2025-01-30,1480.00,PE,1.20,1.65,1.15,1.65,0.35,23,102.2193,30000,2700,06-JAN-2025
OPTSTK,ULTRACEMCO,27-Feb-2025,2025-02-27,12600.00,CE,0.00,0.00,0.00,166.90,95.25,0,0.00,0,0,06-JAN-2025
OPTSTK,VOLTAS,27-Mar-2025,2025-03-27,1840.00,CE,0.00,0.00,0.00,83.90,83.80,0,0.00,0,0,06-JAN-2025
OPTSTK,VOLTAS,27-Feb-2025,2025-02-27,1440.00,CE,0.00,0.00,0.00,263.80,351.60,0,0.00,0,0,06-JAN-2025
OPTSTK,VOLTAS,30-Jan-2025,2025-01-30,1440.00,PE,1.00,1.00,1.00,1.00,1.00,1,4.323,18000,0,06-JAN-2025
OPTSTK,VOLTAS,27-Feb-2025,2025-02-27,2080.00,PE,0.00,0.00,0.00,414.20,294.05,0,0.00,0,0,06-JAN-2025
OPTSTK,VOLTAS,27-Mar-2025,2025-03-27,2080.00,CE,0.00,0.00,0.00,28.85,21.95,0,0.00,0,0,06-JAN-2025
OPTSTK,ULTRACEMCO,27-Feb-2025,2025-02-27,11200.00,PE,0.00,0.00,0.00,592.70,216.75,0,0.00,0,0,06-JAN-2025
OPTSTK,ULTRACEMCO,30-Jan-2025,2025-01-30,11200.00,CE,580.00,580.00,485.00,508.40,508.40,35,205.1505,8850,100,06-JAN-2025
OPTSTK,ULTRACEMCO,30-Jan-2025,2025-01-30,11200.00,PE,86.20,165.70,68.80,154.20,154.20,1216,6884.373,28550,-2250,06-JAN-2025
OPTSTK,ULTRACEMCO,27-Feb-2025,2025-02-27,11200.00,CE,0.00,0.00,0.00,592.50,627.55,0,0.00,0,0,06-JAN-2025
OPTSTK,ULTRACEMCO,27-Mar-2025,2025-03-27,11200.00,CE,0.00,0.00,0.00,866.55,749.95,0,0.00,0,0,06-JAN-2025
OPTSTK,ULTRACEMCO,27-Mar-2025,2025-03-27,11200.00,PE,0.00,0.00,0.00,403.65,281.85,0,0.00,0,0,06-JAN-2025
OPTSTK,ULTRACEMCO,30-Jan-2025,2025-01-30,13600.00,CE,0.00,0.00,0.00,59.45,0.60,0,0.00,0,0,06-JAN-2025
OPTSTK,ULTRACEMCO,30-Jan-2025,2025-01-30,13600.00,PE,0.00,0.00,0.00,2349.20,2036.75,0,0.00,0,0,06-JAN-2025
OPTSTK,ULTRACEMCO,27-Mar-2025,2025-03-27,13600.00,CE,0.00,0.00,0.00,109.30,45.60,0,0.00,0,0,06-JAN-2025
OPTSTK,ULTRACEMCO,27-Mar-2025,2025-03-27,13600.00,PE,0.00,0.00,0.00,2003.00,1942.30,0,0.00,0,0,06-JAN-2025
OPTSTK,ULTRACEMCO,27-Feb-2025,2025-02-27,13600.00,PE,0.00,0.00,0.00,2412.45,1980.35,0,0.00,0,0,06-JAN-2025
OPTSTK,ULTRACEMCO,27-Feb-2025,2025-02-27,13600.00,CE,0.00,0.00,0.00,40.00,14.10,0,0.00,50,0,06-JAN-2025
OPTSTK,APOLLOHOSP,27-Feb-2025,2025-02-27,6800.00,CE,0.00,0.00,0.00,470.30,734.50,0,0.00,0,0,06-JAN-2025
OPTSTK,APOLLOHOSP,27-Feb-2025,2025-02-27,8300.00,CE,0.00,0.00,0.00,55.80,41.40,0,0.00,0,0,06-JAN-2025
OPTSTK,APOLLOHOSP,30-Jan-2025,2025-01-30,8100.00,CE,10.10,35.75,8.50,29.60,29.60,1515,15384.4158,39875,17000,06-JAN-2025
OPTSTK,APOLLOHOSP,30-Jan-2025,2025-01-30,8500.00,CE,10.00,12.10,8.05,9.85,9.85,65,691.424562,4000,4000,06-JAN-2025
OPTSTK,APOLLOHOSP,27-Feb-2025,2025-02-27,7150.00,CE,0.00,0.00,0.00,440.75,463.30,0,0.00,0,0,06-JAN-2025
OPTSTK,APOLLOHOSP,27-Feb-2025,2025-02-27,8200.00,CE,0.00,0.00,0.00,66.00,54.15,0,0.00,0,0,06-JAN-2025
OPTSTK,APOLLOHOSP,27-Feb-2025,2025-02-27,7950.00,PE,0.00,0.00,0.00,720.10,545.55,0,0.00,0,0,06-JAN-2025
OPTSTK,APOLLOHOSP,27-Feb-2025,2025-02-27,6300.00,PE,0.00,0.00,0.00,130.55,5.05,0,0.00,0,0,06-JAN-2025
FUTSTK,APOLLOHOSP,30-Jan-2025,2025-01-30,,,7339.95,7496.40,7322.85,7466.40,7466.40,5750,53297.2649,1732625,20125,06-JAN-2025
OPTSTK,APOLLOHOSP,27-Feb-2025,2025-02-27,7350.00,CE,0.00,0.00,0.00,336.90,337.50,0,0.00,0,0,06-JAN-2025
OPTSTK,APOLLOHOSP,27-Feb-2025,2025-02-27,7450.00,PE,0.00,0.00,0.00,387.40,233.10,0,0.00,0,0,06-JAN-2025
OPTSTK,APOLLOHOSP,30-Jan-2025,2025-01-30,8000.00,PE,0.00,0.00,0.00,946.50,562.35,0,0.00,0,0,06-JAN-2025
OPTSTK,APOLLOHOSP,27-Feb-2025,2025-02-27,7650.00,CE,0.00,0.00,0.00,215.35,193.80,0,0.00,0,0,06-JAN-2025
OPTSTK,APOLLOHOSP,30-Jan-2025,2025-01-30,7050.00,CE,376.20,376.20,376.20,376.20,448.90,5,46.41375,625,625,06-JAN-2025
OPTSTK,APOLLOHOSP,27-Feb-2025,2025-02-27,7050.00,PE,0.00,0.00,0.00,200.15,88.05,0,0.00,0,0,06-JAN-2025
OPTSTK,APOLLOHOSP,30-Jan-2025,2025-01-30,7050.00,PE,46.35,63.75,45.20,50.75,50.75,236,2095.03181,16750,0,06-JAN-2025
OPTSTK,APOLLOHOSP,27-Feb-2025,2025-02-27,7050.00,CE,0.00,0.00,0.00,499.70,534.70,0,0.00,0,0,06-JAN-2025
OPTSTK,APOLLOHOSP,27-Mar-2025,2025-03-27,7200.00,PE,0.00,0.00,0.00,309.35,173.85,0,0.00,0,0,06-JAN-2025
OPTSTK,APOLLOHOSP,27-Feb-2025,2025-02-27,7750.00,CE,0.00,0.00,0.00,183.35,157.55,0,0.00,0,0,06-JAN-2025
OPTSTK,APOLLOHOSP,30-Jan-2025,2025-01-30,7750.00,PE,0.00,0.00,0.00,890.50,357.55,0,0.00,0,0,06-JAN-2025
OPTSTK,APOLLOHOSP,27-Feb-2025,2025-02-27,7750.00,PE,0.00,0.00,0.00,575.00,404.25,0,0.00,0,0,06-JAN-2025
OPTSTK,APOLLOHOSP,30-Jan-2025,2025-01-30,7750.00,CE,35.45,100.00,34.75,87.85,87.85,532,5200.04293,21500,-1125,06-JAN-2025
OPTSTK,APOLLOHOSP,30-Jan-2025,2025-01-30,7000.00,CE,425.00,509.50,425.00,505.65,505.65,6,56.002875,4000,500,06-JAN-2025
OPTSTK,APOLLOHOSP,27-Mar-2025,2025-03-27,7000.00,CE,0.00,0.00,0.00,616.00,645.00,0,0.00,0,0,06-JAN-2025
OPTSTK,APOLLOHOSP,27-Mar-2025,2025-03-27,7000.00,PE,0.00,0.00,0.00,228.40,113.05,0,0.00,0,0,06-JAN-2025
OPTSTK,APOLLOHOSP,27-Feb-2025,2025-02-27,7000.00,PE,111.00,111.00,88.00,88.20,88.20,18,159.537812,2750,2125,06-JAN-2025
OPTSTK,APOLLOHOSP,30-Jan-2025,2025-01-30,6100.00,CE,0.00,0.00,0.00,1083.25,1356.20,0,0.00,0,0,06-JAN-2025
OPTSTK,APOLLOHOSP,27-Mar-2025,2025-03-27,7500.00,CE,0.00,0.00,0.00,356.20,339.65,0,0.00,0,0,06-JAN-2025
OPTSTK,APOLLOHOSP,27-Mar-2025,2025-03-27,7500.00,PE,0.00,0.00,0.00,459.60,300.35,0,0.00,0,0,06-JAN-2025
OPTSTK,APOLLOHOSP,27-Feb-2025,2025-02-27,8300.00,PE,0.00,0.00,0.00,1365.00,832.85,0,0.00,0,0,06-JAN-2025
OPTSTK,APOLLOHOSP,27-Mar-2025,2025-03-27,7900.00,CE,0.00,0.00,0.00,214.60,180.75,0,0.00,0,0,06-JAN-2025
OPTSTK,RBLBANK,30-Jan-2025,2025-01-30,205.00,CE,0.00,0.00,0.00,0.20,0.30,0,0.00,17500,0,06-JAN-2025
OPTSTK,RBLBANK,30-Jan-2025,2025-01-30,205.00,PE,0.00,0.00,0.00,45.00,37.60,0,0.00,5000,0,06-JAN-2025
OPTSTK,RBLBANK,30-Jan-2025,2025-01-30,150.00,CE,13.00,14.90,11.00,11.20,11.20,35,141.70625,1280000,-87500,06-JAN-2025
OPTSTK,RBLBANK,27-Mar-2025,2025-03-27,150.00,PE,0.00,0.00,0.00,7.70,5.50,0,0.00,2500,0,06-JAN-2025
OPTSTK,HINDUNILVR,30-Jan-2025,2025-01-30,2540.00,PE,159.50,167.20,154.90,167.10,159.15,5,40.5213,6600,1500,06-JAN-2025
OPTSTK,RBLBANK,27-Feb-2025,2025-02-27,170.00,CE,0.00,0.00,0.00,5.00,10.30,0,0.00,42500,0,06-JAN-2025
OPTSTK,HINDUNILVR,27-Mar-2025,2025-03-27,2800.00,CE,0.00,0.00,0.00,11.40,5.35,0,0.00,0,0,06-JAN-2025
OPTSTK,RBLBANK,30-Jan-2025,2025-01-30,190.00,CE,0.40,0.40,0.30,0.30,1.30,5,23.795,1177500,-12500,06-JAN-2025
OPTSTK,HINDUNILVR,30-Jan-2025,2025-01-30,2560.00,PE,172.80,185.35,170.65,185.35,177.20,10,82.0134,24000,0,06-JAN-2025
OPTSTK,HINDUNILVR,30-Jan-2025,2025-01-30,2560.00,CE,8.65,8.90,5.45,6.30,6.30,843,6490.3944,68400,-3000,06-JAN-2025
OPTSTK,HINDUNILVR,27-Feb-2025,2025-02-27,2560.00,CE,0.00,0.00,0.00,93.60,19.45,0,0.00,0,0,06-JAN-2025
OPTSTK,RBLBANK,30-Jan-2025,2025-01-30,162.50,PE,0.00,0.00,0.00,9.50,5.10,0,0.00,145000,0,06-JAN-2025
OPTSTK,HINDUNILVR,27-Feb-2025,2025-02-27,2360.00,PE,0.00,0.00,0.00,73.20,52.45,0,0.00,300,0,06-JAN-2025
FUTSTK,HINDUNILVR,27-Mar-2025,2025-03-27,,,2445.90,2445.90,2409.40,2417.70,2417.70,29,210.55275,35700,3900,06-JAN-2025
OPTSTK,HINDUNILVR,27-Feb-2025,2025-02-27,2420.00,PE,0.00,0.00,0.00,124.10,81.85,0,0.00,0,0,06-JAN-2025
OPTSTK,HINDUNILVR,27-Feb-2025,2025-02-27,2140.00,CE,0.00,0.00,0.00,237.80,261.25,0,0.00,0,0,06-JAN-2025
OPTSTK,HINDUNILVR,30-Jan-2025,2025-01-30,2140.00,PE,1.70,2.60,1.65,2.35,2.35,248,1593.7254,66600,18900,06-JAN-2025
OPTSTK,HINDUNILVR,27-Feb-2025,2025-02-27,2280.00,CE,0.00,0.00,0.00,256.70,143.45,0,0.00,0,0,06-JAN-2025
OPTSTK,RBLBANK,30-Jan-2025,2025-01-30,172.50,CE,0.00,0.00,0.00,2.15,5.35,0,0.00,127500,0,06-JAN-2025
OPTSTK,HINDUNILVR,30-Jan-2025,2025-01-30,2120.00,PE,1.20,1.85,1.20,1.85,1.85,42,267.30435,228600,-1500,06-JAN-2025
OPTSTK,HINDUNILVR,27-Feb-2025,2025-02-27,2300.00,CE,0.00,0.00,0.00,124.65,129.15,0,0.00,0,0,06-JAN-2025
OPTSTK,HINDUNILVR,30-Jan-2025,2025-01-30,2720.00,CE,0.00,0.00,0.00,64.55,0.20,0,0.00,0,0,06-JAN-2025
OPTSTK,HINDUNILVR,27-Mar-2025,2025-03-27,2720.00,CE,0.00,0.00,0.00,18.75,10.65,0,0.00,0,0,06-JAN-2025
OPTSTK,HINDUNILVR,30-Jan-2025,2025-01-30,2620.00,CE,3.95,3.95,2.80,3.15,3.15,348,2738.6841,43800,10800,06-JAN-2025
OPTSTK,RBLBANK,30-Jan-2025,2025-01-30,155.00,PE,3.10,5.70,3.10,4.50,4.50,109,433.83375,2455000,-272500,06-JAN-2025
OPTSTK,HINDUNILVR,30-Jan-2025,2025-01-30,2620.00,PE,0.00,0.00,0.00,174.05,233.85,0,0.00,0,0,06-JAN-2025
OPTSTK,HINDUNILVR,30-Jan-2025,2025-01-30,2200.00,PE,3.40,6.50,2.90,5.80,5.80,1049,6938.34105,263700,13500,06-JAN-2025
OPTSTK,HINDUNILVR,27-Mar-2025,2025-03-27,2200.00,PE,0.00,0.00,0.00,41.55,17.75,0,0.00,0,0,06-JAN-2025
OPTSTK,HINDUNILVR,30-Jan-2025,2025-01-30,2600.00,CE,5.60,6.00,3.40,4.00,4.00,1282,10014.9294,388200,-12600,06-JAN-2025
OPTSTK,RBLBANK,27-Feb-2025,2025-02-27,190.00,PE,0.00,0.00,0.00,36.05,25.35,0,0.00,0,0,06-JAN-2025
OPTSTK,HINDUNILVR,30-Jan-2025,2025-01-30,2160.00,CE,0.00,0.00,0.00,415.60,226.80,0,0.00,0,0,06-JAN-2025
OPTSTK,MCX,27-Mar-2025,2025-03-27,5000.00,PE,0.00,0.00,0.00,90.75,99.45,0,0.00,0,0,06-JAN-2025
OPTSTK,MCX,30-Jan-2025,2025-01-30,5800.00,CE,331.05,349.70,247.45,259.45,259.45,355,2157.335,11700,10100,06-JAN-2025
OPTSTK,MCX,27-Feb-2025,2025-02-27,5800.00,PE,0.00,0.00,0.00,165.00,309.30,0,0.00,200,0,06-JAN-2025
OPTSTK,CESC,27-Feb-2025,2025-02-27,195.00,PE,0.00,0.00,0.00,27.15,21.35,0,0.00,0,0,06-JAN-2025
OPTSTK,CESC,27-Mar-2025,2025-03-27,160.00,PE,0.00,0.00,0.00,5.65,5.05,0,0.00,0,0,06-JAN-2025
OPTSTK,CESC,27-Feb-2025,2025-02-27,160.00,PE,13.50,13.50,2.05,4.35,4.35,10,48.1615875,102375,14625,06-JAN-2025
OPTSTK,MCX,30-Jan-2025,2025-01-30,5500.00,CE,577.75,577.85,425.00,431.40,431.40,65,392.591,5400,5300,06-JAN-2025
OPTSTK,MCX,30-Jan-2025,2025-01-30,7400.00,PE,0.00,0.00,0.00,1106.65,1556.05,0,0.00,0,0,06-JAN-2025
OPTSTK,MCX,27-Feb-2025,2025-02-27,7400.00,CE,0.00,0.00,0.00,210.75,24.85,0,0.00,0,0,06-JAN-2025
OPTSTK,CESC,27-Mar-2025,2025-03-27,190.00,CE,0.00,0.00,0.00,16.30,8.35,0,0.00,0,0,06-JAN-2025
OPTSTK,MCX,27-Feb-2025,2025-02-27,7200.00,PE,0.00,0.00,0.00,1218.85,1354.95,0,0.00,0,0,06-JAN-2025
OPTSTK,MCX,30-Jan-2025,2025-01-30,7200.00,CE,15.70,17.60,9.40,10.95,10.95,239,1724.03045,25500,-4200,06-JAN-2025
OPTSTK,MCX,27-Mar-2025,2025-03-27,7200.00,CE,0.00,0.00,0.00,333.00,84.45,0,0.00,0,0,06-JAN-2025
OPTSTK,MCX,27-Feb-2025,2025-02-27,7400.00,PE,0.00,0.00,0.00,1373.65,1540.75,0,0.00,0,0,06-JAN-2025
OPTSTK,CESC,30-Jan-2025,2025-01-30,177.50,PE,5.40,8.90,5.40,8.70,8.70,627,3386.20522,353925,298350,06-JAN-2025
OPTSTK,MCX,27-Feb-2025,2025-02-27,6400.00,CE,190.55,190.55,190.55,190.55,156.65,1,6.59055,100,100,06-JAN-2025
OPTSTK,MCX,30-Jan-2025,2025-01-30,6400.00,CE,164.20,164.20,62.00,67.25,67.25,2555,16605.7106,145600,19100,06-JAN-2025
OPTSTK,CESC,27-Mar-2025,2025-03-27,200.00,PE,0.00,0.00,0.00,24.00,26.50,0,0.00,0,0,06-JAN-2025
FUTSTK,MCX,27-Feb-2025,2025-02-27,,,6218.75,6228.00,5847.80,5874.75,5874.75,312,1862.4566,36500,5400,06-JAN-2025
FUTSTK,CESC,27-Feb-2025,2025-02-27,,,185.32,185.47,175.09,175.70,175.70,156,819.890662,245700,38025,06-JAN-2025
OPTSTK,MCX,27-Mar-2025,2025-03-27,5000.00,CE,0.00,0.00,0.00,1533.70,986.15,0,0.00,0,0,06-JAN-2025
OPTSTK,MCX,27-Feb-2025,2025-02-27,6500.00,CE,222.50,222.50,140.00,147.00,132.95,7,46.6635,1400,700,06-JAN-2025
OPTSTK,MCX,30-Jan-2025,2025-01-30,6400.00,PE,390.00,648.60,390.00,634.20,634.20,251,1746.21515,94400,-6100,06-JAN-2025
OPTSTK,CESC,27-Feb-2025,2025-02-27,200.00,CE,0.00,0.00,0.00,8.60,3.25,0,0.00,0,0,06-JAN-2025
OPTSTK,CESC,30-Jan-2025,2025-01-30,200.00,CE,3.30,3.30,1.20,1.25,1.25,736,4345.46921,1734525,-84825,06-JAN-2025
OPTSTK,CESC,27-Mar-2025,2025-03-27,200.00,CE,0.00,0.00,0.00,12.45,5.55,0,0.00,0,0,06-JAN-2025
OPTSTK,CESC,27-Feb-2025,2025-02-27,190.00,PE,0.00,0.00,0.00,23.80,17.75,0,0.00,0,0,06-JAN-2025
OPTSTK,MCX,27-Feb-2025,2025-02-27,5500.00,PE,0.00,0.00,0.00,137.70,182.15,0,0.00,0,0,06-JAN-2025
OPTSTK,MCX,27-Feb-2025,2025-02-27,6600.00,PE,0.00,0.00,0.00,799.75,835.80,0,0.00,0,0,06-JAN-2025
OPTSTK,CESC,30-Jan-2025,2025-01-30,200.00,PE,24.70,24.70,24.40,24.40,24.00,3,19.70865,108225,0,06-JAN-2025
OPTSTK,CESC,27-Feb-2025,2025-02-27,200.00,PE,0.00,0.00,0.00,30.65,25.25,0,0.00,0,0,06-JAN-2025
OPTSTK,MCX,30-Jan-2025,2025-01-30,6600.00,CE,99.15,99.15,37.00,40.20,40.20,1091,7263.37205,80200,9900,06-JAN-2025
OPTSTK,MCX,30-Jan-2025,2025-01-30,6600.00,PE,573.80,779.65,573.80,779.65,791.60,7,50.66985,18200,0,06-JAN-2025
OPTSTK,PAGEIND,30-Jan-2025,2025-01-30,42500.00,CE,0.00,0.00,0.00,4904.60,5709.50,0,0.00,90,0,06-JAN-2025
OPTSTK,PAGEIND,30-Jan-2025,2025-01-30,50500.00,CE,474.25,474.25,320.95,381.35,400.90,14,106.81503,150,15,06-JAN-2025
OPTSTK,PAGEIND,27-Feb-2025,2025-02-27,43500.00,PE,0.00,0.00,0.00,690.70,240.20,0,0.00,0,0,06-JAN-2025
OPTSTK,PAGEIND,27-Feb-2025,2025-02-27,41000.00,PE,0.00,0.00,0.00,858.80,52.85,0,0.00,0,0,06-JAN-2025
OPTSTK,PAGEIND,27-Feb-2025,2025-02-27,41000.00,CE,0.00,0.00,0.00,5414.20,7444.95,0,0.00,0,0,06-JAN-2025
OPTSTK,PAGEIND,30-Jan-2025,2025-01-30,48500.00,CE,800.00,1036.70,800.00,967.00,967.00,62,459.944805,1035,165,06-JAN-2025
OPTSTK,PAGEIND,27-Feb-2025,2025-02-27,48500.00,CE,0.00,0.00,0.00,1772.80,1729.10,0,0.00,15,0,06-JAN-2025
OPTSTK,PAGEIND,30-Jan-2025,2025-01-30,48000.00,CE,1191.35,1280.00,1048.75,1194.00,1194.00,282,2080.19986,2970,15,06-JAN-2025
OPTSTK,PAGEIND,27-Feb-2025,2025-02-27,46500.00,CE,0.00,0.00,0.00,2856.90,2856.15,0,0.00,0,0,06-JAN-2025
OPTSTK,PAGEIND,30-Jan-2025,2025-01-30,51000.00,CE,261.35,317.05,220.00,279.45,279.45,166,1276.52628,1560,120,06-JAN-2025
OPTSTK,PAGEIND,30-Jan-2025,2025-01-30,45000.00,CE,0.00,0.00,0.00,2901.05,3391.25,0,0.00,30,0,06-JAN-2025
OPTSTK,PAGEIND,27-Feb-2025,2025-02-27,45000.00,PE,0.00,0.00,0.00,2317.15,495.65,0,0.00,0,0,06-JAN-2025
OPTSTK,PAGEIND,27-Feb-2025,2025-02-27,53000.00,PE,0.00,0.00,0.00,7808.45,4888.55,0,0.00,0,0,06-JAN-2025
OPTSTK,PAGEIND,27-Feb-2025,2025-02-27,53000.00,CE,0.00,0.00,0.00,580.25,395.45,0,0.00,0,0,06-JAN-2025
OPTSTK,PAGEIND,27-Mar-2025,2025-03-27,56000.00,PE,0.00,0.00,0.00,8434.00,7483.75,0,0.00,0,0,06-JAN-2025
OPTSTK,PAGEIND,27-Mar-2025,2025-03-27,56000.00,CE,0.00,0.00,0.00,528.70,305.85,0,0.00,0,0,06-JAN-2025
OPTSTK,PAGEIND,30-Jan-2025,2025-01-30,56000.00,CE,0.00,0.00,0.00,110.40,8.30,0,0.00,15,0,06-JAN-2025
OPTSTK,PAGEIND,30-Jan-2025,2025-01-30,52000.00,CE,175.00,185.00,145.15,185.00,185.00,28,219.109687,1605,15,06-JAN-2025
OPTSTK,PAGEIND,30-Jan-2025,2025-01-30,50500.00,PE,0.00,0.00,0.00,5668.95,2677.55,0,0.00,0,0,06-JAN-2025
OPTSTK,INDHOTEL,27-Feb-2025,2025-02-27,850.00,PE,0.00,0.00,0.00,38.95,37.90,0,0.00,0,0,06-JAN-2025
OPTSTK,INDHOTEL,30-Jan-2025,2025-01-30,850.00,PE,10.70,28.90,10.50,25.95,25.95,4125,35988.6625,637000,54000,06-JAN-2025
OPTSTK,INDHOTEL,30-Jan-2025,2025-01-30,850.00,CE,38.95,40.15,22.85,24.60,24.60,826,7241.961,284000,55000,06-JAN-2025
OPTSTK,INDHOTEL,30-Jan-2025,2025-01-30,790.00,CE,64.50,64.50,64.50,64.50,64.25,1,8.545,12000,0,06-JAN-2025
OPTSTK,TECHM,30-Jan-2025,2025-01-30,1620.00,PE,17.55,24.90,14.95,24.05,24.05,469,4617.9459,109800,600,06-JAN-2025
OPTSTK,INDHOTEL,27-Feb-2025,2025-02-27,830.00,PE,0.00,0.00,0.00,30.80,28.50,0,0.00,0,0,06-JAN-2025
OPTSTK,INDHOTEL,27-Feb-2025,2025-02-27,920.00,PE,0.00,0.00,0.00,144.40,82.60,0,0.00,0,0,06-JAN-2025
OPTSTK,ABBOTINDIA,27-Feb-2025,2025-02-27,27250.00,CE,0.00,0.00,0.00,2213.10,3074.85,0,0.00,0,0,06-JAN-2025
OPTSTK,ABBOTINDIA,27-Feb-2025,2025-02-27,27250.00,PE,0.00,0.00,0.00,524.45,113.65,0,0.00,0,0,06-JAN-2025
OPTSTK,ABBOTINDIA,27-Feb-2025,2025-02-27,28250.00,CE,0.00,0.00,0.00,1586.10,2242.00,0,0.00,0,0,06-JAN-2025
OPTSTK,ABBOTINDIA,27-Feb-2025,2025-02-27,28000.00,CE,0.00,0.00,0.00,1500.00,2440.10,0,0.00,20,0,06-JAN-2025
OPTSTK,TECHM,30-Jan-2025,2025-01-30,1580.00,CE,121.95,126.20,121.55,125.35,121.45,7,71.5695,6000,600,06-JAN-2025
OPTSTK,INDHOTEL,27-Mar-2025,2025-03-27,820.00,PE,0.00,0.00,0.00,34.90,31.50,0,0.00,0,0,06-JAN-2025
OPTSTK,INDHOTEL,27-Feb-2025,2025-02-27,820.00,CE,0.00,0.00,0.00,47.30,56.55,0,0.00,0,0,06-JAN-2025
OPTSTK,TECHM,27-Feb-2025,2025-02-27,1780.00,PE,0.00,0.00,0.00,120.20,112.20,0,0.00,0,0,06-JAN-2025
OPTSTK,INDHOTEL,27-Feb-2025,2025-02-27,770.00,PE,0.00,0.00,0.00,13.30,9.80,0,0.00,0,0,06-JAN-2025
OPTSTK,ABBOTINDIA,27-Feb-2025,2025-02-27,29500.00,PE,0.00,0.00,0.00,2389.90,646.10,0,0.00,0,0,06-JAN-2025
OPTSTK,ABBOTINDIA,27-Feb-2025,2025-02-27,28000.00,PE,0.00,0.00,0.00,450.00,221.70,0,0.00,20,0,06-JAN-2025
OPTSTK,ABBOTINDIA,30-Jan-2025,2025-01-30,28000.00,PE,179.75,220.00,157.05,166.10,166.10,144,811.68573,3360,840,06-JAN-2025
OPTSTK,TECHM,27-Feb-2025,2025-02-27,1580.00,PE,0.00,0.00,0.00,31.20,20.15,0,0.00,0,0,06-JAN-2025
OPTSTK,INDHOTEL,27-Mar-2025,2025-03-27,880.00,CE,0.00,0.00,0.00,65.70,38.60,0,0.00,0,0,06-JAN-2025
OPTSTK,INDHOTEL,30-Jan-2025,2025-01-30,880.00,CE,21.70,23.50,11.80,12.65,12.65,2325,20828.5285,737000,10000,06-JAN-2025
OPTSTK,TECHM,27-Mar-2025,2025-03-27,1440.00,PE,0.00,0.00,0.00,13.30,6.45,0,0.00,0,0,06-JAN-2025
OPTSTK,TECHM,30-Jan-2025,2025-01-30,1440.00,PE,1.65,2.75,1.50,2.70,2.70,40,346.1349,96600,9600,06-JAN-2025
OPTSTK,INDHOTEL,27-Feb-2025,2025-02-27,850.00,CE,35.00,35.00,35.00,35.00,35.00,2,17.7,2000,2000,06-JAN-2025
OPTSTK,TECHM,27-Feb-2025,2025-02-27,1700.00,PE,57.75,67.20,57.75,67.20,64.20,5,52.953,8400,0,06-JAN-2025
OPTSTK,TECHM,30-Jan-2025,2025-01-30,1700.00,CE,46.60,55.85,41.65,43.20,43.20,2125,22279.7589,320400,19200,06-JAN-2025
OPTSTK,INDHOTEL,30-Jan-2025,2025-01-30,980.00,CE,1.60,1.60,0.95,1.05,1.05,372,3649.739,538000,-68000,06-JAN-2025
OPTSTK,TECHM,30-Jan-2025,2025-01-30,1720.00,CE,36.75,45.35,33.20,34.70,34.70,1649,17391.807,261600,-66000,06-JAN-2025
OPTSTK,TECHM,27-Feb-2025,2025-02-27,1720.00,CE,0.00,0.00,0.00,117.65,57.60,0,0.00,0,0,06-JAN-2025
OPTSTK,ABBOTINDIA,27-Feb-2025,2025-02-27,25000.00,PE,0.00,0.00,0.00,378.10,7.75,0,0.00,0,0,06-JAN-2025
OPTSTK,ICICIBANK,27-Feb-2025,2025-02-27,1190.00,PE,0.00,0.00,0.00,10.65,8.85,0,0.00,0,0,06-JAN-2025
OPTSTK,JSWSTEEL,30-Jan-2025,2025-01-30,800.00,PE,1.25,2.45,1.25,2.35,2.35,305,1651.22718,237600,43875,06-JAN-2025
OPTSTK,JSWSTEEL,27-Mar-2025,2025-03-27,800.00,CE,0.00,0.00,0.00,141.05,119.95,0,0.00,0,0,06-JAN-2025
OPTSTK,JSWSTEEL,30-Jan-2025,2025-01-30,800.00,CE,0.00,0.00,0.00,184.55,105.20,0,0.00,0,0,06-JAN-2025
OPTSTK,ICICIBANK,30-Jan-2025,2025-01-30,1250.00,PE,20.00,25.35,15.70,22.40,22.40,3507,31205.762,1222200,37100,06-JAN-2025
OPTSTK,JSWSTEEL,27-Feb-2025,2025-02-27,940.00,CE,0.00,0.00,0.00,21.30,23.10,0,0.00,2025,0,06-JAN-2025
OPTSTK,GRASIM,30-Jan-2025,2025-01-30,2780.00,PE,0.00,0.00,0.00,228.75,308.35,0,0.00,0,0,06-JAN-2025
OPTSTK,GRASIM,30-Jan-2025,2025-01-30,2780.00,CE,2.10,2.10,1.60,1.80,1.20,42,292.0925,18500,-2250,06-JAN-2025
OPTSTK,JSWSTEEL,30-Jan-2025,2025-01-30,930.00,CE,18.25,19.00,14.70,15.40,15.40,807,5155.87747,403650,-13500,06-JAN-2025
OPTSTK,JSWSTEEL,27-Feb-2025,2025-02-27,930.00,PE,0.00,0.00,0.00,50.20,47.00,0,0.00,0,0,06-JAN-2025
OPTSTK,GRASIM,30-Jan-2025,2025-01-30,2700.00,CE,6.45,8.45,3.05,3.50,3.50,1251,8458.17925,179000,-38000,06-JAN-2025
OPTSTK,GRASIM,30-Jan-2025,2025-01-30,2700.00,PE,0.00,0.00,0.00,146.85,231.70,0,0.00,34000,0,06-JAN-2025
OPTSTK,ICICIBANK,27-Mar-2025,2025-03-27,1320.00,PE,0.00,0.00,0.00,61.85,68.45,0,0.00,0,0,06-JAN-2025
OPTSTK,ICICIBANK,27-Feb-2025,2025-02-27,1340.00,CE,18.00,18.00,18.00,18.00,15.40,1,9.506,2100,700,06-JAN-2025
OPTSTK,ICICIBANK,27-Feb-2025,2025-02-27,1220.00,PE,0.00,0.00,0.00,26.90,15.90,0,0.00,0,0,06-JAN-2025
OPTSTK,GRASIM,27-Mar-2025,2025-03-27,2280.00,CE,0.00,0.00,0.00,286.55,241.20,0,0.00,0,0,06-JAN-2025
OPTSTK,GRASIM,30-Jan-2025,2025-01-30,2280.00,CE,0.00,0.00,0.00,470.50,195.85,0,0.00,0,0,06-JAN-2025
OPTSTK,GRASIM,27-Feb-2025,2025-02-27,2280.00,PE,0.00,0.00,0.00,27.80,16.75,0,0.00,0,0,06-JAN-2025
OPTSTK,GRASIM,27-Feb-2025,2025-02-27,2280.00,CE,0.00,0.00,0.00,359.40,219.15,0,0.00,0,0,06-JAN-2025
OPTSTK,JSWSTEEL,30-Jan-2025,2025-01-30,850.00,CE,64.50,65.60,61.20,62.15,62.15,7,43.137225,10125,675,06-JAN-2025
OPTSTK,JSWSTEEL,27-Feb-2025,2025-02-27,850.00,CE,0.00,0.00,0.00,93.10,71.70,0,0.00,0,0,06-JAN-2025
OPTSTK,GRASIM,27-Feb-2025,2025-02-27,2460.00,PE,0.00,0.00,0.00,88.45,72.20,0,0.00,0,0,06-JAN-2025
OPTSTK,ICICIBANK,30-Jan-2025,2025-01-30,1240.00,PE,16.80,21.60,12.95,18.85,18.85,2663,23443.3675,865900,224000,06-JAN-2025
OPTSTK,JSWSTEEL,27-Mar-2025,2025-03-27,860.00,PE,0.00,0.00,0.00,27.45,21.25,0,0.00,0,0,06-JAN-2025
OPTSTK,JSWSTEEL,27-Feb-2025,2025-02-27,860.00,PE,0.00,0.00,0.00,18.60,15.45,0,0.00,0,0,06-JAN-2025
OPTSTK,ICICIBANK,27-Mar-2025,2025-03-27,1420.00,CE,0.00,0.00,0.00,27.50,8.90,0,0.00,0,0,06-JAN-2025
OPTSTK,ICICIBANK,30-Jan-2025,2025-01-30,1420.00,CE,0.95,1.05,0.85,1.00,1.00,222,2208.1584,501200,-24500,06-JAN-2025
OPTSTK,ICICIBANK,27-Feb-2025,2025-02-27,1420.00,PE,0.00,0.00,0.00,133.70,145.95,0,0.00,0,0,06-JAN-2025
OPTSTK,JSWSTEEL,27-Mar-2025,2025-03-27,920.00,PE,0.00,0.00,0.00,52.10,47.10,0,0.00,0,0,06-JAN-2025
OPTSTK,JSWSTEEL,30-Jan-2025,2025-01-30,1080.00,CE,0.55,0.55,0.55,0.55,0.10,2,14.587425,19575,0,06-JAN-2025
OPTSTK,JSWSTEEL,27-Mar-2025,2025-03-27,820.00,PE,0.00,0.00,0.00,16.30,10.80,0,0.00,0,0,06-JAN-2025
OPTSTK,JSWSTEEL,30-Jan-2025,2025-01-30,820.00,CE,0.00,0.00,0.00,167.50,86.35,0,0.00,0,0,06-JAN-2025
OPTSTK,BATAINDIA,30-Jan-2025,2025-01-30,1430.00,PE,20.10,44.10,20.10,41.15,41.15,134,737.617687,21000,4125,06-JAN-2025
OPTSTK,INDIGO,30-Jan-2025,2025-01-30,3900.00,PE,10.00,35.80,10.00,32.00,32.00,2462,14495.9128,78900,73500,06-JAN-2025
OPTSTK,BATAINDIA,27-Feb-2025,2025-02-27,1540.00,PE,0.00,0.00,0.00,170.00,114.30,0,0.00,0,0,06-JAN-2025
OPTSTK,BATAINDIA,30-Jan-2025,2025-01-30,1500.00,CE,18.90,25.20,9.70,10.60,10.60,2298,13076.1868,330375,34875,06-JAN-2025
OPTSTK,INDIGO,30-Jan-2025,2025-01-30,4500.00,CE,106.45,116.00,44.05,48.55,48.55,5486,37575.2338,220350,56550,06-JAN-2025
OPTSTK,INDIGO,30-Jan-2025,2025-01-30,4400.00,CE,169.30,172.60,70.40,79.20,79.20,4137,27887.5926,103050,58050,06-JAN-2025
OPTSTK,BATAINDIA,27-Feb-2025,2025-02-27,1420.00,CE,0.00,0.00,0.00,53.45,54.85,0,0.00,0,0,06-JAN-2025
OPTSTK,BATAINDIA,27-Feb-2025,2025-02-27,1420.00,PE,0.00,0.00,0.00,85.60,37.25,0,0.00,0,0,06-JAN-2025
OPTSTK,BATAINDIA,30-Jan-2025,2025-01-30,1420.00,CE,58.45,66.40,34.60,36.25,36.25,395,2173.40981,75750,12375,06-JAN-2025
OPTSTK,BATAINDIA,30-Jan-2025,2025-01-30,1560.00,PE,0.00,0.00,0.00,192.00,131.05,0,0.00,0,0,06-JAN-2025
OPTSTK,BATAINDIA,30-Jan-2025,2025-01-30,1230.00,PE,0.90,1.35,0.90,1.30,1.30,30,138.502312,26625,-5250,06-JAN-2025
OPTSTK,BATAINDIA,27-Feb-2025,2025-02-27,1380.00,CE,0.00,0.00,0.00,71.00,79.15,0,0.00,0,0,06-JAN-2025
OPTSTK,BATAINDIA,27-Feb-2025,2025-02-27,1380.00,PE,0.00,0.00,0.00,63.85,21.95,0,0.00,0,0,06-JAN-2025
OPTSTK,BATAINDIA,30-Jan-2025,2025-01-30,1530.00,CE,13.95,16.30,6.15,6.25,6.25,195,1127.70693,21750,-6750,06-JAN-2025
OPTSTK,INDIGO,27-Feb-2025,2025-02-27,5150.00,PE,0.00,0.00,0.00,500.85,846.00,0,0.00,0,0,06-JAN-2025
OPTSTK,INDIGO,30-Jan-2025,2025-01-30,4550.00,CE,92.60,92.60,35.00,37.60,37.60,940,6486.0141,55350,2250,06-JAN-2025
OPTSTK,INDIGO,30-Jan-2025,2025-01-30,4550.00,PE,146.60,330.35,135.70,307.65,307.65,216,1548.91522,37800,-5250,06-JAN-2025
OPTSTK,BATAINDIA,30-Jan-2025,2025-01-30,1550.00,PE,0.00,0.00,0.00,178.10,121.70,0,0.00,0,0,06-JAN-2025
OPTSTK,BATAINDIA,27-Feb-2025,2025-02-27,1550.00,CE,0.00,0.00,0.00,8.45,11.30,0,0.00,0,0,06-JAN-2025
OPTSTK,BATAINDIA,30-Jan-2025,2025-01-30,1530.00,PE,0.00,0.00,0.00,161.00,103.50,0,0.00,0,0,06-JAN-2025
OPTSTK,BATAINDIA,27-Feb-2025,2025-02-27,1480.00,PE,0.00,0.00,0.00,124.55,70.35,0,0.00,0,0,06-JAN-2025
FUTSTK,INDIGO,27-Feb-2025,2025-02-27,,,4509.70,4531.00,4279.35,4300.30,4300.30,530,3465.6543,119700,10050,06-JAN-2025
OPTSTK,BATAINDIA,30-Jan-2025,2025-01-30,1370.00,CE,71.70,72.00,66.00,72.00,69.45,11,59.32275,38250,-3000,06-JAN-2025
OPTSTK,BATAINDIA,27-Feb-2025,2025-02-27,1370.00,CE,0.00,0.00,0.00,55.10,86.05,0,0.00,0,0,06-JAN-2025
OPTSTK,INDIGO,30-Jan-2025,2025-01-30,4800.00,PE,382.55,526.05,375.95,525.75,525.75,41,322.9275,59850,-2400,06-JAN-2025
OPTSTK,BATAINDIA,27-Feb-2025,2025-02-27,1640.00,PE,0.00,0.00,0.00,255.80,202.95,0,0.00,0,0,06-JAN-2025
OPTSTK,BATAINDIA,30-Jan-2025,2025-01-30,1640.00,PE,0.00,0.00,0.00,262.00,208.90,0,0.00,0,0,06-JAN-2025
OPTSTK,INDIGO,27-Feb-2025,2025-02-27,4850.00,CE,0.00,0.00,0.00,245.75,37.60,0,0.00,0,0,06-JAN-2025
OPTSTK,INDIGO,30-Jan-2025,2025-01-30,4850.00,CE,21.00,21.00,9.45,9.80,9.80,540,3937.99972,37650,3150,06-JAN-2025
OPTSTK,INDIGO,27-Feb-2025,2025-02-27,4850.00,PE,0.00,0.00,0.00,309.95,574.20,0,0.00,0,0,06-JAN-2025
OPTSTK,INDIGO,30-Jan-2025,2025-01-30,4450.00,PE,94.95,251.15,88.35,234.45,234.45,851,5882.124,48750,5550,06-JAN-2025
OPTSTK,UNIONBANK,30-Jan-2025,2025-01-30,138.00,PE,0.00,0.00,0.00,18.90,22.85,0,0.00,0,0,06-JAN-2025
OPTSTK,ITC,27-Feb-2025,2025-02-27,465.00,CE,0.00,0.00,0.00,15.70,6.55,0,0.00,0,-1600,06-JAN-2025
OPTSTK,UNIONBANK,27-Mar-2025,2025-03-27,120.00,CE,0.00,0.00,0.00,11.40,6.80,0,0.00,0,0,06-JAN-2025
OPTSTK,UNIONBANK,30-Jan-2025,2025-01-30,120.00,PE,3.15,9.25,3.15,8.35,8.35,684,3842.15448,1362900,-66375,06-JAN-2025
OPTSTK,UNIONBANK,27-Feb-2025,2025-02-27,127.00,CE,0.00,0.00,0.00,6.45,2.85,0,0.00,0,0,06-JAN-2025
OPTSTK,UNIONBANK,27-Feb-2025,2025-02-27,127.00,PE,0.00,0.00,0.00,12.80,13.90,0,0.00,0,0,06-JAN-2025
OPTSTK,UNIONBANK,30-Jan-2025,2025-01-30,127.00,PE,11.05,13.95,11.05,13.95,12.80,13,80.052675,252225,13275,06-JAN-2025
OPTSTK,ITC,27-Feb-2025,2025-02-27,410.00,CE,0.00,0.00,0.00,73.90,38.65,0,0.00,0,0,06-JAN-2025
OPTSTK,ITC,27-Feb-2025,2025-02-27,410.00,PE,4.00,5.95,3.95,5.40,5.40,62,411.5592,65600,59200,06-JAN-2025
OPTSTK,ITC,27-Mar-2025,2025-03-27,410.00,CE,0.00,0.00,0.00,75.75,42.20,0,0.00,0,0,06-JAN-2025
OPTSTK,UNIONBANK,27-Feb-2025,2025-02-27,100.00,CE,0.00,0.00,0.00,25.95,16.95,0,0.00,0,0,06-JAN-2025
OPTSTK,UNIONBANK,27-Mar-2025,2025-03-27,100.00,CE,0.00,0.00,0.00,23.60,18.35,0,0.00,0,0,06-JAN-2025
OPTSTK,ITC,30-Jan-2025,2025-01-30,490.00,PE,28.20,48.80,28.00,47.65,45.45,8,67.7728,12800,-1124800,06-JAN-2025
OPTSTK,ITC,30-Jan-2025,2025-01-30,485.00,CE,2.15,3.15,1.15,1.30,1.30,1806,14062.888,593600,-11707200,06-JAN-2025
OPTSTK,ITC,30-Jan-2025,2025-01-30,485.00,PE,43.85,43.85,40.00,40.20,40.65,8,67.3184,9600,-2198400,06-JAN-2025
OPTSTK,UNIONBANK,30-Jan-2025,2025-01-30,131.00,PE,0.00,0.00,0.00,14.00,16.30,0,0.00,0,0,06-JAN-2025
OPTSTK,ITC,27-Feb-2025,2025-02-27,480.00,CE,5.50,6.05,4.75,5.05,5.05,55,427.2024,57600,-337600,06-JAN-2025
OPTSTK,UNIONBANK,27-Mar-2025,2025-03-27,114.00,PE,0.00,0.00,0.00,7.35,7.10,0,0.00,0,0,06-JAN-2025
OPTSTK,UNIONBANK,27-Feb-2025,2025-02-27,114.00,PE,0.00,0.00,0.00,6.60,5.80,0,0.00,0,0,06-JAN-2025
OPTSTK,UNIONBANK,27-Mar-2025,2025-03-27,114.00,CE,0.00,0.00,0.00,14.45,9.50,0,0.00,0,0,06-JAN-2025
OPTSTK,UNIONBANK,30-Jan-2025,2025-01-30,114.00,CE,6.30,6.30,4.65,4.95,4.95,101,532.006687,106200,106200,06-JAN-2025
OPTSTK,UNIONBANK,27-Feb-2025,2025-02-27,114.00,CE,0.00,0.00,0.00,16.35,7.60,0,0.00,0,0,06-JAN-2025
OPTSTK,UNIONBANK,27-Mar-2025,2025-03-27,100.00,PE,0.00,0.00,0.00,2.75,2.20,0,0.00,0,0,06-JAN-2025
OPTSTK,ITC,27-Mar-2025,2025-03-27,500.00,PE,0.00,0.00,0.00,29.30,52.80,0,0.00,0,0,06-JAN-2025
OPTSTK,ITC,30-Jan-2025,2025-01-30,500.00,CE,0.65,1.35,0.55,0.65,0.65,7354,58922.5816,2558400,-7782400,06-JAN-2025
OPTSTK,ITC,30-Jan-2025,2025-01-30,435.00,CE,16.25,17.65,15.50,16.55,16.55,18,130.0304,24000,24000,06-JAN-2025
OPTSTK,ITC,27-Feb-2025,2025-02-27,435.00,CE,0.00,0.00,0.00,50.15,19.95,0,0.00,0,0,06-JAN-2025
OPTSTK,ITC,27-Mar-2025,2025-03-27,480.00,PE,0.00,0.00,0.00,0.45,36.45,0,0.00,0,-86400,06-JAN-2025
OPTSTK,ITC,30-Jan-2025,2025-01-30,410.00,PE,0.45,2.95,0.45,1.90,1.90,3419,22527.1912,974400,676800,06-JAN-2025
OPTSTK,UNIONBANK,30-Jan-2025,2025-01-30,144.00,CE,0.00,0.00,0.00,0.40,0.05,0,0.00,402675,0,06-JAN-2025
OPTSTK,UNIONBANK,27-Feb-2025,2025-02-27,101.00,CE,0.00,0.00,0.00,21.30,16.15,0,0.00,0,0,06-JAN-2025
OPTSTK,UNIONBANK,30-Jan-2025,2025-01-30,101.00,CE,0.00,0.00,0.00,23.65,14.60,0,0.00,0,0,06-JAN-2025
OPTSTK,BANKINDIA,30-Jan-2025,2025-01-30,116.00,CE,0.55,0.65,0.45,0.45,0.30,13,73.0673875,332925,-19300,06-JAN-2025
OPTSTK,BANKINDIA,30-Jan-2025,2025-01-30,97.00,PE,1.65,3.50,1.65,3.15,3.15,79,380.164162,101325,53075,06-JAN-2025
OPTSTK,BANKINDIA,27-Feb-2025,2025-02-27,89.00,CE,0.00,0.00,0.00,17.20,13.05,0,0.00,0,0,06-JAN-2025
OPTSTK,BANKINDIA,30-Jan-2025,2025-01-30,89.00,CE,0.00,0.00,0.00,24.95,11.65,0,0.00,0,0,06-JAN-2025
OPTSTK,BANKINDIA,30-Jan-2025,2025-01-30,113.00,CE,1.00,1.00,0.65,0.65,0.65,100,548.682112,178525,106150,06-JAN-2025
OPTSTK,BANDHANBNK,30-Jan-2025,2025-01-30,155.00,PE,3.65,7.70,3.05,6.95,6.95,1900,8539.755,1366400,-182000,06-JAN-2025
OPTSTK,BANDHANBNK,30-Jan-2025,2025-01-30,205.00,PE,0.00,0.00,0.00,41.50,52.50,0,0.00,25200,0,06-JAN-2025
OPTSTK,BANDHANBNK,30-Jan-2025,2025-01-30,205.00,CE,0.10,0.10,0.10,0.10,0.05,1,5.7428,30800,0,06-JAN-2025
OPTSTK,BANDHANBNK,27-Mar-2025,2025-03-27,150.00,CE,0.00,0.00,0.00,22.75,13.00,0,0.00,0,0,06-JAN-2025
OPTSTK,BANKINDIA,27-Mar-2025,2025-03-27,108.00,PE,0.00,0.00,0.00,10.85,11.00,0,0.00,0,0,06-JAN-2025
OPTSTK,BANKINDIA,30-Jan-2025,2025-01-30,108.00,CE,2.55,2.65,1.25,1.35,1.35,189,1000.07775,656200,275025,06-JAN-2025
OPTSTK,BANKINDIA,27-Feb-2025,2025-02-27,108.00,PE,0.00,0.00,0.00,7.25,10.10,0,0.00,0,0,06-JAN-2025
OPTSTK,BANKINDIA,30-Jan-2025,2025-01-30,113.00,PE,0.00,0.00,0.00,7.10,13.20,0,0.00,4825,0,06-JAN-2025
OPTSTK,BANDHANBNK,27-Feb-2025,2025-02-27,170.00,PE,0.00,0.00,0.00,14.50,20.15,0,0.00,2800,0,06-JAN-2025
OPTSTK,BANDHANBNK,27-Mar-2025,2025-03-27,170.00,PE,0.00,0.00,0.00,18.35,21.35,0,0.00,0,0,06-JAN-2025
OPTSTK,BANDHANBNK,30-Jan-2025,2025-01-30,170.00,CE,2.10,2.50,1.10,1.15,1.15,2478,11903.5434,6174000,868000,06-JAN-2025
OPTSTK,BANKINDIA,27-Feb-2025,2025-02-27,106.00,CE,0.00,0.00,0.00,14.20,3.55,0,0.00,0,0,06-JAN-2025
OPTSTK,BANKINDIA,27-Mar-2025,2025-03-27,106.00,CE,0.00,0.00,0.00,8.80,5.05,0,0.00,0,0,06-JAN-2025
OPTSTK,BANKINDIA,30-Jan-2025,2025-01-30,84.00,CE,0.00,0.00,0.00,29.40,16.30,0,0.00,0,0,06-JAN-2025
OPTSTK,BANKINDIA,30-Jan-2025,2025-01-30,84.00,PE,0.15,0.35,0.15,0.30,0.30,98,398.53535,535575,347400,06-JAN-2025
OPTSTK,BANKINDIA,27-Feb-2025,2025-02-27,88.00,CE,0.00,0.00,0.00,26.95,13.80,0,0.00,0,0,06-JAN-2025
OPTSTK,BANDHANBNK,30-Jan-2025,2025-01-30,162.50,PE,7.50,12.85,6.55,12.10,12.10,178,856.6852,392000,-56000,06-JAN-2025
OPTSTK,BANKINDIA,27-Mar-2025,2025-03-27,84.00,PE,0.00,0.00,0.00,1.75,1.15,0,0.00,0,0,06-JAN-2025
OPTSTK,BANDHANBNK,30-Jan-2025,2025-01-30,172.50,CE,1.90,1.95,0.85,0.90,0.90,485,2358.1096,982800,50400,06-JAN-2025
OPTSTK,BANKINDIA,27-Feb-2025,2025-02-27,88.00,PE,0.00,0.00,0.00,1.45,1.20,0,0.00,0,0,06-JAN-2025
OPTSTK,BANDHANBNK,30-Jan-2025,2025-01-30,145.00,CE,16.25,16.25,9.90,9.95,9.95,73,321.4918,154000,-16800,06-JAN-2025
OPTSTK,BANDHANBNK,27-Feb-2025,2025-02-27,145.00,PE,0.00,0.00,0.00,2.90,5.35,0,0.00,2800,0,06-JAN-2025
OPTSTK,BANDHANBNK,30-Jan-2025,2025-01-30,155.00,CE,7.95,8.85,4.20,4.40,4.40,1923,8638.2338,1848000,1430800,06-JAN-2025
OPTSTK,BANDHANBNK,27-Mar-2025,2025-03-27,155.00,CE,0.00,0.00,0.00,19.90,10.65,0,0.00,0,0,06-JAN-2025
OPTSTK,BANDHANBNK,30-Jan-2025,2025-01-30,190.00,PE,36.80,38.00,35.95,38.00,37.65,4,25.445,1111600,-8400,06-JAN-2025
OPTSTK,BANKINDIA,30-Jan-2025,2025-01-30,96.00,PE,1.20,3.10,1.20,2.80,2.80,180,850.485862,381175,53075,06-JAN-2025
OPTSTK,IRFC,27-Feb-2025,2025-02-27,170.00,PE,0.00,0.00,0.00,26.50,26.40,0,0.00,0,0,06-JAN-2025
OPTSTK,DELHIVERY,27-Mar-2025,2025-03-27,360.00,CE,0.00,0.00,0.00,26.95,13.95,0,0.00,0,0,06-JAN-2025
OPTSTK,IRFC,30-Jan-2025,2025-01-30,145.00,PE,3.25,7.25,3.15,6.85,6.85,577,3060.04897,1995150,338400,06-JAN-2025
OPTSTK,DELHIVERY,30-Jan-2025,2025-01-30,420.00,CE,0.00,0.00,0.00,0.45,0.05,0,0.00,256200,0,06-JAN-2025
OPTSTK,DELHIVERY,27-Mar-2025,2025-03-27,420.00,CE,0.00,0.00,0.00,9.15,2.60,0,0.00,0,0,06-JAN-2025
OPTSTK,IRFC,27-Mar-2025,2025-03-27,130.00,PE,0.00,0.00,0.00,8.05,5.60,0,0.00,0,0,06-JAN-2025
OPTSTK,IRFC,27-Feb-2025,2025-02-27,130.00,PE,0.00,0.00,0.00,6.80,3.80,0,0.00,0,0,06-JAN-2025
OPTSTK,DELHIVERY,30-Jan-2025,2025-01-30,350.00,CE,6.65,6.65,4.20,6.35,6.35,555,3009.43347,693875,-4575,06-JAN-2025
OPTSTK,DELHIVERY,30-Jan-2025,2025-01-30,430.00,CE,0.30,0.30,0.20,0.20,0.05,11,72.1774875,19825,-15250,06-JAN-2025
OPTSTK,DELHIVERY,30-Jan-2025,2025-01-30,360.00,PE,26.90,32.50,26.00,28.15,28.15,29,171.76075,73200,-16775,06-JAN-2025
OPTSTK,IRFC,30-Jan-2025,2025-01-30,185.00,CE,0.65,0.65,0.40,0.40,0.40,51,333.403312,846000,3525,06-JAN-2025
OPTSTK,DELHIVERY,30-Jan-2025,2025-01-30,440.00,CE,0.00,0.00,0.00,0.15,0.05,0,0.00,30500,0,06-JAN-2025
OPTSTK,IRFC,27-Feb-2025,2025-02-27,160.00,CE,5.00,5.00,4.45,4.50,4.50,37,214.732425,222075,70500,06-JAN-2025
OPTSTK,DELHIVERY,27-Feb-2025,2025-02-27,390.00,CE,0.00,0.00,0.00,12.65,3.25,0,0.00,0,0,06-JAN-2025
OPTSTK,DELHIVERY,27-Feb-2025,2025-02-27,390.00,PE,0.00,0.00,0.00,52.25,51.95,0,0.00,0,0,06-JAN-2025
OPTSTK,DELHIVERY,30-Jan-2025,2025-01-30,390.00,PE,0.00,0.00,0.00,44.35,51.35,0,0.00,4575,0,06-JAN-2025
OPTSTK,DELHIVERY,30-Jan-2025,2025-01-30,410.00,PE,0.00,0.00,0.00,56.25,70.80,0,0.00,3050,0,06-JAN-2025
OPTSTK,DELHIVERY,30-Jan-2025,2025-01-30,280.00,PE,0.35,1.00,0.35,0.65,0.65,73,312.565525,192150,0,06-JAN-2025
OPTSTK,DELHIVERY,27-Mar-2025,2025-03-27,280.00,CE,0.00,0.00,0.00,79.40,63.85,0,0.00,0,0,06-JAN-2025
OPTSTK,DELHIVERY,27-Mar-2025,2025-03-27,280.00,PE,0.00,0.00,0.00,3.40,2.15,0,0.00,0,0,06-JAN-2025
OPTSTK,IRFC,30-Jan-2025,2025-01-30,165.00,PE,16.55,22.20,15.30,21.90,21.90,13,83.6147625,133950,14100,06-JAN-2025
OPTSTK,IRFC,27-Feb-2025,2025-02-27,165.00,PE,0.00,0.00,0.00,23.30,22.50,0,0.00,0,0,06-JAN-2025
OPTSTK,IRFC,27-Mar-2025,2025-03-27,165.00,CE,0.00,0.00,0.00,11.30,7.00,0,0.00,0,0,06-JAN-2025
OPTSTK,IRFC,27-Feb-2025,2025-02-27,165.00,CE,0.00,0.00,0.00,4.30,4.50,0,0.00,3525,0,06-JAN-2025
OPTSTK,IRFC,27-Feb-2025,2025-02-27,180.00,PE,0.00,0.00,0.00,33.40,34.85,0,0.00,0,0,06-JAN-2025
OPTSTK,DELHIVERY,30-Jan-2025,2025-01-30,335.00,PE,10.10,13.85,8.65,11.50,11.50,150,792.378562,111325,68625,06-JAN-2025
OPTSTK,IRFC,27-Feb-2025,2025-02-27,172.50,CE,0.00,0.00,0.00,3.75,3.00,0,0.00,10575,0,06-JAN-2025
OPTSTK,DELHIVERY,27-Feb-2025,2025-02-27,320.00,CE,0.00,0.00,0.00,42.65,28.70,0,0.00,0,0,06-JAN-2025
OPTSTK,DELHIVERY,27-Feb-2025,2025-02-27,280.00,CE,0.00,0.00,0.00,72.20,61.20,0,0.00,0,0,06-JAN-2025
OPTSTK,DELHIVERY,30-Jan-2025,2025-01-30,330.00,PE,8.00,11.30,7.90,9.55,9.55,225,1164.27497,240950,1525,06-JAN-2025
OPTSTK,DELHIVERY,30-Jan-2025,2025-01-30,355.00,CE,3.90,5.25,3.15,5.05,5.05,130,712.5776,115900,32025,06-JAN-2025
OPTSTK,DELHIVERY,27-Feb-2025,2025-02-27,355.00,CE,0.00,0.00,0.00,23.55,11.10,0,0.00,0,0,06-JAN-2025
OPTSTK,HDFCBANK,27-Mar-2025,2025-03-27,1560.00,CE,0.00,0.00,0.00,269.50,184.65,0,0.00,0,0,06-JAN-2025
OPTSTK,HDFCBANK,27-Feb-2025,2025-02-27,1960.00,CE,0.00,0.00,0.00,43.15,3.40,0,0.00,0,0,06-JAN-2025
OPTSTK,APOLLOTYRE,27-Feb-2025,2025-02-27,540.00,PE,0.00,0.00,0.00,48.05,43.65,0,0.00,0,0,06-JAN-2025
OPTSTK,HDFCBANK,27-Feb-2025,2025-02-27,1680.00,CE,0.00,0.00,0.00,177.60,79.85,0,0.00,0,0,06-JAN-2025
OPTSTK,HDFCBANK,30-Jan-2025,2025-01-30,1480.00,PE,1.15,1.40,0.35,1.20,1.20,93,757.6074,33000,30800,06-JAN-2025
OPTSTK,HDFCBANK,30-Jan-2025,2025-01-30,1600.00,PE,3.15,7.30,2.40,6.50,6.50,8908,78646.6326,1884850,396000,06-JAN-2025
OPTSTK,HDFCBANK,30-Jan-2025,2025-01-30,1710.00,PE,20.10,37.00,15.70,34.15,34.15,4977,47610.2877,496650,83050,06-JAN-2025
OPTSTK,HDFCBANK,30-Jan-2025,2025-01-30,1710.00,CE,68.50,70.00,42.25,43.80,43.80,1845,17816.8545,195800,185900,06-JAN-2025
OPTSTK,HDFCBANK,30-Jan-2025,2025-01-30,1890.00,CE,4.20,4.55,1.90,2.05,2.05,2584,26898.9668,561550,-33000,06-JAN-2025
OPTSTK,APOLLOTYRE,30-Jan-2025,2025-01-30,480.00,PE,3.50,7.65,3.10,7.25,7.25,993,8196.7149,459000,-71400,06-JAN-2025
OPTSTK,APOLLOTYRE,27-Feb-2025,2025-02-27,480.00,CE,31.70,31.70,31.70,31.70,36.40,2,17.3978,3400,3400,06-JAN-2025
OPTSTK,APOLLOTYRE,30-Jan-2025,2025-01-30,480.00,CE,27.10,27.10,23.60,24.35,24.35,15,128.65345,10200,6800,06-JAN-2025
OPTSTK,HDFCBANK,27-Feb-2025,2025-02-27,2000.00,PE,0.00,0.00,0.00,138.20,272.20,0,0.00,550,0,06-JAN-2025
OPTSTK,HDFCBANK,27-Mar-2025,2025-03-27,2000.00,PE,0.00,0.00,0.00,204.65,266.20,0,0.00,0,0,06-JAN-2025
OPTSTK,APOLLOTYRE,30-Jan-2025,2025-01-30,530.00,PE,24.95,37.00,24.70,36.40,36.40,139,1324.8202,326400,-6800,06-JAN-2025
OPTSTK,HDFCBANK,30-Jan-2025,2025-01-30,1970.00,CE,1.10,1.20,0.80,0.90,0.90,124,1344.18405,113850,6050,06-JAN-2025
OPTSTK,APOLLOTYRE,27-Feb-2025,2025-02-27,470.00,PE,0.00,0.00,0.00,5.30,8.00,0,0.00,0,0,06-JAN-2025
OPTSTK,HDFCBANK,27-Mar-2025,2025-03-27,1800.00,CE,39.25,40.00,37.10,38.55,38.55,3,30.339925,1650,1650,06-JAN-2025
OPTSTK,HDFCBANK,30-Jan-2025,2025-01-30,1790.00,PE,69.45,86.60,48.75,81.95,81.95,546,5577.55275,439450,-46200,06-JAN-2025
OPTSTK,HDFCBANK,30-Jan-2025,2025-01-30,1790.00,CE,25.45,26.90,12.40,12.85,12.85,6797,67574.7360,837650,15400,06-JAN-2025
OPTSTK,APOLLOTYRE,27-Feb-2025,2025-02-27,470.00,CE,0.00,0.00,0.00,83.45,43.25,0,0.00,0,0,06-JAN-2025
OPTSTK,HDFCBANK,30-Jan-2025,2025-01-30,1580.00,PE,2.05,4.95,1.60,4.35,4.35,2834,24674.4916,629750,387750,06-JAN-2025
OPTSTK,HDFCBANK,27-Feb-2025,2025-02-27,1580.00,CE,0.00,0.00,0.00,255.45,154.15,0,0.00,0,0,06-JAN-2025
OPTSTK,APOLLOTYRE,27-Feb-2025,2025-02-27,540.00,CE,6.20,6.20,5.50,5.50,9.60,4,37.1297,20400,0,06-JAN-2025
OPTSTK,HDFCBANK,27-Mar-2025,2025-03-27,1920.00,PE,0.00,0.00,0.00,146.65,195.35,0,0.00,0,0,06-JAN-2025
OPTSTK,HDFCBANK,27-Mar-2025,2025-03-27,1440.00,PE,0.00,0.00,0.00,2.30,1.70,0,0.00,0,0,06-JAN-2025
OPTSTK,HDFCBANK,27-Mar-2025,2025-03-27,1440.00,CE,0.00,0.00,0.00,379.05,293.35,0,0.00,0,0,06-JAN-2025
OPTSTK,HDFCBANK,27-Mar-2025,2025-03-27,1840.00,CE,0.00,0.00,0.00,82.00,29.60,0,0.00,0,0,06-JAN-2025
OPTSTK,HDFCBANK,30-Jan-2025,2025-01-30,1810.00,CE,18.35,19.45,8.50,8.80,8.80,5241,52534.4371,889900,53350,06-JAN-2025
OPTSTK,HDFCBANK,27-Feb-2025,2025-02-27,1700.00,CE,90.00,90.50,67.80,69.65,69.65,145,1414.2128,40150,34100,06-JAN-2025
OPTSTK,HDFCBANK,27-Mar-2025,2025-03-27,1720.00,CE,0.00,0.00,0.00,147.05,74.95,0,0.00,0,0,06-JAN-2025
OPTSTK,ADANIENT,27-Mar-2025,2025-03-27,2840.00,CE,0.00,0.00,0.00,171.05,132.05,0,0.00,0,0,06-JAN-2025
OPTSTK,ADANIENT,27-Mar-2025,2025-03-27,2200.00,PE,0.00,0.00,0.00,185.55,109.65,0,0.00,0,0,06-JAN-2025
OPTSTK,ADANIENT,27-Feb-2025,2025-02-27,2920.00,PE,0.00,0.00,0.00,606.10,485.85,0,0.00,0,0,06-JAN-2025
OPTSTK,ADANIENT,30-Jan-2025,2025-01-30,2920.00,PE,410.00,412.00,408.00,408.00,454.50,12,119.865,4500,0,06-JAN-2025
OPTSTK,ADANIENT,27-Feb-2025,2025-02-27,2400.00,CE,0.00,0.00,0.00,269.10,247.90,0,0.00,1200,0,06-JAN-2025
OPTSTK,ADANIENT,30-Jan-2025,2025-01-30,2960.00,CE,12.05,12.05,4.60,5.10,5.10,329,2927.2746,159300,-4200,06-JAN-2025
OPTSTK,ADANIENT,27-Mar-2025,2025-03-27,2880.00,CE,0.00,0.00,0.00,161.05,121.80,0,0.00,0,0,06-JAN-2025
OPTSTK,ADANIENT,27-Feb-2025,2025-02-27,2580.00,PE,0.00,0.00,0.00,342.45,245.60,0,0.00,0,0,06-JAN-2025
OPTSTK,ADANIENT,30-Jan-2025,2025-01-30,2880.00,CE,0.00,0.00,0.00,388.70,26.50,0,0.00,0,0,06-JAN-2025
OPTSTK,ADANIENT,30-Jan-2025,2025-01-30,2580.00,CE,82.05,87.05,47.00,49.75,49.75,1432,11346.2842,239100,49800,06-JAN-2025
OPTSTK,ADANIENT,30-Jan-2025,2025-01-30,2880.00,PE,0.00,0.00,0.00,320.00,419.30,0,0.00,300,0,06-JAN-2025
OPTSTK,ADANIENT,27-Feb-2025,2025-02-27,2580.00,CE,0.00,0.00,0.00,195.05,164.70,0,0.00,0,0,06-JAN-2025
OPTSTK,ADANIENT,27-Mar-2025,2025-03-27,2480.00,CE,0.00,0.00,0.00,290.45,261.20,0,0.00,0,0,06-JAN-2025
OPTSTK,ADANIENT,27-Feb-2025,2025-02-27,2620.00,CE,0.00,0.00,0.00,181.20,149.50,0,0.00,0,0,06-JAN-2025
OPTSTK,ADANIENT,27-Feb-2025,2025-02-27,2200.00,CE,0.00,0.00,0.00,461.65,370.85,0,0.00,0,0,06-JAN-2025
OPTSTK,ADANIENT,27-Feb-2025,2025-02-27,2700.00,CE,0.00,0.00,0.00,110.00,122.50,0,0.00,900,0,06-JAN-2025
OPTSTK,ADANIENT,30-Jan-2025,2025-01-30,2720.00,CE,32.80,34.30,18.40,20.20,20.20,441,3631.00005,102600,37500,06-JAN-2025
OPTSTK,ADANIENT,27-Feb-2025,2025-02-27,2720.00,PE,0.00,0.00,0.00,467.00,336.00,0,0.00,0,0,06-JAN-2025
OPTSTK,ADANIENT,27-Mar-2025,2025-03-27,2800.00,PE,0.00,0.00,0.00,530.90,427.50,0,0.00,0,0,06-JAN-2025
OPTSTK,ADANIENT,30-Jan-2025,2025-01-30,2820.00,PE,0.00,0.00,0.00,493.70,368.20,0,0.00,0,0,06-JAN-2025
OPTSTK,ADANIENT,27-Mar-2025,2025-03-27,2720.00,PE,0.00,0.00,0.00,475.50,372.95,0,0.00,0,0,06-JAN-2025
OPTSTK,ADANIENT,27-Mar-2025,2025-03-27,2720.00,CE,0.00,0.00,0.00,204.90,167.30,0,0.00,0,0,06-JAN-2025
OPTSTK,ADANIENT,27-Feb-2025,2025-02-27,2780.00,CE,0.00,0.00,0.00,133.90,99.65,0,0.00,0,0,06-JAN-2025
OPTSTK,ADANIENT,30-Jan-2025,2025-01-30,2780.00,CE,0.00,0.00,0.00,157.00,42.00,0,0.00,0,0,06-JAN-2025
OPTSTK,ADANIENT,27-Feb-2025,2025-02-27,2780.00,PE,0.00,0.00,0.00,478.80,378.65,0,0.00,0,0,06-JAN-2025
OPTSTK,ADANIENT,27-Feb-2025,2025-02-27,2560.00,CE,0.00,0.00,0.00,290.15,172.70,0,0.00,0,0,06-JAN-2025
OPTSTK,ADANIENT,30-Jan-2025,2025-01-30,2560.00,PE,78.10,135.00,73.50,128.80,128.80,1258,10028.0295,162900,-6300,06-JAN-2025
OPTSTK,ADANIENT,27-Feb-2025,2025-02-27,2740.00,CE,0.00,0.00,0.00,144.60,110.60,0,0.00,0,0,06-JAN-2025
OPTSTK,ADANIENT,30-Jan-2025,2025-01-30,2740.00,CE,0.00,0.00,0.00,168.60,50.10,0,0.00,0,0,06-JAN-2025
OPTSTK,ADANIENT,30-Jan-2025,2025-01-30,2360.00,PE,28.30,47.90,28.30,44.85,44.85,379,2727.2859,72900,15900,06-JAN-2025
OPTSTK,ADANIENT,30-Jan-2025,2025-01-30,1920.00,PE,4.70,7.10,4.50,7.10,3.50,18,104.02065,9300,2400,06-JAN-2025
OPTSTK,ADANIENT,27-Feb-2025,2025-02-27,2620.00,PE,0.00,0.00,0.00,368.10,270.05,0,0.00,0,0,06-JAN-2025
OPTSTK,GODREJPROP,27-Feb-2025,2025-02-27,2600.00,CE,0.00,0.00,0.00,400.90,169.55,0,0.00,0,0,06-JAN-2025
OPTSTK,GODREJPROP,30-Jan-2025,2025-01-30,2700.00,PE,73.50,141.00,55.80,133.70,133.70,1154,7262.29462,80775,-7650,06-JAN-2025
OPTSTK,HINDCOPPER,30-Jan-2025,2025-01-30,310.00,PE,0.00,0.00,0.00,43.75,73.15,0,0.00,47700,0,06-JAN-2025
OPTSTK,HINDCOPPER,27-Feb-2025,2025-02-27,255.00,PE,0.00,0.00,0.00,18.85,27.30,0,0.00,0,0,06-JAN-2025
OPTSTK,GODREJPROP,30-Jan-2025,2025-01-30,3100.00,PE,0.00,0.00,0.00,362.80,475.25,0,0.00,14400,0,06-JAN-2025
OPTSTK,GODREJPROP,27-Mar-2025,2025-03-27,3100.00,CE,0.00,0.00,0.00,183.50,52.95,0,0.00,0,0,06-JAN-2025
OPTSTK,HINDCOPPER,27-Feb-2025,2025-02-27,270.00,PE,0.00,0.00,0.00,26.80,38.20,0,0.00,0,0,06-JAN-2025
OPTSTK,GODREJPROP,27-Feb-2025,2025-02-27,3000.00,CE,0.00,0.00,0.00,55.50,40.85,0,0.00,2025,0,06-JAN-2025
OPTSTK,GODREJPROP,27-Mar-2025,2025-03-27,3000.00,PE,0.00,0.00,0.00,310.25,411.80,0,0.00,0,0,06-JAN-2025
OPTSTK,HINDCOPPER,30-Jan-2025,2025-01-30,325.00,CE,0.00,0.00,0.00,0.35,0.05,0,0.00,82150,0,06-JAN-2025
OPTSTK,HINDCOPPER,30-Jan-2025,2025-01-30,325.00,PE,0.00,0.00,0.00,55.00,87.95,0,0.00,2650,0,06-JAN-2025
OPTSTK,HINDCOPPER,30-Jan-2025,2025-01-30,265.00,CE,3.75,3.75,1.50,1.65,1.65,473,3352.0804,932800,71550,06-JAN-2025
OPTSTK,HINDCOPPER,27-Mar-2025,2025-03-27,270.00,CE,0.00,0.00,0.00,28.80,10.35,0,0.00,0,0,06-JAN-2025
OPTSTK,GODREJPROP,27-Mar-2025,2025-03-27,2700.00,CE,0.00,0.00,0.00,364.80,165.45,0,0.00,0,0,06-JAN-2025
OPTSTK,GODREJPROP,27-Feb-2025,2025-02-27,2700.00,CE,0.00,0.00,0.00,343.10,123.75,0,0.00,0,0,06-JAN-2025
OPTSTK,HINDCOPPER,30-Jan-2025,2025-01-30,310.00,CE,0.00,0.00,0.00,0.45,0.15,0,0.00,82150,0,06-JAN-2025
OPTSTK,HINDCOPPER,30-Jan-2025,2025-01-30,340.00,PE,0.00,0.00,0.00,92.50,102.85,0,0.00,92750,0,06-JAN-2025
OPTSTK,HINDCOPPER,27-Mar-2025,2025-03-27,270.00,PE,0.00,0.00,0.00,30.70,40.75,0,0.00,0,0,06-JAN-2025
OPTSTK,HINDCOPPER,27-Feb-2025,2025-02-27,240.00,PE,12.00,14.25,11.00,13.75,13.75,11,73.660725,31800,18550,06-JAN-2025
OPTSTK,HINDCOPPER,27-Mar-2025,2025-03-27,260.00,PE,0.00,0.00,0.00,25.40,33.70,0,0.00,0,0,06-JAN-2025
OPTSTK,HINDCOPPER,27-Feb-2025,2025-02-27,260.00,CE,8.00,8.00,5.70,5.70,5.70,26,183.701975,74200,50350,06-JAN-2025
OPTSTK,HINDCOPPER,27-Mar-2025,2025-03-27,260.00,CE,0.00,0.00,0.00,33.30,13.15,0,0.00,0,0,06-JAN-2025
OPTSTK,GODREJPROP,27-Mar-2025,2025-03-27,2900.00,PE,0.00,0.00,0.00,254.25,337.70,0,0.00,0,0,06-JAN-2025
OPTSTK,GODREJPROP,30-Jan-2025,2025-01-30,2400.00,PE,7.90,22.50,5.70,20.90,20.90,909,4937.12977,100575,27900,06-JAN-2025
OPTSTK,GODREJPROP,27-Mar-2025,2025-03-27,2400.00,PE,0.00,0.00,0.00,65.50,78.25,0,0.00,0,0,06-JAN-2025
OPTSTK,GODREJPROP,27-Feb-2025,2025-02-27,2400.00,PE,27.00,35.80,27.00,35.45,53.70,14,76.6909125,3600,2700,06-JAN-2025
OPTSTK,GODREJPROP,27-Feb-2025,2025-02-27,2500.00,PE,0.00,0.00,0.00,104.20,85.90,0,0.00,0,0,06-JAN-2025
OPTSTK,GODREJPROP,27-Mar-2025,2025-03-27,2500.00,PE,0.00,0.00,0.00,91.20,113.55,0,0.00,0,0,06-JAN-2025
OPTSTK,GODREJPROP,30-Jan-2025,2025-01-30,3050.00,CE,15.30,15.75,6.95,7.50,7.50,305,2100.25496,50850,4275,06-JAN-2025
OPTSTK,GODREJPROP,27-Feb-2025,2025-02-27,3050.00,PE,0.00,0.00,0.00,307.90,437.95,0,0.00,0,0,06-JAN-2025
OPTSTK,HINDCOPPER,30-Jan-2025,2025-01-30,235.00,PE,4.00,8.45,3.80,7.75,7.75,368,2359.6554,325950,201400,06-JAN-2025
OPTSTK,TVSMOTOR,30-Jan-2025,2025-01-30,2350.00,CE,0.00,0.00,0.00,179.90,108.40,0,0.00,8750,0,06-JAN-2025
OPTSTK,AMBUJACEM,27-Mar-2025,2025-03-27,540.00,PE,0.00,0.00,0.00,38.00,36.85,0,0.00,0,0,06-JAN-2025
OPTSTK,TVSMOTOR,30-Jan-2025,2025-01-30,2120.00,PE,0.00,0.00,0.00,4.35,1.40,0,0.00,1400,0,06-JAN-2025
OPTSTK,TVSMOTOR,27-Feb-2025,2025-02-27,2120.00,CE,0.00,0.00,0.00,362.70,322.55,0,0.00,0,0,06-JAN-2025
OPTSTK,AMBUJACEM,27-Mar-2025,2025-03-27,550.00,CE,0.00,0.00,0.00,51.60,30.40,0,0.00,0,0,06-JAN-2025
OPTSTK,AMBUJACEM,30-Jan-2025,2025-01-30,550.00,CE,15.05,15.60,7.70,8.15,8.15,1398,7044.7788,868500,17100,06-JAN-2025
OPTSTK,AMBUJACEM,30-Jan-2025,2025-01-30,605.00,PE,0.00,0.00,0.00,63.60,74.40,0,0.00,0,0,06-JAN-2025
OPTSTK,TVSMOTOR,30-Jan-2025,2025-01-30,2800.00,CE,4.90,5.05,2.45,2.60,2.60,293,2875.31335,176050,8050,06-JAN-2025
OPTSTK,AMBUJACEM,27-Feb-2025,2025-02-27,585.00,CE,0.00,0.00,0.00,27.75,11.60,0,0.00,0,0,06-JAN-2025
OPTSTK,AMBUJACEM,30-Jan-2025,2025-01-30,470.00,PE,1.75,2.40,1.65,1.95,1.90,26,110.4255,54900,6300,06-JAN-2025
OPTSTK,AMBUJACEM,27-Feb-2025,2025-02-27,490.00,CE,0.00,0.00,0.00,78.35,55.40,0,0.00,0,0,06-JAN-2025
OPTSTK,AMBUJACEM,27-Mar-2025,2025-03-27,460.00,CE,0.00,0.00,0.00,108.05,84.60,0,0.00,0,0,06-JAN-2025
OPTSTK,AMBUJACEM,27-Mar-2025,2025-03-27,460.00,PE,0.00,0.00,0.00,10.95,7.95,0,0.00,0,0,06-JAN-2025
OPTSTK,TVSMOTOR,27-Mar-2025,2025-03-27,2320.00,PE,0.00,0.00,0.00,80.60,63.60,0,0.00,0,0,06-JAN-2025
OPTSTK,TVSMOTOR,27-Feb-2025,2025-02-27,2320.00,CE,0.00,0.00,0.00,210.45,163.35,0,0.00,0,0,06-JAN-2025
OPTSTK,AMBUJACEM,30-Jan-2025,2025-01-30,530.00,CE,24.00,24.05,15.50,16.60,16.60,295,1453.8762,88200,54900,06-JAN-2025
OPTSTK,TVSMOTOR,30-Jan-2025,2025-01-30,2700.00,CE,13.40,13.85,6.35,6.65,6.65,369,3499.85195,85400,-11900,06-JAN-2025
OPTSTK,AMBUJACEM,27-Mar-2025,2025-03-27,510.00,PE,0.00,0.00,0.00,25.35,22.75,0,0.00,0,0,06-JAN-2025
OPTSTK,TVSMOTOR,27-Mar-2025,2025-03-27,2680.00,PE,0.00,0.00,0.00,273.00,270.05,0,0.00,0,0,06-JAN-2025
OPTSTK,TVSMOTOR,27-Feb-2025,2025-02-27,2680.00,CE,0.00,0.00,0.00,53.40,23.35,0,0.00,0,0,06-JAN-2025
OPTSTK,TVSMOTOR,27-Feb-2025,2025-02-27,2700.00,PE,0.00,0.00,0.00,304.30,280.75,0,0.00,0,0,06-JAN-2025
OPTSTK,TVSMOTOR,27-Feb-2025,2025-02-27,2380.00,CE,0.00,0.00,0.00,173.50,126.40,0,0.00,0,0,06-JAN-2025
OPTSTK,TVSMOTOR,30-Jan-2025,2025-01-30,2380.00,CE,109.60,111.15,100.90,100.90,89.60,17,148.113525,23800,2450,06-JAN-2025
OPTSTK,TVSMOTOR,27-Feb-2025,2025-02-27,2380.00,PE,0.00,0.00,0.00,85.10,69.80,0,0.00,0,0,06-JAN-2025
OPTSTK,AMBUJACEM,30-Jan-2025,2025-01-30,475.00,PE,2.55,2.85,2.10,2.45,2.45,47,202.0851,26100,26100,06-JAN-2025
OPTSTK,AMBUJACEM,27-Feb-2025,2025-02-27,475.00,PE,0.00,0.00,0.00,9.75,7.15,0,0.00,0,0,06-JAN-2025
OPTSTK,AMBUJACEM,27-Feb-2025,2025-02-27,620.00,CE,0.00,0.00,0.00,15.55,5.50,0,0.00,0,0,06-JAN-2025
OPTSTK,TVSMOTOR,30-Jan-2025,2025-01-30,2660.00,CE,20.00,20.00,9.35,10.55,10.55,70,654.87415,20650,1750,06-JAN-2025
OPTSTK,AMBUJACEM,30-Jan-2025,2025-01-30,500.00,CE,47.20,47.70,36.50,37.10,37.10,22,107.11845,34200,8100,06-JAN-2025
OPTSTK,TVSMOTOR,27-Feb-2025,2025-02-27,2800.00,PE,0.00,0.00,0.00,400.00,369.25,0,0.00,350,0,06-JAN-2025
OPTSTK,AMBUJACEM,27-Feb-2025,2025-02-27,560.00,PE,0.00,0.00,0.00,67.60,43.45,0,0.00,0,0,06-JAN-2025
OPTSTK,AMBUJACEM,27-Feb-2025,2025-02-27,560.00,CE,0.00,0.00,0.00,30.70,18.70,0,0.00,0,0,06-JAN-2025
OPTSTK,CONCOR,27-Mar-2025,2025-03-27,760.00,CE,0.00,0.00,0.00,77.50,55.00,0,0.00,0,0,06-JAN-2025
OPTSTK,CONCOR,27-Mar-2025,2025-03-27,760.00,PE,0.00,0.00,0.00,47.45,40.25,0,0.00,0,0,06-JAN-2025
OPTSTK,CONCOR,30-Jan-2025,2025-01-30,1000.00,CE,0.15,0.15,0.05,0.10,0.05,7,70.007,301000,1000,06-JAN-2025
OPTSTK,CONCOR,30-Jan-2025,2025-01-30,960.00,CE,0.00,0.00,0.00,0.75,0.10,0,0.00,7000,0,06-JAN-2025
OPTSTK,CONCOR,30-Jan-2025,2025-01-30,860.00,PE,0.00,0.00,0.00,69.50,95.55,0,0.00,19000,0,06-JAN-2025
OPTSTK,CONCOR,27-Mar-2025,2025-03-27,860.00,CE,0.00,0.00,0.00,36.75,19.10,0,0.00,0,0,06-JAN-2025
OPTSTK,CONCOR,30-Jan-2025,2025-01-30,860.00,CE,3.30,3.30,1.60,1.80,1.80,460,3965.28,284000,-14000,06-JAN-2025
OPTSTK,CONCOR,27-Feb-2025,2025-02-27,830.00,CE,0.00,0.00,0.00,34.60,17.35,0,0.00,0,0,06-JAN-2025
OPTSTK,JUBLFOOD,27-Feb-2025,2025-02-27,720.00,CE,0.00,0.00,0.00,45.00,66.35,0,0.00,3750,0,06-JAN-2025
OPTSTK,ONGC,27-Feb-2025,2025-02-27,220.00,PE,1.30,1.85,1.30,1.65,1.65,28,119.476087,163625,1925,06-JAN-2025
OPTSTK,ONGC,27-Feb-2025,2025-02-27,230.00,PE,2.55,3.25,2.55,3.10,3.10,25,112.16205,163625,13475,06-JAN-2025
OPTSTK,ONGC,30-Jan-2025,2025-01-30,230.00,CE,31.00,31.00,24.00,25.85,25.85,19,93.6021625,311850,-17325,06-JAN-2025
OPTSTK,ONGC,27-Feb-2025,2025-02-27,267.50,CE,0.00,0.00,0.00,7.35,8.60,0,0.00,0,0,06-JAN-2025
OPTSTK,ONGC,27-Feb-2025,2025-02-27,280.00,PE,0.00,0.00,0.00,34.85,28.00,0,0.00,0,0,06-JAN-2025
OPTSTK,JUBLFOOD,30-Jan-2025,2025-01-30,680.00,CE,93.75,116.00,90.00,90.00,90.75,19,185.591875,83750,-1250,06-JAN-2025
OPTSTK,JUBLFOOD,30-Jan-2025,2025-01-30,720.00,PE,5.80,9.10,3.85,7.70,7.70,1818,16491.5056,538750,-95000,06-JAN-2025
OPTSTK,JUBLFOOD,27-Feb-2025,2025-02-27,720.00,PE,0.00,0.00,0.00,86.60,12.85,0,0.00,0,0,06-JAN-2025
OPTSTK,JUBLFOOD,27-Mar-2025,2025-03-27,720.00,PE,0.00,0.00,0.00,51.45,18.35,0,0.00,0,0,06-JAN-2025
OPTSTK,ONGC,27-Mar-2025,2025-03-27,220.00,CE,0.00,0.00,0.00,32.70,40.65,0,0.00,0,0,06-JAN-2025
OPTSTK,ONGC,27-Mar-2025,2025-03-27,220.00,PE,0.00,0.00,0.00,8.50,3.05,0,0.00,0,0,06-JAN-2025
OPTSTK,ONGC,30-Jan-2025,2025-01-30,262.50,PE,8.60,12.95,8.60,11.10,11.10,676,3550.67501,612150,-32725,06-JAN-2025
OPTSTK,JUBLFOOD,27-Feb-2025,2025-02-27,670.00,CE,0.00,0.00,0.00,64.80,106.70,0,0.00,0,0,06-JAN-2025
OPTSTK,JUBLFOOD,30-Jan-2025,2025-01-30,670.00,PE,1.70,2.65,1.20,2.30,2.30,676,5676.55375,300000,-8750,06-JAN-2025
OPTSTK,JUBLFOOD,30-Jan-2025,2025-01-30,670.00,CE,0.00,0.00,0.00,86.85,100.30,0,0.00,43750,0,06-JAN-2025
OPTSTK,JUBLFOOD,30-Jan-2025,2025-01-30,780.00,CE,19.40,33.70,17.60,20.20,20.20,5320,53506.3775,1062500,82500,06-JAN-2025
OPTSTK,JUBLFOOD,27-Feb-2025,2025-02-27,780.00,CE,0.00,0.00,0.00,10.35,31.35,0,0.00,0,0,06-JAN-2025
OPTSTK,ONGC,27-Mar-2025,2025-03-27,290.00,CE,0.00,0.00,0.00,5.70,5.75,0,0.00,0,0,06-JAN-2025
OPTSTK,JUBLFOOD,30-Jan-2025,2025-01-30,580.00,CE,202.20,202.20,202.20,202.20,189.15,1,9.7775,2500,0,06-JAN-2025
OPTSTK,ONGC,27-Feb-2025,2025-02-27,300.00,CE,1.60,1.60,1.15,1.30,1.30,111,643.73155,342650,26950,06-JAN-2025
OPTSTK,ONGC,30-Jan-2025,2025-01-30,300.00,PE,46.50,47.95,45.20,45.20,45.20,94,628.988937,937475,-165550,06-JAN-2025
OPTSTK,ONGC,27-Mar-2025,2025-03-27,300.00,CE,0.00,0.00,0.00,4.20,4.00,0,0.00,0,0,06-JAN-2025
OPTSTK,ONGC,27-Feb-2025,2025-02-27,300.00,PE,0.00,0.00,0.00,49.65,44.70,0,0.00,0,0,06-JAN-2025
OPTSTK,ONGC,27-Feb-2025,2025-02-27,205.00,CE,0.00,0.00,0.00,40.70,51.75,0,0.00,0,0,06-JAN-2025
OPTSTK,ONGC,27-Feb-2025,2025-02-27,205.00,PE,0.00,0.00,0.00,2.85,0.45,0,0.00,0,0,06-JAN-2025
OPTSTK,ONGC,30-Jan-2025,2025-01-30,277.50,CE,1.85,1.85,0.85,1.05,1.05,741,3973.63697,467775,359975,06-JAN-2025
FUTSTK,ONGC,27-Feb-2025,2025-02-27,,,258.80,260.21,251.71,253.89,253.90,752,3686.52688,3420725,-9625,06-JAN-2025
OPTSTK,ONGC,27-Feb-2025,2025-02-27,285.00,CE,0.00,0.00,0.00,3.90,4.00,0,0.00,0,0,06-JAN-2025
OPTSTK,ONGC,27-Mar-2025,2025-03-27,285.00,PE,0.00,0.00,0.00,46.20,33.35,0,0.00,0,0,06-JAN-2025
OPTSTK,ONGC,27-Mar-2025,2025-03-27,190.00,CE,0.00,0.00,0.00,55.75,67.50,0,0.00,0,0,06-JAN-2025
OPTSTK,ONGC,27-Mar-2025,2025-03-27,190.00,PE,0.00,0.00,0.00,2.05,0.35,0,0.00,0,0,06-JAN-2025
OPTSTK,SBIN,27-Mar-2025,2025-03-27,720.00,CE,0.00,0.00,0.00,119.30,80.45,0,0.00,0,0,06-JAN-2025
OPTSTK,SBIN,30-Jan-2025,2025-01-30,890.00,PE,99.60,104.60,99.60,104.60,110.35,2,14.8815,50250,0,06-JAN-2025
OPTSTK,SBIN,27-Feb-2025,2025-02-27,820.00,PE,39.50,54.00,39.50,50.55,50.55,44,287.29125,97500,4500,06-JAN-2025
OPTSTK,SBIN,30-Jan-2025,2025-01-30,820.00,PE,33.20,49.60,32.90,45.95,45.95,1206,7779.444,2523750,-198750,06-JAN-2025
OPTSTK,SBIN,27-Feb-2025,2025-02-27,710.00,PE,0.00,0.00,0.00,7.45,6.85,0,0.00,0,0,06-JAN-2025
OPTSTK,SBIN,27-Feb-2025,2025-02-27,830.00,PE,0.00,0.00,0.00,39.00,60.65,0,0.00,3000,0,06-JAN-2025
OPTSTK,SBIN,30-Jan-2025,2025-01-30,770.00,CE,35.40,35.60,23.55,25.35,25.35,2278,13608.7815,513750,264000,06-JAN-2025
OPTSTK,SBIN,30-Jan-2025,2025-01-30,860.00,CE,3.30,3.35,1.65,1.90,1.90,5661,36597.9472,3222000,200250,06-JAN-2025
OPTSTK,SBIN,30-Jan-2025,2025-01-30,830.00,CE,8.35,8.35,4.20,4.45,4.45,12143,76063.0215,6075000,414750,06-JAN-2025
OPTSTK,RECLTD,27-Feb-2025,2025-02-27,540.00,CE,23.70,23.70,18.55,20.25,26.05,26,145.791,41000,11000,06-JAN-2025
OPTSTK,JKCEMENT,30-Jan-2025,2025-01-30,4750.00,CE,135.00,145.00,110.10,118.80,118.80,73,444.567562,11250,0,06-JAN-2025
OPTSTK,JKCEMENT,27-Feb-2025,2025-02-27,4750.00,CE,0.00,0.00,0.00,205.90,190.25,0,0.00,0,0,06-JAN-2025
OPTSTK,BIOCON,27-Feb-2025,2025-02-27,410.00,CE,0.00,0.00,0.00,16.30,4.55,0,0.00,0,0,06-JAN-2025
OPTSTK,BIOCON,27-Feb-2025,2025-02-27,410.00,PE,0.00,0.00,0.00,54.95,52.50,0,0.00,0,0,06-JAN-2025
OPTSTK,JKCEMENT,27-Mar-2025,2025-03-27,5600.00,PE,0.00,0.00,0.00,959.75,847.75,0,0.00,0,0,06-JAN-2025
OPTSTK,JKCEMENT,27-Feb-2025,2025-02-27,5050.00,CE,0.00,0.00,0.00,108.80,82.85,0,0.00,0,0,06-JAN-2025
OPTSTK,BIOCON,27-Feb-2025,2025-02-27,335.00,PE,0.00,0.00,0.00,16.45,7.90,0,0.00,0,0,06-JAN-2025
OPTSTK,BIOCON,27-Feb-2025,2025-02-27,335.00,CE,0.00,0.00,0.00,32.10,34.25,0,0.00,0,0,06-JAN-2025
OPTSTK,BIOCON,30-Jan-2025,2025-01-30,280.00,PE,0.15,0.15,0.15,0.15,0.05,1,7.00375,15000,0,06-JAN-2025
OPTSTK,JKCEMENT,30-Jan-2025,2025-01-30,4150.00,CE,0.00,0.00,0.00,243.60,573.85,0,0.00,0,0,06-JAN-2025
OPTSTK,BIOCON,27-Mar-2025,2025-03-27,330.00,PE,0.00,0.00,0.00,18.05,9.50,0,0.00,0,0,06-JAN-2025
OPTSTK,JKCEMENT,27-Mar-2025,2025-03-27,5000.00,CE,0.00,0.00,0.00,176.15,147.15,0,0.00,0,0,06-JAN-2025
OPTSTK,RECLTD,30-Jan-2025,2025-01-30,450.00,CE,70.55,74.75,66.70,66.70,66.70,18,93.8415,253000,-1000,06-JAN-2025
OPTSTK,RECLTD,27-Feb-2025,2025-02-27,450.00,CE,0.00,0.00,0.00,90.90,76.65,0,0.00,0,0,06-JAN-2025
OPTSTK,BIOCON,30-Jan-2025,2025-01-30,385.00,PE,0.00,0.00,0.00,19.05,29.45,0,0.00,25000,0,06-JAN-2025
OPTSTK,JKCEMENT,27-Feb-2025,2025-02-27,3900.00,CE,0.00,0.00,0.00,442.75,843.60,0,0.00,0,0,06-JAN-2025
OPTSTK,JKCEMENT,27-Feb-2025,2025-02-27,3900.00,PE,0.00,0.00,0.00,128.45,4.50,0,0.00,0,0,06-JAN-2025
OPTSTK,RECLTD,27-Feb-2025,2025-02-27,580.00,PE,0.00,0.00,0.00,80.80,76.25,0,0.00,1000,0,06-JAN-2025
OPTSTK,RECLTD,30-Jan-2025,2025-01-30,580.00,CE,6.00,6.15,2.70,2.80,2.80,2352,13728.296,1341000,45000,06-JAN-2025
OPTSTK,BIOCON,30-Jan-2025,2025-01-30,300.00,CE,60.00,60.00,60.00,60.00,59.70,2,18,32500,5000,06-JAN-2025
OPTSTK,BIOCON,27-Mar-2025,2025-03-27,300.00,PE,0.00,0.00,0.00,8.35,3.15,0,0.00,0,0,06-JAN-2025
OPTSTK,RECLTD,30-Jan-2025,2025-01-30,500.00,PE,5.50,15.15,5.35,13.90,13.90,3725,19032.8825,1638000,210000,06-JAN-2025
OPTSTK,JKCEMENT,27-Mar-2025,2025-03-27,4500.00,CE,0.00,0.00,0.00,388.95,389.00,0,0.00,0,0,06-JAN-2025
OPTSTK,BIOCON,30-Jan-2025,2025-01-30,440.00,PE,0.00,0.00,0.00,94.00,80.05,0,0.00,5000,0,06-JAN-2025
FUTSTK,RECLTD,27-Mar-2025,2025-03-27,,,542.20,542.20,515.00,517.10,517.10,231,1217.573,272000,80000,06-JAN-2025
OPTSTK,JKCEMENT,30-Jan-2025,2025-01-30,5150.00,CE,26.45,26.45,21.20,21.85,17.30,9,58.203625,1375,750,06-JAN-2025
OPTSTK,JKCEMENT,30-Jan-2025,2025-01-30,4700.00,CE,161.00,167.45,123.00,139.80,139.80,107,647.880687,20875,625,06-JAN-2025
OPTSTK,JKCEMENT,27-Feb-2025,2025-02-27,4550.00,CE,0.00,0.00,0.00,299.80,301.20,0,0.00,0,0,06-JAN-2025
OPTSTK,RECLTD,27-Mar-2025,2025-03-27,520.00,CE,0.00,0.00,0.00,30.00,43.90,0,0.00,1000,0,06-JAN-2025
OPTSTK,BIOCON,27-Feb-2025,2025-02-27,345.00,PE,0.00,0.00,0.00,21.00,11.30,0,0.00,0,0,06-JAN-2025
OPTSTK,BIOCON,27-Feb-2025,2025-02-27,345.00,CE,0.00,0.00,0.00,26.75,27.75,0,0.00,0,0,06-JAN-2025
OPTSTK,BAJAJ-AUTO,27-Feb-2025,2025-02-27,9000.00,CE,435.00,435.00,308.00,308.00,329.70,21,147.80385,2850,975,06-JAN-2025
OPTSTK,BAJAJ-AUTO,30-Jan-2025,2025-01-30,9000.00,PE,209.05,338.00,181.30,324.45,324.45,2286,15864.6741,99300,225,06-JAN-2025
OPTSTK,BAJAJ-AUTO,30-Jan-2025,2025-01-30,9000.00,CE,254.00,312.40,173.60,182.55,182.55,4771,33067.5095,137550,-2850,06-JAN-2025
OPTSTK,BAJAJ-AUTO,27-Mar-2025,2025-03-27,7800.00,CE,0.00,0.00,0.00,1361.25,1218.90,0,0.00,0,0,06-JAN-2025
OPTSTK,BAJAJ-AUTO,27-Feb-2025,2025-02-27,7600.00,PE,0.00,0.00,0.00,96.75,24.75,0,0.00,0,0,06-JAN-2025
OPTSTK,BAJAJ-AUTO,30-Jan-2025,2025-01-30,9600.00,PE,577.60,694.65,568.80,694.65,777.50,23,175.6347,975,750,06-JAN-2025
OPTSTK,BAJAJ-AUTO,27-Mar-2025,2025-03-27,9600.00,PE,0.00,0.00,0.00,921.20,859.95,0,0.00,0,0,06-JAN-2025
OPTSTK,BAJAJ-AUTO,27-Feb-2025,2025-02-27,8100.00,PE,0.00,0.00,0.00,152.95,88.60,0,0.00,0,0,06-JAN-2025
OPTSTK,BAJAJ-AUTO,27-Feb-2025,2025-02-27,10000.00,CE,98.50,102.00,58.65,64.30,68.25,43,325.154512,6000,450,06-JAN-2025
OPTSTK,BAJAJ-AUTO,30-Jan-2025,2025-01-30,10800.00,CE,6.25,6.30,4.90,4.90,4.90,8,64.833375,3750,-150,06-JAN-2025
OPTSTK,BAJAJ-AUTO,27-Feb-2025,2025-02-27,8400.00,CE,0.00,0.00,0.00,1049.75,667.25,0,0.00,0,0,06-JAN-2025
OPTSTK,BAJAJ-AUTO,30-Jan-2025,2025-01-30,10300.00,CE,15.55,16.60,8.30,9.80,9.80,407,3148.20356,9225,-1875,06-JAN-2025
FUTSTK,BAJAJ-AUTO,30-Jan-2025,2025-01-30,,,9023.45,9130.00,8830.15,8853.20,8853.20,8932,60021.0572,3475650,27000,06-JAN-2025
OPTSTK,BAJAJ-AUTO,30-Jan-2025,2025-01-30,8800.00,PE,155.40,232.10,111.55,222.25,222.25,3172,21368.7862,88950,3525,06-JAN-2025
OPTSTK,BAJAJ-AUTO,27-Feb-2025,2025-02-27,9500.00,CE,199.55,199.55,127.25,127.25,159.65,7,50.7868125,4650,150,06-JAN-2025
OPTSTK,BAJAJ-AUTO,30-Jan-2025,2025-01-30,9500.00,CE,80.00,107.00,54.00,56.40,56.40,4459,32037.9951,175275,22575,06-JAN-2025
OPTSTK,BAJAJ-AUTO,30-Jan-2025,2025-01-30,9500.00,PE,509.75,630.85,475.00,630.85,691.95,39,292.818525,15300,-900,06-JAN-2025
OPTSTK,BAJAJ-AUTO,27-Feb-2025,2025-02-27,9500.00,PE,0.00,0.00,0.00,795.50,744.90,0,0.00,0,0,06-JAN-2025
OPTSTK,BAJAJ-AUTO,27-Mar-2025,2025-03-27,9400.00,PE,0.00,0.00,0.00,794.00,722.60,0,0.00,0,0,06-JAN-2025
OPTSTK,BAJAJ-AUTO,30-Jan-2025,2025-01-30,9400.00,PE,530.95,530.95,530.60,530.60,609.95,2,14.8961625,8025,0,06-JAN-2025
OPTSTK,BAJAJ-AUTO,27-Mar-2025,2025-03-27,9400.00,CE,0.00,0.00,0.00,442.25,284.50,0,0.00,0,0,06-JAN-2025
OPTSTK,BAJAJ-AUTO,30-Jan-2025,2025-01-30,9300.00,PE,366.45,545.45,349.80,545.45,532.00,59,428.954662,18675,-1050,06-JAN-2025
OPTSTK,BAJAJ-AUTO,27-Feb-2025,2025-02-27,9300.00,CE,0.00,0.00,0.00,361.95,216.65,0,0.00,0,0,06-JAN-2025
OPTSTK,BAJAJ-AUTO,27-Feb-2025,2025-02-27,9800.00,CE,130.00,130.00,130.00,130.00,97.30,1,7.4475,75,0,06-JAN-2025
OPTSTK,BAJAJ-AUTO,30-Jan-2025,2025-01-30,9800.00,CE,46.90,52.00,25.70,27.50,27.50,1014,7480.032,42600,5550,06-JAN-2025
OPTSTK,EICHERMOT,30-Jan-2025,2025-01-30,5750.00,CE,21.80,22.85,12.65,15.40,15.40,504,5085.30907,32900,11025,06-JAN-2025
OPTSTK,EICHERMOT,27-Feb-2025,2025-02-27,5750.00,PE,0.00,0.00,0.00,902.45,507.75,0,0.00,0,0,06-JAN-2025
OPTSTK,TORNTPHARM,27-Feb-2025,2025-02-27,3900.00,CE,0.00,0.00,0.00,25.45,7.35,0,0.00,0,0,06-JAN-2025
OPTSTK,KEI,30-Jan-2025,2025-01-30,3900.00,CE,0.00,0.00,0.00,592.75,407.20,0,0.00,0,0,06-JAN-2025
OPTSTK,TORNTPHARM,30-Jan-2025,2025-01-30,3900.00,CE,2.45,4.90,2.45,4.60,4.60,26,253.754125,7750,-2500,06-JAN-2025
OPTSTK,KEI,30-Jan-2025,2025-01-30,3900.00,PE,38.30,54.95,38.30,45.65,45.65,38,224.754975,16650,-1350,06-JAN-2025
OPTSTK,KEI,30-Jan-2025,2025-01-30,4500.00,PE,236.90,330.95,236.50,330.95,304.25,12,86.31885,3150,-150,06-JAN-2025
OPTSTK,KEI,27-Feb-2025,2025-02-27,4500.00,CE,0.00,0.00,0.00,269.30,157.65,0,0.00,0,0,06-JAN-2025
OPTSTK,TORNTPHARM,30-Jan-2025,2025-01-30,3450.00,CE,73.80,76.75,53.45,58.05,58.05,141,1238.07275,48000,0,06-JAN-2025
OPTSTK,TORNTPHARM,27-Feb-2025,2025-02-27,3450.00,PE,0.00,0.00,0.00,152.40,146.45,0,0.00,0,0,06-JAN-2025
OPTSTK,TORNTPHARM,30-Jan-2025,2025-01-30,2800.00,CE,0.00,0.00,0.00,618.00,575.25,0,0.00,250,0,06-JAN-2025
OPTSTK,TORNTPHARM,27-Feb-2025,2025-02-27,3700.00,CE,0.00,0.00,0.00,50.75,25.90,0,0.00,0,0,06-JAN-2025
OPTSTK,KEI,30-Jan-2025,2025-01-30,4700.00,CE,38.60,38.70,27.00,31.35,31.35,90,638.914125,13200,-1350,06-JAN-2025
OPTSTK,EICHERMOT,27-Feb-2025,2025-02-27,4700.00,PE,0.00,0.00,0.00,199.40,26.75,0,0.00,0,0,06-JAN-2025
OPTSTK,KEI,30-Jan-2025,2025-01-30,4700.00,PE,481.85,486.70,481.85,486.70,461.55,2,15.552825,300,300,06-JAN-2025
OPTSTK,EICHERMOT,27-Feb-2025,2025-02-27,4550.00,CE,0.00,0.00,0.00,415.05,756.55,0,0.00,0,0,06-JAN-2025
OPTSTK,EICHERMOT,27-Feb-2025,2025-02-27,5350.00,CE,201.00,201.00,165.00,165.00,185.15,10,96.94475,2275,525,06-JAN-2025
OPTSTK,EICHERMOT,30-Jan-2025,2025-01-30,5350.00,CE,117.00,136.90,72.65,94.55,94.55,1195,11400.8052,71925,3850,06-JAN-2025
OPTSTK,EICHERMOT,30-Jan-2025,2025-01-30,4550.00,PE,5.95,6.85,4.50,5.85,5.85,86,685.606687,14875,875,06-JAN-2025
OPTSTK,EICHERMOT,30-Jan-2025,2025-01-30,4550.00,CE,0.00,0.00,0.00,432.50,721.90,0,0.00,0,0,06-JAN-2025
OPTSTK,TORNTPHARM,27-Mar-2025,2025-03-27,2800.00,CE,0.00,0.00,0.00,683.20,608.15,0,0.00,0,0,06-JAN-2025
OPTSTK,KEI,30-Jan-2025,2025-01-30,3600.00,PE,7.00,17.05,6.90,14.45,14.45,422,2286.75097,18450,14550,06-JAN-2025
FUTSTK,EICHERMOT,27-Mar-2025,2025-03-27,,,5430.00,5430.00,5284.00,5332.20,5332.20,38,354.777237,10850,-2100,06-JAN-2025
OPTSTK,EICHERMOT,30-Jan-2025,2025-01-30,4400.00,PE,2.05,4.05,2.05,3.30,3.30,155,1194.41332,60200,-11550,06-JAN-2025
OPTSTK,TORNTPHARM,27-Mar-2025,2025-03-27,3400.00,CE,0.00,0.00,0.00,234.10,150.60,0,0.00,0,0,06-JAN-2025
OPTSTK,EICHERMOT,27-Mar-2025,2025-03-27,6000.00,PE,0.00,0.00,0.00,1120.55,722.70,0,0.00,0,0,06-JAN-2025
OPTSTK,KEI,27-Mar-2025,2025-03-27,4800.00,CE,0.00,0.00,0.00,238.40,132.05,0,0.00,0,0,06-JAN-2025
OPTSTK,EICHERMOT,30-Jan-2025,2025-01-30,6000.00,PE,0.00,0.00,0.00,1037.85,727.35,0,0.00,0,0,06-JAN-2025
OPTSTK,EICHERMOT,30-Jan-2025,2025-01-30,4800.00,PE,13.20,20.55,11.55,16.15,16.15,2303,19407.4314,222075,-21700,06-JAN-2025
OPTSTK,EICHERMOT,27-Feb-2025,2025-02-27,5600.00,CE,0.00,0.00,0.00,84.80,97.20,0,0.00,0,0,06-JAN-2025
OPTSTK,EICHERMOT,30-Jan-2025,2025-01-30,4850.00,CE,0.00,0.00,0.00,461.20,439.00,0,0.00,24850,0,06-JAN-2025
OPTSTK,DIVISLAB,27-Feb-2025,2025-02-27,6500.00,CE,0.00,0.00,0.00,202.60,58.05,0,0.00,0,0,06-JAN-2025
OPTSTK,DIVISLAB,30-Jan-2025,2025-01-30,6500.00,CE,34.15,34.15,16.20,18.00,18.00,1644,10718.2073,80500,-31500,06-JAN-2025
OPTSTK,DIVISLAB,30-Jan-2025,2025-01-30,6500.00,PE,0.00,0.00,0.00,356.00,593.65,0,0.00,2100,0,06-JAN-2025
OPTSTK,DIVISLAB,27-Mar-2025,2025-03-27,6500.00,PE,0.00,0.00,0.00,672.45,619.00,0,0.00,0,0,06-JAN-2025
OPTSTK,DIVISLAB,30-Jan-2025,2025-01-30,6550.00,PE,0.00,0.00,0.00,641.05,640.20,0,0.00,0,0,06-JAN-2025
OPTSTK,DIVISLAB,27-Mar-2025,2025-03-27,5900.00,CE,0.00,0.00,0.00,404.15,320.95,0,0.00,0,0,06-JAN-2025
OPTSTK,DIVISLAB,30-Jan-2025,2025-01-30,5900.00,PE,90.00,164.75,90.00,150.80,150.80,2015,12159.8396,49100,-3700,06-JAN-2025
FUTSTK,DIVISLAB,27-Mar-2025,2025-03-27,,,6053.75,6053.75,5950.05,5967.90,5967.90,45,270.0862,3300,500,06-JAN-2025
OPTSTK,DIVISLAB,30-Jan-2025,2025-01-30,5750.00,CE,274.00,280.30,226.55,249.50,249.50,43,258.22,2600,1300,06-JAN-2025
OPTSTK,DIVISLAB,27-Mar-2025,2025-03-27,6300.00,CE,0.00,0.00,0.00,236.95,158.55,0,0.00,0,0,06-JAN-2025
OPTSTK,DIVISLAB,30-Jan-2025,2025-01-30,6300.00,CE,70.30,70.30,33.40,37.85,37.85,1186,7521.30775,73000,12700,06-JAN-2025
OPTSTK,DIVISLAB,30-Jan-2025,2025-01-30,6650.00,PE,0.00,0.00,0.00,717.85,735.20,0,0.00,0,0,06-JAN-2025
OPTSTK,DIVISLAB,27-Feb-2025,2025-02-27,6650.00,PE,0.00,0.00,0.00,765.30,732.05,0,0.00,0,0,06-JAN-2025
OPTSTK,DIVISLAB,27-Mar-2025,2025-03-27,5500.00,PE,0.00,0.00,0.00,153.70,97.45,0,0.00,0,0,06-JAN-2025
OPTSTK,DIVISLAB,27-Feb-2025,2025-02-27,5450.00,CE,0.00,0.00,0.00,606.50,548.10,0,0.00,0,0,06-JAN-2025
OPTSTK,DIVISLAB,27-Feb-2025,2025-02-27,6350.00,PE,0.00,0.00,0.00,536.95,485.40,0,0.00,0,0,06-JAN-2025
OPTSTK,DIVISLAB,30-Jan-2025,2025-01-30,6350.00,CE,56.05,56.05,27.25,30.80,30.80,364,2324.05155,18000,3100,06-JAN-2025
OPTSTK,DIVISLAB,30-Jan-2025,2025-01-30,5550.00,PE,32.00,45.55,32.00,41.75,41.75,11,61.50335,4100,100,06-JAN-2025
OPTSTK,DIVISLAB,27-Feb-2025,2025-02-27,5000.00,PE,0.00,0.00,0.00,42.80,7.55,0,0.00,0,0,06-JAN-2025
OPTSTK,DIVISLAB,27-Feb-2025,2025-02-27,5800.00,CE,0.00,0.00,0.00,501.45,305.70,0,0.00,0,0,06-JAN-2025
OPTSTK,DIVISLAB,30-Jan-2025,2025-01-30,5800.00,CE,272.00,272.00,190.10,215.65,215.65,802,4832.121,27900,7700,06-JAN-2025
OPTSTK,DIVISLAB,27-Feb-2025,2025-02-27,6600.00,CE,0.00,0.00,0.00,174.95,43.35,0,0.00,0,0,06-JAN-2025
OPTSTK,DIVISLAB,30-Jan-2025,2025-01-30,6050.00,CE,140.15,145.65,83.15,94.60,94.60,681,4192.3203,21100,6200,06-JAN-2025
OPTSTK,DIVISLAB,27-Feb-2025,2025-02-27,6050.00,PE,0.00,0.00,0.00,346.20,283.05,0,0.00,0,0,06-JAN-2025
OPTSTK,DIVISLAB,27-Feb-2025,2025-02-27,6050.00,CE,0.00,0.00,0.00,258.80,182.55,0,0.00,0,0,06-JAN-2025
OPTSTK,DIVISLAB,30-Jan-2025,2025-01-30,6400.00,PE,0.00,0.00,0.00,266.25,503.05,0,0.00,400,0,06-JAN-2025
OPTSTK,DIVISLAB,27-Feb-2025,2025-02-27,5000.00,CE,0.00,0.00,0.00,1084.80,947.00,0,0.00,0,0,06-JAN-2025
OPTSTK,DIVISLAB,27-Mar-2025,2025-03-27,5000.00,CE,0.00,0.00,0.00,1024.35,984.40,0,0.00,0,0,06-JAN-2025
OPTSTK,DIVISLAB,30-Jan-2025,2025-01-30,6400.00,CE,40.05,40.05,22.65,26.25,26.25,818,5258.0186,45900,2900,06-JAN-2025
OPTSTK,DIVISLAB,27-Feb-2025,2025-02-27,6400.00,PE,0.00,0.00,0.00,566.40,523.90,0,0.00,0,0,06-JAN-2025
OPTSTK,DIVISLAB,27-Feb-2025,2025-02-27,6600.00,PE,0.00,0.00,0.00,704.15,688.60,0,0.00,0,0,06-JAN-2025
OPTSTK,DIVISLAB,27-Mar-2025,2025-03-27,6000.00,PE,0.00,0.00,0.00,361.00,292.70,0,0.00,0,0,06-JAN-2025
OPTSTK,HUDCO,30-Jan-2025,2025-01-30,280.00,PE,30.15,40.40,30.15,39.35,42.00,15,113.888912,63050,7275,06-JAN-2025
OPTSTK,UBL,30-Jan-2025,2025-01-30,2340.00,CE,0.00,0.00,0.00,7.95,1.50,0,0.00,0,0,06-JAN-2025
OPTSTK,UBL,30-Jan-2025,2025-01-30,2340.00,PE,0.00,0.00,0.00,385.30,255.40,0,0.00,0,0,06-JAN-2025
OPTSTK,UBL,30-Jan-2025,2025-01-30,2020.00,CE,94.35,94.35,94.35,94.35,88.60,1,8.4574,20800,-400,06-JAN-2025
OPTSTK,UBL,27-Feb-2025,2025-02-27,2020.00,PE,0.00,0.00,0.00,84.25,41.45,0,0.00,0,0,06-JAN-2025
OPTSTK,UBL,30-Jan-2025,2025-01-30,1900.00,PE,3.55,9.10,3.55,8.90,8.90,70,533.9318,34000,800,06-JAN-2025
OPTSTK,HUDCO,27-Feb-2025,2025-02-27,255.00,PE,0.00,0.00,0.00,40.00,27.50,0,0.00,0,0,06-JAN-2025
OPTSTK,HUDCO,27-Mar-2025,2025-03-27,200.00,PE,0.00,0.00,0.00,14.85,7.10,0,0.00,0,0,06-JAN-2025
OPTSTK,HUDCO,27-Feb-2025,2025-02-27,200.00,CE,0.00,0.00,0.00,46.75,45.50,0,0.00,0,0,06-JAN-2025
OPTSTK,HUDCO,30-Jan-2025,2025-01-30,190.00,CE,0.00,0.00,0.00,48.50,50.65,0,0.00,0,0,06-JAN-2025
OPTSTK,HUDCO,30-Jan-2025,2025-01-30,190.00,PE,0.30,0.80,0.25,0.70,0.70,39,180.329062,126100,33950,06-JAN-2025
OPTSTK,HUDCO,27-Feb-2025,2025-02-27,190.00,CE,0.00,0.00,0.00,53.00,53.70,0,0.00,0,0,06-JAN-2025
OPTSTK,HUDCO,30-Jan-2025,2025-01-30,200.00,CE,54.10,54.10,48.40,48.40,41.50,2,12.185625,19400,0,06-JAN-2025
OPTSTK,HUDCO,27-Feb-2025,2025-02-27,200.00,PE,0.00,0.00,0.00,15.45,4.35,0,0.00,0,0,06-JAN-2025
OPTSTK,HUDCO,27-Feb-2025,2025-02-27,270.00,CE,0.00,0.00,0.00,17.60,9.65,0,0.00,0,0,06-JAN-2025
OPTSTK,UBL,27-Feb-2025,2025-02-27,1860.00,PE,0.00,0.00,0.00,27.85,7.50,0,0.00,0,0,06-JAN-2025
OPTSTK,UBL,30-Jan-2025,2025-01-30,1860.00,PE,0.00,0.00,0.00,6.75,1.40,0,0.00,2800,0,06-JAN-2025
OPTSTK,UBL,30-Jan-2025,2025-01-30,2080.00,CE,58.95,60.15,43.25,49.80,49.80,47,401.058,39200,1600,06-JAN-2025
OPTSTK,UBL,27-Feb-2025,2025-02-27,1980.00,PE,0.00,0.00,0.00,66.25,28.90,0,0.00,0,0,06-JAN-2025
OPTSTK,UBL,30-Jan-2025,2025-01-30,1980.00,PE,11.70,23.15,11.60,21.60,21.60,32,255.7442,12400,400,06-JAN-2025
OPTSTK,HUDCO,30-Jan-2025,2025-01-30,240.00,PE,6.80,11.95,4.90,10.65,10.65,1357,8167.07747,1321625,424375,06-JAN-2025
OPTSTK,HUDCO,30-Jan-2025,2025-01-30,240.00,CE,14.50,19.00,10.20,11.35,11.35,1138,6988.87303,1234325,109125,06-JAN-2025
FUTSTK,UBL,30-Jan-2025,2025-01-30,,,2117.00,2130.00,2055.60,2068.25,2068.25,1141,9518.8498,1390000,-23200,06-JAN-2025
OPTSTK,HUDCO,27-Feb-2025,2025-02-27,215.00,PE,0.00,0.00,0.00,17.10,8.25,0,0.00,0,0,06-JAN-2025
OPTSTK,UBL,27-Feb-2025,2025-02-27,1860.00,CE,0.00,0.00,0.00,206.25,241.05,0,0.00,0,0,06-JAN-2025
OPTSTK,UBL,27-Feb-2025,2025-02-27,1980.00,CE,0.00,0.00,0.00,126.20,143.60,0,0.00,0,0,06-JAN-2025
OPTSTK,HUDCO,27-Feb-2025,2025-02-27,260.00,PE,0.00,0.00,0.00,48.05,30.75,0,0.00,0,0,06-JAN-2025
OPTSTK,UBL,27-Feb-2025,2025-02-27,2040.00,CE,0.00,0.00,0.00,82.40,104.20,0,0.00,0,0,06-JAN-2025
OPTSTK,HUDCO,27-Mar-2025,2025-03-27,220.00,CE,0.00,0.00,0.00,35.15,36.10,0,0.00,0,0,06-JAN-2025
OPTSTK,HUDCO,27-Mar-2025,2025-03-27,220.00,PE,0.00,0.00,0.00,23.60,13.60,0,0.00,0,0,06-JAN-2025
OPTSTK,HUDCO,30-Jan-2025,2025-01-30,220.00,PE,1.70,4.35,1.40,3.75,3.75,669,3614.0939,819650,174600,06-JAN-2025
OPTSTK,UBL,27-Feb-2025,2025-02-27,2140.00,PE,0.00,0.00,0.00,153.70,98.95,0,0.00,0,0,06-JAN-2025
OPTSTK,UBL,27-Feb-2025,2025-02-27,2140.00,CE,0.00,0.00,0.00,55.60,55.20,0,0.00,0,0,06-JAN-2025
OPTSTK,HDFCAMC,27-Feb-2025,2025-02-27,4800.00,PE,0.00,0.00,0.00,646.55,674.75,0,0.00,0,0,06-JAN-2025
OPTSTK,HDFCAMC,30-Jan-2025,2025-01-30,4800.00,CE,8.20,8.20,4.00,6.00,6.00,168,1210.90777,17550,-2100,06-JAN-2025
OPTSTK,GODREJCP,30-Jan-2025,2025-01-30,1400.00,PE,0.00,0.00,0.00,320.00,252.00,0,0.00,1000,0,06-JAN-2025
OPTSTK,GODREJCP,30-Jan-2025,2025-01-30,1320.00,CE,1.30,2.60,0.40,1.20,1.20,178,1176.54025,25500,19500,06-JAN-2025
OPTSTK,GODREJCP,27-Feb-2025,2025-02-27,1220.00,PE,0.00,0.00,0.00,149.15,87.65,0,0.00,0,0,06-JAN-2025
OPTSTK,GODREJCP,27-Mar-2025,2025-03-27,1220.00,PE,0.00,0.00,0.00,152.65,93.35,0,0.00,0,0,06-JAN-2025
OPTSTK,HDFCAMC,30-Jan-2025,2025-01-30,4550.00,PE,0.00,0.00,0.00,437.80,442.50,0,0.00,0,0,06-JAN-2025
OPTSTK,GODREJCP,30-Jan-2025,2025-01-30,1190.00,CE,7.35,23.40,6.95,15.25,15.25,854,5148.96375,107500,66500,06-JAN-2025
OPTSTK,GODREJCP,27-Mar-2025,2025-03-27,1240.00,CE,0.00,0.00,0.00,21.85,27.30,0,0.00,0,0,06-JAN-2025
OPTSTK,GODREJCP,27-Feb-2025,2025-02-27,1240.00,PE,0.00,0.00,0.00,59.45,102.65,0,0.00,0,0,06-JAN-2025
OPTSTK,INDUSINDBK,27-Feb-2025,2025-02-27,860.00,CE,0.00,0.00,0.00,109.10,127.05,0,0.00,0,0,06-JAN-2025
OPTSTK,INDUSINDBK,30-Jan-2025,2025-01-30,860.00,PE,3.00,6.50,2.80,5.35,5.35,743,3212.07825,279500,3000,06-JAN-2025
OPTSTK,INDUSINDBK,30-Jan-2025,2025-01-30,860.00,CE,136.15,139.40,113.45,113.45,116.30,33,162.801,47000,-10000,06-JAN-2025
OPTSTK,HDFCAMC,27-Mar-2025,2025-03-27,4600.00,CE,0.00,0.00,0.00,214.90,91.50,0,0.00,0,0,06-JAN-2025
OPTSTK,INDUSINDBK,27-Feb-2025,2025-02-27,920.00,CE,0.00,0.00,0.00,113.50,82.05,0,0.00,2000,0,06-JAN-2025
OPTSTK,HDFCAMC,27-Feb-2025,2025-02-27,4350.00,PE,0.00,0.00,0.00,275.95,314.05,0,0.00,0,0,06-JAN-2025
OPTSTK,INDUSINDBK,27-Feb-2025,2025-02-27,820.00,CE,0.00,0.00,0.00,138.05,161.80,0,0.00,0,0,06-JAN-2025
OPTSTK,INDUSINDBK,27-Feb-2025,2025-02-27,820.00,PE,0.00,0.00,0.00,15.85,3.90,0,0.00,0,0,06-JAN-2025
OPTSTK,HDFCAMC,27-Mar-2025,2025-03-27,3800.00,PE,0.00,0.00,0.00,100.60,90.25,0,0.00,0,0,06-JAN-2025
OPTSTK,INDUSINDBK,30-Jan-2025,2025-01-30,820.00,CE,0.00,0.00,0.00,152.00,154.25,0,0.00,0,0,06-JAN-2025
OPTSTK,INDUSINDBK,27-Feb-2025,2025-02-27,890.00,PE,0.00,0.00,0.00,36.85,14.75,0,0.00,0,0,06-JAN-2025
OPTSTK,INDUSINDBK,27-Feb-2025,2025-02-27,890.00,CE,0.00,0.00,0.00,89.95,103.30,0,0.00,0,0,06-JAN-2025
OPTSTK,HDFCAMC,27-Feb-2025,2025-02-27,3800.00,PE,0.00,0.00,0.00,119.10,60.80,0,0.00,0,0,06-JAN-2025
OPTSTK,GODREJCP,30-Jan-2025,2025-01-30,1180.00,CE,9.60,27.00,8.50,17.95,17.95,1888,11305.045,131000,74500,06-JAN-2025
OPTSTK,GODREJCP,27-Feb-2025,2025-02-27,1180.00,PE,0.00,0.00,0.00,117.80,61.05,0,0.00,0,0,06-JAN-2025
OPTSTK,GODREJCP,27-Mar-2025,2025-03-27,1180.00,PE,0.00,0.00,0.00,123.10,68.40,0,0.00,0,0,06-JAN-2025
OPTSTK,GODREJCP,27-Feb-2025,2025-02-27,1180.00,CE,0.00,0.00,0.00,23.80,34.20,0,0.00,0,0,06-JAN-2025
OPTSTK,GODREJCP,27-Mar-2025,2025-03-27,1180.00,CE,0.00,0.00,0.00,35.65,47.55,0,0.00,0,0,06-JAN-2025
OPTSTK,GODREJCP,30-Jan-2025,2025-01-30,1180.00,PE,55.75,55.75,48.05,54.25,54.25,15,92.49575,5000,3000,06-JAN-2025
OPTSTK,GODREJCP,27-Mar-2025,2025-03-27,1140.00,PE,0.00,0.00,0.00,96.45,47.60,0,0.00,0,0,06-JAN-2025
OPTSTK,GODREJCP,27-Mar-2025,2025-03-27,1140.00,CE,0.00,0.00,0.00,48.25,66.20,0,0.00,0,0,06-JAN-2025
OPTSTK,INDUSINDBK,30-Jan-2025,2025-01-30,950.00,PE,15.35,28.10,14.25,24.95,24.95,1872,9092.276,515500,61000,06-JAN-2025
OPTSTK,SHRIRAMFIN,27-Feb-2025,2025-02-27,3450.00,CE,0.00,0.00,0.00,54.35,29.10,0,0.00,0,0,06-JAN-2025
OPTSTK,SHRIRAMFIN,27-Feb-2025,2025-02-27,3000.00,CE,161.10,161.10,143.00,145.70,145.70,5,23.64915,3150,150,06-JAN-2025
OPTSTK,SHRIRAMFIN,30-Jan-2025,2025-01-30,2800.00,PE,19.95,45.40,18.70,42.30,42.30,986,4193.394,81750,-10200,06-JAN-2025
OPTSTK,SIEMENS,30-Jan-2025,2025-01-30,5400.00,CE,0.00,0.00,0.00,1712.50,1099.75,0,0.00,0,0,06-JAN-2025
OPTSTK,SHRIRAMFIN,27-Feb-2025,2025-02-27,2750.00,CE,0.00,0.00,0.00,314.70,301.30,0,0.00,0,0,06-JAN-2025
OPTSTK,SHRIRAMFIN,30-Jan-2025,2025-01-30,2750.00,CE,262.90,284.40,258.00,258.00,258.00,9,40.79055,2550,-150,06-JAN-2025
OPTSTK,SHRIRAMFIN,30-Jan-2025,2025-01-30,2750.00,PE,15.50,32.90,14.90,31.25,31.25,299,1244.95072,48900,3750,06-JAN-2025
OPTSTK,SHRIRAMFIN,27-Feb-2025,2025-02-27,2750.00,PE,0.00,0.00,0.00,103.35,55.45,0,0.00,0,0,06-JAN-2025
OPTSTK,SHRIRAMFIN,27-Feb-2025,2025-02-27,2950.00,CE,0.00,0.00,0.00,204.45,177.05,0,0.00,0,0,06-JAN-2025
OPTSTK,SIEMENS,27-Feb-2025,2025-02-27,5900.00,PE,0.00,0.00,0.00,115.75,90.70,0,0.00,0,0,06-JAN-2025
OPTSTK,SIEMENS,30-Jan-2025,2025-01-30,5900.00,CE,0.00,0.00,0.00,1624.35,632.90,0,0.00,0,0,06-JAN-2025
OPTSTK,SHRIRAMFIN,30-Jan-2025,2025-01-30,3600.00,CE,7.80,7.80,3.55,3.75,3.75,170,919.088625,40200,-2700,06-JAN-2025
OPTSTK,SHRIRAMFIN,30-Jan-2025,2025-01-30,3600.00,PE,0.00,0.00,0.00,519.95,616.20,0,0.00,0,0,06-JAN-2025
FUTSTK,SIEMENS,30-Jan-2025,2025-01-30,,,6622.10,6654.00,6433.60,6476.60,6476.60,5178,25382.0437,2032200,1500,06-JAN-2025
OPTSTK,SHRIRAMFIN,27-Feb-2025,2025-02-27,2400.00,PE,0.00,0.00,0.00,7.90,6.00,0,0.00,300,0,06-JAN-2025
OPTSTK,SHRIRAMFIN,27-Feb-2025,2025-02-27,2400.00,CE,0.00,0.00,0.00,715.35,598.45,0,0.00,0,0,06-JAN-2025
OPTSTK,SHRIRAMFIN,27-Feb-2025,2025-02-27,3200.00,PE,0.00,0.00,0.00,238.50,277.90,0,0.00,150,0,06-JAN-2025
OPTSTK,SHRIRAMFIN,27-Mar-2025,2025-03-27,3200.00,PE,0.00,0.00,0.00,368.85,301.05,0,0.00,0,0,06-JAN-2025
OPTSTK,SHRIRAMFIN,27-Mar-2025,2025-03-27,3200.00,CE,0.00,0.00,0.00,153.55,117.55,0,0.00,0,0,06-JAN-2025
OPTSTK,SHRIRAMFIN,27-Feb-2025,2025-02-27,2800.00,PE,0.00,0.00,0.00,81.00,70.20,0,0.00,150,0,06-JAN-2025
OPTSTK,SIEMENS,27-Feb-2025,2025-02-27,6600.00,CE,377.00,377.00,260.05,274.00,274.00,11,56.901,375,75,06-JAN-2025
OPTSTK,SIEMENS,30-Jan-2025,2025-01-30,6600.00,CE,219.75,219.90,141.55,154.75,154.75,1541,7836.21588,68025,9300,06-JAN-2025
OPTSTK,SIEMENS,30-Jan-2025,2025-01-30,5200.00,CE,0.00,0.00,0.00,1894.10,1296.90,0,0.00,0,0,06-JAN-2025
OPTSTK,SHRIRAMFIN,27-Feb-2025,2025-02-27,2700.00,CE,0.00,0.00,0.00,480.15,338.40,0,0.00,0,0,06-JAN-2025
OPTSTK,SHRIRAMFIN,27-Feb-2025,2025-02-27,3400.00,PE,0.00,0.00,0.00,435.00,433.90,0,0.00,0,0,06-JAN-2025
OPTSTK,SIEMENS,27-Feb-2025,2025-02-27,6400.00,CE,0.00,0.00,0.00,1277.15,392.95,0,0.00,0,0,06-JAN-2025
OPTSTK,SIEMENS,27-Mar-2025,2025-03-27,6400.00,PE,0.00,0.00,0.00,334.25,319.25,0,0.00,0,0,06-JAN-2025
OPTSTK,SHRIRAMFIN,30-Jan-2025,2025-01-30,3550.00,CE,0.00,0.00,0.00,72.55,2.55,0,0.00,150,0,06-JAN-2025
OPTSTK,SHRIRAMFIN,27-Mar-2025,2025-03-27,3500.00,PE,0.00,0.00,0.00,589.25,527.65,0,0.00,0,0,06-JAN-2025
OPTSTK,SHRIRAMFIN,27-Feb-2025,2025-02-27,3500.00,CE,0.00,0.00,0.00,113.95,23.45,0,0.00,0,0,06-JAN-2025
OPTSTK,SHRIRAMFIN,30-Jan-2025,2025-01-30,3500.00,PE,0.00,0.00,0.00,448.35,518.85,0,0.00,0,0,06-JAN-2025
OPTSTK,SIEMENS,27-Feb-2025,2025-02-27,5800.00,CE,0.00,0.00,0.00,1773.50,798.90,0,0.00,0,0,06-JAN-2025
OPTSTK,BRITANNIA,27-Feb-2025,2025-02-27,4250.00,PE,0.00,0.00,0.00,27.70,7.90,0,0.00,0,0,06-JAN-2025
OPTSTK,BRITANNIA,30-Jan-2025,2025-01-30,4250.00,PE,0.00,0.00,0.00,15.75,0.90,0,0.00,0,0,06-JAN-2025
OPTSTK,BRITANNIA,27-Feb-2025,2025-02-27,4250.00,CE,0.00,0.00,0.00,592.65,589.80,0,0.00,0,0,06-JAN-2025
OPTSTK,BRITANNIA,27-Feb-2025,2025-02-27,4800.00,PE,150.00,155.00,149.35,155.00,134.00,3,14.85435,2500,200,06-JAN-2025
OPTSTK,BRITANNIA,27-Mar-2025,2025-03-27,4800.00,CE,0.00,0.00,0.00,260.00,220.35,0,0.00,200,0,06-JAN-2025
OPTSTK,BRITANNIA,30-Jan-2025,2025-01-30,5050.00,PE,0.00,0.00,0.00,228.45,263.65,0,0.00,1800,0,06-JAN-2025
OPTSTK,BRITANNIA,27-Feb-2025,2025-02-27,4450.00,PE,0.00,0.00,0.00,63.70,27.90,0,0.00,0,0,06-JAN-2025
OPTSTK,BRITANNIA,30-Jan-2025,2025-01-30,4650.00,CE,232.90,232.90,217.75,217.75,202.55,3,14.62445,5400,-200,06-JAN-2025
OPTSTK,BRITANNIA,27-Feb-2025,2025-02-27,4650.00,PE,0.00,0.00,0.00,125.35,74.60,0,0.00,0,0,06-JAN-2025
OPTSTK,BRITANNIA,27-Feb-2025,2025-02-27,4650.00,CE,0.00,0.00,0.00,295.30,260.35,0,0.00,0,0,06-JAN-2025
OPTSTK,BRITANNIA,30-Jan-2025,2025-01-30,4950.00,PE,153.95,195.50,150.60,193.80,193.80,148,758.55765,9200,900,06-JAN-2025
OPTSTK,BRITANNIA,27-Feb-2025,2025-02-27,4950.00,CE,0.00,0.00,0.00,148.20,104.90,0,0.00,0,0,06-JAN-2025
OPTSTK,BRITANNIA,27-Mar-2025,2025-03-27,4000.00,PE,0.00,0.00,0.00,16.25,3.90,0,0.00,0,0,06-JAN-2025
OPTSTK,BRITANNIA,27-Feb-2025,2025-02-27,4700.00,CE,0.00,0.00,0.00,432.90,228.15,0,0.00,0,0,06-JAN-2025
OPTSTK,BRITANNIA,27-Feb-2025,2025-02-27,5150.00,PE,0.00,0.00,0.00,410.05,358.15,0,0.00,0,0,06-JAN-2025
OPTSTK,BRITANNIA,27-Feb-2025,2025-02-27,5400.00,CE,0.00,0.00,0.00,119.00,15.50,0,0.00,0,0,06-JAN-2025
OPTSTK,BRITANNIA,27-Feb-2025,2025-02-27,5200.00,PE,0.00,0.00,0.00,363.10,398.35,0,0.00,0,0,06-JAN-2025
OPTSTK,BRITANNIA,30-Jan-2025,2025-01-30,5100.00,PE,297.00,297.00,282.95,285.60,305.60,3,16.16555,7400,100,06-JAN-2025
OPTSTK,BRITANNIA,30-Jan-2025,2025-01-30,5600.00,CE,2.40,3.45,2.15,2.15,2.15,30,168.076,6000,-500,06-JAN-2025
OPTSTK,BRITANNIA,27-Mar-2025,2025-03-27,5600.00,PE,0.00,0.00,0.00,780.30,744.10,0,0.00,0,0,06-JAN-2025
OPTSTK,BRITANNIA,30-Jan-2025,2025-01-30,4500.00,CE,322.00,322.00,320.35,321.60,321.60,4,19.28635,1200,400,06-JAN-2025
OPTSTK,BRITANNIA,27-Mar-2025,2025-03-27,4500.00,CE,0.00,0.00,0.00,444.75,413.75,0,0.00,0,0,06-JAN-2025
OPTSTK,BRITANNIA,27-Mar-2025,2025-03-27,5300.00,PE,0.00,0.00,0.00,535.00,483.35,0,0.00,0,0,06-JAN-2025
OPTSTK,BRITANNIA,27-Feb-2025,2025-02-27,5200.00,CE,0.00,0.00,0.00,180.50,39.40,0,0.00,0,0,06-JAN-2025
OPTSTK,BRITANNIA,27-Mar-2025,2025-03-27,4300.00,CE,0.00,0.00,0.00,593.20,577.30,0,0.00,0,0,06-JAN-2025
OPTSTK,BRITANNIA,27-Mar-2025,2025-03-27,4300.00,PE,0.00,0.00,0.00,53.90,22.90,0,0.00,0,0,06-JAN-2025
OPTSTK,BRITANNIA,27-Feb-2025,2025-02-27,4300.00,PE,0.00,0.00,0.00,35.45,11.15,0,0.00,0,0,06-JAN-2025
OPTSTK,BRITANNIA,30-Jan-2025,2025-01-30,4300.00,CE,0.00,0.00,0.00,1504.95,512.00,0,0.00,0,0,06-JAN-2025
OPTSTK,BRITANNIA,27-Mar-2025,2025-03-27,4500.00,PE,0.00,0.00,0.00,101.85,56.45,0,0.00,0,0,06-JAN-2025
OPTSTK,BRITANNIA,27-Mar-2025,2025-03-27,5400.00,CE,0.00,0.00,0.00,72.25,37.15,0,0.00,0,0,06-JAN-2025
OPTSTK,BRITANNIA,30-Jan-2025,2025-01-30,4750.00,CE,156.80,161.40,122.10,130.75,130.75,196,958.6685,34700,1700,06-JAN-2025
OPTSTK,TATAMOTORS,30-Jan-2025,2025-01-30,620.00,PE,0.35,0.65,0.30,0.55,0.55,316,1078.2849,464200,-66000,06-JAN-2025
OPTSTK,TATAMOTORS,27-Feb-2025,2025-02-27,620.00,CE,0.00,0.00,0.00,175.10,162.65,0,0.00,0,0,06-JAN-2025
OPTSTK,TATAMOTORS,27-Feb-2025,2025-02-27,790.00,PE,30.00,35.55,30.00,35.55,37.55,14,63.352025,10450,3300,06-JAN-2025
OPTSTK,TATAMOTORS,27-Feb-2025,2025-02-27,790.00,CE,38.80,41.10,28.55,32.90,32.90,45,204.308225,20350,7150,06-JAN-2025
OPTSTK,TATAMOTORS,30-Jan-2025,2025-01-30,770.00,PE,11.45,23.50,9.95,17.85,17.85,15996,69160.9388,1494900,-286000,06-JAN-2025
OPTSTK,TATAMOTORS,30-Jan-2025,2025-01-30,890.00,CE,2.65,2.65,1.30,1.55,1.55,2432,11930.9905,580250,172700,06-JAN-2025
OPTSTK,TATAMOTORS,27-Mar-2025,2025-03-27,780.00,PE,0.00,0.00,0.00,65.90,38.45,0,0.00,0,0,06-JAN-2025
OPTSTK,TATAMOTORS,27-Feb-2025,2025-02-27,780.00,CE,47.00,47.00,33.40,37.65,37.65,106,478.271475,58300,30800,06-JAN-2025
OPTSTK,TATAMOTORS,30-Jan-2025,2025-01-30,1000.00,PE,207.95,232.00,203.00,217.75,217.75,88,588.563525,1488300,-19800,06-JAN-2025
OPTSTK,TATAMOTORS,27-Feb-2025,2025-02-27,960.00,CE,3.25,3.60,2.40,3.15,3.15,111,588.04625,177650,550,06-JAN-2025
OPTSTK,TATAMOTORS,30-Jan-2025,2025-01-30,960.00,CE,0.70,0.70,0.45,0.50,0.50,157,829.4462,334950,9350,06-JAN-2025
OPTSTK,TATAMOTORS,27-Feb-2025,2025-02-27,620.00,PE,2.05,2.05,2.05,2.05,0.45,1,3.421275,550,550,06-JAN-2025
OPTSTK,TATAMOTORS,27-Mar-2025,2025-03-27,920.00,CE,13.00,13.00,13.00,13.00,7.40,2,10.263,1100,1100,06-JAN-2025
OPTSTK,TATAMOTORS,30-Jan-2025,2025-01-30,670.00,PE,1.10,2.35,0.85,1.70,1.70,1377,5086.82405,536250,89650,06-JAN-2025
OPTSTK,TATAMOTORS,27-Feb-2025,2025-02-27,820.00,PE,48.50,53.00,48.50,53.00,55.85,3,14.376175,38500,0,06-JAN-2025
OPTSTK,TATAMOTORS,30-Jan-2025,2025-01-30,820.00,CE,13.50,13.90,6.05,7.95,7.95,16818,76768.4368,2790150,120450,06-JAN-2025
OPTSTK,TATAMOTORS,27-Mar-2025,2025-03-27,760.00,CE,0.00,0.00,0.00,49.05,56.80,0,0.00,0,0,06-JAN-2025
OPTSTK,TATAMOTORS,30-Jan-2025,2025-01-30,940.00,CE,0.95,1.05,0.55,0.65,0.65,550,2845.8144,491700,1650,06-JAN-2025
OPTSTK,TATAMOTORS,30-Jan-2025,2025-01-30,630.00,PE,0.40,0.85,0.40,0.60,0.60,219,759.5643,721050,-9900,06-JAN-2025
OPTSTK,TATAMOTORS,27-Mar-2025,2025-03-27,780.00,CE,0.00,0.00,0.00,40.80,46.20,0,0.00,0,0,06-JAN-2025
OPTSTK,TATAMOTORS,30-Jan-2025,2025-01-30,1000.00,CE,0.50,0.50,0.30,0.35,0.35,2340,12874.9978,1730300,300850,06-JAN-2025
OPTSTK,TATAMOTORS,27-Feb-2025,2025-02-27,670.00,CE,0.00,0.00,0.00,91.90,115.45,0,0.00,0,0,06-JAN-2025
OPTSTK,TATAMOTORS,30-Jan-2025,2025-01-30,820.00,PE,37.00,57.95,34.95,48.05,48.05,1321,6267.3809,513700,53350,06-JAN-2025
OPTSTK,TATAMOTORS,27-Mar-2025,2025-03-27,820.00,PE,0.00,0.00,0.00,91.95,61.00,0,0.00,0,0,06-JAN-2025
OPTSTK,TATAMOTORS,27-Feb-2025,2025-02-27,750.00,CE,63.00,65.00,49.50,54.60,54.60,30,133.40965,47300,2750,06-JAN-2025
OPTSTK,TATAMOTORS,30-Jan-2025,2025-01-30,780.00,CE,30.70,33.00,16.50,21.70,21.70,18051,79795.3147,3013450,222200,06-JAN-2025
OPTSTK,TATAMOTORS,27-Feb-2025,2025-02-27,770.00,CE,49.80,50.60,38.00,43.35,43.35,50,223.417975,27500,9350,06-JAN-2025
OPTSTK,TATAMOTORS,27-Feb-2025,2025-02-27,840.00,CE,19.50,19.90,14.20,15.20,15.20,103,485.37555,99000,-13750,06-JAN-2025
OPTSTK,TATAMOTORS,27-Feb-2025,2025-02-27,840.00,PE,59.00,67.10,57.90,67.10,67.10,9,44.706475,5500,2750,06-JAN-2025
OPTSTK,TATAMOTORS,27-Feb-2025,2025-02-27,920.00,CE,0.00,0.00,0.00,16.65,3.05,0,0.00,0,0,06-JAN-2025
OPTSTK,SHREECEM,27-Mar-2025,2025-03-27,23500.00,CE,0.00,0.00,0.00,3580.30,2974.35,0,0.00,0,0,06-JAN-2025
OPTSTK,SHREECEM,30-Jan-2025,2025-01-30,23500.00,CE,0.00,0.00,0.00,2557.35,2541.00,0,0.00,0,0,06-JAN-2025
OPTSTK,SHREECEM,27-Mar-2025,2025-03-27,29000.00,PE,0.00,0.00,0.00,2818.25,2979.20,0,0.00,0,0,06-JAN-2025
OPTSTK,SHREECEM,27-Feb-2025,2025-02-27,23750.00,CE,0.00,0.00,0.00,3128.70,2543.20,0,0.00,0,0,06-JAN-2025
OPTSTK,SHREECEM,27-Feb-2025,2025-02-27,21500.00,PE,0.00,0.00,0.00,121.20,10.55,0,0.00,0,0,06-JAN-2025
OPTSTK,SHREECEM,27-Feb-2025,2025-02-27,22750.00,PE,0.00,0.00,0.00,109.20,55.20,0,0.00,0,0,06-JAN-2025
OPTSTK,SHREECEM,27-Feb-2025,2025-02-27,28250.00,PE,0.00,0.00,0.00,2178.10,2332.05,0,0.00,0,0,06-JAN-2025
OPTSTK,SHREECEM,30-Jan-2025,2025-01-30,24750.00,CE,0.00,0.00,0.00,1777.45,1444.25,0,0.00,0,0,06-JAN-2025
OPTSTK,SHREECEM,30-Jan-2025,2025-01-30,28250.00,PE,0.00,0.00,0.00,2738.60,2284.00,0,0.00,0,0,06-JAN-2025
OPTSTK,SHREECEM,27-Feb-2025,2025-02-27,28250.00,CE,0.00,0.00,0.00,625.00,260.45,0,0.00,0,0,06-JAN-2025
OPTSTK,SHREECEM,27-Feb-2025,2025-02-27,24750.00,PE,0.00,0.00,0.00,458.85,369.10,0,0.00,0,0,06-JAN-2025
OPTSTK,SHREECEM,27-Feb-2025,2025-02-27,27500.00,PE,0.00,0.00,0.00,2285.60,1757.20,0,0.00,0,0,06-JAN-2025
OPTSTK,SHREECEM,30-Jan-2025,2025-01-30,28750.00,PE,0.00,0.00,0.00,3141.80,2749.80,0,0.00,0,0,06-JAN-2025
OPTSTK,SHREECEM,30-Jan-2025,2025-01-30,23500.00,PE,48.25,86.10,48.25,70.40,28.95,19,112.00455,1925,250,06-JAN-2025
OPTSTK,SHREECEM,27-Mar-2025,2025-03-27,22500.00,CE,0.00,0.00,0.00,4414.10,3835.10,0,0.00,0,0,06-JAN-2025
OPTSTK,SHREECEM,27-Feb-2025,2025-02-27,23500.00,CE,0.00,0.00,0.00,2916.00,2756.85,0,0.00,0,0,06-JAN-2025
OPTSTK,SHREECEM,27-Feb-2025,2025-02-27,22500.00,CE,0.00,0.00,0.00,3696.65,3664.30,0,0.00,0,0,06-JAN-2025
OPTSTK,SHREECEM,30-Jan-2025,2025-01-30,29000.00,PE,0.00,0.00,0.00,3763.95,2988.45,0,0.00,0,0,06-JAN-2025
OPTSTK,SHREECEM,30-Jan-2025,2025-01-30,22750.00,CE,0.00,0.00,0.00,3260.70,3265.75,0,0.00,0,0,06-JAN-2025
OPTSTK,SHREECEM,27-Feb-2025,2025-02-27,27000.00,PE,0.00,0.00,0.00,1962.75,1414.70,0,0.00,0,0,06-JAN-2025
OPTSTK,SHREECEM,27-Mar-2025,2025-03-27,27000.00,CE,0.00,0.00,0.00,1382.10,847.50,0,0.00,0,0,06-JAN-2025
OPTSTK,SHREECEM,27-Feb-2025,2025-02-27,27000.00,CE,0.00,0.00,0.00,995.35,581.10,0,0.00,0,0,06-JAN-2025
OPTSTK,SHREECEM,27-Feb-2025,2025-02-27,28750.00,CE,0.00,0.00,0.00,495.50,181.95,0,0.00,0,0,06-JAN-2025
OPTSTK,SHREECEM,27-Feb-2025,2025-02-27,28750.00,PE,0.00,0.00,0.00,2542.35,2748.80,0,0.00,0,0,06-JAN-2025
OPTSTK,SHREECEM,30-Jan-2025,2025-01-30,28750.00,CE,0.00,0.00,0.00,297.40,35.10,0,0.00,0,0,06-JAN-2025
OPTSTK,SHREECEM,30-Jan-2025,2025-01-30,26750.00,PE,0.00,0.00,0.00,1030.25,1063.20,0,0.00,725,0,06-JAN-2025
OPTSTK,SHREECEM,27-Feb-2025,2025-02-27,26750.00,CE,0.00,0.00,0.00,1181.70,671.35,0,0.00,0,0,06-JAN-2025
OPTSTK,SHREECEM,30-Jan-2025,2025-01-30,30000.00,PE,0.00,0.00,0.00,3595.45,3964.65,0,0.00,75,0,06-JAN-2025
OPTSTK,SHREECEM,27-Feb-2025,2025-02-27,30000.00,PE,0.00,0.00,0.00,4207.05,3872.65,0,0.00,0,0,06-JAN-2025
FUTSTK,SHREECEM,27-Feb-2025,2025-02-27,,,25624.00,25898.70,25055.00,25241.50,25241.50,151,957.699237,6350,2225,06-JAN-2025
OPTSTK,SHREECEM,30-Jan-2025,2025-01-30,29500.00,CE,35.50,35.50,35.50,35.50,12.05,1,7.383875,7150,0,06-JAN-2025
OPTSTK,SHREECEM,30-Jan-2025,2025-01-30,28000.00,PE,2430.00,2430.00,2430.00,2430.00,2058.90,1,7.6075,125,0,06-JAN-2025
OPTSTK,SBICARD,30-Jan-2025,2025-01-30,680.00,PE,5.50,5.50,2.15,4.45,4.45,1372,7500.4332,314400,-9600,06-JAN-2025
OPTSTK,SBICARD,27-Feb-2025,2025-02-27,550.00,CE,0.00,0.00,0.00,172.40,185.80,0,0.00,0,0,06-JAN-2025
OPTSTK,SBICARD,30-Jan-2025,2025-01-30,605.00,CE,0.00,0.00,0.00,116.20,128.25,0,0.00,0,0,06-JAN-2025
OPTSTK,SBICARD,27-Feb-2025,2025-02-27,680.00,CE,0.00,0.00,0.00,62.65,62.35,0,0.00,0,0,06-JAN-2025
OPTSTK,SBICARD,27-Feb-2025,2025-02-27,720.00,CE,0.00,0.00,0.00,39.90,34.00,0,0.00,0,0,06-JAN-2025
OPTSTK,SBICARD,30-Jan-2025,2025-01-30,720.00,PE,10.05,16.80,6.70,14.85,14.85,1584,9268.7252,273600,-12000,06-JAN-2025
OPTSTK,SBICARD,27-Mar-2025,2025-03-27,720.00,CE,0.00,0.00,0.00,23.75,41.80,0,0.00,0,0,06-JAN-2025
OPTSTK,SBICARD,27-Feb-2025,2025-02-27,665.00,CE,0.00,0.00,0.00,60.00,75.00,0,0.00,1600,0,06-JAN-2025
OPTSTK,SBICARD,27-Feb-2025,2025-02-27,665.00,PE,0.00,0.00,0.00,18.95,3.10,0,0.00,0,0,06-JAN-2025
OPTSTK,SBICARD,30-Jan-2025,2025-01-30,665.00,PE,1.70,3.20,1.50,2.85,2.85,379,2022.6632,103200,44800,06-JAN-2025
OPTSTK,ABCAPITAL,27-Feb-2025,2025-02-27,162.50,CE,0.00,0.00,0.00,27.20,18.30,0,0.00,0,0,06-JAN-2025
OPTSTK,ABCAPITAL,27-Feb-2025,2025-02-27,162.50,PE,0.00,0.00,0.00,3.30,3.00,0,0.00,0,0,06-JAN-2025
OPTSTK,SBICARD,30-Jan-2025,2025-01-30,785.00,CE,10.00,11.50,4.65,5.70,5.70,337,2133.8652,100000,100000,06-JAN-2025
OPTSTK,ABCAPITAL,30-Jan-2025,2025-01-30,162.50,CE,0.00,0.00,0.00,35.50,15.70,0,0.00,0,0,06-JAN-2025
OPTSTK,SBICARD,27-Feb-2025,2025-02-27,785.00,CE,0.00,0.00,0.00,4.25,8.50,0,0.00,0,0,06-JAN-2025
OPTSTK,SBICARD,27-Feb-2025,2025-02-27,670.00,CE,0.00,0.00,0.00,69.35,70.70,0,0.00,0,0,06-JAN-2025
OPTSTK,SBICARD,27-Feb-2025,2025-02-27,670.00,PE,0.00,0.00,0.00,15.35,3.75,0,0.00,0,0,06-JAN-2025
OPTSTK,SBICARD,27-Feb-2025,2025-02-27,605.00,CE,0.00,0.00,0.00,85.80,131.50,0,0.00,0,0,06-JAN-2025
OPTSTK,SBICARD,30-Jan-2025,2025-01-30,580.00,CE,0.00,0.00,0.00,121.95,153.10,0,0.00,0,0,06-JAN-2025
OPTSTK,SBICARD,27-Feb-2025,2025-02-27,780.00,CE,0.00,0.00,0.00,17.75,9.65,0,0.00,0,0,06-JAN-2025
OPTSTK,SBICARD,27-Feb-2025,2025-02-27,855.00,PE,0.00,0.00,0.00,165.80,117.35,0,0.00,0,0,06-JAN-2025
OPTSTK,SBICARD,30-Jan-2025,2025-01-30,550.00,PE,0.00,0.00,0.00,1.20,0.05,0,0.00,0,0,06-JAN-2025
OPTSTK,SBICARD,27-Feb-2025,2025-02-27,550.00,PE,0.00,0.00,0.00,0.55,0.05,0,0.00,0,0,06-JAN-2025
OPTSTK,ABCAPITAL,30-Jan-2025,2025-01-30,205.00,PE,27.85,27.85,27.85,27.85,28.15,3,18.86085,89100,0,06-JAN-2025
OPTSTK,ABCAPITAL,27-Feb-2025,2025-02-27,205.00,PE,0.00,0.00,0.00,20.40,28.40,0,0.00,0,0,06-JAN-2025
OPTSTK,ABCAPITAL,27-Mar-2025,2025-03-27,205.00,PE,0.00,0.00,0.00,25.40,28.95,0,0.00,0,0,06-JAN-2025
OPTSTK,ABCAPITAL,30-Jan-2025,2025-01-30,150.00,CE,0.00,0.00,0.00,30.30,27.05,0,0.00,5400,0,06-JAN-2025
OPTSTK,ABCAPITAL,27-Mar-2025,2025-03-27,150.00,PE,0.00,0.00,0.00,2.25,1.70,0,0.00,0,0,06-JAN-2025
OPTSTK,ABCAPITAL,27-Mar-2025,2025-03-27,150.00,CE,0.00,0.00,0.00,39.30,30.15,0,0.00,0,0,06-JAN-2025
OPTSTK,ABCAPITAL,30-Jan-2025,2025-01-30,170.00,PE,1.00,3.50,1.00,3.10,3.10,1406,6552.684,1827900,-221400,06-JAN-2025
OPTSTK,SBICARD,30-Jan-2025,2025-01-30,725.00,CE,43.55,47.35,22.75,25.85,25.85,487,2947.2072,76000,-7200,06-JAN-2025
OPTSTK,SBICARD,27-Feb-2025,2025-02-27,725.00,PE,0.00,0.00,0.00,51.95,18.65,0,0.00,0,0,06-JAN-2025
OPTSTK,MRF,27-Mar-2025,2025-03-27,116000.00,PE,0.00,0.00,0.00,986.95,1561.85,0,0.00,0,0,06-JAN-2025
OPTSTK,MRF,27-Feb-2025,2025-02-27,116000.00,PE,0.00,0.00,0.00,2346.80,1037.75,0,0.00,0,0,06-JAN-2025
OPTSTK,MRF,30-Jan-2025,2025-01-30,116000.00,CE,0.00,0.00,0.00,11281.60,7785.45,0,0.00,0,0,06-JAN-2025
OPTSTK,MRF,27-Feb-2025,2025-02-27,116000.00,CE,0.00,0.00,0.00,12101.25,9023.55,0,0.00,0,0,06-JAN-2025
OPTSTK,MRF,27-Feb-2025,2025-02-27,117000.00,CE,0.00,0.00,0.00,11398.90,8256.35,0,0.00,0,0,06-JAN-2025
OPTSTK,BAJFINANCE,27-Feb-2025,2025-02-27,7100.00,CE,0.00,0.00,0.00,396.00,471.30,0,0.00,375,0,06-JAN-2025
OPTSTK,MRF,27-Feb-2025,2025-02-27,141000.00,CE,0.00,0.00,0.00,1692.00,232.40,0,0.00,0,0,06-JAN-2025
OPTSTK,MRF,30-Jan-2025,2025-01-30,117000.00,PE,400.10,1020.00,400.05,773.15,773.15,93,547.24771,235,235,06-JAN-2025
OPTSTK,MRF,27-Mar-2025,2025-03-27,121000.00,PE,0.00,0.00,0.00,1897.90,3138.50,0,0.00,0,0,06-JAN-2025
OPTSTK,BAJFINANCE,30-Jan-2025,2025-01-30,7100.00,PE,55.75,91.50,32.25,82.80,82.80,7654,68542.2597,269500,-49875,06-JAN-2025
OPTSTK,MRF,27-Feb-2025,2025-02-27,137000.00,CE,0.00,0.00,0.00,2482.40,514.85,0,0.00,0,0,06-JAN-2025
OPTSTK,MRF,27-Mar-2025,2025-03-27,134000.00,CE,0.00,0.00,0.00,6360.25,1693.55,0,0.00,0,0,06-JAN-2025
OPTSTK,MRF,30-Jan-2025,2025-01-30,133500.00,PE,0.00,0.00,0.00,10411.45,10254.50,0,0.00,0,0,06-JAN-2025
OPTSTK,MRF,30-Jan-2025,2025-01-30,133500.00,CE,0.00,0.00,0.00,1962.85,221.35,0,0.00,10,0,06-JAN-2025
OPTSTK,MRF,27-Feb-2025,2025-02-27,136500.00,PE,0.00,0.00,0.00,7490.70,12883.50,0,0.00,0,0,06-JAN-2025
OPTSTK,MRF,30-Jan-2025,2025-01-30,136500.00,PE,0.00,0.00,0.00,12717.30,13102.60,0,0.00,0,0,06-JAN-2025
OPTSTK,MRF,30-Jan-2025,2025-01-30,136500.00,CE,0.00,0.00,0.00,881.80,82.75,0,0.00,45,0,06-JAN-2025
OPTSTK,MRF,27-Feb-2025,2025-02-27,136500.00,CE,0.00,0.00,0.00,3906.35,565.50,0,0.00,0,0,06-JAN-2025
OPTSTK,BAJFINANCE,30-Jan-2025,2025-01-30,6600.00,PE,12.00,21.10,9.90,19.50,19.50,3410,28196.986,154500,-41750,06-JAN-2025
OPTSTK,MRF,27-Mar-2025,2025-03-27,125000.00,CE,0.00,0.00,0.00,11435.40,4677.30,0,0.00,0,0,06-JAN-2025
OPTSTK,MRF,27-Feb-2025,2025-02-27,120000.00,PE,0.00,0.00,0.00,3623.90,2138.85,0,0.00,0,0,06-JAN-2025
OPTSTK,MRF,27-Mar-2025,2025-03-27,120000.00,CE,0.00,0.00,0.00,15051.00,7399.95,0,0.00,0,0,06-JAN-2025
OPTSTK,MRF,30-Jan-2025,2025-01-30,113000.00,PE,140.30,447.20,140.30,319.15,319.15,216,1223.83880,575,455,06-JAN-2025
OPTSTK,MRF,27-Feb-2025,2025-02-27,122500.00,CE,0.00,0.00,0.00,11868.45,4681.00,0,0.00,0,0,06-JAN-2025
OPTSTK,MRF,30-Jan-2025,2025-01-30,137000.00,PE,0.00,0.00,0.00,14233.60,13587.10,0,0.00,0,0,06-JAN-2025
OPTSTK,MRF,27-Feb-2025,2025-02-27,137000.00,PE,0.00,0.00,0.00,13349.20,13328.05,0,0.00,0,0,06-JAN-2025
OPTSTK,MRF,27-Mar-2025,2025-03-27,137000.00,PE,0.00,0.00,0.00,8412.45,13255.45,0,0.00,0,0,06-JAN-2025
OPTSTK,MRF,27-Feb-2025,2025-02-27,134000.00,PE,0.00,0.00,0.00,11165.40,10729.10,0,0.00,0,0,06-JAN-2025
OPTSTK,MRF,30-Jan-2025,2025-01-30,134000.00,CE,0.00,0.00,0.00,1034.35,189.35,0,0.00,10,0,06-JAN-2025
OPTSTK,BAJFINANCE,30-Jan-2025,2025-01-30,8200.00,PE,0.00,0.00,0.00,804.00,827.90,0,0.00,1000,0,06-JAN-2025
OPTSTK,MRF,30-Jan-2025,2025-01-30,139000.00,PE,0.00,0.00,0.00,15810.75,15542.25,0,0.00,0,0,06-JAN-2025
OPTSTK,BAJFINANCE,27-Feb-2025,2025-02-27,7200.00,PE,112.10,185.35,104.60,176.25,176.25,48,441.015687,3625,2625,06-JAN-2025
OPTIDX,NIFTYNXT50,30-Jan-2025,2025-01-30,76800.00,CE,0.00,0.00,0.00,1304.60,3.55,0,0.00,0,0,06-JAN-2025
OPTIDX,NIFTYNXT50,27-Mar-2025,2025-03-27,67800.00,CE,0.00,0.00,0.00,4074.55,2470.50,0,0.00,0,0,06-JAN-2025
OPTIDX,NIFTYNXT50,27-Feb-2025,2025-02-27,76600.00,PE,0.00,0.00,0.00,6041.85,8956.10,0,0.00,0,0,06-JAN-2025
OPTIDX,NIFTYNXT50,27-Mar-2025,2025-03-27,72100.00,PE,0.00,0.00,0.00,4353.65,4983.00,0,0.00,0,0,06-JAN-2025
OPTIDX,NIFTYNXT50,30-Jan-2025,2025-01-30,64200.00,CE,0.00,0.00,0.00,7570.80,3364.05,0,0.00,0,0,06-JAN-2025
OPTIDX,NIFTYNXT50,30-Jan-2025,2025-01-30,63700.00,PE,0.00,0.00,0.00,738.15,206.50,0,0.00,0,0,06-JAN-2025
OPTIDX,NIFTYNXT50,27-Mar-2025,2025-03-27,64200.00,CE,0.00,0.00,0.00,6450.05,4645.05,0,0.00,0,0,06-JAN-2025
OPTIDX,NIFTYNXT50,27-Mar-2025,2025-03-27,71900.00,CE,0.00,0.00,0.00,2158.65,987.10,0,0.00,0,0,06-JAN-2025
OPTIDX,NIFTYNXT50,27-Feb-2025,2025-02-27,71900.00,CE,0.00,0.00,0.00,3242.05,543.60,0,0.00,0,0,06-JAN-2025
OPTIDX,NIFTYNXT50,27-Mar-2025,2025-03-27,76500.00,PE,0.00,0.00,0.00,7506.70,8652.35,0,0.00,0,0,06-JAN-2025
OPTIDX,NIFTYNXT50,27-Feb-2025,2025-02-27,59000.00,CE,0.00,0.00,0.00,12882.55,8610.15,0,0.00,0,0,06-JAN-2025
OPTIDX,NIFTYNXT50,27-Feb-2025,2025-02-27,71300.00,CE,0.00,0.00,0.00,3535.15,664.75,0,0.00,0,0,06-JAN-2025
OPTIDX,NIFTYNXT50,30-Jan-2025,2025-01-30,62500.00,PE,0.00,0.00,0.00,537.00,88.60,0,0.00,0,0,06-JAN-2025
OPTIDX,NIFTYNXT50,30-Jan-2025,2025-01-30,62500.00,CE,0.00,0.00,0.00,8938.80,4862.15,0,0.00,0,0,06-JAN-2025
OPTIDX,NIFTYNXT50,30-Jan-2025,2025-01-30,71900.00,CE,0.00,0.00,0.00,2894.15,135.35,0,0.00,0,0,06-JAN-2025
OPTIDX,NIFTYNXT50,30-Jan-2025,2025-01-30,68700.00,CE,0.00,0.00,0.00,1563.95,732.65,0,0.00,10,0,06-JAN-2025
OPTIDX,NIFTYNXT50,27-Feb-2025,2025-02-27,68700.00,PE,0.00,0.00,0.00,1462.00,2498.80,0,0.00,0,0,06-JAN-2025
OPTIDX,NIFTYNXT50,27-Feb-2025,2025-02-27,64100.00,CE,0.00,0.00,0.00,8358.75,4122.90,0,0.00,0,0,06-JAN-2025
OPTIDX,NIFTYNXT50,27-Mar-2025,2025-03-27,64100.00,CE,0.00,0.00,0.00,6524.60,4716.90,0,0.00,0,0,06-JAN-2025
OPTIDX,NIFTYNXT50,27-Feb-2025,2025-02-27,63500.00,PE,0.00,0.00,0.00,510.25,483.20,0,0.00,0,0,06-JAN-2025
OPTIDX,NIFTYNXT50,27-Mar-2025,2025-03-27,65900.00,PE,0.00,0.00,0.00,1427.00,1450.85,0,0.00,0,0,06-JAN-2025
OPTIDX,NIFTYNXT50,30-Jan-2025,2025-01-30,65900.00,PE,0.00,0.00,0.00,1246.10,711.35,0,0.00,0,0,06-JAN-2025
OPTIDX,NIFTYNXT50,27-Feb-2025,2025-02-27,65900.00,PE,0.00,0.00,0.00,955.45,1151.80,0,0.00,0,0,06-JAN-2025
OPTIDX,NIFTYNXT50,30-Jan-2025,2025-01-30,67700.00,PE,1000.00,1023.75,940.00,1011.05,1517.45,10,68.678735,60,-20,06-JAN-2025
OPTIDX,NIFTYNXT50,27-Feb-2025,2025-02-27,67700.00,CE,0.00,0.00,0.00,5656.90,1889.45,0,0.00,0,0,06-JAN-2025
OPTIDX,NIFTYNXT50,27-Feb-2025,2025-02-27,67700.00,PE,0.00,0.00,0.00,1437.30,1944.70,0,0.00,0,0,06-JAN-2025
OPTIDX,NIFTYNXT50,30-Jan-2025,2025-01-30,70100.00,CE,0.00,0.00,0.00,3741.60,374.00,0,0.00,0,0,06-JAN-2025
OPTIDX,NIFTYNXT50,27-Feb-2025,2025-02-27,69500.00,PE,0.00,0.00,0.00,2067.00,2998.15,0,0.00,0,0,06-JAN-2025
OPTIDX,NIFTYNXT50,27-Mar-2025,2025-03-27,65700.00,CE,0.00,0.00,0.00,5384.00,3639.00,0,0.00,0,0,06-JAN-2025
OPTIDX,NIFTYNXT50,27-Feb-2025,2025-02-27,68300.00,PE,0.00,0.00,0.00,1630.30,2267.60,0,0.00,0,0,06-JAN-2025
OPTIDX,NIFTYNXT50,27-Feb-2025,2025-02-27,72600.00,PE,0.00,0.00,0.00,3516.30,5334.05,0,0.00,0,0,06-JAN-2025
OPTIDX,NIFTYNXT50,30-Jan-2025,2025-01-30,72600.00,CE,0.00,0.00,0.00,2605.05,87.00,0,0.00,0,0,06-JAN-2025
OPTSTK,DIXON,30-Jan-2025,2025-01-30,17000.00,PE,145.05,297.30,125.00,262.45,262.45,4604,39611.1368,79850,-8550,06-JAN-2025
OPTSTK,DIXON,30-Jan-2025,2025-01-30,17000.00,CE,1600.00,1600.00,1300.20,1331.50,1331.50,46,423.254225,39400,400,06-JAN-2025
OPTSTK,INDIAMART,30-Jan-2025,2025-01-30,1960.00,PE,12.00,14.30,12.00,14.30,10.30,21,124.30635,6300,6300,06-JAN-2025
OPTSTK,INDIAMART,27-Feb-2025,2025-02-27,1960.00,PE,0.00,0.00,0.00,42.40,29.55,0,0.00,0,0,06-JAN-2025
OPTSTK,INDIAMART,27-Feb-2025,2025-02-27,2680.00,CE,0.00,0.00,0.00,36.95,9.55,0,0.00,0,0,06-JAN-2025
OPTSTK,LTF,30-Jan-2025,2025-01-30,135.00,PE,2.35,5.90,2.25,5.55,5.55,909,5644.94313,1293980,-107088,06-JAN-2025
OPTSTK,TATACHEM,30-Jan-2025,2025-01-30,880.00,PE,1.40,3.25,1.40,3.00,3.00,401,1946.56962,103400,19250,06-JAN-2025
OPTSTK,LTF,27-Mar-2025,2025-03-27,120.00,PE,0.00,0.00,0.00,3.40,1.70,0,0.00,0,0,06-JAN-2025
OPTSTK,LTF,30-Jan-2025,2025-01-30,137.50,CE,5.45,5.45,2.65,2.85,2.85,513,3228.73889,1271670,249872,06-JAN-2025
OPTSTK,TATACHEM,30-Jan-2025,2025-01-30,1120.00,CE,7.15,7.15,3.75,4.35,4.35,1441,8912.33337,525800,550,06-JAN-2025
OPTSTK,TATACHEM,30-Jan-2025,2025-01-30,1120.00,PE,109.55,128.00,109.55,128.00,127.35,8,54.499225,26400,1100,06-JAN-2025
OPTSTK,TATACHEM,27-Mar-2025,2025-03-27,1120.00,PE,0.00,0.00,0.00,108.95,136.25,0,0.00,0,0,06-JAN-2025
OPTSTK,LTF,30-Jan-2025,2025-01-30,165.00,CE,0.10,0.10,0.05,0.05,0.05,61,449.36802,3168020,13386,06-JAN-2025
OPTSTK,TATACHEM,27-Mar-2025,2025-03-27,1040.00,CE,0.00,0.00,0.00,102.60,47.50,0,0.00,0,0,06-JAN-2025
OPTSTK,TATACHEM,27-Mar-2025,2025-03-27,1040.00,PE,0.00,0.00,0.00,66.15,81.00,0,0.00,0,0,06-JAN-2025
OPTSTK,LTF,30-Jan-2025,2025-01-30,165.00,PE,27.70,28.50,27.70,28.50,26.00,4,34.428792,1918660,4462,06-JAN-2025
OPTSTK,TATACHEM,30-Jan-2025,2025-01-30,1180.00,CE,2.60,2.60,1.50,1.80,1.80,1021,6636.44025,310200,60500,06-JAN-2025
OPTSTK,TATACHEM,30-Jan-2025,2025-01-30,1180.00,PE,0.00,0.00,0.00,132.90,184.40,0,0.00,4400,0,06-JAN-2025
OPTSTK,TATACHEM,27-Feb-2025,2025-02-27,1180.00,PE,0.00,0.00,0.00,139.85,183.60,0,0.00,0,0,06-JAN-2025
OPTSTK,LTF,27-Feb-2025,2025-02-27,152.50,PE,0.00,0.00,0.00,18.00,15.35,0,0.00,0,0,06-JAN-2025
OPTSTK,TATACHEM,27-Feb-2025,2025-02-27,1040.00,CE,32.00,35.60,32.00,33.00,33.00,3,17.7133,1650,1650,06-JAN-2025
OPTSTK,TATACHEM,27-Feb-2025,2025-02-27,1080.00,CE,0.00,0.00,0.00,111.80,21.75,0,0.00,0,0,06-JAN-2025
OPTSTK,LTF,27-Mar-2025,2025-03-27,155.00,PE,0.00,0.00,0.00,20.85,18.05,0,0.00,0,0,06-JAN-2025
OPTSTK,TATACHEM,27-Mar-2025,2025-03-27,1120.00,CE,0.00,0.00,0.00,66.80,23.90,0,0.00,0,0,06-JAN-2025
OPTSTK,TATACHEM,27-Feb-2025,2025-02-27,1000.00,PE,35.70,48.80,35.70,48.60,49.45,49,281.53565,33550,22550,06-JAN-2025
OPTSTK,TATACHEM,30-Jan-2025,2025-01-30,960.00,PE,7.50,18.45,6.80,16.90,16.90,1388,7429.9225,357500,55000,06-JAN-2025
OPTSTK,LTF,30-Jan-2025,2025-01-30,150.00,CE,1.30,1.35,0.55,0.60,0.60,1845,12409.6430,5291932,80316,06-JAN-2025
OPTSTK,TATACHEM,27-Feb-2025,2025-02-27,920.00,CE,0.00,0.00,0.00,218.30,98.10,0,0.00,0,0,06-JAN-2025
FUTSTK,TATACHEM,27-Mar-2025,2025-03-27,,,1040.00,1040.00,1000.00,1002.80,1002.80,57,318.3554,59950,20900,06-JAN-2025
OPTSTK,TATACHEM,27-Feb-2025,2025-02-27,900.00,PE,0.00,0.00,0.00,12.45,13.20,0,0.00,0,0,06-JAN-2025
OPTSTK,LTF,27-Mar-2025,2025-03-27,150.00,PE,0.00,0.00,0.00,17.40,14.45,0,0.00,0,0,06-JAN-2025
OPTSTK,LTF,27-Feb-2025,2025-02-27,150.00,CE,2.50,2.50,1.70,1.70,1.70,25,169.547076,214176,40158,06-JAN-2025
OPTSTK,LTF,30-Jan-2025,2025-01-30,147.50,CE,1.80,1.80,0.75,0.75,0.75,382,2531.50677,566674,-4462,06-JAN-2025
OPTSTK,LTF,30-Jan-2025,2025-01-30,150.00,PE,12.55,17.70,12.55,17.25,17.25,50,371.109002,642528,-66930,06-JAN-2025
OPTSTK,LTF,30-Jan-2025,2025-01-30,160.00,CE,0.30,0.30,0.10,0.15,0.15,343,2451.41164,3444664,-84778,06-JAN-2025
OPTSTK,TATACHEM,30-Jan-2025,2025-01-30,1020.00,PE,24.05,50.10,24.00,46.50,46.50,1260,7307.34785,303600,27500,06-JAN-2025
OPTSTK,TATACHEM,30-Jan-2025,2025-01-30,1200.00,CE,2.00,2.00,1.30,1.45,1.45,1205,7962.68357,1159400,-15400,06-JAN-2025
OPTSTK,KPITTECH,30-Jan-2025,2025-01-30,1200.00,PE,4.00,5.25,3.75,4.90,4.90,96,462.5804,60400,9600,06-JAN-2025
FUTSTK,BOSCHLTD,27-Mar-2025,2025-03-27,,,34295.00,34295.00,34100.00,34100.00,33966.45,5,42.7753,650,125,06-JAN-2025
OPTSTK,IOC,27-Mar-2025,2025-03-27,160.00,CE,0.00,0.00,0.00,4.05,1.35,0,0.00,0,0,06-JAN-2025
OPTSTK,IOC,27-Feb-2025,2025-02-27,132.50,CE,0.00,0.00,0.00,12.40,7.15,0,0.00,0,0,06-JAN-2025
OPTSTK,IOC,30-Jan-2025,2025-01-30,132.50,PE,1.35,4.15,1.30,3.65,3.65,1147,7585.61212,1633125,-121875,06-JAN-2025
OPTSTK,IOC,30-Jan-2025,2025-01-30,132.50,CE,7.25,7.25,4.10,4.70,4.70,370,2474.4135,736125,394875,06-JAN-2025
OPTSTK,KPITTECH,27-Mar-2025,2025-03-27,1640.00,PE,0.00,0.00,0.00,236.60,212.40,0,0.00,0,0,06-JAN-2025
OPTSTK,KPITTECH,27-Feb-2025,2025-02-27,1500.00,PE,0.00,0.00,0.00,129.95,104.30,0,0.00,0,0,06-JAN-2025
OPTSTK,IOC,27-Mar-2025,2025-03-27,155.00,CE,0.00,0.00,0.00,5.20,2.00,0,0.00,0,0,06-JAN-2025
OPTSTK,IOC,30-Jan-2025,2025-01-30,170.00,PE,36.40,36.40,36.40,36.40,36.35,2,20.124,3183375,-9750,06-JAN-2025
OPTSTK,KPITTECH,30-Jan-2025,2025-01-30,1580.00,CE,18.00,21.50,16.25,18.00,18.00,40,255.7404,65600,-1600,06-JAN-2025
OPTSTK,KPITTECH,27-Feb-2025,2025-02-27,1680.00,PE,0.00,0.00,0.00,293.65,234.15,0,0.00,0,0,06-JAN-2025
OPTSTK,BOSCHLTD,27-Feb-2025,2025-02-27,37500.00,PE,0.00,0.00,0.00,3498.25,3876.95,0,0.00,0,0,06-JAN-2025
OPTSTK,BOSCHLTD,27-Feb-2025,2025-02-27,37500.00,CE,0.00,0.00,0.00,339.95,203.45,0,0.00,25,0,06-JAN-2025
OPTSTK,KPITTECH,30-Jan-2025,2025-01-30,1540.00,PE,103.60,109.80,103.60,109.80,109.00,4,26.35,8800,-1600,06-JAN-2025
OPTSTK,KPITTECH,27-Mar-2025,2025-03-27,1520.00,PE,0.00,0.00,0.00,159.60,131.90,0,0.00,0,0,06-JAN-2025
OPTSTK,KPITTECH,27-Mar-2025,2025-03-27,1360.00,CE,0.00,0.00,0.00,197.60,167.00,0,0.00,0,0,06-JAN-2025
OPTSTK,KPITTECH,30-Jan-2025,2025-01-30,1660.00,PE,0.00,0.00,0.00,266.65,208.10,0,0.00,0,0,06-JAN-2025
OPTSTK,IOC,27-Feb-2025,2025-02-27,120.00,PE,0.95,1.70,0.95,1.60,1.60,92,544.398562,438750,346125,06-JAN-2025
OPTSTK,IOC,27-Feb-2025,2025-02-27,120.00,CE,15.00,15.00,15.00,15.00,15.45,1,6.58125,4875,4875,06-JAN-2025
OPTSTK,IOC,27-Mar-2025,2025-03-27,120.00,PE,0.00,0.00,0.00,2.75,2.30,0,0.00,0,0,06-JAN-2025
OPTSTK,KPITTECH,30-Jan-2025,2025-01-30,1260.00,PE,6.10,10.90,6.10,9.60,9.60,9,45.6822,8000,800,06-JAN-2025
OPTSTK,BOSCHLTD,30-Jan-2025,2025-01-30,38000.00,PE,0.00,0.00,0.00,3393.05,4384.05,0,0.00,0,0,06-JAN-2025
OPTSTK,KPITTECH,30-Jan-2025,2025-01-30,1460.00,CE,58.00,63.75,50.65,54.60,54.60,229,1389.363,67600,-2800,06-JAN-2025
OPTSTK,IOC,27-Feb-2025,2025-02-27,137.50,PE,0.00,0.00,0.00,7.60,8.20,0,0.00,0,0,06-JAN-2025
OPTSTK,IOC,27-Feb-2025,2025-02-27,137.50,CE,4.50,4.60,4.50,4.60,4.90,3,20.772375,14625,4875,06-JAN-2025
OPTSTK,BOSCHLTD,30-Jan-2025,2025-01-30,41000.00,CE,0.00,0.00,0.00,18.00,0.40,0,0.00,50,0,06-JAN-2025
OPTSTK,KPITTECH,30-Jan-2025,2025-01-30,1440.00,CE,65.20,73.15,60.05,64.00,64.00,66,397.7276,26400,-400,06-JAN-2025
OPTSTK,KPITTECH,27-Mar-2025,2025-03-27,1440.00,PE,0.00,0.00,0.00,116.55,88.90,0,0.00,0,0,06-JAN-2025
OPTSTK,IOC,30-Jan-2025,2025-01-30,135.00,CE,5.70,5.70,3.00,3.45,3.45,2900,19598.6041,3222375,1540500,06-JAN-2025
OPTSTK,IOC,27-Mar-2025,2025-03-27,135.00,CE,0.00,0.00,0.00,13.05,7.80,0,0.00,0,0,06-JAN-2025
OPTSTK,IOC,27-Mar-2025,2025-03-27,135.00,PE,0.00,0.00,0.00,7.75,7.95,0,0.00,0,0,06-JAN-2025
OPTIDX,BANKNIFTY,27-Mar-2025,2025-03-27,51100.00,PE,0.00,0.00,0.00,1563.85,1806.55,0,0.00,0,0,06-JAN-2025
OPTSTK,PRESTIGE,30-Jan-2025,2025-01-30,2050.00,CE,0.00,0.00,0.00,2.20,1.15,0,0.00,63700,0,06-JAN-2025
OPTIDX,BANKNIFTY,27-Mar-2025,2025-03-27,47900.00,PE,0.00,0.00,0.00,553.75,540.80,0,0.00,0,0,06-JAN-2025
OPTIDX,BANKNIFTY,27-Mar-2025,2025-03-27,47900.00,CE,0.00,0.00,0.00,4751.80,3266.20,0,0.00,0,0,06-JAN-2025
OPTIDX,BANKNIFTY,30-Jan-2025,2025-01-30,49300.00,CE,1735.70,1735.70,1348.55,1440.70,1440.70,930,7075.25688,9480,1485,06-JAN-2025
OPTIDX,BANKNIFTY,30-Jan-2025,2025-01-30,49300.00,PE,262.45,667.95,260.25,584.55,584.55,72387,540235.533,59505,-20025,06-JAN-2025
OPTIDX,BANKNIFTY,27-Mar-2025,2025-03-27,49300.00,PE,658.05,658.05,658.05,658.05,974.25,1,14.987415,30,30,06-JAN-2025
OPTIDX,BANKNIFTY,30-Jan-2025,2025-01-30,50000.00,CE,1666.00,1666.00,945.40,1022.50,1022.50,252924,1937033.19,647190,262635,06-JAN-2025
OPTIDX,BANKNIFTY,27-Feb-2025,2025-02-27,50000.00,PE,621.10,1145.85,621.10,1057.90,1057.90,7607,116174.769,158130,20850,06-JAN-2025
OPTIDX,BANKNIFTY,27-Feb-2025,2025-02-27,50000.00,CE,2160.00,2220.00,1525.95,1602.75,1602.75,2234,34663.4868,40770,20310,06-JAN-2025
OPTIDX,BANKNIFTY,27-Mar-2025,2025-03-27,53200.00,PE,0.00,0.00,0.00,2631.60,3161.90,0,0.00,0,0,06-JAN-2025
OPTIDX,BANKNIFTY,30-Jan-2025,2025-01-30,53200.00,PE,2239.10,3214.55,2239.10,3132.95,3132.95,66,555.952057,48180,-315,06-JAN-2025
OPTIDX,BANKNIFTY,27-Mar-2025,2025-03-27,53400.00,PE,0.00,0.00,0.00,2750.05,3310.05,0,0.00,0,0,06-JAN-2025
OPTIDX,BANKNIFTY,27-Feb-2025,2025-02-27,48800.00,PE,0.00,0.00,0.00,363.30,613.80,0,0.00,30,0,06-JAN-2025
OPTIDX,BANKNIFTY,27-Feb-2025,2025-02-27,48800.00,CE,0.00,0.00,0.00,3068.35,2202.85,0,0.00,150,0,06-JAN-2025
OPTSTK,CUMMINSIND,27-Feb-2025,2025-02-27,3200.00,PE,0.00,0.00,0.00,122.25,155.25,0,0.00,0,0,06-JAN-2025
OPTIDX,BANKNIFTY,30-Jan-2025,2025-01-30,54600.00,CE,60.95,63.85,35.00,39.25,39.25,46869,384176.279,141435,21195,06-JAN-2025
OPTIDX,BANKNIFTY,27-Feb-2025,2025-02-27,54600.00,PE,0.00,0.00,0.00,2605.00,4322.45,0,0.00,120,0,06-JAN-2025
OPTIDX,BANKNIFTY,27-Mar-2025,2025-03-27,54600.00,CE,0.00,0.00,0.00,1136.60,379.65,0,0.00,0,0,06-JAN-2025
OPTIDX,BANKNIFTY,27-Mar-2025,2025-03-27,52800.00,CE,0.00,0.00,0.00,1789.80,772.25,0,0.00,0,0,06-JAN-2025
OPTSTK,JSWENERGY,27-Feb-2025,2025-02-27,550.00,CE,0.00,0.00,0.00,110.55,72.45,0,0.00,0,0,06-JAN-2025
OPTSTK,PRESTIGE,27-Feb-2025,2025-02-27,2100.00,CE,0.00,0.00,0.00,65.10,7.60,0,0.00,0,0,06-JAN-2025
OPTIDX,BANKNIFTY,27-Feb-2025,2025-02-27,52900.00,PE,0.00,0.00,0.00,1896.80,2894.85,0,0.00,1140,0,06-JAN-2025
OPTIDX,BANKNIFTY,27-Mar-2025,2025-03-27,52900.00,PE,0.00,0.00,0.00,2459.30,2945.45,0,0.00,0,0,06-JAN-2025
OPTIDX,BANKNIFTY,30-Jan-2025,2025-01-30,52900.00,CE,270.05,280.45,134.70,142.00,142.00,44837,357016.432,214290,36135,06-JAN-2025
OPTSTK,PRESTIGE,30-Jan-2025,2025-01-30,1900.00,CE,7.40,8.40,3.80,4.35,4.35,243,1504.63917,78325,6175,06-JAN-2025
OPTIDX,BANKNIFTY,30-Jan-2025,2025-01-30,48400.00,PE,126.80,392.20,121.25,341.55,341.55,56521,412527.725,96660,1020,06-JAN-2025
OPTSTK,CUMMINSIND,27-Feb-2025,2025-02-27,3700.00,PE,0.00,0.00,0.00,367.10,515.45,0,0.00,0,0,06-JAN-2025
OPTIDX,BANKNIFTY,30-Jan-2025,2025-01-30,52500.00,CE,348.10,387.65,183.00,193.90,193.90,244522,1934575.40,1098240,214500,06-JAN-2025
OPTIDX,BANKNIFTY,27-Feb-2025,2025-02-27,56600.00,PE,0.00,0.00,0.00,4233.15,6182.65,0,0.00,0,0,06-JAN-2025
OPTSTK,CUMMINSIND,27-Feb-2025,2025-02-27,3250.00,CE,0.00,0.00,0.00,303.70,139.45,0,0.00,0,0,06-JAN-2025
OPTSTK,SYNGENE,27-Feb-2025,2025-02-27,900.00,CE,0.00,0.00,0.00,22.00,21.50,0,0.00,6000,0,06-JAN-2025
OPTSTK,SYNGENE,27-Feb-2025,2025-02-27,910.00,CE,0.00,0.00,0.00,23.70,18.25,0,0.00,0,0,06-JAN-2025
OPTSTK,SYNGENE,30-Jan-2025,2025-01-30,910.00,CE,7.40,11.60,6.60,11.00,11.00,77,708.0035,48000,19000,06-JAN-2025
OPTSTK,SYNGENE,27-Feb-2025,2025-02-27,760.00,CE,0.00,0.00,0.00,175.70,112.40,0,0.00,0,0,06-JAN-2025
OPTSTK,SYNGENE,30-Jan-2025,2025-01-30,960.00,PE,0.00,0.00,0.00,105.05,95.10,0,0.00,0,0,06-JAN-2025
OPTSTK,SYNGENE,27-Feb-2025,2025-02-27,1000.00,PE,0.00,0.00,0.00,95.75,131.40,0,0.00,0,0,06-JAN-2025
OPTSTK,SYNGENE,27-Mar-2025,2025-03-27,960.00,PE,0.00,0.00,0.00,116.25,97.65,0,0.00,0,0,06-JAN-2025
OPTSTK,SYNGENE,27-Feb-2025,2025-02-27,860.00,PE,0.00,0.00,0.00,24.75,28.40,0,0.00,0,0,06-JAN-2025
OPTSTK,SYNGENE,30-Jan-2025,2025-01-30,860.00,PE,26.95,32.25,23.75,25.50,25.50,84,744.8135,90000,-3000,06-JAN-2025
OPTSTK,SYNGENE,27-Feb-2025,2025-02-27,1020.00,CE,0.00,0.00,0.00,25.25,2.00,0,0.00,0,0,06-JAN-2025
OPTSTK,PNB,27-Mar-2025,2025-03-27,98.00,PE,0.00,0.00,0.00,6.10,4.50,0,0.00,0,0,06-JAN-2025
OPTSTK,PNB,27-Mar-2025,2025-03-27,92.00,PE,0.00,0.00,0.00,3.85,2.50,0,0.00,0,0,06-JAN-2025
OPTSTK,PNB,27-Mar-2025,2025-03-27,92.00,CE,0.00,0.00,0.00,15.65,13.60,0,0.00,0,0,06-JAN-2025
OPTSTK,PNB,27-Mar-2025,2025-03-27,84.00,CE,0.00,0.00,0.00,21.50,19.85,0,0.00,0,0,06-JAN-2025
FUTSTK,PNB,27-Feb-2025,2025-02-27,,,106.87,106.98,102.25,102.83,102.83,1165,9653.9448,15784000,3344000,06-JAN-2025
OPTSTK,PNB,30-Jan-2025,2025-01-30,88.00,CE,0.00,0.00,0.00,15.30,14.35,0,0.00,0,0,06-JAN-2025
OPTSTK,PNB,27-Feb-2025,2025-02-27,100.00,PE,2.50,4.10,2.50,3.90,3.90,173,1433.156,968000,392000,06-JAN-2025
OPTSTK,PNB,27-Mar-2025,2025-03-27,108.00,CE,0.00,0.00,0.00,7.35,5.05,0,0.00,0,0,06-JAN-2025
OPTSTK,PNB,30-Jan-2025,2025-01-30,108.00,PE,4.25,7.45,4.10,7.15,7.15,168,1530.72,816000,-280000,06-JAN-2025
OPTSTK,PNB,27-Mar-2025,2025-03-27,108.00,PE,0.00,0.00,0.00,11.25,9.70,0,0.00,0,0,06-JAN-2025
OPTSTK,PNB,30-Jan-2025,2025-01-30,108.00,CE,2.75,2.75,1.25,1.35,1.35,1164,10196.704,4056000,-80000,06-JAN-2025
OPTSTK,PNB,27-Feb-2025,2025-02-27,108.00,CE,3.90,3.90,3.40,3.40,3.55,2,17.864,16000,16000,06-JAN-2025
OPTSTK,PNB,30-Jan-2025,2025-01-30,113.00,CE,1.00,1.00,0.50,0.55,0.55,377,3426.524,1296000,248000,06-JAN-2025
OPTSTK,PNB,30-Jan-2025,2025-01-30,118.00,CE,0.50,0.70,0.25,0.25,0.25,180,1703.548,1056000,-352000,06-JAN-2025
OPTSTK,PNB,30-Jan-2025,2025-01-30,126.00,PE,0.00,0.00,0.00,23.85,23.75,0,0.00,16000,0,06-JAN-2025
OPTSTK,PNB,30-Jan-2025,2025-01-30,102.00,CE,5.95,5.95,3.50,3.70,3.70,975,8268.416,2624000,1328000,06-JAN-2025
OPTSTK,PNB,30-Jan-2025,2025-01-30,102.00,PE,1.80,3.80,1.80,3.45,3.45,2408,20241.244,5384000,1184000,06-JAN-2025
OPTSTK,PNB,27-Feb-2025,2025-02-27,92.00,PE,0.00,0.00,0.00,1.00,1.60,0,0.00,64000,0,06-JAN-2025
FUTSTK,PNB,30-Jan-2025,2025-01-30,,,107.05,107.05,101.58,102.14,102.14,12765,105275.42,340408000,-448000,06-JAN-2025
OPTSTK,PNB,27-Mar-2025,2025-03-27,88.00,CE,0.00,0.00,0.00,18.45,16.60,0,0.00,0,0,06-JAN-2025
OPTSTK,PNB,27-Feb-2025,2025-02-27,120.00,PE,0.00,0.00,0.00,13.40,18.10,0,0.00,48000,0,06-JAN-2025
OPTSTK,PNB,30-Jan-2025,2025-01-30,103.00,PE,2.00,4.35,1.95,3.95,3.95,3647,31078.592,4056000,2168000,06-JAN-2025
OPTSTK,PNB,30-Jan-2025,2025-01-30,113.00,PE,0.00,0.00,0.00,11.10,11.50,0,0.00,0,0,06-JAN-2025
OPTSTK,PNB,27-Feb-2025,2025-02-27,104.00,PE,4.25,4.25,4.25,4.25,6.30,1,8.66,24000,8000,06-JAN-2025
OPTSTK,PNB,30-Jan-2025,2025-01-30,91.00,CE,0.00,0.00,0.00,18.30,11.65,0,0.00,0,0,06-JAN-2025
OPTSTK,PNB,27-Feb-2025,2025-02-27,91.00,PE,0.00,0.00,0.00,2.55,1.40,0,0.00,0,0,06-JAN-2025
OPTSTK,PNB,30-Jan-2025,2025-01-30,91.00,PE,0.25,0.65,0.25,0.65,0.65,120,877.716,960000,176000,06-JAN-2025
OPTSTK,PNB,27-Feb-2025,2025-02-27,91.00,CE,0.00,0.00,0.00,14.85,13.00,0,0.00,0,0,06-JAN-2025
OPTSTK,PNB,27-Feb-2025,2025-02-27,122.00,CE,0.70,0.70,0.65,0.65,0.80,2,19.628,8000,0,06-JAN-2025
OPTSTK,PNB,30-Jan-2025,2025-01-30,122.00,PE,19.40,19.55,19.40,19.55,19.85,2,22.636,3936000,0,06-JAN-2025
OPTSTK,PNB,27-Feb-2025,2025-02-27,122.00,PE,0.00,0.00,0.00,18.35,19.90,0,0.00,0,0,06-JAN-2025
OPTSTK,PNB,30-Jan-2025,2025-01-30,122.00,CE,0.20,0.20,0.10,0.10,0.10,123,1201.916,4560000,16000,06-JAN-2025
OPTSTK,PNB,27-Feb-2025,2025-02-27,97.00,PE,0.00,0.00,0.00,4.50,3.10,0,0.00,0,0,06-JAN-2025
OPTSTK,AUBANK,30-Jan-2025,2025-01-30,460.00,PE,0.55,0.80,0.50,0.70,0.70,49,225.703,412000,28000,06-JAN-2025
OPTSTK,ATUL,27-Feb-2025,2025-02-27,8000.00,PE,0.00,0.00,0.00,857.50,1139.30,0,0.00,0,0,06-JAN-2025
OPTSTK,AUBANK,27-Feb-2025,2025-02-27,510.00,CE,0.00,0.00,0.00,58.45,60.55,0,0.00,0,0,06-JAN-2025
OPTSTK,AUBANK,30-Jan-2025,2025-01-30,510.00,PE,2.75,4.80,1.85,4.50,4.50,277,1422.8565,198000,39000,06-JAN-2025
OPTSTK,AUBANK,27-Feb-2025,2025-02-27,535.00,CE,0.00,0.00,0.00,42.90,42.25,0,0.00,0,0,06-JAN-2025
OPTSTK,AUBANK,27-Feb-2025,2025-02-27,535.00,PE,0.00,0.00,0.00,22.90,12.35,0,0.00,0,0,06-JAN-2025
OPTSTK,ATUL,30-Jan-2025,2025-01-30,5800.00,PE,0.00,0.00,0.00,8.10,1.15,0,0.00,0,0,06-JAN-2025
OPTSTK,ATUL,27-Feb-2025,2025-02-27,5800.00,PE,0.00,0.00,0.00,30.10,11.85,0,0.00,0,0,06-JAN-2025
OPTSTK,AUBANK,27-Feb-2025,2025-02-27,645.00,CE,0.00,0.00,0.00,7.20,3.95,0,0.00,0,0,06-JAN-2025
OPTSTK,AUBANK,30-Jan-2025,2025-01-30,645.00,PE,0.00,0.00,0.00,94.60,83.00,0,0.00,0,0,06-JAN-2025
OPTSTK,AUBANK,27-Feb-2025,2025-02-27,645.00,PE,0.00,0.00,0.00,95.85,83.00,0,0.00,0,0,06-JAN-2025
OPTSTK,AUBANK,30-Jan-2025,2025-01-30,645.00,CE,1.35,1.35,1.35,1.35,1.35,1,6.4635,2000,1000,06-JAN-2025
OPTSTK,AUBANK,30-Jan-2025,2025-01-30,620.00,CE,5.35,7.00,2.75,2.85,2.85,825,5149.006,532000,143000,06-JAN-2025
OPTSTK,AUBANK,27-Feb-2025,2025-02-27,560.00,CE,0.00,0.00,0.00,61.60,27.65,0,0.00,0,0,06-JAN-2025
OPTSTK,AUBANK,30-Jan-2025,2025-01-30,560.00,PE,10.95,21.75,9.50,20.25,20.25,1222,7061.356,392000,23000,06-JAN-2025
OPTSTK,AUBANK,27-Mar-2025,2025-03-27,560.00,CE,0.00,0.00,0.00,38.30,35.10,0,0.00,0,0,06-JAN-2025
OPTSTK,AUBANK,27-Feb-2025,2025-02-27,510.00,PE,0.00,0.00,0.00,13.75,5.85,0,0.00,0,0,06-JAN-2025
OPTSTK,AUBANK,27-Mar-2025,2025-03-27,590.00,PE,0.00,0.00,0.00,57.55,43.65,0,0.00,0,0,06-JAN-2025
OPTSTK,AUBANK,30-Jan-2025,2025-01-30,525.00,PE,3.20,7.60,3.20,7.20,7.20,174,923.569,62000,-9000,06-JAN-2025
OPTSTK,AUBANK,30-Jan-2025,2025-01-30,545.00,PE,5.80,14.20,5.75,13.30,13.30,625,3477.4525,257000,81000,06-JAN-2025
OPTSTK,AUBANK,27-Feb-2025,2025-02-27,545.00,PE,0.00,0.00,0.00,27.35,15.95,0,0.00,0,0,06-JAN-2025
OPTSTK,AUBANK,30-Jan-2025,2025-01-30,465.00,PE,0.00,0.00,0.00,1.50,0.10,0,0.00,0,0,06-JAN-2025
OPTSTK,ATUL,30-Jan-2025,2025-01-30,6500.00,PE,71.95,101.00,69.00,98.80,98.80,193,1271.2776,10100,1000,06-JAN-2025
OPTSTK,AUBANK,27-Feb-2025,2025-02-27,475.00,CE,0.00,0.00,0.00,84.95,90.85,0,0.00,0,0,06-JAN-2025
OPTSTK,AUBANK,27-Feb-2025,2025-02-27,620.00,PE,0.00,0.00,0.00,55.80,61.90,0,0.00,0,0,06-JAN-2025
OPTSTK,AUBANK,27-Mar-2025,2025-03-27,560.00,PE,0.00,0.00,0.00,39.90,27.05,0,0.00,0,0,06-JAN-2025
OPTSTK,AUBANK,27-Feb-2025,2025-02-27,560.00,PE,0.00,0.00,0.00,19.50,22.50,0,0.00,1000,0,06-JAN-2025
OPTSTK,ATUL,30-Jan-2025,2025-01-30,7100.00,CE,176.00,177.00,104.95,115.00,85.55,29,210.47665,14100,900,06-JAN-2025
OPTSTK,AUBANK,27-Mar-2025,2025-03-27,520.00,CE,0.00,0.00,0.00,59.50,59.35,0,0.00,0,0,06-JAN-2025
OPTSTK,AUBANK,30-Jan-2025,2025-01-30,530.00,PE,3.95,9.10,3.45,8.55,8.55,740,3973.735,407000,31000,06-JAN-2025
OPTSTK,AUBANK,27-Feb-2025,2025-02-27,530.00,CE,0.00,0.00,0.00,45.75,45.65,0,0.00,0,0,06-JAN-2025
OPTSTK,AUBANK,27-Feb-2025,2025-02-27,530.00,PE,11.00,14.00,10.80,14.00,10.75,7,38.018,38000,6000,06-JAN-2025
OPTSTK,BERGEPAINT,30-Jan-2025,2025-01-30,480.00,PE,30.55,36.60,30.55,34.05,32.25,5,33.8943,63360,-3960,06-JAN-2025
OPTSTK,BERGEPAINT,30-Jan-2025,2025-01-30,460.00,CE,10.55,10.55,5.35,7.10,7.10,518,3194.87784,438240,79200,06-JAN-2025
OPTSTK,BERGEPAINT,27-Feb-2025,2025-02-27,405.00,PE,0.00,0.00,0.00,6.00,1.95,0,0.00,0,0,06-JAN-2025
OPTSTK,BERGEPAINT,27-Feb-2025,2025-02-27,405.00,CE,0.00,0.00,0.00,47.10,48.45,0,0.00,0,0,06-JAN-2025
OPTSTK,POONAWALLA,30-Jan-2025,2025-01-30,350.00,CE,2.00,3.85,1.60,1.75,1.75,1001,5119.19962,784450,-56550,06-JAN-2025
OPTSTK,BERGEPAINT,27-Feb-2025,2025-02-27,430.00,CE,0.00,0.00,0.00,72.85,28.70,0,0.00,0,0,06-JAN-2025
OPTSTK,BERGEPAINT,27-Feb-2025,2025-02-27,430.00,PE,7.90,7.90,7.90,7.90,6.95,1,5.78028,1320,1320,06-JAN-2025
OPTSTK,POONAWALLA,27-Mar-2025,2025-03-27,330.00,PE,0.00,0.00,0.00,33.65,30.75,0,0.00,0,0,06-JAN-2025
OPTSTK,BERGEPAINT,27-Feb-2025,2025-02-27,400.00,CE,0.00,0.00,0.00,98.65,52.85,0,0.00,0,0,06-JAN-2025
OPTSTK,POONAWALLA,30-Jan-2025,2025-01-30,320.00,CE,10.90,14.90,7.70,8.25,8.25,981,4713.13582,658300,102950,06-JAN-2025
OPTSTK,POONAWALLA,27-Mar-2025,2025-03-27,320.00,PE,0.00,0.00,0.00,28.30,25.00,0,0.00,0,0,06-JAN-2025
OPTSTK,POONAWALLA,30-Jan-2025,2025-01-30,280.00,PE,1.10,2.40,0.85,2.25,2.25,70,285.64855,227650,30450,06-JAN-2025
OPTSTK,POONAWALLA,27-Feb-2025,2025-02-27,295.00,CE,0.00,0.00,0.00,42.35,31.10,0,0.00,0,0,06-JAN-2025
OPTSTK,BERGEPAINT,27-Feb-2025,2025-02-27,480.00,CE,0.00,0.00,0.00,38.30,6.05,0,0.00,0,0,06-JAN-2025
OPTSTK,BERGEPAINT,30-Jan-2025,2025-01-30,435.00,PE,5.00,7.00,5.00,6.75,6.75,24,139.78998,39600,-3960,06-JAN-2025
OPTSTK,POONAWALLA,30-Jan-2025,2025-01-30,330.00,CE,6.75,9.95,4.65,5.05,5.05,1410,6904.30912,435000,79750,06-JAN-2025
OPTSTK,POONAWALLA,30-Jan-2025,2025-01-30,330.00,PE,15.00,20.55,14.10,20.55,22.40,20,100.577075,78300,8700,06-JAN-2025
OPTSTK,POONAWALLA,27-Feb-2025,2025-02-27,330.00,PE,0.00,0.00,0.00,15.85,27.25,0,0.00,0,0,06-JAN-2025
OPTSTK,POONAWALLA,27-Mar-2025,2025-03-27,330.00,CE,0.00,0.00,0.00,30.05,18.90,0,0.00,0,0,06-JAN-2025
OPTSTK,POONAWALLA,27-Feb-2025,2025-02-27,330.00,CE,0.00,0.00,0.00,64.50,13.70,0,0.00,0,0,06-JAN-2025
OPTSTK,POONAWALLA,30-Jan-2025,2025-01-30,355.00,CE,1.90,1.90,1.60,1.60,2.20,4,20.68715,14500,0,06-JAN-2025
OPTSTK,POONAWALLA,27-Feb-2025,2025-02-27,355.00,CE,0.00,0.00,0.00,15.10,6.75,0,0.00,0,0,06-JAN-2025
OPTSTK,BERGEPAINT,27-Feb-2025,2025-02-27,450.00,PE,0.00,0.00,0.00,10.00,14.90,0,0.00,0,0,06-JAN-2025
OPTSTK,BERGEPAINT,27-Feb-2025,2025-02-27,530.00,CE,0.00,0.00,0.00,16.80,0.60,0,0.00,0,0,06-JAN-2025
OPTSTK,POONAWALLA,27-Feb-2025,2025-02-27,315.00,CE,0.00,0.00,0.00,30.95,19.95,0,0.00,0,0,06-JAN-2025
OPTSTK,POONAWALLA,30-Jan-2025,2025-01-30,315.00,CE,12.20,18.00,9.75,10.20,10.20,165,783.522725,82650,8700,06-JAN-2025
OPTSTK,BERGEPAINT,30-Jan-2025,2025-01-30,485.00,PE,34.45,36.95,34.45,36.95,36.65,4,27.47184,3960,-2640,06-JAN-2025
OPTSTK,BERGEPAINT,27-Feb-2025,2025-02-27,485.00,CE,0.00,0.00,0.00,8.20,5.00,0,0.00,0,0,06-JAN-2025
OPTSTK,BERGEPAINT,27-Mar-2025,2025-03-27,390.00,PE,0.00,0.00,0.00,5.25,1.75,0,0.00,0,0,06-JAN-2025
OPTSTK,BERGEPAINT,27-Mar-2025,2025-03-27,390.00,CE,0.00,0.00,0.00,63.30,65.05,0,0.00,0,0,06-JAN-2025
OPTSTK,POONAWALLA,30-Jan-2025,2025-01-30,390.00,CE,0.00,0.00,0.00,0.50,0.30,0,0.00,2900,0,06-JAN-2025
OPTSTK,RELIANCE,30-Jan-2025,2025-01-30,1110.00,CE,114.05,114.05,114.05,114.05,114.05,1,6.12025,1000,500,06-JAN-2025
OPTSTK,RELIANCE,27-Feb-2025,2025-02-27,1310.00,CE,20.00,21.70,15.80,17.25,13.95,21,139.4805,13000,5000,06-JAN-2025
OPTSTK,RELIANCE,30-Jan-2025,2025-01-30,1310.00,PE,53.35,90.65,53.00,88.80,88.80,135,931.21925,272500,11500,06-JAN-2025
OPTSTK,RELIANCE,27-Feb-2025,2025-02-27,1310.00,PE,0.00,0.00,0.00,101.25,93.40,0,0.00,0,0,06-JAN-2025
OPTSTK,RELIANCE,27-Mar-2025,2025-03-27,1260.00,CE,55.00,58.35,41.00,41.25,41.25,22,143.715,7500,7000,06-JAN-2025
OPTSTK,RELIANCE,30-Jan-2025,2025-01-30,1260.00,PE,26.10,48.70,21.05,46.80,46.80,6334,40905.4,1859500,190500,06-JAN-2025
OPTSTK,RELIANCE,27-Mar-2025,2025-03-27,1140.00,CE,0.00,0.00,0.00,121.30,110.15,0,0.00,0,0,06-JAN-2025
OPTSTK,RELIANCE,30-Jan-2025,2025-01-30,1150.00,PE,2.60,6.45,1.95,6.05,6.05,4484,25872.5647,1534500,151500,06-JAN-2025
OPTSTK,RELIANCE,27-Feb-2025,2025-02-27,1250.00,CE,46.85,51.55,31.10,31.95,31.95,257,1657.09325,143500,21000,06-JAN-2025
OPTSTK,RELIANCE,27-Feb-2025,2025-02-27,1250.00,PE,31.00,49.65,27.30,48.30,48.30,163,1051.174,69500,9000,06-JAN-2025
OPTSTK,RELIANCE,30-Jan-2025,2025-01-30,1430.00,PE,0.00,0.00,0.00,167.00,205.75,0,0.00,37500,0,06-JAN-2025
OPTSTK,RELIANCE,27-Feb-2025,2025-02-27,1220.00,PE,20.80,33.60,18.00,32.95,32.95,77,479.51775,50500,1500,06-JAN-2025
OPTSTK,RELIANCE,27-Mar-2025,2025-03-27,1340.00,CE,0.00,0.00,0.00,23.00,16.80,0,0.00,1000,0,06-JAN-2025
OPTSTK,RELIANCE,30-Jan-2025,2025-01-30,1520.00,CE,0.35,0.35,0.30,0.35,0.35,139,1056.61575,747000,-15000,06-JAN-2025
OPTSTK,RELIANCE,27-Feb-2025,2025-02-27,1520.00,PE,0.00,0.00,0.00,250.00,287.65,0,0.00,1000,0,06-JAN-2025
OPTSTK,RELIANCE,30-Jan-2025,2025-01-30,1040.00,PE,0.60,0.95,0.45,0.85,0.85,224,1165.58425,422500,-3500,06-JAN-2025
OPTSTK,RELIANCE,27-Mar-2025,2025-03-27,1040.00,CE,0.00,0.00,0.00,201.40,195.70,0,0.00,0,0,06-JAN-2025
OPTSTK,RELIANCE,27-Mar-2025,2025-03-27,1240.00,PE,32.00,47.80,32.00,47.20,47.20,41,262.65775,16500,14500,06-JAN-2025
OPTSTK,RELIANCE,27-Feb-2025,2025-02-27,1180.00,CE,0.00,0.00,0.00,117.00,69.50,0,0.00,1000,0,06-JAN-2025
OPTSTK,RELIANCE,27-Mar-2025,2025-03-27,1180.00,PE,0.00,0.00,0.00,37.05,26.85,0,0.00,0,0,06-JAN-2025
OPTSTK,RELIANCE,30-Jan-2025,2025-01-30,1180.00,CE,80.45,90.00,53.75,55.70,55.70,261,1623.67625,123000,20000,06-JAN-2025
OPTSTK,RELIANCE,27-Feb-2025,2025-02-27,1350.00,CE,11.90,11.90,7.25,7.90,7.90,49,333.0495,14500,5500,06-JAN-2025
OPTSTK,RELIANCE,30-Jan-2025,2025-01-30,1350.00,PE,93.50,128.10,86.10,125.25,125.25,393,2868.57675,1213500,-49500,06-JAN-2025
OPTSTK,RELIANCE,27-Feb-2025,2025-02-27,1350.00,PE,90.00,100.00,90.00,100.00,126.40,4,28.949,5000,1500,06-JAN-2025
OPTSTK,RELIANCE,27-Mar-2025,2025-03-27,1220.00,CE,0.00,0.00,0.00,72.50,58.85,0,0.00,0,0,06-JAN-2025
OPTSTK,RELIANCE,27-Feb-2025,2025-02-27,1220.00,CE,63.90,69.20,45.70,46.85,46.85,74,470.54,63000,14500,06-JAN-2025
OPTSTK,RELIANCE,30-Jan-2025,2025-01-30,1040.00,CE,0.00,0.00,0.00,181.00,182.65,0,0.00,500,0,06-JAN-2025
OPTSTK,RELIANCE,27-Mar-2025,2025-03-27,1040.00,PE,0.00,0.00,0.00,6.10,2.40,0,0.00,0,0,06-JAN-2025
OPTSTK,RELIANCE,30-Jan-2025,2025-01-30,1360.00,PE,108.75,118.05,101.15,118.05,136.90,5,36.79475,80000,0,06-JAN-2025
OPTSTK,RELIANCE,27-Mar-2025,2025-03-27,1300.00,PE,0.00,0.00,0.00,99.15,89.50,0,0.00,0,0,06-JAN-2025
OPTSTK,RELIANCE,30-Jan-2025,2025-01-30,1170.00,PE,4.05,9.60,2.85,9.00,9.00,3867,22740.9587,675000,37000,06-JAN-2025
OPTSTK,IRCTC,27-Mar-2025,2025-03-27,720.00,CE,0.00,0.00,0.00,100.55,79.70,0,0.00,0,0,06-JAN-2025
OPTSTK,NTPC,30-Jan-2025,2025-01-30,330.00,CE,14.80,14.80,7.40,7.85,7.85,2566,13067.592,2365500,244500,06-JAN-2025
OPTSTK,NTPC,30-Jan-2025,2025-01-30,390.00,CE,0.35,0.35,0.20,0.25,0.25,174,1018.58925,964500,-40500,06-JAN-2025
OPTSTK,NTPC,30-Jan-2025,2025-01-30,410.00,CE,0.15,0.15,0.15,0.15,0.15,20,123.045,220500,-16500,06-JAN-2025
OPTSTK,NTPC,30-Jan-2025,2025-01-30,400.00,PE,60.55,60.55,59.35,59.90,70.75,3,20.697,693000,-1500,06-JAN-2025
OPTSTK,NTPC,27-Mar-2025,2025-03-27,350.00,PE,0.00,0.00,0.00,28.45,28.25,0,0.00,0,0,06-JAN-2025
OPTSTK,NTPC,27-Mar-2025,2025-03-27,280.00,PE,0.00,0.00,0.00,2.70,2.05,0,0.00,37500,0,06-JAN-2025
OPTSTK,NTPC,30-Jan-2025,2025-01-30,280.00,PE,0.15,0.35,0.15,0.30,0.30,215,903.77175,1146000,60000,06-JAN-2025
OPTSTK,NTPC,30-Jan-2025,2025-01-30,405.00,PE,0.00,0.00,0.00,61.00,75.75,0,0.00,3000,0,06-JAN-2025
OPTSTK,NTPC,30-Jan-2025,2025-01-30,350.00,CE,4.20,4.85,1.75,1.90,1.90,5675,30027.8025,5934000,226500,06-JAN-2025
OPTSTK,NTPC,30-Jan-2025,2025-01-30,430.00,PE,0.00,0.00,0.00,92.00,100.60,0,0.00,262500,0,06-JAN-2025
OPTSTK,NTPC,30-Jan-2025,2025-01-30,430.00,CE,0.10,0.10,0.10,0.10,0.05,1,6.4515,153000,0,06-JAN-2025
OPTSTK,IRCTC,27-Feb-2025,2025-02-27,830.00,CE,15.25,15.25,15.25,15.25,16.65,1,7.3959375,875,875,06-JAN-2025
OPTSTK,NTPC,27-Mar-2025,2025-03-27,380.00,PE,0.00,0.00,0.00,48.55,51.05,0,0.00,0,0,06-JAN-2025
OPTSTK,NTPC,30-Jan-2025,2025-01-30,380.00,PE,47.40,47.45,47.40,47.45,51.10,8,51.29325,577500,-1500,06-JAN-2025
OPTSTK,NTPC,27-Mar-2025,2025-03-27,310.00,CE,0.00,0.00,0.00,40.60,30.40,0,0.00,0,0,06-JAN-2025
OPTSTK,NTPC,30-Jan-2025,2025-01-30,375.00,CE,1.05,1.05,0.45,0.50,0.50,381,2146.62225,1300500,159000,06-JAN-2025
OPTSTK,NTPC,27-Feb-2025,2025-02-27,375.00,PE,0.00,0.00,0.00,43.05,46.30,0,0.00,0,0,06-JAN-2025
OPTSTK,NTPC,30-Jan-2025,2025-01-30,375.00,PE,42.20,42.20,41.75,41.75,46.25,2,12.50925,27000,3000,06-JAN-2025
OPTSTK,IRCTC,27-Feb-2025,2025-02-27,660.00,CE,0.00,0.00,0.00,147.00,119.60,0,0.00,875,0,06-JAN-2025
OPTSTK,IRCTC,27-Feb-2025,2025-02-27,660.00,PE,0.00,0.00,0.00,7.70,2.95,0,0.00,0,0,06-JAN-2025
OPTSTK,IRCTC,30-Jan-2025,2025-01-30,960.00,CE,0.50,0.55,0.35,0.40,0.40,10,84.0354375,37625,-5250,06-JAN-2025
OPTSTK,IRCTC,27-Feb-2025,2025-02-27,900.00,CE,5.55,7.85,4.00,4.70,4.70,109,863.137625,139125,5250,06-JAN-2025
OPTSTK,NTPC,30-Jan-2025,2025-01-30,420.00,CE,0.10,0.15,0.05,0.10,0.10,30,189.045,270000,0,06-JAN-2025
FUTSTK,NTPC,30-Jan-2025,2025-01-30,,,343.75,343.75,327.65,328.40,328.40,12375,61934.1825,121492500,-1062000,06-JAN-2025
OPTSTK,IRCTC,27-Mar-2025,2025-03-27,920.00,CE,0.00,0.00,0.00,19.40,7.80,0,0.00,0,0,06-JAN-2025
OPTSTK,IRCTC,30-Jan-2025,2025-01-30,880.00,PE,0.00,0.00,0.00,83.00,107.15,0,0.00,33250,0,06-JAN-2025
OPTSTK,NTPC,27-Mar-2025,2025-03-27,400.00,CE,0.00,0.00,0.00,6.20,1.95,0,0.00,0,0,06-JAN-2025
OPTSTK,IRCTC,30-Jan-2025,2025-01-30,850.00,PE,60.00,83.50,58.50,78.45,78.45,56,455.067812,390250,-18375,06-JAN-2025
OPTSTK,IRCTC,27-Feb-2025,2025-02-27,850.00,PE,74.00,84.05,74.00,84.05,83.50,3,24.430875,14875,0,06-JAN-2025
OPTSTK,IRCTC,30-Jan-2025,2025-01-30,890.00,CE,1.60,1.65,0.90,1.00,1.00,149,1161.81931,134750,4375,06-JAN-2025
OPTSTK,NTPC,27-Feb-2025,2025-02-27,335.00,CE,0.00,0.00,0.00,15.00,12.40,0,0.00,1500,0,06-JAN-2025
OPTSTK,NTPC,27-Mar-2025,2025-03-27,320.00,PE,0.00,0.00,0.00,13.85,12.05,0,0.00,0,0,06-JAN-2025
OPTIDX,FINNIFTY,27-Feb-2025,2025-02-27,26900.00,PE,0.00,0.00,0.00,2615.30,3334.25,0,0.00,0,0,06-JAN-2025
OPTIDX,FINNIFTY,30-Jan-2025,2025-01-30,23150.00,CE,850.95,850.95,558.05,587.25,587.25,70,416.372562,1800,650,06-JAN-2025
OPTIDX,FINNIFTY,30-Jan-2025,2025-01-30,22850.00,CE,873.10,873.10,873.10,873.10,740.55,4,23.7231,1325,100,06-JAN-2025
OPTIDX,FINNIFTY,30-Jan-2025,2025-01-30,23050.00,PE,130.30,303.70,125.00,268.60,268.60,1884,10959.7077,6600,4625,06-JAN-2025
OPTIDX,FINNIFTY,27-Feb-2025,2025-02-27,25100.00,PE,0.00,0.00,0.00,1317.10,1663.35,0,0.00,0,0,06-JAN-2025
OPTIDX,FINNIFTY,30-Jan-2025,2025-01-30,21400.00,CE,0.00,0.00,0.00,3414.55,2018.50,0,0.00,0,0,06-JAN-2025
OPTIDX,FINNIFTY,30-Jan-2025,2025-01-30,21400.00,PE,9.60,23.95,8.70,20.15,20.15,1910,10225.2755,7950,-3150,06-JAN-2025
OPTIDX,FINNIFTY,30-Jan-2025,2025-01-30,24000.00,PE,451.05,826.35,440.20,773.95,773.95,8099,49727.4425,122625,22025,06-JAN-2025
OPTIDX,FINNIFTY,27-Mar-2025,2025-03-27,25400.00,PE,0.00,0.00,0.00,1828.45,1895.40,0,0.00,0,0,06-JAN-2025
OPTIDX,FINNIFTY,30-Jan-2025,2025-01-30,24900.00,PE,0.00,0.00,0.00,924.00,1506.75,0,0.00,125,0,06-JAN-2025
OPTIDX,FINNIFTY,27-Mar-2025,2025-03-27,24900.00,CE,0.00,0.00,0.00,504.10,288.15,0,0.00,0,0,06-JAN-2025
OPTIDX,FINNIFTY,30-Jan-2025,2025-01-30,23100.00,CE,772.00,772.00,599.50,609.10,574.80,60,356.4729,1375,250,06-JAN-2025
OPTIDX,FINNIFTY,27-Feb-2025,2025-02-27,24000.00,PE,0.00,0.00,0.00,745.20,843.55,0,0.00,0,0,06-JAN-2025
OPTIDX,FINNIFTY,27-Mar-2025,2025-03-27,22000.00,PE,0.00,0.00,0.00,223.70,164.40,0,0.00,0,0,06-JAN-2025
OPTIDX,FINNIFTY,27-Mar-2025,2025-03-27,22000.00,CE,0.00,0.00,0.00,2105.00,1805.30,0,0.00,0,0,06-JAN-2025
OPTIDX,FINNIFTY,30-Jan-2025,2025-01-30,20000.00,PE,4.20,6.00,3.35,4.65,4.65,7327,36644.1002,50075,18650,06-JAN-2025
OPTIDX,FINNIFTY,30-Jan-2025,2025-01-30,24950.00,PE,0.00,0.00,0.00,952.00,1553.05,0,0.00,325,0,06-JAN-2025
OPTIDX,FINNIFTY,30-Jan-2025,2025-01-30,22200.00,PE,36.00,90.95,26.55,77.85,77.85,3571,19874.0949,24225,1225,06-JAN-2025
OPTIDX,FINNIFTY,27-Feb-2025,2025-02-27,26300.00,CE,0.00,0.00,0.00,362.70,24.25,0,0.00,0,0,06-JAN-2025
OPTIDX,FINNIFTY,27-Mar-2025,2025-03-27,24700.00,PE,0.00,0.00,0.00,1343.10,1359.05,0,0.00,0,0,06-JAN-2025
OPTIDX,FINNIFTY,30-Jan-2025,2025-01-30,24700.00,CE,113.10,119.50,61.80,66.05,66.05,2670,16543.0153,26300,6600,06-JAN-2025
OPTIDX,FINNIFTY,27-Feb-2025,2025-02-27,23400.00,PE,0.00,0.00,0.00,513.40,514.35,0,0.00,0,0,06-JAN-2025
OPTIDX,FINNIFTY,30-Jan-2025,2025-01-30,26600.00,CE,7.15,7.15,4.65,5.25,5.25,579,3851.1782,7200,450,06-JAN-2025
OPTIDX,FINNIFTY,27-Feb-2025,2025-02-27,25100.00,CE,0.00,0.00,0.00,716.60,121.40,0,0.00,0,0,06-JAN-2025
OPTIDX,FINNIFTY,27-Feb-2025,2025-02-27,23600.00,CE,0.00,0.00,0.00,1456.85,557.25,0,0.00,0,0,06-JAN-2025
OPTIDX,FINNIFTY,30-Jan-2025,2025-01-30,23600.00,CE,530.00,580.85,327.20,353.60,353.60,7616,45710.8945,28350,12075,06-JAN-2025
OPTIDX,FINNIFTY,30-Jan-2025,2025-01-30,22550.00,PE,59.95,152.05,58.00,134.35,134.35,1405,7955.918,4450,-1575,06-JAN-2025
OPTIDX,FINNIFTY,27-Mar-2025,2025-03-27,22800.00,CE,0.00,0.00,0.00,1813.00,1217.50,0,0.00,260,0,06-JAN-2025
OPTIDX,FINNIFTY,30-Jan-2025,2025-01-30,22550.00,CE,0.00,0.00,0.00,1221.65,967.85,0,0.00,0,0,06-JAN-2025
OPTIDX,FINNIFTY,27-Mar-2025,2025-03-27,22800.00,PE,0.00,0.00,0.00,429.05,364.80,0,0.00,0,0,06-JAN-2025
OPTIDX,FINNIFTY,30-Jan-2025,2025-01-30,22950.00,PE,108.70,266.00,104.55,239.00,239.00,1870,10818.2110,8075,5225,06-JAN-2025
OPTSTK,COROMANDEL,27-Feb-2025,2025-02-27,1820.00,CE,0.00,0.00,0.00,120.85,160.40,0,0.00,0,0,06-JAN-2025
OPTSTK,COROMANDEL,27-Feb-2025,2025-02-27,1560.00,PE,0.00,0.00,0.00,29.75,0.65,0,0.00,0,0,06-JAN-2025
OPTSTK,GUJGASLTD,27-Feb-2025,2025-02-27,475.00,PE,0.00,0.00,0.00,13.60,7.95,0,0.00,0,0,06-JAN-2025
OPTSTK,GUJGASLTD,27-Feb-2025,2025-02-27,475.00,CE,0.00,0.00,0.00,53.55,46.50,0,0.00,0,0,06-JAN-2025
OPTSTK,GUJGASLTD,27-Feb-2025,2025-02-27,560.00,PE,0.00,0.00,0.00,88.60,53.35,0,0.00,0,0,06-JAN-2025
OPTSTK,GUJGASLTD,27-Feb-2025,2025-02-27,470.00,CE,0.00,0.00,0.00,57.00,50.20,0,0.00,0,0,06-JAN-2025
OPTSTK,GUJGASLTD,27-Feb-2025,2025-02-27,530.00,CE,0.00,0.00,0.00,24.35,16.20,0,0.00,0,0,06-JAN-2025
OPTSTK,GUJGASLTD,27-Feb-2025,2025-02-27,490.00,PE,0.00,0.00,0.00,18.90,12.50,0,0.00,0,0,06-JAN-2025
OPTSTK,GUJGASLTD,30-Jan-2025,2025-01-30,490.00,PE,5.30,8.20,5.30,6.85,6.85,160,993.7525,208750,2500,06-JAN-2025
OPTSTK,GUJGASLTD,27-Feb-2025,2025-02-27,525.00,CE,0.00,0.00,0.00,26.35,18.10,0,0.00,0,0,06-JAN-2025
OPTSTK,GUJGASLTD,27-Feb-2025,2025-02-27,530.00,PE,0.00,0.00,0.00,38.70,32.10,0,0.00,0,0,06-JAN-2025
OPTSTK,GUJGASLTD,27-Feb-2025,2025-02-27,590.00,PE,0.00,0.00,0.00,81.90,78.65,0,0.00,0,0,06-JAN-2025
OPTSTK,GUJGASLTD,27-Feb-2025,2025-02-27,470.00,PE,0.00,0.00,0.00,12.10,6.70,0,0.00,0,0,06-JAN-2025
OPTSTK,COROMANDEL,27-Feb-2025,2025-02-27,1640.00,PE,0.00,0.00,0.00,51.20,2.55,0,0.00,0,0,06-JAN-2025
OPTSTK,GUJGASLTD,27-Feb-2025,2025-02-27,555.00,CE,0.00,0.00,0.00,15.95,8.80,0,0.00,0,0,06-JAN-2025
OPTSTK,GUJGASLTD,27-Feb-2025,2025-02-27,555.00,PE,0.00,0.00,0.00,55.00,49.50,0,0.00,0,0,06-JAN-2025
OPTSTK,COROMANDEL,30-Jan-2025,2025-01-30,1840.00,CE,140.05,140.05,137.00,137.00,120.45,13,90.014225,34300,0,06-JAN-2025
OPTSTK,COROMANDEL,30-Jan-2025,2025-01-30,1840.00,PE,12.50,18.85,11.00,17.60,17.60,109,707.740425,59850,350,06-JAN-2025
OPTSTK,COROMANDEL,27-Feb-2025,2025-02-27,1840.00,PE,0.00,0.00,0.00,142.50,30.05,0,0.00,0,0,06-JAN-2025
OPTSTK,GUJGASLTD,30-Jan-2025,2025-01-30,580.00,CE,0.75,0.80,0.55,0.75,0.75,97,704.106875,523750,-1250,06-JAN-2025
OPTSTK,COROMANDEL,27-Feb-2025,2025-02-27,1960.00,PE,0.00,0.00,0.00,221.95,77.85,0,0.00,0,0,06-JAN-2025
OPTSTK,COROMANDEL,30-Jan-2025,2025-01-30,2080.00,CE,17.00,19.70,12.05,15.25,15.25,63,461.966225,49700,6300,06-JAN-2025
OPTSTK,GUJGASLTD,27-Feb-2025,2025-02-27,515.00,PE,0.00,0.00,0.00,30.30,23.50,0,0.00,0,0,06-JAN-2025
OPTSTK,COROMANDEL,30-Jan-2025,2025-01-30,2080.00,PE,0.00,0.00,0.00,128.55,144.05,0,0.00,1050,0,06-JAN-2025
OPTSTK,GUJGASLTD,30-Jan-2025,2025-01-30,570.00,PE,0.00,0.00,0.00,95.80,59.95,0,0.00,0,0,06-JAN-2025
OPTSTK,GUJGASLTD,30-Jan-2025,2025-01-30,455.00,PE,1.55,1.90,1.50,1.90,1.05,34,194.110625,198750,16250,06-JAN-2025
OPTSTK,COROMANDEL,27-Feb-2025,2025-02-27,2040.00,PE,0.00,0.00,0.00,283.20,125.80,0,0.00,0,0,06-JAN-2025
OPTSTK,GUJGASLTD,30-Jan-2025,2025-01-30,420.00,PE,0.35,0.45,0.35,0.40,0.40,10,52.549375,213750,0,06-JAN-2025
OPTSTK,GUJGASLTD,27-Feb-2025,2025-02-27,580.00,CE,0.00,0.00,0.00,7.65,4.45,0,0.00,0,0,06-JAN-2025
OPTSTK,COROMANDEL,30-Jan-2025,2025-01-30,1960.00,PE,51.00,65.35,44.00,61.75,61.75,304,2143.74947,31850,7700,06-JAN-2025
OPTSTK,GUJGASLTD,30-Jan-2025,2025-01-30,565.00,PE,0.00,0.00,0.00,58.45,55.35,0,0.00,0,0,06-JAN-2025
OPTSTK,GUJGASLTD,30-Jan-2025,2025-01-30,600.00,PE,0.00,0.00,0.00,85.55,88.65,0,0.00,11250,0,06-JAN-2025
OPTSTK,OBEROIRLTY,30-Jan-2025,2025-01-30,2060.00,CE,172.50,172.50,167.45,167.45,177.70,2,15.609825,700,700,06-JAN-2025
OPTSTK,OBEROIRLTY,27-Feb-2025,2025-02-27,2160.00,CE,0.00,0.00,0.00,117.95,147.45,0,0.00,0,0,06-JAN-2025
OPTSTK,OBEROIRLTY,27-Feb-2025,2025-02-27,2160.00,PE,0.00,0.00,0.00,55.00,77.35,0,0.00,350,0,06-JAN-2025
OPTSTK,OBEROIRLTY,27-Feb-2025,2025-02-27,2000.00,CE,0.00,0.00,0.00,186.90,256.40,0,0.00,0,0,06-JAN-2025
OPTSTK,OBEROIRLTY,30-Jan-2025,2025-01-30,2480.00,PE,278.85,278.85,278.85,278.85,268.60,1,9.655975,700,0,06-JAN-2025
OPTSTK,OBEROIRLTY,30-Jan-2025,2025-01-30,2440.00,PE,0.00,0.00,0.00,141.30,233.00,0,0.00,700,0,06-JAN-2025
OPTSTK,OBEROIRLTY,27-Feb-2025,2025-02-27,2540.00,PE,0.00,0.00,0.00,269.70,329.30,0,0.00,0,0,06-JAN-2025
OPTSTK,OBEROIRLTY,27-Feb-2025,2025-02-27,1960.00,CE,0.00,0.00,0.00,207.95,288.60,0,0.00,0,0,06-JAN-2025
OPTSTK,OBEROIRLTY,27-Feb-2025,2025-02-27,1960.00,PE,0.00,0.00,0.00,113.30,20.40,0,0.00,0,0,06-JAN-2025
OPTSTK,OBEROIRLTY,27-Mar-2025,2025-03-27,2480.00,PE,0.00,0.00,0.00,251.10,290.55,0,0.00,0,0,06-JAN-2025
OPTSTK,OBEROIRLTY,27-Mar-2025,2025-03-27,2640.00,PE,0.00,0.00,0.00,359.35,420.05,0,0.00,0,0,06-JAN-2025
OPTSTK,OBEROIRLTY,27-Mar-2025,2025-03-27,2640.00,CE,0.00,0.00,0.00,89.65,28.30,0,0.00,0,0,06-JAN-2025
OPTSTK,OBEROIRLTY,30-Jan-2025,2025-01-30,2080.00,PE,15.00,35.05,14.80,32.10,32.10,50,369.224275,8400,-3150,06-JAN-2025
OPTSTK,OBEROIRLTY,30-Jan-2025,2025-01-30,2160.00,PE,29.05,65.70,27.80,55.15,55.15,280,2167.95617,20650,3850,06-JAN-2025
OPTSTK,OBEROIRLTY,27-Mar-2025,2025-03-27,2160.00,CE,0.00,0.00,0.00,295.75,179.05,0,0.00,0,0,06-JAN-2025
OPTSTK,OBEROIRLTY,27-Feb-2025,2025-02-27,2440.00,PE,0.00,0.00,0.00,423.80,247.65,0,0.00,0,0,06-JAN-2025
OPTSTK,OBEROIRLTY,27-Mar-2025,2025-03-27,2560.00,CE,0.00,0.00,0.00,111.95,40.30,0,0.00,0,0,06-JAN-2025
OPTSTK,OBEROIRLTY,27-Mar-2025,2025-03-27,1920.00,PE,0.00,0.00,0.00,32.15,26.65,0,0.00,0,0,06-JAN-2025
OPTIDX,MIDCPNIFTY,30-Jan-2025,2025-01-30,12150.00,CE,0.00,0.00,0.00,796.75,642.30,0,0.00,0,0,06-JAN-2025
OPTIDX,MIDCPNIFTY,27-Mar-2025,2025-03-27,12150.00,PE,0.00,0.00,0.00,155.85,145.40,0,0.00,0,0,06-JAN-2025
OPTIDX,MIDCPNIFTY,27-Feb-2025,2025-02-27,12425.00,PE,0.00,0.00,0.00,366.70,175.40,0,0.00,0,0,06-JAN-2025
OPTIDX,MIDCPNIFTY,27-Mar-2025,2025-03-27,13550.00,PE,0.00,0.00,0.00,724.75,836.50,0,0.00,0,0,06-JAN-2025
OPTIDX,MIDCPNIFTY,27-Feb-2025,2025-02-27,13550.00,PE,0.00,0.00,0.00,996.05,824.55,0,0.00,0,0,06-JAN-2025
OPTIDX,MIDCPNIFTY,27-Mar-2025,2025-03-27,13550.00,CE,0.00,0.00,0.00,408.05,182.05,0,0.00,0,0,06-JAN-2025
OPTIDX,MIDCPNIFTY,30-Jan-2025,2025-01-30,11325.00,CE,0.00,0.00,0.00,1386.60,1422.55,0,0.00,0,0,06-JAN-2025
OPTIDX,MIDCPNIFTY,27-Mar-2025,2025-03-27,12900.00,CE,0.00,0.00,0.00,714.60,415.35,0,0.00,0,0,06-JAN-2025
OPTIDX,MIDCPNIFTY,27-Feb-2025,2025-02-27,12450.00,PE,0.00,0.00,0.00,376.85,183.75,0,0.00,0,0,06-JAN-2025
OPTIDX,MIDCPNIFTY,27-Feb-2025,2025-02-27,12450.00,CE,0.00,0.00,0.00,727.80,549.50,0,0.00,0,0,06-JAN-2025
OPTIDX,MIDCPNIFTY,27-Feb-2025,2025-02-27,12050.00,CE,0.00,0.00,0.00,978.95,841.85,0,0.00,0,0,06-JAN-2025
OPTIDX,MIDCPNIFTY,27-Mar-2025,2025-03-27,12600.00,CE,0.00,0.00,0.00,896.15,573.20,0,0.00,0,0,06-JAN-2025
OPTIDX,MIDCPNIFTY,30-Jan-2025,2025-01-30,13250.00,CE,156.05,156.05,70.00,76.60,76.60,2499,16672.8874,29700,750,06-JAN-2025
OPTIDX,MIDCPNIFTY,27-Feb-2025,2025-02-27,13250.00,CE,0.00,0.00,0.00,360.65,173.75,0,0.00,0,0,06-JAN-2025
OPTIDX,MIDCPNIFTY,27-Feb-2025,2025-02-27,13250.00,PE,0.00,0.00,0.00,795.30,600.30,0,0.00,0,0,06-JAN-2025
OPTIDX,MIDCPNIFTY,27-Mar-2025,2025-03-27,13450.00,PE,0.00,0.00,0.00,666.10,764.95,0,0.00,0,0,06-JAN-2025
OPTIDX,MIDCPNIFTY,27-Feb-2025,2025-02-27,12150.00,PE,0.00,0.00,0.00,266.50,100.15,0,0.00,0,0,06-JAN-2025
OPTIDX,MIDCPNIFTY,27-Feb-2025,2025-02-27,12150.00,CE,0.00,0.00,0.00,912.05,763.05,0,0.00,0,0,06-JAN-2025
OPTIDX,MIDCPNIFTY,30-Jan-2025,2025-01-30,12150.00,PE,33.00,91.15,33.00,82.30,82.30,578,3531.21785,13100,0,06-JAN-2025
OPTIDX,MIDCPNIFTY,27-Mar-2025,2025-03-27,12150.00,CE,0.00,0.00,0.00,1213.80,870.45,0,0.00,0,0,06-JAN-2025
OPTIDX,MIDCPNIFTY,27-Mar-2025,2025-03-27,12125.00,CE,0.00,0.00,0.00,1232.85,888.90,0,0.00,0,0,06-JAN-2025
OPTIDX,MIDCPNIFTY,27-Feb-2025,2025-02-27,12125.00,PE,0.00,0.00,0.00,258.45,94.80,0,0.00,0,0,06-JAN-2025
OPTIDX,MIDCPNIFTY,30-Jan-2025,2025-01-30,12125.00,CE,0.00,0.00,0.00,812.00,663.60,0,0.00,0,0,06-JAN-2025
OPTIDX,MIDCPNIFTY,30-Jan-2025,2025-01-30,12125.00,PE,40.00,86.25,27.40,77.45,77.45,538,3277.66812,13600,-850,06-JAN-2025
OPTIDX,MIDCPNIFTY,27-Feb-2025,2025-02-27,12125.00,CE,0.00,0.00,0.00,928.50,782.40,0,0.00,0,0,06-JAN-2025
OPTIDX,MIDCPNIFTY,27-Mar-2025,2025-03-27,12125.00,PE,0.00,0.00,0.00,150.40,139.25,0,0.00,0,0,06-JAN-2025
OPTIDX,MIDCPNIFTY,27-Mar-2025,2025-03-27,12625.00,CE,0.00,0.00,0.00,880.10,558.80,0,0.00,0,0,06-JAN-2025
OPTIDX,MIDCPNIFTY,27-Feb-2025,2025-02-27,12625.00,PE,0.00,0.00,0.00,453.00,250.20,0,0.00,0,0,06-JAN-2025
OPTIDX,MIDCPNIFTY,27-Mar-2025,2025-03-27,12625.00,PE,0.00,0.00,0.00,288.55,301.80,0,0.00,0,0,06-JAN-2025
OPTIDX,MIDCPNIFTY,30-Jan-2025,2025-01-30,12625.00,PE,105.20,241.30,93.90,222.85,222.85,3412,21859.9642,14500,5500,06-JAN-2025
OPTIDX,MIDCPNIFTY,30-Jan-2025,2025-01-30,12625.00,CE,331.00,337.25,308.00,327.95,327.95,100,647.31235,1950,1700,06-JAN-2025
OPTSTK,DMART,30-Jan-2025,2025-01-30,3200.00,PE,2.85,4.15,2.35,3.90,3.90,151,725.5917,91500,1350,06-JAN-2025
OPTSTK,DMART,27-Feb-2025,2025-02-27,3200.00,CE,0.00,0.00,0.00,619.80,769.55,0,0.00,0,0,06-JAN-2025
OPTSTK,TATACONSUM,30-Jan-2025,2025-01-30,870.00,PE,3.70,4.45,3.10,3.50,3.50,603,2401.93987,90744,-41496,06-JAN-2025
OPTSTK,TATACONSUM,27-Feb-2025,2025-02-27,870.00,CE,0.00,0.00,0.00,66.10,92.45,0,0.00,0,0,06-JAN-2025
OPTSTK,TATACONSUM,30-Jan-2025,2025-01-30,870.00,CE,73.50,73.55,73.50,73.55,83.00,2,8.604948,7296,-456,06-JAN-2025
OPTSTK,DMART,30-Jan-2025,2025-01-30,3100.00,PE,2.30,2.80,1.75,2.50,2.50,55,255.951825,22500,1050,06-JAN-2025
OPTSTK,DMART,30-Jan-2025,2025-01-30,3100.00,CE,0.00,0.00,0.00,942.40,848.55,0,0.00,150,0,06-JAN-2025
OPTSTK,TATACONSUM,30-Jan-2025,2025-01-30,810.00,CE,0.00,0.00,0.00,145.40,140.60,0,0.00,0,0,06-JAN-2025
OPTSTK,DMART,30-Jan-2025,2025-01-30,4450.00,PE,0.00,0.00,0.00,447.40,503.90,0,0.00,2100,0,06-JAN-2025
OPTSTK,DMART,27-Mar-2025,2025-03-27,3900.00,PE,0.00,0.00,0.00,431.10,173.80,0,0.00,0,0,06-JAN-2025
OPTSTK,DMART,30-Jan-2025,2025-01-30,4200.00,PE,236.90,307.90,218.95,307.90,284.35,47,313.28805,19650,1800,06-JAN-2025
OPTSTK,DMART,30-Jan-2025,2025-01-30,4300.00,PE,304.80,390.65,297.60,382.20,382.20,16,111.28755,5700,900,06-JAN-2025
OPTSTK,DMART,27-Feb-2025,2025-02-27,3250.00,CE,0.00,0.00,0.00,372.25,721.85,0,0.00,0,0,06-JAN-2025
OPTSTK,TATACONSUM,30-Jan-2025,2025-01-30,760.00,CE,0.00,0.00,0.00,257.15,190.25,0,0.00,0,0,06-JAN-2025
OPTSTK,DMART,27-Mar-2025,2025-03-27,3800.00,PE,0.00,0.00,0.00,362.10,132.00,0,0.00,0,0,06-JAN-2025
OPTSTK,DMART,27-Feb-2025,2025-02-27,3800.00,CE,315.00,323.40,315.00,323.40,271.80,2,12.3576,150,0,06-JAN-2025
OPTSTK,DMART,30-Jan-2025,2025-01-30,3800.00,PE,51.20,81.45,41.65,75.20,75.20,2357,13648.3894,243300,2850,06-JAN-2025
OPTSTK,DMART,30-Jan-2025,2025-01-30,4200.00,CE,85.35,94.60,55.40,59.20,59.20,4421,28335.0048,316650,-51600,06-JAN-2025
OPTSTK,DMART,27-Feb-2025,2025-02-27,4200.00,CE,153.40,153.40,125.00,125.00,91.05,4,26.0397,1350,-150,06-JAN-2025
OPTSTK,DMART,27-Feb-2025,2025-02-27,4150.00,CE,0.00,0.00,0.00,33.20,106.35,0,0.00,0,0,06-JAN-2025
OPTSTK,TATACONSUM,30-Jan-2025,2025-01-30,760.00,PE,0.00,0.00,0.00,0.90,0.05,0,0.00,0,0,06-JAN-2025
OPTSTK,TATACONSUM,27-Mar-2025,2025-03-27,860.00,PE,0.00,0.00,0.00,26.70,9.75,0,0.00,0,0,06-JAN-2025
OPTSTK,TATACONSUM,30-Jan-2025,2025-01-30,860.00,PE,2.80,3.40,2.35,2.70,2.70,402,1581.41392,122664,15960,06-JAN-2025
OPTSTK,TATACONSUM,30-Jan-2025,2025-01-30,830.00,CE,0.00,0.00,0.00,127.95,120.95,0,0.00,0,0,06-JAN-2025
OPTSTK,TATACONSUM,27-Feb-2025,2025-02-27,1020.00,CE,0.00,0.00,0.00,30.65,13.65,0,0.00,0,0,06-JAN-2025
OPTSTK,TATACONSUM,27-Mar-2025,2025-03-27,1020.00,CE,0.00,0.00,0.00,18.30,22.50,0,0.00,0,0,06-JAN-2025
OPTSTK,TATACONSUM,30-Jan-2025,2025-01-30,1020.00,PE,85.00,87.00,72.00,75.80,75.80,8,40.164936,4104,456,06-JAN-2025
OPTSTK,DMART,27-Mar-2025,2025-03-27,3500.00,CE,0.00,0.00,0.00,266.00,533.80,0,0.00,0,0,06-JAN-2025
OPTSTK,DMART,30-Jan-2025,2025-01-30,3650.00,CE,381.60,381.60,381.60,381.60,323.30,1,6.0474,24600,150,06-JAN-2025
OPTSTK,TATACONSUM,30-Jan-2025,2025-01-30,1100.00,PE,158.20,160.00,145.25,145.25,145.25,11,62.87556,24624,0,06-JAN-2025
OPTSTK,TATACONSUM,27-Feb-2025,2025-02-27,760.00,CE,0.00,0.00,0.00,197.50,194.40,0,0.00,0,0,06-JAN-2025
OPTSTK,IGL,30-Jan-2025,2025-01-30,430.00,PE,12.60,24.50,11.65,21.10,21.10,860,5310.78281,434500,-184250,06-JAN-2025
OPTSTK,CGPOWER,30-Jan-2025,2025-01-30,760.00,PE,41.45,55.00,41.45,55.00,55.00,3,17.6280125,28275,725,06-JAN-2025
OPTSTK,CGPOWER,27-Feb-2025,2025-02-27,840.00,CE,0.00,0.00,0.00,39.45,7.25,0,0.00,0,0,06-JAN-2025
OPTSTK,CGPOWER,30-Jan-2025,2025-01-30,750.00,PE,32.90,49.00,32.90,47.00,46.50,20,114.949837,106575,-1450,06-JAN-2025
OPTSTK,CGPOWER,30-Jan-2025,2025-01-30,750.00,CE,22.75,23.00,13.90,14.70,14.70,198,1101.92641,156600,-16675,06-JAN-2025
OPTSTK,IGL,27-Feb-2025,2025-02-27,455.00,PE,0.00,0.00,0.00,71.10,42.40,0,0.00,0,0,06-JAN-2025
OPTSTK,CGPOWER,27-Mar-2025,2025-03-27,700.00,PE,0.00,0.00,0.00,38.05,36.60,0,0.00,0,0,06-JAN-2025
OPTSTK,CGPOWER,30-Jan-2025,2025-01-30,700.00,PE,12.05,21.00,11.20,19.60,19.60,404,2093.46323,242150,-84825,06-JAN-2025
OPTSTK,CGPOWER,30-Jan-2025,2025-01-30,700.00,CE,48.55,50.75,37.00,37.00,37.00,12,64.805575,28275,2175,06-JAN-2025
OPTSTK,CGPOWER,30-Jan-2025,2025-01-30,810.00,PE,0.00,0.00,0.00,84.00,95.40,0,0.00,0,0,06-JAN-2025
OPTSTK,CGPOWER,27-Feb-2025,2025-02-27,810.00,PE,0.00,0.00,0.00,88.35,99.60,0,0.00,0,0,06-JAN-2025
OPTSTK,CGPOWER,27-Mar-2025,2025-03-27,600.00,PE,0.00,0.00,0.00,10.60,7.55,0,0.00,0,0,06-JAN-2025
OPTSTK,CGPOWER,30-Jan-2025,2025-01-30,600.00,CE,0.00,0.00,0.00,140.00,117.60,0,0.00,725,0,06-JAN-2025
OPTSTK,IGL,30-Jan-2025,2025-01-30,420.00,CE,24.50,24.50,12.20,14.80,14.80,1557,9323.23356,1577125,-173250,06-JAN-2025
OPTSTK,IGL,27-Mar-2025,2025-03-27,480.00,PE,0.00,0.00,0.00,94.05,64.25,0,0.00,0,0,06-JAN-2025
OPTSTK,IGL,27-Feb-2025,2025-02-27,460.00,CE,0.00,0.00,0.00,3.15,14.40,0,0.00,0,0,06-JAN-2025
OPTSTK,IGL,30-Jan-2025,2025-01-30,460.00,PE,44.00,46.80,42.00,46.80,40.20,13,90.096875,39875,0,06-JAN-2025
OPTSTK,IGL,27-Mar-2025,2025-03-27,460.00,CE,0.00,0.00,0.00,17.30,21.15,0,0.00,0,0,06-JAN-2025
OPTSTK,CGPOWER,30-Jan-2025,2025-01-30,800.00,CE,7.85,8.45,4.40,5.10,5.10,375,2190.68573,334225,-43500,06-JAN-2025
OPTSTK,IGL,27-Mar-2025,2025-03-27,380.00,CE,0.00,0.00,0.00,46.35,61.75,0,0.00,0,0,06-JAN-2025
OPTSTK,IGL,27-Feb-2025,2025-02-27,380.00,CE,0.00,0.00,0.00,13.10,55.70,0,0.00,0,0,06-JAN-2025
OPTSTK,IGL,30-Jan-2025,2025-01-30,465.00,CE,5.00,6.10,2.45,3.00,3.00,496,3194.71143,188375,44000,06-JAN-2025
OPTSTK,IGL,27-Feb-2025,2025-02-27,465.00,CE,0.00,0.00,0.00,10.35,13.00,0,0.00,0,0,06-JAN-2025
OPTSTK,CGPOWER,30-Jan-2025,2025-01-30,660.00,PE,3.00,5.25,3.00,5.00,6.55,18,86.770175,12325,5800,06-JAN-2025
OPTSTK,CGPOWER,30-Jan-2025,2025-01-30,680.00,CE,47.45,47.45,47.45,47.45,48.80,1,5.2740125,725,725,06-JAN-2025
OPTSTK,IGL,27-Feb-2025,2025-02-27,485.00,PE,0.00,0.00,0.00,95.65,64.65,0,0.00,0,0,06-JAN-2025
OPTSTK,IGL,27-Feb-2025,2025-02-27,505.00,CE,0.00,0.00,0.00,5.00,5.35,0,0.00,0,0,06-JAN-2025
OPTSTK,IGL,30-Jan-2025,2025-01-30,360.00,PE,0.85,1.55,0.85,1.40,1.40,186,923.838437,382250,-50875,06-JAN-2025
OPTSTK,IGL,27-Mar-2025,2025-03-27,370.00,CE,0.00,0.00,0.00,51.75,68.95,0,0.00,0,0,06-JAN-2025
OPTSTK,IGL,30-Jan-2025,2025-01-30,370.00,CE,65.25,65.25,47.00,47.00,57.55,6,35.0645625,89375,-2750,06-JAN-2025
OPTSTK,IGL,30-Jan-2025,2025-01-30,460.00,CE,7.00,7.40,2.90,3.55,3.55,1608,10258.7849,856625,-20625,06-JAN-2025
OPTSTK,IGL,27-Feb-2025,2025-02-27,440.00,PE,0.00,0.00,0.00,117.15,32.90,0,0.00,0,0,06-JAN-2025
OPTSTK,CANBK,27-Feb-2025,2025-02-27,97.00,PE,3.95,4.55,3.95,4.55,4.30,10,68.47875,94500,54000,06-JAN-2025
OPTSTK,CANBK,30-Jan-2025,2025-01-30,111.00,CE,0.90,0.90,0.30,0.35,0.30,117,879.70725,1113750,-47250,06-JAN-2025
OPTSTK,METROPOLIS,27-Feb-2025,2025-02-27,2080.00,PE,0.00,0.00,0.00,109.20,103.70,0,0.00,0,0,06-JAN-2025
OPTSTK,CANBK,27-Feb-2025,2025-02-27,101.00,PE,0.00,0.00,0.00,6.30,6.50,0,0.00,0,0,06-JAN-2025
OPTSTK,CANBK,27-Feb-2025,2025-02-27,101.00,CE,0.00,0.00,0.00,5.00,3.80,0,0.00,13500,0,06-JAN-2025
OPTSTK,CANBK,27-Feb-2025,2025-02-27,90.00,PE,1.10,2.05,1.10,1.95,1.95,87,538.369875,337500,310500,06-JAN-2025
OPTSTK,METROPOLIS,30-Jan-2025,2025-01-30,1880.00,CE,139.55,164.35,139.55,164.35,177.30,14,113.5026,3200,3200,06-JAN-2025
OPTSTK,METROPOLIS,30-Jan-2025,2025-01-30,2280.00,CE,10.00,24.35,10.00,22.80,22.80,231,2126.9228,56400,35600,06-JAN-2025
OPTSTK,METROPOLIS,27-Feb-2025,2025-02-27,2100.00,PE,0.00,0.00,0.00,147.05,115.10,0,0.00,0,0,06-JAN-2025
OPTSTK,METROPOLIS,30-Jan-2025,2025-01-30,2100.00,CE,30.00,71.15,20.60,66.20,66.20,5271,45474.9136,274400,146800,06-JAN-2025
OPTSTK,CANBK,30-Jan-2025,2025-01-30,89.00,CE,0.00,0.00,0.00,16.75,9.30,0,0.00,0,0,06-JAN-2025
OPTSTK,METROPOLIS,27-Feb-2025,2025-02-27,2280.00,CE,0.00,0.00,0.00,115.50,24.40,0,0.00,0,0,06-JAN-2025
OPTSTK,METROPOLIS,30-Jan-2025,2025-01-30,2400.00,CE,4.00,12.45,4.00,10.25,10.25,1459,14060.69,62400,62400,06-JAN-2025
OPTSTK,METROPOLIS,27-Feb-2025,2025-02-27,2260.00,PE,0.00,0.00,0.00,254.50,227.45,0,0.00,0,0,06-JAN-2025
OPTSTK,METROPOLIS,27-Feb-2025,2025-02-27,1960.00,PE,0.00,0.00,0.00,65.20,49.45,0,0.00,0,0,06-JAN-2025
OPTSTK,CANBK,27-Feb-2025,2025-02-27,108.00,CE,1.65,1.65,1.60,1.60,1.75,3,22.20075,47250,-13500,06-JAN-2025
OPTSTK,CANBK,27-Feb-2025,2025-02-27,108.00,PE,0.00,0.00,0.00,10.50,11.35,0,0.00,0,0,06-JAN-2025
OPTSTK,CANBK,30-Jan-2025,2025-01-30,108.00,PE,8.35,9.55,8.35,8.90,10.75,4,31.606875,1026000,-13500,06-JAN-2025
OPTSTK,CANBK,30-Jan-2025,2025-01-30,108.00,CE,0.90,0.90,0.55,0.55,0.55,518,3798.81562,2754000,378000,06-JAN-2025
OPTSTK,CANBK,27-Feb-2025,2025-02-27,118.00,CE,0.00,0.00,0.00,4.20,0.45,0,0.00,0,0,06-JAN-2025
OPTSTK,CANBK,30-Jan-2025,2025-01-30,118.00,PE,0.00,0.00,0.00,17.45,20.20,0,0.00,0,0,06-JAN-2025
OPTSTK,CANBK,30-Jan-2025,2025-01-30,106.00,PE,6.30,9.40,6.30,9.05,9.05,22,169.9785,519750,-20250,06-JAN-2025
OPTSTK,METROPOLIS,27-Feb-2025,2025-02-27,1680.00,PE,0.00,0.00,0.00,12.25,3.05,0,0.00,0,0,06-JAN-2025
OPTSTK,CANBK,30-Jan-2025,2025-01-30,84.00,CE,0.00,0.00,0.00,21.80,13.85,0,0.00,0,0,06-JAN-2025
OPTSTK,CANBK,27-Mar-2025,2025-03-27,88.00,PE,0.00,0.00,0.00,2.55,1.95,0,0.00,0,0,06-JAN-2025
OPTSTK,CANBK,27-Mar-2025,2025-03-27,88.00,CE,0.00,0.00,0.00,17.20,12.60,0,0.00,0,0,06-JAN-2025
OPTSTK,CANBK,30-Jan-2025,2025-01-30,124.00,CE,0.00,0.00,0.00,0.10,0.05,0,0.00,128250,0,06-JAN-2025
OPTSTK,METROPOLIS,30-Jan-2025,2025-01-30,1820.00,PE,11.70,15.75,11.55,15.05,15.05,79,579.4962,9600,3600,06-JAN-2025
OPTSTK,METROPOLIS,27-Feb-2025,2025-02-27,2120.00,PE,0.00,0.00,0.00,127.15,127.15,0,0.00,0,0,06-JAN-2025
OPTSTK,METROPOLIS,27-Feb-2025,2025-02-27,1720.00,CE,0.00,0.00,0.00,467.20,340.40,0,0.00,0,0,06-JAN-2025
OPTSTK,METROPOLIS,30-Jan-2025,2025-01-30,1720.00,PE,0.00,0.00,0.00,15.30,0.60,0,0.00,0,0,06-JAN-2025
OPTSTK,METROPOLIS,30-Jan-2025,2025-01-30,2040.00,CE,57.05,97.50,51.05,91.40,91.40,1957,16632.83,64400,42400,06-JAN-2025
OPTSTK,SBILIFE,27-Mar-2025,2025-03-27,1240.00,CE,0.00,0.00,0.00,206.55,217.80,0,0.00,0,0,06-JAN-2025
OPTSTK,SBILIFE,27-Feb-2025,2025-02-27,1240.00,PE,0.00,0.00,0.00,13.75,2.05,0,0.00,0,0,06-JAN-2025
OPTSTK,PEL,27-Feb-2025,2025-02-27,940.00,CE,0.00,0.00,0.00,189.60,132.45,0,0.00,0,0,06-JAN-2025
OPTSTK,PEL,30-Jan-2025,2025-01-30,940.00,PE,0.00,0.00,0.00,9.95,5.95,0,0.00,0,0,06-JAN-2025
OPTSTK,PEL,30-Jan-2025,2025-01-30,900.00,PE,0.00,0.00,0.00,5.95,2.20,0,0.00,0,0,06-JAN-2025
OPTSTK,SBILIFE,27-Feb-2025,2025-02-27,1560.00,CE,0.00,0.00,0.00,44.80,15.40,0,0.00,0,0,06-JAN-2025
OPTSTK,SBILIFE,30-Jan-2025,2025-01-30,1580.00,PE,0.00,0.00,0.00,156.95,141.00,0,0.00,0,0,06-JAN-2025
OPTSTK,SBILIFE,30-Jan-2025,2025-01-30,1580.00,CE,7.10,7.10,3.95,4.70,4.70,373,2217.21525,57000,4875,06-JAN-2025
OPTSTK,PEL,30-Jan-2025,2025-01-30,900.00,CE,0.00,0.00,0.00,297.20,153.25,0,0.00,0,0,06-JAN-2025
OPTSTK,PEL,27-Feb-2025,2025-02-27,1040.00,CE,0.00,0.00,0.00,199.10,68.20,0,0.00,0,0,06-JAN-2025
FUTSTK,SBILIFE,27-Feb-2025,2025-02-27,,,1469.35,1473.50,1438.25,1447.45,1447.45,153,835.314562,102750,-375,06-JAN-2025
OPTSTK,PEL,30-Jan-2025,2025-01-30,1400.00,PE,0.00,0.00,0.00,305.50,346.75,0,0.00,3750,0,06-JAN-2025
OPTSTK,SBILIFE,30-Jan-2025,2025-01-30,1400.00,CE,73.00,75.00,54.95,61.35,61.35,335,1839.83456,94500,-12375,06-JAN-2025
OPTSTK,PEL,30-Jan-2025,2025-01-30,1080.00,CE,50.00,50.00,26.55,28.60,28.60,346,2896.96687,110250,48000,06-JAN-2025
OPTSTK,SBILIFE,30-Jan-2025,2025-01-30,1480.00,PE,50.70,66.90,48.10,62.65,62.65,197,1137.36843,19125,750,06-JAN-2025
OPTSTK,PEL,30-Jan-2025,2025-01-30,1120.00,CE,30.25,30.25,14.95,16.70,16.70,596,5099.56762,258750,46500,06-JAN-2025
OPTSTK,SBILIFE,27-Mar-2025,2025-03-27,1400.00,CE,0.00,0.00,0.00,97.85,94.00,0,0.00,0,0,06-JAN-2025
OPTSTK,PEL,27-Feb-2025,2025-02-27,1320.00,PE,0.00,0.00,0.00,180.40,264.65,0,0.00,0,0,06-JAN-2025
OPTSTK,PEL,27-Mar-2025,2025-03-27,1240.00,PE,0.00,0.00,0.00,174.55,196.00,0,0.00,0,0,06-JAN-2025
OPTSTK,PEL,27-Mar-2025,2025-03-27,1240.00,CE,0.00,0.00,0.00,55.40,21.35,0,0.00,0,0,06-JAN-2025
OPTSTK,PEL,30-Jan-2025,2025-01-30,1240.00,CE,4.25,4.30,2.50,2.80,2.80,219,2041.87837,123750,-12750,06-JAN-2025
OPTSTK,PEL,30-Jan-2025,2025-01-30,940.00,CE,0.00,0.00,0.00,261.70,117.20,0,0.00,0,0,06-JAN-2025
OPTSTK,SBILIFE,30-Jan-2025,2025-01-30,1360.00,CE,101.55,106.90,89.20,91.95,88.50,76,415.263,27750,12750,06-JAN-2025
OPTSTK,SBILIFE,30-Jan-2025,2025-01-30,1360.00,PE,7.60,13.50,6.50,12.20,12.20,682,3505.35468,166875,5625,06-JAN-2025
OPTSTK,PEL,30-Jan-2025,2025-01-30,1140.00,CE,22.75,23.00,11.10,12.40,12.40,740,6414.7875,154500,3750,06-JAN-2025
OPTSTK,PEL,30-Jan-2025,2025-01-30,1140.00,PE,72.10,105.35,72.10,105.35,105.35,3,27.521625,30000,-2250,06-JAN-2025
OPTSTK,PEL,27-Feb-2025,2025-02-27,900.00,CE,0.00,0.00,0.00,221.95,164.75,0,0.00,0,0,06-JAN-2025
OPTSTK,SBILIFE,30-Jan-2025,2025-01-30,1540.00,CE,11.90,13.60,7.30,8.70,8.70,1869,10859.0330,173250,85500,06-JAN-2025
OPTSTK,PEL,27-Mar-2025,2025-03-27,1000.00,CE,0.00,0.00,0.00,163.25,107.00,0,0.00,0,0,06-JAN-2025
OPTSTK,PEL,30-Jan-2025,2025-01-30,1080.00,PE,31.15,65.35,30.25,58.45,58.45,596,5014.37587,174750,18000,06-JAN-2025
OPTSTK,PEL,30-Jan-2025,2025-01-30,1400.00,CE,0.70,0.70,0.70,0.70,0.05,2,21.0105,60000,-750,06-JAN-2025
OPTSTK,SBILIFE,27-Mar-2025,2025-03-27,1320.00,PE,0.00,0.00,0.00,33.55,15.90,0,0.00,0,0,06-JAN-2025
OPTSTK,MARUTI,27-Feb-2025,2025-02-27,12000.00,PE,389.95,500.00,389.95,440.00,472.10,6,37.254975,2900,0,06-JAN-2025
OPTSTK,MARUTI,30-Jan-2025,2025-01-30,12000.00,PE,269.95,383.75,241.50,348.95,348.95,6725,41395.0990,105900,-29450,06-JAN-2025
OPTSTK,MARUTI,30-Jan-2025,2025-01-30,12000.00,CE,223.50,243.65,134.05,151.95,151.95,19008,115681.932,570800,-10550,06-JAN-2025
OPTSTK,MARUTI,27-Mar-2025,2025-03-27,12000.00,PE,0.00,0.00,0.00,1130.85,534.55,0,0.00,0,0,06-JAN-2025
OPTSTK,MARUTI,27-Feb-2025,2025-02-27,12000.00,CE,410.00,427.65,316.50,331.50,331.50,77,475.89675,10950,450,06-JAN-2025
OPTSTK,MARUTI,27-Mar-2025,2025-03-27,12000.00,CE,0.00,0.00,0.00,243.55,466.20,0,0.00,0,0,06-JAN-2025
OPTSTK,SUNTV,27-Feb-2025,2025-02-27,650.00,PE,0.00,0.00,0.00,20.45,18.15,0,0.00,0,0,06-JAN-2025
OPTSTK,MARUTI,30-Jan-2025,2025-01-30,9200.00,CE,0.00,0.00,0.00,2080.30,2596.20,0,0.00,0,0,06-JAN-2025
OPTSTK,MARUTI,27-Feb-2025,2025-02-27,9200.00,CE,0.00,0.00,0.00,1958.55,2643.85,0,0.00,0,0,06-JAN-2025
OPTSTK,MARUTI,27-Feb-2025,2025-02-27,9200.00,PE,0.00,0.00,0.00,42.75,0.35,0,0.00,0,0,06-JAN-2025
OPTSTK,MARUTI,27-Mar-2025,2025-03-27,9200.00,PE,0.00,0.00,0.00,41.70,2.60,0,0.00,0,0,06-JAN-2025
OPTSTK,MARUTI,30-Jan-2025,2025-01-30,10700.00,PE,20.55,28.70,17.95,26.30,26.30,2268,12159.5985,65150,-7600,06-JAN-2025
OPTSTK,MARUTI,27-Feb-2025,2025-02-27,10700.00,PE,0.00,0.00,0.00,170.05,52.50,0,0.00,100,0,06-JAN-2025
OPTSTK,MARUTI,27-Feb-2025,2025-02-27,10700.00,CE,0.00,0.00,0.00,642.65,1210.35,0,0.00,0,0,06-JAN-2025
OPTSTK,SUNTV,30-Jan-2025,2025-01-30,610.00,PE,1.60,3.20,1.60,3.15,3.15,30,137.886375,12000,-750,06-JAN-2025
OPTSTK,SUNTV,27-Feb-2025,2025-02-27,750.00,CE,0.00,0.00,0.00,12.00,7.10,0,0.00,750,0,06-JAN-2025
OPTSTK,MARUTI,27-Feb-2025,2025-02-27,13300.00,CE,55.00,55.00,55.00,55.00,45.65,2,13.355,200,100,06-JAN-2025
OPTSTK,MARUTI,30-Jan-2025,2025-01-30,11700.00,CE,394.55,410.00,262.35,292.90,292.90,1911,11469.9540,145350,-1500,06-JAN-2025
OPTSTK,MARUTI,30-Jan-2025,2025-01-30,11700.00,PE,135.95,214.00,120.15,190.90,190.90,11729,69638.9231,113300,-17400,06-JAN-2025
OPTSTK,MARUTI,27-Feb-2025,2025-02-27,10900.00,PE,0.00,0.00,0.00,399.75,81.30,0,0.00,0,0,06-JAN-2025
OPTSTK,MARUTI,27-Feb-2025,2025-02-27,12600.00,CE,0.00,0.00,0.00,147.85,148.85,0,0.00,0,0,06-JAN-2025
OPTSTK,SUNTV,27-Feb-2025,2025-02-27,720.00,CE,0.00,0.00,0.00,73.50,13.20,0,0.00,0,0,06-JAN-2025
OPTSTK,SUNTV,30-Jan-2025,2025-01-30,720.00,CE,6.50,6.50,3.55,4.25,4.25,404,2195.89425,132750,37500,06-JAN-2025
OPTSTK,MARUTI,27-Feb-2025,2025-02-27,11100.00,CE,0.00,0.00,0.00,435.55,882.50,0,0.00,0,0,06-JAN-2025
OPTSTK,MARUTI,27-Feb-2025,2025-02-27,11100.00,PE,0.00,0.00,0.00,300.00,120.80,0,0.00,50,0,06-JAN-2025
OPTSTK,MARUTI,30-Jan-2025,2025-01-30,11100.00,PE,38.35,58.00,34.00,52.10,52.10,2474,13789.2968,56250,-5000,06-JAN-2025
OPTSTK,MARUTI,30-Jan-2025,2025-01-30,11100.00,CE,892.00,894.55,719.55,720.65,720.65,39,232.1906,27650,1150,06-JAN-2025
OPTSTK,SUNTV,27-Feb-2025,2025-02-27,630.00,PE,0.00,0.00,0.00,14.35,11.55,0,0.00,0,0,06-JAN-2025
OPTSTK,SUNTV,30-Jan-2025,2025-01-30,730.00,CE,4.25,4.25,2.95,3.15,3.15,100,549.93375,62250,53250,06-JAN-2025
OPTSTK,MARUTI,30-Jan-2025,2025-01-30,11300.00,PE,56.00,88.45,49.20,77.75,77.75,5993,34072.9861,111400,-26750,06-JAN-2025
OPTSTK,MARUTI,27-Feb-2025,2025-02-27,13300.00,PE,0.00,0.00,0.00,2258.50,1462.90,0,0.00,0,0,06-JAN-2025
OPTSTK,SUNTV,30-Jan-2025,2025-01-30,750.00,PE,68.00,80.00,68.00,80.00,79.75,3,18.50625,45750,2250,06-JAN-2025
OPTSTK,SONACOMS,27-Mar-2025,2025-03-27,640.00,PE,0.00,0.00,0.00,68.65,67.20,0,0.00,0,0,06-JAN-2025
OPTSTK,SONACOMS,27-Mar-2025,2025-03-27,640.00,CE,0.00,0.00,0.00,33.75,18.15,0,0.00,0,0,06-JAN-2025
OPTSTK,SONACOMS,30-Jan-2025,2025-01-30,640.00,PE,0.00,0.00,0.00,45.90,59.40,0,0.00,6200,0,06-JAN-2025
OPTSTK,SONACOMS,27-Mar-2025,2025-03-27,660.00,CE,0.00,0.00,0.00,27.45,13.35,0,0.00,0,0,06-JAN-2025
OPTSTK,ALKEM,27-Feb-2025,2025-02-27,5650.00,PE,0.00,0.00,0.00,363.90,242.05,0,0.00,0,0,06-JAN-2025
OPTSTK,ALKEM,30-Jan-2025,2025-01-30,5750.00,PE,0.00,0.00,0.00,196.30,261.60,0,0.00,200,0,06-JAN-2025
OPTSTK,ALKEM,27-Feb-2025,2025-02-27,5150.00,PE,0.00,0.00,0.00,127.90,52.65,0,0.00,0,0,06-JAN-2025
OPTSTK,ALKEM,27-Feb-2025,2025-02-27,5150.00,CE,0.00,0.00,0.00,451.05,478.90,0,0.00,0,0,06-JAN-2025
OPTSTK,ALKEM,30-Jan-2025,2025-01-30,4900.00,CE,0.00,0.00,0.00,675.75,651.55,0,0.00,0,0,06-JAN-2025
OPTSTK,ALKEM,27-Feb-2025,2025-02-27,4900.00,CE,0.00,0.00,0.00,633.10,691.35,0,0.00,0,0,06-JAN-2025
OPTSTK,ALKEM,27-Feb-2025,2025-02-27,4900.00,PE,0.00,0.00,0.00,63.05,17.55,0,0.00,0,0,06-JAN-2025
OPTSTK,SONACOMS,30-Jan-2025,2025-01-30,630.00,CE,10.00,10.00,8.00,8.10,8.10,32,158.39915,62775,3875,06-JAN-2025
OPTSTK,ALKEM,27-Feb-2025,2025-02-27,5300.00,CE,0.00,0.00,0.00,358.40,368.10,0,0.00,0,0,06-JAN-2025
OPTSTK,ALKEM,27-Mar-2025,2025-03-27,5300.00,PE,0.00,0.00,0.00,221.80,123.45,0,0.00,0,0,06-JAN-2025
OPTSTK,ALKEM,30-Jan-2025,2025-01-30,5300.00,PE,69.55,75.50,57.90,67.35,67.35,232,1245.6961,15900,100,06-JAN-2025
OPTSTK,ALKEM,27-Mar-2025,2025-03-27,5100.00,CE,0.00,0.00,0.00,548.50,571.20,0,0.00,0,0,06-JAN-2025
OPTSTK,ALKEM,30-Jan-2025,2025-01-30,5100.00,PE,31.90,35.00,24.60,32.05,32.05,158,810.7283,8500,-1300,06-JAN-2025
OPTSTK,ALKEM,30-Jan-2025,2025-01-30,5100.00,CE,0.00,0.00,0.00,523.90,463.30,0,0.00,0,0,06-JAN-2025
OPTSTK,SONACOMS,30-Jan-2025,2025-01-30,660.00,CE,4.10,4.60,3.55,3.55,3.55,11,56.61685,11625,1550,06-JAN-2025
OPTSTK,ALKEM,30-Jan-2025,2025-01-30,6000.00,PE,531.00,531.00,531.00,531.00,465.45,1,6.531,900,-100,06-JAN-2025
OPTSTK,ALKEM,27-Mar-2025,2025-03-27,4800.00,PE,0.00,0.00,0.00,71.35,23.80,0,0.00,0,0,06-JAN-2025
OPTSTK,ALKEM,27-Feb-2025,2025-02-27,4800.00,PE,0.00,0.00,0.00,66.25,10.45,0,0.00,0,0,06-JAN-2025
FUTSTK,ALKEM,30-Jan-2025,2025-01-30,,,5517.90,5545.95,5463.05,5518.30,5518.30,2453,13501.2072,1076200,23200,06-JAN-2025
OPTSTK,SONACOMS,30-Jan-2025,2025-01-30,650.00,CE,5.15,6.25,4.70,5.15,5.15,1078,5475.5331,461900,162750,06-JAN-2025
OPTSTK,SONACOMS,27-Feb-2025,2025-02-27,650.00,PE,0.00,0.00,0.00,70.00,71.35,0,0.00,0,0,06-JAN-2025
OPTSTK,SONACOMS,27-Feb-2025,2025-02-27,650.00,CE,0.00,0.00,0.00,21.70,9.15,0,0.00,0,0,06-JAN-2025
OPTSTK,SONACOMS,30-Jan-2025,2025-01-30,650.00,PE,0.00,0.00,0.00,59.00,68.25,0,0.00,2325,0,06-JAN-2025
OPTSTK,ALKEM,27-Feb-2025,2025-02-27,4950.00,PE,0.00,0.00,0.00,73.50,22.30,0,0.00,0,0,06-JAN-2025
OPTSTK,ALKEM,30-Jan-2025,2025-01-30,4950.00,CE,0.00,0.00,0.00,529.80,603.35,0,0.00,0,0,06-JAN-2025
OPTSTK,ALKEM,27-Feb-2025,2025-02-27,4950.00,CE,0.00,0.00,0.00,594.20,646.65,0,0.00,0,0,06-JAN-2025
OPTSTK,ALKEM,30-Jan-2025,2025-01-30,5950.00,PE,0.00,0.00,0.00,546.45,421.45,0,0.00,0,0,06-JAN-2025
OPTSTK,ALKEM,30-Jan-2025,2025-01-30,5950.00,CE,0.00,0.00,0.00,28.45,24.75,0,0.00,1900,0,06-JAN-2025
OPTSTK,NESTLEIND,27-Feb-2025,2025-02-27,2440.00,PE,0.00,0.00,0.00,203.70,237.00,0,0.00,0,0,06-JAN-2025
OPTSTK,NESTLEIND,30-Jan-2025,2025-01-30,2240.00,CE,44.15,44.15,17.50,20.50,20.50,1981,8974.9281,90000,-14200,06-JAN-2025
OPTSTK,NESTLEIND,27-Feb-2025,2025-02-27,2240.00,PE,0.00,0.00,0.00,83.30,79.55,0,0.00,0,0,06-JAN-2025
OPTSTK,NESTLEIND,27-Feb-2025,2025-02-27,2360.00,CE,0.00,0.00,0.00,67.65,14.00,0,0.00,0,0,06-JAN-2025
OPTSTK,NESTLEIND,27-Feb-2025,2025-02-27,2300.00,PE,0.00,0.00,0.00,156.30,119.35,0,0.00,0,0,06-JAN-2025
OPTSTK,NESTLEIND,30-Jan-2025,2025-01-30,2480.00,CE,0.00,0.00,0.00,42.55,0.15,0,0.00,0,0,06-JAN-2025
OPTSTK,NESTLEIND,30-Jan-2025,2025-01-30,2480.00,PE,0.00,0.00,0.00,214.95,284.20,0,0.00,0,0,06-JAN-2025
OPTSTK,NESTLEIND,30-Jan-2025,2025-01-30,2000.00,PE,2.10,4.35,2.05,3.40,3.40,817,3273.3589,129600,-1800,06-JAN-2025
OPTSTK,NESTLEIND,27-Mar-2025,2025-03-27,2160.00,CE,0.00,0.00,0.00,110.10,106.25,0,0.00,0,0,06-JAN-2025
OPTSTK,NESTLEIND,27-Feb-2025,2025-02-27,2260.00,PE,0.00,0.00,0.00,128.40,91.90,0,0.00,0,0,06-JAN-2025
OPTSTK,NESTLEIND,30-Jan-2025,2025-01-30,2440.00,PE,0.00,0.00,0.00,238.00,244.70,0,0.00,2200,0,06-JAN-2025
OPTSTK,NESTLEIND,27-Mar-2025,2025-03-27,2440.00,PE,0.00,0.00,0.00,268.30,232.65,0,0.00,0,0,06-JAN-2025
OPTSTK,NESTLEIND,27-Feb-2025,2025-02-27,2440.00,CE,0.00,0.00,0.00,43.95,5.35,0,0.00,0,0,06-JAN-2025
OPTSTK,NESTLEIND,30-Jan-2025,2025-01-30,2080.00,PE,4.95,14.75,4.45,11.00,11.00,678,2831.6902,28600,-4800,06-JAN-2025
OPTSTK,NESTLEIND,30-Jan-2025,2025-01-30,2080.00,CE,129.95,129.95,109.50,110.10,120.70,8,35.1395,2200,400,06-JAN-2025
OPTSTK,TATASTEEL,27-Feb-2025,2025-02-27,137.00,PE,0.00,0.00,0.00,5.45,7.65,0,0.00,0,0,06-JAN-2025
OPTSTK,BAJAJFINSV,30-Jan-2025,2025-01-30,1720.00,CE,44.00,49.80,24.70,27.65,27.65,4825,42385.5905,750000,-19500,06-JAN-2025
OPTSTK,BAJAJFINSV,27-Feb-2025,2025-02-27,1640.00,PE,0.00,0.00,0.00,109.65,35.75,0,0.00,0,0,06-JAN-2025
OPTSTK,BAJAJFINSV,27-Mar-2025,2025-03-27,1720.00,PE,0.00,0.00,0.00,169.90,82.75,0,0.00,0,0,06-JAN-2025
OPTSTK,BAJAJFINSV,30-Jan-2025,2025-01-30,1720.00,PE,35.25,60.00,32.05,54.00,54.00,1323,11672.6102,221500,-29000,06-JAN-2025
OPTSTK,BAJAJFINSV,27-Mar-2025,2025-03-27,1720.00,CE,0.00,0.00,0.00,40.25,72.60,0,0.00,0,0,06-JAN-2025
OPTSTK,TATASTEEL,27-Feb-2025,2025-02-27,140.00,PE,6.45,9.90,6.45,9.85,9.85,46,376.21925,352000,44000,06-JAN-2025
FUTSTK,BAJAJFINSV,27-Feb-2025,2025-02-27,,,1734.90,1746.30,1694.50,1704.95,1704.95,279,2400.47225,329500,-11500,06-JAN-2025
OPTSTK,BAJAJFINSV,30-Jan-2025,2025-01-30,1600.00,CE,130.00,141.20,95.80,99.85,99.85,112,959.8525,412000,2000,06-JAN-2025
OPTSTK,BAJAJFINSV,27-Mar-2025,2025-03-27,1920.00,PE,0.00,0.00,0.00,335.80,224.10,0,0.00,0,0,06-JAN-2025
OPTSTK,BAJAJFINSV,27-Mar-2025,2025-03-27,1440.00,CE,0.00,0.00,0.00,175.25,271.05,0,0.00,0,0,06-JAN-2025
OPTSTK,TATASTEEL,27-Feb-2025,2025-02-27,149.00,CE,0.00,0.00,0.00,5.10,1.20,0,0.00,0,0,06-JAN-2025
OPTSTK,TATASTEEL,27-Feb-2025,2025-02-27,144.00,CE,0.00,0.00,0.00,7.05,2.05,0,0.00,0,0,06-JAN-2025
OPTSTK,BAJAJFINSV,27-Feb-2025,2025-02-27,1460.00,PE,0.00,0.00,0.00,26.25,3.05,0,0.00,0,0,06-JAN-2025
OPTSTK,TATASTEEL,30-Jan-2025,2025-01-30,137.50,CE,4.35,4.35,1.95,2.15,2.15,1932,14902.5387,3910500,1771000,06-JAN-2025
OPTSTK,TATASTEEL,30-Jan-2025,2025-01-30,137.50,PE,3.35,7.35,3.30,6.85,6.85,1173,9219.43275,2332000,-203500,06-JAN-2025
OPTSTK,TATASTEEL,30-Jan-2025,2025-01-30,127.00,PE,0.75,2.05,0.75,1.90,1.90,585,4136.45925,1463000,473000,06-JAN-2025
OPTSTK,TATASTEEL,27-Feb-2025,2025-02-27,127.00,CE,0.00,0.00,0.00,17.20,9.30,0,0.00,0,0,06-JAN-2025
OPTSTK,TATASTEEL,30-Jan-2025,2025-01-30,127.00,CE,8.15,8.25,7.35,7.65,7.65,31,229.834,93500,93500,06-JAN-2025
OPTSTK,TATASTEEL,30-Jan-2025,2025-01-30,144.00,PE,7.30,12.00,7.30,12.00,11.85,9,76.582,500500,0,06-JAN-2025
OPTSTK,BAJAJFINSV,27-Feb-2025,2025-02-27,1860.00,PE,0.00,0.00,0.00,284.60,172.20,0,0.00,0,0,06-JAN-2025
OPTSTK,BAJAJFINSV,27-Feb-2025,2025-02-27,1800.00,CE,36.65,38.00,24.90,26.70,26.70,63,576.4035,38500,12000,06-JAN-2025
OPTSTK,TATASTEEL,30-Jan-2025,2025-01-30,132.00,PE,1.60,4.05,1.60,3.75,3.75,1024,7621.75425,1309000,616000,06-JAN-2025
OPTSTK,TATASTEEL,30-Jan-2025,2025-01-30,142.50,CE,2.00,2.10,0.95,1.05,1.05,1355,10713.9257,6253500,660000,06-JAN-2025
OPTSTK,TATASTEEL,27-Mar-2025,2025-03-27,136.00,PE,0.00,0.00,0.00,6.20,8.00,0,0.00,0,0,06-JAN-2025
OPTSTK,TATASTEEL,30-Jan-2025,2025-01-30,136.00,CE,5.40,5.40,2.45,2.65,2.65,912,6988.7565,1754500,1342000,06-JAN-2025
OPTSTK,TATASTEEL,30-Jan-2025,2025-01-30,157.50,PE,21.25,23.35,21.25,23.35,24.65,3,29.70275,104500,5500,06-JAN-2025
OPTSTK,BAJAJFINSV,27-Mar-2025,2025-03-27,1680.00,PE,0.00,0.00,0.00,142.00,62.95,0,0.00,0,0,06-JAN-2025
OPTSTK,BAJAJFINSV,30-Jan-2025,2025-01-30,1500.00,PE,2.20,3.10,2.00,2.85,2.85,699,5251.6205,343000,51500,06-JAN-2025
OPTSTK,TATASTEEL,30-Jan-2025,2025-01-30,155.00,PE,19.00,22.80,19.00,22.10,22.20,32,310.959,3960000,-99000,06-JAN-2025
OPTSTK,BAJAJFINSV,27-Feb-2025,2025-02-27,1780.00,CE,0.00,0.00,0.00,15.35,32.15,0,0.00,0,0,06-JAN-2025
OPTSTK,MANAPPURAM,27-Mar-2025,2025-03-27,175.00,CE,0.00,0.00,0.00,24.50,17.25,0,0.00,0,0,06-JAN-2025
OPTSTK,MANAPPURAM,30-Jan-2025,2025-01-30,175.00,PE,1.45,3.00,1.45,2.95,2.95,8,42.5625,780000,-24000,06-JAN-2025
OPTSTK,MANAPPURAM,27-Mar-2025,2025-03-27,150.00,PE,0.00,0.00,0.00,4.05,2.60,0,0.00,0,0,06-JAN-2025
OPTSTK,MANAPPURAM,27-Feb-2025,2025-02-27,200.00,CE,0.00,0.00,0.00,7.95,4.65,0,0.00,51000,0,06-JAN-2025
OPTSTK,MANAPPURAM,27-Feb-2025,2025-02-27,200.00,PE,0.00,0.00,0.00,44.15,23.40,0,0.00,0,0,06-JAN-2025
OPTSTK,MANAPPURAM,27-Mar-2025,2025-03-27,200.00,CE,0.00,0.00,0.00,13.35,7.30,0,0.00,0,0,06-JAN-2025
OPTSTK,MANAPPURAM,30-Jan-2025,2025-01-30,175.00,CE,0.00,0.00,0.00,16.35,10.25,0,0.00,315000,0,06-JAN-2025
OPTSTK,MANAPPURAM,27-Feb-2025,2025-02-27,175.00,CE,0.00,0.00,0.00,10.00,14.20,0,0.00,0,0,06-JAN-2025
OPTSTK,MANAPPURAM,30-Jan-2025,2025-01-30,157.50,PE,0.00,0.00,0.00,0.25,0.85,0,0.00,153000,0,06-JAN-2025
OPTSTK,ADANIPORTS,30-Jan-2025,2025-01-30,1220.00,PE,48.65,73.20,44.65,70.50,70.50,646,3301.5764,369200,-48000,06-JAN-2025
OPTSTK,ADANIPORTS,27-Feb-2025,2025-02-27,1040.00,CE,0.00,0.00,0.00,200.80,155.50,0,0.00,0,0,06-JAN-2025
OPTSTK,ADANIPORTS,27-Feb-2025,2025-02-27,1040.00,PE,0.00,0.00,0.00,54.45,22.50,0,0.00,0,0,06-JAN-2025
OPTSTK,ADANIPORTS,30-Jan-2025,2025-01-30,1280.00,PE,100.00,119.60,94.20,119.60,119.60,296,1640.36,117600,-61600,06-JAN-2025
OPTSTK,ACC,30-Jan-2025,2025-01-30,2500.00,CE,0.70,0.70,0.40,0.60,0.60,31,232.55115,68100,300,06-JAN-2025
OPTSTK,ACC,27-Feb-2025,2025-02-27,1880.00,CE,0.00,0.00,0.00,382.45,164.50,0,0.00,0,0,06-JAN-2025
OPTSTK,ACC,27-Mar-2025,2025-03-27,1880.00,CE,0.00,0.00,0.00,299.00,190.05,0,0.00,0,0,06-JAN-2025
OPTSTK,ACC,27-Feb-2025,2025-02-27,2140.00,CE,0.00,0.00,0.00,119.10,43.70,0,0.00,0,0,06-JAN-2025
OPTSTK,ACC,27-Feb-2025,2025-02-27,2200.00,PE,0.00,0.00,0.00,152.95,224.80,0,0.00,0,0,06-JAN-2025
OPTSTK,ADANIPORTS,30-Jan-2025,2025-01-30,1280.00,CE,13.75,13.80,8.50,8.95,8.95,1336,6894.8192,476000,30000,06-JAN-2025
OPTSTK,ADANIPORTS,30-Jan-2025,2025-01-30,1200.00,PE,36.55,59.30,33.75,56.65,56.65,2905,14462.2236,1006000,37600,06-JAN-2025
OPTSTK,ACC,27-Mar-2025,2025-03-27,1800.00,CE,0.00,0.00,0.00,357.80,245.70,0,0.00,0,0,06-JAN-2025
OPTSTK,ACC,30-Jan-2025,2025-01-30,1800.00,CE,200.00,200.00,200.00,200.00,200.00,1,6,300,0,06-JAN-2025
OPTSTK,ACC,27-Feb-2025,2025-02-27,1800.00,CE,0.00,0.00,0.00,446.50,223.45,0,0.00,0,0,06-JAN-2025
OPTSTK,ADANIPORTS,27-Feb-2025,2025-02-27,1300.00,CE,20.00,20.45,15.75,17.00,17.00,176,927.493,72000,49600,06-JAN-2025
OPTSTK,ACC,27-Feb-2025,2025-02-27,1920.00,PE,0.00,0.00,0.00,49.05,56.20,0,0.00,0,0,06-JAN-2025
OPTSTK,ADANIPORTS,30-Jan-2025,2025-01-30,1440.00,CE,1.60,3.00,1.55,1.80,1.80,324,1868.611,165200,-25600,06-JAN-2025
OPTSTK,ADANIPORTS,30-Jan-2025,2025-01-30,1400.00,PE,220.00,235.25,220.00,234.80,234.80,7,45.6392,235200,-800,06-JAN-2025
OPTSTK,ACC,27-Feb-2025,2025-02-27,2360.00,PE,0.00,0.00,0.00,244.70,362.95,0,0.00,0,0,06-JAN-2025
OPTSTK,ADANIPORTS,30-Jan-2025,2025-01-30,1480.00,PE,300.00,312.00,296.00,310.50,310.50,7,50.016,52400,800,06-JAN-2025
OPTSTK,ADANIPORTS,30-Jan-2025,2025-01-30,1160.00,PE,20.75,36.70,18.80,35.05,35.05,2045,9723.8308,269200,60400,06-JAN-2025
OPTSTK,ACC,27-Mar-2025,2025-03-27,2280.00,CE,0.00,0.00,0.00,98.05,34.20,0,0.00,0,0,06-JAN-2025
OPTSTK,ACC,30-Jan-2025,2025-01-30,2280.00,PE,0.00,0.00,0.00,217.00,289.10,0,0.00,1200,0,06-JAN-2025
OPTSTK,ADANIPORTS,30-Jan-2025,2025-01-30,1100.00,PE,8.35,15.85,7.70,15.05,15.05,1977,8791.4362,348400,31200,06-JAN-2025
OPTSTK,ADANIPORTS,30-Jan-2025,2025-01-30,1040.00,PE,2.90,6.95,2.90,6.55,6.55,356,1488.1574,57200,-16800,06-JAN-2025
OPTSTK,ADANIPORTS,27-Mar-2025,2025-03-27,1040.00,PE,0.00,0.00,0.00,35.65,34.15,0,0.00,0,0,06-JAN-2025
OPTSTK,ADANIPORTS,27-Feb-2025,2025-02-27,1240.00,CE,38.30,38.30,27.00,29.40,29.40,44,223.8734,31600,8000,06-JAN-2025
OPTSTK,ACC,27-Feb-2025,2025-02-27,2020.00,CE,0.00,0.00,0.00,179.60,85.90,0,0.00,0,0,06-JAN-2025
OPTSTK,ADANIPORTS,27-Mar-2025,2025-03-27,1040.00,CE,0.00,0.00,0.00,258.35,172.45,0,0.00,0,0,06-JAN-2025
OPTSTK,ACC,30-Jan-2025,2025-01-30,2360.00,CE,0.00,0.00,0.00,2.40,1.10,0,0.00,9300,0,06-JAN-2025
OPTSTK,ADANIPORTS,27-Mar-2025,2025-03-27,1160.00,CE,0.00,0.00,0.00,179.80,101.40,0,0.00,0,0,06-JAN-2025
OPTSTK,ADANIPORTS,27-Feb-2025,2025-02-27,1160.00,PE,0.00,0.00,0.00,105.40,66.75,0,0.00,0,0,06-JAN-2025
OPTSTK,ASIANPAINT,30-Jan-2025,2025-01-30,2800.00,PE,489.00,489.00,489.00,489.00,520.45,2,13.156,88800,0,06-JAN-2025
OPTSTK,ASIANPAINT,30-Jan-2025,2025-01-30,1960.00,CE,0.00,0.00,0.00,614.60,315.95,0,0.00,0,0,06-JAN-2025
OPTSTK,ASIANPAINT,27-Feb-2025,2025-02-27,1960.00,PE,0.00,0.00,0.00,3.40,1.80,0,0.00,0,0,06-JAN-2025
OPTSTK,ASIANPAINT,27-Mar-2025,2025-03-27,2320.00,CE,0.00,0.00,0.00,100.00,82.20,0,0.00,200,0,06-JAN-2025
OPTSTK,ASIANPAINT,27-Mar-2025,2025-03-27,2320.00,PE,0.00,0.00,0.00,123.75,100.95,0,0.00,0,0,06-JAN-2025
OPTSTK,ASIANPAINT,27-Feb-2025,2025-02-27,2320.00,PE,0.00,0.00,0.00,53.60,90.10,0,0.00,0,0,06-JAN-2025
OPTSTK,ASIANPAINT,30-Jan-2025,2025-01-30,2680.00,PE,0.00,0.00,0.00,30.10,401.05,0,0.00,0,0,06-JAN-2025
OPTSTK,ASIANPAINT,30-Jan-2025,2025-01-30,2680.00,CE,0.00,0.00,0.00,333.95,0.05,0,0.00,0,0,06-JAN-2025
OPTSTK,ASIANPAINT,30-Jan-2025,2025-01-30,2180.00,PE,10.95,27.55,9.75,24.90,24.90,992,4364.8628,103800,600,06-JAN-2025
OPTSTK,ASIANPAINT,27-Feb-2025,2025-02-27,2180.00,CE,0.00,0.00,0.00,158.55,138.15,0,0.00,0,0,06-JAN-2025
OPTSTK,ASIANPAINT,30-Jan-2025,2025-01-30,2340.00,CE,56.35,56.50,27.80,31.25,31.25,2025,9627.7917,148600,11000,06-JAN-2025
OPTSTK,ASIANPAINT,27-Feb-2025,2025-02-27,2340.00,CE,71.95,71.95,69.50,69.50,51.60,2,9.6429,800,0,06-JAN-2025
OPTSTK,ASIANPAINT,27-Mar-2025,2025-03-27,2520.00,CE,0.00,0.00,0.00,43.25,23.75,0,0.00,0,0,06-JAN-2025
OPTSTK,ASIANPAINT,30-Jan-2025,2025-01-30,2380.00,CE,38.95,38.95,18.15,20.35,20.35,1688,8114.4219,299000,11400,06-JAN-2025
OPTSTK,ASIANPAINT,27-Feb-2025,2025-02-27,2800.00,CE,5.80,5.95,4.00,4.00,4.00,15,84.1563,2200,1800,06-JAN-2025
OPTSTK,ASIANPAINT,27-Mar-2025,2025-03-27,2560.00,PE,0.00,0.00,0.00,286.50,273.05,0,0.00,0,0,06-JAN-2025
OPTSTK,ASIANPAINT,27-Feb-2025,2025-02-27,2560.00,PE,0.00,0.00,0.00,159.20,275.80,0,0.00,0,0,06-JAN-2025
OPTSTK,ASIANPAINT,30-Jan-2025,2025-01-30,2440.00,CE,18.45,20.10,9.55,10.80,10.80,1022,5013.2109,121200,-10000,06-JAN-2025
OPTSTK,ASIANPAINT,27-Feb-2025,2025-02-27,2260.00,CE,0.00,0.00,0.00,111.45,88.10,0,0.00,0,0,06-JAN-2025
OPTSTK,ASIANPAINT,27-Feb-2025,2025-02-27,2240.00,CE,0.00,0.00,0.00,291.85,99.35,0,0.00,0,0,06-JAN-2025
OPTSTK,ASIANPAINT,30-Jan-2025,2025-01-30,2240.00,CE,116.30,116.40,71.00,77.35,77.35,208,967.5925,44400,-200,06-JAN-2025
OPTSTK,ASIANPAINT,27-Mar-2025,2025-03-27,2240.00,CE,0.00,0.00,0.00,147.90,122.90,0,0.00,0,0,06-JAN-2025
OPTSTK,ASIANPAINT,27-Feb-2025,2025-02-27,2240.00,PE,41.00,58.50,41.00,58.50,50.80,5,22.8988,1600,600,06-JAN-2025
OPTSTK,ASIANPAINT,27-Feb-2025,2025-02-27,2360.00,CE,63.55,63.55,61.00,61.05,44.50,4,19.3783,400,0,06-JAN-2025
OPTSTK,ASIANPAINT,30-Jan-2025,2025-01-30,2360.00,CE,46.00,46.40,22.35,25.15,25.15,2030,9703.0609,223400,-21200,06-JAN-2025
OPTSTK,ASIANPAINT,27-Mar-2025,2025-03-27,2360.00,PE,0.00,0.00,0.00,146.25,124.05,0,0.00,0,0,06-JAN-2025
OPTSTK,ASIANPAINT,27-Feb-2025,2025-02-27,2300.00,CE,102.15,103.05,68.00,72.15,72.15,77,366.5607,14600,3000,06-JAN-2025
OPTSTK,ASIANPAINT,30-Jan-2025,2025-01-30,2640.00,CE,2.30,2.40,1.35,1.45,1.45,181,956.3472,49200,9400,06-JAN-2025
OPTSTK,ASIANPAINT,30-Jan-2025,2025-01-30,2640.00,PE,0.00,0.00,0.00,355.00,361.30,0,0.00,600,0,06-JAN-2025
OPTSTK,ASIANPAINT,27-Mar-2025,2025-03-27,2600.00,CE,0.00,0.00,0.00,28.40,13.15,0,0.00,0,0,06-JAN-2025
OPTSTK,ASIANPAINT,27-Feb-2025,2025-02-27,2140.00,PE,0.00,0.00,0.00,36.75,20.20,0,0.00,0,0,06-JAN-2025
OPTSTK,LICI,27-Feb-2025,2025-02-27,950.00,PE,0.00,0.00,0.00,85.40,84.45,0,0.00,0,0,06-JAN-2025
OPTSTK,LICI,27-Feb-2025,2025-02-27,930.00,PE,0.00,0.00,0.00,73.00,70.35,0,0.00,0,0,06-JAN-2025
OPTSTK,LICI,30-Jan-2025,2025-01-30,930.00,CE,14.00,14.00,6.40,6.75,6.75,666,3593.05827,83950,-20700,06-JAN-2025
OPTSTK,COFORGE,30-Jan-2025,2025-01-30,11100.00,PE,0.00,0.00,0.00,2037.05,1435.45,0,0.00,0,0,06-JAN-2025
OPTSTK,COFORGE,27-Feb-2025,2025-02-27,11100.00,CE,0.00,0.00,0.00,164.15,85.80,0,0.00,0,0,06-JAN-2025
OPTSTK,COFORGE,30-Jan-2025,2025-01-30,11100.00,CE,26.30,30.40,23.20,25.30,25.30,116,967.981725,3675,150,06-JAN-2025
OPTSTK,COFORGE,27-Feb-2025,2025-02-27,11100.00,PE,0.00,0.00,0.00,1631.75,1447.80,0,0.00,0,0,06-JAN-2025
OPTSTK,COFORGE,27-Feb-2025,2025-02-27,8000.00,PE,0.00,0.00,0.00,326.20,23.45,0,0.00,0,0,06-JAN-2025
OPTSTK,LICI,30-Jan-2025,2025-01-30,1070.00,CE,0.00,0.00,0.00,0.90,0.25,0,0.00,1150,0,06-JAN-2025
OPTSTK,LICI,30-Jan-2025,2025-01-30,1100.00,CE,0.00,0.00,0.00,0.70,0.10,0,0.00,575,0,06-JAN-2025
OPTSTK,COFORGE,30-Jan-2025,2025-01-30,11300.00,PE,0.00,0.00,0.00,2049.70,1627.80,0,0.00,0,0,06-JAN-2025
OPTSTK,COFORGE,27-Feb-2025,2025-02-27,8200.00,CE,0.00,0.00,0.00,1007.90,1548.20,0,0.00,0,0,06-JAN-2025
OPTSTK,LICI,27-Mar-2025,2025-03-27,900.00,PE,0.00,0.00,0.00,65.30,59.30,0,0.00,0,0,06-JAN-2025
OPTSTK,LICI,27-Feb-2025,2025-02-27,910.00,PE,0.00,0.00,0.00,61.60,57.50,0,0.00,0,0,06-JAN-2025
OPTSTK,COFORGE,27-Feb-2025,2025-02-27,11300.00,PE,0.00,0.00,0.00,1799.50,1624.20,0,0.00,0,0,06-JAN-2025
OPTSTK,COFORGE,30-Jan-2025,2025-01-30,11300.00,CE,18.15,20.95,14.75,15.75,15.75,424,3599.00486,53100,5625,06-JAN-2025
OPTSTK,LICI,30-Jan-2025,2025-01-30,1040.00,PE,0.00,0.00,0.00,118.50,160.20,0,0.00,0,0,06-JAN-2025
OPTSTK,LICI,27-Feb-2025,2025-02-27,990.00,PE,0.00,0.00,0.00,112.95,115.80,0,0.00,0,0,06-JAN-2025
OPTSTK,LICI,30-Jan-2025,2025-01-30,990.00,PE,0.00,0.00,0.00,84.75,112.55,0,0.00,0,0,06-JAN-2025
OPTSTK,LICI,30-Jan-2025,2025-01-30,990.00,CE,1.50,2.00,1.50,1.60,1.60,75,427.608237,32775,24725,06-JAN-2025
OPTSTK,LICI,27-Feb-2025,2025-02-27,740.00,CE,0.00,0.00,0.00,219.75,146.20,0,0.00,0,0,06-JAN-2025
OPTSTK,COFORGE,27-Feb-2025,2025-02-27,9600.00,PE,0.00,0.00,0.00,1160.60,401.30,0,0.00,0,0,06-JAN-2025
OPTSTK,COFORGE,27-Feb-2025,2025-02-27,8400.00,CE,0.00,0.00,0.00,893.55,1371.00,0,0.00,0,0,06-JAN-2025
OPTSTK,COFORGE,27-Feb-2025,2025-02-27,9300.00,CE,0.00,0.00,0.00,762.80,694.35,0,0.00,0,0,06-JAN-2025
OPTSTK,COFORGE,27-Mar-2025,2025-03-27,8600.00,PE,0.00,0.00,0.00,285.80,146.95,0,0.00,0,0,06-JAN-2025
OPTSTK,COFORGE,30-Jan-2025,2025-01-30,8600.00,PE,35.05,51.20,32.75,48.85,48.85,121,784.33065,12750,2175,06-JAN-2025
OPTSTK,COFORGE,27-Mar-2025,2025-03-27,8800.00,PE,0.00,0.00,0.00,349.25,194.45,0,0.00,0,0,06-JAN-2025
OPTSTK,COFORGE,27-Feb-2025,2025-02-27,8800.00,CE,0.00,0.00,0.00,692.60,1042.30,0,0.00,0,0,06-JAN-2025
OPTSTK,COFORGE,27-Feb-2025,2025-02-27,8800.00,PE,0.00,0.00,0.00,672.85,126.35,0,0.00,0,0,06-JAN-2025
OPTSTK,LICI,30-Jan-2025,2025-01-30,1030.00,CE,1.05,1.05,1.05,1.05,0.90,1,5.9285375,7475,0,06-JAN-2025
OPTSTK,COFORGE,27-Feb-2025,2025-02-27,9500.00,PE,375.00,403.95,375.00,396.45,396.45,11,81.6029625,975,525,06-JAN-2025
OPTSTK,COFORGE,30-Jan-2025,2025-01-30,9500.00,PE,248.90,288.00,203.55,279.10,279.10,1694,12385.5634,94425,2700,06-JAN-2025
OPTSTK,NHPC,27-Feb-2025,2025-02-27,92.00,CE,0.00,0.00,0.00,5.30,1.10,0,0.00,0,0,06-JAN-2025
OPTSTK,OIL,30-Jan-2025,2025-01-30,550.00,PE,0.00,0.00,0.00,68.65,91.85,0,0.00,0,0,06-JAN-2025
OPTSTK,OIL,27-Feb-2025,2025-02-27,550.00,PE,0.00,0.00,0.00,123.50,95.15,0,0.00,0,0,06-JAN-2025
OPTSTK,OIL,27-Feb-2025,2025-02-27,440.00,CE,0.00,0.00,0.00,94.90,44.50,0,0.00,0,0,06-JAN-2025
OPTSTK,OIL,27-Feb-2025,2025-02-27,470.00,CE,0.00,0.00,0.00,23.35,29.70,0,0.00,0,0,06-JAN-2025
OPTSTK,NHPC,30-Jan-2025,2025-01-30,70.00,CE,0.00,0.00,0.00,15.80,9.90,0,0.00,0,0,06-JAN-2025
OPTSTK,NHPC,27-Feb-2025,2025-02-27,70.00,PE,0.00,0.00,0.00,2.15,1.05,0,0.00,0,0,06-JAN-2025
OPTSTK,OIL,27-Feb-2025,2025-02-27,540.00,CE,0.00,0.00,0.00,43.95,9.75,0,0.00,0,0,06-JAN-2025
OPTSTK,NHPC,30-Jan-2025,2025-01-30,91.00,PE,0.00,0.00,0.00,10.50,11.65,0,0.00,0,0,06-JAN-2025
OPTSTK,NHPC,30-Jan-2025,2025-01-30,91.00,CE,0.00,0.00,0.00,0.75,0.35,0,0.00,262400,0,06-JAN-2025
OPTSTK,OIL,30-Jan-2025,2025-01-30,460.00,CE,26.05,26.05,17.00,17.85,17.85,192,989.980937,138675,17200,06-JAN-2025
OPTSTK,OIL,27-Feb-2025,2025-02-27,530.00,PE,0.00,0.00,0.00,106.40,78.80,0,0.00,0,0,06-JAN-2025
OPTSTK,OIL,30-Jan-2025,2025-01-30,430.00,CE,0.00,0.00,0.00,60.35,39.75,0,0.00,79550,0,06-JAN-2025
OPTSTK,OIL,30-Jan-2025,2025-01-30,430.00,PE,3.20,6.95,3.20,6.60,6.60,229,1071.67825,236500,30100,06-JAN-2025
OPTSTK,NHPC,30-Jan-2025,2025-01-30,89.00,CE,0.60,0.60,0.45,0.45,0.55,39,223.3536,819200,-128000,06-JAN-2025
OPTSTK,NHPC,27-Feb-2025,2025-02-27,89.00,PE,0.00,0.00,0.00,9.90,10.55,0,0.00,0,0,06-JAN-2025
OPTSTK,NHPC,30-Jan-2025,2025-01-30,72.00,CE,0.00,0.00,0.00,14.25,8.20,0,0.00,0,0,06-JAN-2025
OPTSTK,NHPC,30-Jan-2025,2025-01-30,72.00,PE,0.60,0.75,0.60,0.75,0.75,40,185.9808,185600,51200,06-JAN-2025
OPTSTK,OIL,27-Mar-2025,2025-03-27,560.00,CE,0.00,0.00,0.00,11.65,12.90,0,0.00,0,0,06-JAN-2025
OPTSTK,OIL,30-Jan-2025,2025-01-30,510.00,CE,8.25,8.40,3.30,3.45,3.45,148,818.663562,111800,22575,06-JAN-2025
OPTSTK,OIL,30-Jan-2025,2025-01-30,510.00,PE,35.00,36.40,35.00,36.40,56.65,4,23.466175,15050,4300,06-JAN-2025
OPTSTK,NHPC,27-Mar-2025,2025-03-27,80.00,CE,0.00,0.00,0.00,9.30,5.90,0,0.00,0,0,06-JAN-2025
OPTSTK,NHPC,27-Mar-2025,2025-03-27,80.00,PE,0.00,0.00,0.00,5.80,5.50,0,0.00,0,0,06-JAN-2025
OPTSTK,NHPC,27-Feb-2025,2025-02-27,80.00,PE,0.00,0.00,0.00,5.50,4.60,0,0.00,0,0,06-JAN-2025
OPTSTK,OIL,27-Feb-2025,2025-02-27,490.00,PE,0.00,0.00,0.00,74.65,49.70,0,0.00,0,0,06-JAN-2025
OPTSTK,NHPC,27-Mar-2025,2025-03-27,68.00,CE,0.00,0.00,0.00,17.05,13.50,0,0.00,0,0,06-JAN-2025
OPTSTK,NHPC,27-Mar-2025,2025-03-27,68.00,PE,0.00,0.00,0.00,1.80,1.25,0,0.00,0,0,06-JAN-2025
OPTSTK,NHPC,30-Jan-2025,2025-01-30,84.00,CE,2.35,2.40,1.15,1.20,1.20,331,1810.3456,1427200,339200,06-JAN-2025
OPTSTK,NHPC,27-Mar-2025,2025-03-27,84.00,PE,0.00,0.00,0.00,7.85,7.75,0,0.00,0,0,06-JAN-2025
OPTSTK,OIL,30-Jan-2025,2025-01-30,440.00,CE,42.15,42.15,30.40,30.40,33.30,12,61.267475,70950,-1075,06-JAN-2025
OPTSTK,OIL,27-Feb-2025,2025-02-27,550.00,CE,0.00,0.00,0.00,7.45,8.20,0,0.00,0,0,06-JAN-2025
OPTSTK,NHPC,30-Jan-2025,2025-01-30,89.00,PE,0.00,0.00,0.00,6.60,9.90,0,0.00,6400,0,06-JAN-2025
OPTSTK,OIL,27-Feb-2025,2025-02-27,480.00,PE,0.00,0.00,0.00,37.55,43.35,0,0.00,0,0,06-JAN-2025
OPTSTK,HAL,30-Jan-2025,2025-01-30,4650.00,CE,16.80,17.65,13.30,14.15,14.15,144,1007.74215,12600,-3450,06-JAN-2025
OPTSTK,HAL,27-Feb-2025,2025-02-27,3850.00,CE,0.00,0.00,0.00,559.60,393.10,0,0.00,0,0,06-JAN-2025
OPTSTK,INDIANB,30-Jan-2025,2025-01-30,650.00,CE,0.40,0.50,0.40,0.50,0.15,22,135.946425,253650,-20900,06-JAN-2025
OPTSTK,INDIANB,30-Jan-2025,2025-01-30,610.00,CE,1.25,1.45,1.20,1.20,1.20,10,58.076825,20900,-1900,06-JAN-2025
OPTSTK,INDIANB,30-Jan-2025,2025-01-30,530.00,PE,28.80,33.80,26.95,33.65,30.35,10,53.351525,92150,-950,06-JAN-2025
OPTSTK,HAL,27-Mar-2025,2025-03-27,4000.00,CE,0.00,0.00,0.00,534.35,363.95,0,0.00,0,0,06-JAN-2025
OPTSTK,INDIANB,30-Jan-2025,2025-01-30,440.00,CE,0.00,0.00,0.00,141.95,72.95,0,0.00,0,0,06-JAN-2025
OPTSTK,HAL,30-Jan-2025,2025-01-30,4700.00,CE,14.25,16.00,11.10,11.75,11.75,1558,11014.2037,341250,6750,06-JAN-2025
OPTSTK,HAL,27-Mar-2025,2025-03-27,4700.00,PE,0.00,0.00,0.00,617.15,635.75,0,0.00,0,0,06-JAN-2025
OPTSTK,HAL,30-Jan-2025,2025-01-30,3500.00,CE,652.00,669.00,652.00,668.05,623.35,4,24.961575,900,600,06-JAN-2025
OPTSTK,INDIANB,30-Jan-2025,2025-01-30,480.00,CE,37.40,37.40,36.95,36.95,39.25,3,14.74115,2850,2850,06-JAN-2025
OPTSTK,INDIANB,27-Feb-2025,2025-02-27,480.00,PE,0.00,0.00,0.00,13.70,14.30,0,0.00,0,0,06-JAN-2025
OPTSTK,INDIANB,27-Mar-2025,2025-03-27,600.00,PE,0.00,0.00,0.00,77.35,92.50,0,0.00,0,0,06-JAN-2025
OPTSTK,INDIANB,27-Feb-2025,2025-02-27,600.00,CE,0.00,0.00,0.00,46.40,5.80,0,0.00,0,0,06-JAN-2025
OPTSTK,HAL,30-Jan-2025,2025-01-30,5200.00,PE,1023.50,1090.35,1023.50,1090.35,1090.35,3,28.164825,13500,0,06-JAN-2025
OPTSTK,HAL,30-Jan-2025,2025-01-30,5100.00,PE,962.15,973.40,962.15,973.40,977.45,3,27.303975,8400,150,06-JAN-2025
OPTSTK,HAL,27-Feb-2025,2025-02-27,4100.00,PE,144.95,192.00,144.95,190.00,206.30,16,102.4098,6900,150,06-JAN-2025
OPTSTK,HAL,27-Feb-2025,2025-02-27,4100.00,CE,240.00,243.00,213.00,223.40,223.40,27,175.342725,2400,1050,06-JAN-2025
OPTSTK,INDIANB,30-Jan-2025,2025-01-30,460.00,PE,3.60,5.35,3.20,4.35,4.35,260,1147.26132,175750,3800,06-JAN-2025
OPTSTK,INDIANB,27-Mar-2025,2025-03-27,460.00,CE,0.00,0.00,0.00,105.45,69.60,0,0.00,0,0,06-JAN-2025
OPTSTK,HAL,30-Jan-2025,2025-01-30,3750.00,PE,15.70,30.55,13.15,26.20,26.20,444,2512.1178,25500,-11400,06-JAN-2025
OPTSTK,HAL,27-Feb-2025,2025-02-27,4000.00,CE,0.00,0.00,0.00,712.60,300.40,0,0.00,0,0,06-JAN-2025
OPTSTK,HAL,27-Mar-2025,2025-03-27,4000.00,PE,0.00,0.00,0.00,232.95,203.45,0,0.00,0,0,06-JAN-2025
OPTSTK,HAL,27-Feb-2025,2025-02-27,4800.00,CE,69.75,69.75,33.05,33.05,45.40,2,14.5542,1950,0,06-JAN-2025
OPTSTK,HAL,27-Mar-2025,2025-03-27,4800.00,CE,0.00,0.00,0.00,202.60,87.05,0,0.00,0,0,06-JAN-2025
OPTSTK,HAL,30-Jan-2025,2025-01-30,3950.00,PE,35.80,75.00,32.65,64.95,64.95,1361,8178.28882,19350,-12000,06-JAN-2025
OPTSTK,HAL,27-Feb-2025,2025-02-27,3950.00,CE,0.00,0.00,0.00,494.40,329.60,0,0.00,0,0,06-JAN-2025
OPTSTK,INDIANB,27-Feb-2025,2025-02-27,640.00,CE,0.00,0.00,0.00,0.10,2.30,0,0.00,950,0,06-JAN-2025
OPTSTK,HAL,27-Mar-2025,2025-03-27,4500.00,CE,0.00,0.00,0.00,298.60,156.50,0,0.00,0,0,06-JAN-2025
OPTSTK,HAL,30-Jan-2025,2025-01-30,4500.00,PE,307.00,433.10,307.00,412.80,412.80,142,1043.29462,188850,900,06-JAN-2025
OPTSTK,HAL,27-Mar-2025,2025-03-27,4500.00,PE,0.00,0.00,0.00,488.10,488.70,0,0.00,0,0,06-JAN-2025
OPTSTK,HAL,27-Feb-2025,2025-02-27,4150.00,PE,165.10,216.15,165.10,216.15,231.90,5,32.609175,1800,300,06-JAN-2025
OPTSTK,GLENMARK,30-Jan-2025,2025-01-30,1880.00,CE,0.00,0.00,0.00,67.90,1.80,0,0.00,0,0,06-JAN-2025
OPTSTK,COALINDIA,27-Feb-2025,2025-02-27,450.00,CE,1.80,1.80,1.05,1.35,1.80,44,208.5447,75600,9450,06-JAN-2025
OPTSTK,COALINDIA,30-Jan-2025,2025-01-30,370.00,PE,2.30,6.55,2.30,6.05,6.05,1644,6465.44115,1202250,66150,06-JAN-2025
OPTSTK,GLENMARK,27-Feb-2025,2025-02-27,1360.00,PE,0.00,0.00,0.00,44.45,3.60,0,0.00,0,0,06-JAN-2025
OPTSTK,GLENMARK,27-Mar-2025,2025-03-27,1360.00,PE,0.00,0.00,0.00,32.30,8.45,0,0.00,0,0,06-JAN-2025
OPTSTK,GLENMARK,27-Feb-2025,2025-02-27,1800.00,CE,0.00,0.00,0.00,31.00,22.65,0,0.00,0,0,06-JAN-2025
OPTSTK,GLENMARK,27-Feb-2025,2025-02-27,1780.00,PE,0.00,0.00,0.00,243.10,165.95,0,0.00,0,0,06-JAN-2025
OPTSTK,COALINDIA,27-Feb-2025,2025-02-27,365.00,PE,7.00,7.90,7.00,7.35,10.00,22,86.064825,16800,16800,06-JAN-2025
OPTSTK,COALINDIA,30-Jan-2025,2025-01-30,380.00,CE,20.15,20.15,10.20,10.85,10.85,2200,9063.0393,1060500,170100,06-JAN-2025
OPTSTK,COALINDIA,27-Mar-2025,2025-03-27,380.00,PE,0.00,0.00,0.00,21.70,19.70,0,0.00,0,0,06-JAN-2025
OPTSTK,GLENMARK,30-Jan-2025,2025-01-30,1440.00,CE,0.00,0.00,0.00,210.50,192.85,0,0.00,325,0,06-JAN-2025
OPTSTK,GLENMARK,27-Mar-2025,2025-03-27,1840.00,CE,0.00,0.00,0.00,32.35,30.40,0,0.00,0,0,06-JAN-2025
OPTSTK,GLENMARK,27-Feb-2025,2025-02-27,1840.00,CE,0.00,0.00,0.00,25.15,16.10,0,0.00,0,0,06-JAN-2025
OPTSTK,GLENMARK,30-Jan-2025,2025-01-30,1440.00,PE,3.70,4.65,3.40,4.65,2.75,123,577.27995,55250,-11375,06-JAN-2025
OPTSTK,GLENMARK,27-Feb-2025,2025-02-27,1400.00,PE,0.00,0.00,0.00,57.50,6.55,0,0.00,0,0,06-JAN-2025
OPTSTK,COALINDIA,27-Mar-2025,2025-03-27,360.00,PE,0.00,0.00,0.00,13.80,11.35,0,0.00,0,0,06-JAN-2025
OPTSTK,COALINDIA,30-Jan-2025,2025-01-30,360.00,PE,1.40,3.85,1.30,3.50,3.50,1424,5423.2605,689850,16800,06-JAN-2025
OPTSTK,COALINDIA,27-Feb-2025,2025-02-27,370.00,CE,0.00,0.00,0.00,62.40,24.25,0,0.00,0,0,06-JAN-2025
OPTSTK,COALINDIA,30-Jan-2025,2025-01-30,370.00,CE,25.30,25.35,16.05,17.00,17.00,210,856.900275,274050,24150,06-JAN-2025
OPTSTK,COALINDIA,30-Jan-2025,2025-01-30,460.00,CE,0.30,0.30,0.20,0.20,0.10,25,120.816675,499800,-16800,06-JAN-2025
OPTSTK,COALINDIA,27-Mar-2025,2025-03-27,460.00,PE,0.00,0.00,0.00,73.70,77.60,0,0.00,0,0,06-JAN-2025
OPTSTK,COALINDIA,27-Mar-2025,2025-03-27,440.00,CE,0.00,0.00,0.00,12.65,5.60,0,0.00,0,0,06-JAN-2025
OPTSTK,COALINDIA,30-Jan-2025,2025-01-30,440.00,PE,45.00,45.00,45.00,45.00,59.75,2,10.185,459900,2100,06-JAN-2025
OPTSTK,GLENMARK,27-Mar-2025,2025-03-27,1520.00,CE,0.00,0.00,0.00,136.55,165.20,0,0.00,0,0,06-JAN-2025
OPTSTK,GLENMARK,27-Feb-2025,2025-02-27,1520.00,CE,0.00,0.00,0.00,112.80,145.50,0,0.00,0,0,06-JAN-2025
OPTSTK,COALINDIA,27-Feb-2025,2025-02-27,390.00,PE,15.00,21.75,15.00,21.75,21.85,7,29.992725,19950,2100,06-JAN-2025
OPTSTK,COALINDIA,30-Jan-2025,2025-01-30,390.00,PE,7.15,16.35,7.15,15.35,15.35,1930,8137.11727,1468950,-158550,06-JAN-2025
OPTSTK,GLENMARK,27-Feb-2025,2025-02-27,1460.00,CE,0.00,0.00,0.00,148.85,191.90,0,0.00,0,0,06-JAN-2025
OPTSTK,COALINDIA,27-Mar-2025,2025-03-27,410.00,PE,0.00,0.00,0.00,37.70,37.45,0,0.00,0,0,06-JAN-2025
OPTSTK,GLENMARK,27-Feb-2025,2025-02-27,1460.00,PE,0.00,0.00,0.00,49.10,14.20,0,0.00,0,0,06-JAN-2025
OPTSTK,COALINDIA,27-Feb-2025,2025-02-27,400.00,CE,11.55,11.85,7.55,8.30,8.30,108,463.550325,243600,42000,06-JAN-2025
OPTSTK,COALINDIA,27-Feb-2025,2025-02-27,405.00,PE,0.00,0.00,0.00,31.30,31.55,0,0.00,0,0,06-JAN-2025
OPTSTK,CAMS,27-Mar-2025,2025-03-27,5000.00,CE,0.00,0.00,0.00,462.95,302.00,0,0.00,0,0,06-JAN-2025
OPTSTK,MUTHOOTFIN,27-Mar-2025,2025-03-27,2280.00,CE,0.00,0.00,0.00,67.20,84.30,0,0.00,0,0,06-JAN-2025
OPTSTK,MUTHOOTFIN,27-Mar-2025,2025-03-27,2240.00,CE,0.00,0.00,0.00,78.85,100.75,0,0.00,0,0,06-JAN-2025
OPTSTK,MUTHOOTFIN,30-Jan-2025,2025-01-30,2240.00,PE,59.25,94.70,58.20,87.25,85.85,195,1241.81915,45100,-6325,06-JAN-2025
OPTSTK,MUTHOOTFIN,30-Jan-2025,2025-01-30,2240.00,CE,67.15,72.80,33.15,41.90,41.90,354,2223.61576,72325,-1100,06-JAN-2025
OPTSTK,MUTHOOTFIN,27-Mar-2025,2025-03-27,2440.00,CE,0.00,0.00,0.00,33.90,38.05,0,0.00,0,0,06-JAN-2025
OPTSTK,VBL,27-Feb-2025,2025-02-27,580.00,PE,0.00,0.00,0.00,25.60,10.50,0,0.00,0,0,06-JAN-2025
OPTSTK,VBL,30-Jan-2025,2025-01-30,580.00,PE,4.00,5.75,3.40,4.90,4.90,245,1253.80762,189875,28000,06-JAN-2025
OPTSTK,VBL,27-Mar-2025,2025-03-27,580.00,PE,0.00,0.00,0.00,26.20,15.55,0,0.00,0,0,06-JAN-2025
OPTSTK,MUTHOOTFIN,30-Jan-2025,2025-01-30,1960.00,PE,4.10,7.10,3.75,6.55,6.55,201,1086.11085,15675,4400,06-JAN-2025
OPTSTK,MUTHOOTFIN,27-Feb-2025,2025-02-27,1960.00,CE,0.00,0.00,0.00,118.00,257.35,0,0.00,0,0,06-JAN-2025
OPTSTK,CAMS,30-Jan-2025,2025-01-30,4500.00,CE,0.00,0.00,0.00,507.40,421.95,0,0.00,1500,0,06-JAN-2025
OPTSTK,CAMS,27-Feb-2025,2025-02-27,4500.00,PE,90.00,100.00,90.00,100.00,107.95,2,11.4875,375,250,06-JAN-2025
OPTSTK,MUTHOOTFIN,30-Jan-2025,2025-01-30,2140.00,CE,113.05,113.05,80.65,81.00,91.45,18,110.485925,19800,0,06-JAN-2025
OPTSTK,MUTHOOTFIN,30-Jan-2025,2025-01-30,2520.00,CE,3.90,3.90,1.75,2.50,2.50,63,437.002087,29975,6325,06-JAN-2025
OPTSTK,MUTHOOTFIN,27-Feb-2025,2025-02-27,2520.00,CE,0.00,0.00,0.00,8.50,10.95,0,0.00,0,0,06-JAN-2025
OPTSTK,CAMS,30-Jan-2025,2025-01-30,4200.00,PE,12.65,23.95,11.65,21.15,21.15,123,648.601875,12500,5250,06-JAN-2025
OPTSTK,VBL,30-Jan-2025,2025-01-30,610.00,PE,6.00,12.80,6.00,12.05,11.80,122,662.0005,77000,-7000,06-JAN-2025
OPTSTK,MUTHOOTFIN,30-Jan-2025,2025-01-30,2360.00,PE,0.00,0.00,0.00,130.45,175.90,0,0.00,550,0,06-JAN-2025
OPTSTK,VBL,30-Jan-2025,2025-01-30,570.00,CE,69.95,69.95,64.15,64.15,66.05,3,16.697625,2625,2625,06-JAN-2025
OPTSTK,MUTHOOTFIN,27-Feb-2025,2025-02-27,2560.00,CE,0.00,0.00,0.00,6.80,7.85,0,0.00,0,0,06-JAN-2025
OPTSTK,MUTHOOTFIN,27-Feb-2025,2025-02-27,2360.00,PE,0.00,0.00,0.00,425.40,187.15,0,0.00,0,0,06-JAN-2025
OPTSTK,MUTHOOTFIN,27-Feb-2025,2025-02-27,1920.00,CE,0.00,0.00,0.00,136.75,292.50,0,0.00,0,0,06-JAN-2025
OPTSTK,VBL,27-Mar-2025,2025-03-27,680.00,PE,0.00,0.00,0.00,77.40,63.80,0,0.00,0,0,06-JAN-2025
OPTSTK,VBL,27-Feb-2025,2025-02-27,680.00,PE,0.00,0.00,0.00,75.00,59.00,0,0.00,0,0,06-JAN-2025
OPTSTK,VBL,27-Mar-2025,2025-03-27,680.00,CE,0.00,0.00,0.00,33.75,24.50,0,0.00,0,0,06-JAN-2025
OPTSTK,MUTHOOTFIN,30-Jan-2025,2025-01-30,2120.00,CE,100.00,103.45,91.85,92.35,104.50,18,109.749612,50050,-1650,06-JAN-2025
OPTSTK,MUTHOOTFIN,27-Feb-2025,2025-02-27,2120.00,PE,0.00,0.00,0.00,231.55,51.00,0,0.00,0,0,06-JAN-2025
OPTSTK,VBL,30-Jan-2025,2025-01-30,710.00,PE,73.95,81.95,73.95,80.80,78.75,10,69.1026875,5250,875,06-JAN-2025
OPTSTK,MUTHOOTFIN,27-Mar-2025,2025-03-27,2120.00,CE,0.00,0.00,0.00,123.45,163.40,0,0.00,0,0,06-JAN-2025
OPTSTK,MUTHOOTFIN,30-Jan-2025,2025-01-30,2300.00,PE,100.05,138.00,100.05,129.00,129.00,46,305.959087,34650,550,06-JAN-2025
OPTSTK,VBL,30-Jan-2025,2025-01-30,550.00,CE,0.00,0.00,0.00,98.85,84.25,0,0.00,0,0,06-JAN-2025
OPTSTK,ICICIGI,30-Jan-2025,2025-01-30,1620.00,PE,4.40,4.55,4.35,4.55,0.95,6,24.366875,14000,-250,06-JAN-2025
OPTSTK,ICICIGI,27-Mar-2025,2025-03-27,1520.00,CE,0.00,0.00,0.00,374.30,317.95,0,0.00,0,0,06-JAN-2025
OPTSTK,ICICIGI,30-Jan-2025,2025-01-30,1520.00,CE,0.00,0.00,0.00,428.35,299.50,0,0.00,0,0,06-JAN-2025
OPTSTK,HEROMOTOCO,27-Mar-2025,2025-03-27,4600.00,CE,0.00,0.00,0.00,159.65,81.15,0,0.00,0,0,06-JAN-2025
OPTSTK,M&MFIN,27-Feb-2025,2025-02-27,265.00,PE,0.00,0.00,0.00,14.50,8.75,0,0.00,0,0,06-JAN-2025
OPTSTK,M&MFIN,30-Jan-2025,2025-01-30,265.00,CE,17.00,20.75,12.60,13.50,13.50,194,1089.773,472000,-54000,06-JAN-2025
OPTSTK,M&MFIN,27-Feb-2025,2025-02-27,300.00,CE,7.00,7.25,4.20,4.30,4.30,30,183.853,176000,16000,06-JAN-2025
OPTSTK,HEROMOTOCO,30-Jan-2025,2025-01-30,5300.00,PE,0.00,0.00,0.00,1000.00,1073.80,0,0.00,900,0,06-JAN-2025
OPTSTK,ICICIGI,30-Jan-2025,2025-01-30,1780.00,CE,86.15,86.15,78.05,80.85,66.05,5,23.275375,18750,250,06-JAN-2025
OPTSTK,HEROMOTOCO,27-Feb-2025,2025-02-27,4800.00,CE,0.00,0.00,0.00,326.80,19.45,0,0.00,0,0,06-JAN-2025
OPTSTK,ICICIGI,27-Feb-2025,2025-02-27,1780.00,CE,0.00,0.00,0.00,145.55,90.65,0,0.00,0,0,06-JAN-2025
OPTSTK,HEROMOTOCO,27-Feb-2025,2025-02-27,3800.00,CE,0.00,0.00,0.00,1066.50,462.05,0,0.00,0,0,06-JAN-2025
OPTSTK,HEROMOTOCO,27-Feb-2025,2025-02-27,3800.00,PE,0.00,0.00,0.00,14.45,22.95,0,0.00,0,0,06-JAN-2025
OPTSTK,ICICIGI,27-Mar-2025,2025-03-27,1920.00,PE,0.00,0.00,0.00,116.85,126.10,0,0.00,0,0,06-JAN-2025
OPTSTK,HEROMOTOCO,30-Jan-2025,2025-01-30,5600.00,PE,0.00,0.00,0.00,1300.00,1372.45,0,0.00,8550,0,06-JAN-2025
OPTSTK,ICICIGI,27-Feb-2025,2025-02-27,1700.00,CE,0.00,0.00,0.00,203.60,146.20,0,0.00,0,0,06-JAN-2025
OPTSTK,ICICIGI,30-Jan-2025,2025-01-30,1700.00,CE,135.35,135.40,135.35,135.40,126.75,2,9.176875,5250,-250,06-JAN-2025
OPTSTK,M&MFIN,27-Feb-2025,2025-02-27,230.00,PE,1.70,1.70,1.70,1.70,0.90,1,4.634,98000,0,06-JAN-2025
OPTSTK,M&MFIN,27-Feb-2025,2025-02-27,230.00,CE,0.00,0.00,0.00,50.30,44.10,0,0.00,0,0,06-JAN-2025
OPTSTK,M&MFIN,27-Mar-2025,2025-03-27,320.00,CE,0.00,0.00,0.00,5.50,3.35,0,0.00,0,0,06-JAN-2025
OPTSTK,M&MFIN,27-Mar-2025,2025-03-27,320.00,PE,0.00,0.00,0.00,54.10,47.65,0,0.00,0,0,06-JAN-2025
OPTSTK,ICICIGI,27-Feb-2025,2025-02-27,2120.00,PE,0.00,0.00,0.00,245.50,290.30,0,0.00,0,0,06-JAN-2025
OPTSTK,ICICIGI,30-Jan-2025,2025-01-30,2100.00,PE,0.00,0.00,0.00,227.00,278.30,0,0.00,500,0,06-JAN-2025
OPTSTK,ICICIGI,27-Feb-2025,2025-02-27,1720.00,PE,0.00,0.00,0.00,33.10,21.80,0,0.00,0,0,06-JAN-2025
OPTSTK,ICICIGI,27-Mar-2025,2025-03-27,1720.00,CE,0.00,0.00,0.00,208.00,149.30,0,0.00,0,0,06-JAN-2025
OPTSTK,M&MFIN,30-Jan-2025,2025-01-30,280.00,PE,17.55,17.55,9.30,15.05,15.05,912,5324.567,680000,-84000,06-JAN-2025
OPTSTK,M&MFIN,27-Feb-2025,2025-02-27,280.00,CE,0.00,0.00,0.00,12.55,10.00,0,0.00,26000,0,06-JAN-2025
OPTSTK,M&MFIN,27-Feb-2025,2025-02-27,280.00,PE,0.00,0.00,0.00,14.25,16.30,0,0.00,10000,0,06-JAN-2025
OPTSTK,M&MFIN,27-Feb-2025,2025-02-27,220.00,PE,0.00,0.00,0.00,2.60,0.35,0,0.00,0,0,06-JAN-2025
OPTSTK,HEROMOTOCO,27-Feb-2025,2025-02-27,5000.00,PE,0.00,0.00,0.00,363.80,756.85,0,0.00,0,0,06-JAN-2025
OPTSTK,HEROMOTOCO,30-Jan-2025,2025-01-30,5000.00,CE,3.95,4.15,2.30,2.85,2.85,895,6717.06255,215850,-19500,06-JAN-2025
OPTSTK,ICICIGI,27-Feb-2025,2025-02-27,1640.00,CE,0.00,0.00,0.00,277.90,196.10,0,0.00,0,0,06-JAN-2025
OPTSTK,WIPRO,30-Jan-2025,2025-01-30,317.50,CE,2.80,3.35,2.70,3.15,3.15,160,1538.4915,555000,96000,06-JAN-2025
OPTSTK,WIPRO,30-Jan-2025,2025-01-30,310.00,PE,18.20,21.80,17.20,19.80,19.80,132,1304.3475,1416000,12000,06-JAN-2025
OPTSTK,WIPRO,27-Feb-2025,2025-02-27,310.00,CE,8.35,8.80,7.65,8.20,8.20,18,171.858,96000,0,06-JAN-2025
OPTSTK,WIPRO,30-Jan-2025,2025-01-30,277.50,CE,22.20,22.20,20.90,20.90,20.30,5,44.895,24000,9000,06-JAN-2025
OPTSTK,WIPRO,27-Feb-2025,2025-02-27,335.00,CE,0.00,0.00,0.00,10.60,2.30,0,0.00,0,0,06-JAN-2025
OPTSTK,WIPRO,30-Jan-2025,2025-01-30,335.00,CE,0.90,1.20,0.90,1.15,1.15,385,3881.448,747000,-84000,06-JAN-2025
OPTSTK,WIPRO,30-Jan-2025,2025-01-30,320.00,PE,25.20,28.90,25.05,27.65,27.65,16,166.431,423000,0,06-JAN-2025
OPTSTK,WIPRO,27-Feb-2025,2025-02-27,250.00,CE,0.00,0.00,0.00,89.05,47.40,0,0.00,0,0,06-JAN-2025
OPTSTK,WIPRO,30-Jan-2025,2025-01-30,267.50,PE,1.90,2.45,1.40,2.25,2.25,282,2281.119,642000,174000,06-JAN-2025
OPTSTK,WIPRO,27-Feb-2025,2025-02-27,277.50,PE,0.00,0.00,0.00,4.40,4.95,0,0.00,0,0,06-JAN-2025
OPTSTK,WIPRO,27-Feb-2025,2025-02-27,270.00,PE,3.60,4.55,3.35,4.50,4.50,32,263.2575,213000,-33000,06-JAN-2025
OPTSTK,WIPRO,27-Mar-2025,2025-03-27,270.00,CE,0.00,0.00,0.00,44.50,33.20,0,0.00,0,0,06-JAN-2025
OPTSTK,WIPRO,27-Feb-2025,2025-02-27,282.50,CE,0.00,0.00,0.00,31.75,21.00,0,0.00,0,0,06-JAN-2025
OPTSTK,WIPRO,30-Jan-2025,2025-01-30,337.50,CE,0.75,1.00,0.75,1.00,1.00,199,2020.2735,342000,-66000,06-JAN-2025
OPTSTK,WIPRO,30-Jan-2025,2025-01-30,300.00,CE,7.90,9.65,7.10,8.45,8.45,4377,40510.9005,5859000,2079000,06-JAN-2025
OPTSTK,WIPRO,30-Jan-2025,2025-01-30,355.00,CE,0.40,1.35,0.30,0.40,0.40,52,554.616,498000,-15000,06-JAN-2025
OPTSTK,WIPRO,27-Feb-2025,2025-02-27,355.00,PE,0.00,0.00,0.00,130.45,58.05,0,0.00,0,0,06-JAN-2025
OPTSTK,WIPRO,30-Jan-2025,2025-01-30,355.00,PE,0.00,0.00,0.00,148.75,59.20,0,0.00,0,0,06-JAN-2025
OPTSTK,WIPRO,27-Feb-2025,2025-02-27,302.50,PE,0.00,0.00,0.00,12.80,15.65,0,0.00,0,0,06-JAN-2025
OPTSTK,WIPRO,30-Jan-2025,2025-01-30,270.00,PE,2.15,2.95,1.65,2.70,2.70,1019,8325.165,3060000,435000,06-JAN-2025
OPTSTK,WIPRO,27-Mar-2025,2025-03-27,280.00,PE,0.00,0.00,0.00,6.95,7.80,0,0.00,0,0,06-JAN-2025
OPTSTK,WIPRO,30-Jan-2025,2025-01-30,280.00,CE,20.25,21.15,17.75,19.90,19.90,61,547.6755,1470000,33000,06-JAN-2025
OPTSTK,WIPRO,27-Feb-2025,2025-02-27,332.50,PE,0.00,0.00,0.00,30.70,37.65,0,0.00,0,0,06-JAN-2025
OPTSTK,WIPRO,30-Jan-2025,2025-01-30,332.50,CE,1.00,1.30,1.00,1.30,1.30,206,2062.3635,558000,144000,06-JAN-2025
OPTSTK,WIPRO,27-Feb-2025,2025-02-27,332.50,CE,0.00,0.00,0.00,7.45,2.60,0,0.00,0,0,06-JAN-2025
OPTSTK,WIPRO,30-Jan-2025,2025-01-30,332.50,PE,0.00,0.00,0.00,24.70,37.25,0,0.00,12000,0,06-JAN-2025
OPTSTK,WIPRO,30-Jan-2025,2025-01-30,322.50,PE,0.00,0.00,0.00,29.00,28.10,0,0.00,78000,0,06-JAN-2025
OPTSTK,WIPRO,30-Jan-2025,2025-01-30,322.50,CE,2.05,2.40,1.90,2.35,2.35,297,2892.7935,2715000,216000,06-JAN-2025
OPTSTK,WIPRO,27-Feb-2025,2025-02-27,322.50,CE,0.00,0.00,0.00,10.45,4.30,0,0.00,0,0,06-JAN-2025
OPTSTK,WIPRO,30-Jan-2025,2025-01-30,312.50,PE,19.35,22.60,19.35,22.50,19.70,14,140.4975,198000,-9000,06-JAN-2025
OPTSTK,WIPRO,27-Feb-2025,2025-02-27,345.00,PE,0.00,0.00,0.00,113.00,48.70,0,0.00,0,0,06-JAN-2025
OPTSTK,WIPRO,27-Mar-2025,2025-03-27,350.00,CE,0.00,0.00,0.00,6.60,2.50,0,0.00,0,0,06-JAN-2025
OPTIDX,NIFTY,06-Feb-2025,2025-02-06,25300.00,PE,0.00,0.00,0.00,1093.95,1563.00,0,0.00,0,0,06-JAN-2025
OPTIDX,NIFTY,09-Jan-2025,2025-01-09,25300.00,PE,1469.75,1593.35,1469.75,1593.35,1669.90,4,80.4921375,8325,0,06-JAN-2025
OPTIDX,NIFTY,27-Feb-2025,2025-02-27,25300.00,PE,0.00,0.00,0.00,699.95,1520.65,0,0.00,75,0,06-JAN-2025
OPTIDX,NIFTY,27-Feb-2025,2025-02-27,24700.00,PE,812.00,1050.05,770.00,1036.00,1030.80,61,1173.2859,12225,-600,06-JAN-2025
OPTIDX,NIFTY,06-Feb-2025,2025-02-06,24700.00,CE,210.00,210.00,120.00,126.00,83.25,7,130.439925,300,150,06-JAN-2025
OPTIDX,NIFTY,09-Jan-2025,2025-01-09,24700.00,PE,704.75,1113.00,655.00,1082.25,1082.25,275,5266.53491,37050,-3225,06-JAN-2025
OPTIDX,NIFTY,06-Feb-2025,2025-02-06,23400.00,CE,0.00,0.00,0.00,1092.75,574.20,0,0.00,0,0,06-JAN-2025
OPTIDX,NIFTY,16-Jan-2025,2025-01-16,24250.00,CE,140.70,162.45,64.15,67.90,67.90,11905,217343.076,101025,50775,06-JAN-2025
OPTIDX,NIFTY,27-Feb-2025,2025-02-27,22400.00,CE,0.00,0.00,0.00,2070.15,1495.80,0,0.00,0,0,06-JAN-2025
OPTIDX,NIFTY,09-Jan-2025,2025-01-09,22400.00,PE,0.85,6.65,0.65,5.05,5.05,363268,6103743.09,2471475,-77400,06-JAN-2025
OPTIDX,NIFTY,06-Feb-2025,2025-02-06,25150.00,PE,0.00,0.00,0.00,980.65,1423.35,0,0.00,0,0,06-JAN-2025
OPTIDX,NIFTY,09-Jan-2025,2025-01-09,25150.00,PE,1117.95,1127.80,1117.95,1127.80,1520.00,2,39.4093125,75,75,06-JAN-2025
OPTIDX,NIFTY,23-Jan-2025,2025-01-23,25150.00,PE,0.00,0.00,0.00,1162.45,1460.80,0,0.00,0,0,06-JAN-2025
OPTIDX,NIFTY,23-Jan-2025,2025-01-23,25150.00,CE,20.00,20.00,8.30,13.00,13.00,61,1151.22296,5775,-225,06-JAN-2025
OPTIDX,NIFTY,27-Feb-2025,2025-02-27,24700.00,CE,306.05,322.00,191.45,199.10,199.10,2576,48180.2968,97575,34350,06-JAN-2025
OPTIDX,NIFTY,27-Mar-2025,2025-03-27,24700.00,PE,0.00,0.00,0.00,1055.30,1040.50,0,0.00,0,0,06-JAN-2025
OPTIDX,NIFTY,27-Mar-2025,2025-03-27,24700.00,CE,460.00,460.00,328.00,340.80,340.80,103,1935.40717,11850,3075,06-JAN-2025
OPTIDX,NIFTY,09-Jan-2025,2025-01-09,24700.00,CE,6.65,8.80,3.40,3.70,3.70,883631,16372514.9,6849900,2362800,06-JAN-2025
OPTIDX,NIFTY,24-Dec-2025,2025-12-24,19500.00,CE,0.00,0.00,0.00,5350.00,5375.35,0,0.00,1600,0,06-JAN-2025
OPTIDX,NIFTY,06-Feb-2025,2025-02-06,23650.00,PE,0.00,0.00,0.00,203.40,327.05,0,0.00,0,0,06-JAN-2025
OPTIDX,NIFTY,23-Jan-2025,2025-01-23,23650.00,CE,576.70,576.70,332.00,356.60,356.60,459,8268.13683,10500,8775,06-JAN-2025
OPTIDX,NIFTY,16-Jan-2025,2025-01-16,23650.00,PE,94.95,310.90,83.85,275.60,275.60,12626,226010.382,97950,53475,06-JAN-2025
OPTIDX,NIFTY,16-Jan-2025,2025-01-16,23650.00,CE,483.00,509.00,260.60,282.45,282.45,5503,98820.3964,76425,69975,06-JAN-2025
OPTIDX,NIFTY,30-Jan-2025,2025-01-30,23650.00,PE,167.70,377.45,162.55,345.00,345.00,15225,91117.5977,144600,21700,06-JAN-2025
OPTIDX,NIFTY,30-Jan-2025,2025-01-30,23650.00,CE,622.15,657.35,391.00,414.75,414.75,9017,54291.8935,102275,57800,06-JAN-2025
OPTIDX,NIFTY,27-Mar-2025,2025-03-27,23650.00,CE,0.00,0.00,0.00,1053.55,770.10,0,0.00,0,0,06-JAN-2025
OPTIDX,NIFTY,23-Jan-2025,2025-01-23,23650.00,PE,141.80,348.00,116.90,322.80,322.80,389,6979.76006,7575,3675,06-JAN-2025
OPTIDX,NIFTY,09-Jan-2025,2025-01-09,23650.00,CE,407.75,436.00,160.80,180.85,180.85,520625,9310693.56,1410525,1154475,06-JAN-2025
OPTIDX,NIFTY,09-Jan-2025,2025-01-09,23650.00,PE,30.00,253.25,30.00,208.45,208.45,1270339,22675614.7,1209675,-193050,06-JAN-2025
OPTIDX,NIFTY,26-Jun-2025,2025-06-26,25000.00,PE,950.00,1200.00,935.00,1167.80,1167.80,831,16265.9395,303025,-450,06-JAN-2025
OPTIDX,NIFTY,25-Sep-2025,2025-09-25,25000.00,PE,1111.10,1111.10,1111.10,1111.10,1201.80,1,19.583325,75,75,06-JAN-2025
OPTSTK,TCS,27-Mar-2025,2025-03-27,3400.00,PE,0.00,0.00,0.00,6.65,2.40,0,0.00,0,0,06-JAN-2025
OPTSTK,TCS,30-Jan-2025,2025-01-30,3400.00,CE,0.00,0.00,0.00,643.55,710.05,0,0.00,0,0,06-JAN-2025
OPTSTK,TCS,27-Feb-2025,2025-02-27,3400.00,CE,0.00,0.00,0.00,911.10,728.10,0,0.00,0,0,06-JAN-2025
OPTSTK,TCS,30-Jan-2025,2025-01-30,3950.00,CE,198.85,220.00,174.40,192.45,192.45,95,689.7555,32025,3850,06-JAN-2025
OPTSTK,TCS,27-Feb-2025,2025-02-27,3950.00,CE,0.00,0.00,0.00,333.45,236.15,0,0.00,0,0,06-JAN-2025
OPTSTK,TCS,27-Feb-2025,2025-02-27,4000.00,PE,75.55,100.00,70.10,91.75,91.75,76,543.1797,62475,4200,06-JAN-2025
OPTSTK,TCS,30-Jan-2025,2025-01-30,4000.00,PE,66.90,80.70,48.00,73.45,73.45,7586,53989.1122,442750,-57050,06-JAN-2025
OPTSTK,TCS,27-Mar-2025,2025-03-27,3900.00,CE,0.00,0.00,0.00,411.80,310.50,0,0.00,0,0,06-JAN-2025
OPTSTK,TCS,30-Jan-2025,2025-01-30,4150.00,PE,138.45,158.30,105.95,143.25,143.25,2642,19796.2123,182350,2975,06-JAN-2025
OPTSTK,TCS,27-Feb-2025,2025-02-27,3750.00,CE,0.00,0.00,0.00,491.15,395.90,0,0.00,0,0,06-JAN-2025
OPTSTK,TCS,30-Jan-2025,2025-01-30,3750.00,CE,0.00,0.00,0.00,560.00,364.90,0,0.00,0,0,06-JAN-2025
OPTSTK,TCS,27-Feb-2025,2025-02-27,3750.00,PE,0.00,0.00,0.00,25.00,15.05,0,0.00,0,0,06-JAN-2025
OPTSTK,TCS,27-Feb-2025,2025-02-27,4000.00,CE,240.75,240.75,198.00,213.40,202.45,15,110.675425,9625,0,06-JAN-2025
OPTSTK,ASHOKLEY,27-Feb-2025,2025-02-27,190.00,PE,0.00,0.00,0.00,2.10,0.50,0,0.00,0,0,06-JAN-2025
OPTSTK,ASHOKLEY,27-Mar-2025,2025-03-27,190.00,PE,0.00,0.00,0.00,3.30,1.20,0,0.00,0,0,06-JAN-2025
OPTSTK,ASHOKLEY,27-Feb-2025,2025-02-27,190.00,CE,0.00,0.00,0.00,47.10,38.45,0,0.00,0,0,06-JAN-2025
OPTSTK,ASHOKLEY,27-Feb-2025,2025-02-27,242.50,CE,0.00,0.00,0.00,5.90,4.95,0,0.00,0,0,06-JAN-2025
OPTSTK,ASHOKLEY,30-Jan-2025,2025-01-30,242.50,PE,12.05,15.50,12.05,15.50,17.25,9,57.525,142500,7500,06-JAN-2025
OPTSTK,ASHOKLEY,27-Mar-2025,2025-03-27,265.00,PE,0.00,0.00,0.00,43.90,37.65,0,0.00,0,0,06-JAN-2025
OPTSTK,ASHOKLEY,27-Mar-2025,2025-03-27,265.00,CE,0.00,0.00,0.00,3.85,2.70,0,0.00,0,0,06-JAN-2025
OPTSTK,ASHOKLEY,27-Mar-2025,2025-03-27,270.00,CE,0.00,0.00,0.00,3.15,2.10,0,0.00,0,0,06-JAN-2025
OPTSTK,ASHOKLEY,27-Mar-2025,2025-03-27,240.00,CE,0.00,0.00,0.00,9.40,8.40,0,0.00,0,0,06-JAN-2025
OPTSTK,NAVINFLUOR,30-Jan-2025,2025-01-30,2850.00,CE,0.00,0.00,0.00,674.55,511.00,0,0.00,0,0,06-JAN-2025
OPTSTK,NAVINFLUOR,27-Feb-2025,2025-02-27,2850.00,PE,0.00,0.00,0.00,32.55,10.90,0,0.00,0,0,06-JAN-2025
OPTSTK,COLPAL,30-Jan-2025,2025-01-30,2750.00,CE,78.30,100.00,69.65,83.90,83.90,237,1174.63543,100450,5600,06-JAN-2025
OPTSTK,BHEL,30-Jan-2025,2025-01-30,265.00,PE,0.00,0.00,0.00,26.00,44.70,0,0.00,44625,0,06-JAN-2025
OPTSTK,BHEL,30-Jan-2025,2025-01-30,265.00,CE,1.00,1.00,0.40,0.45,0.45,858,5979.71193,1126125,-514500,06-JAN-2025
OPTSTK,COLPAL,30-Jan-2025,2025-01-30,2540.00,CE,0.00,0.00,0.00,222.55,231.15,0,0.00,0,0,06-JAN-2025
OPTSTK,COLPAL,27-Feb-2025,2025-02-27,2540.00,PE,0.00,0.00,0.00,45.95,20.60,0,0.00,0,0,06-JAN-2025
OPTSTK,NAVINFLUOR,27-Feb-2025,2025-02-27,3800.00,CE,0.00,0.00,0.00,157.20,32.85,0,0.00,0,0,06-JAN-2025
OPTSTK,MAXHEALTH,30-Jan-2025,2025-01-30,1180.00,PE,40.65,45.50,38.60,45.50,54.75,22,141.029962,5775,-1575,06-JAN-2025
OPTSTK,MAXHEALTH,30-Jan-2025,2025-01-30,1140.00,CE,62.90,65.10,50.90,52.35,52.35,18,113.20575,70875,1050,06-JAN-2025
OPTSTK,COLPAL,30-Jan-2025,2025-01-30,2660.00,CE,135.00,135.25,135.00,135.15,132.35,3,14.67445,1400,-175,06-JAN-2025
OPTSTK,NAVINFLUOR,30-Jan-2025,2025-01-30,3800.00,PE,0.00,0.00,0.00,511.15,443.35,0,0.00,0,0,06-JAN-2025
OPTSTK,MAXHEALTH,27-Feb-2025,2025-02-27,1180.00,PE,0.00,0.00,0.00,88.05,71.35,0,0.00,0,0,06-JAN-2025
OPTSTK,MAXHEALTH,27-Feb-2025,2025-02-27,1140.00,CE,0.00,0.00,0.00,97.65,75.00,0,0.00,0,0,06-JAN-2025
OPTSTK,BHEL,30-Jan-2025,2025-01-30,220.00,CE,14.55,14.55,8.40,8.65,8.65,819,4947.90581,900375,462000,06-JAN-2025
OPTSTK,MAXHEALTH,27-Feb-2025,2025-02-27,1260.00,PE,0.00,0.00,0.00,137.40,123.40,0,0.00,0,0,06-JAN-2025
OPTSTK,COLPAL,30-Jan-2025,2025-01-30,3200.00,PE,0.00,0.00,0.00,460.00,432.95,0,0.00,4025,0,06-JAN-2025
OPTSTK,MAXHEALTH,30-Jan-2025,2025-01-30,1260.00,CE,15.25,16.35,10.15,12.60,12.60,704,4708.45961,55125,25200,06-JAN-2025
OPTSTK,NAVINFLUOR,27-Feb-2025,2025-02-27,3200.00,PE,0.00,0.00,0.00,73.00,77.35,0,0.00,1400,0,06-JAN-2025
OPTSTK,COLPAL,30-Jan-2025,2025-01-30,3120.00,CE,4.75,4.95,4.45,4.70,1.80,23,125.768912,10850,-1925,06-JAN-2025
OPTSTK,COLPAL,30-Jan-2025,2025-01-30,3150.00,CE,5.95,6.20,3.00,3.00,1.20,18,99.3694625,39375,-350,06-JAN-2025
OPTSTK,BHEL,30-Jan-2025,2025-01-30,180.00,CE,0.00,0.00,0.00,50.00,40.95,0,0.00,7875,0,06-JAN-2025
OPTSTK,BHEL,27-Mar-2025,2025-03-27,180.00,CE,0.00,0.00,0.00,68.40,45.80,0,0.00,0,0,06-JAN-2025
OPTSTK,BHEL,30-Jan-2025,2025-01-30,230.00,CE,9.10,9.10,4.50,4.70,4.70,2955,18319.7660,2795625,853125,06-JAN-2025
OPTSTK,BHEL,27-Feb-2025,2025-02-27,230.00,PE,13.15,17.35,13.15,17.35,17.35,23,147.502687,162750,2625,06-JAN-2025
OPTSTK,BHEL,27-Feb-2025,2025-02-27,230.00,CE,13.05,13.05,9.20,9.55,11.50,36,227.570437,105000,52500,06-JAN-2025
OPTSTK,COLPAL,30-Jan-2025,2025-01-30,2840.00,PE,120.45,137.50,116.95,122.40,112.40,9,46.6690875,3850,875,06-JAN-2025
OPTSTK,MAXHEALTH,30-Jan-2025,2025-01-30,980.00,PE,1.60,4.45,1.60,4.30,4.30,21,108.478912,58275,-5775,06-JAN-2025
OPTSTK,BHEL,27-Mar-2025,2025-03-27,250.00,CE,0.00,0.00,0.00,24.35,9.10,0,0.00,0,0,06-JAN-2025
OPTSTK,BHEL,27-Feb-2025,2025-02-27,280.00,PE,0.00,0.00,0.00,41.80,59.20,0,0.00,0,0,06-JAN-2025
OPTSTK,BHEL,27-Mar-2025,2025-03-27,220.00,CE,0.00,0.00,0.00,39.55,19.90,0,0.00,0,0,06-JAN-2025
OPTSTK,MAXHEALTH,30-Jan-2025,2025-01-30,1060.00,PE,6.00,13.00,6.00,12.55,12.55,42,235.943925,19425,5775,06-JAN-2025
OPTSTK,EXIDEIND,27-Feb-2025,2025-02-27,365.00,CE,0.00,0.00,0.00,65.00,51.95,0,0.00,0,0,06-JAN-2025
OPTSTK,TATAPOWER,27-Feb-2025,2025-02-27,365.00,PE,0.00,0.00,0.00,8.85,10.95,0,0.00,0,0,06-JAN-2025
OPTSTK,EXIDEIND,30-Jan-2025,2025-01-30,365.00,CE,0.00,0.00,0.00,59.15,46.95,0,0.00,0,0,06-JAN-2025
OPTSTK,TATAPOWER,30-Jan-2025,2025-01-30,465.00,CE,0.40,0.50,0.30,0.35,0.10,9,56.5461,126900,-4050,06-JAN-2025
OPTSTK,TATAPOWER,27-Feb-2025,2025-02-27,330.00,CE,0.00,0.00,0.00,94.45,54.30,0,0.00,0,0,06-JAN-2025
OPTSTK,TATAPOWER,27-Feb-2025,2025-02-27,345.00,PE,0.00,0.00,0.00,4.60,5.10,0,0.00,0,0,06-JAN-2025
OPTSTK,TATAPOWER,30-Jan-2025,2025-01-30,345.00,CE,36.65,36.65,36.00,36.10,36.10,3,15.4413,4050,4050,06-JAN-2025
OPTSTK,TATAPOWER,27-Feb-2025,2025-02-27,370.00,PE,7.10,13.00,7.05,13.00,13.00,38,194.765175,52650,6750,06-JAN-2025
OPTSTK,EXIDEIND,27-Feb-2025,2025-02-27,370.00,CE,0.00,0.00,0.00,61.15,48.00,0,0.00,0,0,06-JAN-2025
OPTSTK,TATAPOWER,30-Jan-2025,2025-01-30,370.00,PE,2.45,8.35,2.45,7.95,7.95,3731,18941.8135,1458000,346950,06-JAN-2025
OPTSTK,EXIDEIND,30-Jan-2025,2025-01-30,460.00,CE,2.65,2.90,1.55,1.90,1.90,686,5704.8615,1054800,-41400,06-JAN-2025
OPTSTK,TATAPOWER,27-Feb-2025,2025-02-27,460.00,PE,0.00,0.00,0.00,65.00,78.45,0,0.00,2700,0,06-JAN-2025
OPTSTK,EXIDEIND,27-Mar-2025,2025-03-27,460.00,CE,0.00,0.00,0.00,21.45,10.90,0,0.00,0,0,06-JAN-2025
OPTSTK,TATAPOWER,30-Jan-2025,2025-01-30,460.00,PE,65.00,77.00,65.00,77.00,79.45,4,28.536975,359100,-1350,06-JAN-2025
OPTSTK,TATAPOWER,27-Feb-2025,2025-02-27,440.00,PE,0.00,0.00,0.00,43.45,60.35,0,0.00,0,0,06-JAN-2025
OPTSTK,EXIDEIND,30-Jan-2025,2025-01-30,390.00,PE,2.70,6.70,2.60,5.90,5.90,901,6402.4218,453600,39600,06-JAN-2025
OPTSTK,TATAPOWER,30-Jan-2025,2025-01-30,390.00,PE,7.95,18.90,7.70,17.55,17.55,3019,16395.5319,2146500,47250,06-JAN-2025
OPTSTK,EXIDEIND,27-Feb-2025,2025-02-27,390.00,PE,0.00,0.00,0.00,14.00,11.15,0,0.00,0,0,06-JAN-2025
OPTSTK,TATAPOWER,27-Feb-2025,2025-02-27,390.00,CE,20.60,20.60,14.05,14.50,14.50,105,574.9191,130950,122850,06-JAN-2025
OPTSTK,EXIDEIND,27-Mar-2025,2025-03-27,390.00,CE,0.00,0.00,0.00,53.55,39.60,0,0.00,0,0,06-JAN-2025
OPTSTK,TATAPOWER,27-Feb-2025,2025-02-27,390.00,PE,13.85,22.05,13.75,22.05,22.95,24,131.771475,112050,-6750,06-JAN-2025
OPTSTK,TATAPOWER,27-Mar-2025,2025-03-27,410.00,PE,0.00,0.00,0.00,30.65,38.70,0,0.00,0,0,06-JAN-2025
OPTSTK,TATAPOWER,27-Feb-2025,2025-02-27,400.00,PE,18.85,27.50,18.70,27.50,29.15,20,114.171525,48600,0,06-JAN-2025
OPTSTK,TATAPOWER,27-Feb-2025,2025-02-27,405.00,CE,0.00,0.00,0.00,28.40,10.05,0,0.00,0,0,06-JAN-2025
OPTSTK,TATAPOWER,27-Feb-2025,2025-02-27,430.00,CE,6.30,6.40,4.00,4.40,4.40,92,539.957475,116100,-5400,06-JAN-2025
OPTSTK,TATAPOWER,30-Jan-2025,2025-01-30,415.00,CE,4.80,4.80,1.95,2.05,2.05,2945,16614.4432,2170800,230850,06-JAN-2025
OPTSTK,TATAPOWER,27-Feb-2025,2025-02-27,415.00,PE,0.00,0.00,0.00,29.30,39.80,0,0.00,0,0,06-JAN-2025
OPTSTK,EXIDEIND,27-Feb-2025,2025-02-27,415.00,CE,0.00,0.00,0.00,32.75,20.15,0,0.00,0,0,06-JAN-2025
OPTSTK,TATAPOWER,30-Jan-2025,2025-01-30,415.00,PE,24.15,38.10,24.15,37.40,37.40,43,259.46325,484650,-8100,06-JAN-2025
OPTSTK,EXIDEIND,27-Feb-2025,2025-02-27,415.00,PE,18.85,18.85,18.85,18.85,22.20,1,7.8093,3600,1800,06-JAN-2025
OPTSTK,EXIDEIND,30-Jan-2025,2025-01-30,415.00,PE,8.70,17.55,8.40,16.20,16.20,354,2733.3657,176400,1800,06-JAN-2025
OPTSTK,ASTRAL,27-Mar-2025,2025-03-27,1600.00,CE,0.00,0.00,0.00,159.95,66.95,0,0.00,0,0,06-JAN-2025
OPTSTK,SUPREMEIND,30-Jan-2025,2025-01-30,5100.00,PE,0.00,0.00,0.00,674.80,583.25,0,0.00,0,0,06-JAN-2025
OPTSTK,SUPREMEIND,30-Jan-2025,2025-01-30,5100.00,CE,34.55,34.55,34.55,34.55,25.10,1,6.4181875,14625,0,06-JAN-2025
OPTSTK,SUPREMEIND,27-Feb-2025,2025-02-27,4600.00,CE,0.00,0.00,0.00,410.00,237.65,0,0.00,0,0,06-JAN-2025
OPTSTK,ASTRAL,27-Mar-2025,2025-03-27,1360.00,PE,0.00,0.00,0.00,8.25,9.50,0,0.00,0,0,06-JAN-2025
OPTSTK,SUPREMEIND,27-Feb-2025,2025-02-27,4800.00,PE,0.00,0.00,0.00,315.60,395.15,0,0.00,125,0,06-JAN-2025
OPTSTK,SUPREMEIND,27-Mar-2025,2025-03-27,4800.00,CE,0.00,0.00,0.00,447.60,228.60,0,0.00,0,0,06-JAN-2025
OPTSTK,ASTRAL,27-Feb-2025,2025-02-27,1880.00,PE,0.00,0.00,0.00,137.30,307.85,0,0.00,0,0,06-JAN-2025
OPTSTK,SUPREMEIND,30-Jan-2025,2025-01-30,4700.00,PE,200.00,271.00,196.60,262.00,262.00,17,104.694375,4750,625,06-JAN-2025
OPTSTK,SUPREMEIND,30-Jan-2025,2025-01-30,4900.00,PE,0.00,0.00,0.00,251.60,413.55,0,0.00,0,0,06-JAN-2025
OPTSTK,LUPIN,27-Feb-2025,2025-02-27,2260.00,PE,0.00,0.00,0.00,142.25,43.60,0,0.00,0,0,06-JAN-2025
OPTSTK,ASTRAL,30-Jan-2025,2025-01-30,1560.00,CE,85.00,85.00,42.00,46.30,46.30,392,2312.19303,71565,70464,06-JAN-2025
OPTSTK,ASTRAL,27-Feb-2025,2025-02-27,1560.00,CE,0.00,0.00,0.00,297.80,66.95,0,0.00,0,0,06-JAN-2025
OPTSTK,ASTRAL,27-Mar-2025,2025-03-27,1560.00,CE,0.00,0.00,0.00,185.60,85.65,0,0.00,0,0,06-JAN-2025
OPTSTK,LUPIN,30-Jan-2025,2025-01-30,1960.00,CE,0.00,0.00,0.00,303.10,409.05,0,0.00,0,0,06-JAN-2025
OPTSTK,ASTRAL,30-Jan-2025,2025-01-30,1600.00,CE,57.15,60.50,26.70,29.65,29.65,1470,8823.41858,142763,85144,06-JAN-2025
OPTSTK,ASTRAL,30-Jan-2025,2025-01-30,1980.00,CE,0.00,0.00,0.00,0.80,0.05,0,0.00,367,0,06-JAN-2025
OPTSTK,LUPIN,27-Mar-2025,2025-03-27,2040.00,CE,0.00,0.00,0.00,240.20,362.80,0,0.00,0,0,06-JAN-2025
OPTSTK,LUPIN,30-Jan-2025,2025-01-30,2040.00,CE,0.00,0.00,0.00,246.50,330.00,0,0.00,0,0,06-JAN-2025
FUTSTK,ASTRAL,30-Jan-2025,2025-01-30,,,1625.45,1639.35,1551.10,1562.35,1562.35,4881,28370.6265,5010284,211759,06-JAN-2025
OPTSTK,LUPIN,27-Feb-2025,2025-02-27,2420.00,CE,0.00,0.00,0.00,43.75,78.00,0,0.00,0,0,06-JAN-2025
OPTSTK,ASTRAL,27-Feb-2025,2025-02-27,1660.00,PE,0.00,0.00,0.00,71.50,116.35,0,0.00,0,0,06-JAN-2025
OPTSTK,ASTRAL,30-Jan-2025,2025-01-30,1660.00,CE,30.00,31.95,12.85,14.15,14.15,1123,6925.94803,232678,-24222,06-JAN-2025
OPTSTK,LUPIN,27-Mar-2025,2025-03-27,2040.00,PE,0.00,0.00,0.00,61.25,12.60,0,0.00,0,0,06-JAN-2025
OPTSTK,LUPIN,27-Feb-2025,2025-02-27,2040.00,PE,0.00,0.00,0.00,129.95,5.75,0,0.00,0,0,06-JAN-2025
OPTSTK,LUPIN,30-Jan-2025,2025-01-30,2040.00,PE,2.05,2.90,2.00,2.80,2.80,22,190.975662,35275,-425,06-JAN-2025
OPTSTK,LUPIN,30-Jan-2025,2025-01-30,2180.00,CE,190.00,190.00,181.50,181.50,198.05,3,30.179675,54825,-425,06-JAN-2025
OPTSTK,SUPREMEIND,27-Mar-2025,2025-03-27,5000.00,CE,0.00,0.00,0.00,362.15,165.20,0,0.00,0,0,06-JAN-2025
OPTSTK,SUPREMEIND,30-Jan-2025,2025-01-30,5000.00,CE,78.95,79.00,36.65,37.65,37.65,145,914.919562,18000,4125,06-JAN-2025
OPTSTK,LUPIN,27-Feb-2025,2025-02-27,2640.00,PE,0.00,0.00,0.00,601.95,274.45,0,0.00,0,0,06-JAN-2025
OPTSTK,ASTRAL,27-Mar-2025,2025-03-27,1840.00,PE,0.00,0.00,0.00,190.05,267.05,0,0.00,0,0,06-JAN-2025
OPTSTK,LUPIN,30-Jan-2025,2025-01-30,2200.00,CE,197.80,200.00,167.00,181.25,181.25,172,1739.57557,142800,-8925,06-JAN-2025
OPTSTK,LT,30-Jan-2025,2025-01-30,4200.00,PE,0.00,0.00,0.00,530.50,579.40,0,0.00,17250,0,06-JAN-2025
OPTSTK,LT,30-Jan-2025,2025-01-30,4300.00,PE,0.00,0.00,0.00,653.40,678.15,0,0.00,0,0,06-JAN-2025
OPTSTK,DRREDDY,27-Mar-2025,2025-03-27,1400.00,PE,0.00,0.00,0.00,76.15,65.35,0,0.00,0,0,06-JAN-2025
OPTSTK,DRREDDY,27-Feb-2025,2025-02-27,1400.00,CE,0.00,0.00,0.00,8.55,24.45,0,0.00,0,0,06-JAN-2025
OPTSTK,DRREDDY,30-Jan-2025,2025-01-30,1540.00,CE,1.05,2.05,1.05,1.65,1.65,126,1213.85375,96250,-5000,06-JAN-2025
OPTSTK,DRREDDY,30-Jan-2025,2025-01-30,1000.00,PE,0.55,3.20,0.55,0.65,0.65,43,269.05375,43125,21250,06-JAN-2025
OPTSTK,DRREDDY,27-Mar-2025,2025-03-27,1560.00,PE,0.00,0.00,0.00,190.90,191.25,0,0.00,0,0,06-JAN-2025
OPTSTK,DRREDDY,30-Jan-2025,2025-01-30,1560.00,PE,0.00,0.00,0.00,261.85,202.80,0,0.00,0,0,06-JAN-2025
OPTSTK,DRREDDY,27-Feb-2025,2025-02-27,1250.00,CE,0.00,0.00,0.00,133.30,117.80,0,0.00,0,0,06-JAN-2025
OPTSTK,DRREDDY,30-Jan-2025,2025-01-30,1540.00,PE,0.00,0.00,0.00,243.35,182.95,0,0.00,0,0,06-JAN-2025
OPTSTK,LT,27-Feb-2025,2025-02-27,4100.00,CE,0.00,0.00,0.00,106.50,20.55,0,0.00,0,0,06-JAN-2025
OPTSTK,DRREDDY,27-Mar-2025,2025-03-27,1520.00,CE,0.00,0.00,0.00,20.80,8.20,0,0.00,0,0,06-JAN-2025
OPTSTK,LT,30-Jan-2025,2025-01-30,4000.00,CE,8.75,10.60,5.00,5.40,5.40,5537,33281.8004,488100,-130350,06-JAN-2025
OPTSTK,DRREDDY,27-Mar-2025,2025-03-27,1360.00,CE,0.00,0.00,0.00,75.25,54.05,0,0.00,0,0,06-JAN-2025
OPTSTK,LT,30-Jan-2025,2025-01-30,3000.00,CE,0.00,0.00,0.00,698.60,616.65,0,0.00,0,0,06-JAN-2025
OPTSTK,DRREDDY,27-Feb-2025,2025-02-27,1500.00,CE,0.00,0.00,0.00,2.40,4.70,0,0.00,0,0,06-JAN-2025
OPTSTK,LT,27-Feb-2025,2025-02-27,3900.00,PE,0.00,0.00,0.00,243.00,311.45,0,0.00,300,0,06-JAN-2025
OPTSTK,LT,30-Jan-2025,2025-01-30,3900.00,PE,237.75,291.85,210.00,286.90,286.90,32,199.948275,88350,450,06-JAN-2025
OPTSTK,LT,27-Feb-2025,2025-02-27,3900.00,CE,57.05,66.35,45.80,48.90,48.90,29,172.04415,16200,1200,06-JAN-2025
OPTSTK,LT,27-Mar-2025,2025-03-27,3900.00,CE,0.00,0.00,0.00,147.15,86.20,0,0.00,0,0,06-JAN-2025
OPTSTK,DRREDDY,30-Jan-2025,2025-01-30,1440.00,PE,102.65,102.65,102.65,102.65,87.15,1,9.6415625,8125,-625,06-JAN-2025
OPTSTK,DRREDDY,30-Jan-2025,2025-01-30,1420.00,PE,85.80,85.80,74.10,74.10,70.00,3,28.1503125,23750,0,06-JAN-2025
OPTSTK,DRREDDY,30-Jan-2025,2025-01-30,1180.00,PE,1.20,2.25,1.20,1.80,0.05,101,746.088125,252500,28750,06-JAN-2025
OPTSTK,DRREDDY,27-Feb-2025,2025-02-27,1180.00,CE,0.00,0.00,0.00,73.90,182.50,0,0.00,0,0,06-JAN-2025
OPTSTK,DRREDDY,27-Feb-2025,2025-02-27,1350.00,PE,42.40,42.40,42.40,42.40,33.00,1,8.7025,1250,625,06-JAN-2025
OPTSTK,DRREDDY,27-Feb-2025,2025-02-27,1440.00,CE,18.00,18.00,18.00,18.00,13.40,1,9.1125,625,625,06-JAN-2025
OPTSTK,DRREDDY,27-Feb-2025,2025-02-27,1260.00,CE,0.00,0.00,0.00,37.70,109.25,0,0.00,0,0,06-JAN-2025
OPTSTK,DRREDDY,30-Jan-2025,2025-01-30,1260.00,PE,4.20,9.20,4.20,7.35,7.35,344,2726.27781,180000,45000,06-JAN-2025
OPTSTK,LT,27-Feb-2025,2025-02-27,3200.00,CE,0.00,0.00,0.00,572.50,448.90,0,0.00,0,0,06-JAN-2025
OPTSTK,DRREDDY,30-Jan-2025,2025-01-30,1290.00,CE,0.00,0.00,0.00,79.85,71.45,0,0.00,13125,0,06-JAN-2025
OPTSTK,LT,27-Mar-2025,2025-03-27,4100.00,PE,0.00,0.00,0.00,488.45,480.35,0,0.00,0,0,06-JAN-2025
OPTSTK,LT,30-Jan-2025,2025-01-30,4100.00,CE,4.60,5.40,2.75,2.95,2.95,1335,8217.90862,199350,-29550,06-JAN-2025
OPTSTK,SUNPHARMA,27-Feb-2025,2025-02-27,2020.00,CE,0.00,0.00,0.00,18.90,8.35,0,0.00,0,0,06-JAN-2025
OPTSTK,SUNPHARMA,30-Jan-2025,2025-01-30,1780.00,PE,9.50,14.05,7.20,11.10,11.10,593,3716.99982,114450,-7000,06-JAN-2025
OPTSTK,SUNPHARMA,27-Feb-2025,2025-02-27,1780.00,CE,0.00,0.00,0.00,116.30,103.20,0,0.00,0,0,06-JAN-2025
OPTSTK,SUNPHARMA,30-Jan-2025,2025-01-30,2060.00,CE,0.60,1.35,0.60,1.00,1.00,2,14.426825,26600,-350,06-JAN-2025
OPTSTK,SUNPHARMA,27-Feb-2025,2025-02-27,2060.00,PE,0.00,0.00,0.00,205.60,197.55,0,0.00,0,0,06-JAN-2025
OPTSTK,BALKRISIND,27-Feb-2025,2025-02-27,2800.00,CE,0.00,0.00,0.00,178.40,96.95,0,0.00,0,0,06-JAN-2025
OPTSTK,SUNPHARMA,27-Feb-2025,2025-02-27,1900.00,CE,37.50,37.50,30.60,34.95,36.30,5,33.8555,2100,700,06-JAN-2025
OPTSTK,SUNPHARMA,30-Jan-2025,2025-01-30,1900.00,PE,59.00,75.00,51.10,61.65,61.65,431,2961.78312,182700,-10500,06-JAN-2025
OPTSTK,BALKRISIND,30-Jan-2025,2025-01-30,2820.00,CE,84.45,84.45,55.00,55.00,46.90,5,43.3533,2700,900,06-JAN-2025
FUTSTK,BALKRISIND,30-Jan-2025,2025-01-30,,,2836.00,2843.35,2725.30,2736.80,2736.80,2038,16998.9453,1820100,-4800,06-JAN-2025
OPTSTK,BALKRISIND,27-Feb-2025,2025-02-27,3040.00,CE,0.00,0.00,0.00,93.55,30.70,0,0.00,0,0,06-JAN-2025
OPTSTK,BALKRISIND,30-Jan-2025,2025-01-30,3360.00,PE,0.00,0.00,0.00,520.50,622.10,0,0.00,0,0,06-JAN-2025
OPTSTK,BALKRISIND,30-Jan-2025,2025-01-30,3360.00,CE,0.00,0.00,0.00,8.70,0.20,0,0.00,0,0,06-JAN-2025
OPTSTK,BALKRISIND,27-Mar-2025,2025-03-27,2800.00,CE,0.00,0.00,0.00,232.45,131.65,0,0.00,0,0,06-JAN-2025
OPTSTK,SUNPHARMA,27-Feb-2025,2025-02-27,1680.00,CE,0.00,0.00,0.00,125.80,187.00,0,0.00,0,0,06-JAN-2025
OPTSTK,BALKRISIND,27-Feb-2025,2025-02-27,2800.00,PE,0.00,0.00,0.00,209.95,146.95,0,0.00,0,0,06-JAN-2025
OPTSTK,SUNPHARMA,27-Feb-2025,2025-02-27,1820.00,PE,0.00,0.00,0.00,47.15,31.35,0,0.00,0,0,06-JAN-2025
OPTSTK,SUNPHARMA,30-Jan-2025,2025-01-30,1820.00,CE,50.05,57.30,42.65,55.70,55.70,741,4852.24932,298550,29750,06-JAN-2025
OPTSTK,SUNPHARMA,27-Mar-2025,2025-03-27,1640.00,PE,0.00,0.00,0.00,10.55,3.85,0,0.00,0,0,06-JAN-2025
OPTSTK,SUNPHARMA,27-Feb-2025,2025-02-27,1640.00,CE,0.00,0.00,0.00,152.90,224.60,0,0.00,0,0,06-JAN-2025
OPTSTK,SUNPHARMA,30-Jan-2025,2025-01-30,1920.00,CE,10.05,11.95,7.40,11.45,11.45,1593,10761.1631,1381450,38500,06-JAN-2025
OPTSTK,BALKRISIND,30-Jan-2025,2025-01-30,3040.00,PE,0.00,0.00,0.00,245.55,310.90,0,0.00,0,0,06-JAN-2025
OPTSTK,BALKRISIND,27-Feb-2025,2025-02-27,2620.00,CE,0.00,0.00,0.00,302.40,191.60,0,0.00,0,0,06-JAN-2025
OPTSTK,BALKRISIND,30-Jan-2025,2025-01-30,3150.00,CE,0.00,0.00,0.00,13.10,2.45,0,0.00,9600,0,06-JAN-2025
OPTSTK,SUNPHARMA,27-Mar-2025,2025-03-27,1840.00,CE,0.00,0.00,0.00,99.10,81.65,0,0.00,0,0,06-JAN-2025
OPTSTK,SUNPHARMA,27-Mar-2025,2025-03-27,2160.00,PE,0.00,0.00,0.00,290.20,284.50,0,0.00,0,0,06-JAN-2025
OPTSTK,SUNPHARMA,27-Feb-2025,2025-02-27,1840.00,PE,0.00,0.00,0.00,121.20,39.35,0,0.00,0,0,06-JAN-2025
OPTSTK,SUNPHARMA,27-Mar-2025,2025-03-27,1840.00,PE,0.00,0.00,0.00,64.55,47.25,0,0.00,0,0,06-JAN-2025
OPTSTK,SUNPHARMA,27-Feb-2025,2025-02-27,1940.00,CE,0.00,0.00,0.00,38.20,23.35,0,0.00,0,0,06-JAN-2025
OPTSTK,SUNPHARMA,27-Feb-2025,2025-02-27,1940.00,PE,0.00,0.00,0.00,112.55,97.40,0,0.00,0,0,06-JAN-2025
OPTSTK,SUNPHARMA,30-Jan-2025,2025-01-30,1940.00,CE,7.00,8.25,5.30,8.00,8.00,1272,8665.88292,745500,-50400,06-JAN-2025
OPTSTK,CYIENT,27-Mar-2025,2025-03-27,1600.00,CE,0.00,0.00,0.00,385.05,211.05,0,0.00,0,0,06-JAN-2025
OPTSTK,CYIENT,27-Feb-2025,2025-02-27,1600.00,CE,0.00,0.00,0.00,326.55,189.50,0,0.00,0,0,06-JAN-2025
OPTSTK,CYIENT,27-Mar-2025,2025-03-27,2120.00,PE,0.00,0.00,0.00,248.15,359.65,0,0.00,0,0,06-JAN-2025
OPTSTK,CYIENT,27-Feb-2025,2025-02-27,2120.00,PE,0.00,0.00,0.00,295.65,359.40,0,0.00,0,0,06-JAN-2025
OPTSTK,CYIENT,27-Mar-2025,2025-03-27,1720.00,CE,0.00,0.00,0.00,294.45,135.90,0,0.00,0,0,06-JAN-2025
OPTSTK,CYIENT,27-Feb-2025,2025-02-27,1720.00,PE,0.00,0.00,0.00,74.55,66.15,0,0.00,0,0,06-JAN-2025
OPTSTK,CYIENT,27-Feb-2025,2025-02-27,1720.00,CE,0.00,0.00,0.00,243.35,110.75,0,0.00,0,0,06-JAN-2025
OPTSTK,CYIENT,30-Jan-2025,2025-01-30,1720.00,PE,0.00,0.00,0.00,41.50,42.90,0,0.00,4200,0,06-JAN-2025
OPTSTK,CYIENT,27-Feb-2025,2025-02-27,1640.00,CE,0.00,0.00,0.00,297.30,160.50,0,0.00,0,0,06-JAN-2025
OPTSTK,CYIENT,27-Mar-2025,2025-03-27,1640.00,CE,0.00,0.00,0.00,353.45,183.75,0,0.00,0,0,06-JAN-2025
OPTSTK,CYIENT,27-Mar-2025,2025-03-27,1640.00,PE,0.00,0.00,0.00,35.45,51.55,0,0.00,0,0,06-JAN-2025
OPTSTK,CYIENT,27-Mar-2025,2025-03-27,1840.00,PE,0.00,0.00,0.00,96.00,146.25,0,0.00,0,0,06-JAN-2025
OPTSTK,CYIENT,27-Feb-2025,2025-02-27,2100.00,CE,0.00,0.00,0.00,72.65,9.20,0,0.00,0,0,06-JAN-2025
OPTSTK,CYIENT,30-Jan-2025,2025-01-30,2100.00,CE,4.30,4.40,2.60,2.65,2.65,78,492.19035,68100,-5100,06-JAN-2025
OPTSTK,CYIENT,30-Jan-2025,2025-01-30,1940.00,PE,0.00,0.00,0.00,158.15,192.75,0,0.00,0,0,06-JAN-2025
OPTSTK,CYIENT,27-Feb-2025,2025-02-27,1940.00,CE,0.00,0.00,0.00,134.10,30.20,0,0.00,0,0,06-JAN-2025
OPTSTK,CYIENT,30-Jan-2025,2025-01-30,1480.00,PE,0.00,0.00,0.00,9.80,1.15,0,0.00,0,0,06-JAN-2025
OPTSTK,ICICIPRULI,30-Jan-2025,2025-01-30,640.00,PE,6.50,13.70,6.40,11.20,11.20,219,1068.97087,136500,-6000,06-JAN-2025
OPTSTK,ICICIPRULI,27-Mar-2025,2025-03-27,640.00,CE,0.00,0.00,0.00,63.40,49.60,0,0.00,0,0,06-JAN-2025
OPTSTK,ICICIPRULI,27-Mar-2025,2025-03-27,660.00,PE,0.00,0.00,0.00,31.95,26.55,0,0.00,0,0,06-JAN-2025
OPTSTK,CYIENT,27-Feb-2025,2025-02-27,2120.00,CE,0.00,0.00,0.00,71.70,7.80,0,0.00,0,0,06-JAN-2025
OPTSTK,CYIENT,27-Feb-2025,2025-02-27,1840.00,CE,0.00,0.00,0.00,175.15,57.30,0,0.00,0,0,06-JAN-2025
OPTSTK,CYIENT,30-Jan-2025,2025-01-30,2200.00,CE,0.00,0.00,0.00,32.55,0.20,0,0.00,0,0,06-JAN-2025
OPTSTK,CYIENT,27-Mar-2025,2025-03-27,1440.00,PE,0.00,0.00,0.00,8.70,10.35,0,0.00,0,0,06-JAN-2025
OPTSTK,CYIENT,27-Feb-2025,2025-02-27,1940.00,PE,0.00,0.00,0.00,121.45,203.50,0,0.00,0,0,06-JAN-2025
OPTSTK,CYIENT,30-Jan-2025,2025-01-30,1740.00,PE,63.00,63.05,62.70,62.70,51.80,6,32.45325,900,-1200,06-JAN-2025
OPTSTK,CYIENT,27-Feb-2025,2025-02-27,2140.00,PE,0.00,0.00,0.00,246.30,378.05,0,0.00,0,0,06-JAN-2025
OPTSTK,CYIENT,27-Feb-2025,2025-02-27,1860.00,CE,0.00,0.00,0.00,176.20,50.75,0,0.00,0,0,06-JAN-2025
OPTSTK,ICICIPRULI,27-Feb-2025,2025-02-27,760.00,CE,0.00,0.00,0.00,24.00,3.15,0,0.00,0,0,06-JAN-2025
OPTSTK,ICICIPRULI,27-Feb-2025,2025-02-27,740.00,PE,0.00,0.00,0.00,65.05,76.40,0,0.00,0,0,06-JAN-2025
OPTSTK,CYIENT,30-Jan-2025,2025-01-30,2160.00,CE,0.00,0.00,0.00,39.25,0.40,0,0.00,0,0,06-JAN-2025
OPTSTK,CYIENT,30-Jan-2025,2025-01-30,1780.00,CE,66.50,66.50,53.60,59.00,59.00,7,38.646,900,600,06-JAN-2025
OPTSTK,HCLTECH,27-Mar-2025,2025-03-27,1720.00,PE,0.00,0.00,0.00,23.60,7.30,0,0.00,0,0,06-JAN-2025
OPTSTK,HCLTECH,27-Feb-2025,2025-02-27,1720.00,CE,0.00,0.00,0.00,189.55,252.70,0,0.00,0,0,06-JAN-2025
OPTSTK,PAYTM,27-Feb-2025,2025-02-27,1100.00,CE,0.00,0.00,0.00,81.50,40.30,0,0.00,0,0,06-JAN-2025
OPTSTK,PAYTM,30-Jan-2025,2025-01-30,1080.00,PE,98.30,105.25,92.20,105.25,126.85,7,53.67245,36400,650,06-JAN-2025
OPTSTK,PAYTM,30-Jan-2025,2025-01-30,1060.00,PE,78.10,89.40,78.10,85.40,111.60,25,185.858075,86450,5200,06-JAN-2025
OPTSTK,PAYTM,27-Feb-2025,2025-02-27,1060.00,CE,0.00,0.00,0.00,95.70,51.60,0,0.00,0,0,06-JAN-2025
OPTSTK,PAYTM,27-Feb-2025,2025-02-27,1040.00,PE,0.00,0.00,0.00,112.45,119.15,0,0.00,650,0,06-JAN-2025
OPTSTK,PAYTM,30-Jan-2025,2025-01-30,1040.00,PE,66.65,84.00,65.40,80.00,80.00,68,492.28985,217750,9100,06-JAN-2025
OPTSTK,PAYTM,27-Mar-2025,2025-03-27,1040.00,CE,0.00,0.00,0.00,128.90,79.80,0,0.00,0,0,06-JAN-2025
OPTSTK,PAYTM,30-Jan-2025,2025-01-30,860.00,PE,6.30,8.95,4.50,8.20,8.20,389,2191.52375,257400,48750,06-JAN-2025
OPTSTK,PAYTM,27-Feb-2025,2025-02-27,1020.00,CE,0.00,0.00,0.00,111.90,65.35,0,0.00,0,0,06-JAN-2025
OPTSTK,HCLTECH,27-Feb-2025,2025-02-27,2180.00,CE,0.00,0.00,0.00,14.00,9.50,0,0.00,0,0,06-JAN-2025
OPTSTK,HCLTECH,27-Feb-2025,2025-02-27,2180.00,PE,0.00,0.00,0.00,265.95,215.60,0,0.00,0,0,06-JAN-2025
OPTSTK,HCLTECH,27-Feb-2025,2025-02-27,2020.00,PE,0.00,0.00,0.00,139.85,92.20,0,0.00,0,0,06-JAN-2025
OPTSTK,PAYTM,27-Feb-2025,2025-02-27,940.00,CE,0.00,0.00,0.00,150.80,101.45,0,0.00,0,0,06-JAN-2025
OPTSTK,HCLTECH,27-Mar-2025,2025-03-27,1680.00,PE,0.00,0.00,0.00,16.60,4.30,0,0.00,0,0,06-JAN-2025
OPTSTK,PAYTM,27-Feb-2025,2025-02-27,900.00,CE,0.00,0.00,0.00,173.70,124.05,0,0.00,0,0,06-JAN-2025
OPTSTK,HCLTECH,30-Jan-2025,2025-01-30,1900.00,CE,78.40,88.50,64.10,75.15,75.15,538,3718.06872,269150,-28700,06-JAN-2025
OPTSTK,HCLTECH,27-Feb-2025,2025-02-27,2240.00,PE,0.00,0.00,0.00,370.55,270.25,0,0.00,0,0,06-JAN-2025
OPTSTK,HCLTECH,27-Feb-2025,2025-02-27,2240.00,CE,0.00,0.00,0.00,11.85,4.75,0,0.00,0,0,06-JAN-2025
OPTSTK,HCLTECH,27-Mar-2025,2025-03-27,2240.00,CE,0.00,0.00,0.00,18.00,12.40,0,0.00,0,0,06-JAN-2025
OPTSTK,HCLTECH,27-Feb-2025,2025-02-27,1680.00,PE,0.00,0.00,0.00,27.55,1.55,0,0.00,0,0,06-JAN-2025
OPTSTK,HCLTECH,30-Jan-2025,2025-01-30,1820.00,CE,140.05,140.05,140.00,140.00,145.70,4,27.44035,13300,350,06-JAN-2025
OPTSTK,PAYTM,27-Feb-2025,2025-02-27,840.00,PE,0.00,0.00,0.00,78.65,26.80,0,0.00,0,0,06-JAN-2025
FUTSTK,PAYTM,27-Mar-2025,2025-03-27,,,1010.60,1015.90,986.00,986.50,986.50,25,162.97645,24700,3250,06-JAN-2025
OPTSTK,PAYTM,27-Feb-2025,2025-02-27,1080.00,CE,0.00,0.00,0.00,82.55,45.65,0,0.00,0,0,06-JAN-2025
OPTSTK,PAYTM,27-Feb-2025,2025-02-27,1120.00,PE,0.00,0.00,0.00,245.05,175.70,0,0.00,0,0,06-JAN-2025
OPTSTK,PAYTM,30-Jan-2025,2025-01-30,1120.00,PE,128.90,145.65,126.20,145.65,159.45,10,81.43135,5200,-1950,06-JAN-2025
OPTSTK,HCLTECH,30-Jan-2025,2025-01-30,2080.00,PE,158.45,161.55,144.65,144.65,126.60,11,85.806525,1050,-1050,06-JAN-2025
OPTSTK,PAYTM,30-Jan-2025,2025-01-30,1040.00,CE,24.65,28.30,18.40,19.20,19.20,1033,7141.07355,622050,-53300,06-JAN-2025
OPTSTK,HCLTECH,27-Mar-2025,2025-03-27,1800.00,PE,0.00,0.00,0.00,43.65,18.15,0,0.00,0,0,06-JAN-2025
OPTSTK,HCLTECH,27-Mar-2025,2025-03-27,1800.00,CE,0.00,0.00,0.00,176.90,197.65,0,0.00,0,0,06-JAN-2025
OPTSTK,PIDILITIND,27-Feb-2025,2025-02-27,2760.00,CE,0.00,0.00,0.00,366.80,190.90,0,0.00,0,0,06-JAN-2025
OPTSTK,PIDILITIND,30-Jan-2025,2025-01-30,2760.00,PE,16.85,28.00,16.85,27.25,12.95,93,646.864875,14500,6750,06-JAN-2025
OPTSTK,PIDILITIND,27-Feb-2025,2025-02-27,2760.00,PE,0.00,0.00,0.00,33.15,29.75,0,0.00,0,0,06-JAN-2025
OPTSTK,PIDILITIND,27-Mar-2025,2025-03-27,2760.00,PE,0.00,0.00,0.00,55.65,42.70,0,0.00,0,0,06-JAN-2025
OPTSTK,PIDILITIND,27-Mar-2025,2025-03-27,3200.00,PE,0.00,0.00,0.00,277.65,288.75,0,0.00,0,0,06-JAN-2025
OPTSTK,PIDILITIND,30-Jan-2025,2025-01-30,3120.00,CE,12.45,12.50,11.75,12.00,6.85,5,39.15125,30500,-500,06-JAN-2025
OPTSTK,PIDILITIND,30-Jan-2025,2025-01-30,3100.00,CE,22.20,22.25,12.35,16.80,16.80,202,1573.64212,91000,-1000,06-JAN-2025
OPTSTK,PIDILITIND,27-Feb-2025,2025-02-27,3100.00,CE,0.00,0.00,0.00,69.40,30.45,0,0.00,0,0,06-JAN-2025
OPTSTK,PIDILITIND,27-Feb-2025,2025-02-27,2640.00,CE,0.00,0.00,0.00,467.35,289.80,0,0.00,0,0,06-JAN-2025
OPTSTK,PIDILITIND,27-Mar-2025,2025-03-27,2640.00,CE,0.00,0.00,0.00,368.95,311.70,0,0.00,0,0,06-JAN-2025
OPTSTK,PIDILITIND,30-Jan-2025,2025-01-30,2440.00,CE,0.00,0.00,0.00,751.50,465.55,0,0.00,0,0,06-JAN-2025
OPTSTK,PIDILITIND,30-Jan-2025,2025-01-30,2800.00,CE,132.80,134.05,132.80,134.05,128.35,3,21.999375,8250,750,06-JAN-2025
OPTSTK,PIDILITIND,27-Mar-2025,2025-03-27,2800.00,PE,0.00,0.00,0.00,67.40,54.60,0,0.00,0,0,06-JAN-2025
OPTSTK,PIDILITIND,27-Feb-2025,2025-02-27,2820.00,PE,0.00,0.00,0.00,58.15,47.00,0,0.00,0,0,06-JAN-2025
OPTSTK,PIDILITIND,27-Feb-2025,2025-02-27,2800.00,PE,40.00,40.00,40.00,40.00,40.00,1,7.1,500,250,06-JAN-2025
OPTSTK,PIDILITIND,30-Jan-2025,2025-01-30,2920.00,CE,84.55,87.20,58.15,71.10,71.10,244,1823.88687,36000,3000,06-JAN-2025
OPTSTK,PIDILITIND,27-Feb-2025,2025-02-27,2920.00,PE,0.00,0.00,0.00,73.95,88.95,0,0.00,0,0,06-JAN-2025
OPTSTK,PIDILITIND,27-Mar-2025,2025-03-27,2920.00,PE,0.00,0.00,0.00,113.05,103.10,0,0.00,0,0,06-JAN-2025
OPTSTK,PIDILITIND,30-Jan-2025,2025-01-30,2920.00,PE,60.25,95.00,58.40,94.15,67.85,45,337.458,41000,-1250,06-JAN-2025
OPTSTK,PIDILITIND,27-Mar-2025,2025-03-27,2920.00,CE,0.00,0.00,0.00,178.25,120.70,0,0.00,0,0,06-JAN-2025
OPTSTK,PIDILITIND,27-Feb-2025,2025-02-27,2920.00,CE,0.00,0.00,0.00,250.50,91.65,0,0.00,0,0,06-JAN-2025
OPTSTK,PIDILITIND,30-Jan-2025,2025-01-30,3400.00,PE,0.00,0.00,0.00,275.50,490.25,0,0.00,0,0,06-JAN-2025
OPTSTK,PIDILITIND,27-Feb-2025,2025-02-27,2680.00,CE,0.00,0.00,0.00,432.80,255.05,0,0.00,0,0,06-JAN-2025
OPTSTK,PIDILITIND,27-Feb-2025,2025-02-27,2860.00,CE,0.00,0.00,0.00,180.30,123.80,0,0.00,0,0,06-JAN-2025
OPTSTK,PIDILITIND,30-Jan-2025,2025-01-30,2860.00,PE,37.40,64.55,36.45,56.80,56.80,120,874.28375,54250,-250,06-JAN-2025
OPTSTK,PIDILITIND,27-Feb-2025,2025-02-27,2860.00,PE,0.00,0.00,0.00,72.00,61.70,0,0.00,0,0,06-JAN-2025
OPTSTK,PIDILITIND,27-Feb-2025,2025-02-27,3180.00,PE,0.00,0.00,0.00,255.35,271.70,0,0.00,0,0,06-JAN-2025
OPTSTK,PIDILITIND,27-Feb-2025,2025-02-27,2720.00,PE,0.00,0.00,0.00,26.25,21.20,0,0.00,0,0,06-JAN-2025
OPTSTK,PIDILITIND,30-Jan-2025,2025-01-30,3020.00,PE,0.00,0.00,0.00,118.65,133.75,0,0.00,2500,0,06-JAN-2025
OPTSTK,PIDILITIND,27-Feb-2025,2025-02-27,2520.00,PE,0.00,0.00,0.00,6.60,2.35,0,0.00,0,0,06-JAN-2025
OPTSTK,PIDILITIND,27-Feb-2025,2025-02-27,3020.00,CE,0.00,0.00,0.00,98.40,51.55,0,0.00,0,0,06-JAN-2025
OPTSTK,AXISBANK,27-Mar-2025,2025-03-27,1240.00,PE,0.00,0.00,0.00,159.05,164.95,0,0.00,0,0,06-JAN-2025
OPTSTK,JSL,30-Jan-2025,2025-01-30,620.00,CE,0.00,0.00,0.00,104.00,55.55,0,0.00,0,0,06-JAN-2025
OPTSTK,JSL,27-Mar-2025,2025-03-27,620.00,CE,0.00,0.00,0.00,143.40,77.75,0,0.00,0,0,06-JAN-2025
OPTSTK,AXISBANK,30-Jan-2025,2025-01-30,980.00,CE,0.00,0.00,0.00,205.15,90.00,0,0.00,0,0,06-JAN-2025
OPTSTK,AXISBANK,27-Feb-2025,2025-02-27,980.00,CE,0.00,0.00,0.00,180.45,100.25,0,0.00,0,0,06-JAN-2025
OPTSTK,AXISBANK,27-Mar-2025,2025-03-27,980.00,PE,0.00,0.00,0.00,18.35,12.20,0,0.00,0,0,06-JAN-2025
OPTSTK,AXISBANK,27-Feb-2025,2025-02-27,980.00,PE,0.00,0.00,0.00,10.25,7.45,0,0.00,0,0,06-JAN-2025
OPTSTK,SRF,27-Mar-2025,2025-03-27,2640.00,CE,0.00,0.00,0.00,36.95,18.35,0,0.00,0,0,06-JAN-2025
OPTSTK,AXISBANK,30-Jan-2025,2025-01-30,1120.00,CE,13.70,14.45,8.45,8.85,8.85,2215,15653.3987,775625,56250,06-JAN-2025
OPTSTK,SRF,27-Feb-2025,2025-02-27,1880.00,CE,0.00,0.00,0.00,430.95,416.55,0,0.00,0,0,06-JAN-2025
OPTSTK,SRF,27-Mar-2025,2025-03-27,2480.00,PE,0.00,0.00,0.00,244.85,212.85,0,0.00,0,0,06-JAN-2025
OPTSTK,SRF,27-Feb-2025,2025-02-27,2480.00,PE,0.00,0.00,0.00,248.90,205.80,0,0.00,0,0,06-JAN-2025
OPTSTK,SRF,27-Feb-2025,2025-02-27,2480.00,CE,0.00,0.00,0.00,76.05,26.95,0,0.00,0,0,06-JAN-2025
OPTSTK,SRF,27-Feb-2025,2025-02-27,2380.00,CE,0.00,0.00,0.00,77.20,53.25,0,0.00,0,0,06-JAN-2025
OPTSTK,SRF,30-Jan-2025,2025-01-30,2380.00,PE,114.30,126.75,114.30,126.75,116.60,2,18.7539375,2250,0,06-JAN-2025
OPTSTK,JSL,27-Feb-2025,2025-02-27,650.00,PE,0.00,0.00,0.00,19.05,29.05,0,0.00,0,0,06-JAN-2025
OPTSTK,AXISBANK,27-Feb-2025,2025-02-27,1040.00,CE,0.00,0.00,0.00,133.55,56.65,0,0.00,0,0,06-JAN-2025
OPTSTK,AXISBANK,30-Jan-2025,2025-01-30,1240.00,PE,0.00,0.00,0.00,150.00,171.30,0,0.00,2500,0,06-JAN-2025
OPTSTK,JSL,30-Jan-2025,2025-01-30,620.00,PE,4.95,9.70,4.85,9.05,9.05,60,291.601887,22475,-2325,06-JAN-2025
OPTSTK,JSL,27-Feb-2025,2025-02-27,620.00,CE,0.00,0.00,0.00,115.00,67.70,0,0.00,0,0,06-JAN-2025
OPTSTK,JSL,27-Feb-2025,2025-02-27,560.00,CE,0.00,0.00,0.00,158.65,114.25,0,0.00,0,0,06-JAN-2025
OPTSTK,AXISBANK,27-Feb-2025,2025-02-27,1300.00,CE,2.75,2.75,2.10,2.10,0.65,8,65.125,18125,3125,06-JAN-2025
OPTSTK,JSL,27-Feb-2025,2025-02-27,770.00,CE,0.00,0.00,0.00,45.05,9.75,0,0.00,0,0,06-JAN-2025
OPTSTK,SRF,27-Feb-2025,2025-02-27,2060.00,CE,0.00,0.00,0.00,258.15,249.45,0,0.00,0,0,06-JAN-2025
OPTSTK,SRF,27-Feb-2025,2025-02-27,2060.00,PE,0.00,0.00,0.00,30.20,12.35,0,0.00,0,0,06-JAN-2025
OPTSTK,JSL,30-Jan-2025,2025-01-30,840.00,PE,0.00,0.00,0.00,149.05,172.40,0,0.00,0,0,06-JAN-2025
OPTSTK,JSL,27-Mar-2025,2025-03-27,840.00,PE,0.00,0.00,0.00,126.20,171.00,0,0.00,0,0,06-JAN-2025
OPTSTK,JSL,30-Jan-2025,2025-01-30,730.00,CE,6.35,6.45,4.75,5.20,5.20,31,176.742625,14725,-3875,06-JAN-2025
OPTSTK,JSL,27-Feb-2025,2025-02-27,620.00,PE,0.00,0.00,0.00,27.80,17.65,0,0.00,0,0,06-JAN-2025
OPTSTK,JSL,27-Feb-2025,2025-02-27,860.00,CE,0.00,0.00,0.00,21.50,2.05,0,0.00,0,0,06-JAN-2025
OPTSTK,JSL,30-Jan-2025,2025-01-30,860.00,PE,0.00,0.00,0.00,165.90,192.15,0,0.00,0,0,06-JAN-2025
OPTSTK,AXISBANK,27-Mar-2025,2025-03-27,920.00,CE,0.00,0.00,0.00,181.05,160.70,0,0.00,0,0,06-JAN-2025
OPTSTK,JSL,27-Feb-2025,2025-02-27,820.00,PE,0.00,0.00,0.00,138.75,152.25,0,0.00,0,0,06-JAN-2025
OPTSTK,BANKBARODA,27-Feb-2025,2025-02-27,207.50,PE,0.00,0.00,0.00,2.75,3.40,0,0.00,0,0,06-JAN-2025
OPTSTK,BANKBARODA,30-Jan-2025,2025-01-30,290.00,PE,0.00,0.00,0.00,43.00,60.80,0,0.00,26325,0,06-JAN-2025
OPTSTK,BANKBARODA,27-Mar-2025,2025-03-27,200.00,PE,0.00,0.00,0.00,3.10,3.45,0,0.00,0,0,06-JAN-2025
OPTSTK,BANKBARODA,27-Mar-2025,2025-03-27,200.00,CE,0.00,0.00,0.00,53.40,34.30,0,0.00,0,0,06-JAN-2025
OPTSTK,BANKBARODA,30-Jan-2025,2025-01-30,200.00,PE,0.25,0.90,0.25,0.85,0.85,1390,8155.92228,2389725,418275,06-JAN-2025
OPTSTK,BANKBARODA,30-Jan-2025,2025-01-30,270.00,PE,35.40,39.00,35.40,39.00,41.10,17,152.762512,3208725,2925,06-JAN-2025
OPTSTK,BANKBARODA,30-Jan-2025,2025-01-30,217.50,PE,1.25,3.65,1.20,3.50,3.50,665,4277.74668,807300,160875,06-JAN-2025
OPTSTK,BANKBARODA,27-Feb-2025,2025-02-27,260.00,PE,0.00,0.00,0.00,20.00,32.55,0,0.00,11700,0,06-JAN-2025
OPTSTK,BANKBARODA,27-Mar-2025,2025-03-27,260.00,CE,0.00,0.00,0.00,16.55,5.35,0,0.00,0,0,06-JAN-2025
OPTSTK,BANKBARODA,27-Feb-2025,2025-02-27,255.00,PE,0.00,0.00,0.00,16.65,28.45,0,0.00,8775,0,06-JAN-2025
OPTSTK,BANKBARODA,27-Feb-2025,2025-02-27,200.00,PE,2.00,2.50,1.70,2.45,2.45,110,650.208487,324675,46800,06-JAN-2025
OPTSTK,BANKBARODA,27-Mar-2025,2025-03-27,210.00,CE,0.00,0.00,0.00,45.40,26.95,0,0.00,0,0,06-JAN-2025
OPTSTK,BANKBARODA,30-Jan-2025,2025-01-30,210.00,PE,0.70,2.10,0.70,1.95,1.95,1606,9934.86633,1418625,468000,06-JAN-2025
OPTSTK,BANKBARODA,27-Feb-2025,2025-02-27,197.50,PE,0.00,0.00,0.00,1.50,1.65,0,0.00,0,0,06-JAN-2025
OPTSTK,BANKBARODA,30-Jan-2025,2025-01-30,222.50,CE,17.15,17.15,10.90,11.10,11.10,101,694.64655,114075,78975,06-JAN-2025
OPTSTK,BANKBARODA,30-Jan-2025,2025-01-30,247.50,PE,12.35,20.80,12.35,20.35,20.35,159,1232.62717,745875,-81900,06-JAN-2025
OPTSTK,BANKBARODA,27-Feb-2025,2025-02-27,247.50,PE,0.00,0.00,0.00,15.65,22.75,0,0.00,0,0,06-JAN-2025
OPTSTK,BANKBARODA,27-Feb-2025,2025-02-27,212.50,CE,0.00,0.00,0.00,40.45,22.20,0,0.00,0,0,06-JAN-2025
OPTSTK,BANKBARODA,27-Feb-2025,2025-02-27,235.00,CE,10.90,10.90,8.80,9.10,9.10,22,157.508325,46800,35100,06-JAN-2025
FUTSTK,BANKBARODA,27-Mar-2025,2025-03-27,,,241.61,241.61,230.90,231.28,231.28,238,1632.87335,704925,412425,06-JAN-2025
OPTSTK,BANKBARODA,30-Jan-2025,2025-01-30,282.50,PE,0.00,0.00,0.00,40.00,53.35,0,0.00,5850,0,06-JAN-2025
OPTSTK,BANKBARODA,27-Mar-2025,2025-03-27,195.00,CE,0.00,0.00,0.00,57.60,38.35,0,0.00,0,0,06-JAN-2025
OPTSTK,BANKBARODA,27-Feb-2025,2025-02-27,202.50,CE,0.00,0.00,0.00,48.75,29.80,0,0.00,0,0,06-JAN-2025
OPTSTK,BANKBARODA,30-Jan-2025,2025-01-30,202.50,PE,0.80,1.10,0.75,1.10,1.10,94,559.150312,67275,67275,06-JAN-2025
OPTSTK,BANKBARODA,30-Jan-2025,2025-01-30,285.00,PE,0.00,0.00,0.00,42.45,55.85,0,0.00,5850,0,06-JAN-2025
OPTSTK,BANKBARODA,27-Mar-2025,2025-03-27,265.00,CE,0.00,0.00,0.00,14.75,4.40,0,0.00,0,0,06-JAN-2025
OPTSTK,BANKBARODA,27-Mar-2025,2025-03-27,265.00,PE,0.00,0.00,0.00,28.25,37.55,0,0.00,0,0,06-JAN-2025
OPTSTK,BANKBARODA,27-Feb-2025,2025-02-27,265.00,CE,0.00,0.00,0.00,3.65,2.25,0,0.00,17550,0,06-JAN-2025
FUTSTK,BANKBARODA,30-Jan-2025,2025-01-30,,,242.51,242.51,227.90,228.60,228.60,19642,133221.147,174733650,886275,06-JAN-2025
FUTSTK,BANKBARODA,27-Feb-2025,2025-02-27,,,243.01,243.01,229.50,230.16,230.15,1383,9422.43149,4940325,2053350,06-JAN-2025
OPTSTK,BANKBARODA,27-Feb-2025,2025-02-27,300.00,CE,0.00,0.00,0.00,0.75,0.25,0,0.00,140400,0,06-JAN-2025
OPTSTK,CHOLAFIN,27-Mar-2025,2025-03-27,1120.00,CE,0.00,0.00,0.00,139.00,204.95,0,0.00,0,0,06-JAN-2025
OPTSTK,CHOLAFIN,27-Feb-2025,2025-02-27,1400.00,CE,0.00,0.00,0.00,56.05,30.05,0,0.00,0,0,06-JAN-2025
OPTSTK,DEEPAKNTR,30-Jan-2025,2025-01-30,2700.00,CE,10.05,12.45,8.10,8.60,8.60,1034,8406.3549,260700,27000,06-JAN-2025
OPTSTK,DEEPAKNTR,27-Mar-2025,2025-03-27,2700.00,PE,0.00,0.00,0.00,237.85,297.30,0,0.00,0,0,06-JAN-2025
OPTSTK,CHOLAFIN,27-Mar-2025,2025-03-27,1160.00,PE,0.00,0.00,0.00,65.60,22.15,0,0.00,0,0,06-JAN-2025
OPTSTK,CHOLAFIN,27-Mar-2025,2025-03-27,1320.00,CE,0.00,0.00,0.00,50.45,76.40,0,0.00,0,0,06-JAN-2025
OPTSTK,CHOLAFIN,30-Jan-2025,2025-01-30,1320.00,PE,38.00,56.50,28.30,52.05,52.05,1088,9248.84906,81250,-98750,06-JAN-2025
OPTSTK,CHOLAFIN,27-Mar-2025,2025-03-27,1320.00,PE,0.00,0.00,0.00,157.25,82.80,0,0.00,0,0,06-JAN-2025
OPTSTK,CHOLAFIN,27-Feb-2025,2025-02-27,1200.00,PE,0.00,0.00,0.00,17.00,22.45,0,0.00,8750,0,06-JAN-2025
OPTSTK,DEEPAKNTR,27-Feb-2025,2025-02-27,2900.00,PE,0.00,0.00,0.00,289.10,461.45,0,0.00,0,0,06-JAN-2025
OPTSTK,DEEPAKNTR,27-Feb-2025,2025-02-27,2900.00,CE,0.00,0.00,0.00,147.40,10.10,0,0.00,0,0,06-JAN-2025
OPTSTK,DEEPAKNTR,30-Jan-2025,2025-01-30,2900.00,PE,0.00,0.00,0.00,330.00,467.30,0,0.00,8400,0,06-JAN-2025
OPTSTK,DEEPAKNTR,27-Mar-2025,2025-03-27,2400.00,CE,0.00,0.00,0.00,311.00,169.10,0,0.00,0,0,06-JAN-2025
OPTSTK,DEEPAKNTR,27-Mar-2025,2025-03-27,2500.00,PE,0.00,0.00,0.00,135.40,164.30,0,0.00,0,0,06-JAN-2025
OPTSTK,DEEPAKNTR,30-Jan-2025,2025-01-30,2350.00,CE,130.70,140.75,114.90,114.90,114.90,40,297.1575,4200,3900,06-JAN-2025
OPTSTK,CHOLAFIN,27-Feb-2025,2025-02-27,1340.00,PE,0.00,0.00,0.00,163.70,82.65,0,0.00,0,0,06-JAN-2025
OPTSTK,CHOLAFIN,30-Jan-2025,2025-01-30,1220.00,CE,122.90,122.90,89.00,91.30,91.30,15,123.288437,119375,-2500,06-JAN-2025
OPTSTK,CHOLAFIN,30-Jan-2025,2025-01-30,1520.00,CE,2.45,2.60,1.35,1.35,1.45,4,38.055625,1250,1250,06-JAN-2025
OPTSTK,CHOLAFIN,27-Feb-2025,2025-02-27,1040.00,CE,0.00,0.00,0.00,261.00,266.00,0,0.00,0,0,06-JAN-2025
OPTSTK,CHOLAFIN,30-Jan-2025,2025-01-30,1040.00,CE,0.00,0.00,0.00,265.30,258.95,0,0.00,0,0,06-JAN-2025
OPTSTK,CHOLAFIN,27-Feb-2025,2025-02-27,1240.00,PE,0.00,0.00,0.00,71.25,34.80,0,0.00,0,0,06-JAN-2025
OPTSTK,CHOLAFIN,27-Mar-2025,2025-03-27,1240.00,CE,0.00,0.00,0.00,78.05,118.70,0,0.00,0,0,06-JAN-2025
OPTSTK,CHOLAFIN,30-Jan-2025,2025-01-30,1500.00,CE,4.25,5.35,1.20,1.85,1.85,1043,9798.03281,180000,-36250,06-JAN-2025
OPTSTK,CHOLAFIN,30-Jan-2025,2025-01-30,1300.00,PE,31.85,45.35,21.00,40.70,40.70,2049,17085.4996,238750,-116250,06-JAN-2025
FUTSTK,DEEPAKNTR,30-Jan-2025,2025-01-30,,,2468.95,2478.55,2423.00,2429.50,2429.50,2537,18618.9781,1819200,24600,06-JAN-2025
OPTSTK,CHOLAFIN,27-Feb-2025,2025-02-27,1180.00,CE,0.00,0.00,0.00,87.20,143.10,0,0.00,0,0,06-JAN-2025
OPTSTK,CHOLAFIN,27-Feb-2025,2025-02-27,1220.00,CE,0.00,0.00,0.00,68.30,114.05,0,0.00,0,0,06-JAN-2025
OPTSTK,CHOLAFIN,27-Mar-2025,2025-03-27,1040.00,PE,0.00,0.00,0.00,25.30,5.00,0,0.00,0,0,06-JAN-2025
OPTSTK,CHOLAFIN,27-Mar-2025,2025-03-27,1040.00,CE,0.00,0.00,0.00,193.45,274.45,0,0.00,0,0,06-JAN-2025
OPTSTK,CHOLAFIN,30-Jan-2025,2025-01-30,1080.00,PE,0.90,1.30,0.70,1.20,1.20,46,310.7575,229375,0,06-JAN-2025
OPTSTK,CHOLAFIN,30-Jan-2025,2025-01-30,1480.00,CE,6.55,6.60,1.90,2.50,2.50,532,4933.66375,305000,-36875,06-JAN-2025
OPTSTK,CHOLAFIN,27-Feb-2025,2025-02-27,1480.00,PE,0.00,0.00,0.00,221.15,185.75,0,0.00,0,0,06-JAN-2025
OPTSTK,VOLTAS,30-Jan-2025,2025-01-30,1860.00,PE,65.30,101.40,64.80,100.00,100.00,165,961.96365,41400,-3000,06-JAN-2025
OPTSTK,ULTRACEMCO,27-Mar-2025,2025-03-27,9600.00,CE,0.00,0.00,0.00,2081.45,2059.25,0,0.00,0,0,06-JAN-2025
OPTSTK,ULTRACEMCO,27-Feb-2025,2025-02-27,9600.00,PE,0.00,0.00,0.00,87.30,4.25,0,0.00,0,0,06-JAN-2025
OPTSTK,ULTRACEMCO,27-Mar-2025,2025-03-27,9600.00,PE,0.00,0.00,0.00,47.45,14.65,0,0.00,0,0,06-JAN-2025
OPTSTK,VOLTAS,30-Jan-2025,2025-01-30,1760.00,CE,80.80,80.80,57.95,61.50,61.50,216,1182.66,60000,-300,06-JAN-2025
OPTSTK,ULTRACEMCO,27-Feb-2025,2025-02-27,10000.00,PE,0.00,0.00,0.00,157.85,15.30,0,0.00,0,0,06-JAN-2025
OPTSTK,VOLTAS,30-Jan-2025,2025-01-30,2120.00,CE,0.00,0.00,0.00,16.70,0.70,0,0.00,0,0,06-JAN-2025
OPTSTK,VOLTAS,27-Mar-2025,2025-03-27,1560.00,CE,0.00,0.00,0.00,227.25,257.55,0,0.00,0,0,06-JAN-2025
OPTSTK,VOLTAS,30-Jan-2025,2025-01-30,1600.00,CE,185.05,188.00,185.00,188.00,187.80,3,16.07415,3300,-600,06-JAN-2025
OPTSTK,VOLTAS,30-Jan-2025,2025-01-30,1920.00,CE,17.70,18.05,9.60,10.75,10.75,523,3033.00405,72900,4800,06-JAN-2025
OPTSTK,VOLTAS,27-Feb-2025,2025-02-27,1760.00,PE,0.00,0.00,0.00,166.25,64.70,0,0.00,0,0,06-JAN-2025
OPTSTK,VOLTAS,27-Mar-2025,2025-03-27,1760.00,CE,0.00,0.00,0.00,114.85,121.30,0,0.00,0,0,06-JAN-2025
OPTSTK,VOLTAS,30-Jan-2025,2025-01-30,1760.00,PE,24.15,43.15,22.15,39.85,39.85,1152,6201.7668,171300,600,06-JAN-2025
OPTSTK,ULTRACEMCO,30-Jan-2025,2025-01-30,9800.00,CE,0.00,0.00,0.00,1548.45,1747.45,0,0.00,0,0,06-JAN-2025
OPTSTK,VOLTAS,27-Mar-2025,2025-03-27,1880.00,PE,0.00,0.00,0.00,205.85,145.05,0,0.00,0,0,06-JAN-2025
OPTSTK,VOLTAS,30-Jan-2025,2025-01-30,1620.00,CE,0.00,0.00,0.00,128.35,169.85,0,0.00,5700,0,06-JAN-2025
OPTSTK,VOLTAS,27-Feb-2025,2025-02-27,1620.00,CE,0.00,0.00,0.00,164.35,191.15,0,0.00,0,0,06-JAN-2025
OPTSTK,ULTRACEMCO,27-Feb-2025,2025-02-27,12900.00,CE,0.00,0.00,0.00,128.25,56.35,0,0.00,0,0,06-JAN-2025
OPTSTK,ULTRACEMCO,30-Jan-2025,2025-01-30,12900.00,CE,30.45,30.45,30.45,30.45,8.25,1,6.465225,50,50,06-JAN-2025
OPTSTK,VOLTAS,27-Mar-2025,2025-03-27,1440.00,CE,0.00,0.00,0.00,318.00,362.50,0,0.00,0,0,06-JAN-2025
OPTSTK,VOLTAS,27-Mar-2025,2025-03-27,1440.00,PE,0.00,0.00,0.00,20.70,5.40,0,0.00,0,0,06-JAN-2025
OPTSTK,ULTRACEMCO,27-Feb-2025,2025-02-27,10900.00,PE,0.00,0.00,0.00,226.80,128.60,0,0.00,0,0,06-JAN-2025
OPTSTK,VOLTAS,27-Feb-2025,2025-02-27,1800.00,PE,58.00,80.00,58.00,80.00,84.40,5,28.0872,2100,1200,06-JAN-2025
OPTSTK,VOLTAS,27-Feb-2025,2025-02-27,1440.00,PE,0.00,0.00,0.00,30.60,1.90,0,0.00,0,0,06-JAN-2025
OPTSTK,VOLTAS,27-Feb-2025,2025-02-27,1700.00,PE,26.00,44.60,26.00,43.35,43.35,12,62.54715,4200,3000,06-JAN-2025
OPTSTK,ULTRACEMCO,27-Feb-2025,2025-02-27,11100.00,PE,0.00,0.00,0.00,293.50,183.75,0,0.00,0,0,06-JAN-2025
OPTSTK,ULTRACEMCO,30-Jan-2025,2025-01-30,11100.00,PE,62.10,138.05,57.15,124.60,124.60,746,4176.9651,19750,5100,06-JAN-2025
OPTSTK,ULTRACEMCO,27-Feb-2025,2025-02-27,11100.00,CE,0.00,0.00,0.00,793.35,693.60,0,0.00,0,0,06-JAN-2025
OPTSTK,ULTRACEMCO,30-Jan-2025,2025-01-30,11100.00,CE,0.00,0.00,0.00,669.00,549.20,0,0.00,1000,0,06-JAN-2025
OPTSTK,ULTRACEMCO,30-Jan-2025,2025-01-30,11300.00,PE,101.45,197.45,89.30,183.70,183.70,451,2583.43242,18150,-1600,06-JAN-2025
OPTSTK,VOLTAS,30-Jan-2025,2025-01-30,1880.00,CE,28.95,29.45,15.60,16.95,16.95,1221,6962.9091,87300,14100,06-JAN-2025
OPTSTK,APOLLOHOSP,27-Feb-2025,2025-02-27,8400.00,PE,0.00,0.00,0.00,1454.45,921.80,0,0.00,0,0,06-JAN-2025
OPTSTK,APOLLOHOSP,30-Jan-2025,2025-01-30,8400.00,PE,0.00,0.00,0.00,1284.10,937.65,0,0.00,0,0,06-JAN-2025
OPTSTK,APOLLOHOSP,27-Feb-2025,2025-02-27,7200.00,CE,0.00,0.00,0.00,290.00,429.65,0,0.00,0,0,06-JAN-2025
OPTSTK,APOLLOHOSP,27-Mar-2025,2025-03-27,7200.00,CE,0.00,0.00,0.00,500.50,508.70,0,0.00,0,0,06-JAN-2025
OPTSTK,APOLLOHOSP,30-Jan-2025,2025-01-30,7200.00,PE,102.50,106.00,75.00,82.85,82.85,1490,13571.5393,94000,4875,06-JAN-2025
OPTSTK,APOLLOHOSP,30-Jan-2025,2025-01-30,7850.00,PE,447.70,447.70,447.70,447.70,447.70,69,715.676625,8625,8625,06-JAN-2025
OPTSTK,APOLLOHOSP,30-Jan-2025,2025-01-30,7850.00,CE,24.00,75.00,24.00,65.30,65.30,327,3230.20606,12375,1750,06-JAN-2025
OPTSTK,APOLLOHOSP,27-Feb-2025,2025-02-27,7850.00,PE,0.00,0.00,0.00,645.55,472.45,0,0.00,0,0,06-JAN-2025
OPTSTK,APOLLOHOSP,27-Feb-2025,2025-02-27,7850.00,CE,147.55,147.55,147.55,147.55,147.55,1,9.9969375,125,125,06-JAN-2025
OPTSTK,APOLLOHOSP,30-Jan-2025,2025-01-30,6300.00,CE,0.00,0.00,0.00,918.40,1157.30,0,0.00,0,0,06-JAN-2025
OPTSTK,APOLLOHOSP,27-Mar-2025,2025-03-27,7900.00,PE,0.00,0.00,0.00,710.80,535.55,0,0.00,0,0,06-JAN-2025
OPTSTK,HINDUNILVR,30-Jan-2025,2025-01-30,2840.00,CE,0.80,0.80,0.30,0.30,0.05,7,59.65065,6300,-1200,06-JAN-2025
OPTSTK,HINDUNILVR,30-Jan-2025,2025-01-30,2120.00,CE,0.00,0.00,0.00,452.20,265.95,0,0.00,0,0,06-JAN-2025
OPTSTK,HINDUNILVR,30-Jan-2025,2025-01-30,2300.00,PE,12.05,23.35,11.75,21.25,21.25,1506,10476.7072,362100,-12300,06-JAN-2025
OPTSTK,HINDUNILVR,27-Feb-2025,2025-02-27,2260.00,CE,0.00,0.00,0.00,149.20,158.50,0,0.00,0,0,06-JAN-2025
OPTSTK,HINDUNILVR,27-Feb-2025,2025-02-27,2260.00,PE,0.00,0.00,0.00,31.50,20.65,0,0.00,3300,0,06-JAN-2025
OPTSTK,HINDUNILVR,30-Jan-2025,2025-01-30,2240.00,PE,5.85,11.35,5.05,10.35,10.35,732,4936.7097,126300,22200,06-JAN-2025
OPTSTK,RBLBANK,27-Feb-2025,2025-02-27,142.50,PE,0.00,0.00,0.00,5.20,2.05,0,0.00,0,0,06-JAN-2025
OPTSTK,HINDUNILVR,30-Jan-2025,2025-01-30,2700.00,CE,1.90,1.90,1.45,1.55,1.55,152,1231.9524,114900,5400,06-JAN-2025
OPTSTK,RBLBANK,27-Mar-2025,2025-03-27,175.00,PE,0.00,0.00,0.00,22.75,16.85,0,0.00,0,0,06-JAN-2025
OPTSTK,RBLBANK,30-Jan-2025,2025-01-30,157.50,CE,9.15,9.50,6.80,7.70,7.70,16,66.36125,422500,-40000,06-JAN-2025
OPTSTK,HINDUNILVR,27-Mar-2025,2025-03-27,2000.00,PE,0.00,0.00,0.00,8.35,1.60,0,0.00,0,0,06-JAN-2025
OPTSTK,HINDUNILVR,27-Mar-2025,2025-03-27,1920.00,CE,0.00,0.00,0.00,451.05,484.85,0,0.00,0,0,06-JAN-2025
OPTSTK,RBLBANK,27-Feb-2025,2025-02-27,165.00,PE,0.00,0.00,0.00,18.95,9.25,0,0.00,0,0,06-JAN-2025
OPTSTK,RBLBANK,30-Jan-2025,2025-01-30,135.00,PE,1.20,1.20,1.20,1.20,0.20,1,3.405,907500,-2500,06-JAN-2025
OPTSTK,HINDUNILVR,30-Jan-2025,2025-01-30,2500.00,PE,112.50,134.80,112.50,134.00,124.80,151,1189.8822,161100,7200,06-JAN-2025
OPTSTK,HINDUNILVR,30-Jan-2025,2025-01-30,2500.00,CE,19.50,19.50,11.60,13.75,13.75,2504,18884.367,547500,27600,06-JAN-2025
OPTSTK,HINDUNILVR,30-Jan-2025,2025-01-30,2640.00,PE,0.00,0.00,0.00,156.00,253.20,0,0.00,0,0,06-JAN-2025
OPTSTK,HINDUNILVR,27-Mar-2025,2025-03-27,2640.00,CE,0.00,0.00,0.00,29.85,20.00,0,0.00,0,0,06-JAN-2025
OPTSTK,HINDUNILVR,30-Jan-2025,2025-01-30,2140.00,CE,0.00,0.00,0.00,354.90,246.30,0,0.00,0,0,06-JAN-2025
OPTSTK,HINDUNILVR,27-Mar-2025,2025-03-27,2280.00,PE,0.00,0.00,0.00,67.50,35.70,0,0.00,0,0,06-JAN-2025
OPTSTK,HINDUNILVR,30-Jan-2025,2025-01-30,2460.00,PE,81.00,101.10,81.00,101.10,93.65,10,76.4493,35400,600,06-JAN-2025
OPTSTK,HINDUNILVR,30-Jan-2025,2025-01-30,2920.00,PE,0.00,0.00,0.00,567.00,530.85,0,0.00,15600,0,06-JAN-2025
OPTSTK,RBLBANK,27-Feb-2025,2025-02-27,135.00,CE,0.00,0.00,0.00,30.70,34.15,0,0.00,0,0,06-JAN-2025
OPTSTK,HINDUNILVR,30-Jan-2025,2025-01-30,2400.00,PE,44.00,64.05,39.00,59.40,59.40,1786,13149.8692,244500,-19800,06-JAN-2025
OPTSTK,HINDUNILVR,30-Jan-2025,2025-01-30,2400.00,CE,60.05,60.05,38.75,43.80,43.80,3822,28043.0781,871800,16800,06-JAN-2025
OPTSTK,HINDUNILVR,27-Mar-2025,2025-03-27,2400.00,PE,0.00,0.00,0.00,123.20,81.90,0,0.00,0,0,06-JAN-2025
OPTSTK,HINDUNILVR,27-Feb-2025,2025-02-27,2640.00,PE,0.00,0.00,0.00,195.65,247.35,0,0.00,0,0,06-JAN-2025
OPTSTK,HINDUNILVR,27-Feb-2025,2025-02-27,2640.00,CE,14.80,14.80,14.80,14.80,8.80,1,7.9644,300,300,06-JAN-2025
OPTSTK,RBLBANK,30-Jan-2025,2025-01-30,157.50,PE,4.00,6.80,4.00,6.80,3.30,24,98.0075,292500,-60000,06-JAN-2025
OPTSTK,HINDUNILVR,27-Feb-2025,2025-02-27,2580.00,PE,0.00,0.00,0.00,239.40,195.20,0,0.00,0,0,06-JAN-2025
OPTSTK,RBLBANK,27-Mar-2025,2025-03-27,155.00,CE,0.00,0.00,0.00,14.00,21.25,0,0.00,0,0,06-JAN-2025
OPTSTK,MCX,30-Jan-2025,2025-01-30,6700.00,PE,690.00,875.00,690.00,875.00,882.15,11,82.4614,6800,300,06-JAN-2025
OPTSTK,MCX,27-Feb-2025,2025-02-27,6700.00,CE,0.00,0.00,0.00,384.45,94.40,0,0.00,0,0,06-JAN-2025
OPTSTK,MCX,30-Jan-2025,2025-01-30,6700.00,CE,76.75,76.80,29.35,31.75,31.75,1185,7990.755,72100,18700,06-JAN-2025
OPTSTK,CESC,30-Jan-2025,2025-01-30,210.00,CE,1.70,1.70,0.55,0.55,0.55,260,1604.24257,593775,-73125,06-JAN-2025
OPTSTK,CESC,27-Feb-2025,2025-02-27,155.00,CE,0.00,0.00,0.00,28.95,24.85,0,0.00,0,0,06-JAN-2025
OPTSTK,MCX,30-Jan-2025,2025-01-30,5600.00,PE,56.85,152.10,55.65,143.55,143.55,592,3381.6295,18000,5700,06-JAN-2025
OPTSTK,CESC,30-Jan-2025,2025-01-30,182.50,PE,6.20,11.85,6.20,11.60,11.60,29,162.85815,111150,26325,06-JAN-2025
OPTSTK,MCX,30-Jan-2025,2025-01-30,6900.00,CE,55.50,55.50,18.90,19.85,19.85,302,2092.3333,19600,-1300,06-JAN-2025
OPTSTK,MCX,27-Mar-2025,2025-03-27,6000.00,PE,0.00,0.00,0.00,371.50,482.00,0,0.00,0,0,06-JAN-2025
OPTSTK,MCX,30-Jan-2025,2025-01-30,5700.00,CE,335.00,340.15,306.00,320.15,320.15,33,198.7976,1900,700,06-JAN-2025
OPTSTK,MCX,27-Feb-2025,2025-02-27,5700.00,PE,0.00,0.00,0.00,191.25,262.30,0,0.00,0,0,06-JAN-2025
OPTSTK,MCX,27-Feb-2025,2025-02-27,5700.00,CE,0.00,0.00,0.00,915.35,430.15,0,0.00,0,0,06-JAN-2025
OPTSTK,MCX,27-Mar-2025,2025-03-27,6800.00,CE,0.00,0.00,0.00,461.00,145.65,0,0.00,0,0,06-JAN-2025
OPTSTK,CESC,30-Jan-2025,2025-01-30,167.50,PE,3.30,4.35,3.20,4.10,4.10,9,45.0084375,14625,11700,06-JAN-2025
OPTSTK,MCX,27-Feb-2025,2025-02-27,7000.00,CE,0.00,0.00,0.00,121.00,54.60,0,0.00,100,0,06-JAN-2025
OPTSTK,MCX,27-Feb-2025,2025-02-27,6100.00,CE,0.00,0.00,0.00,664.45,248.95,0,0.00,0,0,06-JAN-2025
OPTSTK,MCX,30-Jan-2025,2025-01-30,5000.00,CE,0.00,0.00,0.00,1688.20,850.10,0,0.00,0,0,06-JAN-2025
OPTSTK,MCX,30-Jan-2025,2025-01-30,6300.00,CE,187.40,204.55,78.80,86.20,86.20,2108,13527.7075,78800,10700,06-JAN-2025
OPTSTK,MCX,30-Jan-2025,2025-01-30,5600.00,CE,401.00,401.40,368.85,374.75,374.75,27,161.61015,9300,900,06-JAN-2025
OPTSTK,CESC,30-Jan-2025,2025-01-30,180.00,PE,4.95,10.30,4.95,9.95,9.95,433,2376.45281,488475,-14625,06-JAN-2025
OPTSTK,CESC,27-Mar-2025,2025-03-27,180.00,PE,0.00,0.00,0.00,13.00,13.45,0,0.00,0,0,06-JAN-2025
OPTSTK,MCX,30-Jan-2025,2025-01-30,6100.00,PE,208.10,412.90,204.55,401.05,401.05,1019,6510.6336,20300,-11200,06-JAN-2025
OPTSTK,MCX,30-Jan-2025,2025-01-30,6100.00,CE,304.95,304.95,130.00,139.50,139.50,2108,13262.9763,38500,28000,06-JAN-2025
OPTSTK,MCX,27-Mar-2025,2025-03-27,6800.00,PE,0.00,0.00,0.00,785.55,1032.50,0,0.00,0,0,06-JAN-2025
OPTSTK,MCX,30-Jan-2025,2025-01-30,6800.00,CE,58.20,60.55,22.65,24.55,24.55,841,5747.11915,46500,11400,06-JAN-2025
OPTSTK,MCX,27-Mar-2025,2025-03-27,6200.00,CE,0.00,0.00,0.00,723.95,306.00,0,0.00,0,0,06-JAN-2025
OPTSTK,MCX,30-Jan-2025,2025-01-30,6000.00,PE,166.35,350.65,160.25,334.90,334.90,2576,16122.315,87800,400,06-JAN-2025
OPTSTK,CESC,27-Feb-2025,2025-02-27,165.00,CE,0.00,0.00,0.00,22.80,17.50,0,0.00,0,0,06-JAN-2025
OPTSTK,CESC,27-Feb-2025,2025-02-27,165.00,PE,0.00,0.00,0.00,10.45,4.85,0,0.00,0,0,06-JAN-2025
OPTSTK,MCX,30-Jan-2025,2025-01-30,6500.00,CE,119.05,120.05,47.55,52.20,52.20,2561,16833.972,143300,33400,06-JAN-2025
OPTSTK,CESC,27-Feb-2025,2025-02-27,195.00,CE,0.00,0.00,0.00,10.00,4.35,0,0.00,0,0,06-JAN-2025
OPTSTK,CESC,27-Mar-2025,2025-03-27,190.00,PE,0.00,0.00,0.00,18.05,19.45,0,0.00,0,0,06-JAN-2025
OPTSTK,ABBOTINDIA,30-Jan-2025,2025-01-30,25000.00,CE,0.00,0.00,0.00,4595.35,5061.30,0,0.00,0,0,06-JAN-2025
OPTSTK,ABBOTINDIA,27-Feb-2025,2025-02-27,34000.00,CE,0.00,0.00,0.00,108.70,89.90,0,0.00,0,0,06-JAN-2025
OPTSTK,INDHOTEL,30-Jan-2025,2025-01-30,720.00,PE,1.00,1.95,1.00,1.25,1.25,189,1363.8925,70000,59000,06-JAN-2025
OPTSTK,INDHOTEL,30-Jan-2025,2025-01-30,810.00,CE,50.20,51.55,47.30,51.20,51.20,18,154.5545,17000,12000,06-JAN-2025
OPTSTK,TECHM,30-Jan-2025,2025-01-30,1740.00,CE,30.05,35.75,26.20,27.30,27.30,1106,11743.5495,284400,-33600,06-JAN-2025
OPTSTK,TECHM,27-Mar-2025,2025-03-27,1880.00,PE,0.00,0.00,0.00,197.15,192.80,0,0.00,0,0,06-JAN-2025
OPTSTK,TECHM,30-Jan-2025,2025-01-30,1880.00,PE,0.00,0.00,0.00,172.55,188.25,0,0.00,600,0,06-JAN-2025
OPTSTK,ABBOTINDIA,30-Jan-2025,2025-01-30,28750.00,PE,310.00,310.00,310.00,310.00,191.85,7,40.684,0,-140,06-JAN-2025
OPTSTK,ABBOTINDIA,27-Feb-2025,2025-02-27,28750.00,PE,0.00,0.00,0.00,1112.75,394.25,0,0.00,0,0,06-JAN-2025
OPTSTK,INDHOTEL,30-Jan-2025,2025-01-30,780.00,CE,0.00,0.00,0.00,100.15,72.45,0,0.00,82000,0,06-JAN-2025
OPTSTK,INDHOTEL,27-Mar-2025,2025-03-27,1000.00,PE,0.00,0.00,0.00,139.30,150.60,0,0.00,0,0,06-JAN-2025
OPTSTK,INDHOTEL,30-Jan-2025,2025-01-30,960.00,PE,0.00,0.00,0.00,83.00,113.25,0,0.00,56000,0,06-JAN-2025
OPTSTK,ABBOTINDIA,27-Feb-2025,2025-02-27,31750.00,PE,0.00,0.00,0.00,3100.05,1925.05,0,0.00,0,0,06-JAN-2025
OPTSTK,TECHM,27-Feb-2025,2025-02-27,1560.00,PE,0.00,0.00,0.00,34.55,15.85,0,0.00,0,0,06-JAN-2025
OPTSTK,ABBOTINDIA,30-Jan-2025,2025-01-30,27500.00,PE,0.00,0.00,0.00,103.00,36.25,0,0.00,560,0,06-JAN-2025
OPTSTK,TECHM,27-Mar-2025,2025-03-27,1960.00,CE,0.00,0.00,0.00,32.20,14.30,0,0.00,0,0,06-JAN-2025
OPTSTK,TECHM,27-Feb-2025,2025-02-27,1540.00,PE,0.00,0.00,0.00,21.65,12.30,0,0.00,0,0,06-JAN-2025
OPTSTK,INDHOTEL,27-Mar-2025,2025-03-27,780.00,PE,0.00,0.00,0.00,22.15,17.95,0,0.00,0,0,06-JAN-2025
OPTSTK,TECHM,30-Jan-2025,2025-01-30,1500.00,PE,0.00,0.00,0.00,13.35,1.35,0,0.00,0,0,06-JAN-2025
OPTSTK,ABBOTINDIA,30-Jan-2025,2025-01-30,27500.00,CE,0.00,0.00,0.00,2646.15,2608.45,0,0.00,0,0,06-JAN-2025
OPTSTK,ABBOTINDIA,27-Feb-2025,2025-02-27,27500.00,CE,0.00,0.00,0.00,1604.05,2857.15,0,0.00,0,0,06-JAN-2025
OPTSTK,ABBOTINDIA,27-Feb-2025,2025-02-27,29500.00,CE,0.00,0.00,0.00,800.25,1378.85,0,0.00,0,0,06-JAN-2025
OPTSTK,ABBOTINDIA,30-Jan-2025,2025-01-30,29500.00,PE,530.70,587.00,513.55,538.05,538.05,27,162.30024,820,60,06-JAN-2025
OPTSTK,TECHM,27-Feb-2025,2025-02-27,1820.00,PE,0.00,0.00,0.00,146.35,141.20,0,0.00,0,0,06-JAN-2025
FUTSTK,INDHOTEL,27-Feb-2025,2025-02-27,,,882.85,886.10,850.00,853.00,853.00,342,2951.8335,249000,14000,06-JAN-2025
OPTSTK,TECHM,30-Jan-2025,2025-01-30,1600.00,CE,104.05,108.45,102.90,108.45,105.10,5,51.1341,37800,1800,06-JAN-2025
OPTSTK,TECHM,30-Jan-2025,2025-01-30,1600.00,PE,15.00,19.70,11.45,18.95,18.95,1042,10105.929,391800,3000,06-JAN-2025
OPTSTK,TECHM,27-Feb-2025,2025-02-27,1600.00,PE,30.00,32.00,30.00,30.00,25.25,3,29.352,25200,600,06-JAN-2025
OPTSTK,ABBOTINDIA,30-Jan-2025,2025-01-30,30750.00,CE,0.00,0.00,0.00,281.95,393.35,0,0.00,0,0,06-JAN-2025
OPTSTK,ABBOTINDIA,30-Jan-2025,2025-01-30,27000.00,CE,0.00,0.00,0.00,2995.25,3085.75,0,0.00,0,0,06-JAN-2025
OPTSTK,ABBOTINDIA,30-Jan-2025,2025-01-30,27000.00,PE,0.00,0.00,0.00,67.55,15.80,0,0.00,580,0,06-JAN-2025
OPTSTK,TECHM,27-Feb-2025,2025-02-27,1760.00,CE,0.00,0.00,0.00,98.95,42.05,0,0.00,0,0,06-JAN-2025
OPTSTK,JSWSTEEL,27-Feb-2025,2025-02-27,820.00,PE,0.00,0.00,0.00,10.55,6.45,0,0.00,0,0,06-JAN-2025
OPTSTK,JSWSTEEL,27-Feb-2025,2025-02-27,820.00,CE,0.00,0.00,0.00,159.50,95.20,0,0.00,0,0,06-JAN-2025
OPTSTK,ICICIBANK,27-Mar-2025,2025-03-27,1180.00,PE,0.00,0.00,0.00,13.95,11.60,0,0.00,0,0,06-JAN-2025
OPTSTK,ICICIBANK,27-Feb-2025,2025-02-27,1180.00,PE,0.00,0.00,0.00,16.75,7.15,0,0.00,0,0,06-JAN-2025
OPTSTK,ICICIBANK,27-Feb-2025,2025-02-27,1420.00,CE,5.20,5.20,5.20,5.20,3.65,2,19.9528,5600,1400,06-JAN-2025
OPTSTK,JSWSTEEL,27-Feb-2025,2025-02-27,760.00,PE,0.00,0.00,0.00,3.75,1.10,0,0.00,0,0,06-JAN-2025
OPTSTK,GRASIM,27-Feb-2025,2025-02-27,2660.00,PE,0.00,0.00,0.00,203.65,200.35,0,0.00,0,0,06-JAN-2025
OPTSTK,ICICIBANK,27-Mar-2025,2025-03-27,1180.00,CE,0.00,0.00,0.00,152.60,113.05,0,0.00,0,0,06-JAN-2025
OPTSTK,ICICIBANK,27-Feb-2025,2025-02-27,1350.00,CE,17.20,17.20,15.20,15.45,15.45,10,95.6256,37800,-2100,06-JAN-2025
OPTSTK,ICICIBANK,30-Jan-2025,2025-01-30,1350.00,PE,77.05,90.95,75.00,84.70,84.70,235,2360.22325,285600,-32200,06-JAN-2025
OPTSTK,ICICIBANK,30-Jan-2025,2025-01-30,1140.00,PE,1.20,2.90,1.15,2.45,2.45,857,6851.52265,509600,-109200,06-JAN-2025
OPTSTK,ICICIBANK,30-Jan-2025,2025-01-30,1440.00,CE,0.90,0.90,0.65,0.85,0.85,72,726.14745,308700,-8400,06-JAN-2025
OPTSTK,JSWSTEEL,30-Jan-2025,2025-01-30,950.00,CE,12.00,12.05,9.30,9.85,9.85,1009,6541.05071,469125,68175,06-JAN-2025
OPTSTK,GRASIM,27-Mar-2025,2025-03-27,2200.00,CE,0.00,0.00,0.00,348.50,306.85,0,0.00,0,0,06-JAN-2025
OPTSTK,JSWSTEEL,27-Feb-2025,2025-02-27,850.00,PE,0.00,0.00,0.00,18.00,12.65,0,0.00,0,0,06-JAN-2025
OPTSTK,JSWSTEEL,27-Feb-2025,2025-02-27,950.00,PE,0.00,0.00,0.00,61.45,59.85,0,0.00,0,0,06-JAN-2025
OPTSTK,GRASIM,30-Jan-2025,2025-01-30,2120.00,PE,0.00,0.00,0.00,3.75,0.15,0,0.00,0,0,06-JAN-2025
OPTSTK,GRASIM,27-Feb-2025,2025-02-27,2300.00,CE,0.00,0.00,0.00,245.65,202.95,0,0.00,0,0,06-JAN-2025
OPTSTK,JSWSTEEL,27-Feb-2025,2025-02-27,980.00,PE,71.95,71.95,71.95,71.95,81.80,1,7.1006625,675,0,06-JAN-2025
OPTSTK,GRASIM,27-Feb-2025,2025-02-27,2420.00,CE,0.00,0.00,0.00,164.25,118.70,0,0.00,0,0,06-JAN-2025
OPTSTK,JSWSTEEL,27-Feb-2025,2025-02-27,950.00,CE,20.00,20.00,19.15,19.15,19.80,10,65.4348375,6750,6750,06-JAN-2025
OPTSTK,JSWSTEEL,30-Jan-2025,2025-01-30,950.00,PE,46.00,55.15,45.00,54.60,54.60,37,249.67305,346275,675,06-JAN-2025
OPTSTK,ICICIBANK,30-Jan-2025,2025-01-30,1310.00,PE,48.80,58.00,44.20,53.65,53.65,171,1628.38795,355600,-14000,06-JAN-2025
OPTSTK,ICICIBANK,30-Jan-2025,2025-01-30,1310.00,CE,13.15,16.25,12.50,13.75,13.75,2204,20427.6534,682500,-16800,06-JAN-2025
OPTSTK,ICICIBANK,27-Feb-2025,2025-02-27,1060.00,PE,0.00,0.00,0.00,2.55,0.20,0,0.00,0,0,06-JAN-2025
OPTSTK,JSWSTEEL,27-Feb-2025,2025-02-27,810.00,CE,0.00,0.00,0.00,123.75,103.65,0,0.00,0,0,06-JAN-2025
OPTSTK,JSWSTEEL,27-Feb-2025,2025-02-27,810.00,PE,0.00,0.00,0.00,9.15,5.00,0,0.00,0,0,06-JAN-2025
OPTSTK,GRASIM,27-Feb-2025,2025-02-27,2600.00,PE,142.70,153.00,142.70,153.00,155.20,2,13.73925,750,250,06-JAN-2025
OPTSTK,ICICIBANK,30-Jan-2025,2025-01-30,1440.00,PE,0.00,0.00,0.00,145.30,169.70,0,0.00,0,0,06-JAN-2025
OPTSTK,GRASIM,30-Jan-2025,2025-01-30,2280.00,PE,5.30,12.10,4.80,11.10,11.10,345,1973.30175,42250,6000,06-JAN-2025
OPTSTK,JSWSTEEL,30-Jan-2025,2025-01-30,780.00,CE,0.00,0.00,0.00,202.25,124.60,0,0.00,0,0,06-JAN-2025
OPTSTK,BATAINDIA,27-Feb-2025,2025-02-27,1490.00,PE,0.00,0.00,0.00,137.95,77.00,0,0.00,0,0,06-JAN-2025
OPTSTK,BATAINDIA,30-Jan-2025,2025-01-30,1490.00,PE,0.00,0.00,0.00,56.45,69.90,0,0.00,750,0,06-JAN-2025
OPTSTK,BATAINDIA,27-Feb-2025,2025-02-27,1490.00,CE,0.00,0.00,0.00,17.05,25.25,0,0.00,0,0,06-JAN-2025
OPTSTK,INDIGO,27-Mar-2025,2025-03-27,4700.00,PE,0.00,0.00,0.00,230.00,469.55,0,0.00,150,0,06-JAN-2025
OPTSTK,INDIGO,27-Feb-2025,2025-02-27,5150.00,CE,0.00,0.00,0.00,140.45,12.20,0,0.00,0,0,06-JAN-2025
OPTSTK,INDIGO,30-Jan-2025,2025-01-30,4700.00,PE,253.65,442.00,253.65,432.50,432.50,100,765.542475,129450,-7650,06-JAN-2025
OPTSTK,INDIGO,30-Jan-2025,2025-01-30,5150.00,PE,0.00,0.00,0.00,787.45,861.15,0,0.00,0,0,06-JAN-2025
OPTSTK,INDIGO,27-Mar-2025,2025-03-27,4900.00,CE,0.00,0.00,0.00,291.70,64.20,0,0.00,0,0,06-JAN-2025
OPTSTK,INDIGO,27-Feb-2025,2025-02-27,4000.00,PE,0.00,0.00,0.00,131.50,69.75,0,0.00,0,0,06-JAN-2025
OPTSTK,BATAINDIA,27-Feb-2025,2025-02-27,1360.00,PE,0.00,0.00,0.00,54.35,16.25,0,0.00,0,0,06-JAN-2025
OPTSTK,INDIGO,27-Feb-2025,2025-02-27,4000.00,CE,0.00,0.00,0.00,556.30,375.00,0,0.00,0,0,06-JAN-2025
OPTSTK,INDIGO,27-Feb-2025,2025-02-27,4800.00,CE,0.00,0.00,0.00,176.00,44.65,0,0.00,0,0,06-JAN-2025
OPTSTK,INDIGO,30-Jan-2025,2025-01-30,5050.00,PE,0.00,0.00,0.00,703.25,762.60,0,0.00,0,0,06-JAN-2025
OPTSTK,INDIGO,27-Mar-2025,2025-03-27,3900.00,PE,0.00,0.00,0.00,42.05,72.95,0,0.00,0,0,06-JAN-2025
OPTSTK,BATAINDIA,27-Feb-2025,2025-02-27,1390.00,CE,0.00,0.00,0.00,46.30,72.60,0,0.00,0,0,06-JAN-2025
OPTSTK,BATAINDIA,27-Feb-2025,2025-02-27,1390.00,PE,0.00,0.00,0.00,68.40,25.30,0,0.00,0,0,06-JAN-2025
OPTSTK,BATAINDIA,30-Jan-2025,2025-01-30,1390.00,CE,85.00,85.00,52.65,53.40,53.40,19,103.750875,36000,0,06-JAN-2025
OPTSTK,BATAINDIA,30-Jan-2025,2025-01-30,1390.00,PE,12.25,25.05,11.55,23.70,23.70,74,391.153312,24750,9375,06-JAN-2025
OPTSTK,BATAINDIA,30-Jan-2025,2025-01-30,1510.00,PE,71.25,71.25,71.25,71.25,86.15,1,5.9296875,375,375,06-JAN-2025
OPTSTK,BATAINDIA,30-Jan-2025,2025-01-30,1510.00,CE,18.10,22.05,8.55,9.00,9.00,118,674.386312,52500,3750,06-JAN-2025
OPTSTK,BATAINDIA,27-Feb-2025,2025-02-27,1510.00,CE,0.00,0.00,0.00,13.60,19.60,0,0.00,0,0,06-JAN-2025
OPTSTK,BATAINDIA,27-Feb-2025,2025-02-27,1510.00,PE,0.00,0.00,0.00,154.25,91.15,0,0.00,0,0,06-JAN-2025
OPTSTK,BATAINDIA,27-Feb-2025,2025-02-27,1400.00,PE,0.00,0.00,0.00,74.30,28.95,0,0.00,0,0,06-JAN-2025
OPTSTK,INDIGO,30-Jan-2025,2025-01-30,5300.00,CE,3.10,3.40,2.40,2.55,2.55,297,2362.45365,61800,3300,06-JAN-2025
OPTSTK,BATAINDIA,30-Jan-2025,2025-01-30,1450.00,PE,39.00,58.00,28.00,58.00,42.10,201,1122.36712,48750,750,06-JAN-2025
FUTSTK,INDIGO,30-Jan-2025,2025-01-30,,,4491.90,4505.60,4250.00,4274.80,4274.80,12330,80055.0963,7474050,-68400,06-JAN-2025
OPTSTK,INDIGO,27-Mar-2025,2025-03-27,5100.00,PE,0.00,0.00,0.00,499.95,795.70,0,0.00,0,0,06-JAN-2025
OPTSTK,BATAINDIA,27-Feb-2025,2025-02-27,1500.00,CE,0.00,0.00,0.00,35.00,22.30,0,0.00,1125,0,06-JAN-2025
OPTSTK,INDIGO,27-Mar-2025,2025-03-27,4500.00,PE,0.00,0.00,0.00,200.00,333.15,0,0.00,150,0,06-JAN-2025
OPTSTK,INDIGO,27-Feb-2025,2025-02-27,4900.00,PE,0.00,0.00,0.00,607.70,617.65,0,0.00,0,0,06-JAN-2025
OPTSTK,INDIGO,27-Mar-2025,2025-03-27,4900.00,PE,0.00,0.00,0.00,378.20,625.30,0,0.00,0,0,06-JAN-2025
OPTSTK,BATAINDIA,30-Jan-2025,2025-01-30,1300.00,CE,0.00,0.00,0.00,153.30,131.00,0,0.00,13125,0,06-JAN-2025
OPTSTK,UNIONBANK,27-Mar-2025,2025-03-27,132.00,CE,0.00,0.00,0.00,6.80,3.20,0,0.00,0,0,06-JAN-2025
OPTSTK,UNIONBANK,27-Mar-2025,2025-03-27,108.00,CE,0.00,0.00,0.00,18.00,12.85,0,0.00,0,0,06-JAN-2025
OPTSTK,UNIONBANK,30-Jan-2025,2025-01-30,113.00,PE,3.75,5.00,3.75,4.25,4.25,257,1335.13091,469050,199125,06-JAN-2025
OPTSTK,UNIONBANK,27-Mar-2025,2025-03-27,118.00,PE,0.00,0.00,0.00,9.20,9.20,0,0.00,0,0,06-JAN-2025
OPTSTK,UNIONBANK,27-Feb-2025,2025-02-27,118.00,PE,0.00,0.00,0.00,8.30,7.90,0,0.00,0,0,06-JAN-2025
OPTSTK,UNIONBANK,27-Feb-2025,2025-02-27,118.00,CE,0.00,0.00,0.00,14.15,5.75,0,0.00,0,0,06-JAN-2025
OPTSTK,UNIONBANK,27-Feb-2025,2025-02-27,106.00,PE,0.00,0.00,0.00,3.90,2.70,0,0.00,0,0,06-JAN-2025
OPTSTK,UNIONBANK,27-Mar-2025,2025-03-27,106.00,CE,0.00,0.00,0.00,19.35,14.10,0,0.00,0,0,06-JAN-2025
OPTSTK,ITC,30-Jan-2025,2025-01-30,425.00,PE,0.35,6.05,0.35,3.80,3.80,963,6598.0888,262400,174400,06-JAN-2025
OPTSTK,UNIONBANK,27-Feb-2025,2025-02-27,106.00,CE,0.00,0.00,0.00,21.50,12.40,0,0.00,0,0,06-JAN-2025
OPTSTK,ITC,27-Feb-2025,2025-02-27,440.00,CE,19.50,19.55,18.50,18.85,18.85,4,29.3768,6400,6400,06-JAN-2025
OPTSTK,ITC,30-Jan-2025,2025-01-30,450.00,CE,19.80,19.80,7.70,8.50,8.50,4866,35823.4344,2020800,1793600,06-JAN-2025
OPTSTK,ITC,30-Jan-2025,2025-01-30,420.00,PE,1.00,4.85,0.55,3.10,3.10,3600,24360.3816,731200,433600,06-JAN-2025
OPTSTK,ITC,30-Jan-2025,2025-01-30,420.00,CE,39.50,39.50,26.85,26.85,26.00,8,57.7184,9600,4800,06-JAN-2025
OPTSTK,UNIONBANK,27-Feb-2025,2025-02-27,142.00,CE,0.00,0.00,0.00,5.20,0.70,0,0.00,0,0,06-JAN-2025
OPTSTK,ITC,27-Feb-2025,2025-02-27,415.00,CE,0.00,0.00,0.00,68.05,34.45,0,0.00,0,0,06-JAN-2025
OPTSTK,ITC,27-Mar-2025,2025-03-27,430.00,CE,0.00,0.00,0.00,58.25,27.50,0,0.00,0,0,06-JAN-2025
OPTSTK,ITC,30-Jan-2025,2025-01-30,430.00,PE,1.20,7.75,1.05,5.10,5.10,3763,26185.7768,691200,-86400,06-JAN-2025
OPTSTK,UNIONBANK,30-Jan-2025,2025-01-30,123.00,CE,4.55,4.60,1.65,1.90,1.90,307,1702.02093,557550,141600,06-JAN-2025
OPTSTK,UNIONBANK,27-Feb-2025,2025-02-27,121.00,PE,0.00,0.00,0.00,9.25,9.75,0,0.00,0,0,06-JAN-2025
OPTSTK,UNIONBANK,27-Feb-2025,2025-02-27,121.00,CE,0.00,0.00,0.00,8.85,4.60,0,0.00,0,0,06-JAN-2025
OPTSTK,UNIONBANK,30-Jan-2025,2025-01-30,140.00,PE,0.00,0.00,0.00,20.40,24.80,0,0.00,0,0,06-JAN-2025
OPTSTK,UNIONBANK,30-Jan-2025,2025-01-30,140.00,CE,0.55,0.55,0.25,0.30,0.30,165,1024.5114,446925,-44250,06-JAN-2025
FUTSTK,UNIONBANK,27-Mar-2025,2025-03-27,,,121.00,121.00,113.30,114.09,114.09,186,951.421462,469050,305325,06-JAN-2025
OPTSTK,UNIONBANK,27-Feb-2025,2025-02-27,115.00,CE,7.55,7.55,6.75,6.75,6.75,9,48.6550875,30975,30975,06-JAN-2025
OPTSTK,UNIONBANK,27-Feb-2025,2025-02-27,123.00,PE,0.00,0.00,0.00,10.35,11.05,0,0.00,0,0,06-JAN-2025
OPTSTK,UNIONBANK,27-Feb-2025,2025-02-27,144.00,CE,2.00,2.00,2.00,2.00,0.55,1,6.4605,4425,4425,06-JAN-2025
OPTSTK,UNIONBANK,27-Mar-2025,2025-03-27,144.00,PE,0.00,0.00,0.00,26.20,28.55,0,0.00,0,0,06-JAN-2025
OPTSTK,UNIONBANK,27-Mar-2025,2025-03-27,144.00,CE,0.00,0.00,0.00,3.85,1.40,0,0.00,0,0,06-JAN-2025
OPTSTK,ITC,27-Mar-2025,2025-03-27,410.00,PE,0.00,0.00,0.00,1.40,3.50,0,0.00,0,0,06-JAN-2025
OPTSTK,UNIONBANK,27-Feb-2025,2025-02-27,136.00,CE,0.00,0.00,0.00,6.80,1.25,0,0.00,0,0,06-JAN-2025
OPTSTK,UNIONBANK,27-Mar-2025,2025-03-27,136.00,CE,0.00,0.00,0.00,5.65,2.45,0,0.00,0,0,06-JAN-2025
OPTSTK,BANDHANBNK,30-Jan-2025,2025-01-30,172.50,PE,15.25,21.15,15.20,21.00,21.00,30,159.9836,131600,28000,06-JAN-2025
OPTSTK,BANKINDIA,27-Mar-2025,2025-03-27,94.00,PE,0.00,0.00,0.00,4.35,3.70,0,0.00,0,0,06-JAN-2025
OPTSTK,BANKINDIA,30-Jan-2025,2025-01-30,94.00,CE,0.00,0.00,0.00,20.75,7.60,0,0.00,0,0,06-JAN-2025
OPTSTK,BANKINDIA,30-Jan-2025,2025-01-30,94.00,PE,1.00,2.25,1.00,2.15,2.15,76,351.235875,347400,53075,06-JAN-2025
OPTSTK,BANDHANBNK,30-Jan-2025,2025-01-30,157.50,CE,6.45,7.25,3.30,3.50,3.50,1149,5215.7084,915600,299600,06-JAN-2025
OPTSTK,BANDHANBNK,27-Feb-2025,2025-02-27,157.50,CE,0.00,0.00,0.00,15.65,7.10,0,0.00,0,0,06-JAN-2025
OPTSTK,BANKINDIA,30-Jan-2025,2025-01-30,100.00,CE,8.00,8.00,3.80,4.00,4.00,298,1502.01285,998775,414950,06-JAN-2025
OPTSTK,BANDHANBNK,30-Jan-2025,2025-01-30,210.00,CE,0.05,0.05,0.05,0.05,0.05,1,5.8814,901600,0,06-JAN-2025
OPTSTK,BANKINDIA,30-Jan-2025,2025-01-30,118.00,PE,0.00,0.00,0.00,14.60,17.85,0,0.00,4825,0,06-JAN-2025
OPTSTK,BANKINDIA,30-Jan-2025,2025-01-30,106.00,PE,4.65,7.20,3.90,7.20,7.45,38,204.990125,221950,0,06-JAN-2025
OPTSTK,BANKINDIA,30-Jan-2025,2025-01-30,106.00,CE,4.20,4.25,1.70,1.80,1.80,174,910.578825,651375,0,06-JAN-2025
OPTSTK,BANDHANBNK,27-Feb-2025,2025-02-27,165.00,CE,5.35,5.35,5.35,5.35,4.60,1,4.7698,2800,0,06-JAN-2025
OPTSTK,BANDHANBNK,30-Jan-2025,2025-01-30,165.00,CE,3.40,3.90,1.65,1.70,1.70,2566,12027.6604,4471600,44800,06-JAN-2025
OPTSTK,BANKINDIA,27-Feb-2025,2025-02-27,104.00,CE,0.00,0.00,0.00,15.40,4.25,0,0.00,0,0,06-JAN-2025
OPTSTK,BANKINDIA,27-Feb-2025,2025-02-27,105.00,PE,0.00,0.00,0.00,7.95,8.05,0,0.00,0,0,06-JAN-2025
OPTSTK,BANKINDIA,30-Jan-2025,2025-01-30,105.00,CE,4.10,5.00,1.95,2.10,2.10,1249,6500.40646,4598225,472850,06-JAN-2025
OPTSTK,BANKINDIA,30-Jan-2025,2025-01-30,105.00,PE,4.00,8.05,3.25,7.45,7.45,201,1069.66148,1901050,-149575,06-JAN-2025
OPTSTK,BANKINDIA,30-Jan-2025,2025-01-30,117.00,CE,0.55,0.55,0.30,0.30,0.30,20,113.404387,144750,-4825,06-JAN-2025
OPTSTK,BANDHANBNK,27-Feb-2025,2025-02-27,152.50,CE,0.00,0.00,0.00,18.45,9.25,0,0.00,0,0,06-JAN-2025
OPTSTK,BANDHANBNK,27-Feb-2025,2025-02-27,152.50,PE,0.00,0.00,0.00,4.40,8.70,0,0.00,28000,0,06-JAN-2025
OPTSTK,BANDHANBNK,30-Jan-2025,2025-01-30,160.00,CE,5.05,6.00,2.60,2.75,2.75,4629,21238.154,5910800,1506400,06-JAN-2025
OPTSTK,BANDHANBNK,27-Mar-2025,2025-03-27,160.00,PE,12.00,12.00,12.00,12.00,14.65,1,4.816,2800,2800,06-JAN-2025
OPTSTK,BANKINDIA,27-Feb-2025,2025-02-27,101.00,CE,0.00,0.00,0.00,9.40,5.50,0,0.00,0,0,06-JAN-2025
OPTSTK,BANKINDIA,27-Mar-2025,2025-03-27,90.00,PE,0.00,0.00,0.00,3.10,2.45,0,0.00,0,0,06-JAN-2025
OPTSTK,BANKINDIA,27-Mar-2025,2025-03-27,112.00,CE,0.00,0.00,0.00,6.50,3.20,0,0.00,0,0,06-JAN-2025
OPTSTK,BANKINDIA,27-Mar-2025,2025-03-27,112.00,PE,0.00,0.00,0.00,13.30,13.80,0,0.00,0,0,06-JAN-2025
OPTSTK,BANDHANBNK,30-Jan-2025,2025-01-30,135.00,PE,0.40,1.20,0.35,1.05,1.05,522,1986.0862,840000,408800,06-JAN-2025
OPTSTK,BANKINDIA,30-Jan-2025,2025-01-30,96.00,CE,6.40,6.40,6.40,6.40,6.20,1,4.9408,4825,4825,06-JAN-2025
OPTSTK,BANKINDIA,30-Jan-2025,2025-01-30,98.00,PE,1.90,3.90,1.85,3.50,3.50,125,609.257575,414950,255725,06-JAN-2025
OPTSTK,BANKINDIA,27-Feb-2025,2025-02-27,92.00,CE,0.00,0.00,0.00,23.70,10.80,0,0.00,0,0,06-JAN-2025
OPTSTK,BANKINDIA,27-Feb-2025,2025-02-27,94.00,PE,0.00,0.00,0.00,1.80,2.70,0,0.00,91675,0,06-JAN-2025
OPTSTK,IRFC,27-Mar-2025,2025-03-27,135.00,PE,0.00,0.00,0.00,10.00,7.35,0,0.00,0,0,06-JAN-2025
OPTSTK,DELHIVERY,30-Jan-2025,2025-01-30,365.00,PE,0.00,0.00,0.00,29.65,29.00,0,0.00,15250,0,06-JAN-2025
OPTSTK,IRFC,30-Jan-2025,2025-01-30,157.50,PE,9.90,16.00,9.60,15.40,15.40,23,137.8134,310200,-3525,06-JAN-2025
OPTSTK,IRFC,30-Jan-2025,2025-01-30,145.00,CE,9.65,10.50,5.85,6.15,6.15,330,1764.85822,934125,123375,06-JAN-2025
OPTSTK,IRFC,30-Jan-2025,2025-01-30,155.00,CE,5.65,5.80,2.70,2.85,2.85,2181,12208.7282,4512000,1145625,06-JAN-2025
OPTSTK,IRFC,30-Jan-2025,2025-01-30,155.00,PE,7.80,13.95,7.60,13.35,13.35,185,1078.74165,585150,-267900,06-JAN-2025
OPTSTK,IRFC,27-Mar-2025,2025-03-27,155.00,CE,0.00,0.00,0.00,14.75,10.15,0,0.00,0,0,06-JAN-2025
OPTSTK,IRFC,30-Jan-2025,2025-01-30,180.00,PE,34.35,35.75,34.35,35.75,35.75,3,22.7450625,21150,0,06-JAN-2025
OPTSTK,IRFC,27-Feb-2025,2025-02-27,180.00,CE,1.60,1.75,1.60,1.75,1.75,4,25.616175,45825,3525,06-JAN-2025
OPTSTK,DELHIVERY,30-Jan-2025,2025-01-30,310.00,CE,27.60,27.60,27.55,27.55,31.00,2,10.2960375,3050,3050,06-JAN-2025
OPTSTK,DELHIVERY,30-Jan-2025,2025-01-30,280.00,CE,0.00,0.00,0.00,68.95,58.90,0,0.00,0,0,06-JAN-2025
OPTSTK,IRFC,27-Feb-2025,2025-02-27,140.00,CE,0.00,0.00,0.00,14.90,14.10,0,0.00,52875,0,06-JAN-2025
OPTSTK,IRFC,30-Jan-2025,2025-01-30,140.00,PE,2.10,4.85,1.90,4.60,4.60,919,4643.40847,1730775,-63450,06-JAN-2025
OPTSTK,IRFC,27-Mar-2025,2025-03-27,175.00,PE,0.00,0.00,0.00,33.50,31.75,0,0.00,0,0,06-JAN-2025
OPTSTK,DELHIVERY,30-Jan-2025,2025-01-30,390.00,CE,0.95,1.00,0.70,1.00,1.00,102,607.997675,361425,-12200,06-JAN-2025
OPTSTK,DELHIVERY,27-Mar-2025,2025-03-27,390.00,CE,0.00,0.00,0.00,16.10,6.35,0,0.00,0,0,06-JAN-2025
FUTSTK,DELHIVERY,27-Feb-2025,2025-02-27,,,335.85,335.85,325.05,330.45,330.45,226,1136.8082,576450,25925,06-JAN-2025
FUTSTK,IRFC,27-Mar-2025,2025-03-27,,,150.50,150.50,139.93,141.25,141.25,72,364.297822,1001100,133950,06-JAN-2025
OPTSTK,DELHIVERY,30-Jan-2025,2025-01-30,345.00,CE,7.55,8.55,5.75,8.00,8.00,113,606.784537,173850,-6100,06-JAN-2025
OPTSTK,DELHIVERY,27-Mar-2025,2025-03-27,340.00,CE,0.00,0.00,0.00,36.80,22.15,0,0.00,0,0,06-JAN-2025
OPTSTK,DELHIVERY,30-Jan-2025,2025-01-30,385.00,PE,0.00,0.00,0.00,46.25,46.65,0,0.00,0,0,06-JAN-2025
OPTSTK,DELHIVERY,30-Jan-2025,2025-01-30,340.00,CE,10.00,10.60,6.80,10.05,10.05,914,4875.22522,480375,279075,06-JAN-2025
FUTSTK,IRFC,30-Jan-2025,2025-01-30,,,151.42,153.22,143.55,144.32,144.32,4137,21542.3148,48937575,912975,06-JAN-2025
OPTSTK,IRFC,27-Feb-2025,2025-02-27,167.50,CE,0.00,0.00,0.00,7.55,3.95,0,0.00,0,0,06-JAN-2025
FUTSTK,DELHIVERY,30-Jan-2025,2025-01-30,,,341.35,341.35,329.30,335.55,335.55,2069,10560.991,8587275,329400,06-JAN-2025
OPTSTK,IRFC,27-Feb-2025,2025-02-27,120.00,CE,0.00,0.00,0.00,39.70,28.20,0,0.00,0,0,06-JAN-2025
OPTSTK,DELHIVERY,27-Feb-2025,2025-02-27,400.00,CE,0.00,0.00,0.00,2.55,2.20,0,0.00,15250,0,06-JAN-2025
OPTSTK,DELHIVERY,27-Feb-2025,2025-02-27,400.00,PE,0.00,0.00,0.00,59.80,60.80,0,0.00,0,0,06-JAN-2025
OPTSTK,IRFC,30-Jan-2025,2025-01-30,187.50,CE,0.40,0.40,0.40,0.40,0.15,2,13.24695,7050,3525,06-JAN-2025
OPTSTK,IRFC,30-Jan-2025,2025-01-30,130.00,PE,0.75,2.00,0.75,1.85,1.85,490,2270.49656,1476975,-105750,06-JAN-2025
OPTSTK,DELHIVERY,27-Feb-2025,2025-02-27,345.00,CE,0.00,0.00,0.00,28.55,15.00,0,0.00,0,0,06-JAN-2025
FUTSTK,IRFC,27-Feb-2025,2025-02-27,,,150.27,150.69,141.36,142.21,142.21,872,4466.25290,5368575,324300,06-JAN-2025
OPTSTK,HDFCBANK,27-Mar-2025,2025-03-27,1840.00,PE,0.00,0.00,0.00,98.00,132.10,0,0.00,0,0,06-JAN-2025
OPTSTK,HDFCBANK,30-Jan-2025,2025-01-30,1810.00,PE,70.50,101.60,62.40,97.65,97.65,269,2789.09785,427350,67100,06-JAN-2025
OPTSTK,HDFCBANK,30-Jan-2025,2025-01-30,1700.00,CE,71.95,80.95,47.60,49.50,49.50,3279,31655.4986,655050,338800,06-JAN-2025
OPTSTK,HDFCBANK,30-Jan-2025,2025-01-30,1520.00,PE,1.00,1.80,0.95,1.40,1.40,1084,9070.55325,217800,163900,06-JAN-2025
OPTSTK,HDFCBANK,27-Mar-2025,2025-03-27,1720.00,PE,0.00,0.00,0.00,45.25,59.20,0,0.00,0,0,06-JAN-2025
OPTSTK,HDFCBANK,30-Jan-2025,2025-01-30,1650.00,PE,8.00,16.30,5.60,14.65,14.65,7332,67007.2620,708950,-93500,06-JAN-2025
OPTSTK,HDFCBANK,30-Jan-2025,2025-01-30,1750.00,CE,46.30,47.00,24.05,24.95,24.95,13281,130270.267,1595550,782100,06-JAN-2025
OPTSTK,HDFCBANK,27-Mar-2025,2025-03-27,1520.00,CE,0.00,0.00,0.00,304.90,219.25,0,0.00,0,0,06-JAN-2025
OPTSTK,HDFCBANK,27-Mar-2025,2025-03-27,1520.00,PE,0.00,0.00,0.00,6.70,6.45,0,0.00,0,0,06-JAN-2025
OPTSTK,HDFCBANK,27-Feb-2025,2025-02-27,1520.00,PE,5.25,5.30,5.25,5.30,2.90,3,25.1669,1100,1100,06-JAN-2025
OPTSTK,HDFCBANK,30-Jan-2025,2025-01-30,1600.00,CE,154.90,168.00,122.00,125.40,125.40,154,1465.71892,103400,62150,06-JAN-2025
OPTSTK,HDFCBANK,30-Jan-2025,2025-01-30,1980.00,PE,0.00,0.00,0.00,232.70,260.85,0,0.00,0,0,06-JAN-2025
OPTSTK,HDFCBANK,30-Jan-2025,2025-01-30,2040.00,CE,0.70,0.70,0.60,0.65,0.05,31,347.935225,64900,-550,06-JAN-2025
OPTSTK,HDFCBANK,27-Feb-2025,2025-02-27,2040.00,CE,0.00,0.00,0.00,25.90,0.95,0,0.00,0,0,06-JAN-2025
OPTSTK,HDFCBANK,27-Feb-2025,2025-02-27,1480.00,PE,3.35,4.40,3.35,4.40,1.25,3,24.486825,0,0,06-JAN-2025
FUTSTK,APOLLOTYRE,30-Jan-2025,2025-01-30,,,512.05,514.95,495.15,497.10,497.10,2208,18862.8421,13972300,164900,06-JAN-2025
OPTSTK,HDFCBANK,30-Jan-2025,2025-01-30,1660.00,CE,86.50,86.50,73.55,76.80,76.80,94,898.09445,35750,29700,06-JAN-2025
OPTSTK,HDFCBANK,30-Jan-2025,2025-01-30,1860.00,PE,118.00,143.00,118.00,143.00,144.25,9,98.709325,151250,-550,06-JAN-2025
OPTSTK,APOLLOTYRE,27-Mar-2025,2025-03-27,480.00,PE,0.00,0.00,0.00,10.55,14.80,0,0.00,0,0,06-JAN-2025
OPTSTK,APOLLOTYRE,27-Mar-2025,2025-03-27,460.00,PE,0.00,0.00,0.00,6.60,8.75,0,0.00,0,0,06-JAN-2025
OPTSTK,APOLLOTYRE,27-Feb-2025,2025-02-27,460.00,CE,0.00,0.00,0.00,71.50,50.80,0,0.00,0,0,06-JAN-2025
OPTSTK,HDFCBANK,30-Jan-2025,2025-01-30,1780.00,PE,47.90,79.05,43.00,74.95,74.95,1312,13266.0046,827200,-172150,06-JAN-2025
OPTSTK,HDFCBANK,27-Feb-2025,2025-02-27,1600.00,CE,0.00,0.00,0.00,238.80,137.45,0,0.00,0,0,06-JAN-2025
OPTSTK,HDFCBANK,30-Jan-2025,2025-01-30,1920.00,PE,0.00,0.00,0.00,134.00,201.70,0,0.00,9900,0,06-JAN-2025
OPTSTK,HDFCBANK,27-Feb-2025,2025-02-27,1480.00,CE,0.00,0.00,0.00,344.20,245.90,0,0.00,0,0,06-JAN-2025
FUTSTK,HDFCBANK,27-Feb-2025,2025-02-27,,,1760.45,1778.40,1725.75,1730.35,1730.35,2757,26436.1561,2615250,744150,06-JAN-2025
OPTSTK,APOLLOTYRE,27-Mar-2025,2025-03-27,600.00,CE,0.00,0.00,0.00,20.20,4.00,0,0.00,0,0,06-JAN-2025
OPTSTK,HDFCBANK,27-Feb-2025,2025-02-27,1700.00,PE,27.80,41.25,21.40,39.20,39.20,518,4938.43707,397100,50050,06-JAN-2025
OPTSTK,HDFCBANK,30-Jan-2025,2025-01-30,1480.00,CE,0.00,0.00,0.00,289.95,237.15,0,0.00,0,0,06-JAN-2025
OPTSTK,HDFCBANK,27-Feb-2025,2025-02-27,1580.00,PE,0.00,0.00,0.00,13.80,8.50,0,0.00,0,0,06-JAN-2025
OPTSTK,HDFCBANK,30-Jan-2025,2025-01-30,1680.00,PE,15.05,25.20,9.55,22.80,22.80,4713,44023.5589,794750,62150,06-JAN-2025
OPTSTK,ADANIENT,30-Jan-2025,2025-01-30,1960.00,PE,8.00,9.00,7.65,8.05,8.05,51,301.16745,64800,-300,06-JAN-2025
OPTSTK,ADANIENT,27-Feb-2025,2025-02-27,2880.00,CE,0.00,0.00,0.00,186.20,76.20,0,0.00,0,0,06-JAN-2025
OPTSTK,ADANIENT,27-Feb-2025,2025-02-27,2880.00,PE,0.00,0.00,0.00,577.15,454.20,0,0.00,0,0,06-JAN-2025
OPTSTK,ADANIENT,27-Feb-2025,2025-02-27,2480.00,PE,0.00,0.00,0.00,321.00,189.65,0,0.00,0,0,06-JAN-2025
OPTSTK,ADANIENT,30-Jan-2025,2025-01-30,2480.00,PE,48.65,91.00,46.90,84.65,84.65,1423,10914.8898,159600,11400,06-JAN-2025
OPTSTK,ADANIENT,30-Jan-2025,2025-01-30,2640.00,PE,119.95,190.25,119.95,187.55,187.55,45,379.0302,65100,900,06-JAN-2025
OPTSTK,ADANIENT,27-Feb-2025,2025-02-27,2440.00,PE,0.00,0.00,0.00,299.20,169.45,0,0.00,0,0,06-JAN-2025
OPTSTK,ADANIENT,27-Feb-2025,2025-02-27,2800.00,PE,0.00,0.00,0.00,264.00,393.30,0,0.00,1200,0,06-JAN-2025
OPTSTK,ADANIENT,27-Mar-2025,2025-03-27,2800.00,CE,0.00,0.00,0.00,181.75,143.00,0,0.00,0,0,06-JAN-2025
OPTSTK,ADANIENT,30-Jan-2025,2025-01-30,2680.00,PE,169.15,207.75,164.00,207.75,258.35,4,34.38195,15600,0,06-JAN-2025
OPTSTK,ADANIENT,27-Feb-2025,2025-02-27,2680.00,CE,0.00,0.00,0.00,95.00,128.85,0,0.00,2100,0,06-JAN-2025
OPTSTK,ADANIENT,27-Mar-2025,2025-03-27,2680.00,CE,0.00,0.00,0.00,217.40,180.65,0,0.00,0,0,06-JAN-2025
OPTSTK,ADANIENT,27-Mar-2025,2025-03-27,2680.00,PE,0.00,0.00,0.00,448.75,346.90,0,0.00,0,0,06-JAN-2025
OPTSTK,ADANIENT,27-Feb-2025,2025-02-27,2220.00,CE,0.00,0.00,0.00,361.30,357.10,0,0.00,0,0,06-JAN-2025
OPTSTK,ADANIENT,30-Jan-2025,2025-01-30,2200.00,PE,14.45,25.25,12.95,22.10,22.10,1667,11105.7126,369300,3300,06-JAN-2025
OPTSTK,ADANIENT,27-Feb-2025,2025-02-27,2420.00,PE,0.00,0.00,0.00,248.60,159.85,0,0.00,0,0,06-JAN-2025
OPTSTK,ADANIENT,27-Feb-2025,2025-02-27,2960.00,CE,0.00,0.00,0.00,166.20,61.00,0,0.00,0,0,06-JAN-2025
OPTSTK,ADANIENT,30-Jan-2025,2025-01-30,3520.00,CE,1.85,1.85,1.30,1.45,1.45,68,718.3833,63600,-6900,06-JAN-2025
OPTSTK,ADANIENT,30-Jan-2025,2025-01-30,2760.00,PE,256.85,256.85,256.85,256.85,319.30,1,9.05055,2100,0,06-JAN-2025
OPTSTK,ADANIENT,27-Feb-2025,2025-02-27,2760.00,CE,0.00,0.00,0.00,220.55,105.00,0,0.00,0,0,06-JAN-2025
OPTSTK,ADANIENT,27-Feb-2025,2025-02-27,2760.00,PE,0.00,0.00,0.00,493.65,364.20,0,0.00,0,0,06-JAN-2025
OPTSTK,ADANIENT,30-Jan-2025,2025-01-30,2760.00,CE,23.85,26.45,14.00,15.40,15.40,397,3308.78475,186900,-11400,06-JAN-2025
OPTSTK,ADANIENT,27-Mar-2025,2025-03-27,2760.00,CE,0.00,0.00,0.00,193.00,154.75,0,0.00,0,0,06-JAN-2025
OPTSTK,ADANIENT,27-Mar-2025,2025-03-27,2760.00,PE,0.00,0.00,0.00,502.90,399.80,0,0.00,0,0,06-JAN-2025
OPTSTK,ADANIENT,27-Feb-2025,2025-02-27,2000.00,PE,16.85,25.95,16.85,23.15,23.15,71,430.689,87300,3000,06-JAN-2025
OPTSTK,ADANIENT,30-Jan-2025,2025-01-30,2440.00,PE,39.10,73.80,36.05,69.05,69.05,477,3576.07695,190500,1500,06-JAN-2025
OPTSTK,ADANIENT,27-Mar-2025,2025-03-27,2440.00,CE,0.00,0.00,0.00,307.25,280.20,0,0.00,0,0,06-JAN-2025
OPTSTK,ADANIENT,30-Jan-2025,2025-01-30,2100.00,CE,0.00,0.00,0.00,437.75,400.30,0,0.00,6000,0,06-JAN-2025
OPTSTK,ADANIENT,30-Jan-2025,2025-01-30,2820.00,CE,0.00,0.00,0.00,146.10,35.05,0,0.00,0,0,06-JAN-2025
OPTSTK,ADANIENT,27-Feb-2025,2025-02-27,2540.00,CE,0.00,0.00,0.00,209.70,181.00,0,0.00,0,0,06-JAN-2025
OPTSTK,ADANIENT,30-Jan-2025,2025-01-30,2460.00,CE,145.90,145.90,100.20,103.85,103.85,194,1495.1223,111300,12900,06-JAN-2025
OPTSTK,ADANIENT,30-Jan-2025,2025-01-30,2920.00,CE,9.05,9.70,5.50,6.40,6.40,643,5645.65515,118800,21000,06-JAN-2025
OPTSTK,HINDCOPPER,27-Feb-2025,2025-02-27,235.00,CE,0.00,0.00,0.00,42.00,18.35,0,0.00,0,0,06-JAN-2025
OPTSTK,GODREJPROP,30-Jan-2025,2025-01-30,3000.00,CE,21.00,23.45,9.35,9.95,9.95,1442,9778.85223,299700,19800,06-JAN-2025
OPTSTK,GODREJPROP,27-Mar-2025,2025-03-27,3000.00,CE,0.00,0.00,0.00,220.15,71.95,0,0.00,0,0,06-JAN-2025
OPTSTK,HINDCOPPER,27-Mar-2025,2025-03-27,210.00,PE,0.00,0.00,0.00,7.10,8.55,0,0.00,0,0,06-JAN-2025
OPTSTK,HINDCOPPER,27-Feb-2025,2025-02-27,210.00,CE,0.00,0.00,0.00,74.65,33.45,0,0.00,0,0,06-JAN-2025
OPTSTK,HINDCOPPER,27-Feb-2025,2025-02-27,210.00,PE,0.00,0.00,0.00,6.00,5.75,0,0.00,0,0,06-JAN-2025
OPTSTK,GODREJPROP,30-Jan-2025,2025-01-30,3150.00,PE,0.00,0.00,0.00,409.65,523.35,0,0.00,450,0,06-JAN-2025
OPTSTK,GODREJPROP,27-Mar-2025,2025-03-27,2500.00,CE,0.00,0.00,0.00,492.10,266.35,0,0.00,0,0,06-JAN-2025
OPTSTK,HINDCOPPER,30-Jan-2025,2025-01-30,285.00,PE,46.45,46.45,46.45,46.45,49.00,1,8.783425,39750,-2650,06-JAN-2025
OPTSTK,HINDCOPPER,27-Feb-2025,2025-02-27,285.00,CE,0.00,0.00,0.00,17.45,3.85,0,0.00,0,0,06-JAN-2025
OPTSTK,HINDCOPPER,30-Jan-2025,2025-01-30,340.00,CE,0.10,0.10,0.10,0.10,0.05,3,27.03795,227900,-7950,06-JAN-2025
OPTSTK,HINDCOPPER,27-Feb-2025,2025-02-27,265.00,CE,0.00,0.00,0.00,25.40,7.60,0,0.00,0,0,06-JAN-2025
OPTSTK,HINDCOPPER,30-Jan-2025,2025-01-30,265.00,PE,0.00,0.00,0.00,16.55,31.10,0,0.00,188150,0,06-JAN-2025
OPTSTK,GODREJPROP,27-Feb-2025,2025-02-27,2800.00,PE,0.00,0.00,0.00,225.25,244.95,0,0.00,0,0,06-JAN-2025
OPTSTK,HINDCOPPER,27-Feb-2025,2025-02-27,300.00,CE,1.55,1.60,1.55,1.55,1.55,4,31.96695,84800,7950,06-JAN-2025
OPTSTK,GODREJPROP,27-Feb-2025,2025-02-27,3050.00,CE,0.00,0.00,0.00,151.90,33.20,0,0.00,0,0,06-JAN-2025
OPTSTK,GODREJPROP,27-Feb-2025,2025-02-27,3000.00,PE,0.00,0.00,0.00,336.15,396.05,0,0.00,0,0,06-JAN-2025
OPTSTK,GODREJPROP,30-Jan-2025,2025-01-30,3000.00,PE,275.00,372.65,275.00,372.65,372.65,5,37.3413375,50850,-450,06-JAN-2025
OPTSTK,HINDCOPPER,30-Jan-2025,2025-01-30,240.00,CE,12.90,12.90,6.15,7.05,7.05,708,4649.22757,842700,742000,06-JAN-2025
OPTSTK,GODREJPROP,30-Jan-2025,2025-01-30,2800.00,PE,115.25,212.55,100.00,201.80,201.80,594,3945.34428,138825,-20700,06-JAN-2025
OPTSTK,HINDCOPPER,27-Feb-2025,2025-02-27,290.00,CE,0.00,0.00,0.00,27.85,3.25,0,0.00,0,0,06-JAN-2025
OPTSTK,HINDCOPPER,27-Feb-2025,2025-02-27,290.00,PE,0.00,0.00,0.00,37.75,54.80,0,0.00,0,0,06-JAN-2025
OPTSTK,HINDCOPPER,27-Mar-2025,2025-03-27,290.00,CE,0.00,0.00,0.00,21.25,6.25,0,0.00,0,0,06-JAN-2025
OPTSTK,HINDCOPPER,30-Jan-2025,2025-01-30,300.00,PE,60.00,60.00,60.00,60.00,63.35,1,9.54,294150,-2650,06-JAN-2025
OPTSTK,AMBUJACEM,30-Jan-2025,2025-01-30,560.00,PE,20.80,34.45,20.80,33.70,33.70,60,317.6046,296100,3600,06-JAN-2025
OPTSTK,AMBUJACEM,27-Mar-2025,2025-03-27,530.00,CE,0.00,0.00,0.00,61.85,39.40,0,0.00,0,0,06-JAN-2025
OPTSTK,AMBUJACEM,27-Mar-2025,2025-03-27,590.00,PE,0.00,0.00,0.00,65.60,68.60,0,0.00,0,0,06-JAN-2025
OPTSTK,AMBUJACEM,30-Jan-2025,2025-01-30,525.00,CE,27.85,27.85,18.40,19.15,19.15,62,304.3755,21600,7200,06-JAN-2025
OPTSTK,TVSMOTOR,30-Jan-2025,2025-01-30,2640.00,CE,23.40,23.85,11.30,12.00,12.00,131,1217.35862,29050,7350,06-JAN-2025
OPTSTK,TVSMOTOR,30-Jan-2025,2025-01-30,2600.00,CE,30.15,33.70,16.40,17.35,17.35,776,7125.14862,147350,-12600,06-JAN-2025
OPTSTK,TVSMOTOR,27-Feb-2025,2025-02-27,2600.00,CE,45.00,45.00,45.00,45.00,39.15,1,9.2575,700,0,06-JAN-2025
OPTSTK,AMBUJACEM,27-Feb-2025,2025-02-27,480.00,PE,0.00,0.00,0.00,25.70,8.25,0,0.00,0,0,06-JAN-2025
OPTSTK,AMBUJACEM,30-Jan-2025,2025-01-30,480.00,CE,0.00,0.00,0.00,88.35,55.10,0,0.00,3600,0,06-JAN-2025
OPTSTK,AMBUJACEM,30-Jan-2025,2025-01-30,515.00,PE,6.15,10.20,5.90,9.55,9.55,139,654.5061,75600,-17100,06-JAN-2025
OPTSTK,TVSMOTOR,27-Feb-2025,2025-02-27,2660.00,CE,0.00,0.00,0.00,58.25,26.70,0,0.00,0,0,06-JAN-2025
OPTSTK,TVSMOTOR,27-Feb-2025,2025-02-27,2080.00,PE,0.00,0.00,0.00,12.80,5.45,0,0.00,0,0,06-JAN-2025
OPTSTK,TVSMOTOR,30-Jan-2025,2025-01-30,2080.00,PE,0.00,0.00,0.00,3.90,0.65,0,0.00,0,0,06-JAN-2025
OPTSTK,TVSMOTOR,30-Jan-2025,2025-01-30,2080.00,CE,0.00,0.00,0.00,377.00,343.65,0,0.00,0,0,06-JAN-2025
OPTSTK,AMBUJACEM,30-Jan-2025,2025-01-30,570.00,CE,7.40,7.50,3.25,3.45,3.45,765,3953.26035,563400,-23400,06-JAN-2025
OPTSTK,AMBUJACEM,30-Jan-2025,2025-01-30,585.00,PE,0.00,0.00,0.00,39.35,56.60,0,0.00,3600,0,06-JAN-2025
OPTSTK,AMBUJACEM,27-Mar-2025,2025-03-27,570.00,CE,0.00,0.00,0.00,42.70,23.05,0,0.00,0,0,06-JAN-2025
OPTSTK,AMBUJACEM,27-Feb-2025,2025-02-27,570.00,CE,0.00,0.00,0.00,33.40,15.55,0,0.00,0,0,06-JAN-2025
OPTSTK,TVSMOTOR,27-Feb-2025,2025-02-27,2500.00,CE,108.50,110.00,80.00,80.00,69.80,36,326.899125,20650,5950,06-JAN-2025
OPTSTK,AMBUJACEM,30-Jan-2025,2025-01-30,555.00,PE,18.90,31.30,18.90,29.65,29.65,42,219.63375,147600,-6300,06-JAN-2025
OPTSTK,TVSMOTOR,30-Jan-2025,2025-01-30,2840.00,PE,0.00,0.00,0.00,389.15,414.25,0,0.00,0,0,06-JAN-2025
OPTSTK,TVSMOTOR,27-Feb-2025,2025-02-27,2840.00,CE,0.00,0.00,0.00,24.70,7.25,0,0.00,0,0,06-JAN-2025
OPTSTK,AMBUJACEM,30-Jan-2025,2025-01-30,590.00,CE,3.05,3.30,1.30,1.40,1.40,418,2226.60765,596700,-18900,06-JAN-2025
OPTSTK,AMBUJACEM,27-Feb-2025,2025-02-27,590.00,CE,0.00,0.00,0.00,26.05,10.50,0,0.00,0,0,06-JAN-2025
OPTSTK,AMBUJACEM,27-Feb-2025,2025-02-27,590.00,PE,0.00,0.00,0.00,59.85,64.95,0,0.00,0,0,06-JAN-2025
OPTSTK,TVSMOTOR,27-Feb-2025,2025-02-27,2800.00,CE,19.60,19.60,19.60,19.60,9.85,1,9.8686,7350,350,06-JAN-2025
OPTSTK,TVSMOTOR,27-Mar-2025,2025-03-27,2800.00,CE,0.00,0.00,0.00,51.65,23.15,0,0.00,0,0,06-JAN-2025
OPTSTK,TVSMOTOR,27-Feb-2025,2025-02-27,2140.00,CE,0.00,0.00,0.00,345.75,304.70,0,0.00,0,0,06-JAN-2025
OPTSTK,TVSMOTOR,30-Jan-2025,2025-01-30,2280.00,CE,0.00,0.00,0.00,203.70,159.85,0,0.00,0,0,06-JAN-2025
OPTSTK,AMBUJACEM,30-Jan-2025,2025-01-30,450.00,CE,0.00,0.00,0.00,79.60,82.50,0,0.00,0,0,06-JAN-2025
OPTSTK,TVSMOTOR,27-Feb-2025,2025-02-27,2220.00,CE,0.00,0.00,0.00,281.50,237.00,0,0.00,0,0,06-JAN-2025
OPTSTK,TVSMOTOR,30-Jan-2025,2025-01-30,2220.00,CE,0.00,0.00,0.00,251.50,210.90,0,0.00,0,0,06-JAN-2025
OPTSTK,JUBLFOOD,30-Jan-2025,2025-01-30,790.00,CE,14.50,28.00,14.05,16.40,16.40,5886,59693.7162,655000,312500,06-JAN-2025
OPTSTK,ONGC,27-Feb-2025,2025-02-27,265.00,CE,5.60,5.60,5.60,5.60,9.50,1,5.20905,17325,1925,06-JAN-2025
OPTSTK,JUBLFOOD,27-Mar-2025,2025-03-27,840.00,PE,0.00,0.00,0.00,134.70,81.10,0,0.00,0,0,06-JAN-2025
OPTSTK,ONGC,30-Jan-2025,2025-01-30,250.00,PE,3.15,5.60,3.15,4.45,4.45,7291,35696.7293,2456300,-211750,06-JAN-2025
OPTSTK,ONGC,27-Feb-2025,2025-02-27,250.00,PE,6.90,9.15,6.90,8.90,8.90,19,94.515575,282975,3850,06-JAN-2025
OPTSTK,ONGC,27-Mar-2025,2025-03-27,250.00,CE,0.00,0.00,0.00,14.00,20.15,0,0.00,3850,0,06-JAN-2025
OPTSTK,ONGC,27-Mar-2025,2025-03-27,250.00,PE,0.00,0.00,0.00,22.00,12.15,0,0.00,0,0,06-JAN-2025
FUTSTK,JUBLFOOD,27-Mar-2025,2025-03-27,,,774.55,790.00,761.05,763.85,763.85,60,580.750625,47500,6250,06-JAN-2025
FUTSTK,ONGC,30-Jan-2025,2025-01-30,,,260.15,260.24,252.30,255.02,255.00,12600,61928.4860,100627450,-5108950,06-JAN-2025
OPTSTK,JUBLFOOD,27-Feb-2025,2025-02-27,660.00,CE,0.00,0.00,0.00,42.55,115.65,0,0.00,0,0,06-JAN-2025
OPTSTK,JUBLFOOD,27-Mar-2025,2025-03-27,660.00,PE,0.00,0.00,0.00,24.95,5.60,0,0.00,0,0,06-JAN-2025
OPTSTK,ONGC,27-Feb-2025,2025-02-27,295.00,PE,0.00,0.00,0.00,53.70,40.30,0,0.00,0,0,06-JAN-2025
OPTSTK,JUBLFOOD,27-Feb-2025,2025-02-27,740.00,PE,0.00,0.00,0.00,101.60,19.20,0,0.00,0,0,06-JAN-2025
OPTSTK,JUBLFOOD,30-Jan-2025,2025-01-30,740.00,PE,7.55,14.85,6.55,12.60,12.60,1985,18606.8606,527500,73750,06-JAN-2025
OPTSTK,JUBLFOOD,30-Jan-2025,2025-01-30,740.00,CE,40.50,61.60,38.20,42.55,42.55,530,5224.19,388750,-112500,06-JAN-2025
OPTSTK,ONGC,30-Jan-2025,2025-01-30,270.00,CE,3.30,3.35,1.50,1.90,1.90,6296,32976.6658,5726875,5775,06-JAN-2025
OPTSTK,JUBLFOOD,27-Feb-2025,2025-02-27,760.00,PE,0.00,0.00,0.00,117.40,27.35,0,0.00,0,0,06-JAN-2025
OPTSTK,JUBLFOOD,27-Mar-2025,2025-03-27,740.00,CE,0.00,0.00,0.00,40.00,62.70,0,0.00,0,0,06-JAN-2025
OPTSTK,JUBLFOOD,27-Mar-2025,2025-03-27,740.00,PE,0.00,0.00,0.00,62.75,25.20,0,0.00,0,0,06-JAN-2025
OPTSTK,ONGC,30-Jan-2025,2025-01-30,285.00,CE,1.10,1.10,0.50,0.60,0.60,1143,6286.22802,1463000,15400,06-JAN-2025
OPTSTK,ONGC,30-Jan-2025,2025-01-30,222.50,PE,0.50,0.65,0.50,0.55,0.55,302,1296.80608,321475,-9625,06-JAN-2025
OPTSTK,JUBLFOOD,27-Feb-2025,2025-02-27,770.00,CE,0.00,0.00,0.00,20.60,36.05,0,0.00,0,0,06-JAN-2025
OPTSTK,ONGC,30-Jan-2025,2025-01-30,287.50,CE,0.80,0.85,0.45,0.50,0.50,156,865.303862,75075,61600,06-JAN-2025
OPTSTK,ONGC,30-Jan-2025,2025-01-30,290.00,PE,37.75,37.75,33.05,34.95,34.95,31,193.834025,798875,0,06-JAN-2025
OPTSTK,ONGC,27-Feb-2025,2025-02-27,227.50,PE,0.00,0.00,0.00,8.80,2.80,0,0.00,0,0,06-JAN-2025
OPTSTK,ONGC,30-Jan-2025,2025-01-30,227.50,CE,0.00,0.00,0.00,19.75,28.75,0,0.00,94325,0,06-JAN-2025
OPTSTK,ONGC,27-Feb-2025,2025-02-27,292.50,PE,0.00,0.00,0.00,51.50,38.15,0,0.00,0,0,06-JAN-2025
OPTSTK,ONGC,30-Jan-2025,2025-01-30,292.50,PE,0.00,0.00,0.00,51.10,37.45,0,0.00,0,0,06-JAN-2025
OPTSTK,ONGC,30-Jan-2025,2025-01-30,292.50,CE,0.40,0.40,0.35,0.40,0.60,53,298.811012,26950,26950,06-JAN-2025
OPTSTK,ONGC,27-Feb-2025,2025-02-27,277.50,CE,0.00,0.00,0.00,5.15,5.65,0,0.00,0,0,06-JAN-2025
OPTSTK,JUBLFOOD,30-Jan-2025,2025-01-30,610.00,PE,0.50,0.65,0.50,0.65,0.05,13,99.2175,57500,0,06-JAN-2025
OPTSTK,ONGC,27-Mar-2025,2025-03-27,275.00,CE,0.00,0.00,0.00,8.75,9.60,0,0.00,0,0,06-JAN-2025
OPTSTK,BIOCON,27-Mar-2025,2025-03-27,410.00,CE,0.00,0.00,0.00,10.75,8.30,0,0.00,0,0,06-JAN-2025
OPTSTK,JKCEMENT,27-Mar-2025,2025-03-27,4400.00,PE,0.00,0.00,0.00,172.45,90.30,0,0.00,0,0,06-JAN-2025
OPTSTK,BIOCON,30-Jan-2025,2025-01-30,420.00,PE,0.00,0.00,0.00,52.30,60.60,0,0.00,2500,0,06-JAN-2025
OPTSTK,JKCEMENT,27-Feb-2025,2025-02-27,4800.00,CE,0.00,0.00,0.00,85.35,167.65,0,0.00,0,0,06-JAN-2025
OPTSTK,JKCEMENT,30-Jan-2025,2025-01-30,4800.00,PE,180.00,180.00,165.55,165.55,173.35,2,12.4319375,1375,125,06-JAN-2025
OPTSTK,RECLTD,27-Mar-2025,2025-03-27,480.00,PE,0.00,0.00,0.00,33.45,25.25,0,0.00,0,0,06-JAN-2025
OPTSTK,RECLTD,27-Feb-2025,2025-02-27,450.00,PE,5.50,7.70,5.50,7.25,7.25,35,159.7685,23000,22000,06-JAN-2025
OPTSTK,BIOCON,30-Jan-2025,2025-01-30,320.00,CE,0.00,0.00,0.00,48.95,40.90,0,0.00,17500,0,06-JAN-2025
OPTSTK,BIOCON,27-Feb-2025,2025-02-27,320.00,PE,0.00,0.00,0.00,10.15,4.25,0,0.00,0,0,06-JAN-2025
OPTSTK,BIOCON,27-Feb-2025,2025-02-27,320.00,CE,0.00,0.00,0.00,59.85,45.45,0,0.00,0,0,06-JAN-2025
OPTSTK,RECLTD,30-Jan-2025,2025-01-30,550.00,CE,14.10,14.70,6.80,7.15,7.15,4492,25133.866,2396000,450000,06-JAN-2025
OPTSTK,RECLTD,30-Jan-2025,2025-01-30,640.00,PE,0.00,0.00,0.00,95.15,125.45,0,0.00,56000,0,06-JAN-2025
OPTSTK,JKCEMENT,27-Feb-2025,2025-02-27,4500.00,CE,0.00,0.00,0.00,158.50,333.95,0,0.00,0,0,06-JAN-2025
OPTSTK,JKCEMENT,30-Jan-2025,2025-01-30,4850.00,CE,94.50,98.80,75.00,79.05,78.15,54,333.132125,2375,375,06-JAN-2025
OPTSTK,JKCEMENT,30-Jan-2025,2025-01-30,4850.00,PE,208.70,208.70,208.70,208.70,204.90,1,6.323375,125,125,06-JAN-2025
OPTSTK,JKCEMENT,27-Feb-2025,2025-02-27,4850.00,CE,0.00,0.00,0.00,168.05,147.00,0,0.00,0,0,06-JAN-2025
OPTSTK,RECLTD,27-Feb-2025,2025-02-27,480.00,CE,0.00,0.00,0.00,89.35,55.80,0,0.00,0,0,06-JAN-2025
OPTSTK,RECLTD,27-Mar-2025,2025-03-27,400.00,CE,0.00,0.00,0.00,136.30,123.55,0,0.00,0,0,06-JAN-2025
OPTSTK,BIOCON,27-Feb-2025,2025-02-27,400.00,PE,0.00,0.00,0.00,48.10,44.35,0,0.00,0,0,06-JAN-2025
OPTSTK,BIOCON,30-Jan-2025,2025-01-30,400.00,PE,29.60,42.15,29.60,40.90,40.90,19,208.275,140000,-12500,06-JAN-2025
OPTSTK,BIOCON,30-Jan-2025,2025-01-30,400.00,CE,2.70,3.10,1.35,1.55,1.55,1032,10374.1212,2272500,-152500,06-JAN-2025
OPTSTK,JKCEMENT,27-Mar-2025,2025-03-27,4400.00,CE,0.00,0.00,0.00,446.90,456.65,0,0.00,0,0,06-JAN-2025
OPTSTK,RECLTD,30-Jan-2025,2025-01-30,490.00,PE,3.85,11.65,3.80,10.45,10.45,2102,10456.693,818000,35000,06-JAN-2025
OPTSTK,JKCEMENT,27-Feb-2025,2025-02-27,4750.00,PE,0.00,0.00,0.00,301.35,193.05,0,0.00,0,0,06-JAN-2025
OPTSTK,BIOCON,27-Mar-2025,2025-03-27,400.00,CE,0.00,0.00,0.00,12.95,10.60,0,0.00,0,0,06-JAN-2025
OPTSTK,RECLTD,27-Feb-2025,2025-02-27,570.00,PE,0.00,0.00,0.00,70.00,68.75,0,0.00,1000,0,06-JAN-2025
OPTSTK,JKCEMENT,27-Feb-2025,2025-02-27,4700.00,PE,0.00,0.00,0.00,577.05,168.20,0,0.00,0,0,06-JAN-2025
OPTSTK,JKCEMENT,27-Feb-2025,2025-02-27,4700.00,CE,0.00,0.00,0.00,105.85,214.90,0,0.00,0,0,06-JAN-2025
OPTSTK,BIOCON,27-Feb-2025,2025-02-27,395.00,PE,0.00,0.00,0.00,53.00,40.45,0,0.00,0,0,06-JAN-2025
OPTSTK,BIOCON,27-Mar-2025,2025-03-27,340.00,CE,0.00,0.00,0.00,35.00,36.00,0,0.00,0,0,06-JAN-2025
OPTSTK,BIOCON,27-Feb-2025,2025-02-27,340.00,CE,0.00,0.00,0.00,46.60,30.90,0,0.00,0,0,06-JAN-2025
OPTSTK,JKCEMENT,27-Mar-2025,2025-03-27,4900.00,CE,0.00,0.00,0.00,209.00,182.85,0,0.00,0,0,06-JAN-2025
OPTSTK,EICHERMOT,27-Feb-2025,2025-02-27,4850.00,CE,0.00,0.00,0.00,241.95,496.85,0,0.00,0,0,06-JAN-2025
OPTSTK,TORNTPHARM,30-Jan-2025,2025-01-30,3700.00,CE,14.05,14.95,9.40,13.20,13.20,97,900.096625,38500,-7500,06-JAN-2025
OPTSTK,KEI,30-Jan-2025,2025-01-30,4500.00,CE,104.00,104.00,58.50,69.40,69.40,381,2614.55647,29850,-2550,06-JAN-2025
OPTSTK,EICHERMOT,27-Mar-2025,2025-03-27,5700.00,CE,0.00,0.00,0.00,60.00,122.35,0,0.00,0,0,06-JAN-2025
OPTSTK,TORNTPHARM,27-Feb-2025,2025-02-27,2900.00,CE,0.00,0.00,0.00,405.25,494.25,0,0.00,0,0,06-JAN-2025
OPTSTK,EICHERMOT,30-Jan-2025,2025-01-30,4850.00,PE,15.00,24.80,14.00,19.35,19.35,523,4455.89873,35175,-7350,06-JAN-2025
OPTSTK,EICHERMOT,27-Feb-2025,2025-02-27,5650.00,PE,0.00,0.00,0.00,812.45,430.25,0,0.00,0,0,06-JAN-2025
OPTSTK,TORNTPHARM,27-Feb-2025,2025-02-27,3250.00,PE,0.00,0.00,0.00,71.45,56.15,0,0.00,0,0,06-JAN-2025
OPTSTK,KEI,27-Mar-2025,2025-03-27,4400.00,CE,0.00,0.00,0.00,387.45,261.75,0,0.00,0,0,06-JAN-2025
OPTSTK,TORNTPHARM,27-Feb-2025,2025-02-27,3200.00,PE,0.00,0.00,0.00,152.20,41.70,0,0.00,0,0,06-JAN-2025
OPTSTK,TORNTPHARM,27-Feb-2025,2025-02-27,3100.00,PE,0.00,0.00,0.00,109.85,21.20,0,0.00,0,0,06-JAN-2025
OPTSTK,TORNTPHARM,27-Mar-2025,2025-03-27,3100.00,CE,0.00,0.00,0.00,429.25,343.40,0,0.00,0,0,06-JAN-2025
OPTSTK,EICHERMOT,30-Jan-2025,2025-01-30,5750.00,PE,0.00,0.00,0.00,893.55,491.80,0,0.00,0,0,06-JAN-2025
OPTSTK,EICHERMOT,27-Mar-2025,2025-03-27,4700.00,CE,0.00,0.00,0.00,381.15,667.70,0,0.00,0,0,06-JAN-2025
OPTSTK,EICHERMOT,27-Feb-2025,2025-02-27,5150.00,PE,0.00,0.00,0.00,411.05,138.60,0,0.00,0,0,06-JAN-2025
OPTSTK,EICHERMOT,30-Jan-2025,2025-01-30,4900.00,PE,20.55,30.65,16.65,24.00,24.00,1675,14432.1795,117075,-40425,06-JAN-2025
OPTSTK,KEI,27-Feb-2025,2025-02-27,4900.00,CE,0.00,0.00,0.00,143.50,61.05,0,0.00,0,0,06-JAN-2025
OPTSTK,EICHERMOT,27-Feb-2025,2025-02-27,4900.00,PE,0.00,0.00,0.00,292.65,60.90,0,0.00,0,0,06-JAN-2025
OPTSTK,EICHERMOT,27-Mar-2025,2025-03-27,4900.00,PE,71.00,71.00,71.00,71.00,91.25,1,8.69925,0,-175,06-JAN-2025
OPTSTK,EICHERMOT,30-Jan-2025,2025-01-30,4000.00,PE,1.45,1.90,1.35,1.90,1.90,27,189.07315,16975,-2100,06-JAN-2025
OPTSTK,KEI,27-Feb-2025,2025-02-27,4000.00,CE,0.00,0.00,0.00,599.15,406.80,0,0.00,0,0,06-JAN-2025
OPTSTK,KEI,27-Mar-2025,2025-03-27,4000.00,CE,0.00,0.00,0.00,598.65,469.90,0,0.00,0,0,06-JAN-2025
OPTSTK,EICHERMOT,27-Mar-2025,2025-03-27,4000.00,PE,0.00,0.00,0.00,26.15,1.85,0,0.00,0,0,06-JAN-2025
OPTSTK,TORNTPHARM,27-Feb-2025,2025-02-27,3000.00,CE,0.00,0.00,0.00,332.95,401.00,0,0.00,0,0,06-JAN-2025
OPTSTK,EICHERMOT,27-Feb-2025,2025-02-27,6000.00,PE,0.00,0.00,0.00,1112.40,720.50,0,0.00,0,0,06-JAN-2025
OPTSTK,KEI,27-Feb-2025,2025-02-27,4800.00,PE,0.00,0.00,0.00,650.25,578.55,0,0.00,0,0,06-JAN-2025
OPTSTK,KEI,30-Jan-2025,2025-01-30,4800.00,PE,572.55,574.05,572.55,574.05,548.55,2,16.1199,300,300,06-JAN-2025
OPTSTK,EICHERMOT,27-Feb-2025,2025-02-27,4800.00,CE,0.00,0.00,0.00,345.65,537.25,0,0.00,0,0,06-JAN-2025
OPTSTK,EICHERMOT,27-Mar-2025,2025-03-27,5300.00,PE,0.00,0.00,0.00,539.60,243.05,0,0.00,0,0,06-JAN-2025
OPTSTK,EICHERMOT,30-Jan-2025,2025-01-30,5300.00,CE,141.95,164.15,90.35,115.95,115.95,4366,41397.5493,173950,-8575,06-JAN-2025
OPTSTK,KEI,27-Feb-2025,2025-02-27,3900.00,CE,0.00,0.00,0.00,595.35,475.95,0,0.00,0,0,06-JAN-2025
FUTSTK,KEI,30-Jan-2025,2025-01-30,,,4437.95,4437.95,4216.95,4254.80,4254.80,2529,16181.1582,505050,63150,06-JAN-2025
OPTSTK,DIVISLAB,30-Jan-2025,2025-01-30,6650.00,CE,12.75,13.50,9.20,10.65,10.65,75,499.59015,4900,-1900,06-JAN-2025
OPTSTK,DIVISLAB,27-Feb-2025,2025-02-27,6650.00,CE,0.00,0.00,0.00,85.40,37.25,0,0.00,0,0,06-JAN-2025
OPTSTK,DIVISLAB,30-Jan-2025,2025-01-30,6600.00,CE,16.10,16.10,10.85,12.15,12.15,315,2083.1168,32800,-2200,06-JAN-2025
OPTSTK,DIVISLAB,30-Jan-2025,2025-01-30,6700.00,CE,10.70,11.25,7.45,8.85,8.85,321,2153.6265,23200,5100,06-JAN-2025
OPTSTK,DIVISLAB,27-Feb-2025,2025-02-27,6700.00,PE,0.00,0.00,0.00,778.20,776.20,0,0.00,0,0,06-JAN-2025
OPTSTK,DIVISLAB,27-Feb-2025,2025-02-27,6700.00,CE,0.00,0.00,0.00,150.80,31.95,0,0.00,0,0,06-JAN-2025
OPTSTK,DIVISLAB,27-Feb-2025,2025-02-27,5850.00,PE,0.00,0.00,0.00,243.70,180.05,0,0.00,0,0,06-JAN-2025
OPTSTK,DIVISLAB,27-Feb-2025,2025-02-27,5850.00,CE,0.00,0.00,0.00,353.80,277.65,0,0.00,0,0,06-JAN-2025
OPTSTK,DIVISLAB,30-Jan-2025,2025-01-30,5850.00,PE,72.05,159.60,72.05,127.60,127.60,663,3956.0277,17000,1100,06-JAN-2025
OPTSTK,DIVISLAB,30-Jan-2025,2025-01-30,5850.00,CE,200.00,220.20,165.00,186.00,186.00,307,1855.06385,20600,1100,06-JAN-2025
OPTSTK,DIVISLAB,30-Jan-2025,2025-01-30,5500.00,PE,19.00,38.30,17.50,33.90,33.90,1121,6199.2004,39900,4300,06-JAN-2025
OPTSTK,DIVISLAB,27-Mar-2025,2025-03-27,6600.00,CE,0.00,0.00,0.00,151.75,85.70,0,0.00,0,0,06-JAN-2025
OPTSTK,DIVISLAB,27-Feb-2025,2025-02-27,5500.00,CE,0.00,0.00,0.00,692.20,508.95,0,0.00,0,0,06-JAN-2025
OPTSTK,DIVISLAB,30-Jan-2025,2025-01-30,5350.00,CE,0.00,0.00,0.00,737.85,575.25,0,0.00,0,0,06-JAN-2025
OPTSTK,DIVISLAB,27-Feb-2025,2025-02-27,5350.00,CE,0.00,0.00,0.00,681.65,630.20,0,0.00,0,0,06-JAN-2025
OPTSTK,DIVISLAB,30-Jan-2025,2025-01-30,6050.00,PE,160.60,255.00,153.60,234.65,234.65,364,2273.58015,14800,-2400,06-JAN-2025
OPTSTK,DIVISLAB,30-Jan-2025,2025-01-30,5100.00,PE,0.00,0.00,0.00,3.10,1.45,0,0.00,4600,0,06-JAN-2025
OPTSTK,DIVISLAB,30-Jan-2025,2025-01-30,5100.00,CE,0.00,0.00,0.00,740.00,815.65,0,0.00,1500,0,06-JAN-2025
OPTSTK,DIVISLAB,27-Feb-2025,2025-02-27,6000.00,PE,286.45,286.45,286.45,286.45,254.75,1,6.28645,100,0,06-JAN-2025
OPTSTK,DIVISLAB,27-Feb-2025,2025-02-27,6500.00,PE,0.00,0.00,0.00,633.55,604.25,0,0.00,0,0,06-JAN-2025
OPTSTK,DIVISLAB,27-Feb-2025,2025-02-27,5950.00,PE,0.00,0.00,0.00,292.35,228.15,0,0.00,0,0,06-JAN-2025
OPTSTK,DIVISLAB,30-Jan-2025,2025-01-30,5950.00,CE,223.75,223.75,118.60,135.60,135.60,716,4364.4378,21300,7100,06-JAN-2025
OPTSTK,DIVISLAB,30-Jan-2025,2025-01-30,6200.00,PE,248.70,362.35,248.70,347.50,347.50,91,592.83005,19000,-1200,06-JAN-2025
OPTSTK,DIVISLAB,30-Jan-2025,2025-01-30,6450.00,CE,23.50,27.85,19.70,21.75,21.75,128,828.5149,9500,600,06-JAN-2025
OPTSTK,DIVISLAB,27-Feb-2025,2025-02-27,6450.00,PE,0.00,0.00,0.00,609.65,563.55,0,0.00,0,0,06-JAN-2025
OPTSTK,DIVISLAB,30-Jan-2025,2025-01-30,5400.00,CE,0.00,0.00,0.00,720.75,529.30,0,0.00,0,0,06-JAN-2025
OPTSTK,DIVISLAB,27-Feb-2025,2025-02-27,5400.00,PE,0.00,0.00,0.00,114.50,45.25,0,0.00,0,0,06-JAN-2025
OPTSTK,UBL,27-Feb-2025,2025-02-27,1800.00,PE,0.00,0.00,0.00,44.05,3.20,0,0.00,0,0,06-JAN-2025
OPTSTK,UBL,27-Feb-2025,2025-02-27,1900.00,PE,0.00,0.00,0.00,38.25,12.30,0,0.00,0,0,06-JAN-2025
OPTSTK,UBL,30-Jan-2025,2025-01-30,1900.00,CE,0.00,0.00,0.00,123.15,187.50,0,0.00,0,0,06-JAN-2025
OPTSTK,UBL,27-Feb-2025,2025-02-27,1900.00,CE,0.00,0.00,0.00,177.15,206.25,0,0.00,0,0,06-JAN-2025
OPTSTK,HUDCO,27-Feb-2025,2025-02-27,225.00,PE,0.00,0.00,0.00,21.90,11.85,0,0.00,0,0,06-JAN-2025
OPTSTK,HUDCO,30-Jan-2025,2025-01-30,225.00,PE,2.05,5.80,1.85,4.95,4.95,463,2562.60783,356475,-106700,06-JAN-2025
OPTSTK,HUDCO,30-Jan-2025,2025-01-30,225.00,CE,29.85,29.85,19.55,20.30,20.30,32,192.9718,196425,29100,06-JAN-2025
OPTSTK,HUDCO,30-Jan-2025,2025-01-30,255.00,CE,7.45,10.50,4.75,5.50,5.50,1659,10568.6386,1314350,533500,06-JAN-2025
OPTSTK,HUDCO,30-Jan-2025,2025-01-30,200.00,PE,0.65,1.50,0.45,1.20,1.20,276,1344.28056,531075,-87300,06-JAN-2025
OPTSTK,HUDCO,27-Feb-2025,2025-02-27,270.00,PE,0.00,0.00,0.00,55.05,37.80,0,0.00,0,0,06-JAN-2025
OPTSTK,HUDCO,30-Jan-2025,2025-01-30,270.00,PE,23.60,31.90,22.30,31.80,31.80,17,121.922937,97000,9700,06-JAN-2025
OPTSTK,UBL,27-Feb-2025,2025-02-27,2360.00,CE,0.00,0.00,0.00,15.65,8.55,0,0.00,0,0,06-JAN-2025
OPTSTK,UBL,30-Jan-2025,2025-01-30,2160.00,CE,28.95,28.95,20.50,21.60,21.60,27,236.041,7600,-2000,06-JAN-2025
OPTSTK,UBL,30-Jan-2025,2025-01-30,2000.00,CE,100.00,100.00,87.50,93.70,102.85,26,218.0248,19600,-3600,06-JAN-2025
OPTSTK,UBL,30-Jan-2025,2025-01-30,2260.00,CE,10.05,10.20,6.15,6.90,5.70,42,381.2588,21600,10400,06-JAN-2025
OPTSTK,UBL,30-Jan-2025,2025-01-30,2260.00,PE,0.00,0.00,0.00,312.85,179.95,0,0.00,0,0,06-JAN-2025
OPTSTK,HUDCO,27-Feb-2025,2025-02-27,240.00,CE,0.00,0.00,0.00,17.75,20.35,0,0.00,2425,0,06-JAN-2025
OPTSTK,UBL,30-Jan-2025,2025-01-30,2140.00,PE,78.00,85.00,75.50,85.00,83.10,7,62.0934,3600,1600,06-JAN-2025
OPTSTK,UBL,30-Jan-2025,2025-01-30,2140.00,CE,45.45,48.15,23.10,26.95,26.95,269,2338.113,31600,-12800,06-JAN-2025
OPTSTK,UBL,27-Feb-2025,2025-02-27,1880.00,PE,0.00,0.00,0.00,71.25,9.65,0,0.00,0,0,06-JAN-2025
OPTSTK,HUDCO,27-Feb-2025,2025-02-27,245.00,CE,18.40,18.40,13.80,13.80,18.10,3,18.9671375,4850,4850,06-JAN-2025
OPTSTK,HUDCO,30-Jan-2025,2025-01-30,250.00,PE,11.40,17.65,8.75,16.35,16.35,952,6045.11032,877850,31525,06-JAN-2025
OPTSTK,HUDCO,27-Mar-2025,2025-03-27,280.00,PE,0.00,0.00,0.00,61.75,48.45,0,0.00,0,0,06-JAN-2025
OPTSTK,HUDCO,30-Jan-2025,2025-01-30,280.00,CE,1.95,3.20,1.20,1.40,1.40,810,5542.70246,996675,278875,06-JAN-2025
OPTSTK,HUDCO,27-Feb-2025,2025-02-27,280.00,PE,0.00,0.00,0.00,62.40,45.40,0,0.00,0,0,06-JAN-2025
OPTSTK,UBL,27-Feb-2025,2025-02-27,2080.00,PE,0.00,0.00,0.00,177.75,66.40,0,0.00,0,0,06-JAN-2025
OPTSTK,HUDCO,27-Mar-2025,2025-03-27,230.00,PE,0.00,0.00,0.00,28.80,17.90,0,0.00,0,0,06-JAN-2025
OPTSTK,HUDCO,30-Jan-2025,2025-01-30,230.00,PE,3.55,7.40,2.65,6.50,6.50,1163,6614.82891,999100,80025,06-JAN-2025
OPTSTK,UBL,30-Jan-2025,2025-01-30,1960.00,PE,8.85,19.15,8.85,17.80,17.80,24,189.5412,12400,3600,06-JAN-2025
OPTSTK,UBL,27-Feb-2025,2025-02-27,2000.00,PE,0.00,0.00,0.00,128.75,34.75,0,0.00,0,0,06-JAN-2025
OPTSTK,UBL,27-Feb-2025,2025-02-27,2160.00,PE,0.00,0.00,0.00,234.35,111.40,0,0.00,0,0,06-JAN-2025
OPTSTK,UBL,27-Feb-2025,2025-02-27,2440.00,CE,0.00,0.00,0.00,9.70,3.70,0,0.00,0,0,06-JAN-2025
OPTSTK,HDFCAMC,27-Feb-2025,2025-02-27,4150.00,CE,0.00,0.00,0.00,351.45,188.55,0,0.00,0,0,06-JAN-2025
OPTSTK,INDUSINDBK,30-Jan-2025,2025-01-30,880.00,PE,4.70,9.30,4.05,7.80,7.80,818,3625.03775,298000,24000,06-JAN-2025
OPTSTK,INDUSINDBK,30-Jan-2025,2025-01-30,850.00,PE,2.90,5.50,2.30,4.45,4.45,522,2227.4755,213500,-44000,06-JAN-2025
OPTSTK,INDUSINDBK,27-Feb-2025,2025-02-27,850.00,CE,0.00,0.00,0.00,116.05,135.45,0,0.00,0,0,06-JAN-2025
OPTSTK,INDUSINDBK,30-Jan-2025,2025-01-30,850.00,CE,148.30,148.30,148.15,148.15,125.55,2,9.98225,9000,500,06-JAN-2025
OPTSTK,GODREJCP,27-Mar-2025,2025-03-27,980.00,CE,0.00,0.00,0.00,133.25,181.70,0,0.00,0,0,06-JAN-2025
OPTSTK,GODREJCP,27-Feb-2025,2025-02-27,950.00,CE,0.00,0.00,0.00,144.30,202.05,0,0.00,0,0,06-JAN-2025
OPTSTK,GODREJCP,27-Feb-2025,2025-02-27,950.00,PE,0.00,0.00,0.00,11.15,1.10,0,0.00,0,0,06-JAN-2025
OPTSTK,HDFCAMC,30-Jan-2025,2025-01-30,4150.00,PE,98.25,196.20,90.85,157.90,157.90,690,4434.52222,23550,-1500,06-JAN-2025
OPTSTK,GODREJCP,27-Mar-2025,2025-03-27,1060.00,PE,0.00,0.00,0.00,53.15,19.00,0,0.00,0,0,06-JAN-2025
OPTSTK,INDUSINDBK,30-Jan-2025,2025-01-30,1060.00,CE,13.05,13.05,7.75,8.25,8.25,1824,9756.0785,735500,-2000,06-JAN-2025
OPTSTK,GODREJCP,30-Jan-2025,2025-01-30,1060.00,PE,7.85,10.00,6.25,7.55,7.55,449,2396.58,173500,40000,06-JAN-2025
OPTSTK,INDUSINDBK,30-Jan-2025,2025-01-30,1120.00,PE,130.00,145.90,130.00,145.90,146.85,4,25.08825,14500,1500,06-JAN-2025
OPTSTK,INDUSINDBK,30-Jan-2025,2025-01-30,1000.00,CE,35.95,35.95,21.35,23.50,23.50,8008,41133.7807,3045000,536500,06-JAN-2025
OPTSTK,INDUSINDBK,27-Mar-2025,2025-03-27,1000.00,PE,40.00,40.00,40.00,40.00,68.35,1,5.2,1500,500,06-JAN-2025
OPTSTK,HDFCAMC,30-Jan-2025,2025-01-30,3900.00,PE,29.55,80.00,26.75,58.40,58.40,781,4632.83137,33750,-750,06-JAN-2025
OPTSTK,GODREJCP,30-Jan-2025,2025-01-30,960.00,PE,1.25,1.40,0.75,1.00,0.10,185,888.93075,76000,48500,06-JAN-2025
OPTSTK,GODREJCP,30-Jan-2025,2025-01-30,1090.00,PE,14.35,17.95,11.15,13.45,13.45,564,3111.16825,96500,8000,06-JAN-2025
OPTSTK,INDUSINDBK,30-Jan-2025,2025-01-30,1090.00,PE,0.00,0.00,0.00,157.25,118.90,0,0.00,0,0,06-JAN-2025
OPTSTK,GODREJCP,27-Mar-2025,2025-03-27,1000.00,CE,0.00,0.00,0.00,119.45,164.25,0,0.00,0,0,06-JAN-2025
OPTSTK,GODREJCP,27-Feb-2025,2025-02-27,1000.00,CE,0.00,0.00,0.00,273.35,155.25,0,0.00,0,0,06-JAN-2025
OPTSTK,GODREJCP,30-Jan-2025,2025-01-30,960.00,CE,0.00,0.00,0.00,341.90,186.20,0,0.00,0,0,06-JAN-2025
OPTSTK,HDFCAMC,27-Mar-2025,2025-03-27,4500.00,CE,0.00,0.00,0.00,251.00,115.95,0,0.00,0,0,06-JAN-2025
OPTSTK,GODREJCP,30-Jan-2025,2025-01-30,1110.00,CE,37.00,64.35,33.05,52.40,52.40,260,1497.7885,28500,-18000,06-JAN-2025
OPTSTK,GODREJCP,27-Feb-2025,2025-02-27,1110.00,PE,0.00,0.00,0.00,70.75,26.90,0,0.00,0,0,06-JAN-2025
OPTSTK,GODREJCP,30-Jan-2025,2025-01-30,1230.00,PE,0.00,0.00,0.00,155.15,89.15,0,0.00,0,0,06-JAN-2025
OPTSTK,GODREJCP,30-Jan-2025,2025-01-30,1380.00,CE,0.65,0.95,0.55,0.55,0.10,52,358.977,19500,4500,06-JAN-2025
OPTSTK,INDUSINDBK,27-Feb-2025,2025-02-27,1140.00,CE,9.10,9.10,6.85,6.85,7.10,14,80.3425,24000,1500,06-JAN-2025
OPTSTK,GODREJCP,27-Mar-2025,2025-03-27,1100.00,CE,0.00,0.00,0.00,64.10,89.15,0,0.00,0,0,06-JAN-2025
OPTSTK,GODREJCP,30-Jan-2025,2025-01-30,1100.00,PE,16.50,21.70,13.40,15.80,15.80,1755,9795.32075,183000,-4000,06-JAN-2025
FUTSTK,HDFCAMC,30-Jan-2025,2025-01-30,,,4240.05,4269.80,4047.25,4112.55,4112.55,7471,46183.9868,2922600,-50850,06-JAN-2025
OPTSTK,SIEMENS,27-Mar-2025,2025-03-27,8000.00,PE,0.00,0.00,0.00,1327.35,1464.10,0,0.00,0,0,06-JAN-2025
OPTSTK,SIEMENS,27-Mar-2025,2025-03-27,7600.00,PE,0.00,0.00,0.00,1021.95,1117.50,0,0.00,0,0,06-JAN-2025
OPTSTK,SIEMENS,27-Mar-2025,2025-03-27,6600.00,CE,0.00,0.00,0.00,645.75,388.65,0,0.00,0,0,06-JAN-2025
OPTSTK,SIEMENS,27-Mar-2025,2025-03-27,7400.00,PE,0.00,0.00,0.00,881.55,955.40,0,0.00,0,0,06-JAN-2025
OPTSTK,SIEMENS,27-Feb-2025,2025-02-27,7400.00,CE,0.00,0.00,0.00,119.70,73.85,0,0.00,150,0,06-JAN-2025
OPTSTK,SIEMENS,27-Feb-2025,2025-02-27,7400.00,PE,0.00,0.00,0.00,490.50,929.85,0,0.00,0,0,06-JAN-2025
OPTSTK,SIEMENS,30-Jan-2025,2025-01-30,7400.00,PE,0.00,0.00,0.00,767.00,910.75,0,0.00,1650,0,06-JAN-2025
OPTSTK,SHRIRAMFIN,27-Feb-2025,2025-02-27,2800.00,CE,0.00,0.00,0.00,412.85,266.50,0,0.00,0,0,06-JAN-2025
OPTSTK,SHRIRAMFIN,27-Feb-2025,2025-02-27,3250.00,CE,0.00,0.00,0.00,96.00,64.90,0,0.00,0,0,06-JAN-2025
OPTSTK,SHRIRAMFIN,27-Feb-2025,2025-02-27,3250.00,PE,0.00,0.00,0.00,378.35,314.30,0,0.00,0,0,06-JAN-2025
OPTSTK,SIEMENS,30-Jan-2025,2025-01-30,8400.00,CE,2.50,6.00,2.50,6.00,0.25,4,25.21275,675,0,06-JAN-2025
OPTSTK,SIEMENS,27-Feb-2025,2025-02-27,7200.00,CE,0.00,0.00,0.00,748.65,108.25,0,0.00,0,0,06-JAN-2025
OPTSTK,SIEMENS,27-Mar-2025,2025-03-27,7200.00,CE,0.00,0.00,0.00,386.05,181.80,0,0.00,0,0,06-JAN-2025
OPTSTK,SHRIRAMFIN,30-Jan-2025,2025-01-30,2650.00,PE,7.40,18.00,7.40,17.10,17.10,334,1334.24617,32550,-4800,06-JAN-2025
OPTSTK,SHRIRAMFIN,27-Feb-2025,2025-02-27,3300.00,PE,0.00,0.00,0.00,367.80,352.55,0,0.00,0,0,06-JAN-2025
OPTSTK,SIEMENS,30-Jan-2025,2025-01-30,7400.00,CE,25.70,26.55,18.00,19.85,19.85,420,2337.97646,57750,7425,06-JAN-2025
OPTSTK,SHRIRAMFIN,30-Jan-2025,2025-01-30,2800.00,CE,282.00,282.60,214.75,219.85,219.85,20,91.1724,12450,450,06-JAN-2025
OPTSTK,SIEMENS,30-Jan-2025,2025-01-30,6400.00,CE,333.00,333.00,232.70,250.45,250.45,99,495.284212,9000,450,06-JAN-2025
OPTSTK,SHRIRAMFIN,27-Mar-2025,2025-03-27,3400.00,CE,0.00,0.00,0.00,99.70,66.15,0,0.00,0,0,06-JAN-2025
OPTSTK,SHRIRAMFIN,30-Jan-2025,2025-01-30,3400.00,PE,0.00,0.00,0.00,353.00,423.80,0,0.00,750,0,06-JAN-2025
OPTSTK,SHRIRAMFIN,27-Mar-2025,2025-03-27,2600.00,PE,0.00,0.00,0.00,83.70,42.80,0,0.00,0,0,06-JAN-2025
OPTSTK,SHRIRAMFIN,27-Mar-2025,2025-03-27,2600.00,CE,0.00,0.00,0.00,457.55,450.45,0,0.00,0,0,06-JAN-2025
OPTSTK,SHRIRAMFIN,30-Jan-2025,2025-01-30,2700.00,PE,10.55,24.25,9.80,23.00,23.00,786,3205.41052,75450,-21150,06-JAN-2025
OPTSTK,SHRIRAMFIN,27-Mar-2025,2025-03-27,2700.00,CE,0.00,0.00,0.00,390.40,375.15,0,0.00,0,0,06-JAN-2025
OPTSTK,SIEMENS,27-Mar-2025,2025-03-27,8000.00,CE,0.00,0.00,0.00,177.40,54.80,0,0.00,0,0,06-JAN-2025
OPTSTK,SHRIRAMFIN,30-Jan-2025,2025-01-30,3050.00,CE,122.65,122.65,70.50,76.20,76.20,1124,5291.75377,72900,5400,06-JAN-2025
OPTSTK,SIEMENS,30-Jan-2025,2025-01-30,6400.00,PE,109.25,195.30,90.45,171.85,171.85,781,3840.25061,42000,6675,06-JAN-2025
OPTSTK,SHRIRAMFIN,30-Jan-2025,2025-01-30,3100.00,PE,109.75,188.65,109.70,178.75,178.75,331,1614.55327,72150,-900,06-JAN-2025
OPTSTK,SHRIRAMFIN,30-Jan-2025,2025-01-30,3100.00,CE,85.10,99.70,54.50,58.45,58.45,1896,9016.9497,180000,8250,06-JAN-2025
OPTSTK,SHRIRAMFIN,27-Feb-2025,2025-02-27,3100.00,PE,0.00,0.00,0.00,249.75,211.40,0,0.00,0,0,06-JAN-2025
OPTSTK,SIEMENS,27-Feb-2025,2025-02-27,7100.00,PE,0.00,0.00,0.00,624.15,688.75,0,0.00,0,0,06-JAN-2025
OPTSTK,BRITANNIA,27-Feb-2025,2025-02-27,4850.00,PE,0.00,0.00,0.00,217.15,158.90,0,0.00,0,0,06-JAN-2025
OPTSTK,BRITANNIA,27-Feb-2025,2025-02-27,4850.00,CE,0.00,0.00,0.00,189.60,146.60,0,0.00,0,0,06-JAN-2025
OPTSTK,BRITANNIA,30-Jan-2025,2025-01-30,4200.00,CE,0.00,0.00,0.00,616.90,610.30,0,0.00,100,0,06-JAN-2025
OPTSTK,BRITANNIA,27-Mar-2025,2025-03-27,4200.00,PE,0.00,0.00,0.00,37.45,13.50,0,0.00,0,0,06-JAN-2025
OPTSTK,BRITANNIA,27-Feb-2025,2025-02-27,4300.00,CE,0.00,0.00,0.00,736.65,543.55,0,0.00,0,0,06-JAN-2025
OPTSTK,BRITANNIA,27-Feb-2025,2025-02-27,5500.00,CE,0.00,0.00,0.00,27.00,9.30,0,0.00,100,0,06-JAN-2025
OPTSTK,BRITANNIA,27-Feb-2025,2025-02-27,5500.00,PE,0.00,0.00,0.00,572.75,665.40,0,0.00,0,0,06-JAN-2025
OPTSTK,BRITANNIA,27-Feb-2025,2025-02-27,4200.00,PE,0.00,0.00,0.00,24.05,5.45,0,0.00,0,0,06-JAN-2025
OPTSTK,BRITANNIA,27-Feb-2025,2025-02-27,4600.00,CE,0.00,0.00,0.00,501.40,295.00,0,0.00,0,0,06-JAN-2025
OPTSTK,BRITANNIA,27-Mar-2025,2025-03-27,5000.00,PE,0.00,0.00,0.00,328.15,266.95,0,0.00,0,0,06-JAN-2025
OPTSTK,BRITANNIA,27-Feb-2025,2025-02-27,5000.00,CE,105.00,108.00,105.00,108.00,87.65,2,10.213,200,200,06-JAN-2025
OPTSTK,BRITANNIA,30-Jan-2025,2025-01-30,4100.00,CE,0.00,0.00,0.00,747.00,709.50,0,0.00,0,0,06-JAN-2025
OPTSTK,BRITANNIA,27-Feb-2025,2025-02-27,4400.00,PE,0.00,0.00,0.00,50.60,20.95,0,0.00,0,0,06-JAN-2025
OPTSTK,BRITANNIA,30-Jan-2025,2025-01-30,4200.00,PE,1.90,2.75,0.85,2.35,2.35,138,579.9113,49000,-500,06-JAN-2025
OPTSTK,BRITANNIA,30-Jan-2025,2025-01-30,4300.00,PE,3.90,5.30,3.30,4.75,4.75,508,2186.4825,55000,13700,06-JAN-2025
OPTSTK,BRITANNIA,30-Jan-2025,2025-01-30,5500.00,PE,0.00,0.00,0.00,730.00,685.00,0,0.00,6200,0,06-JAN-2025
OPTSTK,BRITANNIA,27-Mar-2025,2025-03-27,4000.00,CE,0.00,0.00,0.00,850.15,853.90,0,0.00,0,0,06-JAN-2025
OPTSTK,BRITANNIA,30-Jan-2025,2025-01-30,4250.00,CE,0.00,0.00,0.00,742.60,561.00,0,0.00,0,0,06-JAN-2025
OPTSTK,BRITANNIA,30-Jan-2025,2025-01-30,5050.00,CE,37.00,37.45,24.05,25.70,25.70,812,4124.29405,33600,4200,06-JAN-2025
OPTSTK,BRITANNIA,27-Feb-2025,2025-02-27,4200.00,CE,0.00,0.00,0.00,823.45,636.90,0,0.00,0,0,06-JAN-2025
OPTSTK,BRITANNIA,27-Mar-2025,2025-03-27,4200.00,CE,0.00,0.00,0.00,674.95,666.40,0,0.00,0,0,06-JAN-2025
OPTSTK,BRITANNIA,30-Jan-2025,2025-01-30,5500.00,CE,4.10,4.10,2.80,3.00,3.00,469,2580.96625,63400,8500,06-JAN-2025
OPTSTK,BRITANNIA,27-Feb-2025,2025-02-27,4100.00,PE,0.00,0.00,0.00,15.75,2.45,0,0.00,0,0,06-JAN-2025
OPTSTK,TATAMOTORS,27-Feb-2025,2025-02-27,920.00,PE,0.00,0.00,0.00,151.00,138.00,0,0.00,550,0,06-JAN-2025
OPTSTK,TATAMOTORS,27-Feb-2025,2025-02-27,680.00,CE,0.00,0.00,0.00,125.05,106.50,0,0.00,0,0,06-JAN-2025
OPTSTK,TATAMOTORS,30-Jan-2025,2025-01-30,900.00,PE,110.00,130.00,104.00,120.10,120.10,102,568.7858,813450,-3850,06-JAN-2025
OPTSTK,TATAMOTORS,30-Jan-2025,2025-01-30,900.00,CE,2.00,2.25,1.10,1.30,1.30,11982,59416.4422,4916450,408100,06-JAN-2025
OPTSTK,TATAMOTORS,30-Jan-2025,2025-01-30,910.00,CE,1.65,1.75,0.95,1.10,1.10,1371,6871.95795,352550,-2200,06-JAN-2025
OPTSTK,TATAMOTORS,30-Jan-2025,2025-01-30,730.00,PE,3.45,9.40,3.45,6.85,6.85,7526,30463.1901,1771550,-123200,06-JAN-2025
OPTSTK,TATAMOTORS,27-Feb-2025,2025-02-27,730.00,PE,9.80,9.80,9.80,9.80,13.00,1,4.0689,31900,0,06-JAN-2025
OPTSTK,TATAMOTORS,30-Jan-2025,2025-01-30,760.00,CE,43.00,46.35,26.30,33.10,33.10,3729,16301.6334,2564650,-107800,06-JAN-2025
OPTSTK,TATAMOTORS,30-Jan-2025,2025-01-30,580.00,CE,201.00,201.05,196.00,196.95,196.95,25,107.099025,17050,12650,06-JAN-2025
OPTSTK,TATAMOTORS,27-Feb-2025,2025-02-27,860.00,CE,13.65,15.25,9.95,11.70,11.70,124,595.020525,123200,16500,06-JAN-2025
OPTSTK,TATAMOTORS,27-Feb-2025,2025-02-27,700.00,CE,107.55,107.55,85.00,91.00,89.40,15,65.762675,29150,2200,06-JAN-2025
OPTSTK,SHREECEM,27-Mar-2025,2025-03-27,28000.00,PE,0.00,0.00,0.00,2138.35,2209.15,0,0.00,0,0,06-JAN-2025
OPTSTK,SHREECEM,30-Jan-2025,2025-01-30,26750.00,CE,430.05,472.95,267.10,267.10,339.70,35,237.470662,1675,25,06-JAN-2025
OPTSTK,SHREECEM,27-Feb-2025,2025-02-27,26750.00,PE,0.00,0.00,0.00,1253.65,1257.35,0,0.00,0,0,06-JAN-2025
OPTSTK,SHREECEM,27-Feb-2025,2025-02-27,24750.00,CE,0.00,0.00,0.00,2361.85,1763.95,0,0.00,0,0,06-JAN-2025
OPTSTK,SHREECEM,27-Mar-2025,2025-03-27,27500.00,PE,0.00,0.00,0.00,1832.65,1861.60,0,0.00,0,0,06-JAN-2025
OPTSTK,SHREECEM,30-Jan-2025,2025-01-30,27750.00,CE,215.50,226.25,132.95,133.30,133.30,16,111.60165,1250,150,06-JAN-2025
OPTSTK,SHREECEM,27-Feb-2025,2025-02-27,27750.00,PE,0.00,0.00,0.00,1841.00,1941.30,0,0.00,0,0,06-JAN-2025
OPTSTK,SHREECEM,30-Jan-2025,2025-01-30,26000.00,CE,808.15,871.50,486.50,550.65,550.65,83,553.22735,5625,450,06-JAN-2025
OPTSTK,SHREECEM,27-Mar-2025,2025-03-27,26000.00,CE,0.00,0.00,0.00,1880.60,1291.30,0,0.00,0,0,06-JAN-2025
OPTSTK,SHREECEM,27-Feb-2025,2025-02-27,26000.00,CE,0.00,0.00,0.00,1407.70,1002.60,0,0.00,0,0,06-JAN-2025
OPTSTK,SHREECEM,30-Jan-2025,2025-01-30,26000.00,PE,551.00,966.70,516.55,826.70,826.70,134,894.989625,2900,-225,06-JAN-2025
OPTSTK,SHREECEM,30-Jan-2025,2025-01-30,24750.00,PE,0.00,0.00,0.00,671.95,176.65,0,0.00,0,0,06-JAN-2025
OPTSTK,SHREECEM,27-Mar-2025,2025-03-27,27500.00,CE,0.00,0.00,0.00,1172.00,673.45,0,0.00,0,0,06-JAN-2025
OPTSTK,SHREECEM,30-Jan-2025,2025-01-30,27500.00,CE,257.35,273.35,155.20,155.20,160.35,26,180.184525,1400,-50,06-JAN-2025
OPTSTK,SHREECEM,27-Feb-2025,2025-02-27,25500.00,PE,0.00,0.00,0.00,1148.90,623.95,0,0.00,0,0,06-JAN-2025
OPTSTK,SHREECEM,30-Jan-2025,2025-01-30,25500.00,CE,1137.20,1179.55,1005.00,1005.00,916.95,9,59.9213875,1600,-25,06-JAN-2025
OPTSTK,SBICARD,27-Feb-2025,2025-02-27,610.00,PE,0.00,0.00,0.00,3.90,0.25,0,0.00,0,0,06-JAN-2025
OPTSTK,SBICARD,27-Mar-2025,2025-03-27,840.00,CE,0.00,0.00,0.00,2.90,4.65,0,0.00,0,0,06-JAN-2025
OPTSTK,SBICARD,30-Jan-2025,2025-01-30,805.00,PE,0.00,0.00,0.00,89.90,71.85,0,0.00,0,0,06-JAN-2025
OPTSTK,SBICARD,30-Jan-2025,2025-01-30,550.00,CE,0.00,0.00,0.00,149.50,183.00,0,0.00,0,0,06-JAN-2025
OPTSTK,SBICARD,30-Jan-2025,2025-01-30,605.00,PE,0.00,0.00,0.00,1.70,0.05,0,0.00,0,0,06-JAN-2025
OPTSTK,SBICARD,27-Feb-2025,2025-02-27,605.00,PE,0.00,0.00,0.00,4.00,0.20,0,0.00,0,0,06-JAN-2025
OPTSTK,SBICARD,30-Jan-2025,2025-01-30,715.00,CE,49.15,54.70,30.30,32.00,32.00,216,1307.3452,128800,-52000,06-JAN-2025
OPTSTK,SBICARD,30-Jan-2025,2025-01-30,855.00,PE,0.00,0.00,0.00,134.65,120.70,0,0.00,0,0,06-JAN-2025
OPTSTK,ABCAPITAL,30-Jan-2025,2025-01-30,155.00,PE,0.60,0.75,0.60,0.65,0.65,60,252.12465,461700,16200,06-JAN-2025
OPTSTK,SBICARD,30-Jan-2025,2025-01-30,845.00,CE,0.00,0.00,0.00,2.85,0.10,0,0.00,0,0,06-JAN-2025
OPTSTK,ABCAPITAL,27-Mar-2025,2025-03-27,190.00,PE,0.00,0.00,0.00,16.05,17.75,0,0.00,0,0,06-JAN-2025
OPTSTK,SBICARD,30-Jan-2025,2025-01-30,760.00,PE,24.25,38.55,20.70,37.05,37.05,579,3653.1376,71200,49600,06-JAN-2025
OPTSTK,SBICARD,27-Feb-2025,2025-02-27,760.00,CE,16.00,28.00,16.00,19.20,15.45,21,131.6116,21600,6400,06-JAN-2025
OPTSTK,SBICARD,27-Feb-2025,2025-02-27,760.00,PE,0.00,0.00,0.00,58.05,37.60,0,0.00,0,0,06-JAN-2025
OPTSTK,SBICARD,30-Jan-2025,2025-01-30,740.00,CE,21.15,36.70,15.85,18.75,18.75,5791,35341.2216,495200,-211200,06-JAN-2025
OPTSTK,SBICARD,30-Jan-2025,2025-01-30,835.00,CE,0.00,0.00,0.00,3.60,0.20,0,0.00,0,0,06-JAN-2025
OPTSTK,ABCAPITAL,30-Jan-2025,2025-01-30,202.50,CE,0.70,0.70,0.35,0.35,0.35,147,805.518,896400,175500,06-JAN-2025
OPTSTK,ABCAPITAL,27-Feb-2025,2025-02-27,202.50,PE,0.00,0.00,0.00,22.15,26.25,0,0.00,0,0,06-JAN-2025
OPTSTK,SBICARD,30-Jan-2025,2025-01-30,775.00,PE,33.65,50.10,28.95,48.50,48.50,104,677.12,17600,17600,06-JAN-2025
OPTSTK,SBICARD,30-Jan-2025,2025-01-30,775.00,CE,21.80,21.80,6.15,7.40,7.40,667,4188.104,92800,10400,06-JAN-2025
OPTSTK,ABCAPITAL,27-Feb-2025,2025-02-27,197.50,PE,0.00,0.00,0.00,18.75,22.10,0,0.00,0,0,06-JAN-2025
OPTSTK,SBICARD,30-Jan-2025,2025-01-30,655.00,PE,2.00,2.30,1.05,2.15,2.15,172,903.7144,30400,-31200,06-JAN-2025
OPTSTK,SBICARD,30-Jan-2025,2025-01-30,655.00,CE,0.00,0.00,0.00,38.50,78.80,0,0.00,13600,0,06-JAN-2025
OPTSTK,ABCAPITAL,30-Jan-2025,2025-01-30,172.50,PE,1.70,4.40,1.70,3.90,3.90,90,428.0364,221400,10800,06-JAN-2025
OPTSTK,SBICARD,30-Jan-2025,2025-01-30,580.00,PE,0.50,0.85,0.40,0.50,0.50,64,297.2812,24000,4800,06-JAN-2025
OPTSTK,SBICARD,27-Feb-2025,2025-02-27,590.00,CE,0.00,0.00,0.00,134.75,146.25,0,0.00,0,0,06-JAN-2025
OPTSTK,SBICARD,30-Jan-2025,2025-01-30,815.00,PE,0.00,0.00,0.00,98.45,81.45,0,0.00,0,0,06-JAN-2025
OPTSTK,SBICARD,27-Feb-2025,2025-02-27,815.00,PE,0.00,0.00,0.00,127.60,80.40,0,0.00,0,0,06-JAN-2025
OPTSTK,SBICARD,30-Jan-2025,2025-01-30,630.00,PE,0.90,1.20,0.75,1.10,1.10,179,903.5184,173600,-4800,06-JAN-2025
OPTSTK,SBICARD,30-Jan-2025,2025-01-30,630.00,CE,0.00,0.00,0.00,70.00,103.40,0,0.00,2400,0,06-JAN-2025
OPTSTK,SBICARD,30-Jan-2025,2025-01-30,815.00,CE,0.00,0.00,0.00,5.60,0.60,0,0.00,0,0,06-JAN-2025
OPTSTK,ABCAPITAL,27-Feb-2025,2025-02-27,157.50,PE,0.00,0.00,0.00,2.30,1.90,0,0.00,0,0,06-JAN-2025
OPTSTK,BAJFINANCE,30-Jan-2025,2025-01-30,7200.00,CE,360.00,479.95,269.25,293.90,293.90,1997,18842.3576,332875,-35250,06-JAN-2025
OPTSTK,MRF,30-Jan-2025,2025-01-30,140000.00,PE,0.00,0.00,0.00,16621.60,16527.15,0,0.00,0,0,06-JAN-2025
OPTSTK,MRF,27-Mar-2025,2025-03-27,140000.00,PE,0.00,0.00,0.00,10287.45,15819.50,0,0.00,0,0,06-JAN-2025
OPTSTK,MRF,27-Mar-2025,2025-03-27,137000.00,CE,0.00,0.00,0.00,5090.85,1143.00,0,0.00,0,0,06-JAN-2025
OPTSTK,BAJFINANCE,30-Jan-2025,2025-01-30,8300.00,PE,0.00,0.00,0.00,1701.55,922.80,0,0.00,0,0,06-JAN-2025
OPTSTK,BAJFINANCE,30-Jan-2025,2025-01-30,8100.00,CE,26.85,48.20,18.70,20.40,20.40,3923,39880.1422,77250,44500,06-JAN-2025
OPTSTK,BAJFINANCE,30-Jan-2025,2025-01-30,6000.00,PE,3.95,4.30,2.55,3.95,3.95,876,6573.82218,97750,1000,06-JAN-2025
OPTSTK,BAJFINANCE,27-Feb-2025,2025-02-27,6000.00,CE,0.00,0.00,0.00,772.25,1410.50,0,0.00,0,0,06-JAN-2025
OPTSTK,BAJFINANCE,27-Mar-2025,2025-03-27,6000.00,CE,0.00,0.00,0.00,1012.95,1450.00,0,0.00,0,0,06-JAN-2025
OPTSTK,BAJFINANCE,30-Jan-2025,2025-01-30,6300.00,CE,0.00,0.00,0.00,970.00,1078.60,0,0.00,2250,0,06-JAN-2025
OPTSTK,MRF,27-Feb-2025,2025-02-27,124000.00,CE,0.00,0.00,0.00,7195.45,3912.50,0,0.00,0,0,06-JAN-2025
OPTSTK,MRF,30-Jan-2025,2025-01-30,124000.00,CE,0.00,0.00,0.00,6609.05,2366.30,0,0.00,0,0,06-JAN-2025
OPTSTK,MRF,27-Mar-2025,2025-03-27,124000.00,CE,0.00,0.00,0.00,12115.40,5157.30,0,0.00,0,0,06-JAN-2025
OPTSTK,MRF,27-Feb-2025,2025-02-27,124000.00,PE,0.00,0.00,0.00,5296.70,3850.10,0,0.00,0,0,06-JAN-2025
OPTSTK,MRF,30-Jan-2025,2025-01-30,124000.00,PE,1977.90,3180.60,1977.90,3146.10,3146.10,50,316.621602,90,20,06-JAN-2025
OPTSTK,MRF,27-Mar-2025,2025-03-27,124000.00,PE,0.00,0.00,0.00,2671.80,4460.65,0,0.00,0,0,06-JAN-2025
OPTSTK,MRF,30-Jan-2025,2025-01-30,137500.00,CE,0.00,0.00,0.00,1408.25,58.15,0,0.00,0,0,06-JAN-2025
OPTSTK,BAJFINANCE,27-Mar-2025,2025-03-27,8800.00,PE,0.00,0.00,0.00,1856.25,1362.50,0,0.00,0,0,06-JAN-2025
OPTSTK,BAJFINANCE,30-Jan-2025,2025-01-30,7500.00,CE,176.05,261.65,122.25,134.95,134.95,26158,251546.542,559750,44875,06-JAN-2025
OPTSTK,MRF,30-Jan-2025,2025-01-30,127500.00,CE,1700.00,1741.35,1276.55,1595.65,1595.65,37,238.742385,150,-5,06-JAN-2025
OPTSTK,MRF,27-Mar-2025,2025-03-27,144000.00,CE,0.00,0.00,0.00,2873.70,412.20,0,0.00,0,0,06-JAN-2025
OPTSTK,MRF,27-Mar-2025,2025-03-27,144000.00,PE,0.00,0.00,0.00,13068.85,19421.80,0,0.00,0,0,06-JAN-2025
OPTSTK,MRF,27-Feb-2025,2025-02-27,144000.00,PE,0.00,0.00,0.00,18991.25,19867.85,0,0.00,0,0,06-JAN-2025
OPTSTK,MRF,27-Mar-2025,2025-03-27,131000.00,CE,0.00,0.00,0.00,7839.40,2442.10,0,0.00,0,0,06-JAN-2025
OPTSTK,MRF,30-Jan-2025,2025-01-30,131000.00,CE,1541.60,1541.60,649.95,740.60,460.75,128,844.481767,670,185,06-JAN-2025
OPTSTK,MRF,30-Jan-2025,2025-01-30,131000.00,PE,0.00,0.00,0.00,3818.55,8004.95,0,0.00,65,0,06-JAN-2025
OPTSTK,MRF,27-Feb-2025,2025-02-27,131000.00,CE,0.00,0.00,0.00,4191.40,1460.60,0,0.00,0,0,06-JAN-2025
OPTSTK,MRF,27-Feb-2025,2025-02-27,131000.00,PE,0.00,0.00,0.00,9166.45,8331.25,0,0.00,0,0,06-JAN-2025
OPTSTK,MRF,30-Jan-2025,2025-01-30,144000.00,CE,0.00,0.00,0.00,1108.15,4.35,0,0.00,0,0,06-JAN-2025
OPTSTK,MRF,30-Jan-2025,2025-01-30,144000.00,PE,0.00,0.00,0.00,19993.65,20491.00,0,0.00,0,0,06-JAN-2025
OPTSTK,MRF,27-Feb-2025,2025-02-27,144000.00,CE,0.00,0.00,0.00,1250.70,121.65,0,0.00,0,0,06-JAN-2025
OPTSTK,MRF,27-Mar-2025,2025-03-27,131000.00,PE,0.00,0.00,0.00,5269.35,8642.65,0,0.00,0,0,06-JAN-2025
OPTIDX,NIFTYNXT50,27-Feb-2025,2025-02-27,72600.00,CE,0.00,0.00,0.00,2922.30,425.65,0,0.00,0,0,06-JAN-2025
OPTIDX,NIFTYNXT50,27-Feb-2025,2025-02-27,75400.00,PE,0.00,0.00,0.00,5212.90,7825.60,0,0.00,0,0,06-JAN-2025
OPTIDX,NIFTYNXT50,27-Feb-2025,2025-02-27,75400.00,CE,0.00,0.00,0.00,1868.15,144.00,0,0.00,0,0,06-JAN-2025
OPTIDX,NIFTYNXT50,27-Mar-2025,2025-03-27,68800.00,CE,0.00,0.00,0.00,3529.20,2014.95,0,0.00,0,0,06-JAN-2025
OPTIDX,NIFTYNXT50,27-Feb-2025,2025-02-27,73100.00,PE,0.00,0.00,0.00,3793.30,5758.70,0,0.00,0,0,06-JAN-2025
OPTIDX,NIFTYNXT50,30-Jan-2025,2025-01-30,73100.00,PE,0.00,0.00,0.00,4409.10,5841.90,0,0.00,0,0,06-JAN-2025
OPTIDX,NIFTYNXT50,30-Jan-2025,2025-01-30,68800.00,PE,1380.00,1380.00,1380.00,1380.00,2199.15,4,28.072,20,0,06-JAN-2025
OPTIDX,NIFTYNXT50,27-Feb-2025,2025-02-27,68800.00,PE,0.00,0.00,0.00,1500.00,2558.55,0,0.00,0,0,06-JAN-2025
OPTIDX,NIFTYNXT50,30-Jan-2025,2025-01-30,73100.00,CE,0.00,0.00,0.00,2411.95,62.40,0,0.00,0,0,06-JAN-2025
OPTIDX,NIFTYNXT50,27-Feb-2025,2025-02-27,70800.00,PE,0.00,0.00,0.00,2618.25,3907.00,0,0.00,0,0,06-JAN-2025
OPTIDX,NIFTYNXT50,30-Jan-2025,2025-01-30,70800.00,CE,0.00,0.00,0.00,3393.85,257.10,0,0.00,0,0,06-JAN-2025
OPTIDX,NIFTYNXT50,27-Mar-2025,2025-03-27,65400.00,CE,0.00,0.00,0.00,5588.65,3829.20,0,0.00,0,0,06-JAN-2025
OPTIDX,NIFTYNXT50,27-Feb-2025,2025-02-27,65400.00,PE,0.00,0.00,0.00,845.25,977.75,0,0.00,0,0,06-JAN-2025
OPTIDX,NIFTYNXT50,30-Jan-2025,2025-01-30,66800.00,PE,0.00,0.00,0.00,1507.65,1065.65,0,0.00,0,0,06-JAN-2025
OPTIDX,NIFTYNXT50,27-Feb-2025,2025-02-27,67600.00,CE,0.00,0.00,0.00,5724.55,1937.50,0,0.00,0,0,06-JAN-2025
OPTIDX,NIFTYNXT50,27-Mar-2025,2025-03-27,67600.00,CE,0.00,0.00,0.00,4189.75,2569.40,0,0.00,0,0,06-JAN-2025
OPTIDX,NIFTYNXT50,30-Jan-2025,2025-01-30,73000.00,PE,0.00,0.00,0.00,4348.75,5746.70,0,0.00,0,0,06-JAN-2025
OPTIDX,NIFTYNXT50,27-Feb-2025,2025-02-27,73000.00,CE,0.00,0.00,0.00,2749.95,368.35,0,0.00,0,0,06-JAN-2025
OPTIDX,NIFTYNXT50,27-Mar-2025,2025-03-27,73000.00,CE,0.00,0.00,0.00,1782.95,743.70,0,0.00,0,0,06-JAN-2025
OPTIDX,NIFTYNXT50,30-Jan-2025,2025-01-30,73000.00,CE,256.90,256.90,180.65,182.90,182.90,8,58.563905,90,10,06-JAN-2025
OPTIDX,NIFTYNXT50,27-Mar-2025,2025-03-27,73000.00,PE,0.00,0.00,0.00,4934.40,5674.85,0,0.00,0,0,06-JAN-2025
OPTIDX,NIFTYNXT50,27-Feb-2025,2025-02-27,73000.00,PE,0.00,0.00,0.00,3736.95,5672.95,0,0.00,0,0,06-JAN-2025
OPTIDX,NIFTYNXT50,30-Jan-2025,2025-01-30,76000.00,PE,0.00,0.00,0.00,6339.30,8673.65,0,0.00,0,0,06-JAN-2025
OPTIDX,NIFTYNXT50,27-Feb-2025,2025-02-27,76000.00,CE,0.00,0.00,0.00,1686.15,111.70,0,0.00,0,0,06-JAN-2025
OPTIDX,NIFTYNXT50,30-Jan-2025,2025-01-30,76700.00,PE,0.00,0.00,0.00,6856.70,9367.40,0,0.00,0,0,06-JAN-2025
OPTIDX,NIFTYNXT50,30-Jan-2025,2025-01-30,65100.00,PE,0.00,0.00,0.00,1038.00,473.80,0,0.00,0,0,06-JAN-2025
OPTIDX,NIFTYNXT50,30-Jan-2025,2025-01-30,65100.00,CE,0.00,0.00,0.00,6889.10,2658.90,0,0.00,0,0,06-JAN-2025
OPTIDX,NIFTYNXT50,30-Jan-2025,2025-01-30,64900.00,CE,0.00,0.00,0.00,7037.85,2809.05,0,0.00,0,0,06-JAN-2025
OPTIDX,NIFTYNXT50,27-Mar-2025,2025-03-27,73200.00,PE,0.00,0.00,0.00,5068.30,5833.40,0,0.00,0,0,06-JAN-2025
OPTIDX,NIFTYNXT50,27-Feb-2025,2025-02-27,72500.00,PE,0.00,0.00,0.00,3462.35,5250.40,0,0.00,0,0,06-JAN-2025
OPTIDX,NIFTYNXT50,30-Jan-2025,2025-01-30,67500.00,PE,0.00,0.00,0.00,1738.50,1408.60,0,0.00,0,0,06-JAN-2025
OPTIDX,NIFTYNXT50,27-Feb-2025,2025-02-27,67500.00,PE,0.00,0.00,0.00,1376.60,1843.55,0,0.00,0,0,06-JAN-2025
OPTSTK,TATACHEM,27-Mar-2025,2025-03-27,1200.00,PE,0.00,0.00,0.00,162.30,202.15,0,0.00,0,0,06-JAN-2025
OPTSTK,TATACHEM,27-Feb-2025,2025-02-27,1200.00,CE,8.45,8.75,5.55,6.35,4.60,55,365.15765,92950,15950,06-JAN-2025
OPTSTK,TATACHEM,27-Mar-2025,2025-03-27,1200.00,CE,0.00,0.00,0.00,41.65,11.00,0,0.00,0,0,06-JAN-2025
OPTSTK,KPITTECH,27-Feb-2025,2025-02-27,1280.00,CE,0.00,0.00,0.00,217.35,203.25,0,0.00,0,0,06-JAN-2025
OPTSTK,KPITTECH,27-Mar-2025,2025-03-27,1200.00,PE,0.00,0.00,0.00,31.90,15.65,0,0.00,0,0,06-JAN-2025
OPTSTK,BOSCHLTD,27-Feb-2025,2025-02-27,37000.00,PE,0.00,0.00,0.00,3030.55,3447.65,0,0.00,0,0,06-JAN-2025
OPTSTK,BOSCHLTD,30-Jan-2025,2025-01-30,37000.00,PE,0.00,0.00,0.00,2751.05,3425.90,0,0.00,0,0,06-JAN-2025
OPTSTK,BOSCHLTD,30-Jan-2025,2025-01-30,37000.00,CE,175.00,175.00,94.85,103.25,103.25,112,1038.97496,4400,475,06-JAN-2025
OPTSTK,KPITTECH,27-Mar-2025,2025-03-27,1200.00,CE,0.00,0.00,0.00,305.75,284.95,0,0.00,0,0,06-JAN-2025
OPTSTK,BOSCHLTD,27-Feb-2025,2025-02-27,39000.00,PE,0.00,0.00,0.00,4434.70,5240.85,0,0.00,0,0,06-JAN-2025
OPTSTK,BOSCHLTD,30-Jan-2025,2025-01-30,39000.00,PE,0.00,0.00,0.00,4099.00,5365.85,0,0.00,0,0,06-JAN-2025
OPTSTK,KPITTECH,30-Jan-2025,2025-01-30,1360.00,CE,108.15,108.15,107.80,107.80,117.85,2,11.7438,1600,800,06-JAN-2025
OPTSTK,KPITTECH,27-Mar-2025,2025-03-27,1360.00,PE,0.00,0.00,0.00,80.85,55.35,0,0.00,0,0,06-JAN-2025
OPTSTK,KPITTECH,30-Jan-2025,2025-01-30,1300.00,PE,10.95,16.80,8.70,15.55,15.55,323,1695.3994,71600,-36400,06-JAN-2025
OPTSTK,IOC,30-Jan-2025,2025-01-30,152.50,PE,16.65,20.20,16.65,20.15,19.15,12,100.344562,107250,-24375,06-JAN-2025
OPTSTK,KPITTECH,30-Jan-2025,2025-01-30,1520.00,PE,93.05,94.30,93.00,94.25,95.00,4,25.8184,5600,0,06-JAN-2025
OPTSTK,KPITTECH,30-Jan-2025,2025-01-30,1720.00,PE,0.00,0.00,0.00,315.70,264.00,0,0.00,0,0,06-JAN-2025
OPTSTK,IOC,27-Feb-2025,2025-02-27,140.00,CE,5.05,5.05,3.25,3.60,3.60,73,511.753125,560625,102375,06-JAN-2025
OPTSTK,KPITTECH,27-Feb-2025,2025-02-27,1520.00,CE,0.00,0.00,0.00,99.80,62.55,0,0.00,0,0,06-JAN-2025
OPTSTK,KPITTECH,27-Feb-2025,2025-02-27,1240.00,CE,0.00,0.00,0.00,243.70,236.10,0,0.00,0,0,06-JAN-2025
OPTSTK,BOSCHLTD,30-Jan-2025,2025-01-30,35000.00,PE,1576.45,1576.45,1576.45,1576.45,1706.20,1,9.1441125,3075,0,06-JAN-2025
OPTSTK,IOC,27-Feb-2025,2025-02-27,160.00,CE,0.70,0.70,0.45,0.55,0.55,107,837.383625,385125,107250,06-JAN-2025
OPTSTK,IOC,27-Mar-2025,2025-03-27,110.00,CE,0.00,0.00,0.00,30.90,25.20,0,0.00,0,0,06-JAN-2025
OPTSTK,IOC,27-Mar-2025,2025-03-27,145.00,CE,0.00,0.00,0.00,8.45,4.10,0,0.00,0,0,06-JAN-2025
OPTSTK,BOSCHLTD,30-Jan-2025,2025-01-30,29000.00,PE,0.00,0.00,0.00,159.85,5.55,0,0.00,0,0,06-JAN-2025
OPTSTK,BOSCHLTD,30-Jan-2025,2025-01-30,29000.00,CE,0.00,0.00,0.00,6803.05,4601.55,0,0.00,0,0,06-JAN-2025
OPTSTK,BOSCHLTD,30-Jan-2025,2025-01-30,39000.00,CE,40.20,41.95,16.25,20.05,6.15,25,243.962225,14375,200,06-JAN-2025
FUTSTK,IOC,27-Feb-2025,2025-02-27,,,139.75,139.75,133.00,134.11,134.11,393,2592.50745,5932875,565500,06-JAN-2025
FUTSTK,KPITTECH,27-Feb-2025,2025-02-27,,,1460.40,1478.00,1448.30,1454.80,1454.80,88,513.2452,76400,-4800,06-JAN-2025
FUTSTK,KPITTECH,30-Jan-2025,2025-01-30,,,1460.70,1471.60,1438.00,1446.85,1446.85,1730,10064.1144,1520400,-94000,06-JAN-2025
OPTSTK,IOC,30-Jan-2025,2025-01-30,122.50,CE,13.60,13.65,10.90,12.25,12.25,24,157.372312,78000,53625,06-JAN-2025
OPTSTK,IOC,27-Feb-2025,2025-02-27,122.50,CE,0.00,0.00,0.00,19.20,13.55,0,0.00,0,0,06-JAN-2025
OPTSTK,IOC,30-Jan-2025,2025-01-30,122.50,PE,0.35,1.05,0.35,0.85,0.85,586,3519.65006,862875,-19500,06-JAN-2025
OPTSTK,IOC,27-Feb-2025,2025-02-27,122.50,PE,0.00,0.00,0.00,2.30,1.95,0,0.00,0,0,06-JAN-2025
OPTSTK,IOC,30-Jan-2025,2025-01-30,157.50,CE,0.20,0.20,0.10,0.15,0.10,174,1337.27587,892125,-151125,06-JAN-2025
OPTSTK,JSWENERGY,27-Mar-2025,2025-03-27,520.00,PE,0.00,0.00,0.00,16.30,13.70,0,0.00,0,0,06-JAN-2025
OPTSTK,JSWENERGY,27-Feb-2025,2025-02-27,530.00,PE,0.00,0.00,0.00,12.40,10.40,0,0.00,0,0,06-JAN-2025
OPTSTK,CUMMINSIND,30-Jan-2025,2025-01-30,2700.00,PE,5.80,6.75,2.25,6.30,6.30,1981,8040.9795,134250,64050,06-JAN-2025
OPTSTK,CUMMINSIND,27-Feb-2025,2025-02-27,2700.00,CE,0.00,0.00,0.00,854.65,516.30,0,0.00,0,0,06-JAN-2025
OPTSTK,JSWENERGY,27-Feb-2025,2025-02-27,710.00,PE,0.00,0.00,0.00,95.50,111.25,0,0.00,0,0,06-JAN-2025
OPTIDX,BANKNIFTY,30-Jan-2025,2025-01-30,49000.00,PE,200.00,562.50,197.00,489.65,489.65,428269,3173444.63,1197735,77670,06-JAN-2025
OPTIDX,BANKNIFTY,27-Mar-2025,2025-03-27,51300.00,CE,0.00,0.00,0.00,2510.90,1293.90,0,0.00,0,0,06-JAN-2025
OPTIDX,BANKNIFTY,30-Jan-2025,2025-01-30,51300.00,CE,849.95,859.90,432.55,465.50,465.50,86558,673889.224,406770,10335,06-JAN-2025
OPTIDX,BANKNIFTY,27-Mar-2025,2025-03-27,51300.00,PE,1313.45,1313.45,1313.40,1313.40,1918.50,3,47.352075,90,90,06-JAN-2025
OPTIDX,BANKNIFTY,27-Feb-2025,2025-02-27,51300.00,PE,1132.50,1777.70,1132.50,1687.35,1687.35,267,4225.58518,4980,-1590,06-JAN-2025
OPTSTK,PRESTIGE,27-Feb-2025,2025-02-27,1850.00,CE,0.00,0.00,0.00,124.35,33.30,0,0.00,0,0,06-JAN-2025
OPTSTK,PRESTIGE,30-Jan-2025,2025-01-30,1850.00,PE,0.00,0.00,0.00,202.90,256.70,0,0.00,650,0,06-JAN-2025
OPTSTK,PRESTIGE,30-Jan-2025,2025-01-30,1850.00,CE,14.70,14.70,5.90,7.20,7.20,95,574.2737,39325,8125,06-JAN-2025
OPTSTK,PRESTIGE,27-Feb-2025,2025-02-27,1850.00,PE,0.00,0.00,0.00,199.35,270.65,0,0.00,0,0,06-JAN-2025
OPTIDX,BANKNIFTY,30-Jan-2025,2025-01-30,56100.00,PE,0.00,0.00,0.00,4219.65,5933.05,0,0.00,0,0,06-JAN-2025
OPTIDX,BANKNIFTY,27-Mar-2025,2025-03-27,50800.00,CE,0.00,0.00,0.00,2788.45,1513.80,0,0.00,0,0,06-JAN-2025
OPTSTK,JSWENERGY,27-Feb-2025,2025-02-27,590.00,CE,0.00,0.00,0.00,83.75,47.90,0,0.00,0,0,06-JAN-2025
OPTSTK,PRESTIGE,27-Mar-2025,2025-03-27,1400.00,PE,0.00,0.00,0.00,41.45,44.75,0,0.00,0,0,06-JAN-2025
OPTIDX,BANKNIFTY,27-Feb-2025,2025-02-27,56300.00,PE,0.00,0.00,0.00,4017.95,5896.05,0,0.00,0,0,06-JAN-2025
OPTSTK,CUMMINSIND,30-Jan-2025,2025-01-30,2700.00,CE,0.00,0.00,0.00,871.10,490.50,0,0.00,0,0,06-JAN-2025
OPTSTK,JSWENERGY,30-Jan-2025,2025-01-30,650.00,CE,13.05,13.50,7.75,8.65,8.65,2094,10377.3438,548250,31500,06-JAN-2025
OPTSTK,JSWENERGY,27-Feb-2025,2025-02-27,650.00,PE,0.00,0.00,0.00,57.75,65.10,0,0.00,0,0,06-JAN-2025
OPTSTK,JSWENERGY,30-Jan-2025,2025-01-30,650.00,PE,42.00,57.50,36.00,55.10,55.10,471,2448.67387,209250,-138750,06-JAN-2025
OPTSTK,CUMMINSIND,30-Jan-2025,2025-01-30,3500.00,CE,21.80,25.45,15.25,16.65,16.65,1115,5885.223,254250,53550,06-JAN-2025
OPTSTK,CUMMINSIND,27-Mar-2025,2025-03-27,3500.00,CE,0.00,0.00,0.00,235.60,97.15,0,0.00,0,0,06-JAN-2025
OPTSTK,CUMMINSIND,30-Jan-2025,2025-01-30,3650.00,CE,8.75,9.35,6.35,6.50,7.05,60,329.1507,25950,-750,06-JAN-2025
OPTIDX,BANKNIFTY,30-Jan-2025,2025-01-30,52000.00,PE,1210.00,2272.25,1210.00,2116.35,2116.35,43904,354655.191,771330,-2580,06-JAN-2025
OPTIDX,BANKNIFTY,30-Jan-2025,2025-01-30,52000.00,CE,526.45,557.85,266.35,282.20,282.20,389307,3057246.79,2159970,457395,06-JAN-2025
OPTIDX,BANKNIFTY,27-Feb-2025,2025-02-27,52000.00,CE,1004.35,1031.25,636.70,669.30,669.30,7655,121157.358,177720,-10980,06-JAN-2025
OPTIDX,BANKNIFTY,27-Mar-2025,2025-03-27,52000.00,CE,1380.00,1409.20,965.80,1000.45,1000.45,767,12212.0184,17640,9720,06-JAN-2025
OPTIDX,BANKNIFTY,27-Feb-2025,2025-02-27,52000.00,PE,1451.00,2226.15,1426.15,2104.20,2104.20,3095,50022.7518,122430,-30,06-JAN-2025
OPTSTK,PNB,30-Jan-2025,2025-01-30,97.00,PE,0.85,1.80,0.75,1.65,1.65,864,6802.732,2352000,544000,06-JAN-2025
OPTSTK,PNB,27-Feb-2025,2025-02-27,97.00,CE,0.00,0.00,0.00,10.90,8.75,0,0.00,0,0,06-JAN-2025
OPTSTK,PNB,30-Jan-2025,2025-01-30,116.00,PE,0.00,0.00,0.00,19.65,14.15,0,0.00,0,0,06-JAN-2025
OPTSTK,PNB,27-Mar-2025,2025-03-27,116.00,PE,0.00,0.00,0.00,16.50,15.30,0,0.00,0,0,06-JAN-2025
OPTSTK,PNB,30-Jan-2025,2025-01-30,80.00,PE,0.10,0.20,0.10,0.15,0.15,10,64.116,384000,48000,06-JAN-2025
OPTSTK,PNB,30-Jan-2025,2025-01-30,84.00,PE,0.10,0.20,0.10,0.20,0.20,22,148.168,304000,16000,06-JAN-2025
OPTSTK,PNB,27-Feb-2025,2025-02-27,101.00,CE,0.00,0.00,0.00,8.65,6.50,0,0.00,0,0,06-JAN-2025
OPTSTK,PNB,27-Feb-2025,2025-02-27,128.00,CE,5.00,5.00,0.65,2.85,2.85,2,20.932,112000,0,06-JAN-2025
OPTSTK,PNB,27-Feb-2025,2025-02-27,98.00,CE,0.00,0.00,0.00,15.05,8.15,0,0.00,0,0,06-JAN-2025
OPTSTK,PNB,27-Mar-2025,2025-03-27,94.00,CE,0.00,0.00,0.00,14.35,12.20,0,0.00,0,0,06-JAN-2025
OPTSTK,PNB,27-Feb-2025,2025-02-27,94.00,CE,0.00,0.00,0.00,17.65,10.80,0,0.00,0,0,06-JAN-2025
OPTSTK,PNB,30-Jan-2025,2025-01-30,126.00,CE,0.20,0.20,0.05,0.15,0.15,49,494.34,408000,56000,06-JAN-2025
OPTSTK,PNB,30-Jan-2025,2025-01-30,100.00,CE,7.50,7.50,4.45,4.75,4.75,1269,10663.524,3944000,-88000,06-JAN-2025
OPTSTK,AUBANK,30-Jan-2025,2025-01-30,470.00,PE,0.80,1.00,0.75,1.00,0.10,9,42.3745,20000,3000,06-JAN-2025
OPTSTK,AUBANK,27-Feb-2025,2025-02-27,590.00,PE,0.00,0.00,0.00,53.40,39.80,0,0.00,0,0,06-JAN-2025
OPTSTK,AUBANK,30-Jan-2025,2025-01-30,475.00,CE,0.00,0.00,0.00,78.90,87.10,0,0.00,0,0,06-JAN-2025
OPTSTK,AUBANK,27-Mar-2025,2025-03-27,620.00,CE,0.00,0.00,0.00,17.80,13.15,0,0.00,0,0,06-JAN-2025
OPTSTK,AUBANK,30-Jan-2025,2025-01-30,490.00,CE,0.00,0.00,0.00,105.95,72.55,0,0.00,0,0,06-JAN-2025
OPTSTK,ATUL,30-Jan-2025,2025-01-30,7600.00,PE,0.00,0.00,0.00,312.90,774.00,0,0.00,0,0,06-JAN-2025
OPTSTK,AUBANK,30-Jan-2025,2025-01-30,590.00,PE,26.00,41.80,22.70,40.15,40.15,156,969.9925,72000,11000,06-JAN-2025
OPTSTK,AUBANK,30-Jan-2025,2025-01-30,555.00,PE,8.90,19.10,8.90,17.65,17.65,545,3107.043,172000,13000,06-JAN-2025
OPTSTK,ATUL,30-Jan-2025,2025-01-30,7500.00,PE,0.00,0.00,0.00,555.00,681.25,0,0.00,300,0,06-JAN-2025
OPTSTK,AUBANK,27-Feb-2025,2025-02-27,555.00,PE,0.00,0.00,0.00,32.35,20.15,0,0.00,0,0,06-JAN-2025
OPTSTK,AUBANK,27-Mar-2025,2025-03-27,500.00,PE,0.00,0.00,0.00,15.20,7.15,0,0.00,0,0,06-JAN-2025
FUTSTK,ATUL,27-Feb-2025,2025-02-27,,,6947.40,7035.35,6870.95,6877.55,6877.55,45,311.5329,15200,0,06-JAN-2025
OPTSTK,ATUL,30-Jan-2025,2025-01-30,7700.00,CE,33.80,33.80,20.20,21.80,8.05,28,216.27635,5900,400,06-JAN-2025
OPTSTK,ATUL,30-Jan-2025,2025-01-30,7700.00,PE,0.00,0.00,0.00,608.90,868.95,0,0.00,0,0,06-JAN-2025
OPTSTK,AUBANK,30-Jan-2025,2025-01-30,515.00,PE,4.90,5.70,4.65,5.15,5.15,34,176.856,45000,-2000,06-JAN-2025
OPTSTK,AUBANK,30-Jan-2025,2025-01-30,515.00,CE,0.00,0.00,0.00,51.65,49.60,0,0.00,5000,0,06-JAN-2025
OPTSTK,AUBANK,27-Mar-2025,2025-03-27,640.00,PE,0.00,0.00,0.00,93.55,79.85,0,0.00,0,0,06-JAN-2025
OPTSTK,ATUL,27-Feb-2025,2025-02-27,6800.00,PE,0.00,0.00,0.00,219.20,237.60,0,0.00,0,0,06-JAN-2025
OPTSTK,ATUL,27-Feb-2025,2025-02-27,6800.00,CE,0.00,0.00,0.00,766.30,307.70,0,0.00,0,0,06-JAN-2025
OPTSTK,ATUL,30-Jan-2025,2025-01-30,6800.00,PE,180.00,231.35,180.00,228.00,228.00,56,391.9288,2200,-500,06-JAN-2025
OPTSTK,ATUL,30-Jan-2025,2025-01-30,6200.00,CE,0.00,0.00,0.00,1777.95,647.65,0,0.00,0,0,06-JAN-2025
OPTSTK,ATUL,27-Feb-2025,2025-02-27,6300.00,PE,0.00,0.00,0.00,74.45,70.25,0,0.00,0,0,06-JAN-2025
FUTSTK,AUBANK,27-Mar-2025,2025-03-27,,,578.00,578.00,549.10,551.90,551.90,230,1277.0425,255000,113000,06-JAN-2025
OPTSTK,AUBANK,30-Jan-2025,2025-01-30,495.00,CE,0.00,0.00,0.00,61.70,67.80,0,0.00,0,0,06-JAN-2025
OPTSTK,AUBANK,27-Feb-2025,2025-02-27,495.00,CE,0.00,0.00,0.00,69.20,73.00,0,0.00,0,0,06-JAN-2025
OPTSTK,AUBANK,27-Feb-2025,2025-02-27,585.00,PE,0.00,0.00,0.00,50.05,36.55,0,0.00,0,0,06-JAN-2025
OPTSTK,AUBANK,30-Jan-2025,2025-01-30,550.00,PE,7.55,16.70,6.80,15.40,15.40,1258,7081.543,793000,57000,06-JAN-2025
OPTSTK,AUBANK,30-Jan-2025,2025-01-30,605.00,PE,36.85,41.10,36.65,41.10,46.50,7,45.0235,18000,2000,06-JAN-2025
OPTSTK,AUBANK,27-Feb-2025,2025-02-27,605.00,PE,0.00,0.00,0.00,64.00,50.30,0,0.00,0,0,06-JAN-2025
OPTSTK,ATUL,27-Feb-2025,2025-02-27,7700.00,CE,0.00,0.00,0.00,186.80,46.35,0,0.00,0,0,06-JAN-2025
OPTSTK,ATUL,27-Feb-2025,2025-02-27,7700.00,PE,0.00,0.00,0.00,692.95,867.65,0,0.00,0,0,06-JAN-2025
OPTSTK,AUBANK,27-Feb-2025,2025-02-27,515.00,PE,0.00,0.00,0.00,15.35,6.90,0,0.00,0,0,06-JAN-2025
OPTSTK,AUBANK,27-Mar-2025,2025-03-27,570.00,PE,0.00,0.00,0.00,45.40,32.10,0,0.00,0,0,06-JAN-2025
OPTSTK,BERGEPAINT,30-Jan-2025,2025-01-30,390.00,PE,0.75,0.75,0.75,0.75,0.10,1,5.1579,1320,1320,06-JAN-2025
OPTSTK,BERGEPAINT,30-Jan-2025,2025-01-30,475.00,CE,4.30,4.30,2.50,3.30,3.30,113,713.32932,105600,21120,06-JAN-2025
OPTSTK,BERGEPAINT,27-Feb-2025,2025-02-27,475.00,CE,10.00,10.00,9.35,9.35,7.30,12,76.74348,7920,-10560,06-JAN-2025
OPTSTK,POONAWALLA,27-Feb-2025,2025-02-27,270.00,CE,0.00,0.00,0.00,110.80,49.45,0,0.00,0,0,06-JAN-2025
OPTSTK,BERGEPAINT,27-Feb-2025,2025-02-27,440.00,PE,0.00,0.00,0.00,7.55,10.45,0,0.00,0,0,06-JAN-2025
OPTSTK,POONAWALLA,27-Feb-2025,2025-02-27,360.00,CE,0.00,0.00,0.00,46.80,5.80,0,0.00,0,0,06-JAN-2025
OPTSTK,BERGEPAINT,30-Jan-2025,2025-01-30,520.00,CE,0.35,0.45,0.30,0.40,0.10,33,226.67172,159720,-22440,06-JAN-2025
OPTSTK,POONAWALLA,30-Jan-2025,2025-01-30,345.00,PE,0.00,0.00,0.00,25.65,33.80,0,0.00,4350,0,06-JAN-2025
OPTSTK,POONAWALLA,30-Jan-2025,2025-01-30,335.00,PE,18.20,19.35,18.20,19.35,26.00,3,15.380875,29000,2900,06-JAN-2025
OPTSTK,BERGEPAINT,27-Mar-2025,2025-03-27,500.00,CE,0.00,0.00,0.00,9.05,5.45,0,0.00,0,0,06-JAN-2025
OPTSTK,BERGEPAINT,30-Jan-2025,2025-01-30,500.00,PE,0.00,0.00,0.00,42.10,50.65,0,0.00,77880,0,06-JAN-2025
OPTSTK,BERGEPAINT,30-Jan-2025,2025-01-30,540.00,PE,0.00,0.00,0.00,96.00,90.00,0,0.00,10560,0,06-JAN-2025
OPTSTK,BERGEPAINT,30-Jan-2025,2025-01-30,540.00,CE,0.25,0.25,0.25,0.25,0.05,1,7.1313,10560,0,06-JAN-2025
OPTSTK,BERGEPAINT,30-Jan-2025,2025-01-30,440.00,CE,20.55,20.95,13.80,17.00,17.00,84,506.286,114840,1320,06-JAN-2025
OPTSTK,BERGEPAINT,30-Jan-2025,2025-01-30,470.00,PE,22.20,27.85,22.20,27.85,24.00,13,84.90438,76560,-1320,06-JAN-2025
OPTSTK,BERGEPAINT,27-Mar-2025,2025-03-27,490.00,CE,0.00,0.00,0.00,11.30,7.45,0,0.00,0,0,06-JAN-2025
OPTSTK,BERGEPAINT,30-Jan-2025,2025-01-30,530.00,CE,0.00,0.00,0.00,0.45,0.05,0,0.00,10560,0,06-JAN-2025
OPTSTK,BERGEPAINT,30-Jan-2025,2025-01-30,550.00,PE,0.00,0.00,0.00,90.00,99.95,0,0.00,40920,0,06-JAN-2025
OPTSTK,POONAWALLA,27-Feb-2025,2025-02-27,280.00,CE,0.00,0.00,0.00,102.20,41.55,0,0.00,0,0,06-JAN-2025
OPTSTK,POONAWALLA,27-Mar-2025,2025-03-27,280.00,PE,0.00,0.00,0.00,12.05,8.55,0,0.00,0,0,06-JAN-2025
OPTSTK,POONAWALLA,30-Jan-2025,2025-01-30,280.00,CE,0.00,0.00,0.00,40.10,36.60,0,0.00,2900,0,06-JAN-2025
OPTSTK,POONAWALLA,27-Feb-2025,2025-02-27,280.00,PE,0.00,0.00,0.00,4.45,5.60,0,0.00,0,0,06-JAN-2025
OPTSTK,BERGEPAINT,27-Mar-2025,2025-03-27,480.00,PE,0.00,0.00,0.00,44.30,35.35,0,0.00,0,0,06-JAN-2025
OPTSTK,BERGEPAINT,30-Jan-2025,2025-01-30,485.00,CE,2.30,2.40,1.45,2.00,2.00,76,488.35116,116160,26400,06-JAN-2025
OPTSTK,BERGEPAINT,30-Jan-2025,2025-01-30,505.00,CE,0.95,0.95,0.75,0.75,0.30,5,33.39006,9240,-2640,06-JAN-2025
FUTSTK,POONAWALLA,27-Feb-2025,2025-02-27,,,316.10,321.85,306.00,306.95,306.95,497,2247.11792,1309350,159500,06-JAN-2025
OPTSTK,POONAWALLA,27-Mar-2025,2025-03-27,260.00,CE,0.00,0.00,0.00,72.05,61.20,0,0.00,0,0,06-JAN-2025
OPTSTK,BERGEPAINT,30-Jan-2025,2025-01-30,420.00,PE,2.05,3.70,2.05,3.30,3.30,150,837.32022,155760,-1320,06-JAN-2025
OPTSTK,POONAWALLA,27-Mar-2025,2025-03-27,380.00,PE,0.00,0.00,0.00,66.80,67.35,0,0.00,0,0,06-JAN-2025
OPTSTK,BERGEPAINT,27-Feb-2025,2025-02-27,465.00,CE,0.00,0.00,0.00,13.80,10.40,0,0.00,0,0,06-JAN-2025
OPTSTK,BERGEPAINT,27-Feb-2025,2025-02-27,495.00,PE,0.00,0.00,0.00,53.95,45.95,0,0.00,0,0,06-JAN-2025
OPTSTK,RELIANCE,30-Jan-2025,2025-01-30,1170.00,CE,98.00,98.00,61.65,63.55,63.55,85,526.39,48000,-1000,06-JAN-2025
OPTSTK,RELIANCE,27-Feb-2025,2025-02-27,1170.00,PE,0.00,0.00,0.00,26.40,17.15,0,0.00,0,0,06-JAN-2025
OPTSTK,RELIANCE,27-Feb-2025,2025-02-27,1170.00,CE,0.00,0.00,0.00,87.65,76.35,0,0.00,0,0,06-JAN-2025
OPTSTK,RELIANCE,30-Jan-2025,2025-01-30,1000.00,CE,239.75,239.75,225.00,225.00,225.00,5,30.86625,4500,0,06-JAN-2025
OPTSTK,RELIANCE,27-Mar-2025,2025-03-27,1000.00,PE,0.00,0.00,0.00,3.00,0.90,0,0.00,0,0,06-JAN-2025
OPTSTK,RELIANCE,30-Jan-2025,2025-01-30,1130.00,PE,1.75,4.15,1.25,3.90,3.90,1973,11173.4962,627000,69000,06-JAN-2025
OPTSTK,RELIANCE,30-Jan-2025,2025-01-30,1420.00,PE,0.00,0.00,0.00,163.00,195.80,0,0.00,31500,0,06-JAN-2025
OPTSTK,RELIANCE,30-Jan-2025,2025-01-30,1420.00,CE,0.75,0.95,0.60,0.65,0.65,383,2720.8665,397500,-21000,06-JAN-2025
OPTSTK,RELIANCE,30-Jan-2025,2025-01-30,1080.00,CE,0.00,0.00,0.00,274.00,143.15,0,0.00,0,0,06-JAN-2025
FUTSTK,RELIANCE,27-Mar-2025,2025-03-27,,,1273.50,1282.95,1237.50,1240.10,1240.10,965,6055.78075,726500,217500,06-JAN-2025
OPTSTK,RELIANCE,30-Jan-2025,2025-01-30,1500.00,CE,0.35,0.35,0.25,0.30,0.30,1229,9219.30825,3030500,6000,06-JAN-2025
OPTSTK,RELIANCE,27-Mar-2025,2025-03-27,1360.00,PE,0.00,0.00,0.00,142.10,135.15,0,0.00,0,0,06-JAN-2025
OPTSTK,RELIANCE,27-Mar-2025,2025-03-27,1300.00,CE,37.55,41.55,27.50,27.80,27.80,183,1219.959,75500,9500,06-JAN-2025
FUTSTK,RELIANCE,27-Feb-2025,2025-02-27,,,1263.05,1274.95,1229.75,1232.05,1232.05,4792,29872.6827,8326500,483500,06-JAN-2025
OPTSTK,RELIANCE,27-Mar-2025,2025-03-27,1100.00,PE,0.00,0.00,0.00,14.70,8.00,0,0.00,0,0,06-JAN-2025
OPTSTK,RELIANCE,27-Feb-2025,2025-02-27,1230.00,CE,63.30,64.20,40.50,41.00,41.00,39,249.35225,15000,9500,06-JAN-2025
OPTSTK,RELIANCE,30-Jan-2025,2025-01-30,1230.00,PE,14.60,29.80,11.00,27.90,27.90,10148,63507.3282,1784500,-99500,06-JAN-2025
OPTSTK,RELIANCE,27-Feb-2025,2025-02-27,1380.00,PE,0.00,0.00,0.00,119.10,153.10,0,0.00,0,0,06-JAN-2025
OPTSTK,RELIANCE,30-Jan-2025,2025-01-30,1210.00,PE,8.90,20.60,6.85,19.30,19.30,6413,39263.46,1165000,-96000,06-JAN-2025
OPTSTK,RELIANCE,27-Feb-2025,2025-02-27,1320.00,PE,0.00,0.00,0.00,80.85,101.30,0,0.00,0,0,06-JAN-2025
OPTSTK,RELIANCE,27-Mar-2025,2025-03-27,1320.00,CE,0.00,0.00,0.00,33.05,21.25,0,0.00,0,0,06-JAN-2025
OPTSTK,RELIANCE,27-Feb-2025,2025-02-27,1320.00,CE,20.20,20.20,11.75,11.95,11.95,104,694.428,67000,6000,06-JAN-2025
OPTSTK,RELIANCE,27-Mar-2025,2025-03-27,1120.00,PE,0.00,0.00,0.00,19.00,11.25,0,0.00,0,0,06-JAN-2025
OPTSTK,RELIANCE,30-Jan-2025,2025-01-30,1210.00,CE,56.05,63.60,32.85,33.95,33.95,1299,8130.6195,3260500,20000,06-JAN-2025
OPTSTK,RELIANCE,27-Feb-2025,2025-02-27,1210.00,PE,28.65,28.65,28.65,28.65,31.60,1,6.19325,6500,500,06-JAN-2025
OPTSTK,RELIANCE,27-Feb-2025,2025-02-27,1210.00,CE,61.00,63.00,54.15,54.15,54.15,4,25.39575,2500,1500,06-JAN-2025
OPTSTK,NTPC,27-Mar-2025,2025-03-27,280.00,CE,0.00,0.00,0.00,63.20,53.65,0,0.00,0,0,06-JAN-2025
OPTSTK,NTPC,30-Jan-2025,2025-01-30,280.00,CE,0.00,0.00,0.00,133.50,48.85,0,0.00,0,0,06-JAN-2025
OPTSTK,NTPC,27-Feb-2025,2025-02-27,315.00,CE,0.00,0.00,0.00,32.85,23.10,0,0.00,0,0,06-JAN-2025
OPTSTK,NTPC,30-Jan-2025,2025-01-30,315.00,CE,27.05,27.05,16.75,17.20,17.20,133,664.4805,199500,100500,06-JAN-2025
OPTSTK,IRCTC,27-Mar-2025,2025-03-27,640.00,PE,0.00,0.00,0.00,7.50,3.75,0,0.00,0,0,06-JAN-2025
OPTSTK,IRCTC,30-Jan-2025,2025-01-30,660.00,PE,0.65,1.25,0.30,0.90,0.90,156,902.100062,76125,26250,06-JAN-2025
OPTSTK,NTPC,30-Jan-2025,2025-01-30,340.00,CE,9.70,9.75,3.75,3.95,3.95,8241,42733.6117,6256500,1504500,06-JAN-2025
OPTSTK,NTPC,27-Feb-2025,2025-02-27,340.00,PE,12.40,17.05,12.40,17.05,19.65,6,32.01675,72000,-1500,06-JAN-2025
OPTSTK,NTPC,30-Jan-2025,2025-01-30,340.00,PE,7.15,15.85,6.35,15.35,15.35,2375,12493.428,1618500,-207000,06-JAN-2025
OPTSTK,NTPC,30-Jan-2025,2025-01-30,395.00,CE,0.35,0.35,0.20,0.20,0.20,28,166.00425,118500,4500,06-JAN-2025
OPTSTK,NTPC,30-Jan-2025,2025-01-30,315.00,PE,1.50,3.90,1.35,3.75,3.75,2055,9798.73725,727500,-412500,06-JAN-2025
OPTSTK,NTPC,27-Feb-2025,2025-02-27,315.00,PE,0.00,0.00,0.00,5.75,7.60,0,0.00,100500,0,06-JAN-2025
OPTSTK,IRCTC,30-Jan-2025,2025-01-30,710.00,CE,0.00,0.00,0.00,96.75,67.55,0,0.00,875,0,06-JAN-2025
OPTSTK,IRCTC,27-Mar-2025,2025-03-27,840.00,PE,0.00,0.00,0.00,82.80,80.10,0,0.00,0,0,06-JAN-2025
OPTSTK,IRCTC,30-Jan-2025,2025-01-30,910.00,CE,1.15,1.15,0.55,0.65,0.50,87,693.387187,240625,-9625,06-JAN-2025
OPTSTK,IRCTC,27-Feb-2025,2025-02-27,840.00,PE,0.00,0.00,0.00,67.30,75.75,0,0.00,0,0,06-JAN-2025
OPTSTK,NTPC,27-Mar-2025,2025-03-27,360.00,CE,0.00,0.00,0.00,15.75,8.00,0,0.00,0,0,06-JAN-2025
OPTSTK,NTPC,30-Jan-2025,2025-01-30,360.00,PE,20.55,33.00,20.55,32.60,32.60,50,288.8895,439500,6000,06-JAN-2025
OPTSTK,IRCTC,27-Feb-2025,2025-02-27,770.00,PE,0.00,0.00,0.00,37.10,31.80,0,0.00,0,0,06-JAN-2025
OPTSTK,IRCTC,30-Jan-2025,2025-01-30,890.00,PE,0.00,0.00,0.00,104.65,116.70,0,0.00,3500,0,06-JAN-2025
OPTSTK,IRCTC,27-Feb-2025,2025-02-27,900.00,PE,104.95,104.95,104.95,104.95,125.85,1,8.7933125,6125,875,06-JAN-2025
OPTSTK,IRCTC,30-Jan-2025,2025-01-30,900.00,CE,1.55,1.55,0.70,0.80,0.80,1611,12701.0629,1440250,-508375,06-JAN-2025
OPTSTK,IRCTC,30-Jan-2025,2025-01-30,900.00,PE,102.90,130.90,100.00,129.15,126.35,9,80.3376875,508375,-2625,06-JAN-2025
OPTSTK,NTPC,30-Jan-2025,2025-01-30,295.00,PE,0.45,0.95,0.45,0.90,0.90,451,2000.544,391500,81000,06-JAN-2025
OPTSTK,NTPC,27-Feb-2025,2025-02-27,295.00,PE,0.00,0.00,0.00,3.05,2.65,0,0.00,105000,0,06-JAN-2025
FUTSTK,IRCTC,30-Jan-2025,2025-01-30,,,803.00,803.10,766.85,772.65,772.65,3980,27187.6425,15912750,384125,06-JAN-2025
OPTSTK,IRCTC,27-Mar-2025,2025-03-27,800.00,PE,0.00,0.00,0.00,59.30,54.30,0,0.00,0,0,06-JAN-2025
OPTSTK,IRCTC,27-Feb-2025,2025-02-27,720.00,CE,0.00,0.00,0.00,126.40,70.30,0,0.00,0,0,06-JAN-2025
OPTSTK,NTPC,27-Mar-2025,2025-03-27,330.00,CE,0.00,0.00,0.00,28.65,18.95,0,0.00,0,0,06-JAN-2025
OPTSTK,NTPC,30-Jan-2025,2025-01-30,330.00,PE,3.30,9.70,3.30,9.30,9.30,3442,17387.8927,1836000,-241500,06-JAN-2025
OPTSTK,NTPC,30-Jan-2025,2025-01-30,355.00,CE,3.20,3.30,1.25,1.35,1.35,2225,11915.4757,889500,-189000,06-JAN-2025
OPTSTK,NTPC,27-Feb-2025,2025-02-27,355.00,CE,0.00,0.00,0.00,12.95,5.85,0,0.00,0,0,06-JAN-2025
OPTIDX,FINNIFTY,30-Jan-2025,2025-01-30,24600.00,CE,134.10,140.95,73.45,78.85,78.85,4972,30696.8008,23400,375,06-JAN-2025
OPTIDX,FINNIFTY,27-Feb-2025,2025-02-27,22000.00,CE,0.00,0.00,0.00,2618.50,1629.60,0,0.00,0,0,06-JAN-2025
OPTIDX,FINNIFTY,27-Mar-2025,2025-03-27,24000.00,PE,0.00,0.00,0.00,934.55,906.40,0,0.00,0,0,06-JAN-2025
OPTIDX,FINNIFTY,27-Mar-2025,2025-03-27,24000.00,CE,0.00,0.00,0.00,800.00,576.70,0,0.00,65,0,06-JAN-2025
OPTIDX,FINNIFTY,27-Feb-2025,2025-02-27,25400.00,PE,0.00,0.00,0.00,1504.90,1922.90,0,0.00,0,0,06-JAN-2025
OPTIDX,FINNIFTY,30-Jan-2025,2025-01-30,25400.00,CE,34.85,34.90,17.30,19.90,19.90,994,6317.72766,7525,-50,06-JAN-2025
OPTIDX,FINNIFTY,30-Jan-2025,2025-01-30,23650.00,PE,328.00,595.75,288.10,543.35,543.35,8314,49932.7846,12175,-4700,06-JAN-2025
OPTIDX,FINNIFTY,27-Mar-2025,2025-03-27,25000.00,PE,0.00,0.00,0.00,1542.05,1579.85,0,0.00,0,0,06-JAN-2025
OPTIDX,FINNIFTY,27-Mar-2025,2025-03-27,25800.00,CE,0.00,0.00,0.00,278.70,127.95,0,0.00,0,0,06-JAN-2025
OPTIDX,FINNIFTY,30-Jan-2025,2025-01-30,25000.00,CE,62.50,68.40,37.00,39.00,39.00,25640,160550.667,95475,-16350,06-JAN-2025
OPTIDX,FINNIFTY,27-Feb-2025,2025-02-27,25000.00,CE,240.00,240.00,128.00,129.10,136.65,41,670.15117,2145,2145,06-JAN-2025
OPTIDX,FINNIFTY,27-Mar-2025,2025-03-27,25800.00,PE,0.00,0.00,0.00,2133.75,2231.25,0,0.00,0,0,06-JAN-2025
OPTIDX,FINNIFTY,27-Mar-2025,2025-03-27,25000.00,CE,0.00,0.00,0.00,473.60,264.85,0,0.00,0,0,06-JAN-2025
OPTIDX,FINNIFTY,30-Jan-2025,2025-01-30,21500.00,PE,11.85,27.80,10.40,23.35,23.35,16096,86593.6784,72075,-2225,06-JAN-2025
OPTIDX,FINNIFTY,30-Jan-2025,2025-01-30,23250.00,CE,770.70,770.70,493.60,531.10,531.10,933,5546.68577,5350,4000,06-JAN-2025
OPTIDX,FINNIFTY,27-Mar-2025,2025-03-27,24300.00,PE,0.00,0.00,0.00,1099.75,1088.95,0,0.00,0,0,06-JAN-2025
OPTIDX,FINNIFTY,27-Feb-2025,2025-02-27,25400.00,CE,0.00,0.00,0.00,609.80,83.85,0,0.00,0,0,06-JAN-2025
OPTIDX,FINNIFTY,27-Mar-2025,2025-03-27,25400.00,CE,0.00,0.00,0.00,366.70,186.25,0,0.00,0,0,06-JAN-2025
OPTIDX,FINNIFTY,30-Jan-2025,2025-01-30,23100.00,PE,163.00,321.75,129.55,288.40,288.40,2417,14108.4032,12525,5400,06-JAN-2025
OPTIDX,FINNIFTY,27-Mar-2025,2025-03-27,23100.00,CE,0.00,0.00,0.00,1332.00,1028.70,0,0.00,0,0,06-JAN-2025
OPTIDX,FINNIFTY,27-Feb-2025,2025-02-27,23100.00,PE,0.00,0.00,0.00,418.15,385.60,0,0.00,0,0,06-JAN-2025
OPTIDX,FINNIFTY,30-Jan-2025,2025-01-30,25500.00,CE,25.00,25.00,15.80,17.05,17.05,14448,92172.3766,114075,-2600,06-JAN-2025
OPTIDX,FINNIFTY,27-Feb-2025,2025-02-27,22400.00,CE,0.00,0.00,0.00,2296.75,1306.25,0,0.00,0,0,06-JAN-2025
OPTIDX,FINNIFTY,30-Jan-2025,2025-01-30,24450.00,CE,175.00,178.00,94.75,103.05,103.05,903,5549.5274,12150,-2950,06-JAN-2025
OPTIDX,FINNIFTY,30-Jan-2025,2025-01-30,24450.00,PE,0.00,0.00,0.00,747.95,1107.45,0,0.00,5075,0,06-JAN-2025
OPTIDX,FINNIFTY,30-Jan-2025,2025-01-30,26600.00,PE,0.00,0.00,0.00,2129.90,3164.80,0,0.00,0,0,06-JAN-2025
OPTIDX,FINNIFTY,27-Mar-2025,2025-03-27,21000.00,CE,0.00,0.00,0.00,2946.85,2672.65,0,0.00,0,0,06-JAN-2025
OPTIDX,FINNIFTY,27-Feb-2025,2025-02-27,21600.00,CE,0.00,0.00,0.00,2957.10,1979.35,0,0.00,0,0,06-JAN-2025
OPTIDX,FINNIFTY,27-Feb-2025,2025-02-27,21600.00,PE,0.00,0.00,0.00,120.75,54.75,0,0.00,0,0,06-JAN-2025
OPTIDX,FINNIFTY,30-Jan-2025,2025-01-30,23750.00,CE,490.00,580.00,264.00,291.00,291.00,8344,50345.0199,28175,9200,06-JAN-2025
OPTIDX,FINNIFTY,30-Jan-2025,2025-01-30,26100.00,CE,10.50,10.50,7.20,7.75,7.75,796,5195.61127,9700,-475,06-JAN-2025
OPTSTK,COROMANDEL,30-Jan-2025,2025-01-30,1700.00,CE,0.00,0.00,0.00,265.00,246.70,0,0.00,9100,0,06-JAN-2025
OPTSTK,COROMANDEL,30-Jan-2025,2025-01-30,1820.00,PE,9.45,15.40,8.85,14.10,14.10,75,480.91225,7700,-7000,06-JAN-2025
OPTSTK,COROMANDEL,27-Feb-2025,2025-02-27,1600.00,PE,0.00,0.00,0.00,12.00,1.30,0,0.00,350,0,06-JAN-2025
OPTSTK,COROMANDEL,27-Feb-2025,2025-02-27,1700.00,CE,0.00,0.00,0.00,198.15,260.60,0,0.00,0,0,06-JAN-2025
OPTSTK,COROMANDEL,27-Feb-2025,2025-02-27,1700.00,PE,0.00,0.00,0.00,31.75,6.15,0,0.00,0,0,06-JAN-2025
OPTSTK,COROMANDEL,30-Jan-2025,2025-01-30,1700.00,PE,3.65,4.90,3.65,4.60,4.60,32,190.8823,35700,-7350,06-JAN-2025
OPTSTK,COROMANDEL,27-Feb-2025,2025-02-27,2120.00,CE,0.00,0.00,0.00,23.50,23.45,0,0.00,0,0,06-JAN-2025
OPTSTK,COROMANDEL,27-Feb-2025,2025-02-27,1720.00,CE,0.00,0.00,0.00,147.90,242.70,0,0.00,0,0,06-JAN-2025
OPTSTK,GUJGASLTD,30-Jan-2025,2025-01-30,530.00,PE,26.10,26.10,26.10,26.10,26.90,1,6.95125,26250,1250,06-JAN-2025
OPTSTK,GUJGASLTD,27-Feb-2025,2025-02-27,590.00,CE,0.00,0.00,0.00,8.30,3.30,0,0.00,0,0,06-JAN-2025
OPTSTK,COROMANDEL,27-Feb-2025,2025-02-27,2060.00,CE,0.00,0.00,0.00,40.55,37.55,0,0.00,350,0,06-JAN-2025
OPTSTK,GUJGASLTD,27-Feb-2025,2025-02-27,565.00,CE,0.00,0.00,0.00,13.35,6.75,0,0.00,0,0,06-JAN-2025
OPTSTK,GUJGASLTD,30-Jan-2025,2025-01-30,500.00,CE,20.80,21.20,16.40,19.50,19.50,141,914.113125,185000,-6250,06-JAN-2025
OPTSTK,GUJGASLTD,27-Feb-2025,2025-02-27,500.00,CE,0.00,0.00,0.00,26.60,30.15,0,0.00,0,0,06-JAN-2025
OPTSTK,GUJGASLTD,30-Jan-2025,2025-01-30,540.00,CE,4.95,5.05,3.35,4.30,4.30,297,2019.85875,377500,-3750,06-JAN-2025
OPTSTK,GUJGASLTD,27-Feb-2025,2025-02-27,545.00,PE,0.00,0.00,0.00,48.15,42.15,0,0.00,0,0,06-JAN-2025
OPTSTK,GUJGASLTD,30-Jan-2025,2025-01-30,465.00,CE,0.00,0.00,0.00,32.80,48.00,0,0.00,1250,0,06-JAN-2025
OPTSTK,COROMANDEL,27-Feb-2025,2025-02-27,1920.00,CE,0.00,0.00,0.00,64.05,95.20,0,0.00,0,0,06-JAN-2025
OPTSTK,COROMANDEL,27-Feb-2025,2025-02-27,1840.00,CE,0.00,0.00,0.00,91.45,145.85,0,0.00,0,0,06-JAN-2025
OPTSTK,COROMANDEL,30-Jan-2025,2025-01-30,1660.00,PE,0.55,2.80,0.55,2.80,0.35,14,81.422075,6650,-2450,06-JAN-2025
OPTSTK,COROMANDEL,27-Feb-2025,2025-02-27,1660.00,PE,0.00,0.00,0.00,22.70,3.50,0,0.00,0,0,06-JAN-2025
OPTSTK,GUJGASLTD,27-Feb-2025,2025-02-27,495.00,CE,0.00,0.00,0.00,41.15,33.10,0,0.00,0,0,06-JAN-2025
OPTSTK,COROMANDEL,27-Feb-2025,2025-02-27,1860.00,CE,0.00,0.00,0.00,100.25,132.00,0,0.00,0,0,06-JAN-2025
OPTSTK,GUJGASLTD,27-Feb-2025,2025-02-27,515.00,CE,0.00,0.00,0.00,30.75,22.40,0,0.00,0,0,06-JAN-2025
OPTSTK,GUJGASLTD,30-Jan-2025,2025-01-30,515.00,CE,15.15,15.15,9.60,11.55,11.55,307,2019.41,410000,2500,06-JAN-2025
OPTSTK,COROMANDEL,27-Feb-2025,2025-02-27,1980.00,PE,0.00,0.00,0.00,163.75,88.65,0,0.00,0,0,06-JAN-2025
OPTSTK,COROMANDEL,30-Jan-2025,2025-01-30,1980.00,PE,62.70,77.90,53.35,75.85,70.40,51,364.776825,10500,1050,06-JAN-2025
OPTSTK,GUJGASLTD,27-Feb-2025,2025-02-27,420.00,CE,0.00,0.00,0.00,70.55,93.80,0,0.00,0,0,06-JAN-2025
OPTSTK,GUJGASLTD,30-Jan-2025,2025-01-30,420.00,CE,0.00,0.00,0.00,110.65,90.90,0,0.00,0,0,06-JAN-2025
FUTSTK,COROMANDEL,27-Feb-2025,2025-02-27,,,1975.20,1978.00,1938.10,1942.30,1942.30,34,232.644475,21000,1400,06-JAN-2025
FUTSTK,GUJGASLTD,30-Jan-2025,2025-01-30,,,517.45,517.45,504.20,509.35,509.35,2169,13799.5093,5770000,-73750,06-JAN-2025
OPTIDX,MIDCPNIFTY,27-Feb-2025,2025-02-27,12625.00,CE,0.00,0.00,0.00,628.60,442.60,0,0.00,0,0,06-JAN-2025
OPTIDX,MIDCPNIFTY,30-Jan-2025,2025-01-30,11350.00,PE,0.00,0.00,0.00,112.05,0.95,0,0.00,0,0,06-JAN-2025
OPTIDX,MIDCPNIFTY,27-Feb-2025,2025-02-27,14300.00,PE,0.00,0.00,0.00,1580.85,1486.20,0,0.00,0,0,06-JAN-2025
OPTIDX,MIDCPNIFTY,27-Mar-2025,2025-03-27,14300.00,PE,0.00,0.00,0.00,1242.90,1449.85,0,0.00,0,0,06-JAN-2025
OPTIDX,MIDCPNIFTY,30-Jan-2025,2025-01-30,12850.00,PE,150.40,354.75,150.40,326.80,326.80,12387,81112.9141,51250,-38900,06-JAN-2025
OPTIDX,MIDCPNIFTY,30-Jan-2025,2025-01-30,12725.00,CE,411.50,411.55,253.00,274.15,274.15,8009,52062.4536,32600,25050,06-JAN-2025
OPTIDX,MIDCPNIFTY,27-Feb-2025,2025-02-27,12725.00,CE,0.00,0.00,0.00,581.35,387.80,0,0.00,0,0,06-JAN-2025
OPTIDX,MIDCPNIFTY,27-Mar-2025,2025-03-27,12725.00,CE,0.00,0.00,0.00,817.45,503.40,0,0.00,0,0,06-JAN-2025
OPTIDX,MIDCPNIFTY,27-Mar-2025,2025-03-27,12725.00,PE,0.00,0.00,0.00,324.15,344.95,0,0.00,0,0,06-JAN-2025
OPTIDX,MIDCPNIFTY,27-Feb-2025,2025-02-27,13450.00,CE,0.00,0.00,0.00,295.70,121.75,0,0.00,0,0,06-JAN-2025
OPTIDX,MIDCPNIFTY,30-Jan-2025,2025-01-30,13450.00,PE,0.00,0.00,0.00,1052.00,729.65,0,0.00,0,0,06-JAN-2025
OPTIDX,MIDCPNIFTY,27-Feb-2025,2025-02-27,12900.00,CE,0.00,0.00,0.00,499.30,302.90,0,0.00,0,0,06-JAN-2025
OPTIDX,MIDCPNIFTY,30-Jan-2025,2025-01-30,12900.00,PE,172.50,382.00,166.25,354.00,354.00,31310,205867.778,179500,-14850,06-JAN-2025
OPTIDX,MIDCPNIFTY,27-Feb-2025,2025-02-27,12975.00,CE,0.00,0.00,0.00,466.80,270.75,0,0.00,0,0,06-JAN-2025
OPTIDX,MIDCPNIFTY,30-Jan-2025,2025-01-30,11700.00,PE,0.00,0.00,0.00,187.30,6.35,0,0.00,0,0,06-JAN-2025
OPTIDX,MIDCPNIFTY,30-Jan-2025,2025-01-30,11700.00,CE,0.00,0.00,0.00,1097.95,1054.75,0,0.00,0,0,06-JAN-2025
OPTIDX,MIDCPNIFTY,30-Jan-2025,2025-01-30,14000.00,CE,11.50,12.95,7.50,8.50,8.50,13204,92485.2523,289650,-37000,06-JAN-2025
OPTIDX,MIDCPNIFTY,30-Jan-2025,2025-01-30,14000.00,PE,0.00,0.00,0.00,1479.95,1246.00,0,0.00,0,0,06-JAN-2025
OPTIDX,MIDCPNIFTY,27-Feb-2025,2025-02-27,14000.00,CE,0.00,0.00,0.00,42.75,39.65,0,0.00,120,0,06-JAN-2025
OPTIDX,MIDCPNIFTY,27-Mar-2025,2025-03-27,14000.00,PE,0.00,0.00,0.00,1020.10,1190.55,0,0.00,0,0,06-JAN-2025
OPTIDX,MIDCPNIFTY,30-Jan-2025,2025-01-30,13250.00,PE,340.85,590.75,340.85,588.15,588.15,35,239.23215,6800,250,06-JAN-2025
OPTIDX,MIDCPNIFTY,27-Mar-2025,2025-03-27,12950.00,CE,0.00,0.00,0.00,686.80,392.25,0,0.00,0,0,06-JAN-2025
OPTIDX,MIDCPNIFTY,27-Feb-2025,2025-02-27,12475.00,CE,0.00,0.00,0.00,713.60,533.40,0,0.00,0,0,06-JAN-2025
OPTIDX,MIDCPNIFTY,27-Mar-2025,2025-03-27,11400.00,PE,0.00,0.00,0.00,45.50,31.20,0,0.00,0,0,06-JAN-2025
OPTIDX,MIDCPNIFTY,30-Jan-2025,2025-01-30,12325.00,CE,0.00,0.00,0.00,695.05,501.20,0,0.00,0,0,06-JAN-2025
OPTIDX,MIDCPNIFTY,30-Jan-2025,2025-01-30,12325.00,PE,49.95,134.95,47.85,121.25,121.25,606,3763.45702,8350,250,06-JAN-2025
OPTIDX,MIDCPNIFTY,30-Jan-2025,2025-01-30,13275.00,PE,530.00,530.00,530.00,530.00,581.35,10,69.025,2850,-500,06-JAN-2025
OPTIDX,MIDCPNIFTY,27-Feb-2025,2025-02-27,13300.00,CE,0.00,0.00,0.00,343.50,159.35,0,0.00,0,0,06-JAN-2025
OPTIDX,MIDCPNIFTY,27-Feb-2025,2025-02-27,12775.00,CE,0.00,0.00,0.00,557.00,362.10,0,0.00,0,0,06-JAN-2025
OPTIDX,MIDCPNIFTY,30-Jan-2025,2025-01-30,11825.00,CE,0.00,0.00,0.00,1008.40,935.35,0,0.00,0,0,06-JAN-2025
OPTIDX,MIDCPNIFTY,30-Jan-2025,2025-01-30,11825.00,PE,0.00,0.00,0.00,17.00,11.40,0,0.00,50,0,06-JAN-2025
OPTSTK,DMART,27-Feb-2025,2025-02-27,4100.00,PE,234.25,253.25,234.25,253.25,249.65,3,19.548075,150,-150,06-JAN-2025
OPTSTK,TATACONSUM,30-Jan-2025,2025-01-30,940.00,PE,22.25,25.40,17.00,19.60,19.60,1924,8425.88272,109440,-8208,06-JAN-2025
OPTSTK,TATACONSUM,27-Feb-2025,2025-02-27,940.00,PE,0.00,0.00,0.00,45.00,28.15,0,0.00,0,0,06-JAN-2025
OPTSTK,DMART,27-Feb-2025,2025-02-27,4200.00,PE,0.00,0.00,0.00,511.35,316.10,0,0.00,0,0,06-JAN-2025
OPTSTK,DMART,27-Mar-2025,2025-03-27,4200.00,CE,0.00,0.00,0.00,53.70,137.60,0,0.00,0,0,06-JAN-2025
OPTSTK,DMART,27-Feb-2025,2025-02-27,4300.00,PE,0.00,0.00,0.00,588.20,389.70,0,0.00,0,0,06-JAN-2025
OPTSTK,DMART,30-Jan-2025,2025-01-30,4300.00,CE,51.95,66.00,38.25,40.90,40.90,4516,29472.5358,242550,-68400,06-JAN-2025
OPTSTK,DMART,27-Feb-2025,2025-02-27,3250.00,PE,0.00,0.00,0.00,69.85,6.00,0,0.00,0,0,06-JAN-2025
OPTSTK,DMART,27-Mar-2025,2025-03-27,3300.00,CE,0.00,0.00,0.00,381.80,703.00,0,0.00,0,0,06-JAN-2025
OPTSTK,DMART,30-Jan-2025,2025-01-30,3300.00,CE,0.00,0.00,0.00,805.00,650.20,0,0.00,1800,0,06-JAN-2025
OPTSTK,TATACONSUM,30-Jan-2025,2025-01-30,1000.00,CE,5.05,9.30,3.80,6.80,6.80,3117,14305.9354,457368,-111264,06-JAN-2025
OPTSTK,TATACONSUM,27-Mar-2025,2025-03-27,1000.00,PE,0.00,0.00,0.00,103.80,67.10,0,0.00,0,0,06-JAN-2025
OPTSTK,DMART,30-Jan-2025,2025-01-30,3600.00,CE,450.00,457.00,387.65,395.70,366.20,37,223.612425,44550,-150,06-JAN-2025
OPTSTK,TATACONSUM,30-Jan-2025,2025-01-30,990.00,PE,55.10,55.10,48.60,50.55,50.55,12,56.950296,5928,1368,06-JAN-2025
OPTSTK,DMART,30-Jan-2025,2025-01-30,3400.00,CE,0.00,0.00,0.00,715.00,552.40,0,0.00,4050,0,06-JAN-2025
OPTSTK,TATACONSUM,27-Mar-2025,2025-03-27,840.00,CE,0.00,0.00,0.00,96.50,125.80,0,0.00,0,0,06-JAN-2025
OPTSTK,DMART,27-Feb-2025,2025-02-27,3600.00,CE,0.00,0.00,0.00,511.90,413.60,0,0.00,450,0,06-JAN-2025
OPTSTK,TATACONSUM,27-Feb-2025,2025-02-27,1080.00,CE,0.00,0.00,0.00,16.40,4.50,0,0.00,0,0,06-JAN-2025
OPTSTK,TATACONSUM,27-Feb-2025,2025-02-27,980.00,PE,0.00,0.00,0.00,65.95,49.40,0,0.00,0,0,06-JAN-2025
OPTSTK,TATACONSUM,27-Mar-2025,2025-03-27,980.00,PE,0.00,0.00,0.00,89.50,54.85,0,0.00,0,0,06-JAN-2025
OPTSTK,DMART,30-Jan-2025,2025-01-30,3400.00,PE,8.05,14.00,8.00,12.50,12.50,544,2783.0979,68550,7200,06-JAN-2025
OPTSTK,DMART,30-Jan-2025,2025-01-30,3300.00,PE,4.15,8.25,4.00,7.10,7.10,318,1576.93687,27900,-9600,06-JAN-2025
OPTSTK,TATACONSUM,30-Jan-2025,2025-01-30,920.00,PE,14.00,16.10,10.70,12.25,12.25,1044,4441.43019,223896,-6840,06-JAN-2025
OPTSTK,TATACONSUM,27-Feb-2025,2025-02-27,1080.00,PE,0.00,0.00,0.00,135.90,127.25,0,0.00,0,0,06-JAN-2025
OPTSTK,DMART,27-Feb-2025,2025-02-27,4250.00,CE,0.00,0.00,0.00,157.00,77.50,0,0.00,300,0,06-JAN-2025
OPTSTK,DMART,30-Jan-2025,2025-01-30,4250.00,PE,260.35,286.90,250.90,286.90,325.10,20,135.5601,2250,1350,06-JAN-2025
OPTSTK,TATACONSUM,27-Feb-2025,2025-02-27,890.00,CE,0.00,0.00,0.00,54.35,76.70,0,0.00,0,0,06-JAN-2025
OPTSTK,TATACONSUM,30-Jan-2025,2025-01-30,890.00,PE,6.35,7.60,5.20,5.90,5.90,642,2623.3794,125400,16416,06-JAN-2025
OPTSTK,TATACONSUM,30-Jan-2025,2025-01-30,900.00,PE,8.50,9.90,6.55,7.50,7.50,1544,6390.57255,586872,145464,06-JAN-2025
OPTSTK,TATACONSUM,27-Mar-2025,2025-03-27,900.00,PE,0.00,0.00,0.00,42.90,19.50,0,0.00,0,0,06-JAN-2025
OPTSTK,TATACONSUM,27-Feb-2025,2025-02-27,900.00,PE,0.00,0.00,0.00,30.00,13.85,0,0.00,456,0,06-JAN-2025
OPTSTK,TATACONSUM,27-Feb-2025,2025-02-27,840.00,CE,0.00,0.00,0.00,128.60,118.30,0,0.00,0,0,06-JAN-2025
OPTSTK,IGL,27-Mar-2025,2025-03-27,440.00,CE,0.00,0.00,0.00,22.50,28.50,0,0.00,0,0,06-JAN-2025
OPTSTK,CGPOWER,27-Feb-2025,2025-02-27,730.00,PE,0.00,0.00,0.00,42.40,44.05,0,0.00,0,0,06-JAN-2025
OPTSTK,IGL,27-Mar-2025,2025-03-27,390.00,CE,0.00,0.00,0.00,41.40,55.00,0,0.00,0,0,06-JAN-2025
OPTSTK,IGL,27-Feb-2025,2025-02-27,390.00,PE,0.00,0.00,0.00,28.70,10.60,0,0.00,0,0,06-JAN-2025
OPTSTK,IGL,27-Mar-2025,2025-03-27,390.00,PE,0.00,0.00,0.00,33.85,15.10,0,0.00,0,0,06-JAN-2025
OPTSTK,IGL,30-Jan-2025,2025-01-30,400.00,CE,39.20,39.20,22.80,27.20,27.20,436,2558.18337,2127125,-156750,06-JAN-2025
OPTSTK,IGL,30-Jan-2025,2025-01-30,405.00,PE,4.55,10.85,4.25,9.35,9.35,330,1876.68525,302500,-41250,06-JAN-2025
OPTSTK,CGPOWER,30-Jan-2025,2025-01-30,650.00,PE,4.00,6.80,3.60,6.30,6.30,132,627.29175,100050,15950,06-JAN-2025
OPTSTK,CGPOWER,30-Jan-2025,2025-01-30,640.00,CE,0.00,0.00,0.00,132.30,80.55,0,0.00,0,0,06-JAN-2025
OPTSTK,CGPOWER,27-Feb-2025,2025-02-27,660.00,CE,0.00,0.00,0.00,127.60,75.45,0,0.00,0,0,06-JAN-2025
OPTSTK,IGL,30-Jan-2025,2025-01-30,300.00,PE,0.15,0.25,0.15,0.25,0.05,4,16.511,72875,-1375,06-JAN-2025
OPTSTK,IGL,27-Feb-2025,2025-02-27,380.00,PE,0.00,0.00,0.00,66.80,7.90,0,0.00,0,0,06-JAN-2025
OPTSTK,IGL,27-Mar-2025,2025-03-27,380.00,PE,0.00,0.00,0.00,29.00,12.00,0,0.00,0,0,06-JAN-2025
OPTSTK,IGL,27-Feb-2025,2025-02-27,465.00,PE,0.00,0.00,0.00,79.00,49.40,0,0.00,0,0,06-JAN-2025
OPTSTK,IGL,30-Jan-2025,2025-01-30,310.00,PE,0.25,0.30,0.25,0.30,0.05,14,59.7238125,96250,-6875,06-JAN-2025
OPTSTK,IGL,27-Mar-2025,2025-03-27,470.00,PE,0.00,0.00,0.00,86.15,57.05,0,0.00,0,0,06-JAN-2025
OPTSTK,CGPOWER,30-Jan-2025,2025-01-30,860.00,CE,1.50,1.50,1.50,1.50,0.75,1,6.245875,113825,0,06-JAN-2025
OPTSTK,IGL,30-Jan-2025,2025-01-30,415.00,PE,7.15,15.35,6.65,13.20,13.20,599,3519.0705,387750,63250,06-JAN-2025
OPTSTK,IGL,27-Feb-2025,2025-02-27,415.00,CE,0.00,0.00,0.00,23.60,33.00,0,0.00,0,0,06-JAN-2025
OPTSTK,IGL,30-Jan-2025,2025-01-30,415.00,CE,22.45,23.10,14.35,17.25,17.25,304,1806.55337,268125,23375,06-JAN-2025
OPTSTK,CGPOWER,27-Feb-2025,2025-02-27,690.00,CE,0.00,0.00,0.00,88.70,55.85,0,0.00,0,0,06-JAN-2025
OPTSTK,CGPOWER,27-Feb-2025,2025-02-27,680.00,PE,0.00,0.00,0.00,29.30,21.20,0,0.00,0,0,06-JAN-2025
OPTSTK,CGPOWER,27-Feb-2025,2025-02-27,720.00,CE,0.00,0.00,0.00,89.80,39.90,0,0.00,0,0,06-JAN-2025
OPTSTK,CGPOWER,27-Feb-2025,2025-02-27,840.00,PE,0.00,0.00,0.00,111.85,124.90,0,0.00,0,0,06-JAN-2025
OPTSTK,CGPOWER,27-Mar-2025,2025-03-27,840.00,CE,0.00,0.00,0.00,35.20,14.20,0,0.00,0,0,06-JAN-2025
OPTSTK,CGPOWER,27-Feb-2025,2025-02-27,640.00,CE,0.00,0.00,0.00,142.00,90.35,0,0.00,0,0,06-JAN-2025
OPTSTK,CGPOWER,27-Feb-2025,2025-02-27,750.00,CE,0.00,0.00,0.00,42.45,27.45,0,0.00,1450,0,06-JAN-2025
OPTSTK,IGL,27-Feb-2025,2025-02-27,495.00,CE,6.00,6.00,0.10,0.10,6.75,2,13.696375,1375,1375,06-JAN-2025
OPTSTK,IGL,30-Jan-2025,2025-01-30,495.00,CE,0.00,0.00,0.00,1.85,1.70,0,0.00,0,0,06-JAN-2025
OPTSTK,CGPOWER,27-Mar-2025,2025-03-27,880.00,CE,0.00,0.00,0.00,25.60,8.65,0,0.00,0,0,06-JAN-2025
OPTSTK,CGPOWER,30-Jan-2025,2025-01-30,880.00,CE,0.00,0.00,0.00,1.00,0.40,0,0.00,168925,0,06-JAN-2025
OPTSTK,IGL,27-Feb-2025,2025-02-27,410.00,CE,0.00,0.00,0.00,25.45,35.80,0,0.00,0,0,06-JAN-2025
OPTSTK,IGL,30-Jan-2025,2025-01-30,410.00,PE,5.70,12.80,5.25,11.20,11.20,882,5096.12881,732875,118250,06-JAN-2025
OPTSTK,METROPOLIS,27-Feb-2025,2025-02-27,2040.00,CE,0.00,0.00,0.00,229.55,101.25,0,0.00,0,0,06-JAN-2025
OPTSTK,METROPOLIS,27-Feb-2025,2025-02-27,2140.00,CE,0.00,0.00,0.00,86.20,59.15,0,0.00,0,0,06-JAN-2025
OPTSTK,METROPOLIS,30-Jan-2025,2025-01-30,2280.00,PE,0.00,0.00,0.00,209.65,237.20,0,0.00,0,0,06-JAN-2025
OPTSTK,METROPOLIS,30-Jan-2025,2025-01-30,1840.00,PE,13.30,19.80,12.30,18.60,18.60,198,1469.6154,13600,8800,06-JAN-2025
OPTSTK,METROPOLIS,27-Feb-2025,2025-02-27,1840.00,PE,0.00,0.00,0.00,34.90,18.55,0,0.00,0,0,06-JAN-2025
OPTSTK,METROPOLIS,27-Feb-2025,2025-02-27,2300.00,CE,0.00,0.00,0.00,42.15,21.20,0,0.00,0,0,06-JAN-2025
OPTSTK,METROPOLIS,30-Jan-2025,2025-01-30,2300.00,CE,3.80,22.00,2.50,19.45,19.45,2515,23284.5146,115600,74800,06-JAN-2025
OPTSTK,METROPOLIS,27-Feb-2025,2025-02-27,2100.00,CE,0.00,0.00,0.00,101.50,74.05,0,0.00,0,0,06-JAN-2025
OPTSTK,METROPOLIS,30-Jan-2025,2025-01-30,1940.00,PE,36.90,45.00,35.20,40.60,40.60,62,490.9368,15600,10400,06-JAN-2025
OPTSTK,METROPOLIS,27-Feb-2025,2025-02-27,1720.00,PE,0.00,0.00,0.00,16.30,5.10,0,0.00,0,0,06-JAN-2025
OPTSTK,METROPOLIS,30-Jan-2025,2025-01-30,1720.00,CE,0.00,0.00,0.00,312.00,327.05,0,0.00,400,0,06-JAN-2025
OPTSTK,CANBK,30-Jan-2025,2025-01-30,88.00,CE,0.00,0.00,0.00,18.70,10.20,0,0.00,0,0,06-JAN-2025
OPTSTK,METROPOLIS,27-Feb-2025,2025-02-27,1920.00,CE,0.00,0.00,0.00,308.15,174.00,0,0.00,0,0,06-JAN-2025
OPTSTK,CANBK,27-Feb-2025,2025-02-27,100.00,PE,4.00,5.95,4.00,5.60,5.60,48,339.795,351000,114750,06-JAN-2025
OPTSTK,METROPOLIS,27-Feb-2025,2025-02-27,2120.00,CE,0.00,0.00,0.00,185.20,66.25,0,0.00,0,0,06-JAN-2025
OPTSTK,METROPOLIS,30-Jan-2025,2025-01-30,2200.00,PE,223.90,223.90,184.60,184.95,166.90,7,67.1314,10800,400,06-JAN-2025
OPTSTK,METROPOLIS,30-Jan-2025,2025-01-30,2200.00,CE,10.70,41.60,7.60,36.75,36.75,5055,45092.7938,254000,184800,06-JAN-2025
OPTSTK,METROPOLIS,30-Jan-2025,2025-01-30,1940.00,CE,97.85,157.55,97.85,146.20,146.20,43,355.6154,6400,4400,06-JAN-2025
OPTSTK,METROPOLIS,27-Feb-2025,2025-02-27,2080.00,CE,0.00,0.00,0.00,206.60,82.45,0,0.00,0,0,06-JAN-2025
OPTSTK,METROPOLIS,27-Feb-2025,2025-02-27,1860.00,CE,0.00,0.00,0.00,235.90,218.95,0,0.00,0,0,06-JAN-2025
OPTSTK,METROPOLIS,30-Jan-2025,2025-01-30,1860.00,CE,0.00,0.00,0.00,328.45,194.65,0,0.00,0,0,06-JAN-2025
OPTSTK,CANBK,27-Feb-2025,2025-02-27,96.00,CE,0.00,0.00,0.00,13.35,6.10,0,0.00,0,0,06-JAN-2025
OPTSTK,METROPOLIS,27-Feb-2025,2025-02-27,1760.00,PE,0.00,0.00,0.00,21.40,8.15,0,0.00,0,0,06-JAN-2025
OPTSTK,CANBK,30-Jan-2025,2025-01-30,92.00,PE,0.95,1.50,0.65,1.35,1.35,315,1981.05412,2153250,391500,06-JAN-2025
OPTSTK,METROPOLIS,27-Feb-2025,2025-02-27,1780.00,CE,0.00,0.00,0.00,296.40,286.05,0,0.00,0,0,06-JAN-2025
OPTSTK,METROPOLIS,30-Jan-2025,2025-01-30,2120.00,PE,142.55,142.55,128.30,128.30,105.95,8,72.2844,3200,3200,06-JAN-2025
OPTSTK,METROPOLIS,30-Jan-2025,2025-01-30,2240.00,CE,26.85,29.70,19.00,28.35,28.35,145,1313.4716,16400,3200,06-JAN-2025
OPTSTK,METROPOLIS,27-Feb-2025,2025-02-27,2240.00,CE,0.00,0.00,0.00,130.65,31.90,0,0.00,0,0,06-JAN-2025
OPTSTK,CANBK,27-Feb-2025,2025-02-27,94.00,CE,0.00,0.00,0.00,14.60,7.25,0,0.00,0,0,06-JAN-2025
OPTSTK,CANBK,27-Feb-2025,2025-02-27,94.00,PE,0.00,0.00,0.00,4.05,3.00,0,0.00,0,0,06-JAN-2025
OPTSTK,CANBK,27-Mar-2025,2025-03-27,94.00,CE,0.00,0.00,0.00,13.15,8.65,0,0.00,0,0,06-JAN-2025
OPTSTK,PEL,30-Jan-2025,2025-01-30,1320.00,CE,0.00,0.00,0.00,28.15,0.40,0,0.00,0,0,06-JAN-2025
OPTSTK,PEL,30-Jan-2025,2025-01-30,1320.00,PE,0.00,0.00,0.00,263.20,267.45,0,0.00,0,0,06-JAN-2025
OPTSTK,SBILIFE,30-Jan-2025,2025-01-30,1320.00,CE,118.75,118.75,118.75,118.75,123.35,1,5.3953125,2250,0,06-JAN-2025
OPTSTK,SBILIFE,27-Feb-2025,2025-02-27,1320.00,CE,0.00,0.00,0.00,163.05,136.90,0,0.00,0,0,06-JAN-2025
OPTSTK,PEL,30-Jan-2025,2025-01-30,1000.00,CE,88.00,88.00,68.95,71.55,71.55,24,193.379625,32250,7500,06-JAN-2025
OPTSTK,PEL,27-Feb-2025,2025-02-27,960.00,PE,0.00,0.00,0.00,20.95,21.35,0,0.00,0,0,06-JAN-2025
OPTSTK,PEL,27-Feb-2025,2025-02-27,940.00,PE,0.00,0.00,0.00,19.35,16.35,0,0.00,0,0,06-JAN-2025
OPTSTK,PEL,27-Mar-2025,2025-03-27,1080.00,PE,0.00,0.00,0.00,79.55,83.55,0,0.00,0,0,06-JAN-2025
OPTSTK,PEL,27-Mar-2025,2025-03-27,1080.00,CE,0.00,0.00,0.00,117.50,66.50,0,0.00,0,0,06-JAN-2025
OPTSTK,SBILIFE,30-Jan-2025,2025-01-30,1520.00,CE,16.15,16.20,9.95,12.00,12.00,747,4293.861,76875,3000,06-JAN-2025
OPTSTK,SBILIFE,27-Mar-2025,2025-03-27,1520.00,CE,0.00,0.00,0.00,47.70,38.50,0,0.00,0,0,06-JAN-2025
OPTSTK,SBILIFE,30-Jan-2025,2025-01-30,1520.00,PE,76.75,92.15,76.75,91.90,91.90,9,54.2446875,8250,2625,06-JAN-2025
OPTSTK,PEL,27-Feb-2025,2025-02-27,1000.00,CE,0.00,0.00,0.00,227.60,90.85,0,0.00,0,0,06-JAN-2025
OPTSTK,PEL,30-Jan-2025,2025-01-30,960.00,CE,0.00,0.00,0.00,162.35,100.45,0,0.00,0,0,06-JAN-2025
OPTSTK,PEL,27-Feb-2025,2025-02-27,1120.00,CE,0.00,0.00,0.00,149.00,35.40,0,0.00,0,0,06-JAN-2025
OPTSTK,PEL,27-Mar-2025,2025-03-27,1120.00,PE,0.00,0.00,0.00,99.80,107.65,0,0.00,0,0,06-JAN-2025
FUTSTK,SBILIFE,27-Mar-2025,2025-03-27,,,1470.00,1480.00,1450.15,1450.15,1456.05,13,71.426625,6000,-375,06-JAN-2025
OPTSTK,SBILIFE,27-Feb-2025,2025-02-27,1600.00,PE,0.00,0.00,0.00,177.05,159.25,0,0.00,0,0,06-JAN-2025
OPTSTK,PEL,30-Jan-2025,2025-01-30,1360.00,CE,0.00,0.00,0.00,1.90,0.15,0,0.00,750,0,06-JAN-2025
OPTSTK,SBILIFE,30-Jan-2025,2025-01-30,1300.00,PE,2.40,4.95,2.40,4.50,4.50,494,2415.37987,142500,1500,06-JAN-2025
OPTSTK,PEL,30-Jan-2025,2025-01-30,1300.00,PE,0.00,0.00,0.00,191.15,247.75,0,0.00,5250,0,06-JAN-2025
OPTSTK,SBILIFE,27-Mar-2025,2025-03-27,1120.00,PE,0.00,0.00,0.00,3.05,0.45,0,0.00,0,0,06-JAN-2025
OPTSTK,PEL,30-Jan-2025,2025-01-30,960.00,PE,5.00,14.05,5.00,11.40,11.40,385,2797.96462,108000,14250,06-JAN-2025
OPTSTK,SBILIFE,30-Jan-2025,2025-01-30,1560.00,CE,9.30,9.40,5.30,6.15,6.15,509,2990.95706,58875,10875,06-JAN-2025
OPTSTK,SBILIFE,27-Feb-2025,2025-02-27,1580.00,CE,23.15,23.15,23.15,23.15,11.95,1,6.0118125,375,375,06-JAN-2025
OPTSTK,SBILIFE,27-Mar-2025,2025-03-27,1600.00,CE,0.00,0.00,0.00,27.50,18.60,0,0.00,0,0,06-JAN-2025
FUTSTK,PEL,30-Jan-2025,2025-01-30,,,1106.90,1106.90,1043.10,1050.35,1050.35,4859,39037.026,9304500,-49500,06-JAN-2025
FUTSTK,SBILIFE,30-Jan-2025,2025-01-30,,,1455.00,1468.05,1429.45,1438.85,1438.85,6733,36491.5340,12069750,-45750,06-JAN-2025
FUTSTK,PEL,27-Mar-2025,2025-03-27,,,1081.75,1081.75,1058.60,1062.50,1062.50,9,72.339,9000,750,06-JAN-2025
OPTSTK,PEL,27-Mar-2025,2025-03-27,1200.00,CE,0.00,0.00,0.00,67.60,28.95,0,0.00,0,0,06-JAN-2025
OPTSTK,SBILIFE,27-Mar-2025,2025-03-27,1200.00,PE,0.00,0.00,0.00,9.40,2.45,0,0.00,0,0,06-JAN-2025
OPTSTK,SBILIFE,27-Mar-2025,2025-03-27,1200.00,CE,0.00,0.00,0.00,240.15,254.70,0,0.00,0,0,06-JAN-2025
OPTSTK,SUNTV,27-Feb-2025,2025-02-27,750.00,PE,0.00,0.00,0.00,74.20,81.30,0,0.00,0,0,06-JAN-2025
OPTSTK,MARUTI,30-Jan-2025,2025-01-30,11300.00,CE,749.90,749.90,537.60,569.35,569.35,116,692.11285,132750,-350,06-JAN-2025
OPTSTK,SUNTV,30-Jan-2025,2025-01-30,790.00,CE,0.00,0.00,0.00,2.00,0.30,0,0.00,2250,0,06-JAN-2025
OPTSTK,MARUTI,27-Feb-2025,2025-02-27,10300.00,CE,0.00,0.00,0.00,903.20,1573.15,0,0.00,0,0,06-JAN-2025
OPTSTK,MARUTI,30-Jan-2025,2025-01-30,10300.00,CE,0.00,0.00,0.00,671.95,1503.10,0,0.00,200,0,06-JAN-2025
OPTSTK,MARUTI,27-Feb-2025,2025-02-27,11800.00,PE,284.25,380.00,284.25,380.00,367.30,6,36.4131,500,200,06-JAN-2025
FUTSTK,MARUTI,30-Jan-2025,2025-01-30,,,11955.90,12006.55,11750.60,11800.65,11800.65,17398,103083.191,3186800,-107600,06-JAN-2025
FUTSTK,MARUTI,27-Mar-2025,2025-03-27,,,12101.40,12111.40,11900.00,11955.95,11955.95,93,556.140175,4800,-350,06-JAN-2025
OPTSTK,MARUTI,30-Jan-2025,2025-01-30,12600.00,PE,0.00,0.00,0.00,1479.05,835.75,0,0.00,0,0,06-JAN-2025
OPTSTK,MARUTI,27-Feb-2025,2025-02-27,12700.00,PE,0.00,0.00,0.00,1700.65,950.45,0,0.00,0,0,06-JAN-2025
OPTSTK,MARUTI,30-Jan-2025,2025-01-30,9500.00,PE,3.40,5.30,3.30,3.80,3.80,20,95.03835,13200,-50,06-JAN-2025
OPTSTK,MARUTI,30-Jan-2025,2025-01-30,9400.00,PE,0.00,0.00,0.00,3.45,0.05,0,0.00,9350,0,06-JAN-2025
OPTSTK,MARUTI,27-Feb-2025,2025-02-27,9400.00,CE,0.00,0.00,0.00,1781.00,2446.30,0,0.00,0,0,06-JAN-2025
OPTSTK,MARUTI,27-Feb-2025,2025-02-27,9400.00,PE,0.00,0.00,0.00,61.65,0.90,0,0.00,0,0,06-JAN-2025
OPTSTK,MARUTI,30-Jan-2025,2025-01-30,9400.00,CE,0.00,0.00,0.00,1900.85,2397.10,0,0.00,0,0,06-JAN-2025
OPTSTK,MARUTI,30-Jan-2025,2025-01-30,11800.00,CE,320.10,351.20,213.55,240.25,240.25,6575,39642.3526,194250,4100,06-JAN-2025
OPTSTK,MARUTI,27-Mar-2025,2025-03-27,11800.00,PE,0.00,0.00,0.00,987.40,433.75,0,0.00,0,0,06-JAN-2025
OPTSTK,SUNTV,30-Jan-2025,2025-01-30,760.00,PE,0.00,0.00,0.00,72.00,89.15,0,0.00,2250,0,06-JAN-2025
OPTSTK,MARUTI,27-Mar-2025,2025-03-27,9800.00,PE,0.00,0.00,0.00,117.85,14.20,0,0.00,0,0,06-JAN-2025
OPTSTK,SUNTV,27-Feb-2025,2025-02-27,700.00,CE,0.00,0.00,0.00,85.55,19.25,0,0.00,0,0,06-JAN-2025
OPTSTK,SUNTV,30-Jan-2025,2025-01-30,700.00,PE,27.40,36.75,26.30,36.75,37.60,25,136.987125,132000,-3750,06-JAN-2025
OPTSTK,MARUTI,30-Jan-2025,2025-01-30,9900.00,CE,0.00,0.00,0.00,1263.30,1899.50,0,0.00,0,0,06-JAN-2025
OPTSTK,MARUTI,27-Feb-2025,2025-02-27,9900.00,PE,0.00,0.00,0.00,90.35,5.65,0,0.00,0,0,06-JAN-2025
OPTSTK,SUNTV,30-Jan-2025,2025-01-30,600.00,PE,1.40,2.30,1.05,2.25,2.25,268,1209.51375,126000,61500,06-JAN-2025
OPTSTK,SUNTV,27-Feb-2025,2025-02-27,600.00,CE,0.00,0.00,0.00,162.10,79.45,0,0.00,0,0,06-JAN-2025
OPTSTK,SUNTV,27-Feb-2025,2025-02-27,600.00,PE,0.00,0.00,0.00,5.10,5.10,0,0.00,0,0,06-JAN-2025
OPTSTK,MARUTI,30-Jan-2025,2025-01-30,12300.00,PE,440.00,608.90,440.00,600.20,589.55,23,147.24715,400,400,06-JAN-2025
OPTSTK,MARUTI,27-Mar-2025,2025-03-27,11400.00,PE,0.00,0.00,0.00,728.90,269.60,0,0.00,0,0,06-JAN-2025
OPTSTK,SUNTV,30-Jan-2025,2025-01-30,660.00,PE,10.50,15.20,10.50,14.80,14.80,60,303.24675,62250,9000,06-JAN-2025
OPTSTK,SUNTV,30-Jan-2025,2025-01-30,680.00,CE,20.10,20.30,12.50,14.10,14.10,159,830.122875,85500,23250,06-JAN-2025
OPTSTK,SUNTV,30-Jan-2025,2025-01-30,800.00,PE,0.00,0.00,0.00,113.35,128.05,0,0.00,47250,0,06-JAN-2025
OPTSTK,MARUTI,30-Jan-2025,2025-01-30,9600.00,CE,0.00,0.00,0.00,1726.85,2198.00,0,0.00,0,0,06-JAN-2025
OPTSTK,ALKEM,27-Feb-2025,2025-02-27,5750.00,PE,0.00,0.00,0.00,428.05,302.25,0,0.00,0,0,06-JAN-2025
OPTSTK,ALKEM,30-Jan-2025,2025-01-30,5750.00,CE,61.20,70.05,54.50,69.00,69.00,32,186.0308,6000,300,06-JAN-2025
OPTSTK,SONACOMS,30-Jan-2025,2025-01-30,570.00,CE,0.00,0.00,0.00,38.00,27.45,0,0.00,4650,0,06-JAN-2025
OPTSTK,ALKEM,27-Mar-2025,2025-03-27,5400.00,PE,0.00,0.00,0.00,266.10,159.10,0,0.00,0,0,06-JAN-2025
OPTSTK,ALKEM,30-Jan-2025,2025-01-30,5400.00,CE,181.60,210.00,179.15,210.00,225.45,27,151.0023,11900,-300,06-JAN-2025
OPTSTK,ALKEM,27-Feb-2025,2025-02-27,5400.00,PE,0.00,0.00,0.00,250.15,124.30,0,0.00,0,0,06-JAN-2025
OPTSTK,ALKEM,27-Feb-2025,2025-02-27,6300.00,PE,0.00,0.00,0.00,858.30,737.15,0,0.00,0,0,06-JAN-2025
OPTSTK,ALKEM,27-Mar-2025,2025-03-27,5200.00,PE,0.00,0.00,0.00,182.40,93.65,0,0.00,0,0,06-JAN-2025
OPTSTK,ALKEM,27-Feb-2025,2025-02-27,5100.00,CE,0.00,0.00,0.00,484.80,518.90,0,0.00,0,0,06-JAN-2025
OPTSTK,ALKEM,30-Jan-2025,2025-01-30,5400.00,PE,88.00,110.00,85.75,96.15,96.15,1113,6117.6672,48700,14900,06-JAN-2025
OPTSTK,ALKEM,27-Mar-2025,2025-03-27,5400.00,CE,0.00,0.00,0.00,372.25,365.35,0,0.00,0,0,06-JAN-2025
OPTSTK,ALKEM,27-Feb-2025,2025-02-27,6000.00,CE,65.00,65.00,58.00,58.00,65.95,3,18.181,700,300,06-JAN-2025
OPTSTK,ALKEM,27-Feb-2025,2025-02-27,5600.00,PE,0.00,0.00,0.00,348.75,214.65,0,0.00,0,0,06-JAN-2025
OPTSTK,ALKEM,30-Jan-2025,2025-01-30,5600.00,CE,99.00,120.70,86.00,115.15,115.15,1225,6987.4746,61900,6600,06-JAN-2025
OPTSTK,ALKEM,30-Jan-2025,2025-01-30,5600.00,PE,169.20,216.75,169.20,205.65,164.95,81,469.92755,20400,-3500,06-JAN-2025
OPTSTK,SONACOMS,30-Jan-2025,2025-01-30,680.00,PE,0.00,0.00,0.00,85.00,96.25,0,0.00,2325,0,06-JAN-2025
OPTSTK,ALKEM,27-Mar-2025,2025-03-27,5800.00,CE,0.00,0.00,0.00,204.30,174.70,0,0.00,0,0,06-JAN-2025
OPTSTK,ALKEM,27-Feb-2025,2025-02-27,5800.00,CE,0.00,0.00,0.00,110.80,117.45,0,0.00,200,0,06-JAN-2025
OPTSTK,ALKEM,27-Feb-2025,2025-02-27,5800.00,PE,0.00,0.00,0.00,465.80,335.00,0,0.00,0,0,06-JAN-2025
OPTSTK,ALKEM,27-Feb-2025,2025-02-27,5200.00,PE,0.00,0.00,0.00,170.65,63.65,0,0.00,0,0,06-JAN-2025
OPTSTK,ALKEM,27-Feb-2025,2025-02-27,5950.00,PE,0.00,0.00,0.00,571.20,442.80,0,0.00,0,0,06-JAN-2025
FUTSTK,ALKEM,27-Mar-2025,2025-03-27,,,5500.00,5573.20,5500.00,5501.35,5501.35,4,22.07565,300,100,06-JAN-2025
OPTSTK,SONACOMS,30-Jan-2025,2025-01-30,660.00,PE,0.00,0.00,0.00,68.20,77.35,0,0.00,775,0,06-JAN-2025
OPTSTK,ALKEM,30-Jan-2025,2025-01-30,6300.00,CE,7.10,14.60,7.10,13.65,13.65,268,1691.9857,14800,5100,06-JAN-2025
OPTSTK,SONACOMS,27-Feb-2025,2025-02-27,700.00,CE,0.00,0.00,0.00,45.15,2.95,0,0.00,0,0,06-JAN-2025
OPTSTK,SONACOMS,27-Feb-2025,2025-02-27,600.00,CE,0.00,0.00,0.00,27.50,23.60,0,0.00,3875,0,06-JAN-2025
OPTSTK,SONACOMS,27-Feb-2025,2025-02-27,600.00,PE,0.00,0.00,0.00,27.50,36.30,0,0.00,3875,0,06-JAN-2025
OPTSTK,ALKEM,30-Jan-2025,2025-01-30,5900.00,CE,29.85,43.10,26.30,40.65,40.65,276,1638.4728,25900,2500,06-JAN-2025
OPTSTK,ALKEM,27-Mar-2025,2025-03-27,5900.00,PE,0.00,0.00,0.00,558.15,427.95,0,0.00,0,0,06-JAN-2025
OPTSTK,ALKEM,27-Feb-2025,2025-02-27,5900.00,PE,0.00,0.00,0.00,533.75,405.35,0,0.00,0,0,06-JAN-2025
OPTSTK,ALKEM,27-Mar-2025,2025-03-27,5900.00,CE,0.00,0.00,0.00,173.30,141.55,0,0.00,0,0,06-JAN-2025
OPTSTK,SONACOMS,27-Feb-2025,2025-02-27,680.00,CE,0.00,0.00,0.00,53.45,4.75,0,0.00,0,0,06-JAN-2025
OPTSTK,TATASTEEL,30-Jan-2025,2025-01-30,165.00,PE,27.00,27.00,27.00,27.00,32.05,2,21.12,1831500,-11000,06-JAN-2025
OPTSTK,TATASTEEL,30-Jan-2025,2025-01-30,165.00,CE,0.15,0.15,0.05,0.10,0.10,156,1416.49475,3547500,275000,06-JAN-2025
OPTSTK,TATASTEEL,30-Jan-2025,2025-01-30,117.00,PE,0.00,0.00,0.00,0.20,0.15,0,0.00,0,0,06-JAN-2025
OPTSTK,TATASTEEL,30-Jan-2025,2025-01-30,117.00,CE,0.00,0.00,0.00,24.40,15.85,0,0.00,0,0,06-JAN-2025
OPTSTK,TATASTEEL,27-Feb-2025,2025-02-27,117.00,PE,0.00,0.00,0.00,0.70,0.70,0,0.00,0,0,06-JAN-2025
FUTSTK,BAJAJFINSV,27-Mar-2025,2025-03-27,,,1750.95,1758.25,1709.00,1709.50,1709.50,37,319.129,24500,7000,06-JAN-2025
OPTSTK,TATASTEEL,30-Jan-2025,2025-01-30,138.00,CE,4.45,4.45,1.85,2.00,2.00,1929,14930.1542,4779500,1787500,06-JAN-2025
OPTSTK,TATASTEEL,30-Jan-2025,2025-01-30,138.00,PE,3.55,7.75,3.50,7.30,7.30,558,4410.4995,2057000,-5500,06-JAN-2025
OPTSTK,BAJAJFINSV,27-Mar-2025,2025-03-27,1800.00,PE,0.00,0.00,0.00,231.85,131.65,0,0.00,0,0,06-JAN-2025
OPTSTK,BAJAJFINSV,30-Jan-2025,2025-01-30,1800.00,CE,14.95,18.55,7.55,8.75,8.75,3575,32395.8907,553500,-19500,06-JAN-2025
OPTSTK,TATASTEEL,27-Feb-2025,2025-02-27,135.00,CE,6.70,7.05,5.00,5.25,5.25,199,1540.319,412500,357500,06-JAN-2025
OPTSTK,BAJAJFINSV,27-Mar-2025,2025-03-27,1760.00,CE,0.00,0.00,0.00,39.90,56.20,0,0.00,500,0,06-JAN-2025
OPTSTK,BAJAJFINSV,27-Mar-2025,2025-03-27,1760.00,PE,0.00,0.00,0.00,200.00,105.75,0,0.00,0,0,06-JAN-2025
OPTSTK,BAJAJFINSV,27-Feb-2025,2025-02-27,1760.00,CE,0.00,0.00,0.00,8.00,38.45,0,0.00,1500,0,06-JAN-2025
OPTSTK,BAJAJFINSV,27-Feb-2025,2025-02-27,1880.00,CE,0.00,0.00,0.00,16.45,11.75,0,0.00,0,0,06-JAN-2025
OPTSTK,BAJAJFINSV,30-Jan-2025,2025-01-30,1620.00,CE,102.30,116.50,80.00,80.00,86.85,37,316.91725,1153500,500,06-JAN-2025
OPTSTK,TATASTEEL,27-Feb-2025,2025-02-27,112.00,PE,0.00,0.00,0.00,0.35,0.25,0,0.00,0,0,06-JAN-2025
OPTSTK,TATASTEEL,30-Jan-2025,2025-01-30,112.00,PE,0.00,0.00,0.00,0.10,0.05,0,0.00,0,0,06-JAN-2025
OPTSTK,TATASTEEL,30-Jan-2025,2025-01-30,112.00,CE,0.00,0.00,0.00,29.20,20.70,0,0.00,0,0,06-JAN-2025
OPTSTK,TATASTEEL,27-Mar-2025,2025-03-27,112.00,PE,0.00,0.00,0.00,0.70,0.65,0,0.00,0,0,06-JAN-2025
OPTSTK,TATASTEEL,30-Jan-2025,2025-01-30,135.00,CE,6.00,6.15,2.85,3.05,3.05,4248,32359.5745,8041000,4510000,06-JAN-2025
OPTSTK,BAJAJFINSV,27-Mar-2025,2025-03-27,1360.00,CE,0.00,0.00,0.00,237.65,346.10,0,0.00,0,0,06-JAN-2025
OPTSTK,BAJAJFINSV,30-Jan-2025,2025-01-30,1780.00,PE,100.60,100.60,100.60,100.60,100.55,1,9.403,5500,500,06-JAN-2025
OPTSTK,TATASTEEL,27-Feb-2025,2025-02-27,126.00,CE,0.00,0.00,0.00,17.95,9.95,0,0.00,0,0,06-JAN-2025
OPTSTK,TATASTEEL,27-Mar-2025,2025-03-27,126.00,PE,0.00,0.00,0.00,2.95,3.50,0,0.00,0,0,06-JAN-2025
OPTSTK,TATASTEEL,30-Jan-2025,2025-01-30,126.00,CE,9.00,9.15,8.60,8.75,8.05,4,29.6725,22000,11000,06-JAN-2025
OPTSTK,TATASTEEL,30-Jan-2025,2025-01-30,126.00,PE,0.80,1.85,0.60,1.65,1.65,400,2800.413,786500,-5500,06-JAN-2025
OPTSTK,TATASTEEL,27-Mar-2025,2025-03-27,134.00,PE,0.00,0.00,0.00,5.45,6.90,0,0.00,0,0,06-JAN-2025
OPTSTK,TATASTEEL,27-Feb-2025,2025-02-27,148.00,PE,0.00,0.00,0.00,11.25,15.70,0,0.00,0,0,06-JAN-2025
OPTSTK,TATASTEEL,27-Feb-2025,2025-02-27,134.00,CE,0.00,0.00,0.00,12.35,5.40,0,0.00,0,0,06-JAN-2025
OPTSTK,TATASTEEL,30-Jan-2025,2025-01-30,148.00,PE,0.00,0.00,0.00,11.20,15.45,0,0.00,236500,0,06-JAN-2025
OPTSTK,ACC,30-Jan-2025,2025-01-30,2540.00,CE,0.00,0.00,0.00,0.70,0.05,0,0.00,900,0,06-JAN-2025
OPTSTK,ADANIPORTS,30-Jan-2025,2025-01-30,1380.00,CE,3.80,3.80,2.60,2.70,2.70,395,2185.088,100400,-8400,06-JAN-2025
OPTSTK,ADANIPORTS,30-Jan-2025,2025-01-30,1380.00,PE,0.00,0.00,0.00,175.00,214.55,0,0.00,10000,0,06-JAN-2025
OPTSTK,ACC,30-Jan-2025,2025-01-30,1960.00,CE,87.75,92.70,76.15,80.00,80.00,20,122.7783,6300,2400,06-JAN-2025
OPTSTK,ADANIPORTS,27-Feb-2025,2025-02-27,1320.00,PE,0.00,0.00,0.00,201.60,170.90,0,0.00,0,0,06-JAN-2025
OPTSTK,ACC,30-Jan-2025,2025-01-30,2020.00,PE,42.05,78.45,42.05,73.60,73.60,570,3556.95465,37800,5100,06-JAN-2025
OPTSTK,ADANIPORTS,27-Feb-2025,2025-02-27,1360.00,CE,0.00,0.00,0.00,62.10,19.35,0,0.00,0,0,06-JAN-2025
OPTSTK,ADANIPORTS,27-Feb-2025,2025-02-27,1300.00,PE,0.00,0.00,0.00,127.20,155.50,0,0.00,0,0,06-JAN-2025
OPTSTK,ACC,27-Mar-2025,2025-03-27,2080.00,PE,0.00,0.00,0.00,133.70,153.45,0,0.00,0,0,06-JAN-2025
OPTSTK,ACC,30-Jan-2025,2025-01-30,2160.00,CE,20.75,20.75,11.40,12.60,12.60,445,2903.58105,30900,-6000,06-JAN-2025
OPTSTK,ACC,27-Mar-2025,2025-03-27,2160.00,PE,0.00,0.00,0.00,175.45,205.80,0,0.00,0,0,06-JAN-2025
OPTSTK,ADANIPORTS,27-Feb-2025,2025-02-27,1200.00,CE,55.45,55.45,43.00,44.00,44.00,267,1331.931,88800,68800,06-JAN-2025
OPTSTK,ACC,27-Feb-2025,2025-02-27,2220.00,CE,0.00,0.00,0.00,88.10,26.25,0,0.00,0,0,06-JAN-2025
OPTSTK,ACC,27-Mar-2025,2025-03-27,2200.00,CE,0.00,0.00,0.00,126.00,51.00,0,0.00,0,0,06-JAN-2025
OPTSTK,ACC,27-Mar-2025,2025-03-27,1920.00,CE,0.00,0.00,0.00,271.75,165.40,0,0.00,0,0,06-JAN-2025
OPTSTK,ACC,27-Feb-2025,2025-02-27,2400.00,CE,0.00,0.00,0.00,102.80,7.05,0,0.00,0,0,06-JAN-2025
OPTSTK,ACC,30-Jan-2025,2025-01-30,2400.00,CE,1.15,1.25,0.75,0.95,0.95,516,3716.75835,453600,300,06-JAN-2025
OPTSTK,ADANIPORTS,27-Mar-2025,2025-03-27,1280.00,PE,0.00,0.00,0.00,132.70,152.60,0,0.00,0,0,06-JAN-2025
OPTSTK,ADANIPORTS,27-Feb-2025,2025-02-27,1280.00,CE,23.90,23.90,23.90,23.90,36.00,1,5.2156,400,400,06-JAN-2025
OPTSTK,ADANIPORTS,27-Mar-2025,2025-03-27,1280.00,CE,0.00,0.00,0.00,119.80,54.45,0,0.00,0,0,06-JAN-2025
OPTSTK,ADANIPORTS,27-Feb-2025,2025-02-27,1260.00,CE,0.00,0.00,0.00,104.40,41.65,0,0.00,0,0,06-JAN-2025
OPTSTK,ADANIPORTS,27-Feb-2025,2025-02-27,1360.00,PE,0.00,0.00,0.00,230.00,203.30,0,0.00,0,0,06-JAN-2025
OPTSTK,ADANIPORTS,30-Jan-2025,2025-01-30,1120.00,CE,75.90,79.50,66.30,68.65,68.65,33,157.122,20800,9200,06-JAN-2025
OPTSTK,ACC,27-Feb-2025,2025-02-27,2000.00,CE,92.00,95.00,91.90,91.90,95.10,3,18.8367,900,900,06-JAN-2025
OPTSTK,ACC,30-Jan-2025,2025-01-30,2440.00,CE,0.00,0.00,0.00,1.60,0.35,0,0.00,600,0,06-JAN-2025
OPTSTK,ADANIPORTS,30-Jan-2025,2025-01-30,1140.00,CE,72.15,72.15,53.30,55.15,55.15,152,730.2412,38800,10000,06-JAN-2025
OPTSTK,ADANIPORTS,27-Feb-2025,2025-02-27,1140.00,PE,0.00,0.00,0.00,51.30,57.25,0,0.00,0,0,06-JAN-2025
OPTSTK,ACC,27-Mar-2025,2025-03-27,2120.00,PE,0.00,0.00,0.00,153.80,178.70,0,0.00,0,0,06-JAN-2025
OPTSTK,ACC,27-Feb-2025,2025-02-27,2300.00,CE,0.00,0.00,0.00,63.80,15.05,0,0.00,0,0,06-JAN-2025
OPTSTK,ACC,30-Jan-2025,2025-01-30,2100.00,PE,82.50,134.00,82.50,126.00,126.00,153,1012.8222,109200,-6900,06-JAN-2025
OPTSTK,ACC,30-Jan-2025,2025-01-30,1940.00,PE,20.25,40.65,20.25,37.70,37.70,697,4123.94385,44700,-8100,06-JAN-2025
OPTSTK,ACC,30-Jan-2025,2025-01-30,1720.00,PE,3.00,4.25,2.95,4.10,1.95,18,93.0891,4800,4800,06-JAN-2025
OPTSTK,ASIANPAINT,27-Mar-2025,2025-03-27,2480.00,PE,0.00,0.00,0.00,225.40,207.70,0,0.00,0,0,06-JAN-2025
OPTSTK,ASIANPAINT,30-Jan-2025,2025-01-30,2480.00,PE,0.00,0.00,0.00,142.15,205.30,0,0.00,6800,0,06-JAN-2025
OPTSTK,ASIANPAINT,30-Jan-2025,2025-01-30,2060.00,CE,0.00,0.00,0.00,427.90,217.90,0,0.00,0,0,06-JAN-2025
OPTSTK,ASIANPAINT,30-Jan-2025,2025-01-30,2060.00,PE,3.70,6.90,2.20,6.65,6.65,656,2708.2921,113400,6200,06-JAN-2025
OPTSTK,ASIANPAINT,27-Mar-2025,2025-03-27,2000.00,PE,0.00,0.00,0.00,18.30,7.90,0,0.00,0,0,06-JAN-2025
OPTSTK,ASIANPAINT,30-Jan-2025,2025-01-30,2000.00,CE,0.00,0.00,0.00,354.00,276.35,0,0.00,9400,0,06-JAN-2025
OPTSTK,ASIANPAINT,30-Jan-2025,2025-01-30,2440.00,PE,120.35,168.20,119.25,166.50,168.55,43,221.1533,28000,3400,06-JAN-2025
OPTSTK,ASIANPAINT,27-Feb-2025,2025-02-27,2260.00,PE,64.35,64.35,60.05,64.00,64.00,5,23.2324,400,400,06-JAN-2025
OPTSTK,ASIANPAINT,30-Jan-2025,2025-01-30,2700.00,PE,380.00,405.00,380.00,405.00,420.95,3,18.53,28000,600,06-JAN-2025
OPTSTK,ASIANPAINT,30-Jan-2025,2025-01-30,2700.00,CE,1.55,1.55,1.05,1.25,1.25,906,4894.6887,285800,53600,06-JAN-2025
OPTSTK,ASIANPAINT,30-Jan-2025,2025-01-30,2480.00,CE,11.75,12.90,6.15,7.00,7.00,593,2950.981,59200,-3800,06-JAN-2025
OPTSTK,ASIANPAINT,27-Feb-2025,2025-02-27,2480.00,CE,0.00,0.00,0.00,35.00,16.30,0,0.00,400,0,06-JAN-2025
OPTSTK,ASIANPAINT,27-Mar-2025,2025-03-27,2000.00,CE,0.00,0.00,0.00,316.80,304.40,0,0.00,0,0,06-JAN-2025
OPTSTK,COFORGE,30-Jan-2025,2025-01-30,9500.00,CE,451.35,493.35,400.00,407.95,407.95,230,1715.41878,61725,-2100,06-JAN-2025
OPTSTK,COFORGE,27-Feb-2025,2025-02-27,9500.00,CE,0.00,0.00,0.00,659.20,578.00,0,0.00,0,0,06-JAN-2025
OPTSTK,COFORGE,27-Feb-2025,2025-02-27,9400.00,PE,0.00,0.00,0.00,1026.65,312.75,0,0.00,0,0,06-JAN-2025
OPTSTK,COFORGE,27-Mar-2025,2025-03-27,9400.00,PE,0.00,0.00,0.00,592.80,397.85,0,0.00,0,0,06-JAN-2025
OPTSTK,COFORGE,30-Jan-2025,2025-01-30,9400.00,CE,524.30,554.10,455.10,462.80,462.80,184,1366.86993,26850,-2100,06-JAN-2025
OPTSTK,LICI,30-Jan-2025,2025-01-30,760.00,PE,0.35,2.20,0.35,1.75,1.75,104,455.331862,96025,47725,06-JAN-2025
OPTSTK,LICI,30-Jan-2025,2025-01-30,810.00,PE,3.90,6.65,3.90,5.80,6.00,12,56.22465,5175,5175,06-JAN-2025
OPTSTK,LICI,27-Feb-2025,2025-02-27,810.00,CE,0.00,0.00,0.00,112.85,88.00,0,0.00,0,0,06-JAN-2025
OPTSTK,LICI,27-Feb-2025,2025-02-27,860.00,PE,24.75,24.85,24.55,24.55,31.45,4,20.348675,5750,1150,06-JAN-2025
OPTSTK,LICI,27-Feb-2025,2025-02-27,860.00,CE,0.00,0.00,0.00,127.55,55.55,0,0.00,0,0,06-JAN-2025
OPTSTK,LICI,27-Mar-2025,2025-03-27,860.00,CE,0.00,0.00,0.00,94.10,67.90,0,0.00,0,0,06-JAN-2025
OPTSTK,LICI,30-Jan-2025,2025-01-30,830.00,CE,59.00,59.00,59.00,59.00,59.75,1,5.11175,0,-575,06-JAN-2025
OPTSTK,LICI,27-Feb-2025,2025-02-27,830.00,PE,0.00,0.00,0.00,26.75,20.20,0,0.00,0,0,06-JAN-2025
OPTSTK,COFORGE,27-Feb-2025,2025-02-27,8900.00,PE,0.00,0.00,0.00,296.45,149.70,0,0.00,0,0,06-JAN-2025
OPTSTK,COFORGE,27-Feb-2025,2025-02-27,10400.00,CE,0.00,0.00,0.00,211.55,217.40,0,0.00,0,0,06-JAN-2025
OPTSTK,COFORGE,30-Jan-2025,2025-01-30,8900.00,CE,0.00,0.00,0.00,747.25,832.10,0,0.00,900,0,06-JAN-2025
OPTSTK,COFORGE,27-Mar-2025,2025-03-27,9800.00,CE,0.00,0.00,0.00,668.65,563.30,0,0.00,0,0,06-JAN-2025
OPTSTK,COFORGE,27-Mar-2025,2025-03-27,9800.00,PE,0.00,0.00,0.00,798.40,587.65,0,0.00,0,0,06-JAN-2025
OPTSTK,COFORGE,30-Jan-2025,2025-01-30,9800.00,PE,384.80,441.20,334.55,437.35,437.35,388,2961.44167,21375,-375,06-JAN-2025
OPTSTK,LICI,30-Jan-2025,2025-01-30,1020.00,CE,1.65,1.85,1.00,1.10,1.10,109,640.131687,91425,32200,06-JAN-2025
OPTSTK,COFORGE,27-Feb-2025,2025-02-27,9900.00,PE,0.00,0.00,0.00,765.55,559.50,0,0.00,0,0,06-JAN-2025
OPTSTK,COFORGE,30-Jan-2025,2025-01-30,9900.00,PE,410.00,474.45,382.90,469.80,443.30,54,418.307437,4425,900,06-JAN-2025
OPTSTK,LICI,27-Feb-2025,2025-02-27,850.00,CE,0.00,0.00,0.00,86.40,61.30,0,0.00,0,0,06-JAN-2025
OPTSTK,COFORGE,27-Mar-2025,2025-03-27,8800.00,CE,0.00,0.00,0.00,1201.40,1155.40,0,0.00,0,0,06-JAN-2025
OPTSTK,LICI,30-Jan-2025,2025-01-30,800.00,CE,0.00,0.00,0.00,90.60,83.85,0,0.00,1150,0,06-JAN-2025
OPTSTK,LICI,27-Feb-2025,2025-02-27,800.00,CE,0.00,0.00,0.00,170.45,95.55,0,0.00,0,0,06-JAN-2025
OPTSTK,LICI,27-Feb-2025,2025-02-27,880.00,CE,35.00,35.00,35.00,35.00,45.05,1,5.26125,575,575,06-JAN-2025
OPTSTK,LICI,27-Mar-2025,2025-03-27,880.00,CE,0.00,0.00,0.00,83.35,57.55,0,0.00,0,0,06-JAN-2025
OPTSTK,LICI,30-Jan-2025,2025-01-30,870.00,PE,9.35,25.15,9.35,23.65,23.65,215,1098.88767,86825,18400,06-JAN-2025
OPTSTK,COFORGE,30-Jan-2025,2025-01-30,9600.00,PE,291.35,334.30,246.45,324.95,324.95,1332,9884.98657,62175,450,06-JAN-2025
OPTSTK,LICI,27-Feb-2025,2025-02-27,890.00,CE,0.00,0.00,0.00,42.00,40.40,0,0.00,575,0,06-JAN-2025
OPTSTK,COFORGE,30-Jan-2025,2025-01-30,11000.00,CE,31.50,37.50,27.95,29.75,29.75,958,7926.85781,30450,4050,06-JAN-2025
OPTSTK,OIL,27-Feb-2025,2025-02-27,380.00,CE,0.00,0.00,0.00,139.45,86.80,0,0.00,0,0,06-JAN-2025
OPTSTK,OIL,27-Feb-2025,2025-02-27,380.00,PE,0.10,0.10,0.10,0.10,5.40,1,4.086075,1075,1075,06-JAN-2025
OPTSTK,OIL,27-Mar-2025,2025-03-27,380.00,PE,0.00,0.00,0.00,20.60,9.50,0,0.00,0,0,06-JAN-2025
OPTSTK,OIL,27-Feb-2025,2025-02-27,390.00,PE,0.00,0.00,0.00,18.55,7.20,0,0.00,0,0,06-JAN-2025
OPTSTK,NHPC,27-Feb-2025,2025-02-27,72.00,PE,0.00,0.00,0.00,1.65,1.50,0,0.00,256000,0,06-JAN-2025
OPTSTK,NHPC,27-Feb-2025,2025-02-27,68.00,CE,0.00,0.00,0.00,18.40,12.65,0,0.00,0,0,06-JAN-2025
OPTSTK,NHPC,27-Feb-2025,2025-02-27,68.00,PE,0.00,0.00,0.00,1.70,0.70,0,0.00,0,0,06-JAN-2025
OPTSTK,NHPC,30-Jan-2025,2025-01-30,68.00,PE,0.20,0.35,0.20,0.30,0.30,54,235.8848,377600,300800,06-JAN-2025
OPTSTK,NHPC,27-Feb-2025,2025-02-27,71.00,CE,0.00,0.00,0.00,13.65,10.20,0,0.00,0,0,06-JAN-2025
OPTSTK,NHPC,27-Feb-2025,2025-02-27,67.00,PE,0.00,0.00,0.00,0.95,0.55,0,0.00,0,0,06-JAN-2025
OPTSTK,NHPC,30-Jan-2025,2025-01-30,67.00,CE,0.00,0.00,0.00,18.25,12.70,0,0.00,0,0,06-JAN-2025
OPTSTK,OIL,27-Mar-2025,2025-03-27,540.00,PE,0.00,0.00,0.00,117.90,91.05,0,0.00,0,0,06-JAN-2025
OPTSTK,OIL,30-Jan-2025,2025-01-30,540.00,CE,3.15,3.15,1.15,1.25,1.25,348,2026.3922,244025,-32250,06-JAN-2025
OPTSTK,OIL,27-Mar-2025,2025-03-27,540.00,CE,0.00,0.00,0.00,14.70,16.75,0,0.00,0,0,06-JAN-2025
OPTSTK,NHPC,27-Mar-2025,2025-03-27,84.00,CE,0.00,0.00,0.00,7.40,4.25,0,0.00,0,0,06-JAN-2025
OPTSTK,OIL,27-Feb-2025,2025-02-27,440.00,PE,0.00,0.00,0.00,22.20,22.55,0,0.00,0,0,06-JAN-2025
OPTSTK,NHPC,30-Jan-2025,2025-01-30,87.00,PE,0.00,0.00,0.00,4.95,8.20,0,0.00,44800,0,06-JAN-2025
OPTSTK,NHPC,27-Feb-2025,2025-02-27,87.00,PE,0.00,0.00,0.00,8.60,9.00,0,0.00,0,0,06-JAN-2025
OPTSTK,NHPC,27-Mar-2025,2025-03-27,72.00,PE,0.00,0.00,0.00,2.80,2.25,0,0.00,0,0,06-JAN-2025
OPTSTK,OIL,30-Jan-2025,2025-01-30,530.00,CE,4.35,4.40,1.60,1.70,1.70,250,1431.58932,120400,32250,06-JAN-2025
OPTSTK,OIL,30-Jan-2025,2025-01-30,470.00,PE,12.65,23.90,12.65,23.15,23.15,402,2111.64937,235425,1075,06-JAN-2025
OPTSTK,OIL,27-Mar-2025,2025-03-27,380.00,CE,0.00,0.00,0.00,74.50,92.80,0,0.00,0,0,06-JAN-2025
OPTSTK,OIL,27-Feb-2025,2025-02-27,530.00,CE,0.00,0.00,0.00,10.05,11.60,0,0.00,0,0,06-JAN-2025
OPTSTK,NHPC,30-Jan-2025,2025-01-30,80.00,PE,1.60,3.60,1.60,3.55,3.55,497,2637.0912,1427200,0,06-JAN-2025
OPTSTK,NHPC,30-Jan-2025,2025-01-30,80.00,CE,4.10,4.15,2.30,2.45,2.45,631,3340.8992,1843200,947200,06-JAN-2025
OPTSTK,NHPC,27-Feb-2025,2025-02-27,80.00,CE,0.00,0.00,0.00,4.20,4.60,0,0.00,6400,0,06-JAN-2025
OPTSTK,NHPC,30-Jan-2025,2025-01-30,68.00,CE,0.00,0.00,0.00,17.40,11.75,0,0.00,0,0,06-JAN-2025
OPTSTK,OIL,27-Feb-2025,2025-02-27,470.00,PE,0.00,0.00,0.00,60.45,37.45,0,0.00,0,0,06-JAN-2025
OPTSTK,OIL,30-Jan-2025,2025-01-30,530.00,PE,0.00,0.00,0.00,56.05,73.65,0,0.00,0,0,06-JAN-2025
OPTSTK,OIL,30-Jan-2025,2025-01-30,470.00,CE,24.55,24.80,12.45,13.35,13.35,389,2032.36113,249400,51600,06-JAN-2025
OPTSTK,NHPC,27-Mar-2025,2025-03-27,92.00,PE,0.00,0.00,0.00,12.80,13.40,0,0.00,0,0,06-JAN-2025
OPTSTK,NHPC,30-Jan-2025,2025-01-30,92.00,CE,0.60,0.65,0.30,0.35,0.25,86,508.4768,652800,147200,06-JAN-2025
OPTSTK,OIL,27-Mar-2025,2025-03-27,360.00,PE,0.00,0.00,0.00,14.40,5.85,0,0.00,0,0,06-JAN-2025
OPTSTK,INDIANB,30-Jan-2025,2025-01-30,600.00,CE,1.80,1.95,1.30,1.65,1.65,150,857.19735,647900,-19950,06-JAN-2025
OPTSTK,HAL,30-Jan-2025,2025-01-30,4300.00,PE,156.80,267.95,156.80,246.05,246.05,539,3647.0181,322500,-15450,06-JAN-2025
OPTSTK,HAL,30-Jan-2025,2025-01-30,3700.00,PE,9.90,24.60,9.50,21.30,21.30,999,5571.31522,56250,20700,06-JAN-2025
OPTSTK,HAL,27-Feb-2025,2025-02-27,3400.00,PE,25.00,25.00,25.00,25.00,18.15,1,5.1375,150,150,06-JAN-2025
OPTSTK,HAL,30-Jan-2025,2025-01-30,4500.00,CE,37.80,37.80,23.30,24.90,24.90,5224,35487.5872,590850,-45450,06-JAN-2025
OPTSTK,HAL,30-Jan-2025,2025-01-30,4450.00,CE,42.90,44.75,28.55,29.90,29.90,637,4286.03647,31200,-8700,06-JAN-2025
OPTSTK,HAL,27-Mar-2025,2025-03-27,3900.00,CE,0.00,0.00,0.00,594.05,421.75,0,0.00,0,0,06-JAN-2025
OPTSTK,HAL,27-Feb-2025,2025-02-27,3900.00,PE,82.20,111.65,82.20,111.65,111.65,20,120.130425,4200,1500,06-JAN-2025
OPTSTK,HAL,27-Feb-2025,2025-02-27,3750.00,PE,0.00,0.00,0.00,103.40,75.65,0,0.00,0,0,06-JAN-2025
OPTSTK,HAL,27-Feb-2025,2025-02-27,3750.00,CE,0.00,0.00,0.00,629.60,463.25,0,0.00,0,0,06-JAN-2025
OPTSTK,HAL,30-Jan-2025,2025-01-30,3750.00,CE,0.00,0.00,0.00,559.35,399.35,0,0.00,0,0,06-JAN-2025
OPTSTK,HAL,30-Jan-2025,2025-01-30,3200.00,PE,3.00,3.90,1.00,3.85,0.40,6,28.829175,2700,-150,06-JAN-2025
OPTSTK,HAL,27-Feb-2025,2025-02-27,3900.00,CE,0.00,0.00,0.00,526.30,360.50,0,0.00,0,0,06-JAN-2025
OPTSTK,INDIANB,27-Mar-2025,2025-03-27,540.00,CE,0.00,0.00,0.00,55.95,26.90,0,0.00,0,0,06-JAN-2025
OPTSTK,INDIANB,27-Feb-2025,2025-02-27,440.00,PE,0.00,0.00,0.00,6.45,4.70,0,0.00,0,0,06-JAN-2025
OPTSTK,INDIANB,27-Mar-2025,2025-03-27,440.00,CE,0.00,0.00,0.00,120.85,84.50,0,0.00,0,0,06-JAN-2025
OPTSTK,HAL,27-Feb-2025,2025-02-27,4300.00,CE,178.00,204.30,137.00,137.65,137.65,49,327.389775,7800,3450,06-JAN-2025
OPTSTK,INDIANB,27-Feb-2025,2025-02-27,470.00,CE,0.00,0.00,0.00,90.55,55.45,0,0.00,0,0,06-JAN-2025
OPTSTK,INDIANB,30-Jan-2025,2025-01-30,590.00,PE,0.00,0.00,0.00,72.25,79.35,0,0.00,2850,0,06-JAN-2025
OPTSTK,INDIANB,27-Feb-2025,2025-02-27,590.00,PE,0.00,0.00,0.00,64.85,81.70,0,0.00,0,0,06-JAN-2025
OPTSTK,HAL,27-Mar-2025,2025-03-27,3800.00,CE,0.00,0.00,0.00,658.15,485.10,0,0.00,0,0,06-JAN-2025
OPTSTK,INDIANB,27-Feb-2025,2025-02-27,500.00,PE,0.00,0.00,0.00,18.90,22.05,0,0.00,0,0,06-JAN-2025
OPTSTK,INDIANB,27-Mar-2025,2025-03-27,500.00,PE,0.00,0.00,0.00,25.30,27.65,0,0.00,0,0,06-JAN-2025
OPTSTK,INDIANB,27-Mar-2025,2025-03-27,540.00,PE,0.00,0.00,0.00,42.40,49.20,0,0.00,0,0,06-JAN-2025
OPTSTK,HAL,27-Mar-2025,2025-03-27,4200.00,CE,0.00,0.00,0.00,250.00,265.25,0,0.00,450,0,06-JAN-2025
OPTSTK,INDIANB,27-Feb-2025,2025-02-27,460.00,CE,0.00,0.00,0.00,130.90,62.75,0,0.00,0,0,06-JAN-2025
OPTSTK,INDIANB,30-Jan-2025,2025-01-30,460.00,CE,0.00,0.00,0.00,124.45,55.10,0,0.00,0,0,06-JAN-2025
OPTSTK,INDIANB,27-Mar-2025,2025-03-27,460.00,PE,0.00,0.00,0.00,13.30,13.05,0,0.00,0,0,06-JAN-2025
OPTSTK,INDIANB,30-Jan-2025,2025-01-30,470.00,PE,5.15,7.30,4.75,6.35,6.35,100,452.40425,97850,28500,06-JAN-2025
OPTSTK,HAL,27-Feb-2025,2025-02-27,3400.00,CE,0.00,0.00,0.00,1171.85,752.45,0,0.00,0,0,06-JAN-2025
OPTSTK,HAL,27-Mar-2025,2025-03-27,3400.00,PE,0.00,0.00,0.00,63.15,37.75,0,0.00,0,0,06-JAN-2025
OPTSTK,INDIANB,27-Feb-2025,2025-02-27,620.00,PE,0.00,0.00,0.00,74.70,107.95,0,0.00,0,0,06-JAN-2025
OPTSTK,COALINDIA,30-Jan-2025,2025-01-30,350.00,PE,0.75,2.25,0.75,2.10,2.10,1607,5933.26282,1013250,22050,06-JAN-2025
OPTSTK,COALINDIA,27-Feb-2025,2025-02-27,350.00,CE,0.00,0.00,0.00,49.80,37.60,0,0.00,118650,0,06-JAN-2025
OPTSTK,GLENMARK,30-Jan-2025,2025-01-30,1520.00,PE,8.75,13.10,8.75,12.15,12.15,70,348.46695,106600,-975,06-JAN-2025
OPTSTK,COALINDIA,27-Mar-2025,2025-03-27,430.00,CE,0.00,0.00,0.00,15.25,7.35,0,0.00,0,0,06-JAN-2025
OPTSTK,COALINDIA,30-Jan-2025,2025-01-30,430.00,CE,1.25,1.35,0.55,0.70,0.70,692,3129.99435,922950,46200,06-JAN-2025
OPTSTK,COALINDIA,27-Mar-2025,2025-03-27,360.00,CE,0.00,0.00,0.00,46.90,35.35,0,0.00,0,0,06-JAN-2025
FUTSTK,COALINDIA,27-Feb-2025,2025-02-27,,,393.90,393.90,378.25,379.90,379.90,863,3486.37905,3404100,123900,06-JAN-2025
OPTSTK,GLENMARK,27-Feb-2025,2025-02-27,1600.00,PE,0.00,0.00,0.00,50.25,55.25,0,0.00,325,0,06-JAN-2025
OPTSTK,COALINDIA,30-Jan-2025,2025-01-30,380.00,PE,4.20,10.65,4.20,9.85,9.85,3402,13865.2736,1510950,-187950,06-JAN-2025
OPTSTK,COALINDIA,27-Feb-2025,2025-02-27,380.00,CE,20.00,20.00,14.95,15.50,15.50,22,91.781025,49350,15750,06-JAN-2025
OPTSTK,COALINDIA,30-Jan-2025,2025-01-30,465.00,PE,0.00,0.00,0.00,75.00,84.25,0,0.00,17850,0,06-JAN-2025
OPTSTK,GLENMARK,27-Feb-2025,2025-02-27,1360.00,CE,0.00,0.00,0.00,204.15,280.40,0,0.00,0,0,06-JAN-2025
OPTSTK,GLENMARK,30-Jan-2025,2025-01-30,1740.00,CE,16.00,16.00,10.25,13.75,13.75,107,609.576175,69550,-5200,06-JAN-2025
OPTSTK,COALINDIA,30-Jan-2025,2025-01-30,415.00,PE,24.15,36.40,24.15,36.40,36.60,24,112.6986,120750,5250,06-JAN-2025
OPTSTK,COALINDIA,27-Feb-2025,2025-02-27,415.00,CE,0.00,0.00,0.00,14.50,6.60,0,0.00,0,0,06-JAN-2025
OPTSTK,COALINDIA,27-Feb-2025,2025-02-27,415.00,PE,0.00,0.00,0.00,37.70,38.90,0,0.00,0,0,06-JAN-2025
OPTSTK,GLENMARK,27-Feb-2025,2025-02-27,1700.00,PE,0.00,0.00,0.00,181.10,109.15,0,0.00,0,0,06-JAN-2025
OPTSTK,GLENMARK,30-Jan-2025,2025-01-30,1480.00,PE,5.85,7.80,5.20,7.60,7.60,16,77.32595,80925,325,06-JAN-2025
OPTSTK,COALINDIA,27-Feb-2025,2025-02-27,345.00,PE,0.00,0.00,0.00,6.45,4.40,0,0.00,0,0,06-JAN-2025
OPTSTK,GLENMARK,30-Jan-2025,2025-01-30,1600.00,PE,26.60,37.20,26.00,34.65,34.65,917,4865.02965,169975,4225,06-JAN-2025
OPTSTK,COALINDIA,27-Feb-2025,2025-02-27,410.00,CE,8.10,8.10,5.70,5.90,7.80,32,139.888875,56700,12600,06-JAN-2025
OPTSTK,GLENMARK,30-Jan-2025,2025-01-30,1460.00,PE,10.05,10.05,4.90,5.75,5.75,30,142.904775,51350,650,06-JAN-2025
OPTSTK,COALINDIA,30-Jan-2025,2025-01-30,410.00,PE,20.35,31.45,20.35,30.70,30.70,82,376.23705,564900,9450,06-JAN-2025
OPTSTK,COALINDIA,30-Jan-2025,2025-01-30,410.00,CE,4.40,4.40,1.70,1.85,1.85,3431,14851.6441,2317350,460950,06-JAN-2025
OPTSTK,COALINDIA,30-Jan-2025,2025-01-30,400.00,CE,7.70,7.75,3.25,3.50,3.50,5440,23102.4512,2859150,73500,06-JAN-2025
OPTSTK,GLENMARK,30-Jan-2025,2025-01-30,1360.00,PE,0.00,0.00,0.00,1.20,0.40,0,0.00,127075,0,06-JAN-2025
OPTSTK,GLENMARK,30-Jan-2025,2025-01-30,1800.00,PE,0.00,0.00,0.00,160.30,174.70,0,0.00,3250,0,06-JAN-2025
OPTSTK,GLENMARK,27-Mar-2025,2025-03-27,1680.00,PE,0.00,0.00,0.00,178.10,109.30,0,0.00,0,0,06-JAN-2025
OPTSTK,COALINDIA,27-Feb-2025,2025-02-27,320.00,CE,0.00,0.00,0.00,103.15,62.95,0,0.00,0,0,06-JAN-2025
OPTSTK,COALINDIA,27-Mar-2025,2025-03-27,400.00,PE,0.00,0.00,0.00,31.85,30.90,0,0.00,0,0,06-JAN-2025
OPTSTK,GLENMARK,30-Jan-2025,2025-01-30,1620.00,PE,37.35,46.60,33.25,43.55,43.55,391,2110.20387,82875,-1950,06-JAN-2025
OPTSTK,MUTHOOTFIN,30-Jan-2025,2025-01-30,2300.00,CE,45.20,45.25,18.25,24.05,24.05,1164,7440.66881,143825,-28875,06-JAN-2025
OPTSTK,MUTHOOTFIN,27-Feb-2025,2025-02-27,1940.00,CE,0.00,0.00,0.00,195.25,274.75,0,0.00,0,0,06-JAN-2025
FUTSTK,CAMS,30-Jan-2025,2025-01-30,,,5060.15,5110.05,4823.20,4840.30,4840.30,3271,20117.6774,608625,45250,06-JAN-2025
OPTSTK,VBL,27-Mar-2025,2025-03-27,640.00,PE,0.00,0.00,0.00,53.35,39.90,0,0.00,0,0,06-JAN-2025
OPTSTK,VBL,30-Jan-2025,2025-01-30,660.00,CE,15.10,15.10,9.20,10.85,10.85,755,4435.97787,508375,-54250,06-JAN-2025
OPTSTK,CAMS,27-Feb-2025,2025-02-27,4500.00,CE,0.00,0.00,0.00,666.05,503.60,0,0.00,0,0,06-JAN-2025
OPTSTK,MUTHOOTFIN,30-Jan-2025,2025-01-30,2120.00,PE,18.00,35.70,17.80,33.20,33.20,869,5134.49007,113025,-18150,06-JAN-2025
OPTSTK,CAMS,27-Mar-2025,2025-03-27,5600.00,PE,0.00,0.00,0.00,776.80,784.40,0,0.00,0,0,06-JAN-2025
OPTSTK,CAMS,27-Feb-2025,2025-02-27,5600.00,CE,0.00,0.00,0.00,223.75,65.50,0,0.00,0,0,06-JAN-2025
OPTSTK,MUTHOOTFIN,27-Feb-2025,2025-02-27,2080.00,CE,0.00,0.00,0.00,73.20,163.55,0,0.00,0,0,06-JAN-2025
OPTSTK,VBL,30-Jan-2025,2025-01-30,740.00,PE,0.00,0.00,0.00,113.40,106.90,0,0.00,0,0,06-JAN-2025
OPTSTK,VBL,27-Feb-2025,2025-02-27,740.00,PE,0.00,0.00,0.00,117.35,107.40,0,0.00,0,0,06-JAN-2025
OPTSTK,MUTHOOTFIN,30-Jan-2025,2025-01-30,1860.00,PE,1.45,1.55,0.40,1.55,0.40,5,25.592875,14025,0,06-JAN-2025
OPTSTK,VBL,30-Jan-2025,2025-01-30,740.00,CE,1.55,1.55,0.85,0.95,0.95,242,1569.27006,267750,30625,06-JAN-2025
OPTSTK,VBL,27-Feb-2025,2025-02-27,740.00,CE,0.00,0.00,0.00,21.40,5.15,0,0.00,0,0,06-JAN-2025
OPTSTK,MUTHOOTFIN,27-Mar-2025,2025-03-27,2400.00,PE,0.00,0.00,0.00,334.65,225.95,0,0.00,0,0,06-JAN-2025
OPTSTK,CAMS,30-Jan-2025,2025-01-30,4700.00,PE,53.00,134.65,51.05,131.00,131.00,170,1019.02662,14500,3625,06-JAN-2025
OPTSTK,MUTHOOTFIN,27-Feb-2025,2025-02-27,1760.00,PE,0.00,0.00,0.00,48.15,0.95,0,0.00,0,0,06-JAN-2025
OPTSTK,MUTHOOTFIN,27-Mar-2025,2025-03-27,1760.00,PE,0.00,0.00,0.00,20.90,3.30,0,0.00,0,0,06-JAN-2025
OPTSTK,CAMS,30-Jan-2025,2025-01-30,4900.00,CE,233.75,233.75,152.75,166.80,166.80,317,2019.08156,15250,8750,06-JAN-2025
OPTSTK,MUTHOOTFIN,27-Feb-2025,2025-02-27,1800.00,PE,0.00,0.00,0.00,60.60,1.75,0,0.00,0,0,06-JAN-2025
OPTSTK,CAMS,27-Feb-2025,2025-02-27,4800.00,PE,0.00,0.00,0.00,346.50,221.20,0,0.00,0,0,06-JAN-2025
OPTSTK,CAMS,27-Mar-2025,2025-03-27,6000.00,CE,0.00,0.00,0.00,150.45,58.80,0,0.00,0,0,06-JAN-2025
OPTSTK,MUTHOOTFIN,30-Jan-2025,2025-01-30,2260.00,CE,58.00,63.75,27.40,35.40,35.40,1077,6805.87765,250250,-30250,06-JAN-2025
OPTSTK,MUTHOOTFIN,27-Mar-2025,2025-03-27,2240.00,PE,0.00,0.00,0.00,215.85,122.05,0,0.00,0,0,06-JAN-2025
OPTSTK,CAMS,30-Jan-2025,2025-01-30,5500.00,PE,0.00,0.00,0.00,396.00,646.65,0,0.00,1000,0,06-JAN-2025
OPTSTK,VBL,27-Feb-2025,2025-02-27,630.00,CE,0.00,0.00,0.00,46.30,35.55,0,0.00,875,0,06-JAN-2025
OPTSTK,CAMS,30-Jan-2025,2025-01-30,5300.00,CE,95.80,95.80,43.50,48.40,48.40,466,3122.11012,38250,2875,06-JAN-2025
OPTSTK,CAMS,30-Jan-2025,2025-01-30,5300.00,PE,0.00,0.00,0.00,280.00,473.75,0,0.00,5750,0,06-JAN-2025
OPTSTK,MUTHOOTFIN,27-Feb-2025,2025-02-27,2000.00,PE,0.00,0.00,0.00,153.20,19.00,0,0.00,0,0,06-JAN-2025
OPTSTK,MUTHOOTFIN,27-Feb-2025,2025-02-27,2160.00,CE,0.00,0.00,0.00,51.85,113.35,0,0.00,0,0,06-JAN-2025
OPTSTK,MUTHOOTFIN,27-Feb-2025,2025-02-27,2440.00,PE,0.00,0.00,0.00,497.15,251.10,0,0.00,0,0,06-JAN-2025
OPTSTK,HEROMOTOCO,27-Feb-2025,2025-02-27,4350.00,CE,0.00,0.00,0.00,203.45,113.95,0,0.00,0,0,06-JAN-2025
OPTSTK,HEROMOTOCO,30-Jan-2025,2025-01-30,5000.00,PE,717.80,768.45,705.55,765.45,775.50,48,414.138975,27750,1050,06-JAN-2025
OPTSTK,HEROMOTOCO,27-Feb-2025,2025-02-27,5000.00,CE,16.00,19.85,12.05,12.05,7.45,12,90.282825,5550,750,06-JAN-2025
OPTSTK,HEROMOTOCO,27-Feb-2025,2025-02-27,3900.00,CE,0.00,0.00,0.00,481.20,379.40,0,0.00,0,0,06-JAN-2025
OPTSTK,M&MFIN,27-Mar-2025,2025-03-27,290.00,CE,0.00,0.00,0.00,12.40,9.95,0,0.00,0,0,06-JAN-2025
OPTSTK,M&MFIN,27-Feb-2025,2025-02-27,305.00,CE,0.00,0.00,0.00,5.25,3.25,0,0.00,0,0,06-JAN-2025
OPTSTK,M&MFIN,27-Feb-2025,2025-02-27,290.00,CE,0.00,0.00,0.00,15.40,6.60,0,0.00,0,0,06-JAN-2025
OPTSTK,ICICIGI,30-Jan-2025,2025-01-30,1560.00,CE,0.00,0.00,0.00,391.20,259.80,0,0.00,0,0,06-JAN-2025
OPTSTK,HEROMOTOCO,30-Jan-2025,2025-01-30,3900.00,PE,14.00,21.70,10.75,19.85,19.85,901,5292.81202,85050,-13650,06-JAN-2025
OPTSTK,ICICIGI,30-Jan-2025,2025-01-30,1580.00,PE,0.00,0.00,0.00,4.95,0.30,0,0.00,0,0,06-JAN-2025
OPTSTK,HEROMOTOCO,27-Mar-2025,2025-03-27,4500.00,PE,0.00,0.00,0.00,338.35,339.15,0,0.00,0,0,06-JAN-2025
OPTSTK,HEROMOTOCO,27-Mar-2025,2025-03-27,4500.00,CE,0.00,0.00,0.00,147.00,107.95,0,0.00,150,0,06-JAN-2025
OPTSTK,ICICIGI,30-Jan-2025,2025-01-30,1560.00,PE,2.25,2.90,2.25,2.90,0.15,2,7.812875,52250,500,06-JAN-2025
OPTSTK,M&MFIN,27-Mar-2025,2025-03-27,300.00,PE,0.00,0.00,0.00,38.50,31.65,0,0.00,0,0,06-JAN-2025
OPTSTK,ICICIGI,27-Mar-2025,2025-03-27,1680.00,CE,0.00,0.00,0.00,237.80,178.80,0,0.00,0,0,06-JAN-2025
OPTSTK,ICICIGI,27-Feb-2025,2025-02-27,1680.00,CE,0.00,0.00,0.00,245.65,162.15,0,0.00,0,0,06-JAN-2025
OPTSTK,M&MFIN,30-Jan-2025,2025-01-30,275.00,CE,8.90,14.55,7.60,8.35,8.35,839,4790.579,778000,-114000,06-JAN-2025
OPTSTK,HEROMOTOCO,30-Jan-2025,2025-01-30,4700.00,CE,12.85,14.80,8.80,9.40,9.40,1030,7279.9821,172950,2850,06-JAN-2025
OPTSTK,HEROMOTOCO,30-Jan-2025,2025-01-30,4700.00,PE,470.00,470.00,470.00,470.00,482.15,1,7.755,19350,-150,06-JAN-2025
OPTSTK,HEROMOTOCO,30-Jan-2025,2025-01-30,4550.00,CE,24.50,31.60,18.00,19.10,19.10,693,4756.1208,56700,1800,06-JAN-2025
OPTSTK,M&MFIN,27-Feb-2025,2025-02-27,285.00,CE,0.00,0.00,0.00,10.25,8.15,0,0.00,0,0,06-JAN-2025
OPTSTK,M&MFIN,30-Jan-2025,2025-01-30,285.00,PE,12.65,18.15,11.95,17.75,16.65,139,834.115,268000,58000,06-JAN-2025
OPTSTK,M&MFIN,27-Feb-2025,2025-02-27,285.00,PE,0.00,0.00,0.00,26.10,19.45,0,0.00,0,0,06-JAN-2025
OPTSTK,M&MFIN,30-Jan-2025,2025-01-30,285.00,CE,5.85,9.30,4.30,4.80,4.80,1766,10300.147,694000,-12000,06-JAN-2025
OPTSTK,ICICIGI,30-Jan-2025,2025-01-30,1760.00,PE,24.95,35.60,22.60,30.65,30.65,264,1180.66262,26000,3250,06-JAN-2025
OPTSTK,ICICIGI,30-Jan-2025,2025-01-30,1760.00,CE,105.10,105.10,89.95,91.80,79.40,6,27.881,16750,250,06-JAN-2025
OPTSTK,M&MFIN,27-Feb-2025,2025-02-27,265.00,CE,0.00,0.00,0.00,8.20,17.30,0,0.00,2000,0,06-JAN-2025
OPTSTK,M&MFIN,30-Jan-2025,2025-01-30,265.00,PE,9.00,9.00,4.00,7.30,7.30,857,4638.476,856000,-6000,06-JAN-2025
OPTSTK,M&MFIN,27-Mar-2025,2025-03-27,270.00,CE,0.00,0.00,0.00,20.05,18.30,0,0.00,0,0,06-JAN-2025
OPTSTK,ICICIGI,27-Feb-2025,2025-02-27,1920.00,CE,0.00,0.00,0.00,97.00,30.05,0,0.00,0,0,06-JAN-2025
OPTSTK,M&MFIN,30-Jan-2025,2025-01-30,320.00,PE,39.50,49.15,39.50,49.15,49.15,18,131.816,80000,10000,06-JAN-2025
OPTSTK,ICICIGI,27-Feb-2025,2025-02-27,2120.00,CE,0.00,0.00,0.00,34.85,3.35,0,0.00,0,0,06-JAN-2025
OPTSTK,WIPRO,27-Feb-2025,2025-02-27,255.00,PE,0.00,0.00,0.00,9.90,1.05,0,0.00,0,0,06-JAN-2025
OPTSTK,WIPRO,27-Feb-2025,2025-02-27,315.00,CE,0.00,0.00,0.00,9.00,6.10,0,0.00,3000,0,06-JAN-2025
OPTSTK,WIPRO,27-Mar-2025,2025-03-27,315.00,PE,0.00,0.00,0.00,21.45,25.50,0,0.00,0,0,06-JAN-2025
OPTSTK,WIPRO,27-Mar-2025,2025-03-27,315.00,CE,0.00,0.00,0.00,17.20,9.45,0,0.00,0,0,06-JAN-2025
OPTSTK,WIPRO,27-Feb-2025,2025-02-27,305.00,PE,0.00,0.00,0.00,52.55,17.15,0,0.00,0,0,06-JAN-2025
OPTSTK,WIPRO,27-Feb-2025,2025-02-27,277.50,CE,0.00,0.00,0.00,35.45,24.40,0,0.00,0,0,06-JAN-2025
OPTSTK,WIPRO,27-Feb-2025,2025-02-27,255.00,CE,0.00,0.00,0.00,81.30,42.80,0,0.00,0,0,06-JAN-2025
OPTSTK,WIPRO,27-Feb-2025,2025-02-27,270.00,CE,0.00,0.00,0.00,60.25,30.05,0,0.00,0,0,06-JAN-2025
OPTSTK,WIPRO,30-Jan-2025,2025-01-30,275.00,PE,3.05,4.10,2.50,3.70,3.70,568,4744.9905,1803000,177000,06-JAN-2025
OPTSTK,WIPRO,27-Feb-2025,2025-02-27,275.00,PE,0.00,0.00,0.00,4.30,4.30,0,0.00,90000,0,06-JAN-2025
FUTSTK,WIPRO,30-Jan-2025,2025-01-30,,,295.05,298.15,291.65,294.90,294.90,7438,65855.1705,63225000,447000,06-JAN-2025
OPTSTK,WIPRO,30-Jan-2025,2025-01-30,275.00,CE,24.45,25.85,21.50,22.95,22.30,13,116.808,63000,30000,06-JAN-2025
OPTSTK,WIPRO,27-Mar-2025,2025-03-27,250.00,PE,0.00,0.00,0.00,1.65,1.55,0,0.00,0,0,06-JAN-2025
OPTSTK,WIPRO,27-Feb-2025,2025-02-27,280.00,CE,0.00,0.00,0.00,48.30,22.65,0,0.00,0,0,06-JAN-2025
OPTSTK,WIPRO,30-Jan-2025,2025-01-30,282.50,PE,4.35,6.45,4.15,5.85,5.85,324,2798.0415,483000,87000,06-JAN-2025
OPTSTK,WIPRO,27-Feb-2025,2025-02-27,282.50,PE,0.00,0.00,0.00,5.65,6.50,0,0.00,0,0,06-JAN-2025
OPTSTK,WIPRO,30-Jan-2025,2025-01-30,297.50,PE,11.50,13.50,9.75,12.00,12.00,486,4504.344,474000,57000,06-JAN-2025
OPTSTK,WIPRO,27-Feb-2025,2025-02-27,297.50,PE,0.00,0.00,0.00,10.65,12.90,0,0.00,0,0,06-JAN-2025
OPTSTK,WIPRO,27-Feb-2025,2025-02-27,310.00,PE,0.00,0.00,0.00,59.00,20.35,0,0.00,0,0,06-JAN-2025
OPTSTK,WIPRO,30-Jan-2025,2025-01-30,327.50,CE,1.40,1.75,1.40,1.75,1.75,181,1787.076,507000,156000,06-JAN-2025
OPTSTK,WIPRO,27-Mar-2025,2025-03-27,335.00,PE,0.00,0.00,0.00,34.05,40.35,0,0.00,0,0,06-JAN-2025
OPTSTK,WIPRO,30-Jan-2025,2025-01-30,277.50,PE,3.60,4.80,2.95,4.40,4.40,306,2582.367,606000,183000,06-JAN-2025
OPTSTK,WIPRO,27-Feb-2025,2025-02-27,340.00,CE,0.00,0.00,0.00,9.00,1.75,0,0.00,0,0,06-JAN-2025
OPTSTK,WIPRO,30-Jan-2025,2025-01-30,340.00,PE,45.10,45.10,45.10,45.10,44.45,1,11.553,27000,0,06-JAN-2025
OPTSTK,WIPRO,30-Jan-2025,2025-01-30,290.00,PE,9.50,9.70,6.60,8.60,8.60,1261,11279.493,1842000,-150000,06-JAN-2025
OPTSTK,WIPRO,27-Mar-2025,2025-03-27,290.00,CE,0.00,0.00,0.00,30.40,20.20,0,0.00,0,0,06-JAN-2025
OPTSTK,WIPRO,27-Feb-2025,2025-02-27,290.00,PE,10.00,11.25,9.85,11.00,11.00,18,162.2805,66000,24000,06-JAN-2025
OPTSTK,WIPRO,30-Jan-2025,2025-01-30,290.00,CE,13.25,15.10,11.65,13.45,13.45,749,6814.8255,2157000,252000,06-JAN-2025
OPTSTK,WIPRO,27-Feb-2025,2025-02-27,325.00,PE,0.00,0.00,0.00,80.55,31.40,0,0.00,0,0,06-JAN-2025
OPTSTK,WIPRO,30-Jan-2025,2025-01-30,325.00,CE,1.65,2.10,1.65,2.05,2.05,486,4765.9665,1431000,-15000,06-JAN-2025
OPTSTK,WIPRO,30-Jan-2025,2025-01-30,265.00,PE,1.30,2.05,1.10,1.90,1.90,361,2887.83,1143000,351000,06-JAN-2025
OPTSTK,WIPRO,27-Feb-2025,2025-02-27,337.50,PE,0.00,0.00,0.00,34.45,42.00,0,0.00,0,0,06-JAN-2025
OPTIDX,NIFTY,30-Jan-2025,2025-01-30,25000.00,CE,52.40,59.80,28.75,30.10,30.10,315398,1974213.56,4586125,-651200,06-JAN-2025
OPTIDX,NIFTY,30-Jan-2025,2025-01-30,25000.00,PE,930.05,1360.55,905.20,1298.35,1298.35,11745,76890.8992,1589400,-55000,06-JAN-2025
OPTIDX,NIFTY,09-Jan-2025,2025-01-09,23400.00,CE,635.00,658.00,294.55,328.60,328.60,32784,583950.561,177150,121050,06-JAN-2025
OPTIDX,NIFTY,23-Jan-2025,2025-01-23,23400.00,PE,78.00,243.70,77.45,217.70,217.70,571,10097.8053,26175,975,06-JAN-2025
OPTIDX,NIFTY,30-Jan-2025,2025-01-30,23400.00,PE,109.65,273.25,106.55,247.50,247.50,58536,345446.521,874075,-93550,06-JAN-2025
OPTIDX,NIFTY,16-Jan-2025,2025-01-16,23400.00,CE,686.35,725.00,399.90,431.20,431.20,895,16010.6422,35925,21975,06-JAN-2025
OPTIDX,NIFTY,27-Mar-2025,2025-03-27,23400.00,PE,254.20,412.65,254.20,393.00,393.00,82,1462.42443,5775,1275,06-JAN-2025
OPTIDX,NIFTY,27-Mar-2025,2025-03-27,24500.00,PE,653.50,919.95,635.55,892.65,892.65,1641,31136.7934,89700,38325,06-JAN-2025
OPTIDX,NIFTY,30-Jan-2025,2025-01-30,24500.00,PE,536.05,921.00,533.00,859.55,859.55,37300,235620.997,1479125,-15300,06-JAN-2025
OPTIDX,NIFTY,27-Mar-2025,2025-03-27,22100.00,CE,0.00,0.00,0.00,2173.55,1912.00,0,0.00,0,0,06-JAN-2025
OPTIDX,NIFTY,23-Jan-2025,2025-01-23,24500.00,PE,621.00,908.00,621.00,861.25,861.25,28,531.934575,6150,-1050,06-JAN-2025
OPTIDX,NIFTY,09-Jan-2025,2025-01-09,22100.00,PE,0.75,4.20,0.65,3.30,3.30,204182,3384665.94,1062600,637800,06-JAN-2025
OPTIDX,NIFTY,09-Jan-2025,2025-01-09,24500.00,PE,500.00,946.25,467.10,876.65,876.65,19061,359806.921,425250,-197775,06-JAN-2025
OPTIDX,NIFTY,16-Jan-2025,2025-01-16,24500.00,CE,75.00,80.55,31.15,33.05,33.05,79565,1464696.27,1120500,344400,06-JAN-2025
OPTIDX,NIFTY,16-Jan-2025,2025-01-16,24500.00,PE,508.05,929.90,495.00,880.65,880.65,891,16880.0446,66975,-15825,06-JAN-2025
OPTIDX,NIFTY,27-Feb-2025,2025-02-27,22100.00,PE,48.00,100.00,46.90,92.55,92.55,180,2995.67347,14475,4800,06-JAN-2025
OPTIDX,NIFTY,23-Jan-2025,2025-01-23,22100.00,PE,0.00,0.00,0.00,19.15,2.15,0,0.00,0,0,06-JAN-2025
OPTIDX,NIFTY,09-Jan-2025,2025-01-09,22100.00,CE,1900.95,1900.95,1597.05,1597.05,1528.30,2,35.7735,825,75,06-JAN-2025
OPTIDX,NIFTY,27-Feb-2025,2025-02-27,22100.00,CE,0.00,0.00,0.00,2321.95,1764.60,0,0.00,0,0,06-JAN-2025
OPTIDX,NIFTY,23-Jan-2025,2025-01-23,24500.00,CE,125.20,135.50,60.80,63.50,63.50,4875,89878.3669,118500,69975,06-JAN-2025
OPTIDX,NIFTY,30-Jan-2025,2025-01-30,24500.00,CE,166.00,187.00,89.25,94.35,94.35,257899,1586954.79,2997650,453000,06-JAN-2025
OPTIDX,NIFTY,23-Jan-2025,2025-01-23,22300.00,CE,0.00,0.00,0.00,1836.80,1391.15,0,0.00,0,0,06-JAN-2025
OPTIDX,NIFTY,30-Jan-2025,2025-01-30,22450.00,PE,21.00,63.35,18.35,55.40,55.40,6915,38895.2501,33225,16875,06-JAN-2025
OPTIDX,NIFTY,09-Jan-2025,2025-01-09,22450.00,PE,0.60,7.50,0.60,5.75,5.75,186624,3142804.92,842700,-241200,06-JAN-2025
OPTIDX,NIFTY,09-Jan-2025,2025-01-09,22300.00,CE,1325.00,1349.10,1325.00,1347.10,1347.10,8,141.8493,1200,225,06-JAN-2025
OPTIDX,NIFTY,16-Jan-2025,2025-01-16,22450.00,PE,4.40,26.80,3.90,22.45,22.45,3252,54798.3577,21675,15300,06-JAN-2025
OPTIDX,NIFTY,16-Jan-2025,2025-01-16,22300.00,PE,3.00,19.80,2.85,16.40,16.40,18671,312439.272,147375,75000,06-JAN-2025
OPTIDX,NIFTY,23-Jan-2025,2025-01-23,22400.00,PE,10.95,39.00,7.00,35.30,35.30,503,8459.06756,15750,9300,06-JAN-2025
OPTIDX,NIFTY,06-Feb-2025,2025-02-06,22400.00,CE,0.00,0.00,0.00,1966.80,1373.05,0,0.00,0,0,06-JAN-2025
OPTIDX,NIFTY,23-Jan-2025,2025-01-23,22850.00,CE,0.00,0.00,0.00,1345.45,874.65,0,0.00,0,0,06-JAN-2025
OPTSTK,BHEL,27-Mar-2025,2025-03-27,240.00,CE,0.00,0.00,0.00,28.80,12.00,0,0.00,0,0,06-JAN-2025
OPTSTK,BHEL,27-Feb-2025,2025-02-27,240.00,PE,19.15,20.90,19.15,20.90,26.10,3,20.454,31500,7875,06-JAN-2025
OPTSTK,COLPAL,30-Jan-2025,2025-01-30,2640.00,PE,32.30,36.45,27.45,32.30,32.30,58,271.329975,7875,3500,06-JAN-2025
OPTSTK,COLPAL,30-Jan-2025,2025-01-30,2600.00,CE,0.00,0.00,0.00,203.95,178.95,0,0.00,5600,0,06-JAN-2025
OPTSTK,COLPAL,30-Jan-2025,2025-01-30,3280.00,CE,0.00,0.00,0.00,2.05,0.15,0,0.00,0,0,06-JAN-2025
OPTSTK,COLPAL,30-Jan-2025,2025-01-30,2600.00,PE,14.90,26.55,14.60,24.60,24.60,455,2087.69951,76475,11025,06-JAN-2025
OPTSTK,COLPAL,27-Feb-2025,2025-02-27,2280.00,CE,0.00,0.00,0.00,474.85,496.50,0,0.00,0,0,06-JAN-2025
OPTSTK,COLPAL,30-Jan-2025,2025-01-30,2280.00,PE,0.00,0.00,0.00,1.55,0.05,0,0.00,0,0,06-JAN-2025
OPTSTK,COLPAL,30-Jan-2025,2025-01-30,2960.00,PE,0.00,0.00,0.00,246.30,205.80,0,0.00,0,0,06-JAN-2025
OPTSTK,COLPAL,27-Mar-2025,2025-03-27,2400.00,PE,0.00,0.00,0.00,30.00,12.10,0,0.00,0,0,06-JAN-2025
OPTSTK,COLPAL,30-Jan-2025,2025-01-30,2960.00,CE,29.55,29.55,15.85,17.75,17.75,77,401.516412,14700,3150,06-JAN-2025
OPTSTK,COLPAL,27-Feb-2025,2025-02-27,2400.00,CE,0.00,0.00,0.00,651.50,381.80,0,0.00,0,0,06-JAN-2025
OPTSTK,COLPAL,27-Feb-2025,2025-02-27,2240.00,CE,0.00,0.00,0.00,512.15,535.60,0,0.00,0,0,06-JAN-2025
OPTSTK,COLPAL,30-Jan-2025,2025-01-30,2240.00,PE,0.00,0.00,0.00,0.90,0.05,0,0.00,0,0,06-JAN-2025
OPTSTK,COLPAL,27-Mar-2025,2025-03-27,2440.00,CE,0.00,0.00,0.00,360.80,365.85,0,0.00,0,0,06-JAN-2025
OPTSTK,COLPAL,30-Jan-2025,2025-01-30,2540.00,PE,14.75,14.75,11.70,12.00,6.45,15,67.0145875,4725,-175,06-JAN-2025
OPTSTK,COLPAL,27-Mar-2025,2025-03-27,2520.00,PE,0.00,0.00,0.00,56.60,29.20,0,0.00,0,0,06-JAN-2025
OPTSTK,COLPAL,30-Jan-2025,2025-01-30,2520.00,CE,0.00,0.00,0.00,238.45,249.45,0,0.00,0,0,06-JAN-2025
OPTSTK,BHEL,27-Feb-2025,2025-02-27,205.00,PE,5.25,6.00,3.90,5.30,5.30,24,132.475875,7875,-2625,06-JAN-2025
OPTSTK,NAVINFLUOR,30-Jan-2025,2025-01-30,3450.00,CE,67.15,72.70,54.10,56.00,56.00,40,245.798875,4550,-1400,06-JAN-2025
OPTSTK,NAVINFLUOR,27-Feb-2025,2025-02-27,3450.00,CE,0.00,0.00,0.00,167.35,122.80,0,0.00,0,0,06-JAN-2025
OPTSTK,NAVINFLUOR,30-Jan-2025,2025-01-30,3450.00,PE,137.70,137.70,137.70,137.70,155.55,1,6.278475,2800,0,06-JAN-2025
OPTSTK,COLPAL,30-Jan-2025,2025-01-30,2500.00,PE,3.50,10.65,3.50,9.75,9.75,799,3507.14411,83300,21700,06-JAN-2025
OPTSTK,NAVINFLUOR,27-Feb-2025,2025-02-27,3250.00,CE,0.00,0.00,0.00,263.05,223.35,0,0.00,0,0,06-JAN-2025
OPTSTK,COLPAL,27-Mar-2025,2025-03-27,2560.00,PE,0.00,0.00,0.00,68.15,37.75,0,0.00,0,0,06-JAN-2025
OPTSTK,COLPAL,30-Jan-2025,2025-01-30,2560.00,PE,17.90,17.90,16.05,16.50,8.45,9,40.5808375,5250,-350,06-JAN-2025
OPTSTK,COLPAL,27-Mar-2025,2025-03-27,2560.00,CE,0.00,0.00,0.00,273.55,268.80,0,0.00,0,0,06-JAN-2025
OPTSTK,COLPAL,30-Jan-2025,2025-01-30,2560.00,CE,0.00,0.00,0.00,207.10,213.25,0,0.00,0,0,06-JAN-2025
OPTSTK,COLPAL,27-Feb-2025,2025-02-27,2560.00,PE,0.00,0.00,0.00,51.40,24.25,0,0.00,0,0,06-JAN-2025
FUTSTK,COLPAL,27-Feb-2025,2025-02-27,,,2835.80,2838.45,2752.05,2778.50,2778.50,133,648.312612,53725,3500,06-JAN-2025
OPTSTK,COLPAL,27-Mar-2025,2025-03-27,3120.00,CE,0.00,0.00,0.00,46.55,29.10,0,0.00,0,0,06-JAN-2025
OPTSTK,COLPAL,30-Jan-2025,2025-01-30,2780.00,CE,104.60,106.40,58.00,68.10,68.10,223,1113.08645,22050,875,06-JAN-2025
OPTSTK,TATAPOWER,27-Feb-2025,2025-02-27,360.00,PE,4.95,9.50,4.65,9.20,9.20,16,79.24095,58050,1350,06-JAN-2025
OPTSTK,EXIDEIND,30-Jan-2025,2025-01-30,410.00,CE,22.45,22.45,12.70,13.90,13.90,559,4273.6995,419400,124200,06-JAN-2025
OPTSTK,EXIDEIND,30-Jan-2025,2025-01-30,400.00,PE,3.20,10.15,3.20,9.10,9.10,1089,7991.2368,1179000,61200,06-JAN-2025
OPTSTK,TATAPOWER,27-Mar-2025,2025-03-27,320.00,PE,1.10,1.10,1.10,1.10,1.10,1,4.33485,2700,1350,06-JAN-2025
OPTSTK,EXIDEIND,27-Feb-2025,2025-02-27,410.00,PE,0.00,0.00,0.00,21.95,19.60,0,0.00,0,0,06-JAN-2025
OPTSTK,TATAPOWER,27-Feb-2025,2025-02-27,400.00,CE,15.90,15.95,10.50,10.80,10.80,180,1002.21097,201150,120150,06-JAN-2025
OPTSTK,TATAPOWER,30-Jan-2025,2025-01-30,470.00,PE,0.00,0.00,0.00,64.00,89.35,0,0.00,67500,0,06-JAN-2025
OPTSTK,EXIDEIND,27-Feb-2025,2025-02-27,500.00,CE,2.90,2.95,2.15,2.50,2.50,5,45.2484,54000,1800,06-JAN-2025
OPTSTK,EXIDEIND,30-Jan-2025,2025-01-30,370.00,PE,1.10,2.70,1.10,2.50,2.50,261,1747.9971,505800,82800,06-JAN-2025
OPTSTK,TATAPOWER,27-Mar-2025,2025-03-27,370.00,CE,0.00,0.00,0.00,54.80,30.50,0,0.00,0,0,06-JAN-2025
OPTSTK,EXIDEIND,27-Feb-2025,2025-02-27,460.00,PE,0.00,0.00,0.00,39.00,52.95,0,0.00,1800,0,06-JAN-2025
OPTSTK,TATAPOWER,27-Mar-2025,2025-03-27,460.00,PE,0.00,0.00,0.00,62.30,78.40,0,0.00,0,0,06-JAN-2025
OPTSTK,EXIDEIND,27-Mar-2025,2025-03-27,460.00,PE,0.00,0.00,0.00,54.85,55.20,0,0.00,0,0,06-JAN-2025
OPTSTK,TATAPOWER,30-Jan-2025,2025-01-30,330.00,PE,0.30,1.20,0.30,1.10,1.10,1256,5609.0124,1175850,288900,06-JAN-2025
OPTSTK,TATAPOWER,27-Feb-2025,2025-02-27,355.00,CE,0.00,0.00,0.00,60.20,34.70,0,0.00,0,0,06-JAN-2025
OPTSTK,TATAPOWER,30-Jan-2025,2025-01-30,355.00,CE,34.10,34.10,27.30,27.70,27.70,11,57.132,18900,5400,06-JAN-2025
OPTSTK,EXIDEIND,27-Mar-2025,2025-03-27,400.00,PE,0.00,0.00,0.00,22.05,18.95,0,0.00,0,0,06-JAN-2025
OPTSTK,TATAPOWER,27-Mar-2025,2025-03-27,400.00,CE,0.00,0.00,0.00,37.20,16.70,0,0.00,0,0,06-JAN-2025
OPTSTK,TATAPOWER,30-Jan-2025,2025-01-30,400.00,PE,12.50,26.00,12.50,24.65,24.65,1473,8347.0824,3611250,-260550,06-JAN-2025
OPTSTK,EXIDEIND,30-Jan-2025,2025-01-30,400.00,CE,25.30,25.70,17.90,19.35,19.35,122,925.3413,228600,61200,06-JAN-2025
OPTSTK,EXIDEIND,30-Jan-2025,2025-01-30,520.00,CE,0.20,0.20,0.20,0.20,0.05,16,149.8176,419400,1800,06-JAN-2025
OPTSTK,EXIDEIND,30-Jan-2025,2025-01-30,470.00,PE,59.85,59.85,59.85,59.85,59.85,1,9.5373,72000,-1800,06-JAN-2025
OPTSTK,TATAPOWER,30-Jan-2025,2025-01-30,405.00,CE,8.05,8.75,3.35,3.50,3.50,3440,19041.5259,2265300,252450,06-JAN-2025
OPTSTK,EXIDEIND,30-Jan-2025,2025-01-30,430.00,PE,15.55,27.50,15.45,25.60,25.60,89,725.2488,689400,10800,06-JAN-2025
OPTSTK,TATAPOWER,27-Mar-2025,2025-03-27,430.00,CE,0.00,0.00,0.00,24.10,8.30,0,0.00,0,0,06-JAN-2025
OPTSTK,EXIDEIND,30-Jan-2025,2025-01-30,350.00,CE,0.00,0.00,0.00,113.15,60.95,0,0.00,0,0,06-JAN-2025
OPTSTK,TATAPOWER,27-Mar-2025,2025-03-27,350.00,PE,0.00,0.00,0.00,8.35,9.20,0,0.00,0,0,06-JAN-2025
OPTSTK,EXIDEIND,27-Feb-2025,2025-02-27,350.00,PE,0.00,0.00,0.00,4.40,2.35,0,0.00,0,0,06-JAN-2025
OPTSTK,EXIDEIND,27-Feb-2025,2025-02-27,430.00,CE,13.30,13.30,13.30,13.30,14.10,1,7.9794,1800,1800,06-JAN-2025
OPTSTK,TATAPOWER,27-Mar-2025,2025-03-27,430.00,PE,0.00,0.00,0.00,42.00,53.35,0,0.00,0,0,06-JAN-2025
OPTSTK,EXIDEIND,30-Jan-2025,2025-01-30,405.00,PE,5.75,12.30,5.30,11.05,11.05,344,2566.2519,221400,59400,06-JAN-2025
OPTSTK,ASTRAL,30-Jan-2025,2025-01-30,1440.00,CE,0.00,0.00,0.00,366.10,128.20,0,0.00,0,0,06-JAN-2025
OPTSTK,LUPIN,27-Feb-2025,2025-02-27,2420.00,PE,0.00,0.00,0.00,251.30,114.60,0,0.00,0,0,06-JAN-2025
OPTSTK,LUPIN,27-Feb-2025,2025-02-27,2720.00,PE,0.00,0.00,0.00,677.65,344.80,0,0.00,0,0,06-JAN-2025
OPTSTK,LUPIN,30-Jan-2025,2025-01-30,2720.00,CE,0.00,0.00,0.00,20.60,1.40,0,0.00,0,0,06-JAN-2025
OPTSTK,LUPIN,30-Jan-2025,2025-01-30,2520.00,PE,0.00,0.00,0.00,141.25,165.40,0,0.00,2975,0,06-JAN-2025
FUTSTK,SUPREMEIND,30-Jan-2025,2025-01-30,,,4692.00,4725.60,4528.20,4541.80,4541.80,1848,10668.0209,659125,28375,06-JAN-2025
OPTSTK,SUPREMEIND,27-Mar-2025,2025-03-27,4600.00,CE,0.00,0.00,0.00,547.45,309.50,0,0.00,0,0,06-JAN-2025
OPTSTK,SUPREMEIND,30-Jan-2025,2025-01-30,4600.00,PE,156.95,202.10,138.00,201.05,201.05,77,459.695125,5375,-1000,06-JAN-2025
FUTSTK,SUPREMEIND,27-Mar-2025,2025-03-27,,,0.00,0.00,0.00,4744.75,4586.60,0,0.00,125,0,06-JAN-2025
OPTSTK,LUPIN,27-Mar-2025,2025-03-27,2080.00,CE,0.00,0.00,0.00,214.45,328.30,0,0.00,0,0,06-JAN-2025
OPTSTK,LUPIN,27-Feb-2025,2025-02-27,2080.00,CE,0.00,0.00,0.00,107.95,309.10,0,0.00,0,0,06-JAN-2025
OPTSTK,ASTRAL,27-Feb-2025,2025-02-27,1740.00,PE,0.00,0.00,0.00,114.05,179.60,0,0.00,0,0,06-JAN-2025
OPTSTK,LUPIN,30-Jan-2025,2025-01-30,2080.00,PE,3.45,4.25,3.45,4.25,1.60,4,35.42545,90950,0,06-JAN-2025
OPTSTK,SUPREMEIND,27-Feb-2025,2025-02-27,4100.00,CE,0.00,0.00,0.00,797.30,536.80,0,0.00,0,0,06-JAN-2025
OPTSTK,SUPREMEIND,30-Jan-2025,2025-01-30,4800.00,CE,139.95,140.00,72.70,81.35,81.35,240,1469.05662,19375,-3500,06-JAN-2025
OPTSTK,SUPREMEIND,27-Mar-2025,2025-03-27,4800.00,PE,0.00,0.00,0.00,404.35,438.85,0,0.00,0,0,06-JAN-2025
OPTSTK,ASTRAL,30-Jan-2025,2025-01-30,1780.00,CE,6.30,6.30,2.95,3.30,3.30,450,2946.05066,91750,-9542,06-JAN-2025
OPTSTK,ASTRAL,30-Jan-2025,2025-01-30,1780.00,PE,152.25,152.25,152.15,152.15,216.80,2,14.182348,13946,-734,06-JAN-2025
OPTSTK,LUPIN,27-Mar-2025,2025-03-27,2120.00,PE,0.00,0.00,0.00,90.15,23.85,0,0.00,0,0,06-JAN-2025
OPTSTK,SUPREMEIND,27-Feb-2025,2025-02-27,4700.00,PE,0.00,0.00,0.00,296.95,331.90,0,0.00,0,0,06-JAN-2025
OPTSTK,ASTRAL,30-Jan-2025,2025-01-30,2000.00,PE,429.35,433.85,424.85,424.85,434.70,29,258.799408,22754,-4771,06-JAN-2025
OPTSTK,ASTRAL,27-Mar-2025,2025-03-27,1880.00,CE,0.00,0.00,0.00,44.60,7.30,0,0.00,0,0,06-JAN-2025
OPTSTK,LUPIN,27-Feb-2025,2025-02-27,2460.00,PE,0.00,0.00,0.00,282.55,138.85,0,0.00,0,0,06-JAN-2025
OPTSTK,LUPIN,30-Jan-2025,2025-01-30,2160.00,CE,0.00,0.00,0.00,248.75,215.90,0,0.00,33150,0,06-JAN-2025
OPTSTK,LUPIN,30-Jan-2025,2025-01-30,2280.00,PE,21.70,29.55,21.20,25.80,25.80,253,2479.11403,76075,8925,06-JAN-2025
OPTSTK,ASTRAL,30-Jan-2025,2025-01-30,1840.00,CE,2.45,2.45,1.40,1.95,1.95,46,310.953778,26057,-11010,06-JAN-2025
OPTSTK,SUPREMEIND,30-Jan-2025,2025-01-30,5600.00,PE,0.00,0.00,0.00,1078.80,1058.40,0,0.00,0,0,06-JAN-2025
OPTSTK,LUPIN,30-Jan-2025,2025-01-30,2460.00,CE,34.00,34.20,22.00,28.60,28.60,733,7748.16607,150450,11475,06-JAN-2025
OPTSTK,SUPREMEIND,27-Mar-2025,2025-03-27,5200.00,CE,0.00,0.00,0.00,290.10,117.00,0,0.00,0,0,06-JAN-2025
OPTSTK,ASTRAL,27-Mar-2025,2025-03-27,1520.00,CE,0.00,0.00,0.00,213.60,107.65,0,0.00,0,0,06-JAN-2025
OPTSTK,ASTRAL,27-Mar-2025,2025-03-27,1520.00,PE,0.00,0.00,0.00,34.65,48.90,0,0.00,0,0,06-JAN-2025
OPTSTK,LUPIN,30-Jan-2025,2025-01-30,2540.00,CE,13.75,14.50,9.55,13.00,13.00,153,1659.4006,41225,-3825,06-JAN-2025
OPTSTK,LT,27-Mar-2025,2025-03-27,4100.00,CE,0.00,0.00,0.00,92.00,43.75,0,0.00,0,0,06-JAN-2025
OPTSTK,LT,30-Jan-2025,2025-01-30,3750.00,PE,122.85,173.55,101.25,161.95,161.95,1095,6371.86815,54600,-6750,06-JAN-2025
OPTSTK,DRREDDY,27-Feb-2025,2025-02-27,1280.00,CE,0.00,0.00,0.00,31.25,92.90,0,0.00,0,0,06-JAN-2025
OPTSTK,LT,27-Feb-2025,2025-02-27,4000.00,CE,39.75,44.00,30.60,32.00,32.00,110,665.576925,17550,12900,06-JAN-2025
OPTSTK,DRREDDY,27-Feb-2025,2025-02-27,1360.00,CE,0.00,0.00,0.00,13.60,41.10,0,0.00,0,0,06-JAN-2025
OPTSTK,DRREDDY,30-Jan-2025,2025-01-30,1360.00,PE,32.90,43.85,29.60,35.05,35.05,635,5544.41343,192500,-11875,06-JAN-2025
OPTSTK,DRREDDY,27-Feb-2025,2025-02-27,1300.00,CE,0.00,0.00,0.00,25.65,77.80,0,0.00,0,0,06-JAN-2025
OPTSTK,DRREDDY,27-Mar-2025,2025-03-27,1300.00,PE,0.00,0.00,0.00,31.80,20.75,0,0.00,0,0,06-JAN-2025
OPTSTK,LT,27-Mar-2025,2025-03-27,3000.00,PE,0.00,0.00,0.00,22.15,8.80,0,0.00,0,0,06-JAN-2025
OPTSTK,LT,30-Jan-2025,2025-01-30,3000.00,PE,1.05,2.05,1.05,2.05,2.05,8,36.0222,2550,600,06-JAN-2025
OPTSTK,DRREDDY,30-Jan-2025,2025-01-30,1210.00,PE,2.95,3.50,2.95,3.10,0.25,20,151.63625,11250,3125,06-JAN-2025
OPTSTK,DRREDDY,30-Jan-2025,2025-01-30,1470.00,PE,0.00,0.00,0.00,109.60,114.70,0,0.00,4375,0,06-JAN-2025
OPTSTK,DRREDDY,30-Jan-2025,2025-01-30,1500.00,PE,150.35,150.35,150.30,150.30,143.55,2,20.6290625,6250,0,06-JAN-2025
OPTSTK,DRREDDY,30-Jan-2025,2025-01-30,1340.00,CE,43.85,45.70,33.00,43.25,43.25,595,5132.07156,126875,20625,06-JAN-2025
OPTSTK,DRREDDY,27-Mar-2025,2025-03-27,1340.00,PE,0.00,0.00,0.00,46.70,34.85,0,0.00,0,0,06-JAN-2025
OPTSTK,DRREDDY,27-Feb-2025,2025-02-27,1520.00,PE,0.00,0.00,0.00,302.45,158.25,0,0.00,0,0,06-JAN-2025
OPTSTK,DRREDDY,27-Feb-2025,2025-02-27,1440.00,PE,0.00,0.00,0.00,227.30,89.30,0,0.00,0,0,06-JAN-2025
OPTSTK,DRREDDY,30-Jan-2025,2025-01-30,1310.00,CE,56.00,63.40,54.40,63.40,63.40,7,59.8221875,20000,2500,06-JAN-2025
OPTSTK,LT,27-Feb-2025,2025-02-27,3600.00,CE,188.90,200.05,150.00,158.40,158.40,29,164.229,9600,1050,06-JAN-2025
OPTSTK,LT,27-Mar-2025,2025-03-27,3200.00,CE,0.00,0.00,0.00,539.05,478.85,0,0.00,0,0,06-JAN-2025
FUTSTK,LT,27-Mar-2025,2025-03-27,,,3713.50,3753.70,3655.00,3667.25,3667.25,96,531.88245,20700,4200,06-JAN-2025
OPTSTK,LT,27-Feb-2025,2025-02-27,3350.00,CE,0.00,0.00,0.00,385.45,323.55,0,0.00,0,0,06-JAN-2025
OPTSTK,LT,30-Jan-2025,2025-01-30,3350.00,PE,9.05,15.75,6.00,13.55,13.55,1528,7704.98782,91950,-23700,06-JAN-2025
OPTSTK,LT,27-Feb-2025,2025-02-27,3350.00,PE,0.00,0.00,0.00,63.95,38.30,0,0.00,0,0,06-JAN-2025
OPTSTK,DRREDDY,27-Feb-2025,2025-02-27,1290.00,CE,0.00,0.00,0.00,103.20,85.20,0,0.00,0,0,06-JAN-2025
FUTSTK,LT,30-Jan-2025,2025-01-30,,,3686.55,3710.00,3603.00,3618.95,3618.95,18486,101289.987,15048000,80100,06-JAN-2025
OPTSTK,DRREDDY,30-Jan-2025,2025-01-30,1260.00,CE,93.90,93.90,93.90,93.90,97.90,1,8.461875,13125,625,06-JAN-2025
OPTSTK,DRREDDY,30-Jan-2025,2025-01-30,1200.00,PE,2.30,3.20,2.20,2.55,2.55,582,4374.93156,258125,22500,06-JAN-2025
OPTSTK,DRREDDY,30-Jan-2025,2025-01-30,1200.00,CE,150.00,151.55,150.00,151.55,155.80,2,16.8846875,4375,0,06-JAN-2025
OPTSTK,LT,27-Feb-2025,2025-02-27,3500.00,PE,55.00,76.40,48.15,76.40,81.10,49,261.85335,10800,4200,06-JAN-2025
OPTSTK,DRREDDY,30-Jan-2025,2025-01-30,1120.00,PE,0.00,0.00,0.00,1.80,0.05,0,0.00,1250,0,06-JAN-2025
OPTSTK,LT,27-Mar-2025,2025-03-27,3700.00,CE,150.00,150.00,150.00,150.00,156.15,1,5.775,150,150,06-JAN-2025
OPTSTK,BALKRISIND,27-Feb-2025,2025-02-27,2600.00,CE,0.00,0.00,0.00,280.65,204.70,0,0.00,0,0,06-JAN-2025
OPTSTK,SUNPHARMA,27-Feb-2025,2025-02-27,2080.00,CE,0.00,0.00,0.00,7.05,3.40,0,0.00,0,0,06-JAN-2025
OPTSTK,BALKRISIND,27-Feb-2025,2025-02-27,3060.00,PE,0.00,0.00,0.00,284.50,335.05,0,0.00,0,0,06-JAN-2025
OPTSTK,BALKRISIND,30-Jan-2025,2025-01-30,3060.00,PE,0.00,0.00,0.00,260.65,329.50,0,0.00,0,0,06-JAN-2025
OPTSTK,BALKRISIND,30-Jan-2025,2025-01-30,3060.00,CE,0.00,0.00,0.00,46.75,6.25,0,0.00,0,0,06-JAN-2025
OPTSTK,BALKRISIND,27-Feb-2025,2025-02-27,3060.00,CE,0.00,0.00,0.00,87.55,27.55,0,0.00,0,0,06-JAN-2025
OPTSTK,BALKRISIND,30-Jan-2025,2025-01-30,3200.00,CE,7.00,7.00,3.95,4.45,4.45,874,8404.03875,78600,2400,06-JAN-2025
OPTSTK,BALKRISIND,27-Feb-2025,2025-02-27,3100.00,CE,0.00,0.00,0.00,81.25,22.05,0,0.00,0,0,06-JAN-2025
OPTSTK,BALKRISIND,30-Jan-2025,2025-01-30,3000.00,CE,29.35,30.80,15.10,16.05,16.05,604,5475.5451,103200,-15600,06-JAN-2025
OPTSTK,SUNPHARMA,27-Mar-2025,2025-03-27,1800.00,PE,0.00,0.00,0.00,48.20,32.20,0,0.00,0,0,06-JAN-2025
OPTSTK,BALKRISIND,27-Mar-2025,2025-03-27,2720.00,CE,0.00,0.00,0.00,276.50,169.25,0,0.00,0,0,06-JAN-2025
OPTSTK,BALKRISIND,27-Feb-2025,2025-02-27,2720.00,PE,0.00,0.00,0.00,98.55,104.55,0,0.00,0,0,06-JAN-2025
OPTSTK,BALKRISIND,27-Feb-2025,2025-02-27,3240.00,PE,0.00,0.00,0.00,421.20,495.40,0,0.00,0,0,06-JAN-2025
OPTSTK,BALKRISIND,30-Jan-2025,2025-01-30,3020.00,PE,0.00,0.00,0.00,230.75,292.60,0,0.00,0,0,06-JAN-2025
OPTSTK,BALKRISIND,27-Feb-2025,2025-02-27,3020.00,CE,0.00,0.00,0.00,99.85,34.15,0,0.00,0,0,06-JAN-2025
OPTSTK,BALKRISIND,27-Feb-2025,2025-02-27,3140.00,PE,0.00,0.00,0.00,342.70,404.30,0,0.00,0,0,06-JAN-2025
OPTSTK,BALKRISIND,30-Jan-2025,2025-01-30,3140.00,CE,0.00,0.00,0.00,31.00,2.75,0,0.00,0,0,06-JAN-2025
OPTSTK,SUNPHARMA,30-Jan-2025,2025-01-30,2160.00,CE,0.00,0.00,0.00,12.05,0.05,0,0.00,0,0,06-JAN-2025
OPTSTK,BALKRISIND,30-Jan-2025,2025-01-30,2300.00,CE,0.00,0.00,0.00,532.00,434.00,0,0.00,600,0,06-JAN-2025
OPTSTK,BALKRISIND,30-Jan-2025,2025-01-30,2520.00,CE,0.00,0.00,0.00,340.95,227.75,0,0.00,0,0,06-JAN-2025
OPTSTK,BALKRISIND,27-Feb-2025,2025-02-27,3020.00,PE,0.00,0.00,0.00,257.25,302.05,0,0.00,0,0,06-JAN-2025
OPTSTK,BALKRISIND,27-Feb-2025,2025-02-27,2520.00,PE,0.00,0.00,0.00,39.95,34.75,0,0.00,0,0,06-JAN-2025
OPTSTK,BALKRISIND,27-Feb-2025,2025-02-27,2520.00,CE,0.00,0.00,0.00,376.25,262.05,0,0.00,0,0,06-JAN-2025
OPTSTK,SUNPHARMA,27-Feb-2025,2025-02-27,1960.00,CE,0.00,0.00,0.00,19.90,18.40,0,0.00,0,0,06-JAN-2025
OPTSTK,SUNPHARMA,30-Jan-2025,2025-01-30,1960.00,CE,4.85,6.05,3.90,5.85,5.85,913,6278.93175,194950,14700,06-JAN-2025
OPTSTK,SUNPHARMA,27-Feb-2025,2025-02-27,1600.00,PE,0.00,0.00,0.00,7.00,0.55,0,0.00,350,0,06-JAN-2025
OPTSTK,SUNPHARMA,30-Jan-2025,2025-01-30,1600.00,PE,0.35,1.05,0.35,0.85,0.05,44,246.5169,53550,350,06-JAN-2025
OPTSTK,BALKRISIND,30-Jan-2025,2025-01-30,2780.00,PE,0.00,0.00,0.00,90.40,105.85,0,0.00,0,0,06-JAN-2025
OPTSTK,BALKRISIND,27-Mar-2025,2025-03-27,3120.00,CE,0.00,0.00,0.00,105.70,40.25,0,0.00,0,0,06-JAN-2025
OPTSTK,BALKRISIND,27-Feb-2025,2025-02-27,3100.00,PE,0.00,0.00,0.00,407.35,369.20,0,0.00,0,0,06-JAN-2025
OPTSTK,BALKRISIND,27-Feb-2025,2025-02-27,2560.00,CE,0.00,0.00,0.00,345.65,232.45,0,0.00,0,0,06-JAN-2025
OPTSTK,BALKRISIND,30-Jan-2025,2025-01-30,2560.00,CE,0.00,0.00,0.00,307.55,194.70,0,0.00,0,0,06-JAN-2025
OPTSTK,CYIENT,27-Feb-2025,2025-02-27,1780.00,PE,0.00,0.00,0.00,61.70,95.75,0,0.00,300,0,06-JAN-2025
OPTSTK,ICICIPRULI,30-Jan-2025,2025-01-30,770.00,CE,1.65,1.65,0.75,0.85,0.85,158,913.5195,391500,83250,06-JAN-2025
OPTSTK,ICICIPRULI,27-Feb-2025,2025-02-27,580.00,PE,0.00,0.00,0.00,5.60,2.05,0,0.00,0,0,06-JAN-2025
OPTSTK,CYIENT,27-Mar-2025,2025-03-27,2240.00,PE,0.00,0.00,0.00,334.55,468.10,0,0.00,0,0,06-JAN-2025
OPTSTK,CYIENT,30-Jan-2025,2025-01-30,1560.00,CE,0.00,0.00,0.00,336.70,200.35,0,0.00,0,0,06-JAN-2025
OPTSTK,ICICIPRULI,27-Feb-2025,2025-02-27,630.00,PE,0.00,0.00,0.00,15.45,10.70,0,0.00,0,0,06-JAN-2025
OPTSTK,ICICIPRULI,27-Feb-2025,2025-02-27,630.00,CE,0.00,0.00,0.00,61.45,48.65,0,0.00,0,0,06-JAN-2025
FUTSTK,CYIENT,27-Mar-2025,2025-03-27,,,1777.10,1779.95,1767.55,1767.55,1774.15,5,26.59875,4800,600,06-JAN-2025
OPTSTK,ICICIPRULI,27-Mar-2025,2025-03-27,660.00,CE,0.00,0.00,0.00,51.95,38.15,0,0.00,0,0,06-JAN-2025
OPTSTK,ICICIPRULI,27-Feb-2025,2025-02-27,660.00,CE,0.00,0.00,0.00,68.40,30.20,0,0.00,0,0,06-JAN-2025
OPTSTK,ICICIPRULI,30-Jan-2025,2025-01-30,660.00,CE,35.10,35.10,20.20,23.75,23.75,234,1201.38825,137250,-10500,06-JAN-2025
OPTSTK,CYIENT,27-Mar-2025,2025-03-27,1800.00,PE,0.00,0.00,0.00,80.70,122.80,0,0.00,0,0,06-JAN-2025
OPTSTK,CYIENT,27-Feb-2025,2025-02-27,1780.00,CE,0.00,0.00,0.00,226.15,80.90,0,0.00,0,0,06-JAN-2025
OPTSTK,CYIENT,27-Mar-2025,2025-03-27,2080.00,CE,0.00,0.00,0.00,107.85,23.75,0,0.00,0,0,06-JAN-2025
OPTSTK,CYIENT,30-Jan-2025,2025-01-30,2080.00,PE,0.00,0.00,0.00,252.40,324.15,0,0.00,0,0,06-JAN-2025
OPTSTK,ICICIPRULI,27-Feb-2025,2025-02-27,650.00,CE,0.00,0.00,0.00,48.80,35.75,0,0.00,0,0,06-JAN-2025
OPTSTK,CYIENT,30-Jan-2025,2025-01-30,1520.00,PE,0.00,0.00,0.00,13.95,2.65,0,0.00,0,0,06-JAN-2025
OPTSTK,CYIENT,27-Mar-2025,2025-03-27,1520.00,PE,0.00,0.00,0.00,16.20,21.40,0,0.00,0,0,06-JAN-2025
OPTSTK,ICICIPRULI,30-Jan-2025,2025-01-30,800.00,CE,0.60,0.60,0.60,0.60,0.05,4,24.018,52500,-750,06-JAN-2025
OPTSTK,ICICIPRULI,30-Jan-2025,2025-01-30,700.00,CE,13.30,15.55,6.50,8.25,8.25,639,3398.95687,167250,-22500,06-JAN-2025
OPTSTK,ICICIPRULI,30-Jan-2025,2025-01-30,600.00,CE,67.00,67.00,66.50,66.50,65.70,3,15.00225,6750,0,06-JAN-2025
OPTSTK,CYIENT,27-Feb-2025,2025-02-27,1620.00,PE,0.00,0.00,0.00,19.30,31.10,0,0.00,0,0,06-JAN-2025
OPTSTK,CYIENT,30-Jan-2025,2025-01-30,2140.00,PE,0.00,0.00,0.00,298.45,383.00,0,0.00,0,0,06-JAN-2025
OPTSTK,CYIENT,27-Feb-2025,2025-02-27,1800.00,PE,0.00,0.00,0.00,92.05,107.05,0,0.00,1200,0,06-JAN-2025
OPTSTK,CYIENT,27-Feb-2025,2025-02-27,2060.00,PE,0.00,0.00,0.00,191.20,304.75,0,0.00,0,0,06-JAN-2025
OPTSTK,CYIENT,27-Mar-2025,2025-03-27,1920.00,CE,0.00,0.00,0.00,174.65,55.60,0,0.00,0,0,06-JAN-2025
OPTSTK,CYIENT,27-Feb-2025,2025-02-27,1840.00,PE,0.00,0.00,0.00,124.20,131.60,0,0.00,0,0,06-JAN-2025
OPTSTK,CYIENT,27-Mar-2025,2025-03-27,1840.00,CE,0.00,0.00,0.00,217.60,81.40,0,0.00,0,0,06-JAN-2025
OPTSTK,CYIENT,27-Feb-2025,2025-02-27,2200.00,CE,0.00,0.00,0.00,54.10,3.95,0,0.00,0,0,06-JAN-2025
OPTSTK,CYIENT,27-Feb-2025,2025-02-27,1440.00,CE,0.00,0.00,0.00,457.45,326.30,0,0.00,0,0,06-JAN-2025
OPTSTK,ICICIPRULI,27-Feb-2025,2025-02-27,680.00,CE,0.00,0.00,0.00,56.80,20.90,0,0.00,0,0,06-JAN-2025
OPTSTK,ICICIPRULI,30-Jan-2025,2025-01-30,680.00,PE,21.15,34.00,19.00,29.50,29.50,200,1061.7075,90750,-4500,06-JAN-2025
OPTSTK,HCLTECH,27-Feb-2025,2025-02-27,1780.00,CE,0.00,0.00,0.00,170.85,198.25,0,0.00,0,0,06-JAN-2025
OPTSTK,HCLTECH,27-Mar-2025,2025-03-27,1680.00,CE,0.00,0.00,0.00,267.70,302.00,0,0.00,0,0,06-JAN-2025
OPTSTK,PAYTM,30-Jan-2025,2025-01-30,960.00,CE,60.85,68.10,49.60,51.30,51.30,422,2794.97952,282100,1950,06-JAN-2025
OPTSTK,PAYTM,30-Jan-2025,2025-01-30,860.00,CE,0.00,0.00,0.00,133.95,127.35,0,0.00,9100,0,06-JAN-2025
OPTSTK,PAYTM,27-Mar-2025,2025-03-27,1080.00,PE,0.00,0.00,0.00,171.75,161.50,0,0.00,0,0,06-JAN-2025
OPTSTK,PAYTM,27-Feb-2025,2025-02-27,1080.00,PE,0.00,0.00,0.00,216.40,146.25,0,0.00,0,0,06-JAN-2025
OPTSTK,PAYTM,27-Mar-2025,2025-03-27,920.00,PE,0.00,0.00,0.00,86.45,70.90,0,0.00,0,0,06-JAN-2025
OPTSTK,HCLTECH,27-Mar-2025,2025-03-27,2000.00,PE,0.00,0.00,0.00,135.75,89.90,0,0.00,0,0,06-JAN-2025
OPTSTK,PAYTM,30-Jan-2025,2025-01-30,1000.00,PE,49.30,61.00,40.60,57.75,57.75,1011,6884.20947,804050,-43550,06-JAN-2025
OPTSTK,PAYTM,27-Feb-2025,2025-02-27,1000.00,CE,62.55,62.90,52.85,53.45,53.45,34,234.2782,14950,8450,06-JAN-2025
OPTSTK,HCLTECH,27-Feb-2025,2025-02-27,1860.00,CE,0.00,0.00,0.00,117.35,133.35,0,0.00,0,0,06-JAN-2025
OPTSTK,PAYTM,30-Jan-2025,2025-01-30,760.00,PE,1.10,1.70,1.10,1.50,1.50,7,34.650525,46800,-650,06-JAN-2025
OPTSTK,HCLTECH,27-Mar-2025,2025-03-27,2080.00,PE,0.00,0.00,0.00,189.05,139.45,0,0.00,0,0,06-JAN-2025
OPTSTK,HCLTECH,30-Jan-2025,2025-01-30,1740.00,PE,3.45,5.65,3.10,5.15,5.15,272,1660.75052,97650,12600,06-JAN-2025
OPTSTK,HCLTECH,27-Feb-2025,2025-02-27,1880.00,CE,0.00,0.00,0.00,96.45,119.00,0,0.00,0,0,06-JAN-2025
OPTSTK,HCLTECH,30-Jan-2025,2025-01-30,1880.00,CE,93.30,98.50,76.45,90.25,90.25,180,1239.43977,103950,3500,06-JAN-2025
OPTSTK,HCLTECH,30-Jan-2025,2025-01-30,1880.00,PE,21.95,31.70,18.95,26.45,26.45,640,4269.0536,192150,6650,06-JAN-2025
OPTSTK,HCLTECH,27-Mar-2025,2025-03-27,1920.00,PE,0.00,0.00,0.00,91.50,52.30,0,0.00,0,0,06-JAN-2025
OPTSTK,PAYTM,27-Mar-2025,2025-03-27,1000.00,CE,0.00,0.00,0.00,145.90,95.30,0,0.00,0,0,06-JAN-2025
OPTSTK,HCLTECH,27-Mar-2025,2025-03-27,1960.00,CE,0.00,0.00,0.00,88.55,91.40,0,0.00,0,0,06-JAN-2025
OPTSTK,HCLTECH,30-Jan-2025,2025-01-30,1680.00,PE,2.10,2.65,1.65,2.60,0.10,45,264.9626,90650,-7000,06-JAN-2025
OPTSTK,HCLTECH,27-Feb-2025,2025-02-27,1820.00,CE,0.00,0.00,0.00,142.65,164.45,0,0.00,0,0,06-JAN-2025
OPTSTK,HCLTECH,27-Feb-2025,2025-02-27,2080.00,PE,0.00,0.00,0.00,234.65,133.40,0,0.00,0,0,06-JAN-2025
OPTSTK,PAYTM,30-Jan-2025,2025-01-30,1160.00,CE,4.45,5.30,3.30,3.50,3.50,351,2656.50677,162500,4550,06-JAN-2025
OPTSTK,PAYTM,27-Feb-2025,2025-02-27,1160.00,PE,0.00,0.00,0.00,275.00,207.15,0,0.00,0,0,06-JAN-2025
FUTSTK,PAYTM,27-Feb-2025,2025-02-27,,,970.80,1009.00,970.80,978.45,978.45,196,1267.51072,200850,-1300,06-JAN-2025
OPTSTK,PAYTM,30-Jan-2025,2025-01-30,1200.00,CE,2.95,3.20,2.00,2.00,2.00,548,4283.76357,716950,72800,06-JAN-2025
OPTSTK,HCLTECH,27-Mar-2025,2025-03-27,2080.00,CE,0.00,0.00,0.00,47.35,43.05,0,0.00,0,0,06-JAN-2025
OPTSTK,HCLTECH,27-Feb-2025,2025-02-27,2080.00,CE,0.00,0.00,0.00,33.05,26.35,0,0.00,350,0,06-JAN-2025
OPTSTK,HCLTECH,27-Mar-2025,2025-03-27,1880.00,CE,0.00,0.00,0.00,127.75,138.75,0,0.00,0,0,06-JAN-2025
OPTSTK,HCLTECH,27-Mar-2025,2025-03-27,2040.00,PE,0.00,0.00,0.00,161.35,113.25,0,0.00,0,0,06-JAN-2025
OPTSTK,HCLTECH,27-Feb-2025,2025-02-27,2040.00,PE,0.00,0.00,0.00,204.10,105.10,0,0.00,0,0,06-JAN-2025
OPTSTK,PIDILITIND,30-Jan-2025,2025-01-30,3360.00,PE,0.00,0.00,0.00,248.45,450.55,0,0.00,0,0,06-JAN-2025
OPTSTK,PIDILITIND,30-Jan-2025,2025-01-30,2820.00,PE,28.00,47.65,28.00,40.40,40.40,120,858.074125,23500,7000,06-JAN-2025
OPTSTK,PIDILITIND,30-Jan-2025,2025-01-30,2560.00,CE,0.00,0.00,0.00,636.90,346.50,0,0.00,0,0,06-JAN-2025
OPTSTK,PIDILITIND,27-Feb-2025,2025-02-27,2560.00,PE,0.00,0.00,0.00,9.00,3.95,0,0.00,0,0,06-JAN-2025
OPTSTK,PIDILITIND,27-Feb-2025,2025-02-27,2560.00,CE,0.00,0.00,0.00,539.05,363.20,0,0.00,0,0,06-JAN-2025
OPTSTK,PIDILITIND,30-Jan-2025,2025-01-30,2940.00,CE,74.75,75.35,49.70,61.10,61.10,213,1597.97275,41250,1750,06-JAN-2025
OPTSTK,PIDILITIND,30-Jan-2025,2025-01-30,2800.00,PE,23.45,40.55,23.45,35.75,35.75,242,1714.587,62750,4500,06-JAN-2025
OPTSTK,PIDILITIND,30-Jan-2025,2025-01-30,2780.00,CE,140.95,140.95,140.95,140.95,143.75,2,14.60475,1250,500,06-JAN-2025
OPTSTK,PIDILITIND,30-Jan-2025,2025-01-30,2640.00,CE,0.00,0.00,0.00,562.60,268.45,0,0.00,0,0,06-JAN-2025
OPTSTK,PIDILITIND,27-Feb-2025,2025-02-27,2600.00,PE,0.00,0.00,0.00,12.05,6.30,0,0.00,0,0,06-JAN-2025
OPTSTK,PIDILITIND,30-Jan-2025,2025-01-30,3280.00,PE,0.00,0.00,0.00,198.45,371.40,0,0.00,0,0,06-JAN-2025
OPTSTK,PIDILITIND,27-Feb-2025,2025-02-27,3280.00,PE,0.00,0.00,0.00,258.55,361.30,0,0.00,0,0,06-JAN-2025
OPTSTK,PIDILITIND,30-Jan-2025,2025-01-30,2480.00,CE,0.00,0.00,0.00,713.00,425.80,0,0.00,0,0,06-JAN-2025
OPTSTK,PIDILITIND,27-Feb-2025,2025-02-27,3400.00,PE,0.00,0.00,0.00,346.60,475.20,0,0.00,0,0,06-JAN-2025
OPTSTK,PIDILITIND,30-Jan-2025,2025-01-30,3400.00,CE,0.00,0.00,0.00,82.50,0.10,0,0.00,0,0,06-JAN-2025
OPTSTK,PIDILITIND,27-Feb-2025,2025-02-27,3100.00,PE,0.00,0.00,0.00,198.10,206.00,0,0.00,0,0,06-JAN-2025
OPTSTK,PIDILITIND,30-Jan-2025,2025-01-30,3100.00,PE,205.60,213.55,204.00,206.40,206.40,6,49.59575,20750,-250,06-JAN-2025
OPTSTK,PIDILITIND,27-Mar-2025,2025-03-27,2800.00,CE,0.00,0.00,0.00,250.45,190.45,0,0.00,0,0,06-JAN-2025
OPTSTK,PIDILITIND,27-Feb-2025,2025-02-27,2700.00,PE,0.00,0.00,0.00,27.80,17.65,0,0.00,0,0,06-JAN-2025
OPTSTK,PIDILITIND,27-Mar-2025,2025-03-27,2480.00,PE,0.00,0.00,0.00,9.75,4.20,0,0.00,0,0,06-JAN-2025
OPTSTK,PIDILITIND,30-Jan-2025,2025-01-30,3220.00,CE,4.60,4.60,3.95,4.10,1.70,5,40.30225,8250,0,06-JAN-2025
OPTSTK,PIDILITIND,27-Mar-2025,2025-03-27,3360.00,PE,0.00,0.00,0.00,402.15,427.30,0,0.00,0,0,06-JAN-2025
OPTSTK,PIDILITIND,30-Jan-2025,2025-01-30,3360.00,CE,0.00,0.00,0.00,21.65,0.15,0,0.00,0,0,06-JAN-2025
OPTSTK,PIDILITIND,27-Mar-2025,2025-03-27,3360.00,CE,0.00,0.00,0.00,35.25,11.40,0,0.00,0,0,06-JAN-2025
OPTSTK,PIDILITIND,27-Feb-2025,2025-02-27,3360.00,PE,0.00,0.00,0.00,316.15,436.70,0,0.00,0,0,06-JAN-2025
OPTSTK,PIDILITIND,27-Feb-2025,2025-02-27,3360.00,CE,0.00,0.00,0.00,60.65,3.60,0,0.00,0,0,06-JAN-2025
OPTSTK,PIDILITIND,27-Feb-2025,2025-02-27,3120.00,CE,0.00,0.00,0.00,140.65,26.40,0,0.00,0,0,06-JAN-2025
OPTSTK,JSL,30-Jan-2025,2025-01-30,760.00,PE,0.00,0.00,0.00,77.55,95.70,0,0.00,3875,0,06-JAN-2025
OPTSTK,JSL,27-Feb-2025,2025-02-27,710.00,PE,0.00,0.00,0.00,40.20,62.60,0,0.00,0,0,06-JAN-2025
OPTSTK,AXISBANK,30-Jan-2025,2025-01-30,940.00,CE,0.00,0.00,0.00,240.70,128.00,0,0.00,0,0,06-JAN-2025
OPTSTK,AXISBANK,27-Mar-2025,2025-03-27,940.00,CE,0.00,0.00,0.00,164.25,143.00,0,0.00,0,0,06-JAN-2025
OPTSTK,AXISBANK,27-Feb-2025,2025-02-27,940.00,CE,0.00,0.00,0.00,215.00,135.20,0,0.00,0,0,06-JAN-2025
OPTSTK,JSL,30-Jan-2025,2025-01-30,590.00,PE,0.00,0.00,0.00,12.80,3.30,0,0.00,0,0,06-JAN-2025
OPTSTK,SRF,27-Feb-2025,2025-02-27,2640.00,PE,0.00,0.00,0.00,370.25,344.75,0,0.00,0,0,06-JAN-2025
OPTSTK,SRF,30-Jan-2025,2025-01-30,2600.00,PE,0.00,0.00,0.00,308.00,312.45,0,0.00,8625,0,06-JAN-2025
OPTSTK,SRF,27-Feb-2025,2025-02-27,2080.00,PE,0.00,0.00,0.00,52.10,15.20,0,0.00,0,0,06-JAN-2025
OPTSTK,AXISBANK,30-Jan-2025,2025-01-30,1110.00,CE,17.35,17.90,10.40,11.20,11.20,2176,15275.7681,1777500,56875,06-JAN-2025
OPTSTK,JSL,27-Mar-2025,2025-03-27,640.00,PE,0.00,0.00,0.00,23.60,32.20,0,0.00,0,0,06-JAN-2025
OPTSTK,SRF,30-Jan-2025,2025-01-30,2640.00,PE,0.00,0.00,0.00,366.00,351.60,0,0.00,3375,0,06-JAN-2025
OPTSTK,JSL,27-Feb-2025,2025-02-27,810.00,PE,0.00,0.00,0.00,97.60,143.15,0,0.00,0,0,06-JAN-2025
OPTSTK,SRF,27-Feb-2025,2025-02-27,2080.00,CE,0.00,0.00,0.00,272.00,232.50,0,0.00,0,0,06-JAN-2025
OPTSTK,SRF,30-Jan-2025,2025-01-30,1880.00,PE,0.00,0.00,0.00,15.50,0.05,0,0.00,0,0,06-JAN-2025
OPTSTK,AXISBANK,30-Jan-2025,2025-01-30,980.00,PE,1.85,5.35,1.70,4.55,4.55,862,5300.09687,301875,-51875,06-JAN-2025
OPTSTK,SRF,30-Jan-2025,2025-01-30,1920.00,CE,0.00,0.00,0.00,378.35,366.05,0,0.00,0,0,06-JAN-2025
OPTSTK,SRF,27-Feb-2025,2025-02-27,2500.00,PE,0.00,0.00,0.00,249.70,221.90,0,0.00,0,0,06-JAN-2025
OPTSTK,SRF,30-Jan-2025,2025-01-30,2080.00,CE,0.00,0.00,0.00,255.60,210.90,0,0.00,0,0,06-JAN-2025
OPTSTK,SRF,30-Jan-2025,2025-01-30,2080.00,PE,4.60,11.45,4.60,10.65,10.65,72,564.0525,25875,7875,06-JAN-2025
OPTSTK,SRF,27-Feb-2025,2025-02-27,1880.00,PE,0.00,0.00,0.00,14.65,1.15,0,0.00,0,0,06-JAN-2025
OPTSTK,JSL,30-Jan-2025,2025-01-30,600.00,PE,3.05,5.90,2.80,5.90,5.90,242,1131.82743,79825,-15500,06-JAN-2025
OPTSTK,AXISBANK,27-Feb-2025,2025-02-27,1190.00,PE,0.00,0.00,0.00,116.80,121.60,0,0.00,0,0,06-JAN-2025
OPTSTK,JSL,27-Mar-2025,2025-03-27,800.00,CE,0.00,0.00,0.00,47.15,12.30,0,0.00,0,0,06-JAN-2025
OPTSTK,SRF,27-Feb-2025,2025-02-27,2500.00,CE,0.00,0.00,0.00,25.00,23.25,0,0.00,750,0,06-JAN-2025
OPTSTK,SRF,30-Jan-2025,2025-01-30,2160.00,PE,15.70,25.80,12.20,23.70,23.70,331,2703.29662,33000,-7500,06-JAN-2025
OPTSTK,AXISBANK,30-Jan-2025,2025-01-30,880.00,PE,1.40,1.40,0.85,0.90,0.90,6,33.036875,1875,1875,06-JAN-2025
OPTSTK,SRF,30-Jan-2025,2025-01-30,2400.00,CE,24.20,25.85,16.70,20.15,20.15,1399,12706.9023,441750,13125,06-JAN-2025
OPTSTK,SRF,27-Feb-2025,2025-02-27,2400.00,CE,50.00,50.00,47.00,47.00,46.85,7,64.2721875,4125,375,06-JAN-2025
OPTSTK,AXISBANK,27-Feb-2025,2025-02-27,1280.00,PE,0.00,0.00,0.00,172.00,205.35,0,0.00,625,0,06-JAN-2025
OPTSTK,SRF,30-Jan-2025,2025-01-30,2500.00,CE,8.90,9.05,5.45,6.80,6.80,930,8744.62537,157125,-21000,06-JAN-2025
OPTSTK,AXISBANK,27-Feb-2025,2025-02-27,1130.00,CE,0.00,0.00,0.00,35.25,17.50,0,0.00,0,0,06-JAN-2025
OPTSTK,AXISBANK,30-Jan-2025,2025-01-30,1130.00,CE,10.50,11.10,6.60,6.95,6.95,1436,10217.1218,710625,-4375,06-JAN-2025
OPTSTK,CHOLAFIN,30-Jan-2025,2025-01-30,1100.00,CE,0.00,0.00,0.00,212.00,199.95,0,0.00,5625,0,06-JAN-2025
OPTSTK,DEEPAKNTR,27-Mar-2025,2025-03-27,2500.00,CE,0.00,0.00,0.00,251.80,121.95,0,0.00,0,0,06-JAN-2025
OPTSTK,DEEPAKNTR,27-Feb-2025,2025-02-27,2500.00,CE,0.00,0.00,0.00,120.00,89.45,0,0.00,300,0,06-JAN-2025
OPTSTK,DEEPAKNTR,27-Feb-2025,2025-02-27,2650.00,CE,0.00,0.00,0.00,139.70,43.35,0,0.00,0,0,06-JAN-2025
OPTSTK,CHOLAFIN,30-Jan-2025,2025-01-30,1420.00,CE,11.40,15.50,5.85,6.75,6.75,618,5521.82531,131250,-1875,06-JAN-2025
OPTSTK,CHOLAFIN,27-Mar-2025,2025-03-27,1080.00,PE,0.00,0.00,0.00,36.05,8.70,0,0.00,0,0,06-JAN-2025
OPTSTK,CHOLAFIN,27-Feb-2025,2025-02-27,1380.00,CE,0.00,0.00,0.00,21.95,35.75,0,0.00,0,0,06-JAN-2025
OPTSTK,CHOLAFIN,27-Feb-2025,2025-02-27,1320.00,CE,0.00,0.00,0.00,84.15,57.95,0,0.00,0,0,06-JAN-2025
OPTSTK,DEEPAKNTR,30-Jan-2025,2025-01-30,2800.00,PE,0.00,0.00,0.00,330.75,369.95,0,0.00,42000,0,06-JAN-2025
OPTSTK,CHOLAFIN,30-Jan-2025,2025-01-30,1200.00,PE,4.55,10.90,4.20,9.50,9.50,1786,13482.1146,448750,-138750,06-JAN-2025
OPTSTK,VOLTAS,30-Jan-2025,2025-01-30,1620.00,PE,4.00,8.35,4.00,7.05,7.05,194,946.51035,30900,-2400,06-JAN-2025
OPTSTK,ULTRACEMCO,30-Jan-2025,2025-01-30,10100.00,CE,0.00,0.00,0.00,1149.55,1450.65,0,0.00,0,0,06-JAN-2025
OPTSTK,ULTRACEMCO,30-Jan-2025,2025-01-30,12100.00,PE,422.00,585.15,422.00,585.15,627.35,2,12.603575,1550,50,06-JAN-2025
OPTSTK,VOLTAS,30-Jan-2025,2025-01-30,1860.00,CE,38.95,39.00,19.85,22.00,22.00,1141,6458.16255,156300,-12900,06-JAN-2025
OPTSTK,VOLTAS,27-Feb-2025,2025-02-27,1860.00,PE,0.00,0.00,0.00,180.00,119.60,0,0.00,0,0,06-JAN-2025
OPTSTK,ULTRACEMCO,30-Jan-2025,2025-01-30,11700.00,PE,218.15,387.60,191.30,369.20,369.20,1429,8562.24997,15500,-5150,06-JAN-2025
OPTSTK,ULTRACEMCO,27-Feb-2025,2025-02-27,11700.00,PE,0.00,0.00,0.00,565.55,440.25,0,0.00,0,0,06-JAN-2025
OPTSTK,ULTRACEMCO,30-Jan-2025,2025-01-30,11700.00,CE,349.95,372.80,205.25,219.10,219.10,1056,6314.9434,35650,750,06-JAN-2025
OPTSTK,ULTRACEMCO,27-Feb-2025,2025-02-27,10300.00,PE,0.00,0.00,0.00,91.05,34.60,0,0.00,0,0,06-JAN-2025
OPTSTK,ULTRACEMCO,30-Jan-2025,2025-01-30,10300.00,PE,22.75,22.75,22.75,22.75,5.95,12,61.9365,600,600,06-JAN-2025
OPTSTK,ULTRACEMCO,30-Jan-2025,2025-01-30,11800.00,PE,259.05,450.40,233.50,425.40,425.40,1110,6724.73117,10200,-2350,06-JAN-2025
OPTSTK,VOLTAS,30-Jan-2025,2025-01-30,2020.00,PE,0.00,0.00,0.00,213.75,238.50,0,0.00,600,0,06-JAN-2025
OPTSTK,ULTRACEMCO,27-Mar-2025,2025-03-27,9200.00,PE,0.00,0.00,0.00,22.20,4.90,0,0.00,0,0,06-JAN-2025
OPTSTK,VOLTAS,27-Feb-2025,2025-02-27,1480.00,PE,0.00,0.00,0.00,40.40,3.50,0,0.00,0,0,06-JAN-2025
OPTSTK,VOLTAS,27-Mar-2025,2025-03-27,1600.00,PE,0.00,0.00,0.00,60.45,26.40,0,0.00,0,0,06-JAN-2025
OPTSTK,ULTRACEMCO,27-Feb-2025,2025-02-27,12600.00,PE,0.00,0.00,0.00,1541.85,1071.10,0,0.00,0,0,06-JAN-2025
OPTSTK,ULTRACEMCO,30-Jan-2025,2025-01-30,12600.00,CE,55.30,60.00,31.15,34.45,34.45,151,954.4278,7550,-2000,06-JAN-2025
OPTSTK,VOLTAS,30-Jan-2025,2025-01-30,1440.00,CE,0.00,0.00,0.00,267.00,342.45,0,0.00,0,0,06-JAN-2025
OPTSTK,ULTRACEMCO,30-Jan-2025,2025-01-30,12300.00,PE,0.00,0.00,0.00,537.80,792.65,0,0.00,100,0,06-JAN-2025
OPTSTK,ULTRACEMCO,30-Jan-2025,2025-01-30,11400.00,PE,120.25,237.95,104.10,221.25,221.25,1059,6134.4237,18800,-1650,06-JAN-2025
OPTSTK,ULTRACEMCO,27-Feb-2025,2025-02-27,11400.00,CE,0.00,0.00,0.00,504.70,507.00,0,0.00,0,0,06-JAN-2025
OPTSTK,ULTRACEMCO,27-Mar-2025,2025-03-27,11400.00,PE,0.00,0.00,0.00,488.55,360.80,0,0.00,0,0,06-JAN-2025
OPTSTK,ULTRACEMCO,27-Feb-2025,2025-02-27,11400.00,PE,0.00,0.00,0.00,701.30,294.30,0,0.00,0,0,06-JAN-2025
OPTSTK,VOLTAS,27-Feb-2025,2025-02-27,1600.00,PE,0.00,0.00,0.00,21.00,15.95,0,0.00,600,0,06-JAN-2025
OPTSTK,VOLTAS,30-Jan-2025,2025-01-30,1360.00,PE,1.00,1.00,1.00,1.00,0.05,1,4.083,2700,0,06-JAN-2025
OPTSTK,VOLTAS,27-Feb-2025,2025-02-27,1800.00,CE,74.75,76.35,68.30,71.50,71.50,15,84.2289,4200,3000,06-JAN-2025
OPTSTK,VOLTAS,27-Feb-2025,2025-02-27,1740.00,PE,51.05,60.95,51.05,58.75,58.75,4,21.5499,300,0,06-JAN-2025
OPTSTK,VOLTAS,27-Mar-2025,2025-03-27,1680.00,PE,0.00,0.00,0.00,92.00,48.15,0,0.00,0,0,06-JAN-2025
OPTSTK,ULTRACEMCO,30-Jan-2025,2025-01-30,11000.00,CE,830.00,830.00,650.00,650.00,650.00,37,216.34875,10500,300,06-JAN-2025
OPTSTK,ULTRACEMCO,27-Mar-2025,2025-03-27,11000.00,PE,0.00,0.00,0.00,328.75,215.30,0,0.00,0,0,06-JAN-2025
OPTSTK,ULTRACEMCO,27-Mar-2025,2025-03-27,11000.00,CE,0.00,0.00,0.00,988.10,880.45,0,0.00,0,0,06-JAN-2025
OPTSTK,RBLBANK,30-Jan-2025,2025-01-30,155.00,CE,9.95,11.50,8.75,9.65,9.65,72,297.75625,1002500,-180000,06-JAN-2025
OPTSTK,HINDUNILVR,30-Jan-2025,2025-01-30,2420.00,CE,49.00,49.70,31.00,35.40,35.40,1169,8616.7059,97800,5100,06-JAN-2025
OPTSTK,HINDUNILVR,27-Feb-2025,2025-02-27,2420.00,CE,0.00,0.00,0.00,67.20,61.20,0,0.00,0,0,06-JAN-2025
OPTSTK,RBLBANK,27-Feb-2025,2025-02-27,142.50,CE,0.00,0.00,0.00,26.90,27.75,0,0.00,0,0,06-JAN-2025
OPTSTK,RBLBANK,30-Jan-2025,2025-01-30,142.50,PE,2.85,2.85,2.85,2.85,0.60,1,3.63375,137500,-2500,06-JAN-2025
OPTSTK,RBLBANK,30-Jan-2025,2025-01-30,142.50,CE,0.00,0.00,0.00,17.15,25.50,0,0.00,25000,0,06-JAN-2025
OPTSTK,RBLBANK,30-Jan-2025,2025-01-30,175.00,CE,1.60,1.60,1.40,1.40,4.50,6,26.4775,1207500,-15000,06-JAN-2025
OPTSTK,HINDUNILVR,30-Jan-2025,2025-01-30,2700.00,PE,290.00,316.00,290.00,316.00,312.15,5,45.0726,74400,-1200,06-JAN-2025
OPTSTK,RBLBANK,27-Feb-2025,2025-02-27,140.00,PE,0.00,0.00,0.00,3.00,1.65,0,0.00,15000,0,06-JAN-2025
OPTSTK,RBLBANK,30-Jan-2025,2025-01-30,140.00,PE,0.90,7.90,0.90,1.50,0.40,28,99.4775,1937500,-70000,06-JAN-2025
OPTSTK,HINDUNILVR,27-Feb-2025,2025-02-27,2720.00,PE,0.00,0.00,0.00,253.30,321.40,0,0.00,0,0,06-JAN-2025
FUTSTK,RBLBANK,27-Feb-2025,2025-02-27,,,161.61,162.97,159.00,160.75,160.75,152,611.242,12765000,-380000,06-JAN-2025
OPTSTK,RBLBANK,30-Jan-2025,2025-01-30,130.00,CE,0.00,0.00,0.00,44.95,37.45,0,0.00,0,0,06-JAN-2025
OPTSTK,HINDUNILVR,27-Feb-2025,2025-02-27,2460.00,PE,0.00,0.00,0.00,149.65,105.75,0,0.00,0,0,06-JAN-2025
OPTSTK,HINDUNILVR,27-Feb-2025,2025-02-27,2460.00,CE,0.00,0.00,0.00,53.25,45.50,0,0.00,0,0,06-JAN-2025
OPTSTK,HINDUNILVR,30-Jan-2025,2025-01-30,2460.00,CE,30.55,31.05,19.20,22.20,22.20,1626,12112.1022,131100,-27000,06-JAN-2025
OPTSTK,RBLBANK,27-Mar-2025,2025-03-27,140.00,PE,0.00,0.00,0.00,6.35,2.95,0,0.00,0,0,06-JAN-2025
OPTSTK,HINDUNILVR,27-Mar-2025,2025-03-27,2720.00,PE,0.00,0.00,0.00,356.85,314.50,0,0.00,0,0,06-JAN-2025
OPTSTK,RBLBANK,30-Jan-2025,2025-01-30,140.00,CE,22.00,22.00,21.00,21.00,21.00,2,8.075,402500,-5000,06-JAN-2025
OPTSTK,RBLBANK,27-Feb-2025,2025-02-27,190.00,CE,0.00,0.00,0.00,6.95,3.95,0,0.00,0,0,06-JAN-2025
OPTSTK,RBLBANK,30-Jan-2025,2025-01-30,190.00,PE,0.00,0.00,0.00,31.05,23.65,0,0.00,100000,0,06-JAN-2025
OPTSTK,RBLBANK,27-Feb-2025,2025-02-27,152.50,CE,0.00,0.00,0.00,20.45,20.20,0,0.00,0,0,06-JAN-2025
OPTSTK,RBLBANK,30-Jan-2025,2025-01-30,152.50,PE,2.80,3.15,2.80,3.10,2.00,27,104.85625,235000,-67500,06-JAN-2025
OPTSTK,HINDUNILVR,27-Mar-2025,2025-03-27,1920.00,PE,0.00,0.00,0.00,3.60,0.45,0,0.00,0,0,06-JAN-2025
OPTSTK,RBLBANK,27-Feb-2025,2025-02-27,155.00,PE,0.00,0.00,0.00,7.90,5.20,0,0.00,0,0,06-JAN-2025
OPTSTK,RBLBANK,27-Feb-2025,2025-02-27,150.00,PE,0.00,0.00,0.00,5.80,3.70,0,0.00,40000,0,06-JAN-2025
OPTSTK,RBLBANK,27-Feb-2025,2025-02-27,150.00,CE,0.00,0.00,0.00,15.05,21.95,0,0.00,2500,0,06-JAN-2025
OPTSTK,RBLBANK,30-Jan-2025,2025-01-30,150.00,PE,2.60,3.90,2.50,3.00,3.00,87,332.56875,3315000,-217500,06-JAN-2025
OPTSTK,RBLBANK,27-Mar-2025,2025-03-27,150.00,CE,0.00,0.00,0.00,25.00,24.50,0,0.00,0,0,06-JAN-2025
OPTSTK,HINDUNILVR,27-Feb-2025,2025-02-27,2540.00,PE,0.00,0.00,0.00,207.55,162.85,0,0.00,0,0,06-JAN-2025
OPTSTK,HINDUNILVR,30-Jan-2025,2025-01-30,2580.00,CE,7.20,7.20,4.35,4.80,4.80,471,3652.6179,95100,-17700,06-JAN-2025
OPTSTK,HINDUNILVR,27-Feb-2025,2025-02-27,2580.00,CE,0.00,0.00,0.00,24.50,16.10,0,0.00,0,0,06-JAN-2025
OPTSTK,CESC,30-Jan-2025,2025-01-30,190.00,CE,6.75,7.00,2.70,2.80,2.80,1213,6885.54506,1939275,403650,06-JAN-2025
OPTSTK,MCX,27-Feb-2025,2025-02-27,7200.00,CE,0.00,0.00,0.00,252.35,37.15,0,0.00,0,0,06-JAN-2025
OPTSTK,MCX,27-Feb-2025,2025-02-27,6800.00,CE,0.00,0.00,0.00,357.30,79.00,0,0.00,0,0,06-JAN-2025
OPTSTK,MCX,27-Feb-2025,2025-02-27,6200.00,PE,0.00,0.00,0.00,566.05,541.75,0,0.00,0,0,06-JAN-2025
OPTSTK,CESC,30-Jan-2025,2025-01-30,197.50,PE,17.50,17.50,17.50,17.50,21.80,1,6.28875,78975,0,06-JAN-2025
OPTSTK,CESC,27-Mar-2025,2025-03-27,150.00,PE,0.00,0.00,0.00,3.35,2.60,0,0.00,0,0,06-JAN-2025
OPTSTK,CESC,27-Feb-2025,2025-02-27,150.00,CE,0.00,0.00,0.00,32.35,29.00,0,0.00,0,0,06-JAN-2025
OPTSTK,CESC,27-Feb-2025,2025-02-27,170.00,PE,0.00,0.00,0.00,12.65,6.65,0,0.00,0,0,06-JAN-2025
OPTSTK,CESC,30-Jan-2025,2025-01-30,170.00,PE,2.75,5.40,2.55,5.25,5.25,240,1222.22441,620100,-61425,06-JAN-2025
OPTSTK,CESC,30-Jan-2025,2025-01-30,170.00,CE,14.80,14.80,10.50,10.55,10.55,41,219.190725,87750,87750,06-JAN-2025
OPTSTK,CESC,27-Feb-2025,2025-02-27,150.00,PE,0.00,0.00,0.00,5.30,1.45,0,0.00,0,0,06-JAN-2025
OPTSTK,CESC,27-Mar-2025,2025-03-27,150.00,CE,0.00,0.00,0.00,40.85,30.90,0,0.00,0,0,06-JAN-2025
OPTSTK,MCX,30-Jan-2025,2025-01-30,6300.00,PE,336.65,561.30,333.60,550.05,550.05,189,1275.9253,43500,-5400,06-JAN-2025
OPTSTK,MCX,27-Feb-2025,2025-02-27,6300.00,PE,0.00,0.00,0.00,426.90,610.10,0,0.00,0,0,06-JAN-2025
OPTSTK,MCX,27-Feb-2025,2025-02-27,5400.00,PE,0.00,0.00,0.00,228.25,148.90,0,0.00,0,0,06-JAN-2025
OPTSTK,MCX,30-Jan-2025,2025-01-30,5400.00,CE,555.05,557.70,555.00,557.70,508.25,12,71.4789,1400,800,06-JAN-2025
OPTSTK,TECHM,30-Jan-2025,2025-01-30,1760.00,CE,21.85,28.00,19.85,20.70,20.70,2173,23246.2656,1642800,1200,06-JAN-2025
OPTSTK,INDHOTEL,27-Feb-2025,2025-02-27,790.00,CE,0.00,0.00,0.00,106.30,76.40,0,0.00,0,0,06-JAN-2025
OPTSTK,INDHOTEL,27-Feb-2025,2025-02-27,790.00,PE,0.00,0.00,0.00,18.10,14.55,0,0.00,0,0,06-JAN-2025
OPTSTK,ABBOTINDIA,27-Feb-2025,2025-02-27,28750.00,CE,0.00,0.00,0.00,1320.25,1869.80,0,0.00,0,0,06-JAN-2025
OPTSTK,INDHOTEL,30-Jan-2025,2025-01-30,900.00,CE,13.70,14.75,7.00,7.65,7.65,3383,30779.595,1490000,310000,06-JAN-2025
OPTSTK,INDHOTEL,27-Mar-2025,2025-03-27,840.00,PE,0.00,0.00,0.00,42.80,40.20,0,0.00,0,0,06-JAN-2025
OPTSTK,INDHOTEL,27-Feb-2025,2025-02-27,950.00,CE,0.00,0.00,0.00,27.15,9.80,0,0.00,0,0,06-JAN-2025
OPTSTK,TECHM,27-Feb-2025,2025-02-27,1720.00,PE,0.00,0.00,0.00,53.85,74.85,0,0.00,600,0,06-JAN-2025
OPTSTK,TECHM,30-Jan-2025,2025-01-30,1720.00,PE,55.05,69.85,48.85,66.65,66.65,335,3578.4648,201000,14400,06-JAN-2025
OPTSTK,TECHM,27-Mar-2025,2025-03-27,1720.00,CE,0.00,0.00,0.00,108.10,77.30,0,0.00,0,0,06-JAN-2025
OPTSTK,TECHM,27-Feb-2025,2025-02-27,2040.00,CE,0.00,0.00,0.00,23.55,2.25,0,0.00,0,0,06-JAN-2025
OPTSTK,TECHM,30-Jan-2025,2025-01-30,2040.00,CE,0.00,0.00,0.00,9.15,0.10,0,0.00,0,0,06-JAN-2025
OPTSTK,ABBOTINDIA,27-Feb-2025,2025-02-27,26000.00,PE,0.00,0.00,0.00,640.20,29.40,0,0.00,0,0,06-JAN-2025
OPTSTK,ABBOTINDIA,27-Feb-2025,2025-02-27,26000.00,CE,0.00,0.00,0.00,2487.45,4228.65,0,0.00,0,0,06-JAN-2025
OPTSTK,TECHM,27-Mar-2025,2025-03-27,1720.00,PE,0.00,0.00,0.00,98.30,85.75,0,0.00,0,0,06-JAN-2025
OPTSTK,TECHM,30-Jan-2025,2025-01-30,1920.00,PE,0.00,0.00,0.00,201.00,226.55,0,0.00,600,0,06-JAN-2025
OPTSTK,TECHM,27-Mar-2025,2025-03-27,1440.00,CE,0.00,0.00,0.00,298.00,273.85,0,0.00,0,0,06-JAN-2025
OPTSTK,ABBOTINDIA,30-Jan-2025,2025-01-30,33000.00,PE,0.00,0.00,0.00,3858.95,2938.80,0,0.00,0,0,06-JAN-2025
OPTSTK,ABBOTINDIA,30-Jan-2025,2025-01-30,29250.00,PE,0.00,0.00,0.00,521.65,323.85,0,0.00,300,0,06-JAN-2025
OPTSTK,ABBOTINDIA,27-Feb-2025,2025-02-27,29250.00,PE,0.00,0.00,0.00,1372.55,552.65,0,0.00,0,0,06-JAN-2025
OPTSTK,ABBOTINDIA,27-Feb-2025,2025-02-27,29250.00,CE,0.00,0.00,0.00,1086.25,1533.00,0,0.00,0,0,06-JAN-2025
OPTSTK,ABBOTINDIA,30-Jan-2025,2025-01-30,29250.00,CE,0.00,0.00,0.00,938.00,1153.75,0,0.00,80,0,06-JAN-2025
OPTSTK,INDHOTEL,27-Feb-2025,2025-02-27,740.00,PE,0.00,0.00,0.00,34.50,4.95,0,0.00,0,0,06-JAN-2025
OPTSTK,ABBOTINDIA,27-Feb-2025,2025-02-27,28500.00,CE,0.00,0.00,0.00,1150.90,2051.70,0,0.00,0,0,06-JAN-2025
OPTSTK,INDHOTEL,30-Jan-2025,2025-01-30,790.00,PE,2.80,8.45,2.00,7.20,7.20,724,5761.973,120000,18000,06-JAN-2025
OPTSTK,INDHOTEL,30-Jan-2025,2025-01-30,760.00,PE,2.95,4.30,2.15,3.25,3.25,649,4953.2515,160000,50000,06-JAN-2025
OPTSTK,INDHOTEL,27-Feb-2025,2025-02-27,760.00,CE,0.00,0.00,0.00,75.05,99.45,0,0.00,0,0,06-JAN-2025
OPTSTK,INDHOTEL,30-Jan-2025,2025-01-30,870.00,PE,18.10,40.60,17.45,37.45,37.45,1305,11724.992,295000,-79000,06-JAN-2025
OPTSTK,INDHOTEL,30-Jan-2025,2025-01-30,740.00,PE,1.80,2.80,1.50,2.25,2.25,202,1499.2365,32000,27000,06-JAN-2025
OPTSTK,TECHM,27-Mar-2025,2025-03-27,1760.00,PE,0.00,0.00,0.00,119.75,108.55,0,0.00,0,0,06-JAN-2025
OPTSTK,TECHM,30-Jan-2025,2025-01-30,1760.00,PE,78.30,91.95,73.65,90.15,85.75,19,209.721,83400,-3600,06-JAN-2025
OPTSTK,INDHOTEL,30-Jan-2025,2025-01-30,770.00,CE,80.95,81.00,80.95,81.00,81.05,2,17.0195,8000,1000,06-JAN-2025
OPTSTK,JSWSTEEL,27-Feb-2025,2025-02-27,780.00,CE,0.00,0.00,0.00,193.65,130.50,0,0.00,0,0,06-JAN-2025
OPTSTK,JSWSTEEL,30-Jan-2025,2025-01-30,780.00,PE,0.95,1.40,0.80,1.15,0.25,105,553.606987,371250,17550,06-JAN-2025
OPTSTK,GRASIM,27-Mar-2025,2025-03-27,2440.00,PE,0.00,0.00,0.00,96.05,77.35,0,0.00,0,0,06-JAN-2025
OPTSTK,ICICIBANK,30-Jan-2025,2025-01-30,1390.00,PE,0.00,0.00,0.00,114.00,120.80,0,0.00,10500,0,06-JAN-2025
OPTSTK,ICICIBANK,30-Jan-2025,2025-01-30,1390.00,CE,1.95,2.15,1.60,1.90,1.90,1419,13825.6331,763000,503300,06-JAN-2025
OPTSTK,GRASIM,27-Feb-2025,2025-02-27,2240.00,CE,0.00,0.00,0.00,392.35,253.05,0,0.00,0,0,06-JAN-2025
OPTSTK,GRASIM,27-Feb-2025,2025-02-27,2240.00,PE,0.00,0.00,0.00,21.50,11.05,0,0.00,0,0,06-JAN-2025
OPTSTK,GRASIM,30-Jan-2025,2025-01-30,2240.00,PE,4.05,8.35,3.35,7.55,7.55,285,1599.57475,60000,12000,06-JAN-2025
OPTSTK,ICICIBANK,27-Feb-2025,2025-02-27,1430.00,PE,0.00,0.00,0.00,129.90,155.15,0,0.00,0,0,06-JAN-2025
OPTSTK,JSWSTEEL,27-Feb-2025,2025-02-27,1000.00,CE,9.80,9.80,8.00,9.50,8.45,5,34.061175,14175,675,06-JAN-2025
OPTSTK,GRASIM,30-Jan-2025,2025-01-30,2260.00,PE,4.20,7.90,4.20,7.90,3.70,17,96.30875,19750,0,06-JAN-2025
OPTSTK,GRASIM,27-Feb-2025,2025-02-27,2620.00,PE,0.00,0.00,0.00,176.55,169.70,0,0.00,0,0,06-JAN-2025
OPTSTK,GRASIM,30-Jan-2025,2025-01-30,2520.00,CE,55.65,63.00,29.90,32.35,32.35,850,5450.3895,93000,23500,06-JAN-2025
OPTSTK,GRASIM,27-Mar-2025,2025-03-27,2520.00,PE,0.00,0.00,0.00,133.20,116.35,0,0.00,0,0,06-JAN-2025
OPTSTK,ICICIBANK,30-Jan-2025,2025-01-30,1420.00,PE,0.00,0.00,0.00,86.55,149.95,0,0.00,700,0,06-JAN-2025
OPTSTK,ICICIBANK,27-Mar-2025,2025-03-27,1420.00,PE,0.00,0.00,0.00,124.50,143.95,0,0.00,0,0,06-JAN-2025
OPTSTK,ICICIBANK,30-Jan-2025,2025-01-30,1230.00,CE,61.05,61.05,51.60,55.30,55.30,29,260.89,27300,7700,06-JAN-2025
OPTSTK,ICICIBANK,27-Feb-2025,2025-02-27,1230.00,CE,0.00,0.00,0.00,88.00,64.80,0,0.00,700,0,06-JAN-2025
OPTSTK,ICICIBANK,27-Mar-2025,2025-03-27,1380.00,PE,0.00,0.00,0.00,96.80,111.05,0,0.00,0,0,06-JAN-2025
OPTSTK,ICICIBANK,30-Jan-2025,2025-01-30,1380.00,CE,2.10,2.80,2.10,2.55,2.55,991,9590.126,748300,-56000,06-JAN-2025
OPTSTK,ICICIBANK,30-Jan-2025,2025-01-30,1380.00,PE,0.00,0.00,0.00,90.15,111.30,0,0.00,25200,0,06-JAN-2025
OPTSTK,GRASIM,30-Jan-2025,2025-01-30,2800.00,PE,0.00,0.00,0.00,260.00,327.90,0,0.00,7500,0,06-JAN-2025
OPTSTK,JSWSTEEL,27-Feb-2025,2025-02-27,900.00,PE,31.00,31.00,29.45,29.45,30.85,2,12.5580375,12825,1350,06-JAN-2025
OPTSTK,JSWSTEEL,27-Mar-2025,2025-03-27,900.00,CE,0.00,0.00,0.00,73.50,51.20,0,0.00,0,0,06-JAN-2025
OPTSTK,JSWSTEEL,27-Feb-2025,2025-02-27,900.00,CE,0.00,0.00,0.00,100.55,40.35,0,0.00,0,0,06-JAN-2025
OPTSTK,ICICIBANK,27-Feb-2025,2025-02-27,1370.00,PE,0.00,0.00,0.00,85.40,102.10,0,0.00,0,0,06-JAN-2025
OPTSTK,GRASIM,30-Jan-2025,2025-01-30,2040.00,PE,0.00,0.00,0.00,1.70,0.05,0,0.00,250,0,06-JAN-2025
OPTSTK,GRASIM,27-Feb-2025,2025-02-27,2040.00,PE,0.00,0.00,0.00,4.50,0.70,0,0.00,0,0,06-JAN-2025
OPTSTK,GRASIM,27-Feb-2025,2025-02-27,2780.00,PE,0.00,0.00,0.00,294.85,302.75,0,0.00,0,0,06-JAN-2025
OPTSTK,GRASIM,27-Mar-2025,2025-03-27,2280.00,PE,0.00,0.00,0.00,43.30,27.15,0,0.00,0,0,06-JAN-2025
OPTSTK,GRASIM,30-Jan-2025,2025-01-30,2840.00,CE,0.00,0.00,0.00,107.70,0.45,0,0.00,0,0,06-JAN-2025
OPTSTK,GRASIM,27-Feb-2025,2025-02-27,2840.00,CE,0.00,0.00,0.00,63.55,5.75,0,0.00,0,0,06-JAN-2025
OPTSTK,INDIGO,27-Feb-2025,2025-02-27,4800.00,PE,0.00,0.00,0.00,536.75,531.75,0,0.00,0,0,06-JAN-2025
OPTSTK,INDIGO,27-Mar-2025,2025-03-27,3800.00,PE,45.00,49.00,45.00,49.00,51.40,2,11.541,150,150,06-JAN-2025
OPTSTK,INDIGO,30-Jan-2025,2025-01-30,4650.00,PE,212.00,395.00,212.00,388.60,388.60,93,697.045275,45900,-5850,06-JAN-2025
OPTSTK,INDIGO,27-Feb-2025,2025-02-27,4650.00,PE,0.00,0.00,0.00,209.45,411.40,0,0.00,0,0,06-JAN-2025
OPTSTK,INDIGO,30-Jan-2025,2025-01-30,4650.00,CE,57.90,57.90,22.00,24.05,24.05,1068,7499.81767,80850,7950,06-JAN-2025
OPTSTK,BATAINDIA,27-Feb-2025,2025-02-27,1350.00,PE,0.00,0.00,0.00,47.60,13.80,0,0.00,0,0,06-JAN-2025
OPTSTK,INDIGO,27-Feb-2025,2025-02-27,3850.00,PE,0.00,0.00,0.00,18.60,37.15,0,0.00,0,0,06-JAN-2025
OPTSTK,INDIGO,30-Jan-2025,2025-01-30,3850.00,CE,0.00,0.00,0.00,611.75,444.95,0,0.00,0,0,06-JAN-2025
OPTSTK,BATAINDIA,30-Jan-2025,2025-01-30,1340.00,PE,5.10,11.95,3.10,9.55,9.55,208,1051.21443,93750,-3750,06-JAN-2025
OPTSTK,BATAINDIA,30-Jan-2025,2025-01-30,1340.00,CE,0.00,0.00,0.00,88.00,94.25,0,0.00,12000,0,06-JAN-2025
OPTSTK,INDIGO,27-Feb-2025,2025-02-27,4950.00,PE,0.00,0.00,0.00,368.50,661.95,0,0.00,0,0,06-JAN-2025
OPTSTK,INDIGO,27-Feb-2025,2025-02-27,4950.00,CE,0.00,0.00,0.00,205.55,26.30,0,0.00,0,0,06-JAN-2025
OPTSTK,INDIGO,30-Jan-2025,2025-01-30,4950.00,CE,9.00,9.70,6.15,6.35,6.35,104,773.368725,14850,-1800,06-JAN-2025
OPTSTK,INDIGO,30-Jan-2025,2025-01-30,4950.00,PE,0.00,0.00,0.00,332.90,665.00,0,0.00,150,0,06-JAN-2025
OPTSTK,BATAINDIA,30-Jan-2025,2025-01-30,1520.00,PE,0.00,0.00,0.00,132.50,94.70,0,0.00,750,0,06-JAN-2025
OPTSTK,BATAINDIA,27-Feb-2025,2025-02-27,1520.00,PE,0.00,0.00,0.00,154.25,98.60,0,0.00,0,0,06-JAN-2025
OPTSTK,INDIGO,30-Jan-2025,2025-01-30,3600.00,PE,0.00,0.00,0.00,90.60,1.10,0,0.00,0,0,06-JAN-2025
OPTSTK,BATAINDIA,27-Feb-2025,2025-02-27,1450.00,CE,0.00,0.00,0.00,26.10,40.20,0,0.00,0,0,06-JAN-2025
OPTSTK,BATAINDIA,30-Jan-2025,2025-01-30,1280.00,PE,2.55,4.00,2.55,2.95,2.95,11,52.9288125,28125,0,06-JAN-2025
OPTSTK,INDIGO,27-Feb-2025,2025-02-27,4600.00,CE,0.00,0.00,0.00,150.00,85.00,0,0.00,0,0,06-JAN-2025
OPTSTK,INDIGO,27-Feb-2025,2025-02-27,3650.00,PE,0.00,0.00,0.00,7.50,13.40,0,0.00,0,0,06-JAN-2025
OPTSTK,INDIGO,30-Jan-2025,2025-01-30,3650.00,CE,0.00,0.00,0.00,777.85,634.95,0,0.00,0,0,06-JAN-2025
OPTSTK,INDIGO,27-Feb-2025,2025-02-27,3650.00,CE,0.00,0.00,0.00,1128.25,665.25,0,0.00,0,0,06-JAN-2025
OPTSTK,INDIGO,27-Feb-2025,2025-02-27,4450.00,CE,0.00,0.00,0.00,462.65,131.20,0,0.00,0,0,06-JAN-2025
OPTSTK,INDIGO,27-Mar-2025,2025-03-27,5200.00,PE,0.00,0.00,0.00,566.95,885.00,0,0.00,0,0,06-JAN-2025
OPTSTK,BATAINDIA,30-Jan-2025,2025-01-30,1290.00,PE,3.45,4.20,2.05,4.20,0.85,9,43.6340625,34500,-2625,06-JAN-2025
OPTSTK,BATAINDIA,27-Feb-2025,2025-02-27,1290.00,PE,0.00,0.00,0.00,24.65,4.50,0,0.00,0,0,06-JAN-2025
OPTSTK,INDIGO,30-Jan-2025,2025-01-30,5100.00,PE,0.00,0.00,0.00,475.00,811.80,0,0.00,150,0,06-JAN-2025
OPTSTK,INDIGO,27-Mar-2025,2025-03-27,4100.00,PE,0.00,0.00,0.00,75.00,133.65,0,0.00,0,0,06-JAN-2025
OPTSTK,INDIGO,30-Jan-2025,2025-01-30,3750.00,CE,0.00,0.00,0.00,692.70,538.35,0,0.00,0,0,06-JAN-2025
OPTSTK,INDIGO,30-Jan-2025,2025-01-30,3750.00,PE,0.00,0.00,0.00,43.10,4.80,0,0.00,0,0,06-JAN-2025
OPTSTK,INDIGO,27-Feb-2025,2025-02-27,3750.00,PE,0.00,0.00,0.00,12.05,22.95,0,0.00,0,0,06-JAN-2025
OPTSTK,UNIONBANK,27-Feb-2025,2025-02-27,136.00,PE,0.00,0.00,0.00,18.65,21.25,0,0.00,0,0,06-JAN-2025
OPTSTK,UNIONBANK,30-Jan-2025,2025-01-30,136.00,CE,0.45,0.45,0.30,0.35,0.35,18,108.611625,172575,30975,06-JAN-2025
OPTSTK,UNIONBANK,30-Jan-2025,2025-01-30,104.00,CE,0.00,0.00,0.00,21.25,12.00,0,0.00,0,0,06-JAN-2025
OPTSTK,UNIONBANK,27-Feb-2025,2025-02-27,117.00,CE,0.00,0.00,0.00,10.75,6.15,0,0.00,0,0,06-JAN-2025
OPTSTK,UNIONBANK,27-Feb-2025,2025-02-27,115.00,PE,5.80,7.45,5.80,7.45,6.30,6,32.38215,22125,22125,06-JAN-2025
OPTSTK,ITC,27-Feb-2025,2025-02-27,470.00,PE,28.50,34.20,28.50,34.20,28.10,4,32.0696,1600,-243200,06-JAN-2025
OPTSTK,ITC,30-Jan-2025,2025-01-30,470.00,PE,14.45,30.95,13.10,27.30,27.30,285,2238.332,128000,-3286400,06-JAN-2025
OPTSTK,ITC,30-Jan-2025,2025-01-30,470.00,CE,5.10,7.40,2.40,2.80,2.80,4663,35353.3344,1584000,1097600,06-JAN-2025
OPTSTK,UNIONBANK,27-Feb-2025,2025-02-27,132.00,CE,0.00,0.00,0.00,8.10,1.85,0,0.00,0,0,06-JAN-2025
OPTSTK,UNIONBANK,30-Jan-2025,2025-01-30,132.00,PE,0.00,0.00,0.00,8.95,17.20,0,0.00,53100,0,06-JAN-2025
OPTSTK,UNIONBANK,27-Mar-2025,2025-03-27,126.00,PE,0.00,0.00,0.00,13.55,14.20,0,0.00,0,0,06-JAN-2025
OPTSTK,UNIONBANK,27-Mar-2025,2025-03-27,126.00,CE,0.00,0.00,0.00,8.85,4.75,0,0.00,0,0,06-JAN-2025
OPTSTK,UNIONBANK,30-Jan-2025,2025-01-30,126.00,CE,2.45,2.45,1.15,1.25,1.25,208,1173.51663,761100,181425,06-JAN-2025
OPTSTK,UNIONBANK,30-Jan-2025,2025-01-30,126.00,PE,10.80,12.40,10.80,12.40,11.95,22,134.037675,225675,4425,06-JAN-2025
OPTSTK,UNIONBANK,27-Feb-2025,2025-02-27,126.00,CE,0.00,0.00,0.00,10.35,3.10,0,0.00,0,0,06-JAN-2025
OPTSTK,UNIONBANK,27-Feb-2025,2025-02-27,126.00,PE,0.00,0.00,0.00,12.40,13.20,0,0.00,0,0,06-JAN-2025
OPTSTK,UNIONBANK,30-Jan-2025,2025-01-30,134.00,CE,0.55,0.55,0.45,0.50,0.50,15,89.2765875,132750,13275,06-JAN-2025
OPTSTK,UNIONBANK,27-Mar-2025,2025-03-27,134.00,CE,0.00,0.00,0.00,6.20,2.80,0,0.00,0,0,06-JAN-2025
OPTSTK,ITC,27-Feb-2025,2025-02-27,465.00,PE,0.00,0.00,0.00,9.90,24.45,0,0.00,0,0,06-JAN-2025
OPTSTK,ITC,30-Jan-2025,2025-01-30,465.00,PE,11.80,26.80,10.10,23.65,23.65,372,2867.3696,113600,-1571200,06-JAN-2025
OPTSTK,UNIONBANK,27-Feb-2025,2025-02-27,100.00,PE,1.65,2.50,1.65,2.50,1.30,8,36.094725,261075,35400,06-JAN-2025
OPTSTK,ITC,30-Jan-2025,2025-01-30,430.00,CE,35.00,35.00,19.00,19.80,19.80,77,556.0248,38400,19200,06-JAN-2025
OPTSTK,ITC,27-Feb-2025,2025-02-27,430.00,CE,0.00,0.00,0.00,56.65,23.20,0,0.00,0,0,06-JAN-2025
OPTSTK,UNIONBANK,27-Feb-2025,2025-02-27,133.00,CE,0.00,0.00,0.00,4.60,1.65,0,0.00,0,0,06-JAN-2025
OPTSTK,UNIONBANK,27-Feb-2025,2025-02-27,133.00,PE,0.00,0.00,0.00,16.85,18.70,0,0.00,0,0,06-JAN-2025
OPTSTK,ITC,27-Feb-2025,2025-02-27,430.00,PE,2.00,13.15,2.00,11.25,11.25,135,947.6168,110400,-9600,06-JAN-2025
OPTSTK,ITC,27-Mar-2025,2025-03-27,510.00,PE,0.00,0.00,0.00,35.75,61.70,0,0.00,0,0,06-JAN-2025
OPTSTK,UNIONBANK,27-Mar-2025,2025-03-27,112.00,PE,0.00,0.00,0.00,6.50,6.20,0,0.00,0,0,06-JAN-2025
OPTSTK,UNIONBANK,30-Jan-2025,2025-01-30,112.00,CE,6.80,6.85,5.70,6.15,6.30,42,219.96675,66375,66375,06-JAN-2025
OPTSTK,UNIONBANK,30-Jan-2025,2025-01-30,112.00,PE,1.90,4.50,1.90,3.85,3.85,388,1978.67193,561975,221250,06-JAN-2025
OPTSTK,UNIONBANK,27-Feb-2025,2025-02-27,110.00,CE,0.00,0.00,0.00,18.80,9.80,0,0.00,0,0,06-JAN-2025
OPTSTK,UNIONBANK,30-Jan-2025,2025-01-30,110.00,PE,0.90,3.60,0.90,3.05,3.05,1865,9297.82991,2947050,889425,06-JAN-2025
OPTSTK,BANKINDIA,27-Mar-2025,2025-03-27,94.00,CE,0.00,0.00,0.00,15.20,10.90,0,0.00,0,0,06-JAN-2025
OPTSTK,BANKINDIA,27-Feb-2025,2025-02-27,94.00,CE,0.00,0.00,0.00,22.20,9.40,0,0.00,0,0,06-JAN-2025
OPTSTK,BANDHANBNK,27-Mar-2025,2025-03-27,145.00,CE,0.00,0.00,0.00,25.85,15.75,0,0.00,0,0,06-JAN-2025
OPTSTK,BANKINDIA,27-Feb-2025,2025-02-27,100.00,CE,7.95,7.95,5.35,5.65,5.65,9,45.9991375,38600,28950,06-JAN-2025
OPTSTK,BANDHANBNK,30-Jan-2025,2025-01-30,210.00,PE,54.75,55.80,54.75,55.80,57.45,2,14.8554,1047200,0,06-JAN-2025
OPTSTK,BANDHANBNK,27-Feb-2025,2025-02-27,155.00,PE,6.65,8.95,6.65,8.95,8.95,9,41.062,78400,14000,06-JAN-2025
OPTSTK,BANDHANBNK,27-Feb-2025,2025-02-27,155.00,CE,0.00,0.00,0.00,26.75,8.15,0,0.00,0,0,06-JAN-2025
OPTSTK,BANDHANBNK,27-Mar-2025,2025-03-27,180.00,PE,0.00,0.00,0.00,24.75,29.10,0,0.00,0,0,06-JAN-2025
OPTSTK,BANDHANBNK,27-Feb-2025,2025-02-27,180.00,PE,24.90,28.25,24.45,28.25,28.25,19,109.2112,44800,30800,06-JAN-2025
OPTSTK,BANDHANBNK,30-Jan-2025,2025-01-30,180.00,PE,22.25,28.20,22.25,28.05,28.05,10,57.9418,784000,-2800,06-JAN-2025
OPTSTK,BANKINDIA,27-Mar-2025,2025-03-27,86.00,PE,0.00,0.00,0.00,2.15,1.50,0,0.00,0,0,06-JAN-2025
OPTSTK,BANKINDIA,27-Mar-2025,2025-03-27,86.00,CE,0.00,0.00,0.00,20.85,16.60,0,0.00,0,0,06-JAN-2025
OPTSTK,BANDHANBNK,30-Jan-2025,2025-01-30,142.50,PE,1.20,2.45,0.85,2.20,2.20,534,2156.854,764400,215600,06-JAN-2025
OPTSTK,BANDHANBNK,30-Jan-2025,2025-01-30,142.50,CE,16.60,17.00,11.80,12.10,12.00,21,92.4126,86800,22400,06-JAN-2025
OPTSTK,BANDHANBNK,27-Feb-2025,2025-02-27,142.50,PE,0.00,0.00,0.00,4.25,4.45,0,0.00,0,0,06-JAN-2025
OPTSTK,BANDHANBNK,27-Feb-2025,2025-02-27,142.50,CE,0.00,0.00,0.00,25.00,14.90,0,0.00,0,0,06-JAN-2025
OPTSTK,BANDHANBNK,30-Jan-2025,2025-01-30,175.00,PE,17.50,23.90,17.10,23.20,23.20,20,109.284,408800,22400,06-JAN-2025
OPTSTK,BANDHANBNK,27-Feb-2025,2025-02-27,175.00,CE,0.00,0.00,0.00,3.50,2.40,0,0.00,8400,0,06-JAN-2025
OPTSTK,BANDHANBNK,30-Jan-2025,2025-01-30,175.00,CE,1.30,1.50,0.70,0.75,0.75,945,4655.4116,1926400,-420000,06-JAN-2025
OPTSTK,BANDHANBNK,30-Jan-2025,2025-01-30,140.00,PE,1.10,2.00,0.70,1.75,1.75,996,3943.436,3561600,652400,06-JAN-2025
OPTSTK,BANDHANBNK,27-Mar-2025,2025-03-27,140.00,PE,0.00,0.00,0.00,5.20,5.20,0,0.00,0,0,06-JAN-2025
OPTSTK,BANKINDIA,27-Mar-2025,2025-03-27,88.00,CE,0.00,0.00,0.00,19.35,15.05,0,0.00,0,0,06-JAN-2025
OPTSTK,BANKINDIA,30-Jan-2025,2025-01-30,90.00,PE,0.35,1.25,0.35,1.10,1.10,390,1708.47942,593475,-183350,06-JAN-2025
OPTSTK,BANKINDIA,30-Jan-2025,2025-01-30,130.00,PE,0.00,0.00,0.00,26.10,29.65,0,0.00,4825,0,06-JAN-2025
OPTSTK,BANKINDIA,30-Jan-2025,2025-01-30,87.00,PE,0.00,0.00,0.00,0.70,0.25,0,0.00,0,0,06-JAN-2025
OPTSTK,BANKINDIA,27-Feb-2025,2025-02-27,87.00,PE,0.00,0.00,0.00,1.55,1.00,0,0.00,0,0,06-JAN-2025
OPTSTK,BANDHANBNK,30-Jan-2025,2025-01-30,140.00,CE,20.00,21.00,13.80,14.05,14.05,105,460.5804,249200,145600,06-JAN-2025
OPTSTK,BANDHANBNK,30-Jan-2025,2025-01-30,152.50,PE,3.00,6.25,2.35,5.65,5.65,748,3294.2812,590800,190400,06-JAN-2025
FUTSTK,BANKINDIA,30-Jan-2025,2025-01-30,,,106.47,106.97,98.74,99.45,99.45,3788,18586.0944,26962100,974650,06-JAN-2025
OPTSTK,BANKINDIA,27-Feb-2025,2025-02-27,100.00,PE,4.25,6.20,4.00,6.20,5.20,24,121.206412,101325,0,06-JAN-2025
OPTSTK,BANKINDIA,27-Mar-2025,2025-03-27,100.00,PE,0.00,0.00,0.00,6.75,6.30,0,0.00,0,0,06-JAN-2025
OPTSTK,IRFC,27-Feb-2025,2025-02-27,145.00,CE,9.85,9.85,9.85,9.85,11.50,1,5.4584625,14100,3525,06-JAN-2025
OPTSTK,IRFC,27-Mar-2025,2025-03-27,145.00,PE,0.00,0.00,0.00,14.55,11.85,0,0.00,0,0,06-JAN-2025
OPTSTK,IRFC,30-Jan-2025,2025-01-30,120.00,CE,0.00,0.00,0.00,21.85,26.35,0,0.00,3525,0,06-JAN-2025
OPTSTK,IRFC,30-Jan-2025,2025-01-30,160.00,PE,12.50,18.10,11.40,17.65,17.65,115,702.432037,916500,3525,06-JAN-2025
OPTSTK,IRFC,27-Feb-2025,2025-02-27,160.00,PE,0.00,0.00,0.00,15.75,18.85,0,0.00,3525,0,06-JAN-2025
OPTSTK,IRFC,27-Mar-2025,2025-03-27,160.00,PE,0.00,0.00,0.00,23.15,20.70,0,0.00,0,0,06-JAN-2025
OPTSTK,DELHIVERY,27-Feb-2025,2025-02-27,370.00,PE,0.00,0.00,0.00,38.55,35.70,0,0.00,0,0,06-JAN-2025
OPTSTK,IRFC,27-Feb-2025,2025-02-27,142.50,CE,0.00,0.00,0.00,17.15,12.75,0,0.00,0,0,06-JAN-2025
OPTSTK,IRFC,27-Feb-2025,2025-02-27,142.50,PE,0.00,0.00,0.00,11.00,8.50,0,0.00,0,0,06-JAN-2025
OPTSTK,IRFC,27-Feb-2025,2025-02-27,175.00,PE,0.00,0.00,0.00,29.85,30.55,0,0.00,0,0,06-JAN-2025
OPTSTK,IRFC,27-Mar-2025,2025-03-27,140.00,PE,0.00,0.00,0.00,12.15,9.45,0,0.00,0,0,06-JAN-2025
OPTSTK,IRFC,30-Jan-2025,2025-01-30,140.00,CE,14.65,14.65,8.50,8.75,8.75,139,734.197575,645075,3525,06-JAN-2025
OPTSTK,IRFC,27-Mar-2025,2025-03-27,140.00,CE,0.00,0.00,0.00,21.55,16.90,0,0.00,0,0,06-JAN-2025
OPTSTK,IRFC,27-Feb-2025,2025-02-27,140.00,PE,8.65,8.65,8.65,8.65,7.35,1,5.2399125,112800,3525,06-JAN-2025
OPTSTK,DELHIVERY,27-Mar-2025,2025-03-27,380.00,PE,0.00,0.00,0.00,41.40,45.20,0,0.00,0,0,06-JAN-2025
OPTSTK,DELHIVERY,27-Mar-2025,2025-03-27,310.00,CE,0.00,0.00,0.00,55.80,39.95,0,0.00,0,0,06-JAN-2025
OPTSTK,IRFC,30-Jan-2025,2025-01-30,150.00,PE,5.20,10.25,5.00,9.85,9.85,630,3492.26332,2502750,-77550,06-JAN-2025
OPTSTK,IRFC,27-Mar-2025,2025-03-27,170.00,CE,0.00,0.00,0.00,9.85,5.75,0,0.00,0,0,06-JAN-2025
OPTSTK,IRFC,27-Mar-2025,2025-03-27,165.00,PE,0.00,0.00,0.00,26.40,24.20,0,0.00,0,0,06-JAN-2025
OPTSTK,IRFC,30-Jan-2025,2025-01-30,162.50,PE,12.85,16.95,12.85,16.95,18.45,5,31.2297375,56400,0,06-JAN-2025
OPTSTK,DELHIVERY,27-Feb-2025,2025-02-27,290.00,PE,0.00,0.00,0.00,5.45,1.80,0,0.00,0,0,06-JAN-2025
OPTSTK,DELHIVERY,30-Jan-2025,2025-01-30,305.00,PE,2.10,3.45,2.05,2.50,2.50,185,867.629687,134200,12200,06-JAN-2025
OPTSTK,DELHIVERY,30-Jan-2025,2025-01-30,375.00,CE,1.60,1.95,1.25,1.85,1.85,143,821.45955,96075,-6100,06-JAN-2025
OPTSTK,DELHIVERY,30-Jan-2025,2025-01-30,375.00,PE,40.40,40.50,40.40,40.50,37.55,2,12.671225,7625,1525,06-JAN-2025
OPTSTK,DELHIVERY,27-Feb-2025,2025-02-27,375.00,CE,0.00,0.00,0.00,15.60,5.70,0,0.00,0,0,06-JAN-2025
OPTSTK,IRFC,27-Feb-2025,2025-02-27,155.00,PE,0.00,0.00,0.00,17.50,15.45,0,0.00,0,0,06-JAN-2025
OPTSTK,DELHIVERY,27-Feb-2025,2025-02-27,350.00,CE,0.00,0.00,0.00,26.50,12.95,0,0.00,0,0,06-JAN-2025
OPTSTK,DELHIVERY,30-Jan-2025,2025-01-30,350.00,PE,19.30,23.10,19.00,20.75,20.75,38,214.530137,346175,-7625,06-JAN-2025
OPTSTK,IRFC,27-Feb-2025,2025-02-27,152.50,PE,0.00,0.00,0.00,16.25,13.90,0,0.00,0,0,06-JAN-2025
OPTSTK,DELHIVERY,30-Jan-2025,2025-01-30,395.00,PE,0.00,0.00,0.00,27.35,56.15,0,0.00,1525,0,06-JAN-2025
OPTSTK,DELHIVERY,27-Feb-2025,2025-02-27,340.00,CE,0.00,0.00,0.00,31.30,17.25,0,0.00,0,0,06-JAN-2025
OPTSTK,DELHIVERY,27-Mar-2025,2025-03-27,340.00,PE,0.00,0.00,0.00,19.70,19.60,0,0.00,0,0,06-JAN-2025
OPTSTK,HDFCBANK,27-Feb-2025,2025-02-27,1820.00,PE,0.00,0.00,0.00,74.65,113.30,0,0.00,3850,0,06-JAN-2025
OPTSTK,HDFCBANK,30-Jan-2025,2025-01-30,1770.00,CE,31.00,36.10,17.45,18.05,18.05,7453,73582.0459,1180300,227150,06-JAN-2025
OPTSTK,HDFCBANK,30-Jan-2025,2025-01-30,1770.00,PE,44.40,71.70,38.00,67.85,67.85,1536,15390.2526,521950,-18700,06-JAN-2025
OPTSTK,HDFCBANK,30-Jan-2025,2025-01-30,1900.00,PE,145.30,188.15,136.30,180.05,180.05,524,5993.51032,548900,-145750,06-JAN-2025
OPTSTK,APOLLOTYRE,27-Feb-2025,2025-02-27,620.00,PE,0.00,0.00,0.00,107.10,114.05,0,0.00,0,0,06-JAN-2025
OPTSTK,APOLLOTYRE,27-Feb-2025,2025-02-27,560.00,PE,0.00,0.00,0.00,60.95,59.35,0,0.00,0,0,06-JAN-2025
FUTSTK,HDFCBANK,30-Jan-2025,2025-01-30,,,1752.00,1767.20,1714.65,1719.60,1719.60,48674,464925.625,122794650,4312550,06-JAN-2025
OPTSTK,APOLLOTYRE,30-Jan-2025,2025-01-30,440.00,PE,0.50,1.35,0.50,1.15,1.15,199,1491.97185,629000,95200,06-JAN-2025
OPTSTK,APOLLOTYRE,27-Mar-2025,2025-03-27,520.00,PE,0.00,0.00,0.00,22.90,33.70,0,0.00,0,0,06-JAN-2025
OPTSTK,HDFCBANK,30-Jan-2025,2025-01-30,1540.00,PE,1.25,2.40,1.05,2.05,2.05,963,8166.65162,158950,152350,06-JAN-2025
OPTSTK,APOLLOTYRE,27-Feb-2025,2025-02-27,580.00,PE,0.00,0.00,0.00,75.25,76.65,0,0.00,0,0,06-JAN-2025
OPTSTK,APOLLOTYRE,27-Feb-2025,2025-02-27,580.00,CE,0.00,0.00,0.00,16.10,2.95,0,0.00,0,0,06-JAN-2025
OPTSTK,HDFCBANK,27-Feb-2025,2025-02-27,1980.00,PE,0.00,0.00,0.00,190.00,253.05,0,0.00,1100,0,06-JAN-2025
OPTSTK,HDFCBANK,30-Jan-2025,2025-01-30,1910.00,PE,0.00,0.00,0.00,105.50,191.95,0,0.00,9350,0,06-JAN-2025
OPTSTK,HDFCBANK,27-Mar-2025,2025-03-27,2080.00,CE,0.00,0.00,0.00,18.15,2.40,0,0.00,0,0,06-JAN-2025
OPTSTK,HDFCBANK,27-Mar-2025,2025-03-27,2080.00,PE,0.00,0.00,0.00,269.85,341.35,0,0.00,0,0,06-JAN-2025
OPTSTK,HDFCBANK,30-Jan-2025,2025-01-30,1740.00,CE,46.00,52.80,27.90,29.05,29.05,8428,82350.6235,726000,479050,06-JAN-2025
OPTSTK,APOLLOTYRE,27-Mar-2025,2025-03-27,480.00,CE,0.00,0.00,0.00,81.45,42.60,0,0.00,0,0,06-JAN-2025
OPTSTK,HDFCBANK,30-Jan-2025,2025-01-30,1880.00,CE,5.05,5.45,2.25,2.35,2.35,3310,34285.1093,722150,-155650,06-JAN-2025
OPTSTK,HDFCBANK,27-Feb-2025,2025-02-27,1880.00,PE,0.00,0.00,0.00,121.65,161.80,0,0.00,0,0,06-JAN-2025
OPTSTK,HDFCBANK,30-Jan-2025,2025-01-30,1640.00,PE,6.65,14.05,4.80,12.65,12.65,3184,28894.3547,416900,67100,06-JAN-2025
OPTSTK,HDFCBANK,27-Mar-2025,2025-03-27,1640.00,CE,0.00,0.00,0.00,203.85,123.15,0,0.00,0,0,06-JAN-2025
OPTSTK,HDFCBANK,27-Mar-2025,2025-03-27,1640.00,PE,0.00,0.00,0.00,23.50,28.55,0,0.00,0,0,06-JAN-2025
OPTSTK,HDFCBANK,30-Jan-2025,2025-01-30,1620.00,PE,4.45,10.15,3.20,9.20,9.20,4418,39533.0003,498850,-67650,06-JAN-2025
OPTSTK,HDFCBANK,27-Feb-2025,2025-02-27,1620.00,CE,0.00,0.00,0.00,222.70,121.60,0,0.00,0,0,06-JAN-2025
OPTSTK,HDFCBANK,30-Jan-2025,2025-01-30,1690.00,CE,82.25,82.25,53.55,55.55,55.55,103,990.968,39050,31900,06-JAN-2025
OPTSTK,APOLLOTYRE,30-Jan-2025,2025-01-30,540.00,PE,34.15,42.60,32.00,42.60,40.40,22,215.4988,210800,-3400,06-JAN-2025
OPTSTK,HDFCBANK,27-Feb-2025,2025-02-27,1980.00,CE,4.65,4.65,3.10,3.10,2.50,3,32.7382,1650,0,06-JAN-2025
OPTSTK,HDFCBANK,30-Jan-2025,2025-01-30,1980.00,CE,1.00,1.05,0.75,0.85,0.85,128,1394.54425,152900,-1650,06-JAN-2025
OPTSTK,HDFCBANK,30-Jan-2025,2025-01-30,1830.00,PE,84.00,113.50,82.70,113.50,113.50,31,327.322325,331100,-2750,06-JAN-2025
OPTSTK,HDFCBANK,30-Jan-2025,2025-01-30,1830.00,CE,13.85,13.85,5.65,5.95,5.95,4417,44660.0244,1957450,-6050,06-JAN-2025
OPTSTK,ADANIENT,27-Feb-2025,2025-02-27,2920.00,CE,0.00,0.00,0.00,175.90,68.20,0,0.00,0,0,06-JAN-2025
OPTSTK,ADANIENT,27-Mar-2025,2025-03-27,2320.00,CE,0.00,0.00,0.00,362.60,343.50,0,0.00,0,0,06-JAN-2025
OPTSTK,ADANIENT,27-Feb-2025,2025-02-27,2700.00,PE,0.00,0.00,0.00,190.00,322.30,0,0.00,900,0,06-JAN-2025
OPTSTK,ADANIENT,27-Feb-2025,2025-02-27,2380.00,PE,0.00,0.00,0.00,84.00,141.55,0,0.00,3000,0,06-JAN-2025
OPTSTK,ADANIENT,30-Jan-2025,2025-01-30,2780.00,PE,0.00,0.00,0.00,465.10,335.30,0,0.00,0,0,06-JAN-2025
OPTSTK,ADANIENT,27-Feb-2025,2025-02-27,2860.00,PE,0.00,0.00,0.00,538.60,438.70,0,0.00,0,0,06-JAN-2025
OPTSTK,ADANIENT,30-Jan-2025,2025-01-30,2180.00,PE,12.50,22.60,12.30,20.10,20.10,99,652.728,52800,900,06-JAN-2025
OPTSTK,ADANIENT,30-Jan-2025,2025-01-30,2180.00,CE,0.00,0.00,0.00,419.65,332.95,0,0.00,0,0,06-JAN-2025
OPTSTK,ADANIENT,30-Jan-2025,2025-01-30,2340.00,PE,43.00,44.70,38.20,40.75,40.75,39,278.6214,36900,-4500,06-JAN-2025
OPTSTK,ADANIENT,27-Feb-2025,2025-02-27,2340.00,PE,0.00,0.00,0.00,207.40,124.60,0,0.00,0,0,06-JAN-2025
OPTSTK,ADANIENT,30-Jan-2025,2025-01-30,2720.00,PE,0.00,0.00,0.00,155.20,288.15,0,0.00,1500,0,06-JAN-2025
OPTSTK,ADANIENT,30-Jan-2025,2025-01-30,2520.00,CE,124.00,124.00,69.30,73.30,73.30,827,6454.404,119700,24600,06-JAN-2025
OPTSTK,ADANIENT,27-Mar-2025,2025-03-27,2520.00,PE,0.00,0.00,0.00,348.60,251.75,0,0.00,0,0,06-JAN-2025
OPTSTK,ADANIENT,27-Mar-2025,2025-03-27,2360.00,PE,0.00,0.00,0.00,260.45,172.30,0,0.00,0,0,06-JAN-2025
OPTSTK,ADANIENT,27-Feb-2025,2025-02-27,2820.00,PE,0.00,0.00,0.00,508.40,408.25,0,0.00,0,0,06-JAN-2025
OPTSTK,ADANIENT,27-Mar-2025,2025-03-27,2560.00,PE,0.00,0.00,0.00,372.60,274.15,0,0.00,0,0,06-JAN-2025
OPTSTK,ADANIENT,27-Feb-2025,2025-02-27,2260.00,PE,0.00,0.00,0.00,170.25,94.55,0,0.00,0,0,06-JAN-2025
OPTSTK,ADANIENT,30-Jan-2025,2025-01-30,2240.00,CE,0.00,0.00,0.00,198.35,286.15,0,0.00,3600,0,06-JAN-2025
OPTSTK,ADANIENT,27-Mar-2025,2025-03-27,2360.00,CE,0.00,0.00,0.00,343.35,321.35,0,0.00,0,0,06-JAN-2025
OPTSTK,ADANIENT,30-Jan-2025,2025-01-30,2300.00,PE,20.25,37.90,18.80,34.05,34.05,2205,15416.6298,384000,27300,06-JAN-2025
OPTSTK,ADANIENT,30-Jan-2025,2025-01-30,2300.00,CE,288.40,288.40,216.00,224.10,224.10,45,342.9585,916800,2100,06-JAN-2025
OPTSTK,ADANIENT,27-Feb-2025,2025-02-27,2080.00,CE,0.00,0.00,0.00,533.65,459.55,0,0.00,0,0,06-JAN-2025
OPTSTK,ADANIENT,30-Jan-2025,2025-01-30,2380.00,CE,193.60,193.60,160.20,160.20,160.20,7,53.62215,37500,-900,06-JAN-2025
OPTSTK,ADANIENT,27-Mar-2025,2025-03-27,2240.00,CE,0.00,0.00,0.00,403.70,391.00,0,0.00,0,0,06-JAN-2025
OPTSTK,ADANIENT,30-Jan-2025,2025-01-30,2700.00,CE,41.50,44.10,20.85,23.40,23.40,3495,28594.1847,675300,-1500,06-JAN-2025
OPTSTK,ADANIENT,30-Jan-2025,2025-01-30,2700.00,PE,177.95,237.35,177.95,237.35,237.35,69,600.2121,263400,-2400,06-JAN-2025
OPTSTK,ADANIENT,27-Mar-2025,2025-03-27,2880.00,PE,0.00,0.00,0.00,588.75,485.10,0,0.00,0,0,06-JAN-2025
OPTSTK,ADANIENT,30-Jan-2025,2025-01-30,2580.00,PE,86.70,147.60,82.95,140.45,140.45,330,2669.7609,186900,-13500,06-JAN-2025
OPTSTK,ADANIENT,30-Jan-2025,2025-01-30,2480.00,CE,121.00,125.00,88.30,93.40,93.40,437,3381.9096,148800,5700,06-JAN-2025
OPTSTK,ADANIENT,27-Feb-2025,2025-02-27,2480.00,CE,0.00,0.00,0.00,322.85,207.80,0,0.00,0,0,06-JAN-2025
OPTSTK,ADANIENT,30-Jan-2025,2025-01-30,2160.00,PE,17.80,20.35,17.70,18.55,18.55,22,143.79285,37500,-3000,06-JAN-2025
OPTSTK,ADANIENT,27-Mar-2025,2025-03-27,2160.00,PE,0.00,0.00,0.00,168.95,96.60,0,0.00,0,0,06-JAN-2025
OPTSTK,AMBUJACEM,27-Feb-2025,2025-02-27,555.00,CE,0.00,0.00,0.00,25.00,20.45,0,0.00,900,0,06-JAN-2025
OPTSTK,AMBUJACEM,27-Feb-2025,2025-02-27,555.00,PE,0.00,0.00,0.00,39.15,40.25,0,0.00,0,0,06-JAN-2025
OPTSTK,TVSMOTOR,27-Feb-2025,2025-02-27,2620.00,CE,0.00,0.00,0.00,69.40,34.60,0,0.00,0,0,06-JAN-2025
OPTSTK,TVSMOTOR,30-Jan-2025,2025-01-30,2500.00,CE,70.50,73.30,39.00,41.25,41.25,1115,9979.4912,252700,2450,06-JAN-2025
OPTSTK,TVSMOTOR,27-Feb-2025,2025-02-27,2160.00,CE,0.00,0.00,0.00,329.15,287.15,0,0.00,0,0,06-JAN-2025
OPTSTK,TVSMOTOR,27-Feb-2025,2025-02-27,2160.00,PE,0.00,0.00,0.00,23.50,12.70,0,0.00,0,0,06-JAN-2025
OPTSTK,TVSMOTOR,30-Jan-2025,2025-01-30,2000.00,CE,0.00,0.00,0.00,470.00,422.75,0,0.00,7000,0,06-JAN-2025
OPTSTK,TVSMOTOR,27-Feb-2025,2025-02-27,2440.00,PE,0.00,0.00,0.00,111.85,98.05,0,0.00,0,0,06-JAN-2025
OPTSTK,AMBUJACEM,27-Feb-2025,2025-02-27,540.00,CE,0.00,0.00,0.00,37.85,26.50,0,0.00,0,0,06-JAN-2025
OPTSTK,AMBUJACEM,27-Mar-2025,2025-03-27,540.00,CE,0.00,0.00,0.00,56.55,34.65,0,0.00,0,0,06-JAN-2025
OPTSTK,TVSMOTOR,30-Jan-2025,2025-01-30,2120.00,CE,0.00,0.00,0.00,339.65,304.60,0,0.00,0,0,06-JAN-2025
OPTSTK,TVSMOTOR,27-Mar-2025,2025-03-27,2200.00,CE,0.00,0.00,0.00,323.50,276.60,0,0.00,0,0,06-JAN-2025
OPTSTK,AMBUJACEM,27-Feb-2025,2025-02-27,515.00,CE,0.00,0.00,0.00,61.55,39.25,0,0.00,0,0,06-JAN-2025
OPTSTK,TVSMOTOR,27-Feb-2025,2025-02-27,2600.00,PE,0.00,0.00,0.00,140.00,200.50,0,0.00,14000,0,06-JAN-2025
OPTSTK,TVSMOTOR,27-Mar-2025,2025-03-27,2600.00,PE,0.00,0.00,0.00,219.60,211.25,0,0.00,0,0,06-JAN-2025
OPTSTK,AMBUJACEM,27-Feb-2025,2025-02-27,480.00,CE,0.00,0.00,0.00,67.35,62.75,0,0.00,0,0,06-JAN-2025
OPTSTK,TVSMOTOR,27-Feb-2025,2025-02-27,2140.00,PE,0.00,0.00,0.00,20.35,10.40,0,0.00,0,0,06-JAN-2025
OPTSTK,AMBUJACEM,27-Feb-2025,2025-02-27,585.00,PE,0.00,0.00,0.00,56.65,61.10,0,0.00,0,0,06-JAN-2025
OPTSTK,AMBUJACEM,30-Jan-2025,2025-01-30,530.00,PE,7.80,16.50,7.80,15.05,15.05,912,4465.19835,226800,37800,06-JAN-2025
OPTSTK,AMBUJACEM,27-Feb-2025,2025-02-27,530.00,PE,0.00,0.00,0.00,10.50,26.20,0,0.00,900,0,06-JAN-2025
OPTSTK,AMBUJACEM,27-Mar-2025,2025-03-27,490.00,PE,0.00,0.00,0.00,18.65,15.55,0,0.00,0,0,06-JAN-2025
OPTSTK,AMBUJACEM,30-Jan-2025,2025-01-30,490.00,PE,2.75,4.60,2.75,4.20,4.20,163,724.03515,96300,35100,06-JAN-2025
OPTSTK,TVSMOTOR,27-Feb-2025,2025-02-27,2120.00,PE,0.00,0.00,0.00,17.55,8.45,0,0.00,0,0,06-JAN-2025
OPTSTK,AMBUJACEM,27-Feb-2025,2025-02-27,640.00,PE,0.00,0.00,0.00,90.00,107.45,0,0.00,900,0,06-JAN-2025
OPTSTK,TVSMOTOR,30-Jan-2025,2025-01-30,2160.00,PE,7.00,8.55,7.00,8.50,8.50,10,75.87965,18550,-2100,06-JAN-2025
OPTSTK,AMBUJACEM,27-Mar-2025,2025-03-27,600.00,CE,0.00,0.00,0.00,31.65,14.70,0,0.00,0,0,06-JAN-2025
OPTSTK,TVSMOTOR,30-Jan-2025,2025-01-30,2460.00,PE,52.95,91.80,49.95,90.85,90.85,170,1500.91742,31500,-4900,06-JAN-2025
OPTSTK,TVSMOTOR,27-Feb-2025,2025-02-27,2500.00,PE,0.00,0.00,0.00,145.00,132.10,0,0.00,350,0,06-JAN-2025
OPTSTK,TVSMOTOR,30-Jan-2025,2025-01-30,2160.00,CE,0.00,0.00,0.00,303.35,266.25,0,0.00,0,0,06-JAN-2025
OPTSTK,AMBUJACEM,30-Jan-2025,2025-01-30,600.00,PE,0.00,0.00,0.00,46.55,69.85,0,0.00,1064700,0,06-JAN-2025
OPTSTK,TVSMOTOR,30-Jan-2025,2025-01-30,2750.00,PE,0.00,0.00,0.00,245.20,326.25,0,0.00,2800,0,06-JAN-2025
OPTSTK,TVSMOTOR,27-Feb-2025,2025-02-27,2460.00,PE,0.00,0.00,0.00,121.75,108.75,0,0.00,0,0,06-JAN-2025
OPTSTK,JUBLFOOD,27-Feb-2025,2025-02-27,660.00,PE,0.00,0.00,0.00,48.30,2.75,0,0.00,0,0,06-JAN-2025
OPTSTK,JUBLFOOD,30-Jan-2025,2025-01-30,760.00,PE,13.50,23.10,11.10,19.80,19.80,3070,29812.4806,442500,156250,06-JAN-2025
OPTSTK,ONGC,30-Jan-2025,2025-01-30,210.00,CE,0.00,0.00,0.00,44.40,45.35,0,0.00,0,0,06-JAN-2025
OPTSTK,JUBLFOOD,27-Feb-2025,2025-02-27,770.00,PE,0.00,0.00,0.00,77.05,32.10,0,0.00,0,0,06-JAN-2025
OPTSTK,ONGC,27-Mar-2025,2025-03-27,235.00,PE,0.00,0.00,0.00,14.30,6.55,0,0.00,0,0,06-JAN-2025
OPTSTK,ONGC,30-Jan-2025,2025-01-30,275.00,PE,19.20,23.40,19.20,21.30,21.30,79,450.140075,398475,40425,06-JAN-2025
FUTSTK,ONGC,27-Mar-2025,2025-03-27,,,260.22,260.22,253.02,255.41,255.40,72,354.413482,256025,34650,06-JAN-2025
OPTSTK,ONGC,27-Mar-2025,2025-03-27,270.00,CE,0.00,0.00,0.00,10.00,11.25,0,0.00,0,0,06-JAN-2025
OPTSTK,JUBLFOOD,30-Jan-2025,2025-01-30,800.00,CE,13.00,23.25,10.10,13.10,13.10,11693,119478.535,1578750,410000,06-JAN-2025
OPTSTK,JUBLFOOD,27-Mar-2025,2025-03-27,800.00,CE,0.00,0.00,0.00,21.60,32.95,0,0.00,0,0,06-JAN-2025
OPTSTK,ONGC,27-Feb-2025,2025-02-27,285.00,PE,0.00,0.00,0.00,45.10,31.95,0,0.00,0,0,06-JAN-2025
OPTSTK,JUBLFOOD,27-Feb-2025,2025-02-27,700.00,PE,10.55,10.55,10.25,10.55,8.15,6,53.28125,17500,1250,06-JAN-2025
OPTSTK,JUBLFOOD,27-Feb-2025,2025-02-27,700.00,CE,96.95,96.95,96.95,96.95,81.45,1,9.961875,2500,0,06-JAN-2025
OPTSTK,ONGC,30-Jan-2025,2025-01-30,245.00,PE,2.10,3.65,1.85,3.00,3.00,3039,14498.9691,1797950,-388850,06-JAN-2025
OPTSTK,ONGC,30-Jan-2025,2025-01-30,245.00,CE,14.50,15.60,11.10,12.90,12.90,377,1871.35795,3384150,78925,06-JAN-2025
OPTSTK,ONGC,27-Feb-2025,2025-02-27,245.00,PE,5.10,5.65,5.10,5.65,7.70,2,9.6394375,17325,3850,06-JAN-2025
OPTSTK,JUBLFOOD,27-Feb-2025,2025-02-27,750.00,CE,0.00,0.00,0.00,40.00,46.80,0,0.00,7500,0,06-JAN-2025
OPTSTK,JUBLFOOD,27-Mar-2025,2025-03-27,800.00,PE,0.00,0.00,0.00,103.25,54.60,0,0.00,0,0,06-JAN-2025
OPTSTK,ONGC,30-Jan-2025,2025-01-30,250.00,CE,12.95,12.95,7.95,9.50,9.50,2880,14397.8353,5505500,55825,06-JAN-2025
OPTSTK,ONGC,30-Jan-2025,2025-01-30,267.50,CE,3.95,3.95,1.90,2.40,2.40,1975,10271.0396,1081850,604450,06-JAN-2025
OPTSTK,JUBLFOOD,27-Feb-2025,2025-02-27,810.00,PE,0.00,0.00,0.00,107.80,55.60,0,0.00,0,0,06-JAN-2025
OPTSTK,ONGC,30-Jan-2025,2025-01-30,240.00,PE,1.10,2.45,1.10,1.95,1.95,3229,15035.9420,2770075,-302225,06-JAN-2025
OPTSTK,ONGC,27-Mar-2025,2025-03-27,210.00,PE,0.00,0.00,0.00,5.65,1.65,0,0.00,0,0,06-JAN-2025
OPTSTK,ONGC,27-Feb-2025,2025-02-27,210.00,PE,0.00,0.00,0.00,4.05,0.75,0,0.00,0,0,06-JAN-2025
OPTSTK,ONGC,27-Feb-2025,2025-02-27,210.00,CE,0.00,0.00,0.00,50.05,47.10,0,0.00,0,0,06-JAN-2025
OPTSTK,ONGC,27-Mar-2025,2025-03-27,230.00,CE,0.00,0.00,0.00,26.55,32.90,0,0.00,0,0,06-JAN-2025
OPTSTK,ONGC,27-Feb-2025,2025-02-27,230.00,CE,0.00,0.00,0.00,27.00,29.85,0,0.00,71225,0,06-JAN-2025
OPTSTK,ONGC,30-Jan-2025,2025-01-30,230.00,PE,0.70,1.15,0.65,0.95,0.95,1698,7547.63528,2479400,-7700,06-JAN-2025
OPTSTK,ONGC,30-Jan-2025,2025-01-30,282.50,PE,0.00,0.00,0.00,41.90,28.30,0,0.00,0,0,06-JAN-2025
OPTSTK,ONGC,30-Jan-2025,2025-01-30,227.50,PE,0.60,0.90,0.60,0.80,0.80,247,1085.14656,329175,13475,06-JAN-2025
OPTSTK,JUBLFOOD,27-Feb-2025,2025-02-27,730.00,CE,0.00,0.00,0.00,28.00,59.40,0,0.00,1250,0,06-JAN-2025
OPTSTK,ONGC,30-Jan-2025,2025-01-30,195.00,CE,0.00,0.00,0.00,60.60,60.20,0,0.00,0,0,06-JAN-2025
OPTSTK,JKCEMENT,27-Feb-2025,2025-02-27,4900.00,CE,0.00,0.00,0.00,68.45,128.25,0,0.00,0,0,06-JAN-2025
OPTSTK,JKCEMENT,27-Mar-2025,2025-03-27,4000.00,PE,0.00,0.00,0.00,61.80,20.35,0,0.00,0,0,06-JAN-2025
OPTSTK,BIOCON,30-Jan-2025,2025-01-30,335.00,CE,34.85,34.85,27.95,27.95,27.95,3,27.55875,75000,-5000,06-JAN-2025
OPTSTK,JKCEMENT,27-Feb-2025,2025-02-27,5300.00,CE,0.00,0.00,0.00,26.45,36.35,0,0.00,0,0,06-JAN-2025
OPTSTK,JKCEMENT,27-Feb-2025,2025-02-27,5300.00,PE,0.00,0.00,0.00,1086.85,583.90,0,0.00,0,0,06-JAN-2025
OPTSTK,JKCEMENT,30-Jan-2025,2025-01-30,3900.00,CE,0.00,0.00,0.00,579.05,819.30,0,0.00,0,0,06-JAN-2025
OPTSTK,BIOCON,27-Mar-2025,2025-03-27,440.00,CE,0.00,0.00,0.00,6.00,3.85,0,0.00,0,0,06-JAN-2025
OPTSTK,RECLTD,27-Feb-2025,2025-02-27,610.00,PE,0.00,0.00,0.00,103.00,100.40,0,0.00,0,0,06-JAN-2025
OPTSTK,BIOCON,27-Feb-2025,2025-02-27,360.00,CE,0.00,0.00,0.00,11.95,19.55,0,0.00,2500,0,06-JAN-2025
OPTSTK,RECLTD,30-Jan-2025,2025-01-30,530.00,CE,24.00,24.05,12.20,13.00,13.00,4931,26970.2405,1327000,331000,06-JAN-2025
OPTSTK,BIOCON,27-Feb-2025,2025-02-27,375.00,PE,0.00,0.00,0.00,38.50,26.50,0,0.00,0,0,06-JAN-2025
OPTSTK,BIOCON,30-Jan-2025,2025-01-30,375.00,PE,12.10,21.05,11.75,20.50,20.50,140,1366.11875,137500,-30000,06-JAN-2025
OPTSTK,BIOCON,27-Feb-2025,2025-02-27,375.00,CE,0.00,0.00,0.00,14.65,13.25,0,0.00,0,0,06-JAN-2025
OPTSTK,BIOCON,30-Jan-2025,2025-01-30,375.00,CE,9.30,10.75,5.20,5.75,5.75,653,6250.73875,1265000,120000,06-JAN-2025
OPTSTK,RECLTD,30-Jan-2025,2025-01-30,660.00,CE,0.40,0.50,0.40,0.45,0.45,60,396.2845,109000,-12000,06-JAN-2025
OPTSTK,JKCEMENT,27-Feb-2025,2025-02-27,4900.00,PE,0.00,0.00,0.00,736.05,279.65,0,0.00,0,0,06-JAN-2025
OPTSTK,JKCEMENT,30-Jan-2025,2025-01-30,4900.00,CE,77.65,77.65,53.50,63.65,63.65,32,198.558062,17125,0,06-JAN-2025
OPTSTK,JKCEMENT,30-Jan-2025,2025-01-30,4250.00,CE,0.00,0.00,0.00,197.10,479.25,0,0.00,0,0,06-JAN-2025
OPTSTK,JKCEMENT,27-Feb-2025,2025-02-27,4250.00,CE,0.00,0.00,0.00,487.95,524.70,0,0.00,0,0,06-JAN-2025
OPTSTK,JKCEMENT,27-Feb-2025,2025-02-27,4250.00,PE,0.00,0.00,0.00,89.65,32.25,0,0.00,0,0,06-JAN-2025
OPTSTK,JKCEMENT,27-Feb-2025,2025-02-27,4650.00,CE,0.00,0.00,0.00,249.75,241.65,0,0.00,0,0,06-JAN-2025
OPTSTK,JKCEMENT,30-Jan-2025,2025-01-30,4650.00,CE,179.35,179.35,179.35,179.35,168.55,1,6.0366875,8875,0,06-JAN-2025
OPTSTK,JKCEMENT,27-Feb-2025,2025-02-27,4650.00,PE,0.00,0.00,0.00,246.45,145.35,0,0.00,0,0,06-JAN-2025
OPTSTK,BIOCON,30-Jan-2025,2025-01-30,350.00,PE,3.15,7.45,2.85,6.95,6.95,709,6293.48875,890000,-70000,06-JAN-2025
OPTSTK,BIOCON,27-Feb-2025,2025-02-27,350.00,PE,0.00,0.00,0.00,20.50,13.30,0,0.00,0,0,06-JAN-2025
OPTSTK,RECLTD,27-Feb-2025,2025-02-27,530.00,PE,24.90,29.90,24.90,29.90,42.30,3,16.703,4000,1000,06-JAN-2025
OPTSTK,BIOCON,30-Jan-2025,2025-01-30,360.00,CE,18.00,19.30,10.75,11.50,11.50,338,3157.08,875000,82500,06-JAN-2025
OPTSTK,BIOCON,27-Feb-2025,2025-02-27,360.00,PE,15.00,15.00,15.00,15.00,18.00,2,18.75,7500,5000,06-JAN-2025
OPTSTK,JKCEMENT,30-Jan-2025,2025-01-30,5150.00,PE,0.00,0.00,0.00,958.40,442.75,0,0.00,0,0,06-JAN-2025
OPTSTK,JKCEMENT,27-Feb-2025,2025-02-27,5150.00,PE,0.00,0.00,0.00,576.55,459.40,0,0.00,0,0,06-JAN-2025
OPTSTK,JKCEMENT,27-Feb-2025,2025-02-27,5150.00,CE,0.00,0.00,0.00,86.15,60.45,0,0.00,0,0,06-JAN-2025
OPTSTK,BIOCON,27-Feb-2025,2025-02-27,395.00,CE,0.00,0.00,0.00,9.40,7.40,0,0.00,0,0,06-JAN-2025
OPTSTK,EICHERMOT,30-Jan-2025,2025-01-30,5100.00,PE,48.00,74.30,39.40,58.45,58.45,2039,18394.0586,115500,-59150,06-JAN-2025
OPTSTK,EICHERMOT,27-Feb-2025,2025-02-27,5100.00,PE,0.00,0.00,0.00,406.55,119.50,0,0.00,0,0,06-JAN-2025
OPTSTK,EICHERMOT,27-Mar-2025,2025-03-27,5100.00,CE,0.00,0.00,0.00,198.15,380.25,0,0.00,0,0,06-JAN-2025
OPTSTK,EICHERMOT,27-Mar-2025,2025-03-27,4500.00,CE,0.00,0.00,0.00,505.30,839.20,0,0.00,0,0,06-JAN-2025
OPTSTK,EICHERMOT,30-Jan-2025,2025-01-30,4500.00,CE,0.00,0.00,0.00,855.00,771.05,0,0.00,3500,0,06-JAN-2025
OPTSTK,TORNTPHARM,30-Jan-2025,2025-01-30,3150.00,CE,0.00,0.00,0.00,200.55,237.85,0,0.00,0,0,06-JAN-2025
OPTSTK,TORNTPHARM,27-Feb-2025,2025-02-27,3150.00,PE,0.00,0.00,0.00,45.05,30.15,0,0.00,0,0,06-JAN-2025
OPTSTK,KEI,30-Jan-2025,2025-01-30,4900.00,CE,0.00,0.00,0.00,147.65,15.30,0,0.00,0,0,06-JAN-2025
OPTSTK,KEI,30-Jan-2025,2025-01-30,4900.00,PE,0.00,0.00,0.00,679.10,639.50,0,0.00,0,0,06-JAN-2025
OPTSTK,KEI,30-Jan-2025,2025-01-30,4000.00,PE,47.95,72.80,45.10,68.65,68.65,351,2135.28922,23550,12150,06-JAN-2025
OPTSTK,TORNTPHARM,27-Mar-2025,2025-03-27,4000.00,PE,0.00,0.00,0.00,551.20,590.65,0,0.00,0,0,06-JAN-2025
OPTSTK,KEI,27-Mar-2025,2025-03-27,4000.00,PE,0.00,0.00,0.00,206.15,157.05,0,0.00,0,0,06-JAN-2025
OPTSTK,TORNTPHARM,27-Feb-2025,2025-02-27,3600.00,PE,0.00,0.00,0.00,402.20,247.60,0,0.00,0,0,06-JAN-2025
OPTSTK,TORNTPHARM,30-Jan-2025,2025-01-30,3600.00,CE,27.05,28.60,18.50,24.00,24.00,278,2518.1845,49000,-750,06-JAN-2025
FUTSTK,TORNTPHARM,30-Jan-2025,2025-01-30,,,3405.45,3433.20,3361.35,3376.10,3376.10,1800,15251.0152,1925000,49500,06-JAN-2025
FUTSTK,EICHERMOT,27-Feb-2025,2025-02-27,,,5369.65,5396.00,5256.60,5308.75,5308.75,276,2569.68136,71050,-4550,06-JAN-2025
OPTSTK,TORNTPHARM,27-Feb-2025,2025-02-27,3800.00,CE,0.00,0.00,0.00,36.20,14.15,0,0.00,0,0,06-JAN-2025
OPTSTK,KEI,27-Feb-2025,2025-02-27,3800.00,CE,0.00,0.00,0.00,727.45,551.05,0,0.00,0,0,06-JAN-2025
OPTSTK,KEI,30-Jan-2025,2025-01-30,3800.00,CE,0.00,0.00,0.00,662.85,491.75,0,0.00,0,0,06-JAN-2025
OPTSTK,EICHERMOT,30-Jan-2025,2025-01-30,4650.00,PE,9.10,11.00,6.00,8.40,8.40,481,3921.5232,38850,-11550,06-JAN-2025
OPTSTK,EICHERMOT,27-Feb-2025,2025-02-27,4650.00,PE,0.00,0.00,0.00,141.10,21.20,0,0.00,0,0,06-JAN-2025
OPTSTK,EICHERMOT,27-Feb-2025,2025-02-27,4650.00,CE,0.00,0.00,0.00,350.75,665.80,0,0.00,0,0,06-JAN-2025
OPTSTK,EICHERMOT,30-Jan-2025,2025-01-30,4650.00,CE,0.00,0.00,0.00,293.00,624.70,0,0.00,3850,0,06-JAN-2025
OPTSTK,TORNTPHARM,30-Jan-2025,2025-01-30,3000.00,PE,7.35,7.35,7.35,7.35,7.35,2,15.03675,19000,0,06-JAN-2025
OPTSTK,KEI,27-Mar-2025,2025-03-27,3600.00,PE,0.00,0.00,0.00,89.90,53.10,0,0.00,0,0,06-JAN-2025
OPTSTK,KEI,27-Mar-2025,2025-03-27,4600.00,PE,0.00,0.00,0.00,502.40,466.45,0,0.00,0,0,06-JAN-2025
OPTSTK,EICHERMOT,30-Jan-2025,2025-01-30,4600.00,PE,6.85,9.15,4.15,6.90,6.90,682,5498.10826,88900,-28525,06-JAN-2025
OPTSTK,TORNTPHARM,27-Mar-2025,2025-03-27,3500.00,CE,0.00,0.00,0.00,185.00,107.35,0,0.00,0,0,06-JAN-2025
OPTSTK,TORNTPHARM,30-Jan-2025,2025-01-30,3500.00,CE,53.80,56.40,39.00,43.10,43.10,360,3190.2945,47500,3250,06-JAN-2025
OPTSTK,TORNTPHARM,30-Jan-2025,2025-01-30,3500.00,PE,155.00,167.35,155.00,165.35,165.35,7,64.14325,2000,250,06-JAN-2025
OPTSTK,EICHERMOT,30-Jan-2025,2025-01-30,5400.00,CE,95.85,112.00,58.70,78.35,78.35,2838,27210.4917,164150,-28000,06-JAN-2025
OPTSTK,HUDCO,30-Jan-2025,2025-01-30,290.00,PE,39.90,40.70,39.90,40.70,51.00,5,40.0525125,9700,9700,06-JAN-2025
OPTSTK,HUDCO,27-Feb-2025,2025-02-27,290.00,PE,0.00,0.00,0.00,70.10,53.50,0,0.00,0,0,06-JAN-2025
OPTSTK,UBL,27-Feb-2025,2025-02-27,2260.00,CE,0.00,0.00,0.00,26.65,21.60,0,0.00,0,0,06-JAN-2025
OPTSTK,UBL,27-Feb-2025,2025-02-27,2240.00,PE,0.00,0.00,0.00,297.00,168.40,0,0.00,0,0,06-JAN-2025
OPTSTK,UBL,30-Jan-2025,2025-01-30,2240.00,CE,11.70,12.10,7.55,8.85,8.85,42,378.0382,42800,-1200,06-JAN-2025
OPTSTK,UBL,30-Jan-2025,2025-01-30,1980.00,CE,109.30,109.35,107.10,108.25,108.25,4,33.4204,4800,0,06-JAN-2025
OPTSTK,UBL,30-Jan-2025,2025-01-30,2400.00,PE,0.00,0.00,0.00,447.25,314.10,0,0.00,0,0,06-JAN-2025
OPTSTK,UBL,27-Feb-2025,2025-02-27,2400.00,PE,0.00,0.00,0.00,435.70,307.00,0,0.00,0,0,06-JAN-2025
OPTSTK,UBL,30-Jan-2025,2025-01-30,2160.00,PE,0.00,0.00,0.00,244.40,97.10,0,0.00,0,0,06-JAN-2025
OPTSTK,UBL,27-Feb-2025,2025-02-27,2000.00,CE,0.00,0.00,0.00,98.15,129.65,0,0.00,0,0,06-JAN-2025
OPTSTK,HUDCO,27-Mar-2025,2025-03-27,200.00,CE,0.00,0.00,0.00,46.05,49.30,0,0.00,0,0,06-JAN-2025
OPTSTK,HUDCO,30-Jan-2025,2025-01-30,235.00,CE,15.90,22.60,13.00,14.00,14.00,142,864.843512,693550,41225,06-JAN-2025
OPTSTK,HUDCO,30-Jan-2025,2025-01-30,235.00,PE,4.65,9.50,3.55,8.40,8.40,802,4686.75385,703250,104275,06-JAN-2025
OPTSTK,UBL,30-Jan-2025,2025-01-30,2360.00,PE,0.00,0.00,0.00,411.15,274.85,0,0.00,0,0,06-JAN-2025
OPTSTK,UBL,30-Jan-2025,2025-01-30,2360.00,CE,5.90,5.90,2.55,2.65,2.65,293,2770.0352,115200,-40800,06-JAN-2025
FUTSTK,HUDCO,30-Jan-2025,2025-01-30,,,249.44,254.10,238.01,240.46,240.46,5377,32102.3604,17423625,210975,06-JAN-2025
OPTSTK,UBL,27-Feb-2025,2025-02-27,1800.00,CE,0.00,0.00,0.00,209.85,296.15,0,0.00,0,0,06-JAN-2025
OPTSTK,UBL,30-Jan-2025,2025-01-30,1920.00,PE,5.50,9.85,5.50,9.85,4.95,29,223.703,9200,400,06-JAN-2025
OPTSTK,UBL,30-Jan-2025,2025-01-30,1920.00,CE,0.00,0.00,0.00,142.35,169.20,0,0.00,800,0,06-JAN-2025
OPTSTK,HUDCO,30-Jan-2025,2025-01-30,210.00,PE,1.05,2.50,0.75,2.15,2.15,282,1448.39915,373450,-24250,06-JAN-2025
OPTSTK,HUDCO,27-Feb-2025,2025-02-27,210.00,PE,0.00,0.00,0.00,19.60,6.75,0,0.00,0,0,06-JAN-2025
OPTSTK,HUDCO,27-Feb-2025,2025-02-27,210.00,CE,0.00,0.00,0.00,41.10,38.00,0,0.00,0,0,06-JAN-2025
OPTSTK,UBL,27-Feb-2025,2025-02-27,2060.00,CE,0.00,0.00,0.00,85.80,92.70,0,0.00,0,0,06-JAN-2025
OPTSTK,UBL,27-Feb-2025,2025-02-27,1760.00,PE,0.00,0.00,0.00,33.50,1.65,0,0.00,0,0,06-JAN-2025
OPTSTK,HUDCO,30-Jan-2025,2025-01-30,265.00,CE,4.50,6.85,2.70,3.20,3.20,1357,8878.54458,565025,48500,06-JAN-2025
OPTSTK,HUDCO,30-Jan-2025,2025-01-30,265.00,PE,19.75,27.25,17.70,27.25,27.25,32,220.923562,70325,7275,06-JAN-2025
OPTSTK,HUDCO,27-Feb-2025,2025-02-27,265.00,PE,0.00,0.00,0.00,47.05,34.20,0,0.00,0,0,06-JAN-2025
OPTSTK,UBL,30-Jan-2025,2025-01-30,1800.00,CE,0.00,0.00,0.00,202.30,284.05,0,0.00,0,0,06-JAN-2025
OPTSTK,UBL,30-Jan-2025,2025-01-30,2080.00,PE,40.45,64.05,40.45,63.85,63.85,62,529.6554,18800,-4000,06-JAN-2025
OPTSTK,UBL,27-Feb-2025,2025-02-27,2080.00,CE,0.00,0.00,0.00,68.60,82.10,0,0.00,0,0,06-JAN-2025
OPTSTK,UBL,27-Feb-2025,2025-02-27,2040.00,PE,0.00,0.00,0.00,152.25,48.95,0,0.00,0,0,06-JAN-2025
OPTSTK,UBL,30-Jan-2025,2025-01-30,2040.00,PE,25.45,42.75,25.45,41.85,41.85,58,481.7558,26400,-5200,06-JAN-2025
FUTSTK,GODREJCP,30-Jan-2025,2025-01-30,,,1124.25,1160.65,1117.00,1144.25,1144.25,7427,42370.4907,12888000,-75500,06-JAN-2025
OPTSTK,HDFCAMC,27-Feb-2025,2025-02-27,4700.00,PE,0.00,0.00,0.00,573.90,586.65,0,0.00,0,0,06-JAN-2025
OPTSTK,HDFCAMC,27-Mar-2025,2025-03-27,4700.00,CE,0.00,0.00,0.00,183.05,71.50,0,0.00,0,0,06-JAN-2025
OPTSTK,HDFCAMC,30-Jan-2025,2025-01-30,4550.00,CE,32.05,32.05,16.20,21.30,21.30,488,3345.5235,23100,15450,06-JAN-2025
OPTSTK,HDFCAMC,27-Feb-2025,2025-02-27,4550.00,CE,0.00,0.00,0.00,171.65,60.35,0,0.00,0,0,06-JAN-2025
OPTSTK,INDUSINDBK,27-Mar-2025,2025-03-27,920.00,CE,0.00,0.00,0.00,87.85,95.20,0,0.00,0,0,06-JAN-2025
OPTSTK,GODREJCP,27-Mar-2025,2025-03-27,920.00,PE,0.00,0.00,0.00,11.55,1.60,0,0.00,0,0,06-JAN-2025
OPTSTK,GODREJCP,27-Mar-2025,2025-03-27,920.00,CE,0.00,0.00,0.00,179.35,236.95,0,0.00,0,0,06-JAN-2025
OPTSTK,INDUSINDBK,27-Feb-2025,2025-02-27,900.00,CE,0.00,0.00,0.00,92.00,95.95,0,0.00,5500,0,06-JAN-2025
OPTSTK,HDFCAMC,30-Jan-2025,2025-01-30,3600.00,PE,8.00,18.75,7.10,13.15,13.15,428,2318.36317,47250,4800,06-JAN-2025
OPTSTK,INDUSINDBK,30-Jan-2025,2025-01-30,950.00,CE,59.05,62.50,45.00,48.05,48.05,284,1423.6875,222500,3000,06-JAN-2025
OPTSTK,INDUSINDBK,27-Feb-2025,2025-02-27,950.00,CE,0.00,0.00,0.00,58.00,63.60,0,0.00,500,0,06-JAN-2025
OPTSTK,HDFCAMC,27-Mar-2025,2025-03-27,4400.00,CE,0.00,0.00,0.00,291.65,145.45,0,0.00,0,0,06-JAN-2025
OPTSTK,INDUSINDBK,27-Mar-2025,2025-03-27,980.00,PE,0.00,0.00,0.00,91.15,57.65,0,0.00,0,0,06-JAN-2025
OPTSTK,INDUSINDBK,27-Feb-2025,2025-02-27,980.00,CE,58.20,58.20,43.05,47.10,47.10,13,66.81425,3500,2000,06-JAN-2025
OPTSTK,INDUSINDBK,27-Mar-2025,2025-03-27,1100.00,CE,0.00,0.00,0.00,26.55,22.10,0,0.00,0,0,06-JAN-2025
OPTSTK,HDFCAMC,30-Jan-2025,2025-01-30,3700.00,PE,8.50,31.05,4.40,22.40,22.40,294,1640.06497,15750,4200,06-JAN-2025
FUTSTK,INDUSINDBK,27-Feb-2025,2025-02-27,,,1011.00,1011.00,972.50,979.10,979.10,1928,9516.29075,2011000,434500,06-JAN-2025
OPTSTK,INDUSINDBK,27-Feb-2025,2025-02-27,1030.00,CE,0.00,0.00,0.00,30.45,28.50,0,0.00,0,0,06-JAN-2025
OPTSTK,INDUSINDBK,27-Mar-2025,2025-03-27,1080.00,PE,0.00,0.00,0.00,159.25,120.75,0,0.00,0,0,06-JAN-2025
OPTSTK,INDUSINDBK,27-Feb-2025,2025-02-27,880.00,PE,0.00,0.00,0.00,27.80,12.50,0,0.00,0,0,06-JAN-2025
OPTSTK,GODREJCP,30-Jan-2025,2025-01-30,1260.00,CE,2.50,7.30,1.80,3.85,3.85,836,5284.238,68500,19000,06-JAN-2025
OPTSTK,INDUSINDBK,27-Feb-2025,2025-02-27,870.00,PE,0.00,0.00,0.00,29.60,10.50,0,0.00,0,0,06-JAN-2025
OPTSTK,INDUSINDBK,30-Jan-2025,2025-01-30,1280.00,PE,0.00,0.00,0.00,250.10,304.30,0,0.00,562500,0,06-JAN-2025
OPTSTK,GODREJCP,30-Jan-2025,2025-01-30,1130.00,PE,32.85,36.10,22.50,26.60,26.60,895,5174.33225,58500,39000,06-JAN-2025
OPTSTK,HDFCAMC,27-Feb-2025,2025-02-27,4900.00,PE,0.00,0.00,0.00,722.45,765.85,0,0.00,0,0,06-JAN-2025
OPTSTK,HDFCAMC,27-Feb-2025,2025-02-27,4900.00,CE,0.00,0.00,0.00,120.60,17.70,0,0.00,0,0,06-JAN-2025
OPTSTK,GODREJCP,30-Jan-2025,2025-01-30,1300.00,CE,1.20,3.60,0.40,1.75,1.75,1452,9454.15475,153500,101000,06-JAN-2025
OPTSTK,INDUSINDBK,27-Mar-2025,2025-03-27,960.00,PE,0.00,0.00,0.00,79.70,47.90,0,0.00,0,0,06-JAN-2025
OPTSTK,INDUSINDBK,30-Jan-2025,2025-01-30,1090.00,CE,7.55,7.70,4.60,4.75,4.75,711,3895.5745,146500,62500,06-JAN-2025
OPTSTK,INDUSINDBK,27-Feb-2025,2025-02-27,1090.00,PE,0.00,0.00,0.00,161.95,123.45,0,0.00,0,0,06-JAN-2025
OPTSTK,SHRIRAMFIN,27-Feb-2025,2025-02-27,3100.00,CE,121.00,121.00,110.50,110.50,110.55,2,9.64725,1200,150,06-JAN-2025
OPTSTK,SHRIRAMFIN,27-Mar-2025,2025-03-27,3300.00,CE,0.00,0.00,0.00,124.10,88.85,0,0.00,0,0,06-JAN-2025
OPTSTK,SIEMENS,30-Jan-2025,2025-01-30,7600.00,PE,0.00,0.00,0.00,903.15,1101.15,0,0.00,2625,0,06-JAN-2025
OPTSTK,SHRIRAMFIN,30-Jan-2025,2025-01-30,3000.00,CE,149.65,149.70,90.05,97.20,97.20,1982,9242.56327,166650,-11400,06-JAN-2025
OPTSTK,SIEMENS,30-Jan-2025,2025-01-30,8000.00,CE,6.70,6.90,4.80,5.20,5.20,249,1495.12271,117075,750,06-JAN-2025
OPTSTK,SHRIRAMFIN,27-Mar-2025,2025-03-27,2700.00,PE,0.00,0.00,0.00,114.70,66.00,0,0.00,0,0,06-JAN-2025
OPTSTK,SIEMENS,27-Feb-2025,2025-02-27,6700.00,CE,0.00,0.00,0.00,488.40,253.75,0,0.00,0,0,06-JAN-2025
OPTSTK,SIEMENS,27-Feb-2025,2025-02-27,6700.00,PE,0.00,0.00,0.00,398.85,416.40,0,0.00,0,0,06-JAN-2025
OPTSTK,SIEMENS,27-Feb-2025,2025-02-27,7600.00,PE,0.00,0.00,0.00,593.15,1103.35,0,0.00,0,0,06-JAN-2025
OPTSTK,SIEMENS,27-Mar-2025,2025-03-27,6600.00,PE,0.00,0.00,0.00,421.00,418.55,0,0.00,0,0,06-JAN-2025
OPTSTK,SIEMENS,30-Jan-2025,2025-01-30,8200.00,CE,5.50,5.50,3.85,3.85,0.65,16,98.4561,29400,-675,06-JAN-2025
OPTSTK,SHRIRAMFIN,27-Feb-2025,2025-02-27,3150.00,PE,0.00,0.00,0.00,308.85,243.55,0,0.00,0,0,06-JAN-2025
OPTSTK,SIEMENS,27-Mar-2025,2025-03-27,5600.00,CE,0.00,0.00,0.00,1309.70,1029.55,0,0.00,0,0,06-JAN-2025
OPTSTK,SHRIRAMFIN,27-Feb-2025,2025-02-27,2600.00,PE,0.00,0.00,0.00,62.65,24.45,0,0.00,0,0,06-JAN-2025
OPTSTK,SHRIRAMFIN,30-Jan-2025,2025-01-30,2600.00,CE,0.00,0.00,0.00,328.00,387.20,0,0.00,150,0,06-JAN-2025
FUTSTK,SHRIRAMFIN,30-Jan-2025,2025-01-30,,,3023.45,3092.00,2962.90,2977.80,2977.80,9263,41800.0454,6504900,-80850,06-JAN-2025
OPTSTK,SIEMENS,30-Jan-2025,2025-01-30,7700.00,CE,10.55,12.85,8.50,9.55,9.55,134,774.936337,42300,-2550,06-JAN-2025
OPTSTK,SHRIRAMFIN,30-Jan-2025,2025-01-30,3350.00,PE,374.30,375.05,374.30,375.05,377.70,3,16.761525,600,450,06-JAN-2025
OPTSTK,SHRIRAMFIN,27-Feb-2025,2025-02-27,3350.00,CE,0.00,0.00,0.00,72.80,44.05,0,0.00,0,0,06-JAN-2025
OPTSTK,SHRIRAMFIN,27-Feb-2025,2025-02-27,3350.00,PE,0.00,0.00,0.00,453.90,392.50,0,0.00,0,0,06-JAN-2025
OPTSTK,SIEMENS,27-Feb-2025,2025-02-27,6900.00,PE,0.00,0.00,0.00,504.75,544.55,0,0.00,0,0,06-JAN-2025
OPTSTK,SIEMENS,30-Jan-2025,2025-01-30,6900.00,PE,415.00,523.25,415.00,523.25,478.30,3,16.6179,5700,225,06-JAN-2025
OPTSTK,SIEMENS,27-Feb-2025,2025-02-27,6900.00,CE,0.00,0.00,0.00,396.80,183.80,0,0.00,0,0,06-JAN-2025
OPTSTK,SIEMENS,30-Jan-2025,2025-01-30,6200.00,CE,0.00,0.00,0.00,475.75,398.35,0,0.00,2475,0,06-JAN-2025
OPTSTK,SHRIRAMFIN,30-Jan-2025,2025-01-30,3000.00,PE,65.05,125.35,61.75,118.70,118.70,1590,7398.18322,100050,-1200,06-JAN-2025
OPTSTK,SIEMENS,27-Mar-2025,2025-03-27,6000.00,CE,0.00,0.00,0.00,1010.50,728.80,0,0.00,0,0,06-JAN-2025
OPTSTK,SIEMENS,27-Feb-2025,2025-02-27,5200.00,CE,0.00,0.00,0.00,2325.70,1332.85,0,0.00,0,0,06-JAN-2025
OPTSTK,SIEMENS,30-Jan-2025,2025-01-30,8300.00,CE,0.00,0.00,0.00,17.35,0.40,0,0.00,150,0,06-JAN-2025
OPTSTK,SIEMENS,27-Mar-2025,2025-03-27,6200.00,CE,0.00,0.00,0.00,876.90,599.90,0,0.00,0,0,06-JAN-2025
FUTSTK,SIEMENS,27-Feb-2025,2025-02-27,,,6652.00,6680.05,6469.15,6509.90,6509.90,221,1085.89068,61725,-1425,06-JAN-2025
OPTSTK,SIEMENS,30-Jan-2025,2025-01-30,7700.00,PE,0.00,0.00,0.00,978.00,1198.10,0,0.00,1050,0,06-JAN-2025
OPTSTK,SIEMENS,27-Feb-2025,2025-02-27,5700.00,CE,0.00,0.00,0.00,1154.40,881.15,0,0.00,0,0,06-JAN-2025
OPTSTK,ABCAPITAL,27-Feb-2025,2025-02-27,157.50,CE,0.00,0.00,0.00,31.15,22.15,0,0.00,0,0,06-JAN-2025
OPTSTK,ABCAPITAL,30-Jan-2025,2025-01-30,157.50,PE,0.00,0.00,0.00,1.45,0.60,0,0.00,0,0,06-JAN-2025
OPTSTK,SBICARD,27-Feb-2025,2025-02-27,715.00,CE,0.00,0.00,0.00,18.35,37.05,0,0.00,0,0,06-JAN-2025
OPTSTK,SBICARD,30-Jan-2025,2025-01-30,715.00,PE,8.00,14.50,5.80,13.00,13.00,810,4695.3596,128800,41600,06-JAN-2025
OPTSTK,ABCAPITAL,30-Jan-2025,2025-01-30,210.00,CE,0.30,0.35,0.20,0.25,0.25,171,970.7553,1414800,8100,06-JAN-2025
OPTSTK,ABCAPITAL,27-Mar-2025,2025-03-27,210.00,CE,0.00,0.00,0.00,7.10,2.45,0,0.00,0,0,06-JAN-2025
OPTSTK,ABCAPITAL,27-Feb-2025,2025-02-27,210.00,PE,0.00,0.00,0.00,23.50,32.85,0,0.00,0,0,06-JAN-2025
OPTSTK,ABCAPITAL,27-Feb-2025,2025-02-27,210.00,CE,1.25,1.25,1.25,1.25,1.25,4,22.815,27000,10800,06-JAN-2025
OPTSTK,ABCAPITAL,30-Jan-2025,2025-01-30,155.00,CE,0.00,0.00,0.00,52.40,22.30,0,0.00,0,0,06-JAN-2025
OPTSTK,SBICARD,27-Feb-2025,2025-02-27,855.00,CE,0.00,0.00,0.00,0.70,1.10,0,0.00,0,0,06-JAN-2025
OPTSTK,ABCAPITAL,27-Feb-2025,2025-02-27,155.00,PE,0.00,0.00,0.00,2.20,1.50,0,0.00,0,0,06-JAN-2025
OPTSTK,ABCAPITAL,27-Feb-2025,2025-02-27,197.50,CE,0.00,0.00,0.00,8.05,2.75,0,0.00,0,0,06-JAN-2025
OPTSTK,ABCAPITAL,30-Jan-2025,2025-01-30,197.50,PE,0.00,0.00,0.00,11.55,21.15,0,0.00,37800,0,06-JAN-2025
OPTSTK,ABCAPITAL,30-Jan-2025,2025-01-30,197.50,CE,1.30,1.30,0.65,0.70,0.80,117,626.5728,148500,18900,06-JAN-2025
OPTSTK,SBICARD,30-Jan-2025,2025-01-30,735.00,CE,21.00,39.60,17.95,20.95,20.95,1700,10334.9212,208800,41600,06-JAN-2025
OPTSTK,SBICARD,27-Feb-2025,2025-02-27,735.00,PE,0.00,0.00,0.00,59.15,23.30,0,0.00,0,0,06-JAN-2025
OPTSTK,SBICARD,30-Jan-2025,2025-01-30,735.00,PE,12.00,23.95,9.85,21.70,21.70,1083,6521.182,159200,108000,06-JAN-2025
FUTSTK,SBICARD,30-Jan-2025,2025-01-30,,,740.00,765.00,729.80,734.15,734.15,15434,91919.3932,19419200,-1236800,06-JAN-2025
FUTSTK,SBICARD,27-Feb-2025,2025-02-27,,,734.85,762.00,728.35,732.35,732.35,918,5441.5456,991200,-3200,06-JAN-2025
OPTSTK,SBICARD,27-Feb-2025,2025-02-27,725.00,CE,0.00,0.00,0.00,15.25,31.15,0,0.00,0,0,06-JAN-2025
OPTSTK,SBICARD,30-Jan-2025,2025-01-30,725.00,PE,8.65,18.95,7.05,17.05,17.05,992,5861.2148,128800,76800,06-JAN-2025
OPTSTK,SBICARD,30-Jan-2025,2025-01-30,650.00,PE,1.15,2.25,1.15,1.90,1.90,685,3570.294,471200,-23200,06-JAN-2025
OPTSTK,SBICARD,27-Mar-2025,2025-03-27,650.00,CE,0.00,0.00,0.00,58.45,93.65,0,0.00,0,0,06-JAN-2025
OPTSTK,SBICARD,30-Jan-2025,2025-01-30,650.00,CE,0.00,0.00,0.00,71.70,83.65,0,0.00,76800,0,06-JAN-2025
FUTSTK,SBICARD,27-Mar-2025,2025-03-27,,,757.00,758.90,729.85,730.55,730.55,143,849.3276,124000,13600,06-JAN-2025
OPTSTK,SBICARD,30-Jan-2025,2025-01-30,760.00,CE,12.40,24.35,9.20,11.30,11.30,4385,27183.1104,323200,16000,06-JAN-2025
OPTSTK,SBICARD,27-Mar-2025,2025-03-27,800.00,PE,0.00,0.00,0.00,112.65,68.55,0,0.00,0,0,06-JAN-2025
OPTSTK,SBICARD,27-Feb-2025,2025-02-27,800.00,CE,10.00,14.00,8.50,8.90,8.90,67,434.3088,32000,32000,06-JAN-2025
OPTSTK,ABCAPITAL,27-Feb-2025,2025-02-27,202.50,CE,0.00,0.00,0.00,6.55,1.95,0,0.00,0,0,06-JAN-2025
OPTSTK,ABCAPITAL,30-Jan-2025,2025-01-30,202.50,PE,0.00,0.00,0.00,16.90,25.80,0,0.00,0,0,06-JAN-2025
OPTSTK,SBICARD,27-Feb-2025,2025-02-27,775.00,PE,0.00,0.00,0.00,91.45,47.95,0,0.00,0,0,06-JAN-2025
OPTSTK,SBICARD,30-Jan-2025,2025-01-30,635.00,PE,1.10,1.50,0.90,1.25,1.25,87,442.7488,108000,-28800,06-JAN-2025
OPTSTK,MRF,27-Mar-2025,2025-03-27,125000.00,PE,0.00,0.00,0.00,2973.70,4965.95,0,0.00,0,0,06-JAN-2025
OPTSTK,MRF,27-Feb-2025,2025-02-27,125000.00,CE,5750.50,5750.50,4500.00,4500.00,3450.35,5,32.5608725,20,20,06-JAN-2025
OPTSTK,MRF,30-Jan-2025,2025-01-30,120000.00,PE,708.15,1876.10,708.15,1536.95,1536.95,633,3839.98162,2870,-120,06-JAN-2025
OPTSTK,MRF,30-Jan-2025,2025-01-30,120000.00,CE,5800.00,5800.00,4700.00,5050.00,4651.85,24,150.24917,20,20,06-JAN-2025
OPTSTK,MRF,27-Feb-2025,2025-02-27,120000.00,CE,0.00,0.00,0.00,9450.50,6162.90,0,0.00,0,0,06-JAN-2025
OPTSTK,BAJFINANCE,27-Feb-2025,2025-02-27,5800.00,CE,0.00,0.00,0.00,918.70,1606.15,0,0.00,0,0,06-JAN-2025
OPTSTK,BAJFINANCE,27-Feb-2025,2025-02-27,5800.00,PE,0.00,0.00,0.00,104.70,1.40,0,0.00,0,0,06-JAN-2025
OPTSTK,MRF,30-Jan-2025,2025-01-30,138000.00,CE,0.00,0.00,0.00,444.40,48.50,0,0.00,95,0,06-JAN-2025
OPTSTK,MRF,27-Feb-2025,2025-02-27,138000.00,CE,0.00,0.00,0.00,2263.05,425.15,0,0.00,0,0,06-JAN-2025
OPTSTK,MRF,27-Feb-2025,2025-02-27,129000.00,CE,0.00,0.00,0.00,4931.45,1985.15,0,0.00,0,0,06-JAN-2025
FUTSTK,BAJFINANCE,27-Feb-2025,2025-02-27,,,7549.95,7671.15,7395.10,7430.75,7430.75,1814,17087.565,354250,27750,06-JAN-2025
FUTSTK,BAJFINANCE,30-Jan-2025,2025-01-30,,,7485.50,7630.00,7346.20,7379.70,7379.70,35671,333744.070,9174500,-724250,06-JAN-2025
OPTSTK,BAJFINANCE,27-Feb-2025,2025-02-27,8200.00,PE,0.00,0.00,0.00,1588.65,835.60,0,0.00,0,0,06-JAN-2025
OPTSTK,BAJFINANCE,27-Mar-2025,2025-03-27,8200.00,CE,0.00,0.00,0.00,79.90,120.65,0,0.00,0,0,06-JAN-2025
OPTSTK,MRF,30-Jan-2025,2025-01-30,122000.00,CE,0.00,0.00,0.00,7629.00,3391.15,0,0.00,0,0,06-JAN-2025
OPTSTK,MRF,27-Mar-2025,2025-03-27,122000.00,CE,0.00,0.00,0.00,13543.40,6214.20,0,0.00,0,0,06-JAN-2025
OPTSTK,MRF,27-Feb-2025,2025-02-27,122000.00,PE,0.00,0.00,0.00,4410.60,2914.15,0,0.00,0,0,06-JAN-2025
OPTSTK,MRF,30-Jan-2025,2025-01-30,122500.00,PE,3063.00,3063.00,2640.45,2640.45,2194.35,2,12.5351725,0,0,06-JAN-2025
OPTSTK,BAJFINANCE,27-Mar-2025,2025-03-27,6400.00,PE,0.00,0.00,0.00,189.10,43.20,0,0.00,0,0,06-JAN-2025
OPTSTK,BAJFINANCE,27-Feb-2025,2025-02-27,8400.00,PE,0.00,0.00,0.00,1772.10,1009.85,0,0.00,0,0,06-JAN-2025
OPTSTK,MRF,27-Mar-2025,2025-03-27,138000.00,PE,0.00,0.00,0.00,9016.05,14094.40,0,0.00,0,0,06-JAN-2025
OPTSTK,MRF,27-Feb-2025,2025-02-27,138000.00,PE,0.00,0.00,0.00,14111.80,14228.75,0,0.00,0,0,06-JAN-2025
OPTSTK,BAJFINANCE,30-Jan-2025,2025-01-30,7500.00,PE,180.05,273.20,132.00,252.80,252.80,12526,120397.452,161500,35000,06-JAN-2025
OPTSTK,MRF,30-Jan-2025,2025-01-30,127500.00,PE,0.00,0.00,0.00,2508.60,5185.80,0,0.00,35,0,06-JAN-2025
OPTSTK,MRF,27-Feb-2025,2025-02-27,122500.00,PE,0.00,0.00,0.00,1628.35,3133.00,0,0.00,0,0,06-JAN-2025
OPTSTK,MRF,27-Feb-2025,2025-02-27,119000.00,CE,0.00,0.00,0.00,10076.00,6824.10,0,0.00,0,0,06-JAN-2025
OPTSTK,MRF,30-Jan-2025,2025-01-30,119000.00,CE,0.00,0.00,0.00,9345.05,5365.25,0,0.00,0,0,06-JAN-2025
OPTSTK,MRF,30-Jan-2025,2025-01-30,119000.00,PE,900.00,1614.95,900.00,1274.95,1274.95,12,72.137255,30,30,06-JAN-2025
OPTSTK,MRF,27-Feb-2025,2025-02-27,119000.00,PE,0.00,0.00,0.00,3267.45,1809.60,0,0.00,0,0,06-JAN-2025
OPTSTK,MRF,30-Jan-2025,2025-01-30,137000.00,CE,440.00,440.00,181.05,210.35,210.35,84,576.454282,715,-80,06-JAN-2025
OPTSTK,BAJFINANCE,27-Feb-2025,2025-02-27,7300.00,PE,126.55,221.70,124.65,214.30,233.35,34,317.876937,5375,375,06-JAN-2025
OPTSTK,MRF,30-Jan-2025,2025-01-30,134500.00,CE,189.00,189.00,189.00,189.00,161.50,1,6.73445,10,0,06-JAN-2025
OPTIDX,NIFTYNXT50,30-Jan-2025,2025-01-30,67500.00,CE,1400.00,1400.00,1400.00,1400.00,1204.30,1,6.89,10,10,06-JAN-2025
OPTIDX,NIFTYNXT50,27-Feb-2025,2025-02-27,67500.00,CE,0.00,0.00,0.00,5792.70,1986.35,0,0.00,0,0,06-JAN-2025
OPTIDX,NIFTYNXT50,27-Mar-2025,2025-03-27,67500.00,PE,0.00,0.00,0.00,1996.85,2131.70,0,0.00,0,0,06-JAN-2025
OPTIDX,NIFTYNXT50,27-Mar-2025,2025-03-27,67500.00,CE,0.00,0.00,0.00,4248.10,2619.80,0,0.00,0,0,06-JAN-2025
OPTIDX,NIFTYNXT50,27-Mar-2025,2025-03-27,60000.00,PE,0.00,0.00,0.00,283.65,202.20,0,0.00,0,0,06-JAN-2025
OPTIDX,NIFTYNXT50,27-Feb-2025,2025-02-27,71600.00,CE,0.00,0.00,0.00,3386.30,601.70,0,0.00,0,0,06-JAN-2025
OPTIDX,NIFTYNXT50,27-Mar-2025,2025-03-27,71600.00,CE,0.00,0.00,0.00,2270.75,1063.45,0,0.00,0,0,06-JAN-2025
OPTIDX,NIFTYNXT50,30-Jan-2025,2025-01-30,71600.00,CE,0.00,0.00,0.00,3024.85,162.25,0,0.00,0,0,06-JAN-2025
OPTIDX,NIFTYNXT50,27-Feb-2025,2025-02-27,71600.00,PE,0.00,0.00,0.00,2997.95,4519.65,0,0.00,0,0,06-JAN-2025
OPTIDX,NIFTYNXT50,30-Jan-2025,2025-01-30,73200.00,CE,0.00,0.00,0.00,2374.65,58.30,0,0.00,0,0,06-JAN-2025
OPTIDX,NIFTYNXT50,30-Jan-2025,2025-01-30,73500.00,PE,0.00,0.00,0.00,4654.90,6225.10,0,0.00,0,0,06-JAN-2025
OPTIDX,NIFTYNXT50,30-Jan-2025,2025-01-30,73500.00,CE,0.00,0.00,0.00,2265.35,47.40,0,0.00,0,0,06-JAN-2025
OPTIDX,NIFTYNXT50,27-Mar-2025,2025-03-27,73500.00,CE,0.00,0.00,0.00,1629.75,650.55,0,0.00,0,0,06-JAN-2025
OPTIDX,NIFTYNXT50,30-Jan-2025,2025-01-30,70600.00,CE,0.00,0.00,0.00,3490.75,286.95,0,0.00,0,0,06-JAN-2025
OPTIDX,NIFTYNXT50,27-Mar-2025,2025-03-27,70600.00,PE,0.00,0.00,0.00,3469.35,3918.15,0,0.00,0,0,06-JAN-2025
OPTIDX,NIFTYNXT50,30-Jan-2025,2025-01-30,72500.00,PE,0.00,0.00,0.00,4053.50,5274.95,0,0.00,0,0,06-JAN-2025
OPTIDX,NIFTYNXT50,27-Feb-2025,2025-02-27,72800.00,CE,0.00,0.00,0.00,2835.20,396.15,0,0.00,0,0,06-JAN-2025
OPTIDX,NIFTYNXT50,30-Jan-2025,2025-01-30,76600.00,PE,0.00,0.00,0.00,6782.10,9268.20,0,0.00,0,0,06-JAN-2025
OPTIDX,NIFTYNXT50,30-Jan-2025,2025-01-30,75800.00,CE,0.00,0.00,0.00,1549.75,8.25,0,0.00,0,0,06-JAN-2025
OPTIDX,NIFTYNXT50,30-Jan-2025,2025-01-30,66100.00,CE,0.00,0.00,0.00,6171.70,1971.40,0,0.00,0,0,06-JAN-2025
OPTIDX,NIFTYNXT50,27-Feb-2025,2025-02-27,70100.00,CE,0.00,0.00,0.00,4173.15,971.05,0,0.00,0,0,06-JAN-2025
OPTIDX,NIFTYNXT50,27-Mar-2025,2025-03-27,70100.00,CE,0.00,0.00,0.00,2896.15,1516.60,0,0.00,0,0,06-JAN-2025
OPTIDX,NIFTYNXT50,30-Jan-2025,2025-01-30,69500.00,CE,1239.85,1249.95,650.00,730.90,730.90,186,1308.1966,850,380,06-JAN-2025
OPTIDX,NIFTYNXT50,27-Mar-2025,2025-03-27,69500.00,PE,0.00,0.00,0.00,2890.95,3216.35,0,0.00,0,0,06-JAN-2025
OPTIDX,NIFTYNXT50,27-Mar-2025,2025-03-27,69500.00,CE,0.00,0.00,0.00,3177.55,1733.80,0,0.00,0,0,06-JAN-2025
OPTIDX,NIFTYNXT50,30-Jan-2025,2025-01-30,71000.00,CE,0.00,0.00,0.00,3298.80,229.90,0,0.00,0,0,06-JAN-2025
OPTIDX,NIFTYNXT50,27-Mar-2025,2025-03-27,71000.00,CE,0.00,0.00,0.00,2507.75,1229.95,0,0.00,0,0,06-JAN-2025
OPTIDX,NIFTYNXT50,27-Mar-2025,2025-03-27,71000.00,PE,0.00,0.00,0.00,3694.60,4190.50,0,0.00,0,0,06-JAN-2025
OPTIDX,NIFTYNXT50,27-Feb-2025,2025-02-27,71000.00,CE,0.00,0.00,0.00,3688.10,732.95,0,0.00,0,0,06-JAN-2025
OPTIDX,NIFTYNXT50,27-Feb-2025,2025-02-27,71000.00,PE,0.00,0.00,0.00,2710.30,4056.65,0,0.00,0,0,06-JAN-2025
OPTIDX,NIFTYNXT50,30-Jan-2025,2025-01-30,71000.00,PE,0.00,0.00,0.00,3235.75,3918.70,0,0.00,0,0,06-JAN-2025
OPTIDX,NIFTYNXT50,27-Feb-2025,2025-02-27,75900.00,PE,0.00,0.00,0.00,5551.35,8293.40,0,0.00,0,0,06-JAN-2025
OPTSTK,KPITTECH,30-Jan-2025,2025-01-30,1500.00,PE,76.05,95.25,73.55,90.50,81.95,14,88.7198,55200,-1200,06-JAN-2025
OPTSTK,KPITTECH,27-Feb-2025,2025-02-27,1500.00,CE,0.00,0.00,0.00,100.95,70.30,0,0.00,0,0,06-JAN-2025
OPTSTK,IOC,30-Jan-2025,2025-01-30,155.00,CE,0.35,0.35,0.15,0.25,0.25,584,4418.78043,2720250,-102375,06-JAN-2025
OPTSTK,IOC,27-Mar-2025,2025-03-27,155.00,PE,0.00,0.00,0.00,19.55,21.80,0,0.00,0,0,06-JAN-2025
OPTSTK,IOC,27-Feb-2025,2025-02-27,155.00,CE,0.90,1.00,0.85,1.00,1.00,8,60.805875,43875,39000,06-JAN-2025
OPTSTK,KPITTECH,30-Jan-2025,2025-01-30,1200.00,CE,0.00,0.00,0.00,252.30,258.25,0,0.00,0,0,06-JAN-2025
OPTSTK,KPITTECH,27-Feb-2025,2025-02-27,1200.00,PE,0.00,0.00,0.00,39.15,7.75,0,0.00,0,0,06-JAN-2025
OPTSTK,BOSCHLTD,27-Mar-2025,2025-03-27,37000.00,CE,0.00,0.00,0.00,1146.95,513.40,0,0.00,0,0,06-JAN-2025
OPTSTK,KPITTECH,27-Feb-2025,2025-02-27,1200.00,CE,0.00,0.00,0.00,271.90,270.90,0,0.00,0,0,06-JAN-2025
OPTSTK,BOSCHLTD,27-Feb-2025,2025-02-27,39000.00,CE,0.00,0.00,0.00,176.60,81.70,0,0.00,225,0,06-JAN-2025
OPTSTK,BOSCHLTD,27-Feb-2025,2025-02-27,34000.00,CE,0.00,0.00,0.00,2721.80,1121.50,0,0.00,0,0,06-JAN-2025
OPTSTK,BOSCHLTD,27-Feb-2025,2025-02-27,34000.00,PE,0.00,0.00,0.00,1432.90,1328.50,0,0.00,0,0,06-JAN-2025
OPTSTK,BOSCHLTD,30-Jan-2025,2025-01-30,34000.00,CE,1090.00,1169.60,619.10,704.20,704.20,252,2194.51082,5925,1525,06-JAN-2025
OPTSTK,BOSCHLTD,27-Mar-2025,2025-03-27,34000.00,CE,0.00,0.00,0.00,2385.20,1495.25,0,0.00,0,0,06-JAN-2025
OPTSTK,KPITTECH,27-Mar-2025,2025-03-27,1640.00,CE,0.00,0.00,0.00,78.40,48.15,0,0.00,0,0,06-JAN-2025
OPTSTK,BOSCHLTD,30-Jan-2025,2025-01-30,33000.00,PE,295.00,711.95,295.00,591.80,591.80,141,1181.79201,15650,-25,06-JAN-2025
OPTSTK,BOSCHLTD,27-Mar-2025,2025-03-27,33000.00,PE,0.00,0.00,0.00,1165.25,1061.45,0,0.00,0,0,06-JAN-2025
OPTSTK,BOSCHLTD,27-Feb-2025,2025-02-27,33000.00,PE,0.00,0.00,0.00,550.00,852.75,0,0.00,25,0,06-JAN-2025
OPTSTK,BOSCHLTD,27-Feb-2025,2025-02-27,33000.00,CE,0.00,0.00,0.00,3321.35,1636.15,0,0.00,0,0,06-JAN-2025
OPTSTK,BOSCHLTD,27-Mar-2025,2025-03-27,33000.00,CE,0.00,0.00,0.00,2951.30,2013.70,0,0.00,0,0,06-JAN-2025
FUTSTK,IOC,30-Jan-2025,2025-01-30,,,138.87,139.24,132.30,133.63,133.63,6860,44913.0712,130011375,-1213875,06-JAN-2025
OPTSTK,IOC,27-Mar-2025,2025-03-27,110.00,PE,0.00,0.00,0.00,1.10,0.70,0,0.00,0,0,06-JAN-2025
OPTSTK,IOC,30-Jan-2025,2025-01-30,110.00,PE,0.05,0.20,0.05,0.20,0.20,155,832.320937,1067625,219375,06-JAN-2025
OPTSTK,IOC,30-Jan-2025,2025-01-30,145.00,PE,8.15,13.20,8.15,12.05,12.05,67,511.726312,1950000,-29250,06-JAN-2025
OPTSTK,IOC,27-Feb-2025,2025-02-27,145.00,PE,9.45,13.00,9.45,13.00,13.30,2,15.2319375,24375,9750,06-JAN-2025
OPTSTK,BOSCHLTD,30-Jan-2025,2025-01-30,41000.00,PE,0.00,0.00,0.00,6100.00,7351.25,0,0.00,275,0,06-JAN-2025
OPTSTK,BOSCHLTD,27-Feb-2025,2025-02-27,30000.00,PE,0.00,0.00,0.00,326.35,130.00,0,0.00,0,0,06-JAN-2025
OPTSTK,BOSCHLTD,27-Mar-2025,2025-03-27,30000.00,PE,0.00,0.00,0.00,366.55,245.75,0,0.00,0,0,06-JAN-2025
OPTSTK,BOSCHLTD,27-Feb-2025,2025-02-27,30000.00,CE,0.00,0.00,0.00,5543.15,3884.70,0,0.00,0,0,06-JAN-2025
OPTSTK,BOSCHLTD,30-Jan-2025,2025-01-30,30000.00,CE,0.00,0.00,0.00,4620.15,3626.05,0,0.00,250,0,06-JAN-2025
OPTSTK,BOSCHLTD,27-Mar-2025,2025-03-27,30000.00,CE,0.00,0.00,0.00,5098.45,4153.90,0,0.00,0,0,06-JAN-2025
OPTSTK,KPITTECH,27-Feb-2025,2025-02-27,1580.00,PE,0.00,0.00,0.00,179.70,156.40,0,0.00,0,0,06-JAN-2025
OPTIDX,BANKNIFTY,27-Mar-2025,2025-03-27,52000.00,PE,1500.00,2159.95,1500.00,2060.60,2060.60,239,3866.5701,8370,2910,06-JAN-2025
OPTIDX,BANKNIFTY,30-Jan-2025,2025-01-30,55700.00,PE,0.00,0.00,0.00,3933.00,5537.15,0,0.00,0,0,06-JAN-2025
OPTIDX,BANKNIFTY,30-Jan-2025,2025-01-30,47600.00,CE,0.00,0.00,0.00,5490.35,2651.05,0,0.00,0,0,06-JAN-2025
OPTIDX,BANKNIFTY,30-Jan-2025,2025-01-30,47600.00,PE,73.80,236.50,68.10,203.85,203.85,31983,229035.982,47550,2670,06-JAN-2025
OPTIDX,BANKNIFTY,27-Feb-2025,2025-02-27,55700.00,CE,0.00,0.00,0.00,211.85,84.55,0,0.00,510,0,06-JAN-2025
OPTIDX,BANKNIFTY,30-Jan-2025,2025-01-30,55700.00,CE,30.00,30.00,20.20,23.35,23.35,28136,235170.943,107205,5760,06-JAN-2025
OPTIDX,BANKNIFTY,27-Feb-2025,2025-02-27,55700.00,PE,0.00,0.00,0.00,3125.10,5329.50,0,0.00,90,0,06-JAN-2025
OPTIDX,BANKNIFTY,27-Mar-2025,2025-03-27,60000.00,CE,48.95,54.00,45.20,50.95,50.95,322,5800.96552,10290,-3570,06-JAN-2025
OPTIDX,BANKNIFTY,27-Feb-2025,2025-02-27,60000.00,PE,0.00,0.00,0.00,7001.00,9507.15,0,0.00,960,0,06-JAN-2025
OPTIDX,BANKNIFTY,30-Jan-2025,2025-01-30,60000.00,CE,8.60,13.80,8.40,13.20,13.20,188372,1695661.88,1414620,371310,06-JAN-2025
OPTIDX,BANKNIFTY,27-Mar-2025,2025-03-27,60000.00,PE,0.00,0.00,0.00,9846.00,9222.10,0,0.00,0,0,06-JAN-2025
OPTIDX,BANKNIFTY,30-Jan-2025,2025-01-30,60000.00,PE,8903.50,9868.00,8903.50,9780.05,9780.05,3015,31567.4942,75465,40755,06-JAN-2025
OPTIDX,BANKNIFTY,27-Feb-2025,2025-02-27,60000.00,CE,25.05,29.95,23.05,28.05,28.05,583,10498.7223,25470,-3480,06-JAN-2025
OPTSTK,CUMMINSIND,30-Jan-2025,2025-01-30,2950.00,PE,17.20,30.10,15.30,25.25,25.25,173,771.21315,15000,5550,06-JAN-2025
OPTSTK,PRESTIGE,27-Feb-2025,2025-02-27,1700.00,PE,0.00,0.00,0.00,181.40,160.25,0,0.00,0,0,06-JAN-2025
OPTIDX,BANKNIFTY,24-Dec-2025,2025-12-24,49500.00,CE,0.00,0.00,0.00,7141.45,5265.05,0,0.00,0,0,06-JAN-2025
OPTIDX,BANKNIFTY,25-Sep-2025,2025-09-25,49500.00,PE,0.00,0.00,0.00,1261.45,1606.95,0,0.00,0,0,06-JAN-2025
OPTSTK,JSWENERGY,27-Mar-2025,2025-03-27,720.00,CE,0.00,0.00,0.00,39.75,15.55,0,0.00,0,0,06-JAN-2025
OPTSTK,JSWENERGY,30-Jan-2025,2025-01-30,720.00,CE,3.00,3.00,1.75,2.15,2.15,714,3867.38062,124500,-132750,06-JAN-2025
OPTSTK,CUMMINSIND,27-Feb-2025,2025-02-27,2900.00,PE,0.00,0.00,0.00,52.70,45.35,0,0.00,0,0,06-JAN-2025
OPTSTK,CUMMINSIND,27-Mar-2025,2025-03-27,2900.00,PE,0.00,0.00,0.00,69.70,69.15,0,0.00,0,0,06-JAN-2025
OPTSTK,CUMMINSIND,30-Jan-2025,2025-01-30,2900.00,CE,0.00,0.00,0.00,456.55,306.05,0,0.00,150,0,06-JAN-2025
OPTIDX,BANKNIFTY,27-Feb-2025,2025-02-27,48000.00,PE,250.00,526.30,250.00,472.15,472.15,5007,72745.1756,152340,17310,06-JAN-2025
OPTIDX,BANKNIFTY,27-Feb-2025,2025-02-27,52800.00,PE,2045.75,2758.25,2045.75,2758.25,2817.55,76,1259.1288,10560,0,06-JAN-2025
OPTIDX,BANKNIFTY,26-Jun-2025,2025-06-26,48000.00,PE,0.00,0.00,0.00,1409.25,921.65,0,0.00,0,0,06-JAN-2025
OPTIDX,BANKNIFTY,25-Sep-2025,2025-09-25,48000.00,PE,0.00,0.00,0.00,948.55,1131.05,0,0.00,0,0,06-JAN-2025
OPTIDX,BANKNIFTY,26-Jun-2025,2025-06-26,48000.00,CE,0.00,0.00,0.00,5932.40,4337.80,0,0.00,15,0,06-JAN-2025
OPTIDX,BANKNIFTY,30-Jan-2025,2025-01-30,52800.00,CE,336.00,336.00,145.90,154.15,154.15,54415,432581.871,290940,38235,06-JAN-2025
OPTSTK,JSWENERGY,30-Jan-2025,2025-01-30,510.00,CE,0.00,0.00,0.00,166.05,95.55,0,0.00,0,0,06-JAN-2025
OPTIDX,BANKNIFTY,27-Mar-2025,2025-03-27,51700.00,PE,0.00,0.00,0.00,1835.65,2153.80,0,0.00,0,0,06-JAN-2025
OPTIDX,BANKNIFTY,27-Feb-2025,2025-02-27,51700.00,CE,1147.05,1180.85,758.50,804.00,804.00,411,6484.73556,4200,150,06-JAN-2025
OPTSTK,AUBANK,27-Mar-2025,2025-03-27,530.00,PE,0.00,0.00,0.00,25.70,14.95,0,0.00,0,0,06-JAN-2025
OPTSTK,ATUL,27-Feb-2025,2025-02-27,6600.00,PE,0.00,0.00,0.00,159.65,154.25,0,0.00,0,0,06-JAN-2025
OPTSTK,ATUL,30-Jan-2025,2025-01-30,6600.00,CE,0.00,0.00,0.00,1421.65,322.60,0,0.00,0,0,06-JAN-2025
OPTSTK,AUBANK,27-Mar-2025,2025-03-27,590.00,CE,0.00,0.00,0.00,26.50,22.10,0,0.00,0,0,06-JAN-2025
OPTSTK,AUBANK,27-Feb-2025,2025-02-27,540.00,CE,0.00,0.00,0.00,74.15,39.00,0,0.00,0,0,06-JAN-2025
OPTSTK,AUBANK,27-Feb-2025,2025-02-27,625.00,CE,0.00,0.00,0.00,10.50,6.70,0,0.00,0,0,06-JAN-2025
OPTSTK,ATUL,30-Jan-2025,2025-01-30,7400.00,PE,0.00,0.00,0.00,395.00,591.45,0,0.00,500,0,06-JAN-2025
OPTSTK,ATUL,30-Jan-2025,2025-01-30,7400.00,CE,60.00,60.00,60.00,60.00,60.00,1,7.46,1400,-100,06-JAN-2025
OPTSTK,AUBANK,27-Mar-2025,2025-03-27,540.00,PE,0.00,0.00,0.00,30.05,18.50,0,0.00,0,0,06-JAN-2025
OPTSTK,AUBANK,27-Feb-2025,2025-02-27,540.00,PE,0.00,0.00,0.00,18.60,14.05,0,0.00,0,0,06-JAN-2025
OPTSTK,AUBANK,30-Jan-2025,2025-01-30,625.00,PE,0.00,0.00,0.00,76.65,64.15,0,0.00,0,0,06-JAN-2025
OPTSTK,ATUL,27-Feb-2025,2025-02-27,7400.00,CE,0.00,0.00,0.00,437.75,94.80,0,0.00,0,0,06-JAN-2025
OPTSTK,AUBANK,30-Jan-2025,2025-01-30,475.00,PE,0.00,0.00,0.00,2.30,0.20,0,0.00,0,0,06-JAN-2025
OPTSTK,AUBANK,27-Feb-2025,2025-02-27,475.00,PE,0.00,0.00,0.00,5.70,1.50,0,0.00,0,0,06-JAN-2025
OPTSTK,AUBANK,27-Mar-2025,2025-03-27,620.00,PE,0.00,0.00,0.00,78.30,64.25,0,0.00,0,0,06-JAN-2025
OPTSTK,AUBANK,27-Feb-2025,2025-02-27,520.00,PE,10.90,12.15,9.40,12.00,8.05,23,122.247,27000,7000,06-JAN-2025
OPTSTK,ATUL,30-Jan-2025,2025-01-30,6000.00,CE,0.00,0.00,0.00,1964.30,836.25,0,0.00,0,0,06-JAN-2025
OPTSTK,AUBANK,27-Mar-2025,2025-03-27,610.00,PE,0.00,0.00,0.00,71.05,57.00,0,0.00,0,0,06-JAN-2025
OPTSTK,ATUL,30-Jan-2025,2025-01-30,6700.00,CE,0.00,0.00,0.00,341.55,258.55,0,0.00,100,0,06-JAN-2025
OPTSTK,ATUL,27-Feb-2025,2025-02-27,6700.00,PE,0.00,0.00,0.00,171.50,193.05,0,0.00,0,0,06-JAN-2025
OPTSTK,ATUL,30-Jan-2025,2025-01-30,6700.00,PE,127.35,140.00,127.35,138.05,123.90,10,68.36295,2000,200,06-JAN-2025
OPTSTK,ATUL,30-Jan-2025,2025-01-30,7800.00,PE,0.00,0.00,0.00,399.10,965.45,0,0.00,0,0,06-JAN-2025
OPTSTK,AUBANK,30-Jan-2025,2025-01-30,670.00,PE,0.00,0.00,0.00,92.00,107.40,0,0.00,8000,0,06-JAN-2025
OPTSTK,AUBANK,27-Mar-2025,2025-03-27,470.00,PE,0.00,0.00,0.00,8.00,2.85,0,0.00,0,0,06-JAN-2025
OPTSTK,AUBANK,30-Jan-2025,2025-01-30,490.00,PE,1.50,2.40,1.40,2.30,2.30,79,388.608,134000,18000,06-JAN-2025
OPTSTK,AUBANK,27-Feb-2025,2025-02-27,470.00,CE,0.00,0.00,0.00,89.15,95.50,0,0.00,0,0,06-JAN-2025
OPTSTK,AUBANK,30-Jan-2025,2025-01-30,480.00,PE,0.95,1.65,0.95,1.55,1.55,56,269.581,153000,12000,06-JAN-2025
OPTSTK,AUBANK,27-Feb-2025,2025-02-27,480.00,CE,0.00,0.00,0.00,119.90,86.30,0,0.00,0,0,06-JAN-2025
OPTSTK,AUBANK,27-Feb-2025,2025-02-27,550.00,PE,0.00,0.00,0.00,29.80,17.95,0,0.00,0,0,06-JAN-2025
OPTSTK,ATUL,27-Feb-2025,2025-02-27,6300.00,CE,0.00,0.00,0.00,950.80,635.50,0,0.00,0,0,06-JAN-2025
OPTSTK,AUBANK,27-Feb-2025,2025-02-27,525.00,PE,0.00,0.00,0.00,18.90,9.35,0,0.00,0,0,06-JAN-2025
OPTSTK,AUBANK,30-Jan-2025,2025-01-30,525.00,CE,0.00,0.00,0.00,43.30,41.30,0,0.00,8000,0,06-JAN-2025
OPTSTK,ATUL,27-Feb-2025,2025-02-27,8000.00,CE,0.00,0.00,0.00,226.25,20.90,0,0.00,0,0,06-JAN-2025
OPTSTK,BERGEPAINT,27-Mar-2025,2025-03-27,400.00,CE,0.00,0.00,0.00,55.50,56.30,0,0.00,0,0,06-JAN-2025
OPTSTK,BERGEPAINT,27-Feb-2025,2025-02-27,400.00,PE,0.00,0.00,0.00,1.95,1.45,0,0.00,0,0,06-JAN-2025
OPTSTK,BERGEPAINT,27-Feb-2025,2025-02-27,480.00,PE,0.00,0.00,0.00,20.15,33.85,0,0.00,0,0,06-JAN-2025
OPTSTK,BERGEPAINT,30-Jan-2025,2025-01-30,415.00,CE,0.00,0.00,0.00,34.15,35.55,0,0.00,1320,0,06-JAN-2025
OPTSTK,BERGEPAINT,27-Feb-2025,2025-02-27,415.00,PE,0.00,0.00,0.00,8.55,3.40,0,0.00,0,0,06-JAN-2025
OPTSTK,BERGEPAINT,30-Jan-2025,2025-01-30,415.00,PE,1.80,2.80,1.80,2.60,2.60,69,380.04846,55440,17160,06-JAN-2025
OPTSTK,POONAWALLA,30-Jan-2025,2025-01-30,360.00,CE,2.30,2.30,1.00,1.05,1.65,222,1164.27025,216050,20300,06-JAN-2025
OPTSTK,POONAWALLA,30-Jan-2025,2025-01-30,300.00,CE,26.30,27.25,20.40,20.65,21.45,16,75.267325,85550,2900,06-JAN-2025
OPTSTK,BERGEPAINT,30-Jan-2025,2025-01-30,500.00,CE,1.80,1.80,0.70,0.95,0.95,449,2968.8846,330000,-238920,06-JAN-2025
OPTSTK,BERGEPAINT,27-Feb-2025,2025-02-27,500.00,PE,0.00,0.00,0.00,29.65,50.25,0,0.00,0,0,06-JAN-2025
OPTSTK,POONAWALLA,27-Mar-2025,2025-03-27,340.00,CE,0.00,0.00,0.00,26.05,15.40,0,0.00,0,0,06-JAN-2025
OPTSTK,POONAWALLA,27-Mar-2025,2025-03-27,290.00,CE,0.00,0.00,0.00,51.00,39.25,0,0.00,0,0,06-JAN-2025
OPTSTK,POONAWALLA,27-Feb-2025,2025-02-27,350.00,CE,0.00,0.00,0.00,4.25,7.85,0,0.00,1450,0,06-JAN-2025
OPTSTK,POONAWALLA,30-Jan-2025,2025-01-30,350.00,PE,0.00,0.00,0.00,31.00,37.95,0,0.00,66700,0,06-JAN-2025
OPTSTK,BERGEPAINT,30-Jan-2025,2025-01-30,430.00,PE,3.50,5.95,3.35,5.20,5.20,285,1635.87072,171600,14520,06-JAN-2025
OPTSTK,BERGEPAINT,30-Jan-2025,2025-01-30,560.00,CE,0.00,0.00,0.00,0.20,0.05,0,0.00,3960,0,06-JAN-2025
OPTSTK,BERGEPAINT,30-Jan-2025,2025-01-30,425.00,CE,29.10,29.15,24.45,24.45,26.95,6,35.84262,6600,2640,06-JAN-2025
OPTSTK,POONAWALLA,27-Mar-2025,2025-03-27,350.00,CE,0.00,0.00,0.00,22.45,12.45,0,0.00,0,0,06-JAN-2025
FUTSTK,BERGEPAINT,30-Jan-2025,2025-01-30,,,457.60,459.65,444.05,448.40,448.40,1381,8194.00956,8780640,-108240,06-JAN-2025
OPTSTK,BERGEPAINT,27-Feb-2025,2025-02-27,520.00,CE,0.00,0.00,0.00,20.10,1.05,0,0.00,0,0,06-JAN-2025
OPTSTK,BERGEPAINT,27-Mar-2025,2025-03-27,440.00,PE,0.00,0.00,0.00,21.05,13.10,0,0.00,0,0,06-JAN-2025
OPTSTK,BERGEPAINT,27-Feb-2025,2025-02-27,440.00,CE,0.00,0.00,0.00,64.95,22.25,0,0.00,0,0,06-JAN-2025
OPTSTK,POONAWALLA,30-Jan-2025,2025-01-30,260.00,CE,0.00,0.00,0.00,116.95,54.85,0,0.00,0,0,06-JAN-2025
OPTSTK,POONAWALLA,27-Feb-2025,2025-02-27,260.00,PE,0.00,0.00,0.00,2.30,2.15,0,0.00,0,0,06-JAN-2025
OPTSTK,BERGEPAINT,27-Feb-2025,2025-02-27,455.00,CE,0.00,0.00,0.00,17.55,14.40,0,0.00,0,0,06-JAN-2025
OPTSTK,BERGEPAINT,30-Jan-2025,2025-01-30,395.00,CE,0.00,0.00,0.00,100.10,54.50,0,0.00,0,0,06-JAN-2025
OPTSTK,BERGEPAINT,27-Feb-2025,2025-02-27,395.00,CE,0.00,0.00,0.00,55.00,57.45,0,0.00,0,0,06-JAN-2025
OPTSTK,POONAWALLA,27-Feb-2025,2025-02-27,340.00,PE,0.00,0.00,0.00,20.00,33.90,0,0.00,1450,0,06-JAN-2025
OPTSTK,BERGEPAINT,30-Jan-2025,2025-01-30,445.00,CE,14.90,15.20,11.25,14.20,14.20,62,374.8635,166320,29040,06-JAN-2025
OPTSTK,BERGEPAINT,27-Feb-2025,2025-02-27,445.00,CE,0.00,0.00,0.00,22.00,19.40,0,0.00,0,0,06-JAN-2025
OPTSTK,POONAWALLA,30-Jan-2025,2025-01-30,290.00,CE,0.00,0.00,0.00,89.75,28.55,0,0.00,0,0,06-JAN-2025
OPTSTK,IRCTC,30-Jan-2025,2025-01-30,1000.00,PE,0.00,0.00,0.00,205.85,225.25,0,0.00,147000,0,06-JAN-2025
OPTSTK,IRCTC,30-Jan-2025,2025-01-30,960.00,PE,0.00,0.00,0.00,170.00,185.45,0,0.00,15750,0,06-JAN-2025
OPTSTK,IRCTC,27-Mar-2025,2025-03-27,820.00,PE,0.00,0.00,0.00,70.55,66.60,0,0.00,0,0,06-JAN-2025
OPTSTK,IRCTC,27-Feb-2025,2025-02-27,820.00,PE,48.90,59.50,48.00,59.50,61.25,3,22.8935,3500,2625,06-JAN-2025
OPTSTK,IRCTC,27-Feb-2025,2025-02-27,820.00,CE,20.15,20.15,16.50,18.25,18.25,13,95.38375,13125,10500,06-JAN-2025
OPTSTK,IRCTC,30-Jan-2025,2025-01-30,940.00,PE,0.00,0.00,0.00,149.10,165.65,0,0.00,37625,0,06-JAN-2025
OPTSTK,NTPC,27-Feb-2025,2025-02-27,280.00,CE,0.00,0.00,0.00,88.65,51.10,0,0.00,0,0,06-JAN-2025
OPTSTK,IRCTC,30-Jan-2025,2025-01-30,730.00,CE,61.95,61.95,48.55,50.00,50.00,9,61.688375,6125,5250,06-JAN-2025
OPTSTK,NTPC,30-Jan-2025,2025-01-30,345.00,CE,7.05,7.05,2.55,2.70,2.70,4002,20956.5967,6724500,313500,06-JAN-2025
OPTSTK,NTPC,30-Jan-2025,2025-01-30,365.00,CE,1.55,1.60,0.70,0.80,0.80,1165,6396.135,843000,25500,06-JAN-2025
OPTSTK,NTPC,27-Mar-2025,2025-03-27,380.00,CE,0.00,0.00,0.00,10.05,4.10,0,0.00,0,0,06-JAN-2025
OPTSTK,IRCTC,30-Jan-2025,2025-01-30,750.00,CE,44.05,44.60,32.80,35.25,35.25,34,234.177125,42000,11375,06-JAN-2025
OPTSTK,IRCTC,27-Feb-2025,2025-02-27,880.00,PE,0.00,0.00,0.00,91.35,108.25,0,0.00,0,0,06-JAN-2025
OPTSTK,IRCTC,27-Mar-2025,2025-03-27,740.00,CE,0.00,0.00,0.00,87.80,66.75,0,0.00,0,0,06-JAN-2025
OPTSTK,IRCTC,30-Jan-2025,2025-01-30,810.00,PE,25.45,49.80,25.10,44.85,44.85,59,436.481062,160125,-3500,06-JAN-2025
OPTSTK,IRCTC,30-Jan-2025,2025-01-30,810.00,CE,17.20,17.20,7.45,8.20,8.20,899,6454.69781,348250,27125,06-JAN-2025
OPTSTK,NTPC,30-Jan-2025,2025-01-30,300.00,CE,40.30,40.30,29.30,29.65,29.65,39,193.73475,124500,25500,06-JAN-2025
OPTSTK,IRCTC,27-Feb-2025,2025-02-27,780.00,PE,21.05,36.75,21.05,36.30,36.30,10,71.1510625,8750,5250,06-JAN-2025
OPTSTK,IRCTC,30-Jan-2025,2025-01-30,1000.00,CE,0.45,0.45,0.35,0.45,0.45,9,78.7836875,203875,-3500,06-JAN-2025
OPTSTK,NTPC,27-Mar-2025,2025-03-27,290.00,PE,0.00,0.00,0.00,5.20,3.45,0,0.00,0,0,06-JAN-2025
OPTSTK,NTPC,30-Jan-2025,2025-01-30,305.00,CE,34.45,34.45,28.05,28.05,25.75,4,20.09475,49500,3000,06-JAN-2025
OPTSTK,NTPC,27-Feb-2025,2025-02-27,305.00,PE,0.00,0.00,0.00,6.35,4.65,0,0.00,0,0,06-JAN-2025
OPTSTK,IRCTC,27-Mar-2025,2025-03-27,700.00,PE,0.00,0.00,0.00,19.35,13.35,0,0.00,0,0,06-JAN-2025
OPTSTK,IRCTC,27-Feb-2025,2025-02-27,700.00,CE,0.00,0.00,0.00,141.40,85.45,0,0.00,0,0,06-JAN-2025
OPTSTK,IRCTC,30-Jan-2025,2025-01-30,700.00,PE,1.20,3.90,1.00,3.10,3.10,1323,8134.77306,496125,132125,06-JAN-2025
OPTSTK,IRCTC,30-Jan-2025,2025-01-30,690.00,CE,0.00,0.00,0.00,140.60,85.30,0,0.00,0,0,06-JAN-2025
OPTSTK,IRCTC,27-Feb-2025,2025-02-27,690.00,CE,0.00,0.00,0.00,112.35,93.55,0,0.00,0,0,06-JAN-2025
OPTSTK,IRCTC,27-Feb-2025,2025-02-27,690.00,PE,0.00,0.00,0.00,11.30,6.60,0,0.00,0,0,06-JAN-2025
OPTSTK,IRCTC,27-Feb-2025,2025-02-27,680.00,PE,4.20,4.90,3.00,4.90,5.10,5,29.92325,2625,2625,06-JAN-2025
OPTSTK,IRCTC,30-Jan-2025,2025-01-30,680.00,PE,0.55,2.15,0.55,1.70,1.70,325,1938.11187,171500,39375,06-JAN-2025
OPTSTK,IRCTC,30-Jan-2025,2025-01-30,720.00,CE,56.00,56.00,56.00,56.00,59.30,1,6.79,1750,875,06-JAN-2025
OPTSTK,NTPC,27-Feb-2025,2025-02-27,360.00,PE,0.00,0.00,0.00,22.60,33.80,0,0.00,9000,0,06-JAN-2025
OPTIDX,FINNIFTY,30-Jan-2025,2025-01-30,26100.00,PE,0.00,0.00,0.00,1764.00,2668.45,0,0.00,0,0,06-JAN-2025
OPTIDX,FINNIFTY,30-Jan-2025,2025-01-30,24300.00,PE,618.10,1028.65,618.10,991.30,991.30,144,906.208087,8850,-300,06-JAN-2025
OPTIDX,FINNIFTY,27-Mar-2025,2025-03-27,24900.00,PE,0.00,0.00,0.00,1474.25,1504.65,0,0.00,0,0,06-JAN-2025
OPTIDX,FINNIFTY,30-Jan-2025,2025-01-30,24550.00,CE,139.05,150.00,80.25,85.90,85.90,944,5818.85587,8350,-1175,06-JAN-2025
OPTIDX,FINNIFTY,30-Jan-2025,2025-01-30,23550.00,PE,259.80,538.35,253.85,488.35,488.35,5050,30222.9518,12500,2375,06-JAN-2025
OPTIDX,FINNIFTY,30-Jan-2025,2025-01-30,23000.00,PE,123.00,284.35,111.50,254.65,254.65,14620,84853.7505,43325,7775,06-JAN-2025
OPTIDX,FINNIFTY,30-Jan-2025,2025-01-30,23000.00,CE,961.00,961.00,652.00,689.55,689.55,102,604.536137,3775,1350,06-JAN-2025
OPTIDX,FINNIFTY,27-Feb-2025,2025-02-27,23000.00,PE,0.00,0.00,0.00,329.40,347.95,0,0.00,65,0,06-JAN-2025
OPTIDX,FINNIFTY,27-Feb-2025,2025-02-27,24000.00,CE,0.00,0.00,0.00,695.85,391.10,0,0.00,260,0,06-JAN-2025
OPTIDX,FINNIFTY,27-Feb-2025,2025-02-27,23300.00,PE,0.00,0.00,0.00,480.15,468.75,0,0.00,0,0,06-JAN-2025
OPTIDX,FINNIFTY,30-Jan-2025,2025-01-30,23300.00,CE,733.00,784.00,467.90,502.05,502.05,3359,19988.5546,11675,8875,06-JAN-2025
OPTIDX,FINNIFTY,27-Mar-2025,2025-03-27,23300.00,PE,0.00,0.00,0.00,609.55,553.30,0,0.00,0,0,06-JAN-2025
OPTIDX,FINNIFTY,27-Feb-2025,2025-02-27,23300.00,CE,0.00,0.00,0.00,1647.15,709.60,0,0.00,0,0,06-JAN-2025
OPTIDX,FINNIFTY,27-Mar-2025,2025-03-27,23300.00,CE,0.00,0.00,0.00,1212.60,913.35,0,0.00,0,0,06-JAN-2025
OPTIDX,FINNIFTY,30-Jan-2025,2025-01-30,23300.00,PE,187.85,409.35,180.50,371.70,371.70,12594,74436.6141,24300,9550,06-JAN-2025
OPTIDX,FINNIFTY,30-Jan-2025,2025-01-30,26300.00,CE,7.95,9.80,5.35,6.85,6.85,1036,6813.54771,7575,3725,06-JAN-2025
OPTIDX,FINNIFTY,27-Feb-2025,2025-02-27,24700.00,CE,0.00,0.00,0.00,879.65,192.15,0,0.00,0,0,06-JAN-2025
OPTIDX,FINNIFTY,30-Jan-2025,2025-01-30,21000.00,CE,0.00,0.00,0.00,2925.00,2412.45,0,0.00,100,0,06-JAN-2025
OPTIDX,FINNIFTY,27-Mar-2025,2025-03-27,22200.00,CE,0.00,0.00,0.00,1950.95,1647.80,0,0.00,0,0,06-JAN-2025
OPTIDX,FINNIFTY,30-Jan-2025,2025-01-30,21300.00,PE,7.60,19.95,7.60,17.20,17.20,1149,6122.52262,7200,500,06-JAN-2025
OPTIDX,FINNIFTY,30-Jan-2025,2025-01-30,21300.00,CE,0.00,0.00,0.00,3505.40,2116.50,0,0.00,0,0,06-JAN-2025
OPTIDX,FINNIFTY,30-Jan-2025,2025-01-30,22250.00,PE,45.00,97.00,44.80,83.05,83.05,476,2656.86691,1875,300,06-JAN-2025
OPTIDX,FINNIFTY,30-Jan-2025,2025-01-30,23550.00,CE,571.05,602.05,348.50,377.10,377.10,5038,30174.3583,18200,12275,06-JAN-2025
OPTIDX,FINNIFTY,27-Feb-2025,2025-02-27,23000.00,CE,0.00,0.00,0.00,1852.00,885.90,0,0.00,0,0,06-JAN-2025
OPTIDX,FINNIFTY,30-Jan-2025,2025-01-30,24550.00,PE,0.00,0.00,0.00,801.80,1193.00,0,0.00,3375,0,06-JAN-2025
OPTIDX,FINNIFTY,30-Jan-2025,2025-01-30,25150.00,PE,0.00,0.00,0.00,1585.85,1741.15,0,0.00,0,0,06-JAN-2025
OPTIDX,FINNIFTY,30-Jan-2025,2025-01-30,23950.00,PE,270.00,765.40,270.00,737.40,737.40,717,4389.36631,9725,400,06-JAN-2025
OPTIDX,FINNIFTY,27-Mar-2025,2025-03-27,22400.00,PE,0.00,0.00,0.00,315.40,250.20,0,0.00,0,0,06-JAN-2025
OPTIDX,FINNIFTY,30-Jan-2025,2025-01-30,22400.00,PE,45.95,123.70,45.80,105.60,105.60,2301,12935.014,14600,-3425,06-JAN-2025
OPTIDX,FINNIFTY,30-Jan-2025,2025-01-30,22400.00,CE,0.00,0.00,0.00,2549.75,1091.40,0,0.00,0,0,06-JAN-2025
OPTIDX,FINNIFTY,27-Mar-2025,2025-03-27,24200.00,CE,0.00,0.00,0.00,761.15,499.35,0,0.00,0,0,06-JAN-2025
OPTSTK,COROMANDEL,27-Feb-2025,2025-02-27,2060.00,PE,0.00,0.00,0.00,222.65,139.65,0,0.00,0,0,06-JAN-2025
FUTSTK,GUJGASLTD,27-Feb-2025,2025-02-27,,,514.80,514.80,504.50,510.10,510.10,42,267.414375,192500,5000,06-JAN-2025
OPTSTK,COROMANDEL,30-Jan-2025,2025-01-30,1640.00,PE,5.00,5.00,5.00,5.00,0.20,2,11.515,1750,-350,06-JAN-2025
OPTSTK,COROMANDEL,27-Feb-2025,2025-02-27,1640.00,CE,0.00,0.00,0.00,196.55,316.45,0,0.00,0,0,06-JAN-2025
OPTSTK,COROMANDEL,27-Feb-2025,2025-02-27,1980.00,CE,0.00,0.00,0.00,53.60,65.80,0,0.00,0,0,06-JAN-2025
OPTSTK,GUJGASLTD,27-Feb-2025,2025-02-27,505.00,PE,0.00,0.00,0.00,25.35,18.60,0,0.00,0,0,06-JAN-2025
OPTSTK,GUJGASLTD,30-Jan-2025,2025-01-30,620.00,PE,0.00,0.00,0.00,120.00,108.35,0,0.00,53750,0,06-JAN-2025
OPTSTK,COROMANDEL,27-Feb-2025,2025-02-27,1960.00,CE,0.00,0.00,0.00,53.05,74.80,0,0.00,0,0,06-JAN-2025
OPTSTK,GUJGASLTD,27-Feb-2025,2025-02-27,565.00,PE,0.00,0.00,0.00,62.25,57.35,0,0.00,0,0,06-JAN-2025
OPTSTK,GUJGASLTD,27-Feb-2025,2025-02-27,540.00,PE,0.00,0.00,0.00,73.00,38.65,0,0.00,0,0,06-JAN-2025
OPTSTK,GUJGASLTD,30-Jan-2025,2025-01-30,540.00,PE,0.00,0.00,0.00,27.10,34.20,0,0.00,6250,0,06-JAN-2025
OPTSTK,COROMANDEL,30-Jan-2025,2025-01-30,1680.00,CE,0.00,0.00,0.00,115.85,266.25,0,0.00,0,0,06-JAN-2025
OPTSTK,GUJGASLTD,30-Jan-2025,2025-01-30,580.00,PE,0.00,0.00,0.00,69.15,69.30,0,0.00,0,0,06-JAN-2025
OPTSTK,COROMANDEL,30-Jan-2025,2025-01-30,2240.00,PE,0.00,0.00,0.00,536.40,292.80,0,0.00,0,0,06-JAN-2025
OPTSTK,COROMANDEL,30-Jan-2025,2025-01-30,2240.00,CE,3.10,3.25,3.10,3.25,0.90,3,23.5536,1050,350,06-JAN-2025
OPTSTK,COROMANDEL,27-Feb-2025,2025-02-27,2240.00,PE,0.00,0.00,0.00,455.85,288.40,0,0.00,0,0,06-JAN-2025
OPTSTK,GUJGASLTD,27-Feb-2025,2025-02-27,505.00,CE,0.00,0.00,0.00,35.70,27.40,0,0.00,0,0,06-JAN-2025
OPTSTK,GUJGASLTD,30-Jan-2025,2025-01-30,545.00,PE,0.00,0.00,0.00,43.05,38.15,0,0.00,0,0,06-JAN-2025
OPTSTK,GUJGASLTD,30-Jan-2025,2025-01-30,465.00,PE,2.45,3.00,2.30,2.60,2.60,212,1239.195,120000,40000,06-JAN-2025
OPTSTK,GUJGASLTD,30-Jan-2025,2025-01-30,565.00,CE,0.00,0.00,0.00,6.40,1.85,0,0.00,0,0,06-JAN-2025
OPTSTK,GUJGASLTD,27-Feb-2025,2025-02-27,430.00,CE,0.00,0.00,0.00,88.30,84.40,0,0.00,0,0,06-JAN-2025
OPTSTK,GUJGASLTD,30-Jan-2025,2025-01-30,525.00,PE,19.95,24.10,19.95,23.80,23.80,11,75.27625,25000,5000,06-JAN-2025
OPTSTK,GUJGASLTD,27-Feb-2025,2025-02-27,525.00,PE,0.00,0.00,0.00,35.75,29.05,0,0.00,0,0,06-JAN-2025
OPTSTK,GUJGASLTD,30-Jan-2025,2025-01-30,440.00,PE,0.75,1.00,0.75,0.95,0.95,43,237.01125,273750,3750,06-JAN-2025
OPTSTK,GUJGASLTD,27-Feb-2025,2025-02-27,510.00,PE,0.00,0.00,0.00,27.75,20.95,0,0.00,0,0,06-JAN-2025
OPTSTK,GUJGASLTD,27-Feb-2025,2025-02-27,510.00,CE,0.00,0.00,0.00,33.15,24.85,0,0.00,0,0,06-JAN-2025
OPTSTK,COROMANDEL,30-Jan-2025,2025-01-30,1960.00,CE,60.95,66.80,45.05,50.45,50.45,1059,7477.1263,84350,14700,06-JAN-2025
OPTSTK,GUJGASLTD,27-Feb-2025,2025-02-27,545.00,CE,0.00,0.00,0.00,18.95,11.35,0,0.00,0,0,06-JAN-2025
OPTSTK,GUJGASLTD,27-Feb-2025,2025-02-27,465.00,CE,0.00,0.00,0.00,60.55,54.10,0,0.00,0,0,06-JAN-2025
OPTSTK,COROMANDEL,30-Jan-2025,2025-01-30,2020.00,CE,34.85,38.15,24.20,28.70,28.70,108,775.01725,36050,-1400,06-JAN-2025
OPTSTK,COROMANDEL,27-Feb-2025,2025-02-27,2080.00,PE,0.00,0.00,0.00,315.80,154.15,0,0.00,0,0,06-JAN-2025
OPTSTK,COROMANDEL,27-Feb-2025,2025-02-27,2160.00,CE,0.00,0.00,0.00,18.90,16.70,0,0.00,0,0,06-JAN-2025
OPTIDX,MIDCPNIFTY,27-Feb-2025,2025-02-27,11825.00,CE,0.00,0.00,0.00,1139.30,1030.60,0,0.00,0,0,06-JAN-2025
OPTIDX,MIDCPNIFTY,30-Jan-2025,2025-01-30,11950.00,PE,28.75,56.80,22.60,51.00,51.00,168,1007.30942,1400,1250,06-JAN-2025
OPTIDX,MIDCPNIFTY,27-Feb-2025,2025-02-27,11950.00,CE,0.00,0.00,0.00,1049.10,923.90,0,0.00,0,0,06-JAN-2025
OPTIDX,MIDCPNIFTY,27-Feb-2025,2025-02-27,12275.00,PE,0.00,0.00,0.00,309.45,130.60,0,0.00,0,0,06-JAN-2025
OPTIDX,MIDCPNIFTY,27-Mar-2025,2025-03-27,12275.00,PE,0.00,0.00,0.00,185.80,179.10,0,0.00,0,0,06-JAN-2025
OPTIDX,MIDCPNIFTY,30-Jan-2025,2025-01-30,12275.00,CE,0.00,0.00,0.00,723.20,539.95,0,0.00,0,0,06-JAN-2025
OPTIDX,MIDCPNIFTY,30-Jan-2025,2025-01-30,12675.00,PE,106.45,265.00,106.45,242.85,242.85,7843,50574.3709,30250,17450,06-JAN-2025
OPTIDX,MIDCPNIFTY,27-Mar-2025,2025-03-27,12225.00,CE,0.00,0.00,0.00,1157.40,816.15,0,0.00,0,0,06-JAN-2025
OPTIDX,MIDCPNIFTY,27-Feb-2025,2025-02-27,13350.00,PE,0.00,0.00,0.00,859.80,671.60,0,0.00,0,0,06-JAN-2025
OPTIDX,MIDCPNIFTY,27-Mar-2025,2025-03-27,13350.00,PE,0.00,0.00,0.00,610.15,696.45,0,0.00,0,0,06-JAN-2025
OPTIDX,MIDCPNIFTY,27-Mar-2025,2025-03-27,13150.00,CE,0.00,0.00,0.00,582.70,308.80,0,0.00,0,0,06-JAN-2025
OPTIDX,MIDCPNIFTY,27-Feb-2025,2025-02-27,14000.00,PE,0.00,0.00,0.00,1334.75,1209.05,0,0.00,0,0,06-JAN-2025
OPTIDX,MIDCPNIFTY,27-Mar-2025,2025-03-27,14000.00,CE,0.00,0.00,0.00,261.55,92.75,0,0.00,0,0,06-JAN-2025
OPTIDX,MIDCPNIFTY,27-Mar-2025,2025-03-27,13250.00,CE,0.00,0.00,0.00,534.85,272.30,0,0.00,0,0,06-JAN-2025
OPTIDX,MIDCPNIFTY,27-Feb-2025,2025-02-27,13900.00,PE,0.00,0.00,0.00,1256.10,1119.75,0,0.00,0,0,06-JAN-2025
OPTIDX,MIDCPNIFTY,27-Feb-2025,2025-02-27,12175.00,PE,0.00,0.00,0.00,274.75,105.80,0,0.00,0,0,06-JAN-2025
OPTIDX,MIDCPNIFTY,30-Jan-2025,2025-01-30,12175.00,PE,44.00,98.25,42.65,84.95,84.95,720,4409.79297,14000,1550,06-JAN-2025
OPTIDX,MIDCPNIFTY,30-Jan-2025,2025-01-30,13700.00,CE,30.05,33.55,17.00,18.50,18.50,8903,61073.5862,119200,71400,06-JAN-2025
OPTIDX,MIDCPNIFTY,27-Feb-2025,2025-02-27,13700.00,CE,0.00,0.00,0.00,240.00,75.05,0,0.00,120,0,06-JAN-2025
OPTIDX,MIDCPNIFTY,30-Jan-2025,2025-01-30,11000.00,PE,3.95,6.90,3.75,6.10,6.10,3596,19787.5968,85800,13400,06-JAN-2025
OPTIDX,MIDCPNIFTY,27-Mar-2025,2025-03-27,13700.00,PE,0.00,0.00,0.00,817.65,949.00,0,0.00,0,0,06-JAN-2025
OPTIDX,MIDCPNIFTY,27-Mar-2025,2025-03-27,13700.00,CE,0.00,0.00,0.00,353.65,146.80,0,0.00,0,0,06-JAN-2025
OPTIDX,MIDCPNIFTY,27-Feb-2025,2025-02-27,11925.00,CE,0.00,0.00,0.00,1066.95,944.90,0,0.00,0,0,06-JAN-2025
OPTIDX,MIDCPNIFTY,27-Feb-2025,2025-02-27,11925.00,PE,0.00,0.00,0.00,200.45,59.15,0,0.00,0,0,06-JAN-2025
OPTIDX,MIDCPNIFTY,27-Feb-2025,2025-02-27,12800.00,PE,0.00,0.00,0.00,537.85,330.60,0,0.00,0,0,06-JAN-2025
OPTIDX,MIDCPNIFTY,27-Mar-2025,2025-03-27,12800.00,CE,0.00,0.00,0.00,772.30,464.30,0,0.00,0,0,06-JAN-2025
OPTIDX,MIDCPNIFTY,27-Feb-2025,2025-02-27,13175.00,PE,0.00,0.00,0.00,748.60,549.40,0,0.00,0,0,06-JAN-2025
OPTIDX,MIDCPNIFTY,27-Feb-2025,2025-02-27,12675.00,CE,0.00,0.00,0.00,606.35,414.65,0,0.00,0,0,06-JAN-2025
OPTIDX,MIDCPNIFTY,27-Feb-2025,2025-02-27,12375.00,PE,0.00,0.00,0.00,346.90,159.40,0,0.00,0,0,06-JAN-2025
OPTIDX,MIDCPNIFTY,30-Jan-2025,2025-01-30,12500.00,PE,77.00,192.00,61.00,175.80,175.80,31750,200679.621,358800,14050,06-JAN-2025
OPTIDX,MIDCPNIFTY,27-Mar-2025,2025-03-27,12500.00,PE,0.00,0.00,0.00,247.95,253.00,0,0.00,0,0,06-JAN-2025
OPTSTK,DMART,27-Feb-2025,2025-02-27,3600.00,PE,55.00,58.00,55.00,58.00,44.40,10,54.8565,4200,-900,06-JAN-2025
OPTSTK,TATACONSUM,30-Jan-2025,2025-01-30,860.00,CE,86.00,95.00,86.00,95.00,92.20,4,17.29608,19608,-912,06-JAN-2025
OPTSTK,TATACONSUM,27-Mar-2025,2025-03-27,860.00,CE,0.00,0.00,0.00,83.15,109.30,0,0.00,0,0,06-JAN-2025
OPTSTK,DMART,30-Jan-2025,2025-01-30,4050.00,PE,152.20,202.55,128.30,196.25,196.25,873,5511.27495,20250,3450,06-JAN-2025
OPTSTK,TATACONSUM,30-Jan-2025,2025-01-30,1080.00,CE,0.60,0.60,0.60,0.60,0.60,1,4.927536,5016,456,06-JAN-2025
OPTSTK,TATACONSUM,27-Feb-2025,2025-02-27,920.00,PE,0.00,0.00,0.00,36.25,20.15,0,0.00,0,0,06-JAN-2025
OPTSTK,TATACONSUM,30-Jan-2025,2025-01-30,820.00,PE,0.95,1.30,0.95,1.05,1.05,97,363.180744,105792,-13680,06-JAN-2025
OPTSTK,TATACONSUM,30-Jan-2025,2025-01-30,930.00,CE,30.00,40.20,23.25,34.15,34.15,2182,9551.39287,126312,-68400,06-JAN-2025
OPTSTK,DMART,30-Jan-2025,2025-01-30,3950.00,CE,200.00,212.90,137.05,149.60,149.60,688,4251.79125,39300,15300,06-JAN-2025
OPTSTK,DMART,27-Feb-2025,2025-02-27,3950.00,CE,0.00,0.00,0.00,63.75,187.80,0,0.00,0,0,06-JAN-2025
OPTSTK,TATACONSUM,27-Feb-2025,2025-02-27,780.00,CE,0.00,0.00,0.00,179.35,174.85,0,0.00,0,0,06-JAN-2025
OPTSTK,TATACONSUM,27-Feb-2025,2025-02-27,1000.00,PE,0.00,0.00,0.00,78.05,62.45,0,0.00,0,0,06-JAN-2025
OPTSTK,TATACONSUM,27-Mar-2025,2025-03-27,1000.00,CE,0.00,0.00,0.00,22.80,28.70,0,0.00,0,0,06-JAN-2025
OPTSTK,TATACONSUM,27-Feb-2025,2025-02-27,960.00,PE,0.00,0.00,0.00,54.90,37.90,0,0.00,0,0,06-JAN-2025
OPTSTK,TATACONSUM,30-Jan-2025,2025-01-30,820.00,CE,0.00,0.00,0.00,200.85,130.75,0,0.00,0,0,06-JAN-2025
OPTSTK,TATACONSUM,27-Feb-2025,2025-02-27,820.00,PE,0.00,0.00,0.00,8.95,1.85,0,0.00,0,0,06-JAN-2025
OPTSTK,TATACONSUM,27-Feb-2025,2025-02-27,760.00,PE,0.00,0.00,0.00,2.75,0.20,0,0.00,0,0,06-JAN-2025
OPTSTK,DMART,30-Jan-2025,2025-01-30,4100.00,PE,178.95,234.30,154.15,224.55,224.55,743,4777.82062,91800,-18450,06-JAN-2025
OPTSTK,DMART,30-Jan-2025,2025-01-30,4100.00,CE,124.00,134.95,78.75,84.95,84.95,3424,21596.1366,248850,-28200,06-JAN-2025
OPTSTK,DMART,30-Jan-2025,2025-01-30,4400.00,CE,41.35,46.25,26.20,28.65,28.65,1178,7836.17107,88500,10200,06-JAN-2025
OPTSTK,DMART,27-Feb-2025,2025-02-27,4400.00,PE,0.00,0.00,0.00,669.00,469.45,0,0.00,0,0,06-JAN-2025
OPTSTK,DMART,27-Feb-2025,2025-02-27,4400.00,CE,0.00,0.00,0.00,94.00,46.30,0,0.00,2550,0,06-JAN-2025
OPTSTK,TATACONSUM,27-Mar-2025,2025-03-27,940.00,CE,0.00,0.00,0.00,41.90,55.10,0,0.00,0,0,06-JAN-2025
OPTSTK,TATACONSUM,27-Mar-2025,2025-03-27,940.00,PE,0.00,0.00,0.00,63.95,34.40,0,0.00,0,0,06-JAN-2025
OPTSTK,TATACONSUM,27-Feb-2025,2025-02-27,940.00,CE,0.00,0.00,0.00,63.00,44.05,0,0.00,0,0,06-JAN-2025
OPTSTK,DMART,27-Mar-2025,2025-03-27,3000.00,PE,0.00,0.00,0.00,38.10,3.55,0,0.00,0,0,06-JAN-2025
OPTSTK,TATACONSUM,27-Feb-2025,2025-02-27,810.00,PE,0.00,0.00,0.00,8.55,1.35,0,0.00,0,0,06-JAN-2025
OPTSTK,DMART,27-Feb-2025,2025-02-27,4450.00,PE,0.00,0.00,0.00,893.75,511.25,0,0.00,0,0,06-JAN-2025
OPTSTK,DMART,27-Feb-2025,2025-02-27,4500.00,PE,0.00,0.00,0.00,753.05,554.20,0,0.00,0,0,06-JAN-2025
OPTSTK,DMART,27-Mar-2025,2025-03-27,4500.00,CE,0.00,0.00,0.00,100.00,63.60,0,0.00,600,0,06-JAN-2025
OPTSTK,DMART,30-Jan-2025,2025-01-30,3150.00,CE,0.00,0.00,0.00,353.00,798.80,0,0.00,150,0,06-JAN-2025
OPTSTK,TATACONSUM,30-Jan-2025,2025-01-30,960.00,PE,35.50,36.30,26.40,29.25,29.25,391,1765.82899,39216,22800,06-JAN-2025
OPTSTK,CGPOWER,30-Jan-2025,2025-01-30,740.00,CE,27.30,28.10,17.00,18.20,18.20,140,772.266737,135575,31175,06-JAN-2025
OPTSTK,IGL,27-Feb-2025,2025-02-27,400.00,PE,15.00,17.25,15.00,17.25,13.85,29,165.853187,59125,33000,06-JAN-2025
OPTSTK,CGPOWER,30-Jan-2025,2025-01-30,840.00,CE,3.95,3.95,2.35,2.35,1.40,5,30.56165,48575,0,06-JAN-2025
OPTSTK,CGPOWER,30-Jan-2025,2025-01-30,840.00,PE,0.00,0.00,0.00,104.70,123.35,0,0.00,0,0,06-JAN-2025
OPTSTK,CGPOWER,30-Jan-2025,2025-01-30,730.00,CE,32.65,32.65,20.45,21.95,21.95,50,273.829237,79025,3625,06-JAN-2025
OPTSTK,CGPOWER,27-Mar-2025,2025-03-27,740.00,CE,0.00,0.00,0.00,72.90,42.20,0,0.00,0,0,06-JAN-2025
OPTSTK,CGPOWER,30-Jan-2025,2025-01-30,740.00,PE,28.25,43.60,26.00,40.15,40.15,97,543.797125,107300,-10150,06-JAN-2025
OPTSTK,CGPOWER,27-Feb-2025,2025-02-27,740.00,CE,39.30,39.30,39.30,39.30,31.20,1,5.649925,2900,725,06-JAN-2025
OPTSTK,CGPOWER,27-Mar-2025,2025-03-27,740.00,PE,0.00,0.00,0.00,55.80,57.00,0,0.00,0,0,06-JAN-2025
OPTSTK,CGPOWER,27-Mar-2025,2025-03-27,760.00,PE,0.00,0.00,0.00,66.10,69.10,0,0.00,0,0,06-JAN-2025
OPTSTK,IGL,30-Jan-2025,2025-01-30,470.00,PE,52.70,52.90,52.70,52.80,48.25,4,28.755375,11000,2750,06-JAN-2025
OPTSTK,IGL,27-Feb-2025,2025-02-27,470.00,PE,0.00,0.00,0.00,83.10,53.05,0,0.00,0,0,06-JAN-2025
OPTSTK,IGL,27-Feb-2025,2025-02-27,500.00,CE,0.00,0.00,0.00,1.45,6.00,0,0.00,0,0,06-JAN-2025
OPTSTK,IGL,27-Mar-2025,2025-03-27,500.00,CE,0.00,0.00,0.00,9.95,11.05,0,0.00,0,0,06-JAN-2025
OPTSTK,IGL,27-Feb-2025,2025-02-27,370.00,CE,0.00,0.00,0.00,44.75,63.40,0,0.00,0,0,06-JAN-2025
OPTSTK,IGL,30-Jan-2025,2025-01-30,370.00,PE,1.00,2.45,1.00,2.15,2.15,520,2659.34143,987250,207625,06-JAN-2025
OPTSTK,IGL,27-Mar-2025,2025-03-27,370.00,PE,0.00,0.00,0.00,24.55,9.35,0,0.00,0,0,06-JAN-2025
OPTSTK,IGL,27-Feb-2025,2025-02-27,330.00,CE,0.00,0.00,0.00,72.00,98.45,0,0.00,0,0,06-JAN-2025
OPTSTK,IGL,27-Feb-2025,2025-02-27,330.00,PE,0.00,0.00,0.00,7.40,1.15,0,0.00,0,0,06-JAN-2025
OPTSTK,IGL,30-Jan-2025,2025-01-30,330.00,CE,0.00,0.00,0.00,71.10,95.70,0,0.00,2750,0,06-JAN-2025
OPTSTK,IGL,27-Feb-2025,2025-02-27,355.00,PE,0.00,0.00,0.00,14.10,3.35,0,0.00,0,0,06-JAN-2025
OPTSTK,IGL,30-Jan-2025,2025-01-30,495.00,PE,0.00,0.00,0.00,102.90,70.35,0,0.00,0,0,06-JAN-2025
OPTSTK,IGL,27-Feb-2025,2025-02-27,410.00,PE,0.00,0.00,0.00,39.80,17.70,0,0.00,0,0,06-JAN-2025
OPTSTK,IGL,27-Mar-2025,2025-03-27,410.00,PE,0.00,0.00,0.00,44.80,22.80,0,0.00,0,0,06-JAN-2025
OPTSTK,CGPOWER,27-Feb-2025,2025-02-27,740.00,PE,0.00,0.00,0.00,35.20,49.85,0,0.00,725,0,06-JAN-2025
OPTSTK,IGL,27-Mar-2025,2025-03-27,400.00,CE,0.00,0.00,0.00,36.85,48.75,0,0.00,0,0,06-JAN-2025
OPTSTK,CGPOWER,27-Feb-2025,2025-02-27,760.00,PE,0.00,0.00,0.00,63.30,62.45,0,0.00,0,0,06-JAN-2025
OPTSTK,IGL,30-Jan-2025,2025-01-30,405.00,CE,27.85,28.30,19.65,22.55,22.55,187,1100.08868,319000,-12375,06-JAN-2025
OPTSTK,IGL,27-Feb-2025,2025-02-27,430.00,CE,0.00,0.00,0.00,18.65,25.50,0,0.00,0,0,06-JAN-2025
OPTSTK,CGPOWER,27-Feb-2025,2025-02-27,650.00,CE,0.00,0.00,0.00,116.75,82.75,0,0.00,0,0,06-JAN-2025
OPTSTK,IGL,27-Feb-2025,2025-02-27,430.00,PE,0.00,0.00,0.00,52.75,27.25,0,0.00,0,0,06-JAN-2025
OPTSTK,CGPOWER,27-Feb-2025,2025-02-27,860.00,PE,0.00,0.00,0.00,125.95,142.65,0,0.00,0,0,06-JAN-2025
OPTSTK,CGPOWER,27-Feb-2025,2025-02-27,860.00,CE,0.00,0.00,0.00,33.90,5.15,0,0.00,0,0,06-JAN-2025
OPTSTK,METROPOLIS,27-Feb-2025,2025-02-27,1680.00,CE,0.00,0.00,0.00,502.40,377.95,0,0.00,0,0,06-JAN-2025
OPTSTK,METROPOLIS,30-Jan-2025,2025-01-30,2060.00,CE,31.45,88.00,31.00,82.45,82.45,1721,14703.1144,62000,39600,06-JAN-2025
FUTSTK,CANBK,30-Jan-2025,2025-01-30,,,102.06,102.14,97.13,97.69,97.69,9423,62696.5582,267981750,1890000,06-JAN-2025
OPTSTK,CANBK,30-Jan-2025,2025-01-30,118.00,CE,0.15,0.15,0.10,0.10,0.05,5,39.868875,297000,-6750,06-JAN-2025
OPTSTK,CANBK,27-Feb-2025,2025-02-27,106.00,PE,0.00,0.00,0.00,9.40,9.85,0,0.00,0,0,06-JAN-2025
OPTSTK,CANBK,30-Jan-2025,2025-01-30,106.00,CE,1.20,1.40,0.75,0.80,0.80,690,4979.31637,3894750,391500,06-JAN-2025
OPTSTK,CANBK,27-Feb-2025,2025-02-27,104.00,PE,0.00,0.00,0.00,8.30,8.40,0,0.00,0,0,06-JAN-2025
OPTSTK,CANBK,27-Feb-2025,2025-02-27,105.00,CE,2.80,2.95,2.30,2.40,2.40,23,166.9005,141750,40500,06-JAN-2025
OPTSTK,CANBK,30-Jan-2025,2025-01-30,105.00,PE,5.50,8.55,5.50,8.20,8.20,143,1083.12525,4137750,-128250,06-JAN-2025
OPTSTK,CANBK,30-Jan-2025,2025-01-30,105.00,CE,2.00,2.00,0.90,1.00,1.00,3124,22381.5656,16341750,600750,06-JAN-2025
OPTSTK,METROPOLIS,27-Feb-2025,2025-02-27,1800.00,CE,0.00,0.00,0.00,399.85,268.60,0,0.00,0,0,06-JAN-2025
OPTSTK,CANBK,27-Feb-2025,2025-02-27,96.00,PE,0.00,0.00,0.00,2.15,3.85,0,0.00,13500,0,06-JAN-2025
OPTSTK,CANBK,27-Mar-2025,2025-03-27,96.00,PE,0.00,0.00,0.00,5.20,4.80,0,0.00,0,0,06-JAN-2025
OPTSTK,CANBK,27-Mar-2025,2025-03-27,98.00,CE,0.00,0.00,0.00,10.80,6.55,0,0.00,0,0,06-JAN-2025
OPTSTK,METROPOLIS,27-Feb-2025,2025-02-27,2140.00,PE,0.00,0.00,0.00,171.25,139.80,0,0.00,0,0,06-JAN-2025
OPTSTK,CANBK,27-Mar-2025,2025-03-27,90.00,PE,0.00,0.00,0.00,3.10,2.50,0,0.00,0,0,06-JAN-2025
OPTSTK,CANBK,27-Feb-2025,2025-02-27,90.00,CE,9.60,9.90,9.60,9.90,9.95,2,13.46625,20250,13500,06-JAN-2025
OPTSTK,METROPOLIS,27-Feb-2025,2025-02-27,1880.00,PE,0.00,0.00,0.00,43.55,26.55,0,0.00,0,0,06-JAN-2025
OPTSTK,CANBK,30-Jan-2025,2025-01-30,101.00,PE,3.25,5.60,2.85,5.35,5.35,542,3856.60575,3786750,-47250,06-JAN-2025
OPTSTK,CANBK,27-Feb-2025,2025-02-27,112.00,CE,0.00,0.00,0.00,5.90,1.05,0,0.00,0,0,06-JAN-2025
OPTSTK,CANBK,27-Mar-2025,2025-03-27,112.00,CE,0.00,0.00,0.00,5.00,2.00,0,0.00,0,0,06-JAN-2025
OPTSTK,CANBK,27-Mar-2025,2025-03-27,112.00,PE,0.00,0.00,0.00,13.95,15.00,0,0.00,0,0,06-JAN-2025
OPTSTK,CANBK,27-Feb-2025,2025-02-27,100.00,CE,5.30,5.30,3.95,4.15,4.15,70,493.55325,371250,249750,06-JAN-2025
OPTSTK,CANBK,30-Jan-2025,2025-01-30,100.00,CE,4.25,4.30,2.20,2.40,2.40,3710,25720.4598,11873250,3813750,06-JAN-2025
OPTSTK,CANBK,30-Jan-2025,2025-01-30,96.00,CE,6.35,6.35,4.10,4.35,4.35,47,320.9085,398250,182250,06-JAN-2025
OPTSTK,CANBK,27-Feb-2025,2025-02-27,98.00,CE,0.00,0.00,0.00,12.20,5.10,0,0.00,0,0,06-JAN-2025
OPTSTK,METROPOLIS,27-Feb-2025,2025-02-27,2060.00,PE,0.00,0.00,0.00,124.85,92.95,0,0.00,0,0,06-JAN-2025
OPTSTK,CANBK,27-Mar-2025,2025-03-27,94.00,PE,0.00,0.00,0.00,4.40,3.95,0,0.00,0,0,06-JAN-2025
OPTSTK,CANBK,30-Jan-2025,2025-01-30,94.00,CE,7.90,7.90,6.00,6.00,5.50,8,54.516375,141750,0,06-JAN-2025
OPTSTK,CANBK,30-Jan-2025,2025-01-30,94.00,PE,1.25,2.10,0.90,1.95,1.95,433,2796.92325,2011500,256500,06-JAN-2025
OPTSTK,CANBK,30-Jan-2025,2025-01-30,126.00,CE,0.10,0.10,0.10,0.10,0.05,12,102.141,195750,81000,06-JAN-2025
OPTSTK,CANBK,27-Feb-2025,2025-02-27,88.00,PE,0.00,0.00,0.00,2.35,1.25,0,0.00,0,0,06-JAN-2025
OPTSTK,PEL,30-Jan-2025,2025-01-30,880.00,CE,0.00,0.00,0.00,219.10,172.20,0,0.00,0,0,06-JAN-2025
OPTSTK,SBILIFE,27-Feb-2025,2025-02-27,1460.00,CE,0.00,0.00,0.00,52.70,46.15,0,0.00,0,0,06-JAN-2025
OPTSTK,SBILIFE,27-Mar-2025,2025-03-27,1440.00,CE,0.00,0.00,0.00,78.15,71.65,0,0.00,0,0,06-JAN-2025
OPTSTK,PEL,27-Mar-2025,2025-03-27,880.00,CE,0.00,0.00,0.00,250.75,192.50,0,0.00,0,0,06-JAN-2025
OPTSTK,PEL,30-Jan-2025,2025-01-30,880.00,PE,2.05,3.45,2.05,3.05,3.05,9,59.603625,5250,5250,06-JAN-2025
OPTSTK,SBILIFE,27-Mar-2025,2025-03-27,1320.00,CE,0.00,0.00,0.00,146.45,149.90,0,0.00,0,0,06-JAN-2025
OPTSTK,PEL,27-Feb-2025,2025-02-27,1320.00,CE,0.00,0.00,0.00,64.20,4.35,0,0.00,0,0,06-JAN-2025
OPTSTK,SBILIFE,27-Feb-2025,2025-02-27,1320.00,PE,0.00,0.00,0.00,30.60,9.65,0,0.00,0,0,06-JAN-2025
OPTSTK,SBILIFE,30-Jan-2025,2025-01-30,1200.00,PE,0.40,0.95,0.30,0.85,0.85,94,423.248062,186000,-4875,06-JAN-2025
OPTSTK,PEL,30-Jan-2025,2025-01-30,1200.00,CE,8.70,8.70,4.40,4.90,4.90,1160,10490.7551,645750,114000,06-JAN-2025
OPTSTK,MARUTI,27-Mar-2025,2025-03-27,9600.00,CE,0.00,0.00,0.00,1555.00,2304.85,0,0.00,0,0,06-JAN-2025
OPTSTK,SUNTV,30-Jan-2025,2025-01-30,740.00,CE,3.05,3.25,2.05,2.30,2.30,122,679.236,19500,-7500,06-JAN-2025
OPTSTK,MARUTI,30-Jan-2025,2025-01-30,11000.00,PE,35.25,48.00,28.55,43.35,43.35,10757,59374.5713,230550,-72400,06-JAN-2025
OPTSTK,MARUTI,27-Feb-2025,2025-02-27,11000.00,CE,1100.00,1100.00,1090.05,1090.05,960.30,2,12.095025,950,50,06-JAN-2025
OPTSTK,MARUTI,27-Mar-2025,2025-03-27,11000.00,CE,0.00,0.00,0.00,606.05,1070.40,0,0.00,0,0,06-JAN-2025
OPTSTK,MARUTI,30-Jan-2025,2025-01-30,11000.00,CE,1026.95,1026.95,796.20,831.55,831.55,115,682.0638,102100,-2600,06-JAN-2025
OPTSTK,MARUTI,27-Feb-2025,2025-02-27,12900.00,PE,0.00,0.00,0.00,1883.20,1113.25,0,0.00,0,0,06-JAN-2025
OPTSTK,MARUTI,30-Jan-2025,2025-01-30,12900.00,PE,0.00,0.00,0.00,1839.00,1107.45,0,0.00,0,0,06-JAN-2025
OPTSTK,MARUTI,27-Feb-2025,2025-02-27,12800.00,CE,135.00,135.00,105.00,105.00,108.65,14,90.469175,2850,600,06-JAN-2025
OPTSTK,MARUTI,27-Mar-2025,2025-03-27,12800.00,PE,0.00,0.00,0.00,1774.80,1053.55,0,0.00,0,0,06-JAN-2025
OPTSTK,MARUTI,30-Jan-2025,2025-01-30,12800.00,CE,36.80,42.95,18.85,22.90,22.90,4435,28440.0145,79950,2800,06-JAN-2025
OPTSTK,SUNTV,27-Feb-2025,2025-02-27,610.00,CE,0.00,0.00,0.00,72.05,71.25,0,0.00,750,0,06-JAN-2025
OPTSTK,SUNTV,30-Jan-2025,2025-01-30,730.00,PE,0.00,0.00,0.00,52.00,61.65,0,0.00,3000,0,06-JAN-2025
OPTSTK,SUNTV,27-Feb-2025,2025-02-27,730.00,CE,0.00,0.00,0.00,26.15,10.80,0,0.00,0,0,06-JAN-2025
OPTSTK,SUNTV,27-Feb-2025,2025-02-27,710.00,CE,0.00,0.00,0.00,33.60,16.00,0,0.00,0,0,06-JAN-2025
OPTSTK,MARUTI,27-Feb-2025,2025-02-27,13200.00,CE,0.00,0.00,0.00,75.55,54.80,0,0.00,0,0,06-JAN-2025
OPTSTK,MARUTI,27-Mar-2025,2025-03-27,13200.00,CE,0.00,0.00,0.00,63.20,119.90,0,0.00,0,0,06-JAN-2025
OPTSTK,MARUTI,27-Mar-2025,2025-03-27,13200.00,PE,0.00,0.00,0.00,2128.80,1370.60,0,0.00,0,0,06-JAN-2025
OPTSTK,MARUTI,27-Feb-2025,2025-02-27,13200.00,PE,0.00,0.00,0.00,2087.60,1373.00,0,0.00,0,0,06-JAN-2025
OPTSTK,MARUTI,27-Feb-2025,2025-02-27,12800.00,PE,0.00,0.00,0.00,1738.30,1030.70,0,0.00,0,0,06-JAN-2025
OPTSTK,MARUTI,30-Jan-2025,2025-01-30,12500.00,CE,74.85,83.30,38.80,44.90,44.90,13463,84501.2102,155100,18750,06-JAN-2025
OPTSTK,MARUTI,27-Feb-2025,2025-02-27,12500.00,CE,175.00,175.00,170.00,170.00,173.00,2,12.6725,100,100,06-JAN-2025
OPTSTK,MARUTI,27-Feb-2025,2025-02-27,10200.00,CE,0.00,0.00,0.00,1140.65,1667.45,0,0.00,0,0,06-JAN-2025
OPTSTK,MARUTI,27-Mar-2025,2025-03-27,10200.00,PE,0.00,0.00,0.00,208.25,35.80,0,0.00,0,0,06-JAN-2025
OPTSTK,MARUTI,30-Jan-2025,2025-01-30,10200.00,CE,0.00,0.00,0.00,1246.85,1601.85,0,0.00,0,0,06-JAN-2025
OPTSTK,MARUTI,27-Mar-2025,2025-03-27,9600.00,PE,0.00,0.00,0.00,85.60,8.40,0,0.00,0,0,06-JAN-2025
OPTSTK,MARUTI,27-Feb-2025,2025-02-27,12100.00,CE,0.00,0.00,0.00,132.35,301.45,0,0.00,0,0,06-JAN-2025
OPTSTK,SUNTV,27-Feb-2025,2025-02-27,650.00,CE,0.00,0.00,0.00,65.05,43.00,0,0.00,0,0,06-JAN-2025
OPTSTK,MARUTI,27-Mar-2025,2025-03-27,9200.00,CE,0.00,0.00,0.00,1903.85,2693.15,0,0.00,0,0,06-JAN-2025
OPTSTK,MARUTI,30-Jan-2025,2025-01-30,9200.00,PE,3.00,3.05,2.60,3.00,3.00,45,207.0664,22650,-250,06-JAN-2025
OPTSTK,MARUTI,30-Jan-2025,2025-01-30,10100.00,PE,9.00,13.10,5.50,10.10,10.10,287,1450.70125,10300,-3200,06-JAN-2025
OPTSTK,MARUTI,27-Feb-2025,2025-02-27,10100.00,CE,0.00,0.00,0.00,1051.30,1762.80,0,0.00,0,0,06-JAN-2025
OPTSTK,SONACOMS,27-Mar-2025,2025-03-27,680.00,PE,0.00,0.00,0.00,96.30,98.10,0,0.00,0,0,06-JAN-2025
OPTSTK,ALKEM,27-Feb-2025,2025-02-27,5050.00,PE,0.00,0.00,0.00,98.25,35.00,0,0.00,0,0,06-JAN-2025
OPTSTK,SONACOMS,27-Feb-2025,2025-02-27,550.00,PE,0.00,0.00,0.00,18.10,13.60,0,0.00,0,0,06-JAN-2025
OPTSTK,SONACOMS,30-Jan-2025,2025-01-30,550.00,PE,8.65,11.50,8.65,11.50,6.85,20,86.6934375,65875,775,06-JAN-2025
OPTSTK,ALKEM,30-Jan-2025,2025-01-30,5550.00,PE,178.10,180.50,157.30,167.95,138.15,88,503.8732,17300,-1700,06-JAN-2025
OPTSTK,SONACOMS,27-Mar-2025,2025-03-27,520.00,CE,0.00,0.00,0.00,97.75,79.25,0,0.00,0,0,06-JAN-2025
OPTSTK,ALKEM,27-Feb-2025,2025-02-27,6400.00,CE,0.00,0.00,0.00,81.75,16.90,0,0.00,0,0,06-JAN-2025
OPTSTK,SONACOMS,27-Mar-2025,2025-03-27,620.00,PE,0.00,0.00,0.00,56.50,53.60,0,0.00,0,0,06-JAN-2025
OPTSTK,SONACOMS,27-Feb-2025,2025-02-27,560.00,PE,0.00,0.00,0.00,12.20,17.05,0,0.00,0,0,06-JAN-2025
OPTSTK,ALKEM,27-Mar-2025,2025-03-27,4600.00,CE,0.00,0.00,0.00,931.55,1004.40,0,0.00,0,0,06-JAN-2025
OPTSTK,ALKEM,27-Feb-2025,2025-02-27,5000.00,PE,0.00,0.00,0.00,45.00,28.10,0,0.00,200,0,06-JAN-2025
OPTSTK,ALKEM,30-Jan-2025,2025-01-30,5000.00,CE,525.00,525.00,525.00,525.00,555.75,1,5.525,2400,100,06-JAN-2025
OPTSTK,ALKEM,30-Jan-2025,2025-01-30,5800.00,PE,0.00,0.00,0.00,244.70,298.65,0,0.00,100,0,06-JAN-2025
OPTSTK,ALKEM,27-Mar-2025,2025-03-27,5800.00,PE,0.00,0.00,0.00,490.95,362.55,0,0.00,0,0,06-JAN-2025
OPTSTK,SONACOMS,27-Feb-2025,2025-02-27,620.00,CE,0.00,0.00,0.00,85.10,16.50,0,0.00,0,0,06-JAN-2025
OPTSTK,ALKEM,30-Jan-2025,2025-01-30,4600.00,CE,0.00,0.00,0.00,885.00,947.45,0,0.00,100,0,06-JAN-2025
OPTSTK,SONACOMS,30-Jan-2025,2025-01-30,590.00,PE,16.40,23.20,16.40,23.20,23.00,5,23.6809,13950,-775,06-JAN-2025
OPTSTK,ALKEM,30-Jan-2025,2025-01-30,5500.00,PE,130.05,157.00,115.00,140.65,140.65,669,3772.9228,41700,1600,06-JAN-2025
OPTSTK,SONACOMS,27-Feb-2025,2025-02-27,540.00,PE,0.00,0.00,0.00,8.60,10.65,0,0.00,0,0,06-JAN-2025
OPTSTK,SONACOMS,27-Mar-2025,2025-03-27,540.00,CE,0.00,0.00,0.00,83.80,64.85,0,0.00,0,0,06-JAN-2025
OPTSTK,SONACOMS,30-Jan-2025,2025-01-30,610.00,CE,15.90,16.55,12.20,12.75,12.75,108,522.261262,49600,-28675,06-JAN-2025
OPTSTK,ALKEM,27-Feb-2025,2025-02-27,6050.00,PE,0.00,0.00,0.00,648.90,521.60,0,0.00,0,0,06-JAN-2025
OPTSTK,ALKEM,30-Jan-2025,2025-01-30,6050.00,CE,0.00,0.00,0.00,27.90,14.40,0,0.00,9700,0,06-JAN-2025
OPTSTK,ALKEM,27-Feb-2025,2025-02-27,6050.00,CE,0.00,0.00,0.00,83.35,56.45,0,0.00,0,0,06-JAN-2025
OPTSTK,ALKEM,30-Jan-2025,2025-01-30,6050.00,PE,0.00,0.00,0.00,632.20,510.65,0,0.00,0,0,06-JAN-2025
OPTSTK,SONACOMS,27-Mar-2025,2025-03-27,580.00,CE,0.00,0.00,0.00,59.90,41.15,0,0.00,0,0,06-JAN-2025
OPTSTK,SONACOMS,30-Jan-2025,2025-01-30,580.00,CE,30.50,30.55,24.50,25.30,25.30,26,122.308175,10075,2325,06-JAN-2025
OPTSTK,SONACOMS,27-Feb-2025,2025-02-27,500.00,PE,0.00,0.00,0.00,3.80,3.25,0,0.00,0,0,06-JAN-2025
OPTSTK,SONACOMS,30-Jan-2025,2025-01-30,500.00,PE,0.00,0.00,0.00,1.70,0.65,0,0.00,0,0,06-JAN-2025
OPTSTK,SONACOMS,27-Mar-2025,2025-03-27,540.00,PE,0.00,0.00,0.00,20.50,15.40,0,0.00,0,0,06-JAN-2025
OPTSTK,ALKEM,30-Jan-2025,2025-01-30,6400.00,PE,0.00,0.00,0.00,671.95,846.25,0,0.00,0,0,06-JAN-2025
OPTSTK,SONACOMS,27-Feb-2025,2025-02-27,620.00,PE,0.00,0.00,0.00,29.20,49.05,0,0.00,0,0,06-JAN-2025
OPTSTK,TATASTEEL,27-Feb-2025,2025-02-27,148.00,CE,0.00,0.00,0.00,5.45,1.30,0,0.00,0,0,06-JAN-2025
OPTSTK,TATASTEEL,27-Feb-2025,2025-02-27,152.00,PE,0.00,0.00,0.00,13.90,19.15,0,0.00,0,0,06-JAN-2025
OPTSTK,TATASTEEL,30-Jan-2025,2025-01-30,152.00,PE,0.00,0.00,0.00,12.05,19.25,0,0.00,11000,0,06-JAN-2025
OPTSTK,BAJAJFINSV,27-Feb-2025,2025-02-27,1500.00,PE,8.40,10.50,8.40,10.50,5.95,3,22.6415,50000,0,06-JAN-2025
OPTSTK,BAJAJFINSV,30-Jan-2025,2025-01-30,1500.00,CE,0.00,0.00,0.00,215.95,192.30,0,0.00,40000,0,06-JAN-2025
OPTSTK,TATASTEEL,27-Feb-2025,2025-02-27,155.00,CE,1.20,1.20,0.80,0.80,0.80,78,668.932,506000,154000,06-JAN-2025
OPTSTK,TATASTEEL,30-Jan-2025,2025-01-30,155.00,CE,0.35,0.35,0.20,0.25,0.25,1937,16539.9547,7485500,-16500,06-JAN-2025
OPTSTK,BAJAJFINSV,30-Jan-2025,2025-01-30,1840.00,PE,140.15,152.55,140.15,151.85,152.00,6,59.642,10500,1000,06-JAN-2025
OPTSTK,BAJAJFINSV,27-Mar-2025,2025-03-27,1840.00,CE,39.00,39.00,35.00,35.00,35.00,2,18.77,0,0,06-JAN-2025
OPTSTK,BAJAJFINSV,27-Feb-2025,2025-02-27,1440.00,PE,0.00,0.00,0.00,27.85,2.10,0,0.00,0,0,06-JAN-2025
OPTSTK,BAJAJFINSV,27-Mar-2025,2025-03-27,1440.00,PE,0.00,0.00,0.00,29.95,5.30,0,0.00,0,0,06-JAN-2025
OPTSTK,TATASTEEL,30-Jan-2025,2025-01-30,142.50,PE,6.25,11.25,6.10,10.70,10.70,297,2467.29725,3448500,104500,06-JAN-2025
OPTSTK,TATASTEEL,27-Mar-2025,2025-03-27,138.00,PE,0.00,0.00,0.00,7.05,9.15,0,0.00,0,0,06-JAN-2025
OPTSTK,BAJAJFINSV,27-Mar-2025,2025-03-27,1400.00,CE,0.00,0.00,0.00,205.30,308.10,0,0.00,0,0,06-JAN-2025
OPTSTK,TATASTEEL,27-Feb-2025,2025-02-27,154.00,CE,0.00,0.00,0.00,3.65,0.65,0,0.00,0,0,06-JAN-2025
OPTSTK,TATASTEEL,30-Jan-2025,2025-01-30,154.00,CE,0.45,0.45,0.25,0.25,0.25,145,1230.416,979000,-170500,06-JAN-2025
OPTSTK,TATASTEEL,27-Feb-2025,2025-02-27,154.00,PE,0.00,0.00,0.00,15.35,20.95,0,0.00,0,0,06-JAN-2025
OPTSTK,TATASTEEL,30-Jan-2025,2025-01-30,154.00,PE,0.00,0.00,0.00,14.35,21.20,0,0.00,0,0,06-JAN-2025
OPTSTK,TATASTEEL,27-Mar-2025,2025-03-27,136.00,CE,0.00,0.00,0.00,13.05,6.15,0,0.00,0,0,06-JAN-2025
OPTSTK,TATASTEEL,30-Jan-2025,2025-01-30,136.00,PE,2.80,6.35,2.75,5.85,5.85,1360,10537.9312,1776500,445500,06-JAN-2025
OPTSTK,TATASTEEL,27-Feb-2025,2025-02-27,136.00,PE,0.00,0.00,0.00,5.05,7.05,0,0.00,0,0,06-JAN-2025
OPTSTK,TATASTEEL,30-Jan-2025,2025-01-30,133.00,PE,1.70,4.55,1.70,4.10,4.10,1882,14144.7817,1408000,539000,06-JAN-2025
FUTSTK,TATASTEEL,30-Jan-2025,2025-01-30,,,139.05,139.05,132.01,132.70,132.70,12655,93439.588,231033000,1908500,06-JAN-2025
OPTSTK,BAJAJFINSV,30-Jan-2025,2025-01-30,1880.00,PE,157.60,157.60,157.60,157.60,189.30,1,10.188,3500,0,06-JAN-2025
OPTSTK,BAJAJFINSV,27-Feb-2025,2025-02-27,1620.00,PE,28.35,28.35,28.35,28.35,29.05,1,8.24175,1000,0,06-JAN-2025
OPTSTK,BAJAJFINSV,30-Jan-2025,2025-01-30,1620.00,PE,8.00,15.85,7.85,13.35,13.35,1869,15247.4087,504000,1000,06-JAN-2025
OPTSTK,TATASTEEL,27-Feb-2025,2025-02-27,140.00,CE,5.25,5.25,3.15,3.40,3.40,273,2159.52275,852500,412500,06-JAN-2025
OPTSTK,TATASTEEL,30-Jan-2025,2025-01-30,123.00,CE,0.00,0.00,0.00,18.85,10.45,0,0.00,0,0,06-JAN-2025
OPTSTK,TATASTEEL,30-Jan-2025,2025-01-30,149.00,PE,0.00,0.00,0.00,9.65,16.40,0,0.00,181500,0,06-JAN-2025
OPTSTK,TATASTEEL,30-Jan-2025,2025-01-30,149.00,CE,0.90,0.90,0.35,0.40,0.25,255,2097.546,792000,11000,06-JAN-2025
OPTSTK,BAJAJFINSV,30-Jan-2025,2025-01-30,1460.00,PE,1.20,2.00,1.20,1.70,1.70,76,555.40175,123000,500,06-JAN-2025
OPTSTK,ACC,27-Feb-2025,2025-02-27,1900.00,PE,0.00,0.00,0.00,46.00,49.00,0,0.00,0,0,06-JAN-2025
OPTSTK,ADANIPORTS,27-Feb-2025,2025-02-27,1100.00,CE,0.00,0.00,0.00,196.25,114.40,0,0.00,0,0,06-JAN-2025
OPTSTK,ACC,30-Jan-2025,2025-01-30,1860.00,CE,0.00,0.00,0.00,374.15,149.00,0,0.00,0,0,06-JAN-2025
OPTSTK,ADANIPORTS,30-Jan-2025,2025-01-30,920.00,PE,0.80,1.75,0.70,1.60,1.60,82,302.1784,97600,-4800,06-JAN-2025
OPTSTK,ADANIPORTS,30-Jan-2025,2025-01-30,1080.00,PE,6.25,11.70,5.95,11.15,11.15,832,3622.1736,177200,34000,06-JAN-2025
OPTSTK,ADANIPORTS,30-Jan-2025,2025-01-30,1080.00,CE,104.70,104.95,101.90,101.90,101.90,10,47.3734,3600,3600,06-JAN-2025
OPTSTK,ADANIPORTS,30-Jan-2025,2025-01-30,1140.00,PE,15.00,28.00,14.00,26.30,26.30,1095,5084.5616,204000,32400,06-JAN-2025
OPTSTK,ACC,27-Feb-2025,2025-02-27,2320.00,CE,0.00,0.00,0.00,130.10,13.00,0,0.00,0,0,06-JAN-2025
OPTSTK,ACC,30-Jan-2025,2025-01-30,2020.00,CE,70.40,72.30,44.45,48.35,48.35,598,3725.3028,33600,22200,06-JAN-2025
OPTSTK,ADANIPORTS,27-Feb-2025,2025-02-27,1220.00,PE,0.00,0.00,0.00,84.40,100.25,0,0.00,0,0,06-JAN-2025
OPTSTK,ADANIPORTS,27-Feb-2025,2025-02-27,1340.00,PE,0.00,0.00,0.00,152.00,186.85,0,0.00,0,0,06-JAN-2025
OPTSTK,ADANIPORTS,30-Jan-2025,2025-01-30,1040.00,CE,0.00,0.00,0.00,369.60,136.30,0,0.00,0,0,06-JAN-2025
OPTSTK,ADANIPORTS,30-Jan-2025,2025-01-30,1240.00,CE,24.00,24.50,14.60,15.30,15.30,2813,14153.619,1170400,19200,06-JAN-2025
OPTSTK,ADANIPORTS,30-Jan-2025,2025-01-30,1240.00,PE,61.50,88.70,56.45,86.35,86.35,218,1145.37,500400,-6400,06-JAN-2025
OPTSTK,ACC,27-Feb-2025,2025-02-27,2180.00,CE,0.00,0.00,0.00,102.70,34.10,0,0.00,0,0,06-JAN-2025
OPTSTK,ACC,30-Jan-2025,2025-01-30,2340.00,CE,2.70,3.05,2.00,2.00,1.45,33,231.891,21600,-8100,06-JAN-2025
OPTSTK,ADANIPORTS,27-Feb-2025,2025-02-27,1160.00,CE,0.00,0.00,0.00,133.90,80.90,0,0.00,0,0,06-JAN-2025
OPTSTK,ADANIPORTS,27-Mar-2025,2025-03-27,1160.00,PE,0.00,0.00,0.00,74.90,81.30,0,0.00,0,0,06-JAN-2025
OPTSTK,ADANIPORTS,30-Jan-2025,2025-01-30,1340.00,CE,6.00,6.05,3.90,4.30,4.30,1622,8723.5488,400800,-44400,06-JAN-2025
OPTSTK,ACC,30-Jan-2025,2025-01-30,1900.00,PE,13.00,28.90,12.50,26.45,26.45,683,3938.5737,105000,23100,06-JAN-2025
OPTSTK,ACC,30-Jan-2025,2025-01-30,2000.00,PE,35.85,68.00,34.25,63.25,63.25,1578,9722.05005,133200,-43200,06-JAN-2025
OPTSTK,ACC,27-Feb-2025,2025-02-27,2160.00,PE,0.00,0.00,0.00,133.60,193.90,0,0.00,0,0,06-JAN-2025
OPTSTK,ADANIPORTS,30-Jan-2025,2025-01-30,1000.00,PE,2.85,4.60,2.45,4.35,4.35,1668,6694.7418,334400,87600,06-JAN-2025
OPTSTK,ACC,27-Feb-2025,2025-02-27,2260.00,CE,0.00,0.00,0.00,75.15,20.00,0,0.00,0,0,06-JAN-2025
OPTSTK,ACC,30-Jan-2025,2025-01-30,2240.00,PE,0.00,0.00,0.00,174.55,251.45,0,0.00,300,0,06-JAN-2025
OPTSTK,ACC,30-Jan-2025,2025-01-30,1900.00,CE,150.00,160.00,133.00,133.00,119.00,11,67.6083,2100,1800,06-JAN-2025
OPTSTK,ADANIPORTS,27-Mar-2025,2025-03-27,1240.00,CE,0.00,0.00,0.00,137.75,67.60,0,0.00,0,0,06-JAN-2025
OPTSTK,ADANIPORTS,27-Feb-2025,2025-02-27,1080.00,PE,0.00,0.00,0.00,69.25,33.90,0,0.00,0,0,06-JAN-2025
OPTSTK,ADANIPORTS,30-Jan-2025,2025-01-30,1400.00,CE,3.00,3.10,2.25,2.40,2.40,1155,6479.644,1028800,-42800,06-JAN-2025
OPTSTK,ACC,27-Feb-2025,2025-02-27,2360.00,CE,0.00,0.00,0.00,115.80,9.65,0,0.00,0,0,06-JAN-2025
OPTSTK,ACC,30-Jan-2025,2025-01-30,2360.00,PE,0.00,0.00,0.00,252.00,366.55,0,0.00,300,0,06-JAN-2025
OPTSTK,ADANIPORTS,27-Mar-2025,2025-03-27,1080.00,PE,0.00,0.00,0.00,46.70,47.10,0,0.00,0,0,06-JAN-2025
OPTSTK,LICI,27-Mar-2025,2025-03-27,900.00,CE,0.00,0.00,0.00,40.00,48.35,0,0.00,575,0,06-JAN-2025
OPTSTK,LICI,27-Feb-2025,2025-02-27,900.00,PE,34.00,46.90,34.00,46.90,51.60,9,48.7177375,9775,1150,06-JAN-2025
OPTSTK,COFORGE,30-Jan-2025,2025-01-30,9600.00,CE,365.00,430.60,346.90,358.30,358.30,1087,8143.4991,64575,-4200,06-JAN-2025
OPTSTK,COFORGE,27-Mar-2025,2025-03-27,8400.00,CE,0.00,0.00,0.00,1475.30,1463.55,0,0.00,0,0,06-JAN-2025
OPTSTK,LICI,30-Jan-2025,2025-01-30,930.00,PE,35.65,55.50,35.65,52.00,61.45,32,180.0624,64975,4025,06-JAN-2025
OPTSTK,COFORGE,30-Jan-2025,2025-01-30,8500.00,PE,30.05,42.80,25.00,40.40,40.40,952,6093.32996,60975,9375,06-JAN-2025
OPTSTK,COFORGE,30-Jan-2025,2025-01-30,8500.00,CE,1136.00,1136.00,1136.00,1136.00,1136.00,1,7.227,8850,0,06-JAN-2025
OPTSTK,COFORGE,27-Feb-2025,2025-02-27,10200.00,PE,0.00,0.00,0.00,1603.95,746.65,0,0.00,0,0,06-JAN-2025
OPTSTK,COFORGE,30-Jan-2025,2025-01-30,10200.00,PE,605.35,618.75,598.05,598.05,650.05,8,64.836675,1425,600,06-JAN-2025
OPTSTK,COFORGE,30-Jan-2025,2025-01-30,8700.00,CE,0.00,0.00,0.00,1071.05,1004.70,0,0.00,375,0,06-JAN-2025
OPTSTK,COFORGE,27-Feb-2025,2025-02-27,8700.00,CE,0.00,0.00,0.00,1136.40,1120.80,0,0.00,0,0,06-JAN-2025
OPTSTK,LICI,30-Jan-2025,2025-01-30,920.00,PE,30.50,54.60,30.50,54.45,54.10,91,503.632437,47150,-9775,06-JAN-2025
OPTSTK,LICI,27-Mar-2025,2025-03-27,760.00,CE,0.00,0.00,0.00,161.40,136.80,0,0.00,0,0,06-JAN-2025
OPTSTK,COFORGE,27-Feb-2025,2025-02-27,8000.00,CE,0.00,0.00,0.00,1131.55,1731.80,0,0.00,0,0,06-JAN-2025
OPTSTK,COFORGE,30-Jan-2025,2025-01-30,9200.00,CE,665.45,701.45,578.65,578.65,578.65,14,103.4874,11850,525,06-JAN-2025
OPTSTK,COFORGE,27-Feb-2025,2025-02-27,8600.00,CE,0.00,0.00,0.00,788.50,1201.85,0,0.00,0,0,06-JAN-2025
OPTSTK,COFORGE,27-Feb-2025,2025-02-27,8600.00,PE,0.00,0.00,0.00,572.35,87.80,0,0.00,0,0,06-JAN-2025
OPTSTK,LICI,27-Mar-2025,2025-03-27,1040.00,PE,0.00,0.00,0.00,156.45,160.30,0,0.00,0,0,06-JAN-2025
OPTSTK,LICI,30-Jan-2025,2025-01-30,860.00,PE,5.80,19.90,5.80,19.45,19.45,131,657.481737,47150,-1725,06-JAN-2025
OPTSTK,COFORGE,30-Jan-2025,2025-01-30,10400.00,CE,95.00,116.00,89.45,93.20,93.20,284,2237.31352,73575,1350,06-JAN-2025
OPTSTK,COFORGE,27-Feb-2025,2025-02-27,10400.00,PE,0.00,0.00,0.00,1762.90,886.10,0,0.00,0,0,06-JAN-2025
OPTSTK,COFORGE,30-Jan-2025,2025-01-30,8000.00,PE,11.55,14.70,8.05,14.00,14.00,302,1814.78497,46500,-75,06-JAN-2025
OPTSTK,COFORGE,30-Jan-2025,2025-01-30,9300.00,CE,592.55,642.80,509.60,519.20,519.20,18,133.394362,12375,-375,06-JAN-2025
OPTSTK,COFORGE,27-Feb-2025,2025-02-27,9300.00,PE,0.00,0.00,0.00,452.95,273.60,0,0.00,0,0,06-JAN-2025
OPTSTK,COFORGE,27-Feb-2025,2025-02-27,9200.00,PE,0.00,0.00,0.00,900.40,237.80,0,0.00,0,0,06-JAN-2025
OPTSTK,COFORGE,27-Feb-2025,2025-02-27,9800.00,CE,0.00,0.00,0.00,398.75,428.95,0,0.00,450,0,06-JAN-2025
OPTSTK,LICI,27-Feb-2025,2025-02-27,760.00,CE,0.00,0.00,0.00,202.70,128.40,0,0.00,0,0,06-JAN-2025
OPTSTK,LICI,27-Feb-2025,2025-02-27,900.00,CE,36.65,36.65,24.70,26.25,36.05,12,64.0987,9775,2875,06-JAN-2025
OPTSTK,LICI,27-Feb-2025,2025-02-27,840.00,CE,0.00,0.00,0.00,141.10,67.45,0,0.00,0,0,06-JAN-2025
OPTSTK,LICI,30-Jan-2025,2025-01-30,910.00,PE,29.40,45.05,29.25,45.05,47.20,49,266.511062,43700,1150,06-JAN-2025
OPTSTK,LICI,30-Jan-2025,2025-01-30,910.00,CE,25.10,25.10,10.60,11.20,11.20,530,2821.45082,113275,0,06-JAN-2025
OPTSTK,LICI,27-Mar-2025,2025-03-27,780.00,PE,0.00,0.00,0.00,20.25,13.60,0,0.00,0,0,06-JAN-2025
OPTSTK,OIL,30-Jan-2025,2025-01-30,360.00,PE,0.35,0.55,0.35,0.55,0.55,19,73.6262125,130075,9675,06-JAN-2025
OPTSTK,NHPC,27-Feb-2025,2025-02-27,77.00,PE,0.00,0.00,0.00,3.55,3.15,0,0.00,0,0,06-JAN-2025
OPTSTK,OIL,27-Feb-2025,2025-02-27,430.00,PE,0.00,0.00,0.00,12.90,18.55,0,0.00,2150,0,06-JAN-2025
OPTSTK,NHPC,27-Feb-2025,2025-02-27,72.00,CE,0.00,0.00,0.00,15.45,9.45,0,0.00,0,0,06-JAN-2025
OPTSTK,NHPC,27-Feb-2025,2025-02-27,79.00,PE,0.00,0.00,0.00,4.35,4.10,0,0.00,0,0,06-JAN-2025
OPTSTK,NHPC,27-Feb-2025,2025-02-27,100.00,CE,0.00,0.00,0.00,0.45,0.35,0,0.00,32000,0,06-JAN-2025
OPTSTK,NHPC,27-Feb-2025,2025-02-27,74.00,CE,0.00,0.00,0.00,14.10,8.05,0,0.00,0,0,06-JAN-2025
OPTSTK,NHPC,27-Mar-2025,2025-03-27,74.00,CE,0.00,0.00,0.00,12.80,9.25,0,0.00,0,0,06-JAN-2025
OPTSTK,NHPC,30-Jan-2025,2025-01-30,71.00,CE,0.00,0.00,0.00,15.00,9.05,0,0.00,0,0,06-JAN-2025
OPTSTK,NHPC,27-Feb-2025,2025-02-27,71.00,PE,0.00,0.00,0.00,1.75,1.25,0,0.00,0,0,06-JAN-2025
FUTSTK,NHPC,27-Mar-2025,2025-03-27,,,83.00,83.00,78.39,78.79,78.79,30,153.1936,633600,0,06-JAN-2025
OPTSTK,NHPC,27-Feb-2025,2025-02-27,84.00,PE,0.00,0.00,0.00,7.40,6.95,0,0.00,0,0,06-JAN-2025
OPTSTK,NHPC,27-Feb-2025,2025-02-27,84.00,CE,0.00,0.00,0.00,8.40,3.00,0,0.00,0,0,06-JAN-2025
OPTSTK,OIL,27-Mar-2025,2025-03-27,440.00,CE,0.00,0.00,0.00,42.85,53.25,0,0.00,0,0,06-JAN-2025
OPTSTK,NHPC,30-Jan-2025,2025-01-30,87.00,CE,1.25,1.25,0.65,0.75,0.75,131,736.1216,960000,102400,06-JAN-2025
OPTSTK,NHPC,30-Jan-2025,2025-01-30,75.00,PE,0.50,1.40,0.50,1.40,1.40,512,2497.5232,2060800,-185600,06-JAN-2025
OPTSTK,NHPC,27-Feb-2025,2025-02-27,75.00,PE,0.00,0.00,0.00,2.85,2.40,0,0.00,0,0,06-JAN-2025
OPTSTK,OIL,27-Feb-2025,2025-02-27,510.00,PE,0.00,0.00,0.00,90.05,63.55,0,0.00,0,0,06-JAN-2025
OPTSTK,NHPC,30-Jan-2025,2025-01-30,77.00,CE,4.30,4.30,3.85,4.05,4.55,21,108.8512,108800,0,06-JAN-2025
OPTSTK,OIL,27-Mar-2025,2025-03-27,520.00,PE,0.00,0.00,0.00,102.00,76.15,0,0.00,0,0,06-JAN-2025
OPTSTK,OIL,27-Feb-2025,2025-02-27,360.00,CE,0.00,0.00,0.00,156.30,104.05,0,0.00,0,0,06-JAN-2025
OPTSTK,OIL,27-Feb-2025,2025-02-27,410.00,CE,0.00,0.00,0.00,48.70,63.65,0,0.00,0,0,06-JAN-2025
OPTSTK,INDIANB,30-Jan-2025,2025-01-30,510.00,PE,19.95,22.10,16.20,18.95,18.95,258,1297.72185,87400,42750,06-JAN-2025
OPTSTK,HAL,30-Jan-2025,2025-01-30,4600.00,PE,420.95,526.60,420.95,509.90,509.90,31,237.20025,91500,2250,06-JAN-2025
OPTSTK,HAL,27-Feb-2025,2025-02-27,3500.00,PE,0.00,0.00,0.00,50.75,28.75,0,0.00,0,0,06-JAN-2025
OPTSTK,HAL,27-Feb-2025,2025-02-27,3500.00,CE,0.00,0.00,0.00,730.00,664.00,0,0.00,900,0,06-JAN-2025
OPTSTK,HAL,27-Feb-2025,2025-02-27,3700.00,CE,0.00,0.00,0.00,666.20,500.70,0,0.00,0,0,06-JAN-2025
OPTSTK,INDIANB,30-Jan-2025,2025-01-30,620.00,CE,1.00,1.50,0.80,1.50,0.50,9,53.099775,34200,-5700,06-JAN-2025
OPTSTK,HAL,30-Jan-2025,2025-01-30,4400.00,CE,60.60,60.60,35.40,38.00,38.00,4519,30134.3160,418950,34200,06-JAN-2025
OPTSTK,INDIANB,27-Feb-2025,2025-02-27,590.00,CE,0.00,0.00,0.00,26.05,7.15,0,0.00,0,0,06-JAN-2025
OPTSTK,INDIANB,27-Feb-2025,2025-02-27,540.00,CE,0.00,0.00,0.00,75.55,19.05,0,0.00,0,0,06-JAN-2025
OPTSTK,HAL,30-Jan-2025,2025-01-30,4200.00,PE,111.40,196.20,107.85,176.80,176.80,4308,28068.2140,294300,-36750,06-JAN-2025
OPTSTK,INDIANB,27-Feb-2025,2025-02-27,440.00,CE,0.00,0.00,0.00,147.40,78.75,0,0.00,0,0,06-JAN-2025
OPTSTK,INDIANB,27-Mar-2025,2025-03-27,440.00,PE,0.00,0.00,0.00,9.10,8.25,0,0.00,0,0,06-JAN-2025
OPTSTK,HAL,27-Mar-2025,2025-03-27,4300.00,PE,0.00,0.00,0.00,373.85,359.10,0,0.00,0,0,06-JAN-2025
OPTSTK,HAL,30-Jan-2025,2025-01-30,4300.00,CE,95.50,95.50,54.35,58.10,58.10,6621,43391.4460,818100,61050,06-JAN-2025
OPTSTK,INDIANB,30-Jan-2025,2025-01-30,540.00,CE,10.50,11.10,7.75,8.90,8.90,175,912.8398,102600,9500,06-JAN-2025
OPTSTK,HAL,27-Feb-2025,2025-02-27,4200.00,CE,200.00,211.70,170.35,177.95,177.95,95,625.46265,10200,750,06-JAN-2025
OPTSTK,HAL,27-Mar-2025,2025-03-27,4200.00,PE,0.00,0.00,0.00,322.70,301.80,0,0.00,0,0,06-JAN-2025
OPTSTK,HAL,27-Mar-2025,2025-03-27,3400.00,CE,0.00,0.00,0.00,953.75,789.45,0,0.00,0,0,06-JAN-2025
OPTSTK,INDIANB,30-Jan-2025,2025-01-30,620.00,PE,0.00,0.00,0.00,68.15,107.95,0,0.00,0,0,06-JAN-2025
FUTSTK,HAL,27-Mar-2025,2025-03-27,,,4250.00,4250.00,4120.00,4156.40,4156.40,267,1673.08335,79950,20700,06-JAN-2025
OPTSTK,HAL,27-Mar-2025,2025-03-27,3600.00,CE,0.00,0.00,0.00,798.35,627.80,0,0.00,0,0,06-JAN-2025
OPTSTK,INDIANB,27-Feb-2025,2025-02-27,550.00,PE,0.00,0.00,0.00,40.85,50.80,0,0.00,0,0,06-JAN-2025
OPTSTK,HAL,30-Jan-2025,2025-01-30,4450.00,PE,0.00,0.00,0.00,266.80,375.60,0,0.00,3150,0,06-JAN-2025
OPTSTK,INDIANB,27-Mar-2025,2025-03-27,480.00,PE,0.00,0.00,0.00,18.70,19.50,0,0.00,0,0,06-JAN-2025
OPTSTK,INDIANB,27-Feb-2025,2025-02-27,480.00,CE,0.00,0.00,0.00,115.40,48.65,0,0.00,0,0,06-JAN-2025
OPTSTK,HAL,30-Jan-2025,2025-01-30,3400.00,CE,0.00,0.00,0.00,785.00,719.55,0,0.00,1200,0,06-JAN-2025
OPTSTK,INDIANB,27-Feb-2025,2025-02-27,620.00,CE,0.00,0.00,0.00,38.95,3.70,0,0.00,0,0,06-JAN-2025
OPTSTK,INDIANB,27-Feb-2025,2025-02-27,560.00,PE,0.00,0.00,0.00,41.50,58.00,0,0.00,0,0,06-JAN-2025
OPTSTK,INDIANB,27-Feb-2025,2025-02-27,520.00,PE,0.00,0.00,0.00,25.20,32.05,0,0.00,0,0,06-JAN-2025
OPTSTK,INDIANB,27-Feb-2025,2025-02-27,470.00,PE,0.00,0.00,0.00,10.85,11.15,0,0.00,0,0,06-JAN-2025
OPTSTK,HAL,27-Feb-2025,2025-02-27,4250.00,CE,179.40,179.40,179.40,179.40,180.55,1,6.6441,150,0,06-JAN-2025
OPTSTK,HAL,30-Jan-2025,2025-01-30,4250.00,CE,113.65,113.65,67.50,72.70,72.70,2536,16506.8918,165300,17700,06-JAN-2025
OPTSTK,GLENMARK,27-Feb-2025,2025-02-27,1620.00,CE,0.00,0.00,0.00,68.85,83.60,0,0.00,0,0,06-JAN-2025
OPTSTK,COALINDIA,27-Mar-2025,2025-03-27,370.00,CE,0.00,0.00,0.00,40.75,29.35,0,0.00,0,0,06-JAN-2025
OPTSTK,COALINDIA,27-Feb-2025,2025-02-27,330.00,CE,0.00,0.00,0.00,94.30,53.95,0,0.00,0,0,06-JAN-2025
OPTSTK,COALINDIA,27-Feb-2025,2025-02-27,355.00,PE,0.00,0.00,0.00,9.00,6.80,0,0.00,0,0,06-JAN-2025
OPTSTK,GLENMARK,27-Feb-2025,2025-02-27,1660.00,CE,0.00,0.00,0.00,55.25,64.75,0,0.00,0,0,06-JAN-2025
OPTSTK,COALINDIA,27-Feb-2025,2025-02-27,400.00,PE,19.80,28.00,19.80,28.00,28.10,26,115.8906,54600,24150,06-JAN-2025
OPTSTK,COALINDIA,30-Jan-2025,2025-01-30,350.00,CE,35.85,35.85,32.95,32.95,32.95,15,60.443775,73500,3150,06-JAN-2025
OPTSTK,COALINDIA,27-Feb-2025,2025-02-27,430.00,PE,0.00,0.00,0.00,35.40,51.05,0,0.00,0,0,06-JAN-2025
OPTSTK,GLENMARK,27-Feb-2025,2025-02-27,1720.00,CE,0.00,0.00,0.00,46.25,42.50,0,0.00,0,0,06-JAN-2025
OPTSTK,COALINDIA,27-Feb-2025,2025-02-27,360.00,CE,0.00,0.00,0.00,69.75,30.50,0,0.00,0,0,06-JAN-2025
OPTSTK,COALINDIA,27-Feb-2025,2025-02-27,405.00,CE,8.15,8.15,6.25,6.25,9.15,3,12.97905,4200,2100,06-JAN-2025
OPTSTK,COALINDIA,30-Jan-2025,2025-01-30,405.00,PE,15.55,26.80,15.30,26.55,26.55,134,598.261125,300300,-1050,06-JAN-2025
OPTSTK,COALINDIA,27-Mar-2025,2025-03-27,350.00,PE,0.00,0.00,0.00,10.65,8.20,0,0.00,0,0,06-JAN-2025
OPTSTK,GLENMARK,27-Mar-2025,2025-03-27,1520.00,PE,0.00,0.00,0.00,87.65,39.10,0,0.00,0,0,06-JAN-2025
OPTSTK,COALINDIA,30-Jan-2025,2025-01-30,470.00,PE,0.00,0.00,0.00,77.75,89.20,0,0.00,196350,0,06-JAN-2025
OPTSTK,COALINDIA,30-Jan-2025,2025-01-30,470.00,CE,0.25,0.25,0.20,0.20,0.20,9,44.43495,103950,1050,06-JAN-2025
OPTSTK,GLENMARK,30-Jan-2025,2025-01-30,1680.00,CE,28.20,34.00,21.90,28.15,28.15,342,1897.07375,45825,3575,06-JAN-2025
OPTSTK,GLENMARK,27-Feb-2025,2025-02-27,1580.00,PE,0.00,0.00,0.00,103.60,47.00,0,0.00,0,0,06-JAN-2025
OPTSTK,GLENMARK,27-Feb-2025,2025-02-27,1680.00,PE,0.00,0.00,0.00,210.40,96.75,0,0.00,0,0,06-JAN-2025
OPTSTK,COALINDIA,27-Mar-2025,2025-03-27,390.00,CE,0.00,0.00,0.00,30.15,19.45,0,0.00,0,0,06-JAN-2025
OPTSTK,COALINDIA,27-Mar-2025,2025-03-27,390.00,PE,0.00,0.00,0.00,26.50,24.95,0,0.00,0,0,06-JAN-2025
OPTSTK,COALINDIA,30-Jan-2025,2025-01-30,390.00,CE,12.80,12.80,5.90,6.40,6.40,4703,19648.7308,2147250,315000,06-JAN-2025
OPTSTK,COALINDIA,27-Mar-2025,2025-03-27,440.00,PE,0.00,0.00,0.00,58.10,60.35,0,0.00,0,0,06-JAN-2025
OPTSTK,GLENMARK,27-Mar-2025,2025-03-27,1480.00,PE,0.00,0.00,0.00,70.50,28.20,0,0.00,0,0,06-JAN-2025
OPTSTK,COALINDIA,30-Jan-2025,2025-01-30,480.00,CE,0.10,0.25,0.10,0.20,0.05,38,191.590875,532350,2100,06-JAN-2025
OPTSTK,GLENMARK,30-Jan-2025,2025-01-30,1400.00,PE,2.45,4.00,2.45,3.45,3.45,33,150.505225,176150,2925,06-JAN-2025
OPTSTK,COALINDIA,30-Jan-2025,2025-01-30,465.00,CE,0.00,0.00,0.00,0.30,0.05,0,0.00,5250,0,06-JAN-2025
OPTSTK,GLENMARK,30-Jan-2025,2025-01-30,1320.00,PE,0.00,0.00,0.00,1.20,0.10,0,0.00,81900,0,06-JAN-2025
OPTSTK,COALINDIA,27-Feb-2025,2025-02-27,390.00,CE,15.55,17.00,10.75,11.55,11.55,86,364.508025,68250,1050,06-JAN-2025
OPTSTK,GLENMARK,30-Jan-2025,2025-01-30,1240.00,PE,0.95,0.95,0.95,0.95,0.05,4,16.13235,7800,0,06-JAN-2025
OPTSTK,GLENMARK,30-Jan-2025,2025-01-30,1540.00,PE,12.20,17.35,11.75,16.95,16.95,197,995.592325,113425,-11375,06-JAN-2025
OPTSTK,GLENMARK,27-Mar-2025,2025-03-27,1560.00,CE,0.00,0.00,0.00,116.70,139.25,0,0.00,0,0,06-JAN-2025
OPTSTK,MUTHOOTFIN,30-Jan-2025,2025-01-30,2440.00,PE,0.00,0.00,0.00,479.90,247.90,0,0.00,0,0,06-JAN-2025
OPTSTK,MUTHOOTFIN,27-Mar-2025,2025-03-27,2360.00,PE,0.00,0.00,0.00,303.15,197.10,0,0.00,0,0,06-JAN-2025
OPTSTK,MUTHOOTFIN,30-Jan-2025,2025-01-30,2360.00,CE,21.30,21.55,9.35,12.80,12.80,307,2003.36166,41800,-22000,06-JAN-2025
FUTSTK,VBL,30-Jan-2025,2025-01-30,,,649.35,649.45,626.80,632.70,632.70,2644,14718.9017,8594250,-24500,06-JAN-2025
FUTSTK,CAMS,27-Mar-2025,2025-03-27,,,4950.00,4950.00,4913.20,4913.20,4924.95,9,55.4294375,2250,1000,06-JAN-2025
OPTSTK,CAMS,30-Jan-2025,2025-01-30,5100.00,CE,191.75,191.75,86.60,93.25,93.25,356,2325.63837,38875,5625,06-JAN-2025
OPTSTK,CAMS,27-Feb-2025,2025-02-27,5100.00,CE,0.00,0.00,0.00,332.10,187.80,0,0.00,0,0,06-JAN-2025
OPTSTK,MUTHOOTFIN,30-Jan-2025,2025-01-30,1780.00,PE,0.60,0.60,0.60,0.60,0.05,3,14.68995,825,0,06-JAN-2025
FUTSTK,VBL,27-Feb-2025,2025-02-27,,,652.05,652.05,632.85,636.25,636.25,66,369.981062,107625,0,06-JAN-2025
OPTSTK,MUTHOOTFIN,27-Mar-2025,2025-03-27,2360.00,CE,0.00,0.00,0.00,48.25,57.60,0,0.00,0,0,06-JAN-2025
FUTSTK,MUTHOOTFIN,27-Feb-2025,2025-02-27,,,2238.45,2253.20,2188.00,2202.90,2202.90,133,810.41565,16500,-6600,06-JAN-2025
FUTSTK,CAMS,27-Feb-2025,2025-02-27,,,5107.30,5123.55,4829.90,4846.15,4846.15,299,1840.14343,32250,8000,06-JAN-2025
OPTSTK,VBL,27-Feb-2025,2025-02-27,520.00,PE,0.00,0.00,0.00,9.95,1.75,0,0.00,0,0,06-JAN-2025
OPTSTK,VBL,30-Jan-2025,2025-01-30,610.00,CE,38.15,38.25,32.05,33.05,33.05,11,62.0974375,11375,875,06-JAN-2025
OPTSTK,MUTHOOTFIN,30-Jan-2025,2025-01-30,2400.00,CE,15.40,15.40,6.00,8.40,8.40,688,4557.71731,94050,-18975,06-JAN-2025
OPTSTK,MUTHOOTFIN,27-Feb-2025,2025-02-27,2400.00,CE,0.00,0.00,0.00,16.20,27.00,0,0.00,0,0,06-JAN-2025
OPTSTK,CAMS,27-Feb-2025,2025-02-27,4700.00,CE,0.00,0.00,0.00,537.15,375.20,0,0.00,0,0,06-JAN-2025
OPTSTK,VBL,27-Feb-2025,2025-02-27,570.00,CE,0.00,0.00,0.00,78.15,74.35,0,0.00,0,0,06-JAN-2025
OPTSTK,VBL,27-Mar-2025,2025-03-27,700.00,CE,0.00,0.00,0.00,27.70,18.75,0,0.00,0,0,06-JAN-2025
OPTSTK,VBL,27-Feb-2025,2025-02-27,700.00,PE,0.00,0.00,0.00,88.20,73.95,0,0.00,0,0,06-JAN-2025
OPTSTK,CAMS,30-Jan-2025,2025-01-30,5400.00,CE,62.00,62.00,31.00,34.70,34.70,267,1814.96487,15375,-6875,06-JAN-2025
OPTSTK,MUTHOOTFIN,27-Mar-2025,2025-03-27,1880.00,CE,0.00,0.00,0.00,262.15,344.90,0,0.00,0,0,06-JAN-2025
OPTSTK,CAMS,30-Jan-2025,2025-01-30,5200.00,PE,288.00,432.35,288.00,420.00,420.00,16,111.339375,9375,-250,06-JAN-2025
OPTSTK,CAMS,27-Mar-2025,2025-03-27,5200.00,PE,0.00,0.00,0.00,518.55,496.75,0,0.00,0,0,06-JAN-2025
OPTSTK,CAMS,30-Jan-2025,2025-01-30,5200.00,CE,138.45,144.00,59.00,69.10,69.10,559,3696.11006,46375,-2125,06-JAN-2025
OPTSTK,MUTHOOTFIN,30-Jan-2025,2025-01-30,2140.00,PE,24.95,42.35,24.70,39.70,39.70,274,1639.60981,54175,-7150,06-JAN-2025
OPTSTK,MUTHOOTFIN,27-Feb-2025,2025-02-27,2140.00,PE,0.00,0.00,0.00,138.55,58.60,0,0.00,0,0,06-JAN-2025
OPTSTK,MUTHOOTFIN,30-Jan-2025,2025-01-30,2480.00,PE,0.00,0.00,0.00,516.45,285.80,0,0.00,0,0,06-JAN-2025
OPTSTK,VBL,30-Jan-2025,2025-01-30,640.00,CE,26.50,26.50,15.55,18.05,18.05,259,1492.52906,182875,10500,06-JAN-2025
OPTSTK,MUTHOOTFIN,27-Mar-2025,2025-03-27,1920.00,PE,0.00,0.00,0.00,57.10,16.35,0,0.00,0,0,06-JAN-2025
OPTSTK,MUTHOOTFIN,27-Mar-2025,2025-03-27,1920.00,CE,0.00,0.00,0.00,234.30,310.35,0,0.00,0,0,06-JAN-2025
OPTSTK,MUTHOOTFIN,27-Feb-2025,2025-02-27,1840.00,CE,0.00,0.00,0.00,180.20,366.50,0,0.00,0,0,06-JAN-2025
OPTSTK,ICICIGI,27-Feb-2025,2025-02-27,1720.00,CE,0.00,0.00,0.00,215.25,131.00,0,0.00,0,0,06-JAN-2025
OPTSTK,ICICIGI,27-Mar-2025,2025-03-27,1720.00,PE,0.00,0.00,0.00,35.75,31.30,0,0.00,0,0,06-JAN-2025
OPTSTK,ICICIGI,27-Feb-2025,2025-02-27,2040.00,PE,0.00,0.00,0.00,185.95,216.50,0,0.00,0,0,06-JAN-2025
OPTSTK,ICICIGI,27-Mar-2025,2025-03-27,1840.00,CE,0.00,0.00,0.00,131.65,78.65,0,0.00,0,0,06-JAN-2025
OPTSTK,ICICIGI,30-Jan-2025,2025-01-30,2120.00,PE,0.00,0.00,0.00,213.25,298.05,0,0.00,0,0,06-JAN-2025
OPTSTK,M&MFIN,30-Jan-2025,2025-01-30,250.00,CE,32.00,32.00,24.00,24.00,24.00,24,133.755,106000,0,06-JAN-2025
FUTSTK,M&MFIN,30-Jan-2025,2025-01-30,,,277.00,282.50,269.30,271.20,271.20,5987,33017.791,30508000,-494000,06-JAN-2025
OPTSTK,ICICIGI,30-Jan-2025,2025-01-30,1600.00,PE,5.00,6.00,4.90,5.15,5.15,58,232.783625,36250,5750,06-JAN-2025
OPTSTK,ICICIGI,30-Jan-2025,2025-01-30,1920.00,CE,20.00,25.00,17.00,19.55,19.55,119,577.2765,16750,5250,06-JAN-2025
OPTSTK,M&MFIN,27-Feb-2025,2025-02-27,320.00,PE,45.00,45.00,45.00,45.00,47.45,1,7.3,2000,2000,06-JAN-2025
OPTSTK,ICICIGI,27-Feb-2025,2025-02-27,1840.00,PE,0.00,0.00,0.00,72.85,68.65,0,0.00,0,0,06-JAN-2025
OPTSTK,ICICIGI,27-Mar-2025,2025-03-27,1440.00,CE,0.00,0.00,0.00,449.30,394.65,0,0.00,0,0,06-JAN-2025
OPTSTK,M&MFIN,27-Feb-2025,2025-02-27,260.00,PE,0.00,0.00,0.00,9.95,6.85,0,0.00,2000,0,06-JAN-2025
OPTSTK,M&MFIN,27-Feb-2025,2025-02-27,260.00,CE,0.00,0.00,0.00,29.50,20.35,0,0.00,0,0,06-JAN-2025
OPTSTK,ICICIGI,30-Jan-2025,2025-01-30,1940.00,PE,0.00,0.00,0.00,129.55,126.90,0,0.00,750,0,06-JAN-2025
OPTSTK,ICICIGI,30-Jan-2025,2025-01-30,1940.00,CE,19.50,19.50,13.00,15.05,15.05,73,357.0325,33750,-500,06-JAN-2025
OPTSTK,HEROMOTOCO,30-Jan-2025,2025-01-30,4450.00,PE,0.00,0.00,0.00,246.60,260.05,0,0.00,6900,0,06-JAN-2025
OPTSTK,ICICIGI,30-Jan-2025,2025-01-30,1740.00,PE,19.15,26.10,18.55,23.15,13.60,91,401.18725,27250,1500,06-JAN-2025
OPTSTK,M&MFIN,30-Jan-2025,2025-01-30,295.00,CE,3.40,5.55,2.25,2.55,2.55,979,5848.899,628000,60000,06-JAN-2025
OPTSTK,M&MFIN,30-Jan-2025,2025-01-30,295.00,PE,22.60,23.30,22.60,23.30,24.55,3,19.077,8000,2000,06-JAN-2025
OPTSTK,M&MFIN,27-Feb-2025,2025-02-27,295.00,CE,0.00,0.00,0.00,7.45,5.25,0,0.00,0,0,06-JAN-2025
OPTSTK,ICICIGI,30-Jan-2025,2025-01-30,2140.00,CE,1.25,1.25,1.25,1.25,0.10,1,5.353125,20000,0,06-JAN-2025
OPTSTK,HEROMOTOCO,27-Feb-2025,2025-02-27,4400.00,PE,240.00,260.00,240.00,260.00,251.45,4,27.906,1650,300,06-JAN-2025
OPTSTK,HEROMOTOCO,27-Mar-2025,2025-03-27,4400.00,CE,0.00,0.00,0.00,235.15,141.30,0,0.00,0,0,06-JAN-2025
OPTSTK,HEROMOTOCO,30-Jan-2025,2025-01-30,4750.00,CE,10.15,11.65,7.25,7.45,7.45,387,2762.90085,43950,750,06-JAN-2025
OPTSTK,ICICIGI,30-Jan-2025,2025-01-30,1860.00,PE,67.10,85.40,65.05,78.95,78.95,39,188.727875,14250,1000,06-JAN-2025
OPTSTK,ICICIGI,27-Mar-2025,2025-03-27,1760.00,CE,0.00,0.00,0.00,180.15,122.65,0,0.00,0,0,06-JAN-2025
OPTSTK,ICICIGI,27-Mar-2025,2025-03-27,2000.00,PE,0.00,0.00,0.00,165.65,184.10,0,0.00,0,0,06-JAN-2025
OPTSTK,HEROMOTOCO,27-Feb-2025,2025-02-27,4900.00,PE,0.00,0.00,0.00,611.80,662.55,0,0.00,0,0,06-JAN-2025
OPTSTK,ICICIGI,27-Feb-2025,2025-02-27,1780.00,PE,0.00,0.00,0.00,42.10,40.90,0,0.00,0,0,06-JAN-2025
OPTSTK,ICICIGI,30-Jan-2025,2025-01-30,2120.00,CE,0.00,0.00,0.00,48.75,0.20,0,0.00,0,0,06-JAN-2025
OPTSTK,ICICIGI,27-Feb-2025,2025-02-27,1560.00,CE,0.00,0.00,0.00,347.15,269.70,0,0.00,0,0,06-JAN-2025
OPTSTK,WIPRO,27-Mar-2025,2025-03-27,310.00,CE,0.00,0.00,0.00,19.45,11.10,0,0.00,0,0,06-JAN-2025
OPTSTK,WIPRO,30-Jan-2025,2025-01-30,310.00,CE,4.35,5.50,4.10,4.90,4.90,1922,18149.7675,4626000,-354000,06-JAN-2025
OPTSTK,WIPRO,30-Jan-2025,2025-01-30,340.00,CE,0.65,0.90,0.65,0.85,0.85,617,6307.686,1950000,120000,06-JAN-2025
OPTSTK,WIPRO,27-Mar-2025,2025-03-27,340.00,CE,0.00,0.00,0.00,8.85,3.75,0,0.00,0,0,06-JAN-2025
OPTSTK,WIPRO,30-Jan-2025,2025-01-30,315.00,CE,3.30,4.00,3.05,3.65,3.65,824,7873.068,1953000,126000,06-JAN-2025
OPTIDX,NIFTY,30-Jan-2025,2025-01-30,23400.00,CE,820.90,849.00,535.00,568.25,568.25,5972,35821.5233,123475,14175,06-JAN-2025
OPTIDX,NIFTY,27-Mar-2025,2025-03-27,23400.00,CE,0.00,0.00,0.00,1205.30,918.35,0,0.00,0,0,06-JAN-2025
OPTIDX,NIFTY,09-Jan-2025,2025-01-09,23400.00,PE,11.90,135.30,10.15,106.60,106.60,1663832,29281941.2,2039775,-547875,06-JAN-2025
OPTIDX,NIFTY,16-Jan-2025,2025-01-16,23400.00,PE,44.90,200.85,41.40,173.05,173.05,35170,620278.831,294075,20250,06-JAN-2025
OPTIDX,NIFTY,23-Jan-2025,2025-01-23,23400.00,CE,580.15,580.15,478.60,500.35,500.35,72,1291.5078,4350,4125,06-JAN-2025
OPTIDX,NIFTY,27-Feb-2025,2025-02-27,25450.00,PE,0.00,0.00,0.00,1177.00,1652.95,0,0.00,75,0,06-JAN-2025
OPTIDX,NIFTY,30-Jan-2025,2025-01-30,25450.00,PE,0.00,0.00,0.00,1337.00,1728.50,0,0.00,9300,0,06-JAN-2025
OPTIDX,NIFTY,16-Jan-2025,2025-01-16,25750.00,CE,2.20,3.10,2.20,2.90,2.90,264,5099.04075,7875,2625,06-JAN-2025
OPTIDX,NIFTY,27-Feb-2025,2025-02-27,25750.00,CE,56.55,56.55,42.20,43.80,43.80,215,4159.98045,1500,-3000,06-JAN-2025
OPTIDX,NIFTY,16-Jan-2025,2025-01-16,22650.00,CE,0.00,0.00,0.00,2076.20,1013.35,0,0.00,0,0,06-JAN-2025
OPTIDX,NIFTY,09-Jan-2025,2025-01-09,22650.00,CE,0.00,0.00,0.00,2231.20,978.65,0,0.00,0,0,06-JAN-2025
OPTIDX,NIFTY,25-Jun-2026,2026-06-25,27000.00,CE,0.00,0.00,0.00,1352.80,1204.20,0,0.00,0,0,06-JAN-2025
OPTIDX,NIFTY,28-Jun-2029,2029-06-28,27000.00,PE,0.00,0.00,0.00,1252.35,1090.40,0,0.00,0,0,06-JAN-2025
OPTIDX,NIFTY,24-Jun-2027,2027-06-24,27000.00,CE,0.00,0.00,0.00,1932.50,2388.70,0,0.00,0,0,06-JAN-2025
OPTIDX,NIFTY,27-Mar-2025,2025-03-27,27000.00,CE,37.15,39.00,29.25,33.10,33.10,5585,113233.801,1022650,11700,06-JAN-2025
OPTIDX,NIFTY,28-Dec-2028,2028-12-28,27000.00,PE,0.00,0.00,0.00,1413.85,1202.35,0,0.00,0,0,06-JAN-2025
OPTIDX,NIFTY,27-Dec-2029,2029-12-27,27000.00,CE,0.00,0.00,0.00,6201.65,5308.15,0,0.00,0,0,06-JAN-2025
OPTIDX,NIFTY,30-Dec-2027,2027-12-30,27000.00,CE,0.00,0.00,0.00,2889.80,3006.40,0,0.00,0,0,06-JAN-2025
OPTIDX,NIFTY,31-Dec-2026,2026-12-31,27000.00,CE,0.00,0.00,0.00,1651.65,1815.65,0,0.00,0,0,06-JAN-2025
OPTIDX,NIFTY,30-Dec-2027,2027-12-30,27000.00,PE,0.00,0.00,0.00,3794.40,1469.45,0,0.00,0,0,06-JAN-2025
OPTIDX,NIFTY,25-Sep-2025,2025-09-25,27000.00,PE,0.00,0.00,0.00,1168.15,2491.20,0,0.00,0,0,06-JAN-2025
OPTIDX,NIFTY,28-Jun-2029,2029-06-28,27000.00,CE,0.00,0.00,0.00,6570.40,4747.90,0,0.00,0,0,06-JAN-2025
OPTIDX,NIFTY,06-Feb-2025,2025-02-06,24100.00,PE,401.75,401.75,387.45,387.45,577.05,2,36.7419,150,0,06-JAN-2025
OPTIDX,NIFTY,23-Jan-2025,2025-01-23,24100.00,PE,314.65,610.00,290.45,581.40,581.40,1042,19161.6983,82050,7200,06-JAN-2025
OPTIDX,NIFTY,16-Jan-2025,2025-01-16,24700.00,PE,670.00,1100.00,655.00,1100.00,1044.40,89,1695.64305,5025,1650,06-JAN-2025
OPTIDX,NIFTY,23-Jan-2025,2025-01-23,24700.00,PE,0.00,0.00,0.00,937.95,1031.95,0,0.00,0,0,06-JAN-2025
OPTIDX,NIFTY,30-Jan-2025,2025-01-30,25250.00,CE,26.25,29.95,16.40,17.40,17.40,22551,142473.865,109500,-153200,06-JAN-2025
OPTIDX,NIFTY,06-Feb-2025,2025-02-06,25250.00,PE,0.00,0.00,0.00,1055.30,1516.15,0,0.00,0,0,06-JAN-2025
OPTIDX,NIFTY,27-Mar-2025,2025-03-27,25250.00,CE,0.00,0.00,0.00,372.10,183.00,0,0.00,0,0,06-JAN-2025
OPTIDX,NIFTY,30-Jan-2025,2025-01-30,22400.00,CE,0.00,0.00,0.00,1670.00,1332.70,0,0.00,600,0,06-JAN-2025
OPTIDX,NIFTY,30-Jan-2025,2025-01-30,25150.00,CE,34.50,39.60,20.50,21.50,21.50,16480,103723.172,85300,-19375,06-JAN-2025
OPTIDX,NIFTY,06-Feb-2025,2025-02-06,22400.00,PE,0.00,0.00,0.00,22.35,28.95,0,0.00,0,0,06-JAN-2025
OPTSTK,COLPAL,30-Jan-2025,2025-01-30,2780.00,PE,67.00,99.00,67.00,89.35,89.35,241,1207.82033,11200,700,06-JAN-2025
OPTSTK,COLPAL,27-Feb-2025,2025-02-27,2660.00,PE,0.00,0.00,0.00,85.65,50.10,0,0.00,0,0,06-JAN-2025
OPTSTK,COLPAL,30-Jan-2025,2025-01-30,2550.00,PE,10.00,16.50,9.90,16.50,16.50,70,314.14285,10850,-2100,06-JAN-2025
OPTSTK,COLPAL,27-Feb-2025,2025-02-27,2280.00,PE,0.00,0.00,0.00,7.05,1.25,0,0.00,0,0,06-JAN-2025
OPTSTK,COLPAL,27-Feb-2025,2025-02-27,2940.00,PE,0.00,0.00,0.00,244.80,201.35,0,0.00,0,0,06-JAN-2025
OPTSTK,COLPAL,30-Jan-2025,2025-01-30,2940.00,CE,29.20,29.20,19.70,20.75,20.75,42,217.6678,15225,-3500,06-JAN-2025
OPTSTK,COLPAL,27-Feb-2025,2025-02-27,2940.00,CE,0.00,0.00,0.00,60.85,42.90,0,0.00,0,0,06-JAN-2025
OPTSTK,COLPAL,27-Feb-2025,2025-02-27,2840.00,PE,0.00,0.00,0.00,177.80,134.05,0,0.00,0,0,06-JAN-2025
OPTSTK,BHEL,30-Jan-2025,2025-01-30,250.00,CE,2.45,2.70,1.10,1.20,1.20,3026,19979.9630,5872125,1296750,06-JAN-2025
OPTSTK,BHEL,27-Mar-2025,2025-03-27,250.00,PE,0.00,0.00,0.00,28.10,35.65,0,0.00,0,0,06-JAN-2025
OPTSTK,NAVINFLUOR,27-Feb-2025,2025-02-27,3700.00,CE,0.00,0.00,0.00,190.60,49.55,0,0.00,0,0,06-JAN-2025
OPTSTK,COLPAL,27-Mar-2025,2025-03-27,2720.00,PE,0.00,0.00,0.00,130.40,89.75,0,0.00,0,0,06-JAN-2025
OPTSTK,MAXHEALTH,27-Feb-2025,2025-02-27,1160.00,CE,0.00,0.00,0.00,33.05,64.95,0,0.00,0,0,06-JAN-2025
OPTSTK,COLPAL,27-Mar-2025,2025-03-27,3040.00,PE,0.00,0.00,0.00,328.80,285.25,0,0.00,0,0,06-JAN-2025
OPTSTK,COLPAL,27-Feb-2025,2025-02-27,2620.00,PE,0.00,0.00,0.00,70.50,38.15,0,0.00,0,0,06-JAN-2025
OPTSTK,BHEL,30-Jan-2025,2025-01-30,260.00,PE,34.00,34.85,33.95,34.85,40.05,3,23.1735,690375,2625,06-JAN-2025
OPTSTK,COLPAL,27-Feb-2025,2025-02-27,3060.00,PE,0.00,0.00,0.00,337.45,297.35,0,0.00,0,0,06-JAN-2025
OPTSTK,COLPAL,27-Feb-2025,2025-02-27,3060.00,CE,0.00,0.00,0.00,35.00,20.10,0,0.00,0,0,06-JAN-2025
OPTSTK,COLPAL,30-Jan-2025,2025-01-30,3060.00,CE,0.00,0.00,0.00,12.80,3.95,0,0.00,0,0,06-JAN-2025
OPTSTK,COLPAL,30-Jan-2025,2025-01-30,3060.00,PE,0.00,0.00,0.00,332.25,296.95,0,0.00,0,0,06-JAN-2025
OPTSTK,COLPAL,27-Feb-2025,2025-02-27,3100.00,CE,0.00,0.00,0.00,23.40,15.25,0,0.00,350,0,06-JAN-2025
OPTSTK,NAVINFLUOR,30-Jan-2025,2025-01-30,3100.00,CE,286.90,286.90,286.90,286.90,280.15,1,5.927075,175,175,06-JAN-2025
OPTSTK,BHEL,30-Jan-2025,2025-01-30,190.00,CE,0.00,0.00,0.00,58.70,31.70,0,0.00,0,0,06-JAN-2025
OPTSTK,NAVINFLUOR,27-Feb-2025,2025-02-27,3300.00,CE,0.00,0.00,0.00,380.55,194.40,0,0.00,0,0,06-JAN-2025
OPTSTK,BHEL,27-Mar-2025,2025-03-27,270.00,CE,0.00,0.00,0.00,17.10,5.10,0,0.00,0,0,06-JAN-2025
OPTSTK,MAXHEALTH,27-Feb-2025,2025-02-27,1080.00,CE,0.00,0.00,0.00,53.30,111.30,0,0.00,0,0,06-JAN-2025
OPTSTK,NAVINFLUOR,27-Feb-2025,2025-02-27,3200.00,CE,0.00,0.00,0.00,443.10,254.85,0,0.00,0,0,06-JAN-2025
OPTSTK,BHEL,30-Jan-2025,2025-01-30,190.00,PE,0.45,1.00,0.45,0.95,0.95,599,2999.23312,840000,170625,06-JAN-2025
OPTSTK,COLPAL,30-Jan-2025,2025-01-30,2400.00,CE,319.15,319.15,319.15,319.15,319.15,1,4.7585125,175,175,06-JAN-2025
OPTSTK,COLPAL,27-Feb-2025,2025-02-27,2960.00,PE,0.00,0.00,0.00,259.50,216.30,0,0.00,0,0,06-JAN-2025
OPTSTK,MAXHEALTH,27-Feb-2025,2025-02-27,1280.00,CE,0.00,0.00,0.00,15.15,23.90,0,0.00,0,0,06-JAN-2025
OPTSTK,MAXHEALTH,27-Mar-2025,2025-03-27,1280.00,CE,0.00,0.00,0.00,60.95,38.65,0,0.00,0,0,06-JAN-2025
OPTSTK,TATAPOWER,27-Mar-2025,2025-03-27,350.00,CE,0.00,0.00,0.00,68.95,43.00,0,0.00,0,0,06-JAN-2025
OPTSTK,TATAPOWER,30-Jan-2025,2025-01-30,350.00,CE,45.00,45.00,31.65,32.50,32.50,25,129.984075,41850,16200,06-JAN-2025
OPTSTK,TATAPOWER,27-Feb-2025,2025-02-27,430.00,PE,47.00,51.75,47.00,51.75,51.75,2,12.943125,2700,-2700,06-JAN-2025
OPTSTK,EXIDEIND,27-Mar-2025,2025-03-27,430.00,CE,0.00,0.00,0.00,32.60,19.90,0,0.00,0,0,06-JAN-2025
OPTSTK,EXIDEIND,27-Feb-2025,2025-02-27,470.00,CE,0.00,0.00,0.00,12.65,4.70,0,0.00,0,0,06-JAN-2025
OPTSTK,EXIDEIND,30-Jan-2025,2025-01-30,490.00,PE,0.00,0.00,0.00,74.15,79.20,0,0.00,48600,0,06-JAN-2025
OPTSTK,EXIDEIND,27-Feb-2025,2025-02-27,445.00,CE,0.00,0.00,0.00,19.95,9.60,0,0.00,0,0,06-JAN-2025
OPTSTK,EXIDEIND,30-Jan-2025,2025-01-30,445.00,CE,5.30,5.30,3.10,3.50,3.50,363,2932.5375,253800,70200,06-JAN-2025
OPTSTK,EXIDEIND,30-Jan-2025,2025-01-30,445.00,PE,29.50,38.65,29.20,38.65,37.75,4,34.488,21600,0,06-JAN-2025
OPTSTK,TATAPOWER,27-Feb-2025,2025-02-27,445.00,PE,0.00,0.00,0.00,48.45,64.80,0,0.00,0,0,06-JAN-2025
OPTSTK,TATAPOWER,30-Jan-2025,2025-01-30,385.00,PE,6.10,15.60,5.85,14.75,14.75,2439,13039.3881,814050,60750,06-JAN-2025
OPTSTK,TATAPOWER,27-Feb-2025,2025-02-27,385.00,CE,0.00,0.00,0.00,39.35,17.45,0,0.00,0,0,06-JAN-2025
OPTSTK,EXIDEIND,30-Jan-2025,2025-01-30,540.00,PE,0.00,0.00,0.00,117.35,128.65,0,0.00,111600,0,06-JAN-2025
OPTSTK,TATAPOWER,27-Mar-2025,2025-03-27,390.00,PE,0.00,0.00,0.00,21.25,26.25,0,0.00,0,0,06-JAN-2025
OPTSTK,TATAPOWER,27-Mar-2025,2025-03-27,390.00,CE,0.00,0.00,0.00,42.55,20.65,0,0.00,0,0,06-JAN-2025
OPTSTK,EXIDEIND,30-Jan-2025,2025-01-30,390.00,CE,29.35,29.35,25.30,26.45,26.45,7,52.4637,16200,9000,06-JAN-2025
OPTSTK,EXIDEIND,27-Mar-2025,2025-03-27,390.00,PE,0.00,0.00,0.00,18.20,14.90,0,0.00,0,0,06-JAN-2025
OPTSTK,TATAPOWER,30-Jan-2025,2025-01-30,390.00,CE,16.70,16.70,7.10,7.50,7.50,4791,25858.7262,2430000,1165050,06-JAN-2025
OPTSTK,EXIDEIND,27-Feb-2025,2025-02-27,475.00,CE,0.00,0.00,0.00,11.50,4.05,0,0.00,0,0,06-JAN-2025
OPTSTK,TATAPOWER,30-Jan-2025,2025-01-30,475.00,CE,0.00,0.00,0.00,0.25,0.05,0,0.00,4050,0,06-JAN-2025
OPTSTK,TATAPOWER,30-Jan-2025,2025-01-30,440.00,PE,45.70,60.90,45.70,60.90,60.00,14,92.691675,429300,1350,06-JAN-2025
OPTSTK,EXIDEIND,27-Mar-2025,2025-03-27,360.00,PE,0.00,0.00,0.00,9.25,6.30,0,0.00,0,0,06-JAN-2025
OPTSTK,TATAPOWER,27-Mar-2025,2025-03-27,360.00,PE,0.00,0.00,0.00,10.85,12.45,0,0.00,0,0,06-JAN-2025
OPTSTK,TATAPOWER,27-Mar-2025,2025-03-27,360.00,CE,0.00,0.00,0.00,61.65,36.40,0,0.00,0,0,06-JAN-2025
OPTSTK,EXIDEIND,27-Mar-2025,2025-03-27,360.00,CE,0.00,0.00,0.00,74.05,60.50,0,0.00,0,0,06-JAN-2025
OPTSTK,TATAPOWER,30-Jan-2025,2025-01-30,480.00,CE,0.25,0.30,0.20,0.25,0.25,117,758.549475,954450,-4050,06-JAN-2025
OPTSTK,EXIDEIND,27-Feb-2025,2025-02-27,380.00,CE,0.00,0.00,0.00,91.80,40.60,0,0.00,0,0,06-JAN-2025
OPTSTK,TATAPOWER,30-Jan-2025,2025-01-30,465.00,PE,0.00,0.00,0.00,56.00,84.40,0,0.00,6750,0,06-JAN-2025
OPTSTK,EXIDEIND,27-Feb-2025,2025-02-27,465.00,PE,0.00,0.00,0.00,54.75,57.05,0,0.00,0,0,06-JAN-2025
OPTSTK,EXIDEIND,27-Feb-2025,2025-02-27,405.00,PE,0.00,0.00,0.00,19.75,17.20,0,0.00,0,0,06-JAN-2025
OPTSTK,TATAPOWER,30-Jan-2025,2025-01-30,405.00,PE,14.35,29.85,14.35,28.75,28.75,489,2828.8764,1274400,-21600,06-JAN-2025
OPTSTK,EXIDEIND,27-Feb-2025,2025-02-27,390.00,CE,0.00,0.00,0.00,47.20,33.80,0,0.00,0,0,06-JAN-2025
OPTSTK,ASTRAL,30-Jan-2025,2025-01-30,1960.00,PE,0.00,0.00,0.00,126.00,394.90,0,0.00,1468,0,06-JAN-2025
OPTSTK,LUPIN,30-Jan-2025,2025-01-30,1960.00,PE,0.00,0.00,0.00,1.50,0.10,0,0.00,29325,0,06-JAN-2025
OPTSTK,SUPREMEIND,27-Feb-2025,2025-02-27,3800.00,CE,0.00,0.00,0.00,892.10,782.40,0,0.00,0,0,06-JAN-2025
OPTSTK,SUPREMEIND,27-Feb-2025,2025-02-27,3800.00,PE,0.00,0.00,0.00,103.35,26.80,0,0.00,0,0,06-JAN-2025
OPTSTK,SUPREMEIND,30-Jan-2025,2025-01-30,3800.00,PE,0.00,0.00,0.00,66.65,4.95,0,0.00,0,0,06-JAN-2025
OPTSTK,SUPREMEIND,27-Feb-2025,2025-02-27,5300.00,CE,0.00,0.00,0.00,182.50,51.05,0,0.00,0,0,06-JAN-2025
OPTSTK,SUPREMEIND,27-Feb-2025,2025-02-27,5300.00,PE,0.00,0.00,0.00,659.50,781.05,0,0.00,0,0,06-JAN-2025
OPTSTK,LUPIN,30-Jan-2025,2025-01-30,2060.00,CE,0.00,0.00,0.00,152.00,310.45,0,0.00,1275,0,06-JAN-2025
OPTSTK,LUPIN,27-Mar-2025,2025-03-27,1920.00,CE,0.00,0.00,0.00,327.65,472.40,0,0.00,0,0,06-JAN-2025
OPTSTK,ASTRAL,27-Mar-2025,2025-03-27,1920.00,PE,0.00,0.00,0.00,249.80,340.35,0,0.00,0,0,06-JAN-2025
OPTSTK,SUPREMEIND,27-Mar-2025,2025-03-27,5600.00,PE,0.00,0.00,0.00,923.75,1053.95,0,0.00,0,0,06-JAN-2025
OPTSTK,SUPREMEIND,27-Feb-2025,2025-02-27,5600.00,PE,0.00,0.00,0.00,1100.10,1050.35,0,0.00,0,0,06-JAN-2025
OPTSTK,SUPREMEIND,27-Feb-2025,2025-02-27,5600.00,CE,0.00,0.00,0.00,121.30,23.20,0,0.00,0,0,06-JAN-2025
OPTSTK,LUPIN,27-Mar-2025,2025-03-27,2200.00,CE,0.00,0.00,0.00,148.10,233.85,0,0.00,0,0,06-JAN-2025
OPTSTK,ASTRAL,27-Feb-2025,2025-02-27,1700.00,CE,0.00,0.00,0.00,84.15,19.35,0,0.00,0,0,06-JAN-2025
OPTSTK,ASTRAL,30-Jan-2025,2025-01-30,1700.00,CE,19.10,19.45,7.75,8.85,8.85,2834,17812.7995,579126,137258,06-JAN-2025
OPTSTK,LUPIN,30-Jan-2025,2025-01-30,2100.00,CE,270.00,270.00,260.00,260.00,271.85,3,30.1327125,53975,-850,06-JAN-2025
OPTSTK,LUPIN,27-Feb-2025,2025-02-27,2100.00,PE,0.00,0.00,0.00,65.70,11.00,0,0.00,0,0,06-JAN-2025
OPTSTK,ASTRAL,27-Feb-2025,2025-02-27,1720.00,CE,33.65,33.65,33.65,33.65,15.75,1,6.4358955,367,367,06-JAN-2025
OPTSTK,ASTRAL,27-Mar-2025,2025-03-27,1720.00,PE,0.00,0.00,0.00,114.65,166.95,0,0.00,0,0,06-JAN-2025
OPTSTK,LUPIN,30-Jan-2025,2025-01-30,2200.00,PE,11.95,13.60,9.70,12.30,12.30,596,5601.94178,274550,5525,06-JAN-2025
OPTSTK,LUPIN,27-Feb-2025,2025-02-27,2100.00,CE,0.00,0.00,0.00,174.15,291.35,0,0.00,0,0,06-JAN-2025
OPTSTK,SUPREMEIND,30-Jan-2025,2025-01-30,5000.00,PE,422.45,500.00,422.45,500.00,500.00,2,13.6530625,1250,-250,06-JAN-2025
OPTSTK,LUPIN,27-Mar-2025,2025-03-27,2400.00,CE,0.00,0.00,0.00,72.35,115.00,0,0.00,0,0,06-JAN-2025
OPTSTK,ASTRAL,30-Jan-2025,2025-01-30,1540.00,CE,87.00,87.00,51.55,56.50,56.50,65,381.980022,8808,7340,06-JAN-2025
OPTSTK,LUPIN,30-Jan-2025,2025-01-30,2240.00,PE,16.95,19.35,14.60,18.05,18.05,161,1544.30358,71400,-14025,06-JAN-2025
OPTSTK,LUPIN,27-Feb-2025,2025-02-27,2240.00,CE,0.00,0.00,0.00,181.10,179.35,0,0.00,425,0,06-JAN-2025
OPTSTK,LUPIN,27-Feb-2025,2025-02-27,2240.00,PE,0.00,0.00,0.00,34.70,37.65,0,0.00,425,0,06-JAN-2025
OPTSTK,ASTRAL,27-Feb-2025,2025-02-27,1560.00,PE,0.00,0.00,0.00,21.20,55.60,0,0.00,0,0,06-JAN-2025
OPTSTK,ASTRAL,27-Feb-2025,2025-02-27,1540.00,CE,0.00,0.00,0.00,179.80,77.60,0,0.00,0,0,06-JAN-2025
OPTSTK,ASTRAL,30-Jan-2025,2025-01-30,1560.00,PE,17.20,49.70,14.70,43.75,43.75,1961,11521.2684,108632,-80740,06-JAN-2025
OPTSTK,ASTRAL,30-Jan-2025,2025-01-30,1960.00,CE,0.00,0.00,0.00,58.00,0.05,0,0.00,0,0,06-JAN-2025
OPTSTK,DRREDDY,27-Mar-2025,2025-03-27,1600.00,CE,0.00,0.00,0.00,9.50,2.40,0,0.00,0,0,06-JAN-2025
OPTSTK,LT,27-Feb-2025,2025-02-27,3800.00,CE,87.85,100.70,66.10,72.45,78.40,38,220.99785,14700,1800,06-JAN-2025
OPTSTK,LT,27-Mar-2025,2025-03-27,4200.00,CE,0.00,0.00,0.00,71.55,30.30,0,0.00,0,0,06-JAN-2025
OPTSTK,DRREDDY,27-Feb-2025,2025-02-27,1470.00,CE,0.00,0.00,0.00,20.85,8.10,0,0.00,0,0,06-JAN-2025
OPTSTK,LT,30-Jan-2025,2025-01-30,3950.00,PE,296.35,296.35,296.35,296.35,340.60,1,6.369525,14550,0,06-JAN-2025
OPTSTK,LT,30-Jan-2025,2025-01-30,3950.00,CE,11.05,14.80,7.05,7.55,7.55,1548,9196.22685,98700,-11250,06-JAN-2025
OPTSTK,DRREDDY,27-Feb-2025,2025-02-27,1470.00,PE,0.00,0.00,0.00,117.30,113.70,0,0.00,0,0,06-JAN-2025
OPTSTK,DRREDDY,27-Mar-2025,2025-03-27,1320.00,PE,0.00,0.00,0.00,38.75,27.20,0,0.00,0,0,06-JAN-2025
OPTSTK,DRREDDY,27-Feb-2025,2025-02-27,1320.00,CE,0.00,0.00,0.00,21.00,64.05,0,0.00,0,0,06-JAN-2025
OPTSTK,LT,27-Feb-2025,2025-02-27,3300.00,PE,0.00,0.00,0.00,70.00,28.70,0,0.00,0,0,06-JAN-2025
OPTSTK,DRREDDY,27-Feb-2025,2025-02-27,1250.00,PE,0.00,0.00,0.00,12.50,5.45,0,0.00,0,0,06-JAN-2025
OPTSTK,DRREDDY,27-Feb-2025,2025-02-27,1430.00,CE,0.00,0.00,0.00,31.70,15.70,0,0.00,0,0,06-JAN-2025
OPTSTK,LT,30-Jan-2025,2025-01-30,3900.00,CE,17.10,21.35,10.10,10.90,10.90,3152,18506.0379,366900,12150,06-JAN-2025
OPTSTK,DRREDDY,30-Jan-2025,2025-01-30,1560.00,CE,0.75,1.25,0.70,1.20,1.20,89,868.3,261875,1250,06-JAN-2025
OPTSTK,DRREDDY,27-Feb-2025,2025-02-27,1220.00,CE,0.00,0.00,0.00,53.65,144.65,0,0.00,0,0,06-JAN-2025
OPTSTK,DRREDDY,27-Feb-2025,2025-02-27,1340.00,PE,34.50,34.50,34.50,34.50,28.60,1,8.590625,1250,625,06-JAN-2025
OPTSTK,DRREDDY,30-Jan-2025,2025-01-30,1220.00,CE,0.00,0.00,0.00,103.75,136.15,0,0.00,0,0,06-JAN-2025
OPTSTK,DRREDDY,27-Mar-2025,2025-03-27,1520.00,PE,0.00,0.00,0.00,158.20,155.50,0,0.00,0,0,06-JAN-2025
OPTSTK,LT,30-Jan-2025,2025-01-30,3400.00,CE,299.30,299.40,240.00,240.00,240.30,19,104.3364,14700,600,06-JAN-2025
OPTSTK,DRREDDY,27-Mar-2025,2025-03-27,1500.00,PE,0.00,0.00,0.00,142.75,138.45,0,0.00,0,0,06-JAN-2025
OPTSTK,DRREDDY,30-Jan-2025,2025-01-30,1500.00,CE,2.90,3.35,1.80,3.15,3.15,1336,12546.6115,486250,25000,06-JAN-2025
OPTSTK,LT,27-Mar-2025,2025-03-27,4000.00,CE,0.00,0.00,0.00,116.85,62.05,0,0.00,0,0,06-JAN-2025
OPTSTK,LT,30-Jan-2025,2025-01-30,3800.00,CE,37.05,43.95,21.40,23.30,23.30,8502,48847.3719,568350,90600,06-JAN-2025
OPTSTK,DRREDDY,30-Jan-2025,2025-01-30,1180.00,CE,0.00,0.00,0.00,132.35,175.60,0,0.00,0,0,06-JAN-2025
OPTSTK,DRREDDY,27-Feb-2025,2025-02-27,1180.00,PE,0.00,0.00,0.00,40.65,0.85,0,0.00,0,0,06-JAN-2025
OPTSTK,DRREDDY,30-Jan-2025,2025-01-30,1350.00,CE,38.35,39.70,28.30,37.65,37.65,1233,10669.9225,230625,64375,06-JAN-2025
OPTSTK,LT,30-Jan-2025,2025-01-30,3850.00,PE,231.15,244.45,231.15,242.05,242.05,8,49.082475,36000,-600,06-JAN-2025
OPTSTK,LT,27-Feb-2025,2025-02-27,3850.00,CE,0.00,0.00,0.00,119.70,64.10,0,0.00,0,0,06-JAN-2025
OPTSTK,LT,27-Feb-2025,2025-02-27,3850.00,PE,0.00,0.00,0.00,291.95,274.05,0,0.00,0,0,06-JAN-2025
OPTSTK,DRREDDY,27-Feb-2025,2025-02-27,1340.00,CE,0.00,0.00,0.00,16.95,51.80,0,0.00,0,0,06-JAN-2025
OPTSTK,DRREDDY,30-Jan-2025,2025-01-30,1520.00,CE,2.50,2.50,1.10,2.30,2.30,128,1217.535,106250,10000,06-JAN-2025
OPTSTK,DRREDDY,30-Jan-2025,2025-01-30,1450.00,PE,0.00,0.00,0.00,95.25,96.10,0,0.00,15625,0,06-JAN-2025
OPTSTK,SUNPHARMA,30-Jan-2025,2025-01-30,2000.00,CE,2.95,3.50,2.25,3.35,3.35,1129,7914.19755,606550,13300,06-JAN-2025
OPTSTK,SUNPHARMA,27-Feb-2025,2025-02-27,1560.00,CE,0.00,0.00,0.00,215.10,302.50,0,0.00,0,0,06-JAN-2025
OPTSTK,SUNPHARMA,30-Jan-2025,2025-01-30,1560.00,CE,0.00,0.00,0.00,320.75,294.30,0,0.00,0,0,06-JAN-2025
OPTSTK,SUNPHARMA,27-Feb-2025,2025-02-27,2040.00,PE,0.00,0.00,0.00,279.05,179.35,0,0.00,0,0,06-JAN-2025
OPTSTK,SUNPHARMA,30-Jan-2025,2025-01-30,2040.00,PE,0.00,0.00,0.00,173.80,184.35,0,0.00,1050,0,06-JAN-2025
OPTSTK,SUNPHARMA,30-Jan-2025,2025-01-30,2040.00,CE,1.95,2.15,1.50,2.10,2.10,191,1364.91547,82950,15750,06-JAN-2025
OPTSTK,BALKRISIND,30-Jan-2025,2025-01-30,2440.00,CE,0.00,0.00,0.00,411.50,299.25,0,0.00,0,0,06-JAN-2025
OPTSTK,SUNPHARMA,30-Jan-2025,2025-01-30,1560.00,PE,0.00,0.00,0.00,3.75,0.05,0,0.00,0,0,06-JAN-2025
OPTSTK,SUNPHARMA,27-Mar-2025,2025-03-27,1960.00,PE,0.00,0.00,0.00,131.40,115.30,0,0.00,0,0,06-JAN-2025
OPTSTK,SUNPHARMA,27-Mar-2025,2025-03-27,1960.00,CE,0.00,0.00,0.00,48.15,31.50,0,0.00,0,0,06-JAN-2025
OPTSTK,BALKRISIND,27-Feb-2025,2025-02-27,2660.00,PE,0.00,0.00,0.00,77.10,78.25,0,0.00,0,0,06-JAN-2025
OPTSTK,BALKRISIND,27-Feb-2025,2025-02-27,3120.00,CE,0.00,0.00,0.00,71.55,19.70,0,0.00,0,0,06-JAN-2025
OPTSTK,BALKRISIND,27-Feb-2025,2025-02-27,2980.00,CE,0.00,0.00,0.00,113.40,42.00,0,0.00,0,0,06-JAN-2025
OPTSTK,SUNPHARMA,27-Feb-2025,2025-02-27,1700.00,CE,0.00,0.00,0.00,176.15,168.85,0,0.00,0,0,06-JAN-2025
OPTSTK,BALKRISIND,27-Mar-2025,2025-03-27,2840.00,CE,0.00,0.00,0.00,212.35,115.30,0,0.00,0,0,06-JAN-2025
OPTSTK,BALKRISIND,30-Jan-2025,2025-01-30,2840.00,PE,118.30,118.30,118.30,118.30,144.90,1,8.8749,1800,-300,06-JAN-2025
OPTSTK,SUNPHARMA,30-Jan-2025,2025-01-30,1720.00,CE,0.00,0.00,0.00,154.00,136.95,0,0.00,700,0,06-JAN-2025
OPTSTK,BALKRISIND,30-Jan-2025,2025-01-30,2880.00,CE,62.25,62.25,36.35,37.85,37.85,13,114.0891,12900,0,06-JAN-2025
OPTSTK,BALKRISIND,30-Jan-2025,2025-01-30,2580.00,CE,216.95,216.95,178.30,183.25,179.00,4,33.25275,900,900,06-JAN-2025
OPTSTK,BALKRISIND,30-Jan-2025,2025-01-30,2480.00,CE,0.00,0.00,0.00,375.65,262.75,0,0.00,0,0,06-JAN-2025
OPTSTK,BALKRISIND,27-Feb-2025,2025-02-27,2480.00,CE,0.00,0.00,0.00,408.05,293.40,0,0.00,0,0,06-JAN-2025
OPTSTK,SUNPHARMA,30-Jan-2025,2025-01-30,1600.00,CE,0.00,0.00,0.00,234.00,254.50,0,0.00,9100,0,06-JAN-2025
OPTSTK,SUNPHARMA,27-Mar-2025,2025-03-27,1920.00,CE,0.00,0.00,0.00,62.25,44.55,0,0.00,0,0,06-JAN-2025
OPTSTK,SUNPHARMA,27-Mar-2025,2025-03-27,1920.00,PE,0.00,0.00,0.00,106.20,88.95,0,0.00,0,0,06-JAN-2025
OPTSTK,BALKRISIND,27-Mar-2025,2025-03-27,3040.00,PE,0.00,0.00,0.00,290.90,327.70,0,0.00,0,0,06-JAN-2025
OPTSTK,BALKRISIND,30-Jan-2025,2025-01-30,3040.00,CE,13.35,13.55,12.10,12.50,7.60,17,155.69715,4800,3300,06-JAN-2025
OPTSTK,SUNPHARMA,27-Feb-2025,2025-02-27,1840.00,CE,67.85,67.85,67.85,67.85,64.35,1,6.677475,350,350,06-JAN-2025
OPTSTK,SUNPHARMA,30-Jan-2025,2025-01-30,1840.00,CE,42.50,46.30,32.45,43.20,43.20,2217,14584.9320,312200,58800,06-JAN-2025
OPTSTK,SUNPHARMA,30-Jan-2025,2025-01-30,1840.00,PE,26.10,35.80,20.35,27.95,27.95,1816,11879.9887,238350,-15050,06-JAN-2025
OPTSTK,BALKRISIND,30-Jan-2025,2025-01-30,2620.00,CE,0.00,0.00,0.00,260.30,149.55,0,0.00,0,0,06-JAN-2025
OPTSTK,SUNPHARMA,27-Feb-2025,2025-02-27,2000.00,PE,0.00,0.00,0.00,243.95,144.45,0,0.00,0,0,06-JAN-2025
OPTSTK,ICICIPRULI,27-Mar-2025,2025-03-27,720.00,CE,0.00,0.00,0.00,26.30,14.90,0,0.00,0,0,06-JAN-2025
OPTSTK,ICICIPRULI,27-Feb-2025,2025-02-27,720.00,PE,0.00,0.00,0.00,52.95,60.00,0,0.00,0,0,06-JAN-2025
OPTSTK,CYIENT,30-Jan-2025,2025-01-30,1600.00,CE,0.00,0.00,0.00,303.95,165.25,0,0.00,0,0,06-JAN-2025
OPTSTK,ICICIPRULI,27-Feb-2025,2025-02-27,600.00,CE,0.00,0.00,0.00,60.75,71.95,0,0.00,750,0,06-JAN-2025
OPTSTK,ICICIPRULI,30-Jan-2025,2025-01-30,600.00,PE,2.15,4.00,2.05,3.30,3.30,157,710.04525,152250,21000,06-JAN-2025
OPTSTK,CYIENT,30-Jan-2025,2025-01-30,1900.00,CE,22.65,29.00,19.95,20.70,20.70,198,1142.04555,146700,6300,06-JAN-2025
OPTSTK,CYIENT,27-Feb-2025,2025-02-27,1900.00,CE,0.00,0.00,0.00,154.15,39.40,0,0.00,0,0,06-JAN-2025
OPTSTK,CYIENT,27-Feb-2025,2025-02-27,1520.00,CE,0.00,0.00,0.00,389.50,254.40,0,0.00,0,0,06-JAN-2025
OPTSTK,ICICIPRULI,30-Jan-2025,2025-01-30,740.00,CE,3.95,4.05,1.95,2.20,2.20,158,879.8595,73500,-35250,06-JAN-2025
OPTSTK,CYIENT,30-Jan-2025,2025-01-30,1860.00,PE,145.75,145.75,145.55,145.55,126.65,3,18.05055,57900,-900,06-JAN-2025
OPTSTK,ICICIPRULI,27-Mar-2025,2025-03-27,740.00,CE,0.00,0.00,0.00,20.45,10.40,0,0.00,0,0,06-JAN-2025
OPTSTK,ICICIPRULI,30-Jan-2025,2025-01-30,740.00,PE,0.00,0.00,0.00,75.05,75.90,0,0.00,3750,0,06-JAN-2025
OPTSTK,ICICIPRULI,27-Feb-2025,2025-02-27,740.00,CE,0.00,0.00,0.00,30.25,5.35,0,0.00,0,0,06-JAN-2025
OPTSTK,CYIENT,27-Feb-2025,2025-02-27,2020.00,PE,0.00,0.00,0.00,166.15,269.65,0,0.00,0,0,06-JAN-2025
OPTSTK,CYIENT,30-Jan-2025,2025-01-30,1600.00,PE,13.80,22.05,12.90,21.35,21.35,150,728.1249,59100,-11100,06-JAN-2025
OPTSTK,CYIENT,27-Mar-2025,2025-03-27,1600.00,PE,0.00,0.00,0.00,27.80,39.45,0,0.00,0,0,06-JAN-2025
OPTSTK,CYIENT,30-Jan-2025,2025-01-30,1960.00,PE,0.00,0.00,0.00,170.30,210.65,0,0.00,0,0,06-JAN-2025
OPTSTK,CYIENT,27-Feb-2025,2025-02-27,1960.00,PE,0.00,0.00,0.00,188.75,219.45,0,0.00,0,0,06-JAN-2025
OPTSTK,CYIENT,27-Feb-2025,2025-02-27,2020.00,CE,0.00,0.00,0.00,99.80,17.05,0,0.00,0,0,06-JAN-2025
OPTSTK,CYIENT,30-Jan-2025,2025-01-30,1800.00,CE,59.00,65.00,45.90,47.40,47.40,547,3042.8358,84300,35100,06-JAN-2025
OPTSTK,CYIENT,27-Feb-2025,2025-02-27,1800.00,CE,90.00,90.00,65.00,65.00,72.35,2,11.265,900,300,06-JAN-2025
OPTSTK,CYIENT,27-Feb-2025,2025-02-27,1740.00,CE,0.00,0.00,0.00,254.15,100.05,0,0.00,0,0,06-JAN-2025
OPTSTK,CYIENT,30-Jan-2025,2025-01-30,2160.00,PE,0.00,0.00,0.00,314.40,402.75,0,0.00,0,0,06-JAN-2025
OPTSTK,ICICIPRULI,30-Jan-2025,2025-01-30,610.00,PE,2.85,5.60,2.30,4.65,4.65,146,672.3645,110250,6000,06-JAN-2025
OPTSTK,ICICIPRULI,30-Jan-2025,2025-01-30,700.00,PE,31.95,46.40,30.90,43.25,43.25,21,116.3865,48000,750,06-JAN-2025
OPTSTK,ICICIPRULI,27-Feb-2025,2025-02-27,690.00,CE,0.00,0.00,0.00,28.90,17.10,0,0.00,0,0,06-JAN-2025
OPTSTK,ICICIPRULI,30-Jan-2025,2025-01-30,690.00,PE,24.20,38.95,24.20,36.40,36.40,35,189.819,31500,1500,06-JAN-2025
OPTSTK,ICICIPRULI,27-Feb-2025,2025-02-27,690.00,PE,0.00,0.00,0.00,42.15,38.60,0,0.00,0,0,06-JAN-2025
OPTSTK,CYIENT,27-Feb-2025,2025-02-27,1440.00,PE,0.00,0.00,0.00,13.70,4.45,0,0.00,0,0,06-JAN-2025
OPTSTK,CYIENT,27-Feb-2025,2025-02-27,1700.00,PE,0.00,0.00,0.00,34.10,57.75,0,0.00,0,0,06-JAN-2025
OPTSTK,CYIENT,27-Feb-2025,2025-02-27,1700.00,CE,0.00,0.00,0.00,283.75,122.10,0,0.00,0,0,06-JAN-2025
OPTSTK,CYIENT,27-Feb-2025,2025-02-27,1480.00,CE,0.00,0.00,0.00,422.90,289.65,0,0.00,0,0,06-JAN-2025
OPTSTK,HCLTECH,27-Feb-2025,2025-02-27,2040.00,CE,0.00,0.00,0.00,41.80,37.70,0,0.00,0,0,06-JAN-2025
OPTSTK,HCLTECH,27-Mar-2025,2025-03-27,2040.00,CE,0.00,0.00,0.00,58.95,56.25,0,0.00,0,0,06-JAN-2025
OPTSTK,PAYTM,27-Feb-2025,2025-02-27,1000.00,PE,0.00,0.00,0.00,163.50,94.65,0,0.00,0,0,06-JAN-2025
OPTSTK,HCLTECH,27-Mar-2025,2025-03-27,1960.00,PE,0.00,0.00,0.00,112.40,69.55,0,0.00,0,0,06-JAN-2025
OPTSTK,HCLTECH,27-Feb-2025,2025-02-27,1980.00,PE,0.00,0.00,0.00,113.90,69.10,0,0.00,0,0,06-JAN-2025
OPTSTK,PAYTM,30-Jan-2025,2025-01-30,900.00,CE,106.60,112.45,90.85,91.40,91.40,36,234.64155,302250,2600,06-JAN-2025
OPTSTK,HCLTECH,30-Jan-2025,2025-01-30,1980.00,CE,33.00,42.60,27.90,34.45,34.45,2782,19624.2362,354550,-4900,06-JAN-2025
OPTSTK,HCLTECH,30-Jan-2025,2025-01-30,2000.00,PE,80.55,95.55,68.75,84.35,84.35,293,2134.9076,89250,15050,06-JAN-2025
OPTSTK,PAYTM,30-Jan-2025,2025-01-30,1000.00,CE,43.35,45.80,30.80,32.80,32.80,4104,27718.6861,1597700,-47450,06-JAN-2025
OPTSTK,HCLTECH,27-Mar-2025,2025-03-27,2320.00,CE,0.00,0.00,0.00,10.50,6.05,0,0.00,0,0,06-JAN-2025
OPTSTK,PAYTM,27-Feb-2025,2025-02-27,880.00,PE,0.00,0.00,0.00,96.95,39.10,0,0.00,0,0,06-JAN-2025
OPTSTK,HCLTECH,30-Jan-2025,2025-01-30,1860.00,PE,20.35,25.35,14.80,21.30,21.30,843,5548.64852,203350,18200,06-JAN-2025
OPTSTK,HCLTECH,30-Jan-2025,2025-01-30,2180.00,PE,0.00,0.00,0.00,320.10,218.70,0,0.00,0,0,06-JAN-2025
OPTSTK,HCLTECH,30-Jan-2025,2025-01-30,2180.00,CE,0.00,0.00,0.00,8.30,1.40,0,0.00,0,0,06-JAN-2025
OPTSTK,HCLTECH,30-Jan-2025,2025-01-30,2020.00,CE,22.90,27.00,17.15,21.75,21.75,1597,11410.0260,731150,10500,06-JAN-2025
OPTSTK,HCLTECH,27-Feb-2025,2025-02-27,2020.00,CE,0.00,0.00,0.00,45.95,44.55,0,0.00,0,0,06-JAN-2025
OPTSTK,HCLTECH,30-Jan-2025,2025-01-30,2020.00,PE,91.50,100.30,83.55,99.35,99.35,26,192.451175,20300,350,06-JAN-2025
OPTSTK,HCLTECH,30-Jan-2025,2025-01-30,1700.00,PE,1.85,3.45,1.80,3.25,3.25,213,1269.49742,179550,11900,06-JAN-2025
OPTSTK,HCLTECH,27-Feb-2025,2025-02-27,1700.00,PE,0.00,0.00,0.00,12.45,2.25,0,0.00,0,0,06-JAN-2025
OPTSTK,PAYTM,30-Jan-2025,2025-01-30,1060.00,CE,18.80,21.70,13.80,14.35,14.35,824,5773.15732,389350,13650,06-JAN-2025
OPTSTK,HCLTECH,27-Feb-2025,2025-02-27,2120.00,CE,0.00,0.00,0.00,25.90,17.90,0,0.00,0,0,06-JAN-2025
OPTSTK,HCLTECH,30-Jan-2025,2025-01-30,2060.00,CE,14.35,16.65,10.40,13.40,13.40,645,4680.19685,129150,1750,06-JAN-2025
OPTSTK,HCLTECH,27-Feb-2025,2025-02-27,1760.00,CE,0.00,0.00,0.00,162.50,215.95,0,0.00,0,0,06-JAN-2025
OPTSTK,PAYTM,30-Jan-2025,2025-01-30,840.00,CE,0.00,0.00,0.00,148.80,143.40,0,0.00,3250,0,06-JAN-2025
OPTSTK,HCLTECH,27-Mar-2025,2025-03-27,1600.00,CE,0.00,0.00,0.00,337.10,377.80,0,0.00,0,0,06-JAN-2025
OPTSTK,PAYTM,30-Jan-2025,2025-01-30,1020.00,PE,55.00,73.30,51.70,69.45,69.45,209,1463.64952,507650,26000,06-JAN-2025
OPTSTK,AXISBANK,30-Jan-2025,2025-01-30,1130.00,PE,50.00,71.00,50.00,68.75,68.75,31,230.163125,83750,1250,06-JAN-2025
OPTSTK,AXISBANK,30-Jan-2025,2025-01-30,1150.00,CE,6.50,7.00,4.10,4.30,4.30,2014,14539.8753,1566875,74375,06-JAN-2025
OPTSTK,AXISBANK,30-Jan-2025,2025-01-30,1150.00,PE,64.00,86.35,64.00,85.25,85.25,19,145.89625,660625,2500,06-JAN-2025
OPTSTK,AXISBANK,27-Feb-2025,2025-02-27,1150.00,PE,0.00,0.00,0.00,87.55,88.35,0,0.00,0,0,06-JAN-2025
OPTSTK,AXISBANK,30-Jan-2025,2025-01-30,1160.00,CE,5.15,5.45,3.25,3.40,3.40,1161,8448.20625,741875,46875,06-JAN-2025
OPTSTK,SRF,27-Mar-2025,2025-03-27,1920.00,PE,0.00,0.00,0.00,17.50,5.90,0,0.00,0,0,06-JAN-2025
OPTSTK,JSL,27-Feb-2025,2025-02-27,660.00,PE,0.00,0.00,0.00,42.65,33.65,0,0.00,0,0,06-JAN-2025
OPTSTK,AXISBANK,30-Jan-2025,2025-01-30,1030.00,PE,7.10,15.20,6.55,13.50,13.50,1008,6554.2975,303125,-35625,06-JAN-2025
OPTSTK,JSL,27-Mar-2025,2025-03-27,760.00,PE,0.00,0.00,0.00,74.60,104.40,0,0.00,0,0,06-JAN-2025
OPTSTK,JSL,30-Jan-2025,2025-01-30,710.00,CE,12.00,12.00,8.15,8.60,8.60,69,384.485637,82925,2325,06-JAN-2025
OPTSTK,AXISBANK,27-Feb-2025,2025-02-27,940.00,PE,0.00,0.00,0.00,3.40,2.80,0,0.00,0,0,06-JAN-2025
OPTSTK,AXISBANK,27-Mar-2025,2025-03-27,940.00,PE,0.00,0.00,0.00,10.55,5.80,0,0.00,0,0,06-JAN-2025
OPTSTK,JSL,27-Feb-2025,2025-02-27,590.00,CE,0.00,0.00,0.00,158.35,89.50,0,0.00,0,0,06-JAN-2025
OPTSTK,AXISBANK,27-Mar-2025,2025-03-27,1140.00,CE,0.00,0.00,0.00,44.10,24.60,0,0.00,0,0,06-JAN-2025
OPTSTK,AXISBANK,27-Feb-2025,2025-02-27,1140.00,PE,0.00,0.00,0.00,59.40,80.70,0,0.00,0,0,06-JAN-2025
OPTSTK,AXISBANK,27-Feb-2025,2025-02-27,900.00,PE,0.00,0.00,0.00,2.25,0.85,0,0.00,0,0,06-JAN-2025
OPTSTK,AXISBANK,30-Jan-2025,2025-01-30,900.00,PE,0.65,0.80,0.65,0.75,0.75,40,225.17125,32500,4375,06-JAN-2025
OPTSTK,JSL,30-Jan-2025,2025-01-30,730.00,PE,55.90,71.15,55.90,71.05,71.05,12,73.650575,7750,-2325,06-JAN-2025
OPTSTK,AXISBANK,30-Jan-2025,2025-01-30,1300.00,CE,0.50,0.50,0.40,0.45,0.45,72,585.19375,153750,-33125,06-JAN-2025
OPTSTK,JSL,30-Jan-2025,2025-01-30,770.00,CE,1.25,2.10,1.25,1.70,2.40,38,227.3137,31000,-6975,06-JAN-2025
OPTSTK,JSL,27-Feb-2025,2025-02-27,770.00,PE,0.00,0.00,0.00,71.55,108.25,0,0.00,0,0,06-JAN-2025
OPTSTK,SRF,27-Feb-2025,2025-02-27,2120.00,PE,0.00,0.00,0.00,63.90,22.40,0,0.00,0,0,06-JAN-2025
OPTSTK,SRF,27-Feb-2025,2025-02-27,2120.00,CE,0.00,0.00,0.00,244.55,200.10,0,0.00,0,0,06-JAN-2025
OPTSTK,SRF,27-Mar-2025,2025-03-27,2200.00,PE,0.00,0.00,0.00,60.00,58.20,0,0.00,2250,0,06-JAN-2025
OPTSTK,AXISBANK,27-Mar-2025,2025-03-27,1120.00,CE,0.00,0.00,0.00,51.75,30.90,0,0.00,0,0,06-JAN-2025
OPTSTK,SRF,27-Mar-2025,2025-03-27,2080.00,CE,0.00,0.00,0.00,268.40,253.45,0,0.00,0,0,06-JAN-2025
OPTSTK,SRF,27-Feb-2025,2025-02-27,2140.00,PE,0.00,0.00,0.00,51.15,26.80,0,0.00,0,0,06-JAN-2025
OPTSTK,AXISBANK,30-Jan-2025,2025-01-30,1080.00,PE,24.00,36.45,18.95,33.55,33.55,2752,19050.2731,927500,41875,06-JAN-2025
OPTSTK,SRF,30-Jan-2025,2025-01-30,2280.00,PE,49.95,67.70,44.15,66.60,66.60,245,2146.01325,37500,-8250,06-JAN-2025
OPTSTK,JSL,30-Jan-2025,2025-01-30,660.00,CE,29.80,29.80,29.80,29.80,30.05,1,5.34595,775,775,06-JAN-2025
OPTSTK,SRF,30-Jan-2025,2025-01-30,2000.00,CE,0.00,0.00,0.00,300.00,287.15,0,0.00,1875,0,06-JAN-2025
OPTSTK,AXISBANK,30-Jan-2025,2025-01-30,1250.00,CE,0.65,0.75,0.55,0.60,0.60,119,930.1825,520625,-32500,06-JAN-2025
OPTSTK,ULTRACEMCO,27-Feb-2025,2025-02-27,12900.00,PE,0.00,0.00,0.00,1405.85,1329.30,0,0.00,0,0,06-JAN-2025
OPTSTK,VOLTAS,30-Jan-2025,2025-01-30,1940.00,PE,0.00,0.00,0.00,128.20,165.65,0,0.00,300,0,06-JAN-2025
OPTSTK,ULTRACEMCO,27-Feb-2025,2025-02-27,12800.00,PE,0.00,0.00,0.00,1706.95,1241.35,0,0.00,0,0,06-JAN-2025
OPTSTK,ULTRACEMCO,27-Mar-2025,2025-03-27,12800.00,PE,0.00,0.00,0.00,1349.05,1247.05,0,0.00,0,0,06-JAN-2025
OPTSTK,VOLTAS,30-Jan-2025,2025-01-30,1820.00,PE,44.80,75.95,43.65,73.65,73.65,729,4113.141,56700,-21300,06-JAN-2025
OPTSTK,VOLTAS,30-Jan-2025,2025-01-30,1900.00,CE,22.25,23.10,12.25,13.75,13.75,2315,13304.0043,199500,-51000,06-JAN-2025
OPTSTK,ULTRACEMCO,30-Jan-2025,2025-01-30,9600.00,PE,0.00,0.00,0.00,77.65,0.15,0,0.00,0,0,06-JAN-2025
OPTSTK,VOLTAS,27-Feb-2025,2025-02-27,1860.00,CE,0.00,0.00,0.00,54.65,53.35,0,0.00,0,0,06-JAN-2025
OPTSTK,ULTRACEMCO,30-Jan-2025,2025-01-30,9600.00,CE,0.00,0.00,0.00,1715.95,1946.25,0,0.00,0,0,06-JAN-2025
OPTSTK,ULTRACEMCO,27-Feb-2025,2025-02-27,12500.00,PE,0.00,0.00,0.00,1089.10,989.20,0,0.00,0,0,06-JAN-2025
OPTSTK,ULTRACEMCO,30-Jan-2025,2025-01-30,12500.00,PE,0.00,0.00,0.00,713.85,970.05,0,0.00,250,0,06-JAN-2025
OPTSTK,ULTRACEMCO,27-Mar-2025,2025-03-27,10200.00,CE,0.00,0.00,0.00,1567.65,1509.75,0,0.00,0,0,06-JAN-2025
OPTSTK,VOLTAS,27-Feb-2025,2025-02-27,1660.00,PE,0.00,0.00,0.00,67.90,29.00,0,0.00,0,0,06-JAN-2025
OPTSTK,VOLTAS,30-Jan-2025,2025-01-30,1660.00,CE,169.40,169.40,131.65,131.65,135.95,7,37.9395,9000,-300,06-JAN-2025
OPTSTK,VOLTAS,27-Feb-2025,2025-02-27,1660.00,CE,0.00,0.00,0.00,140.00,160.80,0,0.00,0,0,06-JAN-2025
OPTSTK,VOLTAS,30-Jan-2025,2025-01-30,2020.00,CE,0.00,0.00,0.00,13.15,3.35,0,0.00,0,0,06-JAN-2025
OPTSTK,VOLTAS,30-Jan-2025,2025-01-30,1520.00,CE,0.00,0.00,0.00,210.10,263.60,0,0.00,0,0,06-JAN-2025
OPTSTK,ULTRACEMCO,27-Mar-2025,2025-03-27,10400.00,CE,0.00,0.00,0.00,1409.95,1338.65,0,0.00,0,0,06-JAN-2025
OPTSTK,ULTRACEMCO,27-Feb-2025,2025-02-27,10400.00,CE,0.00,0.00,0.00,1047.75,1247.40,0,0.00,0,0,06-JAN-2025
OPTSTK,ULTRACEMCO,27-Mar-2025,2025-03-27,13000.00,CE,0.00,0.00,0.00,199.20,106.70,0,0.00,0,0,06-JAN-2025
OPTSTK,ULTRACEMCO,27-Mar-2025,2025-03-27,13000.00,PE,0.00,0.00,0.00,1503.75,1412.15,0,0.00,0,0,06-JAN-2025
OPTSTK,ULTRACEMCO,30-Jan-2025,2025-01-30,13000.00,CE,21.20,24.50,12.75,14.95,14.95,793,5162.06207,31350,-850,06-JAN-2025
OPTSTK,ULTRACEMCO,27-Feb-2025,2025-02-27,13000.00,PE,0.00,0.00,0.00,1877.20,1418.85,0,0.00,0,0,06-JAN-2025
OPTSTK,ULTRACEMCO,27-Feb-2025,2025-02-27,11600.00,PE,0.00,0.00,0.00,819.85,387.65,0,0.00,0,0,06-JAN-2025
OPTSTK,ULTRACEMCO,27-Mar-2025,2025-03-27,11600.00,CE,0.00,0.00,0.00,653.60,526.35,0,0.00,0,0,06-JAN-2025
OPTSTK,ULTRACEMCO,30-Jan-2025,2025-01-30,11600.00,PE,175.80,331.70,157.00,308.55,308.55,1307,7753.5157,19600,-2100,06-JAN-2025
OPTSTK,ULTRACEMCO,27-Feb-2025,2025-02-27,11600.00,CE,0.00,0.00,0.00,426.90,402.25,0,0.00,0,0,06-JAN-2025
OPTSTK,ULTRACEMCO,27-Feb-2025,2025-02-27,11300.00,CE,0.00,0.00,0.00,674.40,565.35,0,0.00,0,0,06-JAN-2025
OPTSTK,VOLTAS,27-Mar-2025,2025-03-27,1520.00,CE,0.00,0.00,0.00,255.70,291.10,0,0.00,0,0,06-JAN-2025
OPTSTK,ULTRACEMCO,27-Feb-2025,2025-02-27,12100.00,PE,0.00,0.00,0.00,806.05,688.40,0,0.00,0,0,06-JAN-2025
OPTSTK,ULTRACEMCO,30-Jan-2025,2025-01-30,10900.00,PE,45.15,93.25,42.40,89.45,89.45,126,691.180075,12150,650,06-JAN-2025
OPTSTK,ULTRACEMCO,30-Jan-2025,2025-01-30,10900.00,CE,0.00,0.00,0.00,890.00,706.65,0,0.00,900,0,06-JAN-2025
OPTSTK,HINDUNILVR,27-Mar-2025,2025-03-27,2480.00,CE,0.00,0.00,0.00,68.75,59.30,0,0.00,0,0,06-JAN-2025
OPTSTK,HINDUNILVR,27-Feb-2025,2025-02-27,2380.00,CE,0.00,0.00,0.00,83.65,80.35,0,0.00,0,0,06-JAN-2025
OPTSTK,RBLBANK,27-Feb-2025,2025-02-27,147.50,PE,0.00,0.00,0.00,6.75,3.10,0,0.00,0,0,06-JAN-2025
OPTSTK,RBLBANK,27-Feb-2025,2025-02-27,152.50,PE,0.00,0.00,0.00,8.65,4.40,0,0.00,0,0,06-JAN-2025
OPTSTK,HINDUNILVR,27-Mar-2025,2025-03-27,2080.00,CE,0.00,0.00,0.00,307.40,331.50,0,0.00,0,0,06-JAN-2025
OPTSTK,HINDUNILVR,27-Feb-2025,2025-02-27,2160.00,PE,0.00,0.00,0.00,13.50,6.05,0,0.00,0,0,06-JAN-2025
OPTSTK,HINDUNILVR,30-Jan-2025,2025-01-30,2000.00,CE,0.00,0.00,0.00,565.85,385.05,0,0.00,0,0,06-JAN-2025
OPTSTK,HINDUNILVR,27-Mar-2025,2025-03-27,2440.00,PE,0.00,0.00,0.00,146.15,102.90,0,0.00,0,0,06-JAN-2025
OPTSTK,HINDUNILVR,30-Jan-2025,2025-01-30,2220.00,CE,0.00,0.00,0.00,136.30,170.05,0,0.00,900,0,06-JAN-2025
OPTSTK,HINDUNILVR,30-Jan-2025,2025-01-30,2220.00,PE,4.40,8.70,3.80,7.90,7.90,693,4628.83155,90600,15600,06-JAN-2025
OPTSTK,HINDUNILVR,27-Feb-2025,2025-02-27,2220.00,PE,0.00,0.00,0.00,35.90,13.15,0,0.00,0,0,06-JAN-2025
OPTSTK,RBLBANK,30-Jan-2025,2025-01-30,192.50,CE,0.00,0.00,0.00,5.20,1.05,0,0.00,2500,0,06-JAN-2025
OPTSTK,RBLBANK,30-Jan-2025,2025-01-30,187.50,CE,0.00,0.00,0.00,1.00,1.65,0,0.00,20000,0,06-JAN-2025
OPTSTK,RBLBANK,30-Jan-2025,2025-01-30,180.00,CE,1.15,1.20,0.75,1.05,1.05,37,167.41875,2520000,-92500,06-JAN-2025
OPTSTK,HINDUNILVR,27-Mar-2025,2025-03-27,2360.00,CE,0.00,0.00,0.00,117.75,114.55,0,0.00,0,0,06-JAN-2025
FUTSTK,RBLBANK,30-Jan-2025,2025-01-30,,,160.00,163.29,157.32,160.86,160.86,1465,5912.08975,61597500,-3600000,06-JAN-2025
OPTSTK,RBLBANK,27-Feb-2025,2025-02-27,145.00,PE,0.00,0.00,0.00,4.40,2.55,0,0.00,7500,0,06-JAN-2025
OPTSTK,RBLBANK,30-Jan-2025,2025-01-30,135.00,CE,0.00,0.00,0.00,23.30,32.55,0,0.00,22500,0,06-JAN-2025
OPTSTK,RBLBANK,27-Feb-2025,2025-02-27,135.00,PE,0.00,0.00,0.00,5.75,1.05,0,0.00,0,0,06-JAN-2025
OPTSTK,HINDUNILVR,27-Feb-2025,2025-02-27,2400.00,CE,82.25,83.30,66.80,72.35,72.35,35,259.6305,15300,2100,06-JAN-2025
OPTSTK,HINDUNILVR,27-Feb-2025,2025-02-27,2400.00,PE,60.95,70.35,60.95,70.35,71.15,4,29.59335,9300,600,06-JAN-2025
OPTSTK,HINDUNILVR,27-Feb-2025,2025-02-27,2760.00,CE,0.00,0.00,0.00,36.25,2.25,0,0.00,0,0,06-JAN-2025
OPTSTK,HINDUNILVR,27-Feb-2025,2025-02-27,2760.00,PE,0.00,0.00,0.00,284.25,359.60,0,0.00,0,0,06-JAN-2025
OPTSTK,HINDUNILVR,30-Jan-2025,2025-01-30,2760.00,PE,0.00,0.00,0.00,235.70,371.65,0,0.00,0,0,06-JAN-2025
OPTSTK,HINDUNILVR,30-Jan-2025,2025-01-30,2760.00,CE,0.00,0.00,0.00,53.55,0.10,0,0.00,0,0,06-JAN-2025
OPTSTK,HINDUNILVR,27-Feb-2025,2025-02-27,2440.00,CE,0.00,0.00,0.00,150.95,52.90,0,0.00,0,0,06-JAN-2025
OPTSTK,HINDUNILVR,27-Feb-2025,2025-02-27,2440.00,PE,0.00,0.00,0.00,84.75,93.35,0,0.00,0,0,06-JAN-2025
OPTSTK,RBLBANK,27-Feb-2025,2025-02-27,172.50,PE,0.00,0.00,0.00,18.95,13.25,0,0.00,0,0,06-JAN-2025
OPTSTK,RBLBANK,30-Jan-2025,2025-01-30,172.50,PE,0.00,0.00,0.00,16.30,10.30,0,0.00,37500,0,06-JAN-2025
OPTSTK,HINDUNILVR,27-Mar-2025,2025-03-27,2120.00,CE,0.00,0.00,0.00,274.55,295.00,0,0.00,0,0,06-JAN-2025
OPTSTK,HINDUNILVR,27-Mar-2025,2025-03-27,2120.00,PE,0.00,0.00,0.00,23.50,7.70,0,0.00,0,0,06-JAN-2025
OPTSTK,HINDUNILVR,30-Jan-2025,2025-01-30,2300.00,CE,130.00,130.00,97.40,107.60,107.60,109,787.52775,59700,600,06-JAN-2025
OPTSTK,INDHOTEL,27-Feb-2025,2025-02-27,770.00,CE,0.00,0.00,0.00,121.25,91.40,0,0.00,0,0,06-JAN-2025
OPTSTK,ABBOTINDIA,27-Feb-2025,2025-02-27,31500.00,PE,0.00,0.00,0.00,3907.45,1746.45,0,0.00,0,0,06-JAN-2025
OPTSTK,ABBOTINDIA,30-Jan-2025,2025-01-30,31500.00,CE,0.00,0.00,0.00,300.00,196.60,0,0.00,200,0,06-JAN-2025
OPTSTK,ABBOTINDIA,27-Feb-2025,2025-02-27,31500.00,CE,0.00,0.00,0.00,353.85,498.30,0,0.00,0,0,06-JAN-2025
OPTSTK,ABBOTINDIA,30-Jan-2025,2025-01-30,31500.00,PE,0.00,0.00,0.00,2722.00,1606.70,0,0.00,0,0,06-JAN-2025
OPTSTK,TECHM,27-Feb-2025,2025-02-27,1560.00,CE,0.00,0.00,0.00,216.05,157.10,0,0.00,0,0,06-JAN-2025
OPTSTK,TECHM,27-Mar-2025,2025-03-27,1560.00,CE,0.00,0.00,0.00,203.55,174.00,0,0.00,0,0,06-JAN-2025
OPTSTK,ABBOTINDIA,27-Feb-2025,2025-02-27,32000.00,PE,0.00,0.00,0.00,4327.85,2111.35,0,0.00,0,0,06-JAN-2025
OPTSTK,ABBOTINDIA,30-Jan-2025,2025-01-30,32000.00,CE,121.75,210.00,96.05,203.60,203.60,433,2785.13645,5620,1140,06-JAN-2025
OPTSTK,TECHM,27-Feb-2025,2025-02-27,1400.00,CE,0.00,0.00,0.00,346.95,300.95,0,0.00,0,0,06-JAN-2025
OPTSTK,TECHM,27-Mar-2025,2025-03-27,1680.00,CE,0.00,0.00,0.00,128.35,96.95,0,0.00,0,0,06-JAN-2025
OPTSTK,TECHM,27-Feb-2025,2025-02-27,1680.00,PE,0.00,0.00,0.00,75.10,54.50,0,0.00,0,0,06-JAN-2025
OPTSTK,TECHM,27-Feb-2025,2025-02-27,1920.00,PE,0.00,0.00,0.00,217.65,224.45,0,0.00,0,0,06-JAN-2025
OPTSTK,TECHM,27-Feb-2025,2025-02-27,1500.00,PE,0.00,0.00,0.00,14.50,7.00,0,0.00,0,0,06-JAN-2025
OPTSTK,TECHM,30-Jan-2025,2025-01-30,1800.00,PE,100.00,125.50,100.00,119.80,116.90,18,207.0681,81000,600,06-JAN-2025
FUTSTK,TECHM,27-Feb-2025,2025-02-27,,,1718.65,1724.00,1693.35,1699.25,1699.25,108,1106.2059,109800,7200,06-JAN-2025
OPTSTK,ABBOTINDIA,30-Jan-2025,2025-01-30,29500.00,CE,867.80,1122.50,832.00,1114.80,1114.80,27,164.94598,1020,100,06-JAN-2025
OPTSTK,ABBOTINDIA,30-Jan-2025,2025-01-30,28000.00,CE,0.00,0.00,0.00,2323.00,2149.85,0,0.00,0,0,06-JAN-2025
OPTSTK,ABBOTINDIA,30-Jan-2025,2025-01-30,33500.00,PE,0.00,0.00,0.00,4269.90,3419.35,0,0.00,0,0,06-JAN-2025
OPTSTK,TECHM,27-Feb-2025,2025-02-27,1520.00,PE,0.00,0.00,0.00,25.35,9.35,0,0.00,0,0,06-JAN-2025
OPTSTK,INDHOTEL,27-Feb-2025,2025-02-27,840.00,PE,25.00,27.30,25.00,27.30,27.30,2,17.323,2000,2000,06-JAN-2025
OPTSTK,INDHOTEL,30-Jan-2025,2025-01-30,840.00,CE,46.65,46.65,28.20,30.40,30.40,224,1953.0265,223000,83000,06-JAN-2025
OPTSTK,INDHOTEL,27-Mar-2025,2025-03-27,920.00,PE,0.00,0.00,0.00,84.05,87.40,0,0.00,0,0,06-JAN-2025
OPTSTK,INDHOTEL,30-Jan-2025,2025-01-30,930.00,PE,61.00,74.95,60.10,74.95,85.80,7,69.561,7000,-2000,06-JAN-2025
OPTSTK,INDHOTEL,27-Feb-2025,2025-02-27,840.00,CE,0.00,0.00,0.00,40.10,45.30,0,0.00,0,0,06-JAN-2025
OPTSTK,TECHM,27-Feb-2025,2025-02-27,1480.00,CE,0.00,0.00,0.00,278.10,225.65,0,0.00,0,0,06-JAN-2025
OPTSTK,INDHOTEL,30-Jan-2025,2025-01-30,750.00,PE,0.85,3.50,0.85,2.75,2.75,1590,11962.214,392000,243000,06-JAN-2025
OPTSTK,INDHOTEL,27-Feb-2025,2025-02-27,800.00,PE,0.00,0.00,0.00,7.80,17.50,0,0.00,5000,0,06-JAN-2025
OPTSTK,INDHOTEL,30-Jan-2025,2025-01-30,800.00,PE,2.65,10.60,2.35,9.05,9.05,5714,46119.965,950000,265000,06-JAN-2025
OPTSTK,TECHM,27-Feb-2025,2025-02-27,1760.00,PE,0.00,0.00,0.00,113.85,98.90,0,0.00,0,0,06-JAN-2025
OPTSTK,ABBOTINDIA,30-Jan-2025,2025-01-30,31000.00,CE,285.00,449.00,197.05,433.90,433.90,555,3483.43512,4040,-460,06-JAN-2025
OPTSTK,ABBOTINDIA,27-Feb-2025,2025-02-27,31000.00,CE,900.00,900.00,900.00,900.00,661.65,1,6.38,180,-20,06-JAN-2025
OPTSTK,GRASIM,27-Feb-2025,2025-02-27,2300.00,PE,0.00,0.00,0.00,34.75,20.40,0,0.00,0,0,06-JAN-2025
OPTSTK,JSWSTEEL,30-Jan-2025,2025-01-30,980.00,PE,75.80,78.85,74.70,78.85,78.40,34,242.55045,44550,-2025,06-JAN-2025
OPTSTK,JSWSTEEL,27-Mar-2025,2025-03-27,980.00,CE,0.00,0.00,0.00,38.40,20.45,0,0.00,0,0,06-JAN-2025
OPTSTK,JSWSTEEL,30-Jan-2025,2025-01-30,1100.00,CE,0.30,0.35,0.25,0.30,0.05,14,103.97835,153900,0,06-JAN-2025
OPTSTK,GRASIM,27-Mar-2025,2025-03-27,2720.00,CE,0.00,0.00,0.00,67.40,32.55,0,0.00,0,0,06-JAN-2025
OPTSTK,GRASIM,27-Mar-2025,2025-03-27,2720.00,PE,0.00,0.00,0.00,256.20,252.05,0,0.00,0,0,06-JAN-2025
OPTSTK,GRASIM,27-Feb-2025,2025-02-27,2360.00,PE,0.00,0.00,0.00,44.40,34.70,0,0.00,0,0,06-JAN-2025
OPTSTK,GRASIM,27-Feb-2025,2025-02-27,2360.00,CE,0.00,0.00,0.00,297.40,157.85,0,0.00,0,0,06-JAN-2025
OPTSTK,ICICIBANK,27-Mar-2025,2025-03-27,1160.00,PE,0.00,0.00,0.00,10.55,8.15,0,0.00,0,0,06-JAN-2025
FUTSTK,GRASIM,27-Feb-2025,2025-02-27,,,2543.95,2548.70,2469.60,2480.10,2480.10,118,738.2815,65250,1500,06-JAN-2025
OPTSTK,ICICIBANK,27-Feb-2025,2025-02-27,1440.00,PE,0.00,0.00,0.00,149.00,164.50,0,0.00,0,0,06-JAN-2025
OPTSTK,GRASIM,30-Jan-2025,2025-01-30,2600.00,CE,23.00,28.30,10.90,11.65,11.65,1993,13040.8571,247000,42000,06-JAN-2025
OPTSTK,GRASIM,27-Feb-2025,2025-02-27,2600.00,CE,56.00,56.00,36.00,37.15,37.15,21,138.496875,15000,5000,06-JAN-2025
OPTSTK,GRASIM,27-Feb-2025,2025-02-27,2080.00,PE,0.00,0.00,0.00,6.40,1.35,0,0.00,0,0,06-JAN-2025
OPTSTK,ICICIBANK,27-Mar-2025,2025-03-27,1120.00,CE,0.00,0.00,0.00,203.30,164.20,0,0.00,0,0,06-JAN-2025
OPTSTK,ICICIBANK,30-Jan-2025,2025-01-30,1260.00,PE,24.00,29.70,19.05,26.30,26.30,4730,42553.0364,901600,-7700,06-JAN-2025
OPTSTK,ICICIBANK,30-Jan-2025,2025-01-30,1460.00,PE,0.00,0.00,0.00,160.90,189.50,0,0.00,0,0,06-JAN-2025
OPTSTK,JSWSTEEL,27-Mar-2025,2025-03-27,1080.00,PE,0.00,0.00,0.00,160.80,168.10,0,0.00,0,0,06-JAN-2025
OPTSTK,JSWSTEEL,30-Jan-2025,2025-01-30,880.00,CE,42.15,46.05,39.55,40.00,40.00,33,205.459537,95850,5400,06-JAN-2025
OPTSTK,ICICIBANK,27-Feb-2025,2025-02-27,1260.00,PE,32.40,32.40,31.85,31.85,30.40,2,18.08975,10500,700,06-JAN-2025
OPTSTK,ICICIBANK,30-Jan-2025,2025-01-30,1260.00,CE,37.45,41.50,33.00,35.70,35.70,2709,24583.1274,472500,155400,06-JAN-2025
OPTSTK,JSWSTEEL,30-Jan-2025,2025-01-30,870.00,PE,8.15,13.20,7.75,12.75,12.75,397,2360.91273,142425,59400,06-JAN-2025
OPTSTK,JSWSTEEL,30-Jan-2025,2025-01-30,870.00,CE,49.90,51.75,49.55,51.75,45.05,7,43.4926125,15525,-2025,06-JAN-2025
OPTSTK,JSWSTEEL,27-Feb-2025,2025-02-27,870.00,PE,0.00,0.00,0.00,24.10,18.65,0,0.00,0,0,06-JAN-2025
OPTSTK,GRASIM,30-Jan-2025,2025-01-30,3120.00,CE,0.00,0.00,0.00,0.85,0.05,0,0.00,2500,0,06-JAN-2025
OPTSTK,JSWSTEEL,27-Feb-2025,2025-02-27,740.00,PE,0.00,0.00,0.00,2.50,0.55,0,0.00,0,0,06-JAN-2025
OPTSTK,ICICIBANK,30-Jan-2025,2025-01-30,1300.00,CE,16.95,20.25,15.30,17.00,17.00,7051,65030.0133,3371200,9800,06-JAN-2025
OPTSTK,GRASIM,27-Feb-2025,2025-02-27,2120.00,CE,0.00,0.00,0.00,497.60,363.30,0,0.00,0,0,06-JAN-2025
OPTSTK,ICICIBANK,27-Feb-2025,2025-02-27,1390.00,PE,0.00,0.00,0.00,99.30,119.10,0,0.00,0,0,06-JAN-2025
OPTSTK,ICICIBANK,27-Feb-2025,2025-02-27,1390.00,CE,0.00,0.00,0.00,24.10,6.50,0,0.00,0,0,06-JAN-2025
OPTSTK,GRASIM,27-Mar-2025,2025-03-27,2240.00,PE,0.00,0.00,0.00,34.30,19.75,0,0.00,0,0,06-JAN-2025
OPTSTK,ICICIBANK,27-Mar-2025,2025-03-27,1400.00,PE,0.00,0.00,0.00,110.25,127.10,0,0.00,0,0,06-JAN-2025
OPTSTK,BATAINDIA,27-Feb-2025,2025-02-27,1280.00,PE,0.00,0.00,0.00,25.45,3.60,0,0.00,0,0,06-JAN-2025
OPTSTK,BATAINDIA,27-Feb-2025,2025-02-27,1280.00,CE,0.00,0.00,0.00,130.80,159.85,0,0.00,0,0,06-JAN-2025
OPTSTK,INDIGO,27-Feb-2025,2025-02-27,5400.00,CE,0.00,0.00,0.00,59.80,4.30,0,0.00,0,0,06-JAN-2025
OPTSTK,BATAINDIA,27-Feb-2025,2025-02-27,1200.00,CE,0.00,0.00,0.00,193.40,235.95,0,0.00,0,0,06-JAN-2025
OPTSTK,BATAINDIA,30-Jan-2025,2025-01-30,1200.00,PE,0.60,1.00,0.55,0.90,0.05,14,63.037125,26250,-375,06-JAN-2025
OPTSTK,INDIGO,30-Jan-2025,2025-01-30,4800.00,CE,24.60,24.65,11.65,12.30,12.30,2441,17628.3268,183450,25050,06-JAN-2025
OPTSTK,INDIGO,27-Mar-2025,2025-03-27,4800.00,CE,0.00,0.00,0.00,335.60,82.75,0,0.00,0,0,06-JAN-2025
OPTSTK,INDIGO,30-Jan-2025,2025-01-30,3950.00,CE,0.00,0.00,0.00,712.35,356.90,0,0.00,300,0,06-JAN-2025
OPTSTK,INDIGO,30-Jan-2025,2025-01-30,3950.00,PE,25.10,41.55,24.10,36.65,36.65,273,1630.31715,10950,10800,06-JAN-2025
OPTSTK,BATAINDIA,30-Jan-2025,2025-01-30,1470.00,CE,29.00,40.00,16.20,17.30,17.30,1299,7296.60281,84000,19875,06-JAN-2025
OPTSTK,BATAINDIA,27-Feb-2025,2025-02-27,1470.00,CE,0.00,0.00,0.00,21.25,32.10,0,0.00,0,0,06-JAN-2025
OPTSTK,INDIGO,27-Feb-2025,2025-02-27,3950.00,PE,0.00,0.00,0.00,27.75,57.20,0,0.00,0,0,06-JAN-2025
OPTSTK,BATAINDIA,27-Feb-2025,2025-02-27,1600.00,PE,0.00,0.00,0.00,220.30,165.90,0,0.00,0,0,06-JAN-2025
OPTSTK,BATAINDIA,30-Jan-2025,2025-01-30,1500.00,PE,61.95,86.00,61.95,86.00,77.85,23,135.66075,36375,-375,06-JAN-2025
OPTSTK,BATAINDIA,27-Feb-2025,2025-02-27,1500.00,PE,0.00,0.00,0.00,139.10,83.90,0,0.00,0,0,06-JAN-2025
OPTSTK,INDIGO,27-Feb-2025,2025-02-27,4500.00,PE,182.00,300.00,182.00,300.00,304.05,17,121.404975,7050,150,06-JAN-2025
OPTSTK,BATAINDIA,27-Feb-2025,2025-02-27,1440.00,PE,0.00,0.00,0.00,97.80,46.95,0,0.00,0,0,06-JAN-2025
OPTSTK,INDIGO,27-Feb-2025,2025-02-27,4150.00,CE,0.00,0.00,0.00,683.10,275.45,0,0.00,0,0,06-JAN-2025
OPTSTK,BATAINDIA,27-Feb-2025,2025-02-27,1370.00,PE,0.00,0.00,0.00,57.45,18.95,0,0.00,0,0,06-JAN-2025
OPTSTK,BATAINDIA,30-Jan-2025,2025-01-30,1400.00,CE,72.55,80.80,44.90,48.65,48.65,340,1856.5635,112125,-16500,06-JAN-2025
OPTSTK,INDIGO,27-Feb-2025,2025-02-27,5300.00,CE,0.00,0.00,0.00,72.40,6.60,0,0.00,0,0,06-JAN-2025
OPTSTK,INDIGO,27-Feb-2025,2025-02-27,3700.00,PE,0.00,0.00,0.00,59.30,17.65,0,0.00,0,0,06-JAN-2025
OPTSTK,BATAINDIA,30-Jan-2025,2025-01-30,1620.00,PE,0.00,0.00,0.00,244.00,189.15,0,0.00,0,0,06-JAN-2025
OPTSTK,BATAINDIA,27-Feb-2025,2025-02-27,1620.00,CE,0.00,0.00,0.00,9.35,3.75,0,0.00,0,0,06-JAN-2025
OPTSTK,INDIGO,30-Jan-2025,2025-01-30,5200.00,CE,4.50,4.50,2.55,2.70,2.70,572,4464.31957,91500,-17700,06-JAN-2025
OPTSTK,BATAINDIA,27-Feb-2025,2025-02-27,1530.00,PE,0.00,0.00,0.00,171.15,106.35,0,0.00,0,0,06-JAN-2025
OPTSTK,INDIGO,30-Jan-2025,2025-01-30,3600.00,CE,0.00,0.00,0.00,607.85,684.00,0,0.00,0,0,06-JAN-2025
OPTSTK,INDIGO,27-Feb-2025,2025-02-27,4300.00,CE,0.00,0.00,0.00,377.05,194.15,0,0.00,0,0,06-JAN-2025
OPTSTK,INDIGO,27-Feb-2025,2025-02-27,4300.00,PE,125.00,175.00,125.00,175.00,186.05,29,193.395,4350,3150,06-JAN-2025
OPTSTK,INDIGO,27-Mar-2025,2025-03-27,3700.00,CE,0.00,0.00,0.00,1113.25,656.30,0,0.00,0,0,06-JAN-2025
OPTSTK,INDIGO,30-Jan-2025,2025-01-30,3700.00,CE,0.00,0.00,0.00,537.10,586.35,0,0.00,0,0,06-JAN-2025
OPTSTK,INDIGO,27-Feb-2025,2025-02-27,3700.00,CE,0.00,0.00,0.00,778.70,620.00,0,0.00,0,0,06-JAN-2025
OPTSTK,UNIONBANK,27-Feb-2025,2025-02-27,110.00,PE,4.90,5.30,4.70,5.30,4.05,7,35.6323125,13275,13275,06-JAN-2025
OPTSTK,UNIONBANK,30-Jan-2025,2025-01-30,110.00,CE,9.50,9.75,6.70,7.40,7.40,209,1088.0898,384975,305325,06-JAN-2025
OPTSTK,ITC,30-Jan-2025,2025-01-30,435.00,PE,2.20,9.50,2.20,6.50,6.50,1533,10824.672,550400,9600,06-JAN-2025
OPTSTK,ITC,27-Mar-2025,2025-03-27,420.00,PE,0.00,0.00,0.00,0.20,5.60,0,0.00,0,-1600,06-JAN-2025
FUTSTK,ITC,30-Jan-2025,2025-01-30,,,458.80,464.20,441.15,444.60,444.60,19143,138206.588,13990400,-23952000,06-JAN-2025
OPTSTK,ITC,30-Jan-2025,2025-01-30,495.00,PE,53.30,53.30,50.70,50.70,50.70,9,78.816,4800,-243200,06-JAN-2025
OPTSTK,UNIONBANK,27-Mar-2025,2025-03-27,120.00,PE,0.00,0.00,0.00,10.20,10.35,0,0.00,0,0,06-JAN-2025
OPTSTK,UNIONBANK,30-Jan-2025,2025-01-30,120.00,CE,5.00,5.00,2.40,2.65,2.65,3654,19878.3500,4694925,3155025,06-JAN-2025
OPTSTK,ITC,30-Jan-2025,2025-01-30,410.00,CE,0.00,0.00,0.00,87.10,35.00,0,0.00,0,0,06-JAN-2025
OPTSTK,UNIONBANK,27-Mar-2025,2025-03-27,112.00,CE,0.00,0.00,0.00,15.60,10.50,0,0.00,0,0,06-JAN-2025
OPTSTK,UNIONBANK,30-Jan-2025,2025-01-30,100.00,CE,16.20,16.20,14.45,14.85,15.50,30,152.571787,92925,84075,06-JAN-2025
OPTSTK,UNIONBANK,30-Jan-2025,2025-01-30,100.00,PE,0.30,0.95,0.30,0.80,0.80,1463,6515.62222,2327550,1420425,06-JAN-2025
OPTSTK,ITC,30-Jan-2025,2025-01-30,460.00,PE,7.95,22.80,7.60,19.70,19.70,3190,24140.7512,672000,-1316800,06-JAN-2025
OPTSTK,ITC,27-Mar-2025,2025-03-27,460.00,CE,0.00,0.00,0.00,35.70,12.05,0,0.00,0,0,06-JAN-2025
OPTSTK,UNIONBANK,27-Feb-2025,2025-02-27,135.00,CE,1.65,1.65,1.50,1.50,1.40,2,12.0868875,17700,4425,06-JAN-2025
OPTSTK,UNIONBANK,30-Jan-2025,2025-01-30,98.00,PE,0.30,0.65,0.30,0.60,0.60,164,714.818925,230100,225675,06-JAN-2025
FUTSTK,ITC,27-Feb-2025,2025-02-27,,,459.75,461.50,439.85,442.30,442.30,2197,15835.1136,1480000,576000,06-JAN-2025
OPTSTK,UNIONBANK,27-Feb-2025,2025-02-27,98.00,PE,0.00,0.00,0.00,2.05,1.00,0,0.00,0,0,06-JAN-2025
OPTSTK,UNIONBANK,27-Feb-2025,2025-02-27,98.00,CE,0.00,0.00,0.00,27.50,18.60,0,0.00,0,0,06-JAN-2025
OPTSTK,ITC,27-Feb-2025,2025-02-27,420.00,CE,0.00,0.00,0.00,65.05,30.45,0,0.00,0,0,06-JAN-2025
OPTSTK,UNIONBANK,27-Feb-2025,2025-02-27,116.00,PE,0.00,0.00,0.00,7.45,6.80,0,0.00,0,0,06-JAN-2025
OPTSTK,UNIONBANK,30-Jan-2025,2025-01-30,116.00,PE,4.30,6.65,4.15,5.80,5.80,874,4686.35598,420375,168150,06-JAN-2025
OPTSTK,UNIONBANK,27-Mar-2025,2025-03-27,116.00,CE,0.00,0.00,0.00,13.35,8.50,0,0.00,0,0,06-JAN-2025
OPTSTK,UNIONBANK,30-Jan-2025,2025-01-30,116.00,CE,5.00,5.05,3.75,4.10,4.10,452,2407.2531,553125,513300,06-JAN-2025
OPTSTK,UNIONBANK,27-Feb-2025,2025-02-27,111.00,PE,0.00,0.00,0.00,4.75,4.45,0,0.00,0,0,06-JAN-2025
OPTSTK,ITC,30-Jan-2025,2025-01-30,480.00,CE,3.10,4.60,1.50,1.70,1.70,8929,68911.5016,2684800,-5891200,06-JAN-2025
OPTSTK,UNIONBANK,30-Jan-2025,2025-01-30,98.00,CE,0.00,0.00,0.00,26.15,17.35,0,0.00,0,0,06-JAN-2025
OPTSTK,UNIONBANK,30-Jan-2025,2025-01-30,101.00,PE,0.00,0.00,0.00,1.70,0.45,0,0.00,0,0,06-JAN-2025
OPTSTK,UNIONBANK,30-Jan-2025,2025-01-30,142.00,PE,0.00,0.00,0.00,21.95,26.75,0,0.00,0,0,06-JAN-2025
OPTSTK,UNIONBANK,27-Feb-2025,2025-02-27,142.00,PE,0.00,0.00,0.00,22.95,26.65,0,0.00,0,0,06-JAN-2025
OPTSTK,UNIONBANK,30-Jan-2025,2025-01-30,142.00,CE,0.45,0.45,0.10,0.20,0.10,40,251.713912,172575,-132750,06-JAN-2025
OPTSTK,ITC,30-Jan-2025,2025-01-30,415.00,PE,0.75,3.75,0.75,2.55,2.55,560,3739.3184,172800,116800,06-JAN-2025
OPTSTK,BANDHANBNK,27-Mar-2025,2025-03-27,150.00,PE,0.00,0.00,0.00,8.55,9.20,0,0.00,0,0,06-JAN-2025
OPTSTK,BANKINDIA,27-Mar-2025,2025-03-27,108.00,CE,0.00,0.00,0.00,8.00,4.35,0,0.00,0,0,06-JAN-2025
OPTSTK,BANKINDIA,30-Jan-2025,2025-01-30,108.00,PE,6.95,8.40,6.75,8.40,8.95,11,61.214775,135100,9650,06-JAN-2025
OPTSTK,BANKINDIA,27-Feb-2025,2025-02-27,108.00,CE,0.00,0.00,0.00,13.10,2.90,0,0.00,0,0,06-JAN-2025
OPTSTK,BANDHANBNK,27-Feb-2025,2025-02-27,170.00,CE,4.35,4.35,3.15,3.20,3.20,51,248.0674,280000,70000,06-JAN-2025
OPTSTK,BANDHANBNK,30-Jan-2025,2025-01-30,170.00,PE,13.60,19.30,13.45,18.55,18.55,62,325.3502,1397200,2800,06-JAN-2025
OPTSTK,BANKINDIA,30-Jan-2025,2025-01-30,118.00,CE,0.40,0.40,0.35,0.35,0.20,13,74.2543375,53075,33775,06-JAN-2025
OPTSTK,BANKINDIA,27-Feb-2025,2025-02-27,118.00,PE,0.00,0.00,0.00,12.45,18.10,0,0.00,0,0,06-JAN-2025
OPTSTK,BANKINDIA,27-Mar-2025,2025-03-27,102.00,PE,0.00,0.00,0.00,7.65,7.35,0,0.00,0,0,06-JAN-2025
OPTSTK,BANDHANBNK,27-Feb-2025,2025-02-27,147.50,PE,0.00,0.00,0.00,5.75,6.35,0,0.00,0,0,06-JAN-2025
OPTSTK,BANDHANBNK,27-Feb-2025,2025-02-27,147.50,CE,0.00,0.00,0.00,21.60,11.85,0,0.00,0,0,06-JAN-2025
OPTSTK,BANKINDIA,27-Feb-2025,2025-02-27,92.00,PE,0.00,0.00,0.00,2.15,2.10,0,0.00,0,0,06-JAN-2025
OPTSTK,BANKINDIA,27-Mar-2025,2025-03-27,98.00,CE,0.00,0.00,0.00,12.80,8.60,0,0.00,0,0,06-JAN-2025
OPTSTK,BANDHANBNK,30-Jan-2025,2025-01-30,130.00,PE,0.30,0.70,0.30,0.65,0.65,766,2799.2622,1694000,543200,06-JAN-2025
FUTSTK,BANDHANBNK,27-Mar-2025,2025-03-27,,,161.99,162.06,153.68,154.35,154.35,158,694.58144,935200,308000,06-JAN-2025
OPTSTK,BANDHANBNK,27-Mar-2025,2025-03-27,145.00,PE,0.00,0.00,0.00,6.75,7.00,0,0.00,0,0,06-JAN-2025
OPTSTK,BANDHANBNK,27-Feb-2025,2025-02-27,135.00,CE,0.00,0.00,0.00,41.20,20.25,0,0.00,0,0,06-JAN-2025
OPTSTK,BANKINDIA,27-Feb-2025,2025-02-27,96.00,PE,0.00,0.00,0.00,3.10,3.45,0,0.00,0,0,06-JAN-2025
OPTSTK,BANKINDIA,27-Feb-2025,2025-02-27,120.00,CE,0.00,0.00,0.00,7.75,0.80,0,0.00,0,0,06-JAN-2025
OPTSTK,BANDHANBNK,30-Jan-2025,2025-01-30,177.50,PE,21.50,21.50,21.50,21.50,25.60,2,11.144,53200,2800,06-JAN-2025
OPTSTK,BANKINDIA,27-Mar-2025,2025-03-27,84.00,CE,0.00,0.00,0.00,22.45,18.20,0,0.00,0,0,06-JAN-2025
OPTSTK,BANDHANBNK,30-Jan-2025,2025-01-30,190.00,CE,0.30,0.30,0.20,0.20,0.20,287,1528.7972,2480800,-86800,06-JAN-2025
OPTSTK,BANDHANBNK,27-Mar-2025,2025-03-27,190.00,CE,0.00,0.00,0.00,6.80,1.95,0,0.00,0,0,06-JAN-2025
OPTSTK,BANDHANBNK,30-Jan-2025,2025-01-30,150.00,PE,2.30,5.05,1.75,4.55,4.55,2847,12248.3466,4401600,585200,06-JAN-2025
OPTSTK,BANKINDIA,27-Feb-2025,2025-02-27,113.00,PE,0.00,0.00,0.00,12.90,13.85,0,0.00,0,0,06-JAN-2025
OPTSTK,BANKINDIA,27-Feb-2025,2025-02-27,113.00,CE,0.00,0.00,0.00,4.50,1.75,0,0.00,0,0,06-JAN-2025
OPTSTK,BANDHANBNK,27-Mar-2025,2025-03-27,165.00,PE,0.00,0.00,0.00,15.55,17.85,0,0.00,0,0,06-JAN-2025
OPTSTK,BANKINDIA,30-Jan-2025,2025-01-30,104.00,PE,3.50,7.15,3.50,6.90,6.90,131,686.329712,294325,24125,06-JAN-2025
OPTSTK,BANKINDIA,27-Feb-2025,2025-02-27,104.00,PE,0.00,0.00,0.00,5.60,7.45,0,0.00,0,0,06-JAN-2025
OPTSTK,BANKINDIA,30-Jan-2025,2025-01-30,91.00,CE,0.00,0.00,0.00,23.25,9.95,0,0.00,0,0,06-JAN-2025
OPTSTK,BANKINDIA,30-Jan-2025,2025-01-30,91.00,PE,0.85,1.45,0.85,1.35,1.35,178,790.660687,434250,279850,06-JAN-2025
OPTSTK,BANKINDIA,27-Feb-2025,2025-02-27,91.00,CE,0.00,0.00,0.00,15.70,11.50,0,0.00,0,0,06-JAN-2025
OPTSTK,IRFC,30-Jan-2025,2025-01-30,162.50,CE,3.45,3.55,1.55,1.65,1.65,226,1311.86752,846000,200925,06-JAN-2025
OPTSTK,DELHIVERY,27-Mar-2025,2025-03-27,360.00,PE,0.00,0.00,0.00,29.50,31.10,0,0.00,0,0,06-JAN-2025
OPTSTK,DELHIVERY,30-Jan-2025,2025-01-30,410.00,CE,0.40,0.40,0.40,0.40,0.15,1,6.2586,111325,-1525,06-JAN-2025
OPTSTK,DELHIVERY,27-Feb-2025,2025-02-27,410.00,PE,0.00,0.00,0.00,67.70,69.95,0,0.00,0,0,06-JAN-2025
OPTSTK,DELHIVERY,27-Mar-2025,2025-03-27,420.00,PE,0.00,0.00,0.00,70.60,78.85,0,0.00,0,0,06-JAN-2025
OPTSTK,IRFC,27-Feb-2025,2025-02-27,167.50,PE,0.00,0.00,0.00,26.05,24.45,0,0.00,0,0,06-JAN-2025
OPTSTK,IRFC,30-Jan-2025,2025-01-30,167.50,PE,18.10,23.80,17.90,23.80,22.70,4,26.4745125,21150,-3525,06-JAN-2025
OPTSTK,IRFC,30-Jan-2025,2025-01-30,167.50,CE,2.00,2.10,1.15,1.15,1.15,89,529.684125,553425,-52875,06-JAN-2025
OPTSTK,DELHIVERY,30-Jan-2025,2025-01-30,290.00,CE,0.00,0.00,0.00,60.35,49.20,0,0.00,0,0,06-JAN-2025
OPTSTK,IRFC,30-Jan-2025,2025-01-30,150.00,CE,8.50,8.50,3.95,4.20,4.20,1714,9387.79762,4268775,1096275,06-JAN-2025
OPTSTK,IRFC,30-Jan-2025,2025-01-30,170.00,CE,2.05,2.05,0.95,1.00,1.00,1755,10596.1711,7046475,465300,06-JAN-2025
OPTSTK,IRFC,27-Mar-2025,2025-03-27,150.00,CE,0.00,0.00,0.00,16.80,12.10,0,0.00,0,0,06-JAN-2025
OPTSTK,IRFC,27-Feb-2025,2025-02-27,150.00,PE,10.55,15.50,10.55,15.50,15.50,4,22.9495125,52875,7050,06-JAN-2025
OPTSTK,DELHIVERY,30-Jan-2025,2025-01-30,300.00,PE,2.00,2.70,1.50,1.90,1.90,136,626.446362,196725,35075,06-JAN-2025
OPTSTK,DELHIVERY,27-Feb-2025,2025-02-27,300.00,PE,0.00,0.00,0.00,7.60,3.20,0,0.00,0,0,06-JAN-2025
OPTSTK,DELHIVERY,27-Mar-2025,2025-03-27,300.00,CE,0.00,0.00,0.00,63.20,47.30,0,0.00,0,0,06-JAN-2025
OPTSTK,DELHIVERY,27-Mar-2025,2025-03-27,380.00,CE,0.00,0.00,0.00,19.20,8.35,0,0.00,0,0,06-JAN-2025
OPTSTK,DELHIVERY,30-Jan-2025,2025-01-30,380.00,PE,47.00,47.00,45.50,45.55,42.05,4,25.9799,21350,-4575,06-JAN-2025
OPTSTK,DELHIVERY,27-Mar-2025,2025-03-27,310.00,PE,0.00,0.00,0.00,9.25,7.85,0,0.00,0,0,06-JAN-2025
OPTSTK,DELHIVERY,30-Jan-2025,2025-01-30,310.00,PE,2.85,4.45,2.75,3.40,3.40,147,702.893087,123525,-50325,06-JAN-2025
OPTSTK,IRFC,30-Jan-2025,2025-01-30,152.50,PE,6.50,12.00,6.20,11.50,11.50,106,602.18985,479400,31725,06-JAN-2025
OPTSTK,IRFC,27-Feb-2025,2025-02-27,125.00,CE,0.00,0.00,0.00,36.00,24.15,0,0.00,0,0,06-JAN-2025
OPTSTK,IRFC,30-Jan-2025,2025-01-30,160.00,CE,4.05,4.05,1.90,1.95,1.95,2891,16580.5989,7564650,-21150,06-JAN-2025
OPTSTK,APOLLOTYRE,27-Feb-2025,2025-02-27,570.00,CE,0.00,0.00,0.00,22.70,4.05,0,0.00,0,0,06-JAN-2025
OPTSTK,HDFCBANK,27-Mar-2025,2025-03-27,1760.00,PE,0.00,0.00,0.00,60.05,80.05,0,0.00,0,0,06-JAN-2025
OPTSTK,HDFCBANK,30-Jan-2025,2025-01-30,1540.00,CE,212.30,212.30,185.00,185.00,178.00,2,19.12515,4400,-550,06-JAN-2025
OPTSTK,APOLLOTYRE,30-Jan-2025,2025-01-30,580.00,PE,0.00,0.00,0.00,58.45,77.10,0,0.00,28900,0,06-JAN-2025
OPTSTK,HDFCBANK,30-Jan-2025,2025-01-30,1560.00,CE,169.85,169.85,169.85,169.85,158.70,1,9.514175,550,550,06-JAN-2025
OPTSTK,HDFCBANK,27-Feb-2025,2025-02-27,1800.00,CE,25.65,41.25,24.40,25.20,25.20,505,5086.4726,337700,84700,06-JAN-2025
FUTSTK,APOLLOTYRE,27-Mar-2025,2025-03-27,,,496.00,496.00,490.00,490.00,508.20,3,25.109,44200,5100,06-JAN-2025
OPTSTK,HDFCBANK,27-Feb-2025,2025-02-27,1520.00,CE,0.00,0.00,0.00,307.70,207.95,0,0.00,0,0,06-JAN-2025
OPTSTK,HDFCBANK,30-Jan-2025,2025-01-30,1520.00,CE,0.00,0.00,0.00,255.05,197.55,0,0.00,0,0,06-JAN-2025
OPTSTK,APOLLOTYRE,27-Mar-2025,2025-03-27,520.00,CE,0.00,0.00,0.00,54.55,22.05,0,0.00,0,0,06-JAN-2025
OPTSTK,APOLLOTYRE,27-Feb-2025,2025-02-27,520.00,CE,0.00,0.00,0.00,36.50,15.80,0,0.00,0,0,06-JAN-2025
OPTSTK,HDFCBANK,27-Feb-2025,2025-02-27,1820.00,CE,32.25,32.75,19.25,20.30,20.30,34,344.8324,23650,2200,06-JAN-2025
OPTSTK,HDFCBANK,30-Jan-2025,2025-01-30,1760.00,CE,45.00,45.00,20.45,21.25,21.25,14055,138344.611,1364000,346500,06-JAN-2025
OPTSTK,HDFCBANK,27-Feb-2025,2025-02-27,1920.00,CE,10.00,10.00,6.30,6.30,6.05,20,212.039025,22000,550,06-JAN-2025
OPTSTK,HDFCBANK,30-Jan-2025,2025-01-30,1920.00,CE,2.30,2.60,1.20,1.30,1.30,1674,17692.9651,705650,57750,06-JAN-2025
OPTSTK,HDFCBANK,30-Jan-2025,2025-01-30,2040.00,PE,0.00,0.00,0.00,237.55,320.50,0,0.00,3300,0,06-JAN-2025
OPTSTK,HDFCBANK,27-Feb-2025,2025-02-27,2040.00,PE,0.00,0.00,0.00,236.00,310.95,0,0.00,0,0,06-JAN-2025
OPTSTK,APOLLOTYRE,30-Jan-2025,2025-01-30,420.00,PE,0.40,0.60,0.40,0.60,0.60,12,85.78115,22100,15300,06-JAN-2025
OPTSTK,APOLLOTYRE,30-Jan-2025,2025-01-30,580.00,CE,0.80,0.90,0.50,0.60,0.60,137,1352.55825,504900,-79900,06-JAN-2025
OPTSTK,APOLLOTYRE,27-Mar-2025,2025-03-27,580.00,CE,0.00,0.00,0.00,26.50,6.40,0,0.00,0,0,06-JAN-2025
OPTSTK,HDFCBANK,30-Jan-2025,2025-01-30,1560.00,PE,1.85,3.45,1.30,2.95,2.95,2769,23796.2738,633600,551100,06-JAN-2025
OPTSTK,HDFCBANK,27-Mar-2025,2025-03-27,1560.00,PE,0.00,0.00,0.00,10.60,11.25,0,0.00,0,0,06-JAN-2025
OPTSTK,HDFCBANK,30-Jan-2025,2025-01-30,1690.00,PE,14.85,28.80,11.20,26.45,26.45,3464,32614.6694,323950,53900,06-JAN-2025
OPTSTK,APOLLOTYRE,27-Feb-2025,2025-02-27,500.00,PE,14.75,27.10,14.75,27.10,27.10,5,44.43715,17000,3400,06-JAN-2025
OPTSTK,HDFCBANK,27-Mar-2025,2025-03-27,1960.00,PE,0.00,0.00,0.00,174.60,230.05,0,0.00,0,0,06-JAN-2025
OPTSTK,HDFCBANK,30-Jan-2025,2025-01-30,1930.00,CE,1.90,2.30,0.75,1.10,1.10,588,6246.06455,343750,-56100,06-JAN-2025
OPTSTK,HDFCBANK,30-Jan-2025,2025-01-30,2020.00,PE,0.00,0.00,0.00,210.00,300.60,0,0.00,1100,0,06-JAN-2025
OPTSTK,APOLLOTYRE,30-Jan-2025,2025-01-30,470.00,CE,41.75,41.75,31.35,31.85,31.85,9,77.0627,8500,8500,06-JAN-2025
OPTSTK,HDFCBANK,30-Jan-2025,2025-01-30,1800.00,PE,64.70,94.55,54.80,90.80,90.80,1827,18842.9958,1986600,-126500,06-JAN-2025
OPTSTK,HDFCBANK,30-Jan-2025,2025-01-30,2080.00,CE,0.00,0.00,0.00,11.55,0.05,0,0.00,0,0,06-JAN-2025
OPTSTK,APOLLOTYRE,27-Mar-2025,2025-03-27,560.00,PE,0.00,0.00,0.00,41.90,61.00,0,0.00,0,0,06-JAN-2025
OPTSTK,ADANIENT,27-Feb-2025,2025-02-27,2440.00,CE,0.00,0.00,0.00,340.30,227.20,0,0.00,0,0,06-JAN-2025
OPTSTK,ADANIENT,27-Mar-2025,2025-03-27,2640.00,PE,0.00,0.00,0.00,422.70,321.75,0,0.00,0,0,06-JAN-2025
OPTSTK,ADANIENT,27-Feb-2025,2025-02-27,2080.00,PE,0.00,0.00,0.00,139.05,45.20,0,0.00,0,0,06-JAN-2025
OPTSTK,AMBUJACEM,27-Mar-2025,2025-03-27,620.00,CE,0.00,0.00,0.00,25.65,10.70,0,0.00,0,0,06-JAN-2025
OPTSTK,AMBUJACEM,30-Jan-2025,2025-01-30,620.00,CE,1.05,1.05,0.40,0.40,1.10,93,519.4539,170100,-36900,06-JAN-2025
OPTSTK,AMBUJACEM,30-Jan-2025,2025-01-30,510.00,CE,30.55,30.60,28.90,29.05,29.05,18,87.52185,11700,10800,06-JAN-2025
OPTSTK,AMBUJACEM,27-Feb-2025,2025-02-27,490.00,PE,0.00,0.00,0.00,13.40,10.80,0,0.00,0,0,06-JAN-2025
OPTSTK,TVSMOTOR,27-Mar-2025,2025-03-27,2520.00,PE,0.00,0.00,0.00,171.90,159.20,0,0.00,0,0,06-JAN-2025
OPTSTK,TVSMOTOR,30-Jan-2025,2025-01-30,2520.00,CE,57.85,63.55,32.95,35.10,35.10,177,1591.54537,48300,-2100,06-JAN-2025
OPTSTK,TVSMOTOR,27-Feb-2025,2025-02-27,2520.00,CE,0.00,0.00,0.00,104.55,62.55,0,0.00,0,0,06-JAN-2025
OPTSTK,TVSMOTOR,30-Jan-2025,2025-01-30,2520.00,PE,82.30,88.60,82.30,87.70,124.90,8,72.9876,17500,2100,06-JAN-2025
OPTSTK,TVSMOTOR,27-Feb-2025,2025-02-27,2540.00,PE,0.00,0.00,0.00,166.20,157.80,0,0.00,0,0,06-JAN-2025
OPTSTK,TVSMOTOR,27-Mar-2025,2025-03-27,2800.00,PE,0.00,0.00,0.00,362.55,368.25,0,0.00,0,0,06-JAN-2025
OPTSTK,AMBUJACEM,27-Feb-2025,2025-02-27,520.00,PE,11.90,17.40,11.90,15.50,21.55,22,105.94485,27000,900,06-JAN-2025
OPTSTK,TVSMOTOR,27-Feb-2025,2025-02-27,2720.00,PE,0.00,0.00,0.00,291.70,297.90,0,0.00,0,0,06-JAN-2025
OPTSTK,TVSMOTOR,27-Feb-2025,2025-02-27,2520.00,PE,0.00,0.00,0.00,154.40,144.65,0,0.00,0,0,06-JAN-2025
OPTSTK,TVSMOTOR,27-Mar-2025,2025-03-27,2360.00,CE,0.00,0.00,0.00,216.75,167.05,0,0.00,0,0,06-JAN-2025
OPTSTK,TVSMOTOR,27-Feb-2025,2025-02-27,2360.00,PE,0.00,0.00,0.00,77.20,61.70,0,0.00,0,0,06-JAN-2025
OPTSTK,AMBUJACEM,27-Feb-2025,2025-02-27,610.00,PE,0.00,0.00,0.00,73.60,81.15,0,0.00,0,0,06-JAN-2025
OPTSTK,AMBUJACEM,30-Jan-2025,2025-01-30,610.00,CE,1.00,1.10,0.60,0.60,1.65,58,318.852,114300,21600,06-JAN-2025
FUTSTK,AMBUJACEM,27-Mar-2025,2025-03-27,,,551.00,551.00,538.00,538.40,538.40,17,83.2509,20700,6300,06-JAN-2025
OPTSTK,TVSMOTOR,27-Mar-2025,2025-03-27,2000.00,CE,0.00,0.00,0.00,487.75,449.05,0,0.00,0,0,06-JAN-2025
OPTSTK,TVSMOTOR,27-Feb-2025,2025-02-27,2660.00,PE,0.00,0.00,0.00,246.35,247.45,0,0.00,0,0,06-JAN-2025
OPTSTK,AMBUJACEM,27-Feb-2025,2025-02-27,500.00,CE,0.00,0.00,0.00,56.15,48.55,0,0.00,0,0,06-JAN-2025
OPTSTK,AMBUJACEM,30-Jan-2025,2025-01-30,540.00,CE,20.75,21.05,11.35,11.85,11.85,817,4072.9311,439200,141300,06-JAN-2025
OPTSTK,TVSMOTOR,30-Jan-2025,2025-01-30,2200.00,CE,0.00,0.00,0.00,180.00,228.95,0,0.00,350,0,06-JAN-2025
OPTSTK,TVSMOTOR,27-Feb-2025,2025-02-27,2200.00,CE,0.00,0.00,0.00,306.10,253.30,0,0.00,0,0,06-JAN-2025
OPTSTK,AMBUJACEM,30-Jan-2025,2025-01-30,680.00,PE,145.00,145.00,145.00,145.00,147.15,2,14.85,138600,-1800,06-JAN-2025
OPTSTK,TVSMOTOR,30-Jan-2025,2025-01-30,2840.00,CE,0.00,0.00,0.00,7.55,0.60,0,0.00,0,0,06-JAN-2025
OPTSTK,AMBUJACEM,27-Feb-2025,2025-02-27,550.00,PE,0.00,0.00,0.00,36.55,37.20,0,0.00,1800,0,06-JAN-2025
OPTSTK,TVSMOTOR,30-Jan-2025,2025-01-30,2300.00,PE,14.25,30.50,12.15,27.85,27.85,546,4435.71992,88900,-51800,06-JAN-2025
OPTSTK,AMBUJACEM,30-Jan-2025,2025-01-30,605.00,CE,1.85,1.85,0.65,0.80,0.80,49,267.2154,27900,-900,06-JAN-2025
OPTSTK,TVSMOTOR,27-Mar-2025,2025-03-27,2000.00,PE,0.00,0.00,0.00,13.10,5.85,0,0.00,0,0,06-JAN-2025
OPTSTK,AMBUJACEM,27-Feb-2025,2025-02-27,530.00,CE,0.00,0.00,0.00,52.70,31.20,0,0.00,0,0,06-JAN-2025
OPTSTK,AMBUJACEM,30-Jan-2025,2025-01-30,490.00,CE,0.00,0.00,0.00,53.00,46.85,0,0.00,0,0,06-JAN-2025
OPTSTK,ONGC,27-Feb-2025,2025-02-27,257.50,CE,0.00,0.00,0.00,10.25,12.65,0,0.00,0,0,06-JAN-2025
OPTSTK,JUBLFOOD,30-Jan-2025,2025-01-30,600.00,CE,194.00,194.00,192.00,192.00,169.25,2,19.825,13750,2500,06-JAN-2025
OPTSTK,JUBLFOOD,30-Jan-2025,2025-01-30,750.00,PE,15.10,18.65,8.35,15.75,15.75,2744,26155.5518,471250,150000,06-JAN-2025
OPTSTK,JUBLFOOD,27-Feb-2025,2025-02-27,840.00,CE,0.00,0.00,0.00,4.55,12.05,0,0.00,0,0,06-JAN-2025
OPTSTK,JUBLFOOD,30-Jan-2025,2025-01-30,840.00,PE,58.75,58.75,58.75,58.75,73.45,1,11.234375,2500,0,06-JAN-2025
OPTSTK,JUBLFOOD,27-Feb-2025,2025-02-27,730.00,PE,0.00,0.00,0.00,50.95,15.80,0,0.00,0,0,06-JAN-2025
OPTSTK,ONGC,27-Mar-2025,2025-03-27,225.00,PE,0.00,0.00,0.00,10.20,4.00,0,0.00,0,0,06-JAN-2025
OPTSTK,ONGC,27-Feb-2025,2025-02-27,225.00,CE,0.00,0.00,0.00,31.00,33.90,0,0.00,96250,0,06-JAN-2025
OPTSTK,ONGC,27-Feb-2025,2025-02-27,225.00,PE,0.00,0.00,0.00,2.30,2.40,0,0.00,9625,0,06-JAN-2025
OPTSTK,ONGC,30-Jan-2025,2025-01-30,225.00,CE,0.00,0.00,0.00,33.60,31.00,0,0.00,173250,0,06-JAN-2025
OPTSTK,ONGC,27-Mar-2025,2025-03-27,225.00,CE,0.00,0.00,0.00,29.55,36.70,0,0.00,0,0,06-JAN-2025
OPTSTK,ONGC,30-Jan-2025,2025-01-30,225.00,PE,0.45,0.75,0.45,0.70,0.70,528,2293.40842,660275,-21175,06-JAN-2025
OPTSTK,ONGC,27-Mar-2025,2025-03-27,255.00,PE,0.00,0.00,0.00,24.95,14.50,0,0.00,0,0,06-JAN-2025
OPTSTK,ONGC,27-Mar-2025,2025-03-27,265.00,CE,0.00,0.00,0.00,11.45,13.15,0,0.00,0,0,06-JAN-2025
OPTSTK,ONGC,27-Feb-2025,2025-02-27,265.00,PE,0.00,0.00,0.00,29.45,17.65,0,0.00,0,0,06-JAN-2025
OPTSTK,ONGC,27-Mar-2025,2025-03-27,265.00,PE,0.00,0.00,0.00,31.40,19.90,0,0.00,0,0,06-JAN-2025
OPTSTK,ONGC,27-Feb-2025,2025-02-27,247.50,CE,0.00,0.00,0.00,14.00,17.90,0,0.00,0,0,06-JAN-2025
OPTSTK,ONGC,30-Jan-2025,2025-01-30,247.50,PE,2.70,4.60,2.45,3.70,3.70,1694,8183.3136,521675,-38500,06-JAN-2025
OPTSTK,ONGC,30-Jan-2025,2025-01-30,212.50,PE,0.35,0.35,0.35,0.35,0.10,12,49.16835,161700,-3850,06-JAN-2025
OPTSTK,ONGC,30-Jan-2025,2025-01-30,235.00,CE,19.20,21.25,19.15,21.05,21.05,62,304.439712,367675,11550,06-JAN-2025
OPTSTK,ONGC,27-Mar-2025,2025-03-27,235.00,CE,0.00,0.00,0.00,23.80,29.40,0,0.00,0,0,06-JAN-2025
OPTSTK,ONGC,30-Jan-2025,2025-01-30,235.00,PE,1.00,1.65,0.95,1.30,1.30,1716,7805.51502,1973125,53900,06-JAN-2025
OPTSTK,JUBLFOOD,27-Feb-2025,2025-02-27,640.00,PE,0.00,0.00,0.00,38.10,1.40,0,0.00,0,0,06-JAN-2025
OPTSTK,JUBLFOOD,30-Jan-2025,2025-01-30,640.00,PE,0.90,1.35,0.80,1.30,1.30,44,352.58875,116250,-15000,06-JAN-2025
OPTSTK,JUBLFOOD,27-Feb-2025,2025-02-27,830.00,CE,0.00,0.00,0.00,8.85,14.35,0,0.00,0,0,06-JAN-2025
OPTSTK,JUBLFOOD,30-Jan-2025,2025-01-30,690.00,CE,0.00,0.00,0.00,82.00,81.50,0,0.00,63750,0,06-JAN-2025
OPTSTK,JUBLFOOD,27-Feb-2025,2025-02-27,600.00,CE,0.00,0.00,0.00,74.90,172.65,0,0.00,0,0,06-JAN-2025
OPTSTK,ONGC,27-Feb-2025,2025-02-27,257.50,PE,0.00,0.00,0.00,24.30,13.35,0,0.00,0,0,06-JAN-2025
OPTSTK,JUBLFOOD,27-Mar-2025,2025-03-27,600.00,CE,0.00,0.00,0.00,124.20,176.50,0,0.00,0,0,06-JAN-2025
OPTSTK,ONGC,27-Mar-2025,2025-03-27,230.00,PE,0.00,0.00,0.00,12.15,5.20,0,0.00,0,0,06-JAN-2025
OPTSTK,JUBLFOOD,30-Jan-2025,2025-01-30,680.00,PE,1.70,3.30,1.55,3.05,3.05,1586,13522.3437,503750,128750,06-JAN-2025
OPTSTK,JUBLFOOD,27-Mar-2025,2025-03-27,720.00,CE,0.00,0.00,0.00,48.35,75.55,0,0.00,0,0,06-JAN-2025
FUTSTK,JUBLFOOD,30-Jan-2025,2025-01-30,,,773.80,795.95,763.20,770.30,770.30,14218,138494.940,15531250,-1325000,06-JAN-2025
OPTSTK,JKCEMENT,30-Jan-2025,2025-01-30,4600.00,CE,210.00,210.85,176.40,210.80,198.70,10,60.0069375,11000,-250,06-JAN-2025
OPTSTK,JKCEMENT,27-Feb-2025,2025-02-27,5400.00,CE,0.00,0.00,0.00,20.55,25.30,0,0.00,0,0,06-JAN-2025
OPTSTK,JKCEMENT,30-Jan-2025,2025-01-30,5400.00,PE,0.00,0.00,0.00,1018.65,677.90,0,0.00,0,0,06-JAN-2025
OPTSTK,JKCEMENT,30-Jan-2025,2025-01-30,5400.00,CE,0.00,0.00,0.00,38.10,3.55,0,0.00,0,0,06-JAN-2025
OPTSTK,RECLTD,27-Mar-2025,2025-03-27,480.00,CE,0.00,0.00,0.00,81.20,64.85,0,0.00,0,0,06-JAN-2025
OPTSTK,RECLTD,30-Jan-2025,2025-01-30,480.00,CE,51.95,55.85,40.45,40.75,44.55,11,58.177,156000,-1000,06-JAN-2025
OPTSTK,RECLTD,27-Feb-2025,2025-02-27,420.00,CE,0.00,0.00,0.00,129.80,101.00,0,0.00,0,0,06-JAN-2025
OPTSTK,BIOCON,27-Mar-2025,2025-03-27,420.00,PE,0.00,0.00,0.00,74.85,62.15,0,0.00,0,0,06-JAN-2025
OPTSTK,RECLTD,30-Jan-2025,2025-01-30,420.00,CE,0.00,0.00,0.00,95.00,95.35,0,0.00,8000,0,06-JAN-2025
OPTSTK,JKCEMENT,30-Jan-2025,2025-01-30,5100.00,CE,35.00,35.75,24.40,26.30,26.30,48,307.738937,10125,500,06-JAN-2025
OPTSTK,JKCEMENT,27-Feb-2025,2025-02-27,4100.00,PE,0.00,0.00,0.00,207.05,15.15,0,0.00,0,0,06-JAN-2025
OPTSTK,JKCEMENT,27-Mar-2025,2025-03-27,4100.00,CE,0.00,0.00,0.00,651.50,693.10,0,0.00,0,0,06-JAN-2025
OPTSTK,BIOCON,27-Mar-2025,2025-03-27,370.00,PE,0.00,0.00,0.00,38.70,26.90,0,0.00,0,0,06-JAN-2025
OPTSTK,JKCEMENT,27-Mar-2025,2025-03-27,5400.00,PE,0.00,0.00,0.00,791.30,674.20,0,0.00,0,0,06-JAN-2025
OPTSTK,BIOCON,27-Feb-2025,2025-02-27,365.00,CE,0.00,0.00,0.00,18.10,17.25,0,0.00,0,0,06-JAN-2025
OPTSTK,BIOCON,27-Feb-2025,2025-02-27,365.00,PE,0.00,0.00,0.00,32.05,20.60,0,0.00,0,0,06-JAN-2025
OPTSTK,BIOCON,30-Jan-2025,2025-01-30,365.00,PE,8.00,15.00,7.15,13.90,13.90,469,4410.5875,410000,-62500,06-JAN-2025
OPTSTK,BIOCON,27-Mar-2025,2025-03-27,380.00,CE,0.00,0.00,0.00,18.40,16.60,0,0.00,0,0,06-JAN-2025
OPTSTK,BIOCON,30-Jan-2025,2025-01-30,380.00,CE,7.30,8.50,4.15,4.50,4.50,1319,12726.59,1610000,172500,06-JAN-2025
OPTSTK,BIOCON,27-Mar-2025,2025-03-27,380.00,PE,0.00,0.00,0.00,45.10,32.85,0,0.00,0,0,06-JAN-2025
OPTSTK,JKCEMENT,27-Feb-2025,2025-02-27,4500.00,PE,0.00,0.00,0.00,100.00,89.15,0,0.00,125,0,06-JAN-2025
OPTSTK,JKCEMENT,27-Mar-2025,2025-03-27,5600.00,CE,0.00,0.00,0.00,55.90,31.75,0,0.00,0,0,06-JAN-2025
OPTSTK,JKCEMENT,27-Feb-2025,2025-02-27,4150.00,CE,0.00,0.00,0.00,562.30,611.25,0,0.00,0,0,06-JAN-2025
OPTSTK,JKCEMENT,27-Feb-2025,2025-02-27,4150.00,PE,0.00,0.00,0.00,65.30,19.75,0,0.00,0,0,06-JAN-2025
OPTSTK,JKCEMENT,30-Jan-2025,2025-01-30,5300.00,PE,0.00,0.00,0.00,930.20,581.70,0,0.00,0,0,06-JAN-2025
OPTSTK,RECLTD,27-Mar-2025,2025-03-27,600.00,CE,0.00,0.00,0.00,31.70,17.85,0,0.00,0,0,06-JAN-2025
OPTSTK,RECLTD,30-Jan-2025,2025-01-30,600.00,PE,64.40,87.50,64.35,86.85,86.85,36,243.3135,567000,-1000,06-JAN-2025
OPTSTK,BIOCON,27-Feb-2025,2025-02-27,370.00,PE,0.00,0.00,0.00,30.05,23.45,0,0.00,0,0,06-JAN-2025
OPTSTK,RECLTD,27-Feb-2025,2025-02-27,460.00,PE,0.00,0.00,0.00,3.90,12.35,0,0.00,6000,0,06-JAN-2025
OPTSTK,RECLTD,30-Jan-2025,2025-01-30,610.00,CE,2.60,2.60,1.10,1.20,1.20,874,5344.1975,510000,154000,06-JAN-2025
OPTSTK,JKCEMENT,27-Mar-2025,2025-03-27,4300.00,PE,0.00,0.00,0.00,137.40,65.40,0,0.00,0,0,06-JAN-2025
OPTSTK,JKCEMENT,30-Jan-2025,2025-01-30,4300.00,PE,18.00,30.30,16.20,29.85,29.85,60,324.355187,16750,-2375,06-JAN-2025
OPTSTK,EICHERMOT,30-Jan-2025,2025-01-30,5400.00,PE,150.05,232.60,144.00,196.35,196.35,267,2610.11196,74725,350,06-JAN-2025
OPTSTK,EICHERMOT,27-Feb-2025,2025-02-27,5200.00,CE,0.00,0.00,0.00,302.70,259.45,0,0.00,525,0,06-JAN-2025
OPTSTK,EICHERMOT,27-Feb-2025,2025-02-27,5200.00,PE,133.95,146.00,133.95,146.00,146.00,2,18.6899125,1925,175,06-JAN-2025
OPTSTK,KEI,27-Mar-2025,2025-03-27,5200.00,PE,0.00,0.00,0.00,926.55,930.45,0,0.00,0,0,06-JAN-2025
OPTSTK,KEI,27-Mar-2025,2025-03-27,5200.00,CE,0.00,0.00,0.00,140.70,60.90,0,0.00,0,0,06-JAN-2025
OPTSTK,EICHERMOT,30-Jan-2025,2025-01-30,5100.00,CE,290.30,290.35,195.45,235.15,235.15,87,811.72525,54775,-3850,06-JAN-2025
OPTSTK,TORNTPHARM,27-Feb-2025,2025-02-27,3750.00,CE,0.00,0.00,0.00,62.35,19.25,0,0.00,0,0,06-JAN-2025
OPTSTK,EICHERMOT,27-Feb-2025,2025-02-27,5750.00,CE,0.00,0.00,0.00,25.90,62.85,0,0.00,0,0,06-JAN-2025
OPTSTK,EICHERMOT,27-Mar-2025,2025-03-27,6200.00,PE,0.00,0.00,0.00,1305.30,895.40,0,0.00,0,0,06-JAN-2025
OPTSTK,EICHERMOT,27-Feb-2025,2025-02-27,6000.00,CE,0.00,0.00,0.00,36.30,28.05,0,0.00,0,0,06-JAN-2025
OPTSTK,TORNTPHARM,30-Jan-2025,2025-01-30,3350.00,CE,102.60,115.45,96.95,100.40,100.40,22,189.858875,3500,250,06-JAN-2025
OPTSTK,KEI,27-Feb-2025,2025-02-27,4500.00,PE,0.00,0.00,0.00,392.65,360.50,0,0.00,0,0,06-JAN-2025
OPTSTK,EICHERMOT,30-Jan-2025,2025-01-30,5600.00,PE,0.00,0.00,0.00,300.00,362.25,0,0.00,2275,0,06-JAN-2025
OPTSTK,EICHERMOT,27-Mar-2025,2025-03-27,4500.00,PE,0.00,0.00,0.00,122.65,23.05,0,0.00,0,0,06-JAN-2025
OPTSTK,EICHERMOT,27-Mar-2025,2025-03-27,5300.00,CE,0.00,0.00,0.00,136.65,271.00,0,0.00,0,0,06-JAN-2025
OPTSTK,EICHERMOT,27-Feb-2025,2025-02-27,5300.00,PE,192.00,192.00,178.00,184.00,184.00,3,28.805,350,175,06-JAN-2025
OPTSTK,TORNTPHARM,30-Jan-2025,2025-01-30,3700.00,PE,0.00,0.00,0.00,275.60,326.30,0,0.00,500,0,06-JAN-2025
OPTSTK,TORNTPHARM,27-Feb-2025,2025-02-27,3700.00,PE,0.00,0.00,0.00,481.10,327.70,0,0.00,0,0,06-JAN-2025
OPTSTK,EICHERMOT,27-Feb-2025,2025-02-27,5800.00,CE,0.00,0.00,0.00,80.00,53.90,0,0.00,1050,0,06-JAN-2025
OPTSTK,EICHERMOT,30-Jan-2025,2025-01-30,5800.00,CE,17.45,19.55,10.00,13.05,13.05,1417,14414.4148,84875,-8575,06-JAN-2025
OPTSTK,EICHERMOT,27-Feb-2025,2025-02-27,5450.00,PE,0.00,0.00,0.00,640.50,292.60,0,0.00,0,0,06-JAN-2025
OPTSTK,EICHERMOT,30-Jan-2025,2025-01-30,5450.00,CE,87.95,91.15,46.35,60.65,60.65,1160,11198.2799,110425,39375,06-JAN-2025
OPTSTK,EICHERMOT,27-Mar-2025,2025-03-27,5200.00,CE,0.00,0.00,0.00,165.15,322.60,0,0.00,0,0,06-JAN-2025
OPTSTK,EICHERMOT,30-Jan-2025,2025-01-30,4300.00,PE,1.50,3.00,1.50,2.65,2.65,17,128.000075,41300,-1050,06-JAN-2025
OPTSTK,TORNTPHARM,30-Jan-2025,2025-01-30,3400.00,PE,71.60,105.00,70.00,101.10,101.10,391,3408.97275,66750,250,06-JAN-2025
OPTSTK,TORNTPHARM,30-Jan-2025,2025-01-30,3100.00,PE,11.80,14.65,9.80,13.75,13.75,152,1182.3305,32500,4500,06-JAN-2025
OPTSTK,TORNTPHARM,27-Feb-2025,2025-02-27,3100.00,CE,0.00,0.00,0.00,268.70,313.65,0,0.00,0,0,06-JAN-2025
OPTSTK,TORNTPHARM,30-Jan-2025,2025-01-30,3100.00,CE,0.00,0.00,0.00,315.40,282.70,0,0.00,250,0,06-JAN-2025
OPTSTK,TORNTPHARM,27-Feb-2025,2025-02-27,3300.00,CE,0.00,0.00,0.00,165.55,168.15,0,0.00,0,0,06-JAN-2025
OPTSTK,TORNTPHARM,30-Jan-2025,2025-01-30,3050.00,CE,0.00,0.00,0.00,262.30,329.50,0,0.00,0,0,06-JAN-2025
OPTSTK,EICHERMOT,27-Feb-2025,2025-02-27,4500.00,PE,10.00,16.00,9.15,16.00,9.85,8,63.172725,2800,525,06-JAN-2025
OPTSTK,GODREJCP,30-Jan-2025,2025-01-30,1090.00,CE,50.85,69.25,44.70,69.25,66.75,31,177.02775,35500,-1000,06-JAN-2025
OPTSTK,GODREJCP,27-Feb-2025,2025-02-27,1090.00,CE,0.00,0.00,0.00,54.40,82.50,0,0.00,0,0,06-JAN-2025
OPTSTK,INDUSINDBK,27-Feb-2025,2025-02-27,1090.00,CE,0.00,0.00,0.00,16.55,13.90,0,0.00,7500,0,06-JAN-2025
OPTSTK,GODREJCP,27-Feb-2025,2025-02-27,1090.00,PE,0.00,0.00,0.00,59.50,20.20,0,0.00,0,0,06-JAN-2025
OPTSTK,INDUSINDBK,30-Jan-2025,2025-01-30,1070.00,CE,11.75,11.80,6.55,6.90,6.90,969,5224.13175,172000,-13000,06-JAN-2025
OPTSTK,GODREJCP,30-Jan-2025,2025-01-30,1070.00,CE,62.30,86.50,62.30,86.50,86.50,10,56.999,53000,-1000,06-JAN-2025
OPTSTK,INDUSINDBK,30-Jan-2025,2025-01-30,960.00,PE,15.00,32.40,15.00,28.80,28.80,2390,11770.7695,848000,-13000,06-JAN-2025
OPTSTK,GODREJCP,27-Feb-2025,2025-02-27,1080.00,CE,0.00,0.00,0.00,203.20,89.50,0,0.00,0,0,06-JAN-2025
OPTSTK,GODREJCP,30-Jan-2025,2025-01-30,920.00,CE,0.00,0.00,0.00,170.00,225.95,0,0.00,500,0,06-JAN-2025
OPTSTK,GODREJCP,27-Feb-2025,2025-02-27,1080.00,PE,0.00,0.00,0.00,12.45,17.30,0,0.00,0,0,06-JAN-2025
OPTSTK,GODREJCP,30-Jan-2025,2025-01-30,1030.00,CE,126.50,126.50,126.50,126.50,118.25,1,5.7825,3000,-500,06-JAN-2025
OPTSTK,HDFCAMC,27-Feb-2025,2025-02-27,4500.00,CE,0.00,0.00,0.00,231.45,70.70,0,0.00,0,0,06-JAN-2025
OPTSTK,HDFCAMC,30-Jan-2025,2025-01-30,4900.00,CE,7.35,7.35,2.50,3.65,3.65,69,507.473775,56250,-600,06-JAN-2025
OPTSTK,HDFCAMC,27-Feb-2025,2025-02-27,4250.00,CE,0.00,0.00,0.00,297.70,145.75,0,0.00,0,0,06-JAN-2025
OPTSTK,HDFCAMC,30-Jan-2025,2025-01-30,4250.00,PE,142.55,262.30,142.45,221.40,221.40,135,902.159175,22050,-2400,06-JAN-2025
OPTSTK,HDFCAMC,30-Jan-2025,2025-01-30,4450.00,CE,45.00,45.95,26.20,33.85,33.85,681,4580.56485,23100,12000,06-JAN-2025
OPTSTK,HDFCAMC,27-Mar-2025,2025-03-27,3800.00,CE,0.00,0.00,0.00,638.70,451.00,0,0.00,0,0,06-JAN-2025
OPTSTK,HDFCAMC,30-Jan-2025,2025-01-30,4650.00,CE,20.35,20.35,10.00,12.80,12.80,227,1587.5226,14400,2550,06-JAN-2025
OPTSTK,HDFCAMC,27-Feb-2025,2025-02-27,4650.00,CE,0.00,0.00,0.00,140.45,43.40,0,0.00,0,0,06-JAN-2025
OPTSTK,HDFCAMC,27-Feb-2025,2025-02-27,4650.00,PE,0.00,0.00,0.00,462.70,543.95,0,0.00,0,0,06-JAN-2025
OPTSTK,HDFCAMC,30-Jan-2025,2025-01-30,4650.00,PE,0.00,0.00,0.00,418.10,534.20,0,0.00,150,0,06-JAN-2025
OPTSTK,HDFCAMC,27-Feb-2025,2025-02-27,3850.00,PE,0.00,0.00,0.00,80.80,73.90,0,0.00,0,0,06-JAN-2025
OPTSTK,GODREJCP,30-Jan-2025,2025-01-30,1220.00,PE,90.50,93.05,76.15,76.15,80.80,8,52.18825,3500,1500,06-JAN-2025
OPTSTK,GODREJCP,30-Jan-2025,2025-01-30,1040.00,PE,5.75,6.55,4.35,5.10,5.10,337,1761.1265,66000,-6000,06-JAN-2025
OPTSTK,INDUSINDBK,27-Feb-2025,2025-02-27,1040.00,PE,0.00,0.00,0.00,59.90,85.50,0,0.00,500,0,06-JAN-2025
OPTSTK,GODREJCP,30-Jan-2025,2025-01-30,1040.00,CE,109.25,109.25,109.25,109.25,109.25,1,5.74625,13000,0,06-JAN-2025
OPTSTK,INDUSINDBK,27-Feb-2025,2025-02-27,840.00,PE,0.00,0.00,0.00,18.20,5.95,0,0.00,0,0,06-JAN-2025
OPTSTK,GODREJCP,30-Jan-2025,2025-01-30,1080.00,CE,53.05,86.05,51.40,74.05,74.05,23,131.88275,197500,-1500,06-JAN-2025
OPTSTK,GODREJCP,30-Jan-2025,2025-01-30,840.00,PE,0.00,0.00,0.00,0.60,0.05,0,0.00,11000,0,06-JAN-2025
OPTSTK,HDFCAMC,30-Jan-2025,2025-01-30,3600.00,CE,0.00,0.00,0.00,823.45,526.30,0,0.00,0,0,06-JAN-2025
OPTSTK,INDUSINDBK,27-Mar-2025,2025-03-27,800.00,CE,0.00,0.00,0.00,164.80,187.50,0,0.00,0,0,06-JAN-2025
OPTSTK,SHRIRAMFIN,27-Mar-2025,2025-03-27,2900.00,CE,0.00,0.00,0.00,276.25,247.75,0,0.00,0,0,06-JAN-2025
OPTSTK,SHRIRAMFIN,27-Feb-2025,2025-02-27,2900.00,PE,78.15,110.70,78.15,110.70,107.05,2,8.983275,6900,150,06-JAN-2025
OPTSTK,SHRIRAMFIN,27-Feb-2025,2025-02-27,2900.00,CE,0.00,0.00,0.00,352.00,204.30,0,0.00,0,0,06-JAN-2025
OPTSTK,SIEMENS,27-Feb-2025,2025-02-27,6100.00,CE,0.00,0.00,0.00,848.25,575.55,0,0.00,0,0,06-JAN-2025
OPTSTK,SIEMENS,30-Jan-2025,2025-01-30,6200.00,PE,65.25,120.00,48.85,103.10,103.10,1070,5040.89167,69375,4275,06-JAN-2025
FUTSTK,SHRIRAMFIN,27-Feb-2025,2025-02-27,,,3076.00,3086.95,2973.90,2988.90,2988.90,293,1327.51905,71700,-1200,06-JAN-2025
OPTSTK,SIEMENS,27-Feb-2025,2025-02-27,7000.00,CE,175.95,175.95,120.75,126.25,126.25,12,64.25865,2100,225,06-JAN-2025
OPTSTK,SIEMENS,27-Feb-2025,2025-02-27,6800.00,CE,0.00,0.00,0.00,253.60,216.60,0,0.00,75,0,06-JAN-2025
OPTSTK,SIEMENS,30-Jan-2025,2025-01-30,6800.00,PE,311.40,439.10,298.60,405.20,405.20,28,150.931275,28950,600,06-JAN-2025
OPTSTK,SIEMENS,27-Mar-2025,2025-03-27,6800.00,PE,0.00,0.00,0.00,519.55,532.95,0,0.00,0,0,06-JAN-2025
OPTSTK,SHRIRAMFIN,30-Jan-2025,2025-01-30,2400.00,PE,1.80,3.20,1.55,3.20,3.20,20,72.0645,33000,-750,06-JAN-2025
OPTSTK,SHRIRAMFIN,30-Jan-2025,2025-01-30,3200.00,CE,49.95,60.00,30.70,32.80,32.80,1717,8343.1926,188550,18000,06-JAN-2025
OPTSTK,SIEMENS,27-Mar-2025,2025-03-27,6400.00,CE,0.00,0.00,0.00,755.40,486.45,0,0.00,0,0,06-JAN-2025
OPTSTK,SHRIRAMFIN,30-Jan-2025,2025-01-30,3400.00,CE,16.35,19.95,9.30,9.75,9.75,835,4273.27785,52350,-9300,06-JAN-2025
OPTSTK,SIEMENS,27-Feb-2025,2025-02-27,6100.00,PE,0.00,0.00,0.00,166.25,144.00,0,0.00,0,0,06-JAN-2025
OPTSTK,SIEMENS,27-Feb-2025,2025-02-27,5700.00,PE,0.00,0.00,0.00,70.00,53.40,0,0.00,75,0,06-JAN-2025
OPTSTK,SHRIRAMFIN,30-Jan-2025,2025-01-30,2900.00,PE,35.60,76.70,35.60,72.90,72.90,1234,5480.38305,109650,-17700,06-JAN-2025
OPTSTK,SHRIRAMFIN,30-Jan-2025,2025-01-30,2900.00,CE,184.00,206.00,141.50,150.15,150.15,117,536.843025,53100,1500,06-JAN-2025
OPTSTK,SIEMENS,27-Feb-2025,2025-02-27,6300.00,PE,0.00,0.00,0.00,229.45,215.50,0,0.00,0,0,06-JAN-2025
OPTSTK,SIEMENS,27-Feb-2025,2025-02-27,6300.00,CE,0.00,0.00,0.00,714.00,449.00,0,0.00,0,0,06-JAN-2025
OPTSTK,SIEMENS,27-Feb-2025,2025-02-27,5600.00,CE,0.00,0.00,0.00,1952.90,966.60,0,0.00,0,0,06-JAN-2025
OPTSTK,SIEMENS,27-Feb-2025,2025-02-27,5600.00,PE,0.00,0.00,0.00,47.75,39.80,0,0.00,75,0,06-JAN-2025
OPTSTK,SHRIRAMFIN,30-Jan-2025,2025-01-30,3050.00,PE,88.45,154.50,88.45,147.50,147.50,532,2529.7773,34500,-150,06-JAN-2025
OPTSTK,SHRIRAMFIN,27-Feb-2025,2025-02-27,3050.00,PE,0.00,0.00,0.00,246.05,181.55,0,0.00,0,0,06-JAN-2025
OPTSTK,SHRIRAMFIN,30-Jan-2025,2025-01-30,2950.00,CE,165.60,165.85,113.95,121.85,121.85,163,753.305775,34200,-2400,06-JAN-2025
OPTSTK,SIEMENS,30-Jan-2025,2025-01-30,5700.00,CE,0.00,0.00,0.00,1809.35,812.25,0,0.00,0,0,06-JAN-2025
OPTSTK,SIEMENS,30-Jan-2025,2025-01-30,6100.00,CE,529.25,529.25,529.25,529.25,470.85,1,4.9719375,75,75,06-JAN-2025
OPTSTK,SIEMENS,30-Jan-2025,2025-01-30,5700.00,PE,0.00,0.00,0.00,12.30,13.80,0,0.00,75,0,06-JAN-2025
OPTSTK,SHRIRAMFIN,27-Mar-2025,2025-03-27,2900.00,PE,0.00,0.00,0.00,197.00,135.65,0,0.00,0,0,06-JAN-2025
OPTSTK,SIEMENS,30-Jan-2025,2025-01-30,6800.00,CE,113.00,131.00,82.00,89.55,89.55,1815,9399.47411,102675,-9000,06-JAN-2025
OPTSTK,SIEMENS,27-Mar-2025,2025-03-27,6800.00,CE,0.00,0.00,0.00,547.90,306.00,0,0.00,0,0,06-JAN-2025
OPTSTK,SBICARD,27-Feb-2025,2025-02-27,635.00,CE,0.00,0.00,0.00,61.65,102.50,0,0.00,0,0,06-JAN-2025
OPTSTK,SBICARD,30-Jan-2025,2025-01-30,635.00,CE,0.00,0.00,0.00,42.80,98.45,0,0.00,1600,0,06-JAN-2025
OPTSTK,SBICARD,27-Feb-2025,2025-02-27,635.00,PE,0.00,0.00,0.00,9.45,0.85,0,0.00,0,0,06-JAN-2025
OPTSTK,SBICARD,27-Mar-2025,2025-03-27,810.00,CE,0.00,0.00,0.00,5.25,8.85,0,0.00,0,0,06-JAN-2025
OPTSTK,SBICARD,27-Mar-2025,2025-03-27,600.00,CE,0.00,0.00,0.00,95.80,139.90,0,0.00,0,0,06-JAN-2025
OPTSTK,SBICARD,27-Feb-2025,2025-02-27,600.00,PE,1.35,1.85,1.35,1.75,0.15,11,52.9528,39200,4800,06-JAN-2025
OPTSTK,SBICARD,27-Feb-2025,2025-02-27,600.00,CE,0.00,0.00,0.00,122.00,136.40,0,0.00,4800,0,06-JAN-2025
OPTSTK,ABCAPITAL,27-Feb-2025,2025-02-27,172.50,PE,5.40,5.40,5.40,5.40,6.40,1,4.8033,2700,2700,06-JAN-2025
OPTSTK,ABCAPITAL,27-Feb-2025,2025-02-27,172.50,CE,0.00,0.00,0.00,20.15,11.80,0,0.00,0,0,06-JAN-2025
OPTSTK,ABCAPITAL,30-Jan-2025,2025-01-30,172.50,CE,10.85,10.85,7.80,8.20,8.20,24,117.40815,18900,5400,06-JAN-2025
OPTSTK,ABCAPITAL,30-Jan-2025,2025-01-30,182.50,CE,7.30,7.30,3.20,3.40,3.40,180,906.7626,315900,56700,06-JAN-2025
OPTSTK,ABCAPITAL,27-Feb-2025,2025-02-27,182.50,CE,0.00,0.00,0.00,14.40,7.00,0,0.00,0,0,06-JAN-2025
OPTSTK,SBICARD,27-Feb-2025,2025-02-27,715.00,PE,0.00,0.00,0.00,45.20,14.65,0,0.00,0,0,06-JAN-2025
OPTSTK,SBICARD,27-Mar-2025,2025-03-27,750.00,PE,0.00,0.00,0.00,72.25,35.10,0,0.00,0,0,06-JAN-2025
OPTSTK,SBICARD,27-Feb-2025,2025-02-27,750.00,PE,30.20,36.95,30.20,36.95,31.40,4,25.0428,4800,1600,06-JAN-2025
OPTSTK,SBICARD,27-Feb-2025,2025-02-27,750.00,CE,26.50,26.50,21.75,23.55,19.15,7,43.3604,4800,3200,06-JAN-2025
OPTSTK,SBICARD,27-Feb-2025,2025-02-27,800.00,PE,0.00,0.00,0.00,86.80,67.55,0,0.00,0,0,06-JAN-2025
OPTSTK,SBICARD,30-Jan-2025,2025-01-30,770.00,PE,28.50,45.45,28.50,44.45,44.45,94,606.4776,23200,19200,06-JAN-2025
OPTSTK,ABCAPITAL,30-Jan-2025,2025-01-30,240.00,CE,0.00,0.00,0.00,0.10,0.05,0,0.00,89100,0,06-JAN-2025
OPTSTK,SBICARD,30-Jan-2025,2025-01-30,810.00,PE,0.00,0.00,0.00,114.00,76.60,0,0.00,800,0,06-JAN-2025
OPTSTK,SBICARD,27-Feb-2025,2025-02-27,810.00,PE,0.00,0.00,0.00,94.70,76.05,0,0.00,0,0,06-JAN-2025
OPTSTK,SBICARD,27-Feb-2025,2025-02-27,805.00,PE,0.00,0.00,0.00,118.30,71.75,0,0.00,0,0,06-JAN-2025
OPTSTK,SBICARD,27-Feb-2025,2025-02-27,805.00,CE,0.00,0.00,0.00,2.60,5.00,0,0.00,0,0,06-JAN-2025
OPTSTK,SBICARD,27-Mar-2025,2025-03-27,640.00,PE,0.00,0.00,0.00,14.40,2.60,0,0.00,0,0,06-JAN-2025
OPTSTK,SBICARD,30-Jan-2025,2025-01-30,660.00,PE,2.25,2.95,1.30,2.55,2.55,680,3600.1216,196800,0,06-JAN-2025
OPTSTK,SBICARD,30-Jan-2025,2025-01-30,845.00,PE,0.00,0.00,0.00,125.35,110.80,0,0.00,0,0,06-JAN-2025
OPTSTK,ABCAPITAL,27-Mar-2025,2025-03-27,180.00,PE,0.00,0.00,0.00,11.05,11.70,0,0.00,0,0,06-JAN-2025
OPTSTK,ABCAPITAL,30-Jan-2025,2025-01-30,230.00,CE,0.10,0.10,0.05,0.10,0.10,7,43.48755,477900,-13500,06-JAN-2025
OPTSTK,SBICARD,30-Jan-2025,2025-01-30,720.00,CE,32.50,50.45,25.80,28.55,28.55,1506,9109.2924,200800,-224000,06-JAN-2025
OPTSTK,SBICARD,27-Mar-2025,2025-03-27,720.00,PE,0.00,0.00,0.00,51.55,20.70,0,0.00,0,0,06-JAN-2025
OPTSTK,ABCAPITAL,27-Feb-2025,2025-02-27,175.00,CE,0.00,0.00,0.00,28.60,10.40,0,0.00,0,0,06-JAN-2025
OPTSTK,SBICARD,27-Mar-2025,2025-03-27,630.00,CE,0.00,0.00,0.00,72.30,111.60,0,0.00,0,0,06-JAN-2025
OPTSTK,BAJFINANCE,30-Jan-2025,2025-01-30,7300.00,CE,319.95,397.75,210.60,229.65,229.65,4098,38814.1502,236250,8125,06-JAN-2025
OPTSTK,BAJFINANCE,27-Feb-2025,2025-02-27,7300.00,CE,0.00,0.00,0.00,363.25,352.45,0,0.00,625,0,06-JAN-2025
OPTSTK,MRF,30-Jan-2025,2025-01-30,134500.00,PE,0.00,0.00,0.00,11165.05,11190.20,0,0.00,0,0,06-JAN-2025
OPTSTK,MRF,27-Mar-2025,2025-03-27,121000.00,CE,0.00,0.00,0.00,14287.35,6791.10,0,0.00,0,0,06-JAN-2025
OPTSTK,MRF,30-Jan-2025,2025-01-30,121000.00,PE,1708.55,1750.00,1708.55,1750.00,1581.30,3,18.410425,15,15,06-JAN-2025
OPTSTK,BAJFINANCE,27-Feb-2025,2025-02-27,7100.00,PE,98.25,147.10,89.50,141.90,141.90,24,216.262937,3000,1125,06-JAN-2025
OPTSTK,MRF,27-Feb-2025,2025-02-27,121000.00,CE,0.00,0.00,0.00,8849.50,5540.35,0,0.00,0,0,06-JAN-2025
OPTSTK,BAJFINANCE,30-Jan-2025,2025-01-30,7100.00,CE,520.10,549.00,337.75,358.80,358.80,522,4905.20043,197250,-7875,06-JAN-2025
OPTSTK,MRF,30-Jan-2025,2025-01-30,135000.00,CE,609.45,658.00,268.95,311.80,311.80,1039,7033.24064,3190,505,06-JAN-2025
OPTSTK,BAJFINANCE,27-Feb-2025,2025-02-27,8400.00,CE,50.00,58.00,39.00,42.00,39.50,75,791.871187,4875,4875,06-JAN-2025
OPTSTK,BAJFINANCE,27-Mar-2025,2025-03-27,7600.00,CE,0.00,0.00,0.00,186.85,299.40,0,0.00,0,0,06-JAN-2025
OPTSTK,BAJFINANCE,27-Mar-2025,2025-03-27,6600.00,CE,0.00,0.00,0.00,595.25,918.20,0,0.00,0,0,06-JAN-2025
OPTSTK,MRF,27-Feb-2025,2025-02-27,130000.00,PE,0.00,0.00,0.00,8543.15,7587.35,0,0.00,0,0,06-JAN-2025
OPTSTK,MRF,27-Feb-2025,2025-02-27,123500.00,PE,0.00,0.00,0.00,1874.95,3600.95,0,0.00,0,0,06-JAN-2025
OPTSTK,MRF,27-Feb-2025,2025-02-27,131500.00,PE,0.00,0.00,0.00,4763.00,8714.30,0,0.00,0,0,06-JAN-2025
OPTSTK,MRF,30-Jan-2025,2025-01-30,131500.00,PE,0.00,0.00,0.00,8986.50,8442.45,0,0.00,0,0,06-JAN-2025
OPTSTK,MRF,27-Feb-2025,2025-02-27,117000.00,PE,0.00,0.00,0.00,2626.40,1261.00,0,0.00,0,0,06-JAN-2025
OPTSTK,BAJFINANCE,27-Mar-2025,2025-03-27,8000.00,PE,0.00,0.00,0.00,1147.05,699.80,0,0.00,0,0,06-JAN-2025
OPTSTK,BAJFINANCE,27-Feb-2025,2025-02-27,6400.00,CE,0.00,0.00,0.00,522.25,1030.95,0,0.00,0,0,06-JAN-2025
OPTSTK,MRF,30-Jan-2025,2025-01-30,125500.00,PE,4157.75,4157.75,4064.55,4094.60,3821.20,13,84.24387,40,40,06-JAN-2025
OPTSTK,MRF,30-Jan-2025,2025-01-30,136000.00,PE,0.00,0.00,0.00,13473.05,12620.35,0,0.00,0,0,06-JAN-2025
OPTSTK,MRF,30-Jan-2025,2025-01-30,136000.00,CE,0.00,0.00,0.00,1041.50,98.25,0,0.00,15,0,06-JAN-2025
OPTSTK,MRF,27-Feb-2025,2025-02-27,136000.00,CE,0.00,0.00,0.00,2719.05,620.35,0,0.00,0,0,06-JAN-2025
OPTSTK,MRF,27-Mar-2025,2025-03-27,136000.00,CE,0.00,0.00,0.00,5491.30,1306.95,0,0.00,0,0,06-JAN-2025
OPTSTK,MRF,27-Mar-2025,2025-03-27,128000.00,CE,0.00,0.00,0.00,9531.75,3426.35,0,0.00,0,0,06-JAN-2025
OPTSTK,MRF,30-Jan-2025,2025-01-30,128000.00,CE,2661.00,2661.00,1200.00,1310.90,1310.90,443,2871.46009,1410,610,06-JAN-2025
OPTSTK,MRF,27-Feb-2025,2025-02-27,128000.00,PE,0.00,0.00,0.00,7365.10,6196.05,0,0.00,0,0,06-JAN-2025
OPTSTK,MRF,30-Jan-2025,2025-01-30,128000.00,PE,5500.00,5550.00,5499.95,5550.00,5558.00,6,40.052495,195,10,06-JAN-2025
OPTSTK,MRF,27-Feb-2025,2025-02-27,115000.00,CE,11500.00,11500.00,11500.00,11500.00,9821.70,1,6.325,5,5,06-JAN-2025
OPTSTK,MRF,30-Jan-2025,2025-01-30,115000.00,CE,0.00,0.00,0.00,11980.00,8667.35,0,0.00,0,0,06-JAN-2025
OPTSTK,MRF,30-Jan-2025,2025-01-30,138000.00,PE,0.00,0.00,0.00,15014.50,14561.70,0,0.00,0,0,06-JAN-2025
OPTSTK,MRF,30-Jan-2025,2025-01-30,129000.00,CE,1832.10,1994.45,950.00,1080.00,1080.00,112,730.534457,1085,85,06-JAN-2025
OPTIDX,NIFTYNXT50,30-Jan-2025,2025-01-30,75900.00,CE,0.00,0.00,0.00,1523.30,7.60,0,0.00,0,0,06-JAN-2025
OPTIDX,NIFTYNXT50,30-Jan-2025,2025-01-30,75100.00,CE,0.00,0.00,0.00,1745.50,14.50,0,0.00,0,0,06-JAN-2025
OPTIDX,NIFTYNXT50,27-Mar-2025,2025-03-27,71400.00,CE,0.00,0.00,0.00,2347.85,1116.85,0,0.00,0,0,06-JAN-2025
OPTIDX,NIFTYNXT50,30-Jan-2025,2025-01-30,71400.00,PE,0.00,0.00,0.00,3443.70,4269.65,0,0.00,0,0,06-JAN-2025
OPTIDX,NIFTYNXT50,27-Feb-2025,2025-02-27,65700.00,PE,0.00,0.00,0.00,910.20,1079.80,0,0.00,0,0,06-JAN-2025
OPTIDX,NIFTYNXT50,27-Feb-2025,2025-02-27,65700.00,CE,0.00,0.00,0.00,7094.60,3005.40,0,0.00,0,0,06-JAN-2025
OPTIDX,NIFTYNXT50,30-Jan-2025,2025-01-30,65700.00,CE,0.00,0.00,0.00,6454.80,2233.20,0,0.00,0,0,06-JAN-2025
OPTIDX,NIFTYNXT50,30-Jan-2025,2025-01-30,65500.00,PE,0.00,0.00,0.00,1140.15,583.95,0,0.00,0,0,06-JAN-2025
OPTIDX,NIFTYNXT50,27-Feb-2025,2025-02-27,73600.00,PE,0.00,0.00,0.00,4081.85,6193.50,0,0.00,0,0,06-JAN-2025
OPTIDX,NIFTYNXT50,27-Feb-2025,2025-02-27,73600.00,CE,0.00,0.00,0.00,2505.40,294.65,0,0.00,0,0,06-JAN-2025
OPTIDX,NIFTYNXT50,27-Feb-2025,2025-02-27,74200.00,PE,0.00,0.00,0.00,4443.10,6726.95,0,0.00,0,0,06-JAN-2025
OPTIDX,NIFTYNXT50,27-Feb-2025,2025-02-27,72200.00,PE,0.00,0.00,0.00,3303.25,5002.35,0,0.00,0,0,06-JAN-2025
OPTIDX,NIFTYNXT50,27-Mar-2025,2025-03-27,72200.00,CE,0.00,0.00,0.00,2050.75,915.15,0,0.00,0,0,06-JAN-2025
OPTIDX,NIFTYNXT50,30-Jan-2025,2025-01-30,72200.00,CE,0.00,0.00,0.00,2767.55,112.35,0,0.00,0,0,06-JAN-2025
OPTIDX,NIFTYNXT50,27-Mar-2025,2025-03-27,72200.00,PE,0.00,0.00,0.00,4416.35,5058.05,0,0.00,0,0,06-JAN-2025
OPTIDX,NIFTYNXT50,30-Jan-2025,2025-01-30,74200.00,PE,0.00,0.00,0.00,5101.35,6903.30,0,0.00,0,0,06-JAN-2025
OPTIDX,NIFTYNXT50,27-Feb-2025,2025-02-27,66100.00,CE,0.00,0.00,0.00,6793.80,2756.30,0,0.00,0,0,06-JAN-2025
OPTIDX,NIFTYNXT50,27-Feb-2025,2025-02-27,72400.00,CE,0.00,0.00,0.00,3011.25,456.95,0,0.00,0,0,06-JAN-2025
OPTIDX,NIFTYNXT50,27-Mar-2025,2025-03-27,71500.00,CE,0.00,0.00,0.00,2309.05,1089.90,0,0.00,0,0,06-JAN-2025
OPTIDX,NIFTYNXT50,30-Jan-2025,2025-01-30,70200.00,CE,0.00,0.00,0.00,3690.55,355.05,0,0.00,0,0,06-JAN-2025
OPTIDX,NIFTYNXT50,27-Mar-2025,2025-03-27,70200.00,CE,0.00,0.00,0.00,2851.05,1482.45,0,0.00,0,0,06-JAN-2025
OPTIDX,NIFTYNXT50,30-Jan-2025,2025-01-30,70200.00,PE,0.00,0.00,0.00,2842.65,3247.40,0,0.00,0,0,06-JAN-2025
OPTIDX,NIFTYNXT50,30-Jan-2025,2025-01-30,62700.00,CE,0.00,0.00,0.00,8772.85,4677.40,0,0.00,0,0,06-JAN-2025
OPTIDX,NIFTYNXT50,30-Jan-2025,2025-01-30,71500.00,CE,0.00,0.00,0.00,3069.35,172.20,0,0.00,0,0,06-JAN-2025
OPTIDX,NIFTYNXT50,27-Feb-2025,2025-02-27,71100.00,PE,0.00,0.00,0.00,2757.10,4132.35,0,0.00,0,0,06-JAN-2025
OPTIDX,NIFTYNXT50,27-Mar-2025,2025-03-27,71100.00,CE,0.00,0.00,0.00,2467.05,1200.90,0,0.00,0,0,06-JAN-2025
OPTIDX,NIFTYNXT50,27-Feb-2025,2025-02-27,76300.00,CE,0.00,0.00,0.00,1600.50,98.10,0,0.00,0,0,06-JAN-2025
OPTIDX,NIFTYNXT50,30-Jan-2025,2025-01-30,76300.00,PE,0.00,0.00,0.00,6560.50,8970.75,0,0.00,0,0,06-JAN-2025
OPTIDX,NIFTYNXT50,30-Jan-2025,2025-01-30,80000.00,CE,27.30,27.45,16.55,25.00,25.00,151,1208.36176,1710,240,06-JAN-2025
OPTIDX,NIFTYNXT50,30-Jan-2025,2025-01-30,80000.00,PE,0.00,0.00,0.00,9482.10,12649.10,0,0.00,0,0,06-JAN-2025
OPTIDX,NIFTYNXT50,27-Feb-2025,2025-02-27,64300.00,CE,0.00,0.00,0.00,8195.70,3973.20,0,0.00,0,0,06-JAN-2025
OPTIDX,NIFTYNXT50,27-Feb-2025,2025-02-27,76300.00,PE,0.00,0.00,0.00,5829.35,8671.10,0,0.00,0,0,06-JAN-2025
OPTSTK,KPITTECH,30-Jan-2025,2025-01-30,1680.00,PE,0.00,0.00,0.00,282.65,226.45,0,0.00,0,0,06-JAN-2025
OPTSTK,KPITTECH,30-Jan-2025,2025-01-30,1240.00,PE,5.95,6.65,5.00,6.65,2.95,12,59.8124,11200,1200,06-JAN-2025
OPTSTK,KPITTECH,27-Mar-2025,2025-03-27,1480.00,CE,0.00,0.00,0.00,136.10,102.65,0,0.00,0,0,06-JAN-2025
OPTSTK,KPITTECH,27-Mar-2025,2025-03-27,1480.00,PE,0.00,0.00,0.00,137.15,109.25,0,0.00,0,0,06-JAN-2025
OPTSTK,IOC,30-Jan-2025,2025-01-30,160.00,PE,27.00,27.00,26.10,26.50,26.50,4,36.39675,1828125,-9750,06-JAN-2025
OPTSTK,BOSCHLTD,27-Mar-2025,2025-03-27,31000.00,PE,0.00,0.00,0.00,564.10,429.40,0,0.00,0,0,06-JAN-2025
OPTSTK,BOSCHLTD,30-Jan-2025,2025-01-30,31000.00,PE,58.00,68.40,58.00,68.40,89.45,3,23.2961,900,25,06-JAN-2025
OPTSTK,BOSCHLTD,30-Jan-2025,2025-01-30,31000.00,CE,0.00,0.00,0.00,5098.85,2694.35,0,0.00,0,0,06-JAN-2025
OPTSTK,BOSCHLTD,27-Mar-2025,2025-03-27,31000.00,CE,0.00,0.00,0.00,4314.05,3352.25,0,0.00,0,0,06-JAN-2025
OPTSTK,BOSCHLTD,27-Feb-2025,2025-02-27,31000.00,PE,0.00,0.00,0.00,504.10,270.60,0,0.00,0,0,06-JAN-2025
OPTSTK,BOSCHLTD,27-Feb-2025,2025-02-27,31000.00,CE,0.00,0.00,0.00,4738.90,3034.85,0,0.00,0,0,06-JAN-2025
OPTSTK,BOSCHLTD,30-Jan-2025,2025-01-30,36500.00,CE,0.00,0.00,0.00,227.55,92.95,0,0.00,1075,0,06-JAN-2025
OPTSTK,BOSCHLTD,27-Feb-2025,2025-02-27,36500.00,CE,0.00,0.00,0.00,565.70,352.25,0,0.00,375,0,06-JAN-2025
OPTSTK,BOSCHLTD,27-Mar-2025,2025-03-27,32000.00,CE,0.00,0.00,0.00,3595.35,2634.70,0,0.00,0,0,06-JAN-2025
OPTSTK,IOC,30-Jan-2025,2025-01-30,142.50,CE,2.30,2.45,1.05,1.20,1.20,1231,8632.61831,3085875,419250,06-JAN-2025
OPTSTK,BOSCHLTD,30-Jan-2025,2025-01-30,36500.00,PE,0.00,0.00,0.00,2508.30,2963.70,0,0.00,0,0,06-JAN-2025
OPTSTK,BOSCHLTD,27-Feb-2025,2025-02-27,32000.00,PE,0.00,0.00,0.00,744.05,504.05,0,0.00,0,0,06-JAN-2025
OPTSTK,KPITTECH,30-Jan-2025,2025-01-30,1400.00,CE,98.00,98.00,85.20,85.20,90.35,4,23.8554,32000,0,06-JAN-2025
OPTSTK,IOC,27-Mar-2025,2025-03-27,140.00,PE,0.00,0.00,0.00,10.15,10.80,0,0.00,0,0,06-JAN-2025
OPTSTK,KPITTECH,27-Mar-2025,2025-03-27,1320.00,PE,0.00,0.00,0.00,65.80,42.15,0,0.00,0,0,06-JAN-2025
OPTSTK,IOC,27-Feb-2025,2025-02-27,130.00,CE,8.50,8.65,7.90,8.45,8.45,10,67.4188125,48750,24375,06-JAN-2025
OPTSTK,IOC,27-Mar-2025,2025-03-27,130.00,CE,0.00,0.00,0.00,15.90,10.35,0,0.00,0,0,06-JAN-2025
OPTSTK,BOSCHLTD,27-Feb-2025,2025-02-27,35500.00,CE,0.00,0.00,0.00,1271.85,580.90,0,0.00,0,0,06-JAN-2025
OPTSTK,BOSCHLTD,27-Feb-2025,2025-02-27,35500.00,PE,0.00,0.00,0.00,2136.65,2273.55,0,0.00,0,0,06-JAN-2025
OPTSTK,KPITTECH,27-Feb-2025,2025-02-27,1440.00,PE,0.00,0.00,0.00,134.50,72.40,0,0.00,0,0,06-JAN-2025
OPTSTK,BOSCHLTD,27-Mar-2025,2025-03-27,34000.00,PE,0.00,0.00,0.00,1581.10,1528.35,0,0.00,0,0,06-JAN-2025
OPTSTK,BOSCHLTD,30-Jan-2025,2025-01-30,34000.00,PE,643.35,1428.85,620.00,1109.50,1109.50,115,1002.79302,11225,100,06-JAN-2025
OPTSTK,KPITTECH,27-Feb-2025,2025-02-27,1600.00,PE,0.00,0.00,0.00,234.60,170.95,0,0.00,0,0,06-JAN-2025
OPTSTK,KPITTECH,27-Mar-2025,2025-03-27,1600.00,CE,0.00,0.00,0.00,90.50,58.80,0,0.00,0,0,06-JAN-2025
OPTSTK,IOC,30-Jan-2025,2025-01-30,145.00,CE,1.50,1.60,0.70,0.85,0.85,2405,17105.6266,6664125,-9750,06-JAN-2025
OPTSTK,IOC,27-Mar-2025,2025-03-27,120.00,CE,0.00,0.00,0.00,22.75,16.95,0,0.00,0,0,06-JAN-2025
OPTSTK,KPITTECH,30-Jan-2025,2025-01-30,1280.00,PE,8.05,12.30,7.95,12.30,12.30,17,87.7518,34800,-2400,06-JAN-2025
OPTIDX,BANKNIFTY,27-Feb-2025,2025-02-27,51700.00,PE,1281.35,2001.30,1281.35,1906.10,1906.10,133,2135.75353,3870,-1920,06-JAN-2025
OPTIDX,BANKNIFTY,27-Mar-2025,2025-03-27,51700.00,CE,0.00,0.00,0.00,2302.35,1135.05,0,0.00,0,0,06-JAN-2025
OPTIDX,BANKNIFTY,30-Jan-2025,2025-01-30,51700.00,CE,647.75,678.50,330.00,354.10,354.10,71860,562111.668,386160,-9450,06-JAN-2025
OPTIDX,BANKNIFTY,30-Jan-2025,2025-01-30,51700.00,PE,1076.00,2036.10,1076.00,1886.45,1886.45,8132,64955.4768,234915,-17340,06-JAN-2025
OPTIDX,BANKNIFTY,30-Jan-2025,2025-01-30,55100.00,CE,43.35,43.35,26.60,30.40,30.40,33989,281080.821,106230,-8565,06-JAN-2025
OPTIDX,BANKNIFTY,30-Jan-2025,2025-01-30,55100.00,PE,0.00,0.00,0.00,3650.00,4945.95,0,0.00,75,0,06-JAN-2025
OPTIDX,BANKNIFTY,27-Feb-2025,2025-02-27,55100.00,CE,157.80,157.80,157.80,157.80,123.50,1,16.57734,2790,0,06-JAN-2025
OPTIDX,BANKNIFTY,27-Feb-2025,2025-02-27,55100.00,PE,0.00,0.00,0.00,3209.80,4774.20,0,0.00,0,0,06-JAN-2025
OPTIDX,BANKNIFTY,27-Mar-2025,2025-03-27,48600.00,PE,0.00,0.00,0.00,717.40,735.35,0,0.00,0,0,06-JAN-2025
OPTIDX,BANKNIFTY,30-Jan-2025,2025-01-30,55200.00,PE,0.00,0.00,0.00,3574.25,5044.20,0,0.00,30,0,06-JAN-2025
OPTIDX,BANKNIFTY,30-Jan-2025,2025-01-30,47300.00,CE,0.00,0.00,0.00,5736.40,2918.20,0,0.00,0,0,06-JAN-2025
OPTIDX,BANKNIFTY,27-Feb-2025,2025-02-27,48400.00,CE,0.00,0.00,0.00,5267.30,2482.10,0,0.00,0,0,06-JAN-2025
OPTSTK,JSWENERGY,30-Jan-2025,2025-01-30,730.00,PE,0.00,0.00,0.00,94.95,126.50,0,0.00,0,0,06-JAN-2025
OPTSTK,CUMMINSIND,27-Mar-2025,2025-03-27,3700.00,PE,0.00,0.00,0.00,432.90,523.90,0,0.00,0,0,06-JAN-2025
OPTIDX,BANKNIFTY,26-Jun-2025,2025-06-26,51000.00,PE,0.00,0.00,0.00,2259.25,2047.10,0,0.00,0,0,06-JAN-2025
OPTIDX,BANKNIFTY,27-Feb-2025,2025-02-27,51000.00,PE,968.65,1625.55,962.00,1522.60,1522.60,5975,93850.5824,123180,600,06-JAN-2025
OPTIDX,BANKNIFTY,30-Jan-2025,2025-01-30,51000.00,CE,987.00,1022.00,524.05,567.65,567.65,438587,3401863.25,1340595,523635,06-JAN-2025
OPTIDX,BANKNIFTY,27-Mar-2025,2025-03-27,49600.00,CE,2319.25,2319.25,2319.25,2319.25,2319.25,1,15.575775,120,30,06-JAN-2025
OPTIDX,BANKNIFTY,30-Jan-2025,2025-01-30,49600.00,CE,1917.00,1917.00,1163.05,1251.25,1251.25,6072,46347.5170,24045,20340,06-JAN-2025
OPTIDX,BANKNIFTY,27-Feb-2025,2025-02-27,49600.00,PE,499.60,970.00,499.60,902.05,902.05,58,876.39459,1140,1050,06-JAN-2025
OPTIDX,BANKNIFTY,30-Jan-2025,2025-01-30,49600.00,PE,300.00,786.65,299.95,694.60,694.60,81961,616838.230,85170,1125,06-JAN-2025
OPTIDX,BANKNIFTY,27-Feb-2025,2025-02-27,49600.00,CE,1984.20,1984.20,1942.50,1942.50,1699.40,15,232.0239,600,450,06-JAN-2025
OPTIDX,BANKNIFTY,27-Mar-2025,2025-03-27,49600.00,PE,0.00,0.00,0.00,1001.10,1090.90,0,0.00,0,0,06-JAN-2025
OPTIDX,BANKNIFTY,27-Feb-2025,2025-02-27,54400.00,CE,0.00,0.00,0.00,251.50,187.70,0,0.00,180,0,06-JAN-2025
OPTIDX,BANKNIFTY,27-Mar-2025,2025-03-27,54400.00,CE,0.00,0.00,0.00,1198.55,412.85,0,0.00,0,0,06-JAN-2025
OPTIDX,BANKNIFTY,30-Jan-2025,2025-01-30,54400.00,PE,3412.65,4362.20,3412.65,4292.70,4263.50,18,157.705935,25860,-105,06-JAN-2025
OPTSTK,JSWENERGY,27-Feb-2025,2025-02-27,510.00,CE,0.00,0.00,0.00,141.60,103.05,0,0.00,0,0,06-JAN-2025
OPTIDX,BANKNIFTY,30-Jan-2025,2025-01-30,42500.00,CE,8250.00,8250.00,7560.00,7585.00,7585.00,5,37.75425,975,30,06-JAN-2025
OPTIDX,BANKNIFTY,27-Mar-2025,2025-03-27,54000.00,PE,2830.60,3592.15,2800.00,3412.05,3412.05,391,6714.80826,25005,-1350,06-JAN-2025
FUTSTK,JSWENERGY,27-Feb-2025,2025-02-27,,,625.00,629.80,601.10,605.45,605.45,408,1880.82075,179250,63750,06-JAN-2025
FUTSTK,CUMMINSIND,27-Mar-2025,2025-03-27,,,3268.00,3268.00,3188.60,3195.25,3223.55,21,101.9187,6000,1950,06-JAN-2025
OPTSTK,AUBANK,30-Jan-2025,2025-01-30,505.00,CE,0.00,0.00,0.00,53.75,58.50,0,0.00,0,0,06-JAN-2025
OPTSTK,AUBANK,27-Feb-2025,2025-02-27,630.00,PE,0.00,0.00,0.00,83.35,70.10,0,0.00,0,0,06-JAN-2025
OPTSTK,AUBANK,30-Jan-2025,2025-01-30,505.00,PE,2.25,3.85,1.80,3.75,1.45,90,457.0225,63000,8000,06-JAN-2025
OPTSTK,AUBANK,27-Mar-2025,2025-03-27,630.00,CE,0.00,0.00,0.00,15.50,10.95,0,0.00,0,0,06-JAN-2025
OPTSTK,ATUL,27-Feb-2025,2025-02-27,5800.00,CE,0.00,0.00,0.00,1559.15,1072.35,0,0.00,0,0,06-JAN-2025
OPTSTK,ATUL,27-Feb-2025,2025-02-27,7000.00,CE,0.00,0.00,0.00,643.10,215.90,0,0.00,0,0,06-JAN-2025
OPTSTK,ATUL,27-Feb-2025,2025-02-27,6200.00,CE,0.00,0.00,0.00,1211.85,716.10,0,0.00,0,0,06-JAN-2025
OPTSTK,AUBANK,27-Feb-2025,2025-02-27,650.00,CE,0.00,0.00,0.00,2.90,3.45,0,0.00,1000,0,06-JAN-2025
OPTSTK,ATUL,27-Feb-2025,2025-02-27,6500.00,CE,0.00,0.00,0.00,794.75,488.25,0,0.00,0,0,06-JAN-2025
OPTSTK,ATUL,30-Jan-2025,2025-01-30,6500.00,CE,0.00,0.00,0.00,897.10,394.50,0,0.00,0,0,06-JAN-2025
OPTSTK,AUBANK,27-Mar-2025,2025-03-27,610.00,CE,0.00,0.00,0.00,20.35,15.75,0,0.00,0,0,06-JAN-2025
OPTSTK,AUBANK,30-Jan-2025,2025-01-30,520.00,PE,2.65,6.75,2.65,6.20,6.20,556,2919.0395,303000,24000,06-JAN-2025
OPTSTK,AUBANK,30-Jan-2025,2025-01-30,530.00,CE,38.50,43.05,32.95,34.35,34.35,9,51.0545,59000,3000,06-JAN-2025
OPTSTK,AUBANK,30-Jan-2025,2025-01-30,635.00,PE,0.00,0.00,0.00,85.50,73.45,0,0.00,0,0,06-JAN-2025
OPTSTK,AUBANK,27-Feb-2025,2025-02-27,635.00,CE,0.00,0.00,0.00,8.70,5.20,0,0.00,0,0,06-JAN-2025
OPTSTK,AUBANK,27-Feb-2025,2025-02-27,635.00,PE,0.00,0.00,0.00,87.45,74.30,0,0.00,0,0,06-JAN-2025
OPTSTK,AUBANK,30-Jan-2025,2025-01-30,635.00,CE,4.35,4.35,1.80,1.90,1.10,48,305.9325,23000,21000,06-JAN-2025
OPTSTK,AUBANK,30-Jan-2025,2025-01-30,480.00,CE,0.00,0.00,0.00,144.65,82.20,0,0.00,0,0,06-JAN-2025
OPTSTK,AUBANK,30-Jan-2025,2025-01-30,600.00,PE,33.55,49.10,29.85,48.45,48.45,39,249.8865,287000,2000,06-JAN-2025
OPTSTK,AUBANK,27-Feb-2025,2025-02-27,600.00,CE,16.10,16.10,9.50,9.90,12.20,35,213.6395,36000,14000,06-JAN-2025
OPTSTK,AUBANK,27-Feb-2025,2025-02-27,610.00,CE,0.00,0.00,0.00,13.65,9.70,0,0.00,0,0,06-JAN-2025
OPTSTK,AUBANK,27-Feb-2025,2025-02-27,660.00,PE,0.00,0.00,0.00,82.60,96.50,0,0.00,0,0,06-JAN-2025
OPTSTK,AUBANK,27-Feb-2025,2025-02-27,660.00,CE,0.00,0.00,0.00,20.30,2.60,0,0.00,0,0,06-JAN-2025
OPTSTK,AUBANK,30-Jan-2025,2025-01-30,660.00,CE,1.50,1.95,0.75,0.85,0.85,146,965.203,189000,76000,06-JAN-2025
OPTSTK,ATUL,27-Feb-2025,2025-02-27,7300.00,PE,0.00,0.00,0.00,436.40,543.30,0,0.00,0,0,06-JAN-2025
OPTSTK,ATUL,27-Feb-2025,2025-02-27,7300.00,CE,0.00,0.00,0.00,325.30,118.15,0,0.00,0,0,06-JAN-2025
OPTSTK,ATUL,30-Jan-2025,2025-01-30,7300.00,PE,0.00,0.00,0.00,406.65,505.45,0,0.00,1700,0,06-JAN-2025
OPTSTK,AUBANK,27-Feb-2025,2025-02-27,585.00,CE,0.00,0.00,0.00,20.70,16.95,0,0.00,0,0,06-JAN-2025
OPTSTK,ATUL,30-Jan-2025,2025-01-30,7100.00,PE,0.00,0.00,0.00,265.25,349.15,0,0.00,200,0,06-JAN-2025
OPTSTK,ATUL,30-Jan-2025,2025-01-30,6300.00,PE,38.00,59.65,37.95,53.80,53.80,455,2890.1878,10100,8500,06-JAN-2025
OPTSTK,ATUL,30-Jan-2025,2025-01-30,7900.00,CE,0.00,0.00,0.00,36.00,3.05,0,0.00,100,0,06-JAN-2025
OPTSTK,AUBANK,27-Feb-2025,2025-02-27,565.00,CE,0.00,0.00,0.00,28.20,25.20,0,0.00,0,0,06-JAN-2025
OPTSTK,BERGEPAINT,27-Feb-2025,2025-02-27,395.00,PE,0.00,0.00,0.00,4.05,1.05,0,0.00,0,0,06-JAN-2025
OPTSTK,BERGEPAINT,30-Jan-2025,2025-01-30,455.00,PE,11.05,17.45,11.05,14.95,14.95,52,322.21002,312840,0,06-JAN-2025
OPTSTK,BERGEPAINT,30-Jan-2025,2025-01-30,395.00,PE,0.00,0.00,0.00,0.80,0.15,0,0.00,58080,0,06-JAN-2025
OPTSTK,BERGEPAINT,27-Feb-2025,2025-02-27,445.00,PE,0.00,0.00,0.00,20.40,12.55,0,0.00,0,0,06-JAN-2025
OPTSTK,POONAWALLA,30-Jan-2025,2025-01-30,270.00,CE,0.00,0.00,0.00,107.65,45.50,0,0.00,0,0,06-JAN-2025
OPTSTK,POONAWALLA,27-Feb-2025,2025-02-27,270.00,PE,0.00,0.00,0.00,3.25,3.55,0,0.00,0,0,06-JAN-2025
OPTSTK,BERGEPAINT,27-Mar-2025,2025-03-27,440.00,CE,0.00,0.00,0.00,30.00,27.20,0,0.00,0,0,06-JAN-2025
OPTSTK,POONAWALLA,27-Feb-2025,2025-02-27,345.00,PE,0.00,0.00,0.00,38.45,37.45,0,0.00,0,0,06-JAN-2025
OPTSTK,BERGEPAINT,27-Mar-2025,2025-03-27,410.00,CE,0.00,0.00,0.00,48.30,48.05,0,0.00,0,0,06-JAN-2025
FUTSTK,BERGEPAINT,27-Mar-2025,2025-03-27,,,461.00,461.00,450.00,450.00,454.25,21,125.83428,62040,22440,06-JAN-2025
FUTSTK,BERGEPAINT,27-Feb-2025,2025-02-27,,,461.35,461.35,446.35,451.10,451.10,85,507.57366,426360,23760,06-JAN-2025
OPTSTK,BERGEPAINT,27-Mar-2025,2025-03-27,380.00,CE,0.00,0.00,0.00,71.55,74.15,0,0.00,0,0,06-JAN-2025
OPTSTK,BERGEPAINT,27-Feb-2025,2025-02-27,380.00,PE,0.00,0.00,0.00,0.85,0.35,0,0.00,0,0,06-JAN-2025
OPTSTK,BERGEPAINT,30-Jan-2025,2025-01-30,465.00,CE,9.35,9.35,4.05,5.55,5.55,214,1328.59914,150480,19800,06-JAN-2025
OPTSTK,BERGEPAINT,27-Feb-2025,2025-02-27,465.00,PE,0.00,0.00,0.00,31.95,23.35,0,0.00,0,0,06-JAN-2025
OPTSTK,POONAWALLA,27-Feb-2025,2025-02-27,310.00,PE,0.00,0.00,0.00,13.55,16.15,0,0.00,1450,0,06-JAN-2025
OPTSTK,BERGEPAINT,30-Jan-2025,2025-01-30,405.00,PE,1.55,1.65,1.25,1.55,1.55,36,193.1226,50160,2640,06-JAN-2025
OPTSTK,BERGEPAINT,27-Mar-2025,2025-03-27,470.00,CE,0.00,0.00,0.00,17.10,13.20,0,0.00,0,0,06-JAN-2025
OPTSTK,BERGEPAINT,27-Feb-2025,2025-02-27,420.00,CE,0.00,0.00,0.00,81.10,36.00,0,0.00,0,0,06-JAN-2025
OPTSTK,BERGEPAINT,30-Jan-2025,2025-01-30,420.00,CE,0.00,0.00,0.00,30.45,31.15,0,0.00,3960,0,06-JAN-2025
OPTSTK,BERGEPAINT,27-Mar-2025,2025-03-27,420.00,PE,0.00,0.00,0.00,13.00,6.60,0,0.00,0,0,06-JAN-2025
OPTSTK,POONAWALLA,27-Mar-2025,2025-03-27,290.00,PE,0.00,0.00,0.00,15.35,11.70,0,0.00,0,0,06-JAN-2025
OPTSTK,POONAWALLA,30-Jan-2025,2025-01-30,305.00,PE,4.40,8.60,4.35,8.60,8.60,41,185.346975,84100,26100,06-JAN-2025
OPTSTK,POONAWALLA,27-Feb-2025,2025-02-27,300.00,PE,0.00,0.00,0.00,7.85,11.80,0,0.00,0,0,06-JAN-2025
OPTSTK,POONAWALLA,27-Mar-2025,2025-03-27,300.00,PE,0.00,0.00,0.00,19.15,15.45,0,0.00,0,0,06-JAN-2025
OPTSTK,BERGEPAINT,27-Mar-2025,2025-03-27,510.00,PE,0.00,0.00,0.00,66.95,58.85,0,0.00,0,0,06-JAN-2025
OPTSTK,BERGEPAINT,27-Mar-2025,2025-03-27,510.00,CE,0.00,0.00,0.00,7.15,3.95,0,0.00,0,0,06-JAN-2025
OPTSTK,BERGEPAINT,27-Mar-2025,2025-03-27,380.00,PE,0.00,0.00,0.00,3.65,1.00,0,0.00,0,0,06-JAN-2025
OPTSTK,POONAWALLA,30-Jan-2025,2025-01-30,380.00,PE,0.00,0.00,0.00,63.00,65.55,0,0.00,1450,0,06-JAN-2025
OPTSTK,BERGEPAINT,30-Jan-2025,2025-01-30,465.00,PE,18.65,23.60,18.00,23.60,20.30,14,89.64846,42240,-10560,06-JAN-2025
OPTSTK,NTPC,27-Feb-2025,2025-02-27,350.00,PE,0.00,0.00,0.00,17.05,26.30,0,0.00,0,0,06-JAN-2025
OPTSTK,NTPC,27-Mar-2025,2025-03-27,350.00,CE,12.00,12.00,12.00,12.00,10.90,1,5.43,1500,1500,06-JAN-2025
OPTSTK,IRCTC,27-Feb-2025,2025-02-27,800.00,PE,27.90,49.00,27.90,46.90,46.90,7,51.4285625,6125,3500,06-JAN-2025
OPTSTK,IRCTC,27-Mar-2025,2025-03-27,780.00,CE,0.00,0.00,0.00,65.65,45.10,0,0.00,0,0,06-JAN-2025
OPTSTK,IRCTC,30-Jan-2025,2025-01-30,780.00,CE,31.85,32.40,16.50,18.35,18.35,1122,7861.084,428750,139125,06-JAN-2025
OPTSTK,NTPC,30-Jan-2025,2025-01-30,385.00,PE,0.00,0.00,0.00,44.65,55.95,0,0.00,4500,0,06-JAN-2025
OPTSTK,IRCTC,30-Jan-2025,2025-01-30,790.00,PE,14.75,35.10,14.30,31.10,31.10,773,5493.19487,391125,-38500,06-JAN-2025
OPTSTK,IRCTC,27-Mar-2025,2025-03-27,780.00,PE,0.00,0.00,0.00,49.15,43.30,0,0.00,0,0,06-JAN-2025
OPTSTK,NTPC,27-Feb-2025,2025-02-27,290.00,CE,0.00,0.00,0.00,79.70,42.20,0,0.00,0,0,06-JAN-2025
OPTSTK,IRCTC,27-Feb-2025,2025-02-27,790.00,PE,0.00,0.00,0.00,46.75,42.35,0,0.00,0,0,06-JAN-2025
OPTSTK,IRCTC,27-Mar-2025,2025-03-27,920.00,PE,0.00,0.00,0.00,140.40,143.90,0,0.00,0,0,06-JAN-2025
OPTSTK,NTPC,30-Jan-2025,2025-01-30,345.00,PE,8.90,19.75,8.90,19.25,19.25,718,3863.187,609000,-13500,06-JAN-2025
FUTSTK,NTPC,27-Mar-2025,2025-03-27,,,342.75,342.75,330.30,330.90,330.90,56,281.57175,150000,60000,06-JAN-2025
OPTSTK,IRCTC,30-Jan-2025,2025-01-30,950.00,PE,0.00,0.00,0.00,149.10,175.55,0,0.00,51625,0,06-JAN-2025
OPTSTK,IRCTC,30-Jan-2025,2025-01-30,950.00,CE,0.80,0.80,0.45,0.45,0.10,31,257.827062,52500,-4375,06-JAN-2025
OPTSTK,IRCTC,27-Mar-2025,2025-03-27,680.00,PE,0.00,0.00,0.00,14.50,9.15,0,0.00,0,0,06-JAN-2025
OPTSTK,NTPC,30-Jan-2025,2025-01-30,350.00,PE,11.85,23.70,11.85,23.25,23.25,510,2811.78675,846000,36000,06-JAN-2025
OPTSTK,IRCTC,30-Jan-2025,2025-01-30,840.00,PE,53.00,75.00,53.00,69.15,69.15,13,102.539062,124250,-6125,06-JAN-2025
OPTSTK,NTPC,27-Mar-2025,2025-03-27,360.00,PE,0.00,0.00,0.00,34.55,35.25,0,0.00,0,0,06-JAN-2025
OPTSTK,NTPC,30-Jan-2025,2025-01-30,360.00,CE,2.15,2.30,0.95,1.05,1.05,3240,17564.4052,3268500,975000,06-JAN-2025
OPTSTK,IRCTC,30-Jan-2025,2025-01-30,920.00,CE,1.20,1.20,0.50,0.55,0.55,25,201.381687,131250,-7000,06-JAN-2025
OPTSTK,IRCTC,27-Mar-2025,2025-03-27,840.00,CE,0.00,0.00,0.00,40.35,22.80,0,0.00,0,0,06-JAN-2025
OPTSTK,NTPC,27-Feb-2025,2025-02-27,375.00,CE,0.00,0.00,0.00,7.40,2.40,0,0.00,0,0,06-JAN-2025
OPTSTK,IRCTC,27-Feb-2025,2025-02-27,730.00,PE,0.00,0.00,0.00,21.70,15.95,0,0.00,0,0,06-JAN-2025
OPTSTK,NTPC,27-Mar-2025,2025-03-27,300.00,PE,0.00,0.00,0.00,7.50,5.55,0,0.00,0,0,06-JAN-2025
OPTSTK,NTPC,27-Feb-2025,2025-02-27,300.00,CE,0.00,0.00,0.00,71.10,33.90,0,0.00,0,0,06-JAN-2025
OPTSTK,NTPC,27-Feb-2025,2025-02-27,310.00,CE,27.95,28.40,27.95,28.40,26.45,2,10.14525,3000,1500,06-JAN-2025
OPTSTK,NTPC,27-Mar-2025,2025-03-27,310.00,PE,0.00,0.00,0.00,10.35,8.35,0,0.00,0,0,06-JAN-2025
OPTSTK,NTPC,30-Jan-2025,2025-01-30,310.00,PE,0.95,2.80,0.95,2.65,2.65,2932,13726.8915,1672500,363000,06-JAN-2025
OPTSTK,IRCTC,30-Jan-2025,2025-01-30,760.00,PE,6.50,18.85,6.30,16.10,16.10,1302,8805.29912,332500,39375,06-JAN-2025
OPTSTK,IRCTC,27-Feb-2025,2025-02-27,810.00,CE,23.45,23.45,21.00,21.00,22.65,3,21.8351875,1750,875,06-JAN-2025
OPTSTK,NTPC,27-Feb-2025,2025-02-27,290.00,PE,2.80,2.80,2.50,2.60,1.90,20,87.771,343500,-21000,06-JAN-2025
OPTIDX,FINNIFTY,30-Jan-2025,2025-01-30,20000.00,CE,0.00,0.00,0.00,3664.10,3406.45,0,0.00,1800,0,06-JAN-2025
OPTIDX,FINNIFTY,30-Jan-2025,2025-01-30,24850.00,CE,84.25,89.00,44.15,51.40,51.40,650,4048.67013,16500,-2450,06-JAN-2025
OPTIDX,FINNIFTY,27-Mar-2025,2025-03-27,22700.00,PE,0.00,0.00,0.00,397.95,333.25,0,0.00,0,0,06-JAN-2025
OPTIDX,FINNIFTY,27-Feb-2025,2025-02-27,22700.00,PE,0.00,0.00,0.00,311.90,250.30,0,0.00,0,0,06-JAN-2025
OPTIDX,FINNIFTY,30-Jan-2025,2025-01-30,22700.00,CE,989.85,989.85,926.60,945.00,850.60,16,94.60715,875,350,06-JAN-2025
OPTIDX,FINNIFTY,27-Feb-2025,2025-02-27,20500.00,CE,0.00,0.00,0.00,3953.20,3020.65,0,0.00,0,0,06-JAN-2025
OPTIDX,FINNIFTY,27-Feb-2025,2025-02-27,20500.00,PE,0.00,0.00,0.00,36.65,6.60,0,0.00,0,0,06-JAN-2025
OPTIDX,FINNIFTY,27-Mar-2025,2025-03-27,20500.00,PE,0.00,0.00,0.00,45.65,21.65,0,0.00,0,0,06-JAN-2025
OPTIDX,FINNIFTY,30-Jan-2025,2025-01-30,22750.00,CE,985.00,985.00,985.00,985.00,813.10,4,23.735,725,100,06-JAN-2025
OPTIDX,FINNIFTY,30-Jan-2025,2025-01-30,24800.00,PE,1360.95,1365.05,1360.95,1365.05,1415.10,2,13.0815,575,-25,06-JAN-2025
OPTIDX,FINNIFTY,27-Mar-2025,2025-03-27,24800.00,PE,0.00,0.00,0.00,1407.90,1431.00,0,0.00,0,0,06-JAN-2025
OPTIDX,FINNIFTY,27-Feb-2025,2025-02-27,24800.00,CE,0.00,0.00,0.00,836.60,171.95,0,0.00,0,0,06-JAN-2025
OPTIDX,FINNIFTY,27-Mar-2025,2025-03-27,24800.00,CE,0.00,0.00,0.00,536.10,313.05,0,0.00,0,0,06-JAN-2025
OPTIDX,FINNIFTY,27-Feb-2025,2025-02-27,24800.00,PE,0.00,0.00,0.00,1142.55,1416.75,0,0.00,0,0,06-JAN-2025
OPTIDX,FINNIFTY,27-Feb-2025,2025-02-27,25700.00,CE,118.70,118.70,50.00,53.30,53.30,7,117.222365,130,130,06-JAN-2025
OPTIDX,FINNIFTY,30-Jan-2025,2025-01-30,25700.00,PE,0.00,0.00,0.00,1495.15,2273.80,0,0.00,0,0,06-JAN-2025
OPTIDX,FINNIFTY,27-Feb-2025,2025-02-27,25700.00,PE,0.00,0.00,0.00,1705.20,2192.85,0,0.00,0,0,06-JAN-2025
OPTIDX,FINNIFTY,30-Jan-2025,2025-01-30,25700.00,CE,14.75,17.75,11.90,12.70,12.70,4765,30631.1234,38400,21325,06-JAN-2025
OPTIDX,FINNIFTY,27-Mar-2025,2025-03-27,25700.00,PE,0.00,0.00,0.00,2055.45,2145.60,0,0.00,0,0,06-JAN-2025
OPTIDX,FINNIFTY,27-Mar-2025,2025-03-27,26500.00,PE,0.00,0.00,0.00,2710.50,2855.75,0,0.00,0,0,06-JAN-2025
OPTIDX,FINNIFTY,27-Mar-2025,2025-03-27,26500.00,CE,0.00,0.00,0.00,167.20,62.80,0,0.00,0,0,06-JAN-2025
OPTIDX,FINNIFTY,27-Feb-2025,2025-02-27,26500.00,PE,0.00,0.00,0.00,2294.80,2946.45,0,0.00,0,0,06-JAN-2025
OPTIDX,FINNIFTY,27-Feb-2025,2025-02-27,24200.00,CE,0.00,0.00,0.00,1118.35,323.05,0,0.00,0,0,06-JAN-2025
OPTIDX,FINNIFTY,30-Jan-2025,2025-01-30,23450.00,PE,226.00,485.95,153.00,439.00,439.00,8578,51105.4343,9025,-2275,06-JAN-2025
OPTIDX,FINNIFTY,27-Mar-2025,2025-03-27,22700.00,CE,0.00,0.00,0.00,1591.00,1284.45,0,0.00,0,0,06-JAN-2025
OPTIDX,FINNIFTY,27-Feb-2025,2025-02-27,27500.00,PE,0.00,0.00,0.00,3122.00,3922.40,0,0.00,0,0,06-JAN-2025
OPTIDX,FINNIFTY,30-Jan-2025,2025-01-30,21600.00,PE,15.40,33.60,12.10,28.15,28.15,6372,34448.2667,31750,20275,06-JAN-2025
OPTIDX,FINNIFTY,27-Mar-2025,2025-03-27,21600.00,PE,0.00,0.00,0.00,154.00,103.05,0,0.00,0,0,06-JAN-2025
OPTIDX,FINNIFTY,30-Jan-2025,2025-01-30,25050.00,CE,56.75,63.65,32.70,36.50,36.50,2491,15632.2566,21425,21425,06-JAN-2025
OPTIDX,FINNIFTY,27-Mar-2025,2025-03-27,22100.00,CE,0.00,0.00,0.00,2027.30,1725.75,0,0.00,0,0,06-JAN-2025
OPTIDX,FINNIFTY,30-Jan-2025,2025-01-30,24500.00,PE,547.00,1190.65,547.00,1181.45,1181.45,31,196.9823,8775,50,06-JAN-2025
OPTSTK,COROMANDEL,30-Jan-2025,2025-01-30,2000.00,CE,41.60,46.95,30.00,35.10,35.10,883,6299.04432,151200,40600,06-JAN-2025
OPTSTK,GUJGASLTD,30-Jan-2025,2025-01-30,570.00,CE,1.45,1.45,0.90,1.15,1.15,190,1356.24687,492500,20000,06-JAN-2025
OPTSTK,COROMANDEL,30-Jan-2025,2025-01-30,1760.00,PE,5.65,8.20,5.65,7.70,7.70,150,927.51505,31850,-4900,06-JAN-2025
OPTSTK,COROMANDEL,27-Feb-2025,2025-02-27,1820.00,PE,0.00,0.00,0.00,73.00,24.80,0,0.00,0,0,06-JAN-2025
OPTSTK,COROMANDEL,30-Jan-2025,2025-01-30,1820.00,CE,0.00,0.00,0.00,135.25,136.60,0,0.00,6300,0,06-JAN-2025
OPTSTK,GUJGASLTD,27-Feb-2025,2025-02-27,440.00,CE,0.00,0.00,0.00,56.85,75.25,0,0.00,0,0,06-JAN-2025
FUTSTK,COROMANDEL,30-Jan-2025,2025-01-30,,,1984.90,1984.90,1941.45,1948.15,1948.15,2494,17094.4651,3784200,25550,06-JAN-2025
OPTSTK,COROMANDEL,30-Jan-2025,2025-01-30,1600.00,CE,0.00,0.00,0.00,248.00,345.35,0,0.00,350,0,06-JAN-2025
OPTIDX,MIDCPNIFTY,27-Feb-2025,2025-02-27,12500.00,PE,0.00,0.00,0.00,397.70,201.35,0,0.00,0,0,06-JAN-2025
OPTIDX,MIDCPNIFTY,30-Jan-2025,2025-01-30,12500.00,CE,630.00,630.00,380.00,407.50,407.50,269,1739.50415,39450,3250,06-JAN-2025
OPTIDX,MIDCPNIFTY,27-Mar-2025,2025-03-27,12500.00,CE,0.00,0.00,0.00,962.20,633.15,0,0.00,0,0,06-JAN-2025
OPTIDX,MIDCPNIFTY,27-Mar-2025,2025-03-27,13275.00,PE,0.00,0.00,0.00,570.00,647.15,0,0.00,0,0,06-JAN-2025
OPTIDX,MIDCPNIFTY,27-Mar-2025,2025-03-27,13375.00,PE,0.00,0.00,0.00,623.90,713.30,0,0.00,0,0,06-JAN-2025
OPTIDX,MIDCPNIFTY,30-Jan-2025,2025-01-30,13475.00,PE,0.00,0.00,0.00,484.00,751.75,0,0.00,50,0,06-JAN-2025
OPTIDX,MIDCPNIFTY,27-Feb-2025,2025-02-27,13475.00,CE,0.00,0.00,0.00,288.30,116.20,0,0.00,0,0,06-JAN-2025
OPTIDX,MIDCPNIFTY,27-Feb-2025,2025-02-27,12025.00,PE,0.00,0.00,0.00,227.85,75.35,0,0.00,0,0,06-JAN-2025
OPTIDX,MIDCPNIFTY,27-Mar-2025,2025-03-27,12925.00,CE,0.00,0.00,0.00,700.60,403.70,0,0.00,0,0,06-JAN-2025
OPTIDX,MIDCPNIFTY,27-Feb-2025,2025-02-27,12950.00,PE,0.00,0.00,0.00,617.50,410.65,0,0.00,0,0,06-JAN-2025
OPTIDX,MIDCPNIFTY,27-Feb-2025,2025-02-27,13000.00,PE,440.00,480.00,440.00,480.00,439.60,2,32.304,6720,-120,06-JAN-2025
OPTIDX,MIDCPNIFTY,30-Jan-2025,2025-01-30,13000.00,PE,217.00,444.60,180.00,414.65,414.65,43351,288107.741,519850,-148600,06-JAN-2025
OPTIDX,MIDCPNIFTY,27-Mar-2025,2025-03-27,13000.00,PE,0.00,0.00,0.00,396.25,482.55,0,0.00,120,0,06-JAN-2025
OPTIDX,MIDCPNIFTY,30-Jan-2025,2025-01-30,13000.00,CE,193.35,289.95,136.15,149.55,149.55,62341,411042.614,693450,103900,06-JAN-2025
OPTIDX,MIDCPNIFTY,30-Jan-2025,2025-01-30,11600.00,PE,10.60,22.45,9.25,19.95,19.95,4648,26995.2381,37050,25050,06-JAN-2025
OPTIDX,MIDCPNIFTY,27-Mar-2025,2025-03-27,11600.00,CE,0.00,0.00,0.00,1663.40,1316.55,0,0.00,0,0,06-JAN-2025
OPTIDX,MIDCPNIFTY,27-Feb-2025,2025-02-27,11600.00,CE,0.00,0.00,0.00,1311.70,1232.10,0,0.00,0,0,06-JAN-2025
OPTIDX,MIDCPNIFTY,27-Feb-2025,2025-02-27,11600.00,PE,0.00,0.00,0.00,126.10,24.45,0,0.00,0,0,06-JAN-2025
OPTIDX,MIDCPNIFTY,27-Mar-2025,2025-03-27,11600.00,PE,0.00,0.00,0.00,65.45,49.60,0,0.00,0,0,06-JAN-2025
OPTIDX,MIDCPNIFTY,27-Mar-2025,2025-03-27,13525.00,CE,0.00,0.00,0.00,417.65,188.55,0,0.00,0,0,06-JAN-2025
OPTIDX,MIDCPNIFTY,27-Feb-2025,2025-02-27,13525.00,CE,0.00,0.00,0.00,273.85,105.80,0,0.00,0,0,06-JAN-2025
OPTIDX,MIDCPNIFTY,30-Jan-2025,2025-01-30,11300.00,CE,0.00,0.00,0.00,1406.95,1447.30,0,0.00,0,0,06-JAN-2025
OPTIDX,MIDCPNIFTY,27-Feb-2025,2025-02-27,11300.00,PE,0.00,0.00,0.00,77.95,9.40,0,0.00,0,0,06-JAN-2025
OPTIDX,MIDCPNIFTY,30-Jan-2025,2025-01-30,11725.00,PE,18.45,18.70,16.85,16.85,7.15,16,93.9419,100,100,06-JAN-2025
OPTIDX,MIDCPNIFTY,30-Jan-2025,2025-01-30,11725.00,CE,0.00,0.00,0.00,1079.80,1030.65,0,0.00,0,0,06-JAN-2025
OPTIDX,MIDCPNIFTY,27-Feb-2025,2025-02-27,13425.00,CE,0.00,0.00,0.00,303.30,127.45,0,0.00,0,0,06-JAN-2025
OPTIDX,MIDCPNIFTY,30-Jan-2025,2025-01-30,13425.00,CE,84.95,85.30,40.15,44.95,44.95,917,6182.57065,14550,-3450,06-JAN-2025
OPTIDX,MIDCPNIFTY,27-Mar-2025,2025-03-27,13425.00,PE,0.00,0.00,0.00,651.85,747.55,0,0.00,0,0,06-JAN-2025
OPTIDX,MIDCPNIFTY,27-Feb-2025,2025-02-27,13875.00,PE,0.00,0.00,0.00,1236.70,1097.70,0,0.00,0,0,06-JAN-2025
OPTIDX,MIDCPNIFTY,30-Jan-2025,2025-01-30,12225.00,PE,42.00,108.10,41.45,97.65,97.65,492,3023.29642,9900,3850,06-JAN-2025
OPTIDX,MIDCPNIFTY,27-Feb-2025,2025-02-27,13750.00,PE,0.00,0.00,0.00,1142.05,989.55,0,0.00,0,0,06-JAN-2025
OPTSTK,DMART,27-Feb-2025,2025-02-27,4000.00,CE,222.45,230.00,198.60,198.60,164.25,42,265.6605,4050,1950,06-JAN-2025
OPTSTK,DMART,27-Mar-2025,2025-03-27,4000.00,PE,0.00,0.00,0.00,505.40,222.70,0,0.00,0,0,06-JAN-2025
OPTSTK,TATACONSUM,30-Jan-2025,2025-01-30,800.00,PE,0.80,1.00,0.70,0.70,0.05,29,105.908964,108528,-5016,06-JAN-2025
OPTSTK,TATACONSUM,27-Feb-2025,2025-02-27,1010.00,CE,0.00,0.00,0.00,12.45,16.15,0,0.00,0,0,06-JAN-2025
OPTSTK,TATACONSUM,27-Mar-2025,2025-03-27,960.00,CE,0.00,0.00,0.00,34.50,44.95,0,0.00,0,0,06-JAN-2025
OPTSTK,TATACONSUM,27-Feb-2025,2025-02-27,960.00,CE,0.00,0.00,0.00,53.25,34.00,0,0.00,0,0,06-JAN-2025
FUTSTK,DMART,30-Jan-2025,2025-01-30,,,4046.45,4079.35,3940.05,3953.75,3953.75,8366,50192.6061,3030300,21450,06-JAN-2025
FUTSTK,TATACONSUM,27-Feb-2025,2025-02-27,,,943.00,962.00,941.00,954.70,954.70,466,2022.41449,407664,25992,06-JAN-2025
OPTSTK,DMART,30-Jan-2025,2025-01-30,3350.00,PE,8.65,12.10,5.85,10.25,10.25,120,604.506225,11250,2100,06-JAN-2025
OPTSTK,DMART,27-Feb-2025,2025-02-27,3350.00,CE,0.00,0.00,0.00,304.45,628.40,0,0.00,0,0,06-JAN-2025
OPTSTK,DMART,27-Feb-2025,2025-02-27,3350.00,PE,0.00,0.00,0.00,100.80,11.60,0,0.00,0,0,06-JAN-2025
FUTSTK,TATACONSUM,30-Jan-2025,2025-01-30,,,937.65,957.15,933.95,948.80,948.80,8357,36010.5543,13531344,16416,06-JAN-2025
OPTSTK,TATACONSUM,27-Feb-2025,2025-02-27,800.00,PE,0.00,0.00,0.00,6.25,0.95,0,0.00,0,0,06-JAN-2025
OPTSTK,TATACONSUM,30-Jan-2025,2025-01-30,880.00,PE,4.45,5.85,4.00,4.60,4.60,961,3876.68172,173736,-14136,06-JAN-2025
OPTSTK,TATACONSUM,27-Feb-2025,2025-02-27,880.00,CE,0.00,0.00,0.00,99.15,84.40,0,0.00,0,0,06-JAN-2025
OPTSTK,DMART,27-Feb-2025,2025-02-27,3200.00,PE,0.00,0.00,0.00,40.00,4.20,0,0.00,450,0,06-JAN-2025
OPTSTK,TATACONSUM,27-Feb-2025,2025-02-27,810.00,CE,0.00,0.00,0.00,109.65,146.00,0,0.00,0,0,06-JAN-2025
OPTSTK,TATACONSUM,30-Jan-2025,2025-01-30,880.00,CE,64.85,68.75,62.00,68.20,74.05,14,60.340428,17784,1824,06-JAN-2025
OPTSTK,DMART,30-Jan-2025,2025-01-30,3850.00,CE,261.55,278.25,190.70,195.15,195.15,29,177.38685,32700,150,06-JAN-2025
OPTSTK,DMART,27-Feb-2025,2025-02-27,3850.00,PE,0.00,0.00,0.00,376.30,120.00,0,0.00,0,0,06-JAN-2025
OPTSTK,DMART,27-Feb-2025,2025-02-27,3850.00,CE,0.00,0.00,0.00,86.20,241.60,0,0.00,0,0,06-JAN-2025
OPTSTK,TATACONSUM,27-Feb-2025,2025-02-27,1060.00,PE,0.00,0.00,0.00,120.25,109.60,0,0.00,0,0,06-JAN-2025
OPTSTK,TATACONSUM,30-Jan-2025,2025-01-30,1060.00,PE,0.00,0.00,0.00,79.50,109.65,0,0.00,0,0,06-JAN-2025
OPTSTK,TATACONSUM,27-Feb-2025,2025-02-27,1060.00,CE,0.00,0.00,0.00,4.00,6.65,0,0.00,0,0,06-JAN-2025
OPTSTK,TATACONSUM,27-Feb-2025,2025-02-27,890.00,PE,0.00,0.00,0.00,32.25,11.30,0,0.00,0,0,06-JAN-2025
OPTSTK,TATACONSUM,30-Jan-2025,2025-01-30,890.00,CE,58.45,70.25,58.45,70.25,65.50,11,47.7375,15048,-3648,06-JAN-2025
OPTSTK,TATACONSUM,27-Mar-2025,2025-03-27,820.00,CE,0.00,0.00,0.00,110.90,143.15,0,0.00,0,0,06-JAN-2025
OPTSTK,TATACONSUM,27-Feb-2025,2025-02-27,820.00,CE,0.00,0.00,0.00,144.75,136.60,0,0.00,0,0,06-JAN-2025
OPTSTK,DMART,27-Mar-2025,2025-03-27,4400.00,CE,0.00,0.00,0.00,31.20,83.30,0,0.00,0,0,06-JAN-2025
OPTSTK,DMART,30-Jan-2025,2025-01-30,4400.00,PE,377.70,392.05,377.70,392.05,457.35,7,50.2089,1050,600,06-JAN-2025
OPTSTK,DMART,30-Jan-2025,2025-01-30,4050.00,CE,143.05,158.70,96.00,101.75,101.75,1704,10675.2379,92400,29400,06-JAN-2025
OPTSTK,TATACONSUM,30-Jan-2025,2025-01-30,970.00,PE,43.80,43.80,31.80,35.50,35.50,250,1148.15601,28728,20520,06-JAN-2025
OPTSTK,IGL,27-Feb-2025,2025-02-27,510.00,CE,0.00,0.00,0.00,4.50,4.75,0,0.00,0,0,06-JAN-2025
OPTSTK,CGPOWER,27-Feb-2025,2025-02-27,700.00,CE,0.00,0.00,0.00,101.45,50.15,0,0.00,0,0,06-JAN-2025
OPTSTK,CGPOWER,27-Mar-2025,2025-03-27,700.00,CE,0.00,0.00,0.00,94.45,61.20,0,0.00,0,0,06-JAN-2025
OPTSTK,IGL,30-Jan-2025,2025-01-30,350.00,CE,0.00,0.00,0.00,92.00,76.20,0,0.00,60500,0,06-JAN-2025
OPTSTK,IGL,27-Mar-2025,2025-03-27,510.00,PE,0.00,0.00,0.00,118.90,87.65,0,0.00,0,0,06-JAN-2025
OPTSTK,CGPOWER,27-Mar-2025,2025-03-27,760.00,CE,0.00,0.00,0.00,63.60,34.55,0,0.00,0,0,06-JAN-2025
OPTSTK,IGL,27-Feb-2025,2025-02-27,485.00,CE,0.00,0.00,0.00,7.25,8.45,0,0.00,0,0,06-JAN-2025
OPTSTK,IGL,30-Jan-2025,2025-01-30,440.00,PE,17.95,31.70,16.70,28.65,28.65,359,2298.01343,371250,-86625,06-JAN-2025
OPTSTK,IGL,27-Feb-2025,2025-02-27,445.00,PE,0.00,0.00,0.00,63.50,35.95,0,0.00,0,0,06-JAN-2025
OPTSTK,CGPOWER,30-Jan-2025,2025-01-30,780.00,PE,53.40,59.45,53.40,59.45,69.40,4,24.294025,21750,725,06-JAN-2025
OPTSTK,CGPOWER,30-Jan-2025,2025-01-30,900.00,CE,0.00,0.00,0.00,0.90,0.20,0,0.00,5075,0,06-JAN-2025
OPTSTK,IGL,27-Feb-2025,2025-02-27,390.00,CE,0.00,0.00,0.00,34.10,48.50,0,0.00,0,0,06-JAN-2025
OPTSTK,IGL,27-Feb-2025,2025-02-27,475.00,PE,0.00,0.00,0.00,87.20,56.80,0,0.00,0,0,06-JAN-2025
OPTSTK,CGPOWER,30-Jan-2025,2025-01-30,620.00,CE,0.00,0.00,0.00,148.60,98.65,0,0.00,0,0,06-JAN-2025
OPTSTK,CGPOWER,27-Feb-2025,2025-02-27,620.00,PE,0.00,0.00,0.00,13.70,6.35,0,0.00,0,0,06-JAN-2025
OPTSTK,CGPOWER,30-Jan-2025,2025-01-30,620.00,PE,0.00,0.00,0.00,8.40,1.60,0,0.00,0,0,06-JAN-2025
OPTSTK,CGPOWER,27-Mar-2025,2025-03-27,840.00,PE,0.00,0.00,0.00,116.25,127.55,0,0.00,0,0,06-JAN-2025
OPTSTK,IGL,30-Jan-2025,2025-01-30,360.00,CE,72.20,72.20,56.90,57.15,66.70,8,46.0851875,112750,-9625,06-JAN-2025
OPTSTK,IGL,30-Jan-2025,2025-01-30,380.00,CE,56.20,56.20,39.35,40.25,48.85,8,46.6049375,488125,0,06-JAN-2025
OPTSTK,IGL,27-Feb-2025,2025-02-27,405.00,CE,0.00,0.00,0.00,27.45,38.75,0,0.00,0,0,06-JAN-2025
OPTSTK,IGL,30-Jan-2025,2025-01-30,390.00,CE,44.00,44.00,30.15,31.80,40.70,37,217.064375,649000,-28875,06-JAN-2025
OPTSTK,IGL,30-Jan-2025,2025-01-30,390.00,PE,2.35,5.95,2.30,5.15,5.15,850,4611.83937,528000,-118250,06-JAN-2025
OPTSTK,IGL,30-Jan-2025,2025-01-30,475.00,CE,4.15,4.20,1.70,2.05,2.05,192,1260.74575,144375,33000,06-JAN-2025
OPTSTK,IGL,30-Jan-2025,2025-01-30,475.00,PE,0.00,0.00,0.00,84.50,52.50,0,0.00,0,0,06-JAN-2025
OPTSTK,IGL,30-Jan-2025,2025-01-30,400.00,PE,3.95,8.95,3.35,7.60,7.60,1584,8862.54187,1233375,-99000,06-JAN-2025
OPTSTK,CGPOWER,27-Feb-2025,2025-02-27,790.00,CE,0.00,0.00,0.00,38.90,15.75,0,0.00,0,0,06-JAN-2025
OPTSTK,CGPOWER,27-Feb-2025,2025-02-27,790.00,PE,0.00,0.00,0.00,75.25,83.90,0,0.00,0,0,06-JAN-2025
OPTSTK,IGL,27-Mar-2025,2025-03-27,470.00,CE,0.00,0.00,0.00,15.15,18.10,0,0.00,0,0,06-JAN-2025
OPTSTK,IGL,27-Feb-2025,2025-02-27,470.00,CE,0.00,0.00,0.00,9.45,11.70,0,0.00,0,0,06-JAN-2025
OPTSTK,CGPOWER,30-Jan-2025,2025-01-30,710.00,PE,16.00,25.60,14.85,24.25,24.25,71,375.16285,33350,-6525,06-JAN-2025
OPTSTK,IGL,27-Feb-2025,2025-02-27,490.00,PE,0.00,0.00,0.00,99.95,68.70,0,0.00,0,0,06-JAN-2025
OPTSTK,CGPOWER,30-Jan-2025,2025-01-30,730.00,PE,23.45,36.75,21.85,34.55,34.55,188,1032.84297,103675,5800,06-JAN-2025
OPTSTK,IGL,27-Feb-2025,2025-02-27,340.00,CE,0.00,0.00,0.00,26.00,89.20,0,0.00,1375,0,06-JAN-2025
OPTSTK,METROPOLIS,30-Jan-2025,2025-01-30,1920.00,CE,111.65,153.65,111.65,153.65,144.45,30,245.3138,6400,6400,06-JAN-2025
OPTSTK,METROPOLIS,27-Feb-2025,2025-02-27,1920.00,PE,0.00,0.00,0.00,53.70,36.75,0,0.00,0,0,06-JAN-2025
OPTSTK,CANBK,27-Mar-2025,2025-03-27,100.00,PE,0.00,0.00,0.00,6.95,6.80,0,0.00,0,0,06-JAN-2025
OPTSTK,METROPOLIS,30-Jan-2025,2025-01-30,1840.00,CE,0.00,0.00,0.00,372.40,212.60,0,0.00,0,0,06-JAN-2025
OPTSTK,CANBK,27-Feb-2025,2025-02-27,84.00,PE,0.00,0.00,0.00,1.55,0.60,0,0.00,0,0,06-JAN-2025
OPTSTK,METROPOLIS,30-Jan-2025,2025-01-30,1900.00,CE,124.90,175.00,124.90,169.45,160.55,18,146.814,4800,4800,06-JAN-2025
OPTSTK,METROPOLIS,27-Feb-2025,2025-02-27,2360.00,CE,0.00,0.00,0.00,89.35,13.75,0,0.00,0,0,06-JAN-2025
FUTSTK,METROPOLIS,27-Feb-2025,2025-02-27,,,2018.15,2070.00,1988.00,2054.00,2054.00,297,2423.5998,27600,10800,06-JAN-2025
OPTSTK,CANBK,27-Mar-2025,2025-03-27,100.00,CE,0.00,0.00,0.00,9.75,5.60,0,0.00,0,0,06-JAN-2025
OPTSTK,CANBK,27-Mar-2025,2025-03-27,108.00,PE,0.00,0.00,0.00,11.35,11.95,0,0.00,0,0,06-JAN-2025
OPTSTK,CANBK,27-Mar-2025,2025-03-27,108.00,CE,0.00,0.00,0.00,6.35,2.90,0,0.00,0,0,06-JAN-2025
OPTSTK,CANBK,30-Jan-2025,2025-01-30,113.00,PE,0.00,0.00,0.00,11.95,15.35,0,0.00,310500,0,06-JAN-2025
OPTSTK,METROPOLIS,30-Jan-2025,2025-01-30,2020.00,CE,64.80,107.90,44.40,100.65,100.65,585,4918.6916,21600,6400,06-JAN-2025
OPTSTK,CANBK,30-Jan-2025,2025-01-30,102.00,PE,3.85,6.25,3.55,5.95,5.95,298,2147.24587,5211000,256500,06-JAN-2025
OPTSTK,METROPOLIS,30-Jan-2025,2025-01-30,2000.00,CE,70.05,120.00,51.75,112.05,112.05,1617,13558.1072,70800,7200,06-JAN-2025
OPTSTK,CANBK,30-Jan-2025,2025-01-30,121.00,CE,0.10,0.15,0.10,0.10,0.05,28,228.882375,108000,-20250,06-JAN-2025
OPTSTK,CANBK,30-Jan-2025,2025-01-30,98.00,CE,4.95,4.95,3.05,3.30,3.30,765,5244.24375,2227500,1370250,06-JAN-2025
OPTSTK,METROPOLIS,27-Feb-2025,2025-02-27,2220.00,PE,0.00,0.00,0.00,225.05,196.20,0,0.00,0,0,06-JAN-2025
OPTSTK,METROPOLIS,30-Jan-2025,2025-01-30,2220.00,CE,11.50,34.20,11.20,31.70,31.70,137,1230.5298,12400,7200,06-JAN-2025
OPTSTK,METROPOLIS,30-Jan-2025,2025-01-30,1820.00,CE,0.00,0.00,0.00,361.60,230.95,0,0.00,0,0,06-JAN-2025
OPTSTK,METROPOLIS,27-Feb-2025,2025-02-27,2200.00,PE,0.00,0.00,0.00,167.75,181.30,0,0.00,0,0,06-JAN-2025
OPTSTK,CANBK,27-Mar-2025,2025-03-27,96.00,CE,0.00,0.00,0.00,11.95,7.55,0,0.00,0,0,06-JAN-2025
OPTSTK,METROPOLIS,27-Feb-2025,2025-02-27,2400.00,CE,0.00,0.00,0.00,78.20,10.15,0,0.00,0,0,06-JAN-2025
OPTSTK,METROPOLIS,27-Feb-2025,2025-02-27,2400.00,PE,0.00,0.00,0.00,295.05,348.30,0,0.00,0,0,06-JAN-2025
OPTSTK,CANBK,27-Feb-2025,2025-02-27,103.00,PE,0.00,0.00,0.00,7.35,7.75,0,0.00,0,0,06-JAN-2025
OPTSTK,CANBK,30-Jan-2025,2025-01-30,120.00,PE,20.20,20.20,20.20,20.20,22.15,1,9.4635,1572750,-6750,06-JAN-2025
OPTSTK,CANBK,30-Jan-2025,2025-01-30,120.00,CE,0.15,0.15,0.10,0.15,0.15,200,1621.89,10597500,492750,06-JAN-2025
OPTSTK,CANBK,27-Mar-2025,2025-03-27,92.00,CE,0.00,0.00,0.00,14.40,9.90,0,0.00,0,0,06-JAN-2025
OPTSTK,METROPOLIS,27-Feb-2025,2025-02-27,1800.00,PE,0.00,0.00,0.00,27.55,12.55,0,0.00,0,0,06-JAN-2025
OPTSTK,METROPOLIS,30-Jan-2025,2025-01-30,2080.00,CE,38.00,79.85,38.00,73.55,73.55,337,2894.6088,53600,35200,06-JAN-2025
OPTSTK,METROPOLIS,27-Feb-2025,2025-02-27,2160.00,CE,0.00,0.00,0.00,165.45,52.60,0,0.00,0,0,06-JAN-2025
OPTSTK,METROPOLIS,30-Jan-2025,2025-01-30,1960.00,CE,85.65,115.50,85.65,115.50,114.75,20,164.3496,6800,6800,06-JAN-2025
OPTSTK,SUNTV,27-Feb-2025,2025-02-27,620.00,PE,0.00,0.00,0.00,7.60,8.95,0,0.00,0,0,06-JAN-2025
OPTSTK,MARUTI,27-Mar-2025,2025-03-27,10400.00,CE,0.00,0.00,0.00,951.25,1562.15,0,0.00,0,0,06-JAN-2025
OPTSTK,MARUTI,30-Jan-2025,2025-01-30,9800.00,CE,0.00,0.00,0.00,1559.20,1998.95,0,0.00,0,0,06-JAN-2025
OPTSTK,MARUTI,30-Jan-2025,2025-01-30,13000.00,CE,22.95,27.55,12.50,15.15,15.15,9146,59531.5701,167900,-38400,06-JAN-2025
OPTSTK,MARUTI,27-Mar-2025,2025-03-27,13000.00,PE,0.00,0.00,0.00,1949.80,1208.15,0,0.00,0,0,06-JAN-2025
OPTSTK,MARUTI,30-Jan-2025,2025-01-30,13000.00,PE,1220.00,1220.00,1220.00,1220.00,1201.70,1,7.11,2800,-50,06-JAN-2025
OPTSTK,MARUTI,27-Feb-2025,2025-02-27,13000.00,CE,108.00,113.40,79.40,86.50,86.50,42,274.843275,2350,1750,06-JAN-2025
OPTSTK,MARUTI,27-Feb-2025,2025-02-27,13000.00,PE,0.00,0.00,0.00,1910.80,1198.00,0,0.00,0,0,06-JAN-2025
OPTSTK,MARUTI,27-Mar-2025,2025-03-27,13000.00,CE,0.00,0.00,0.00,80.55,154.50,0,0.00,0,0,06-JAN-2025
OPTSTK,MARUTI,30-Jan-2025,2025-01-30,11600.00,CE,486.70,490.00,320.75,354.05,354.05,818,4894.32262,141500,-9000,06-JAN-2025
OPTSTK,MARUTI,30-Jan-2025,2025-01-30,11600.00,PE,111.00,172.05,95.75,153.70,153.70,9541,55987.7774,101600,-12350,06-JAN-2025
OPTSTK,MARUTI,27-Feb-2025,2025-02-27,11600.00,PE,0.00,0.00,0.00,835.05,278.05,0,0.00,0,0,06-JAN-2025
OPTSTK,MARUTI,27-Mar-2025,2025-03-27,11600.00,CE,0.00,0.00,0.00,358.85,671.25,0,0.00,0,0,06-JAN-2025
OPTSTK,MARUTI,30-Jan-2025,2025-01-30,12100.00,PE,317.95,451.80,300.00,417.35,417.35,1205,7513.8613,14100,-7050,06-JAN-2025
OPTSTK,MARUTI,27-Feb-2025,2025-02-27,12100.00,PE,0.00,0.00,0.00,1184.65,530.20,0,0.00,0,0,06-JAN-2025
OPTSTK,SUNTV,30-Jan-2025,2025-01-30,620.00,CE,0.00,0.00,0.00,71.00,54.90,0,0.00,750,0,06-JAN-2025
OPTSTK,SUNTV,27-Feb-2025,2025-02-27,620.00,CE,0.00,0.00,0.00,144.95,63.50,0,0.00,0,0,06-JAN-2025
OPTSTK,MARUTI,27-Mar-2025,2025-03-27,9800.00,CE,0.00,0.00,0.00,1390.85,2113.55,0,0.00,0,0,06-JAN-2025
OPTSTK,SUNTV,30-Jan-2025,2025-01-30,760.00,CE,1.50,1.50,1.10,1.20,1.10,12,68.5095,27000,-6000,06-JAN-2025
OPTSTK,SUNTV,27-Feb-2025,2025-02-27,730.00,PE,0.00,0.00,0.00,60.55,65.20,0,0.00,0,0,06-JAN-2025
OPTSTK,MARUTI,27-Feb-2025,2025-02-27,12700.00,CE,0.00,0.00,0.00,55.90,127.45,0,0.00,0,0,06-JAN-2025
OPTSTK,MARUTI,27-Feb-2025,2025-02-27,10100.00,PE,0.00,0.00,0.00,128.65,10.70,0,0.00,0,0,06-JAN-2025
OPTSTK,MARUTI,30-Jan-2025,2025-01-30,12100.00,CE,170.05,197.00,106.15,120.00,120.00,4839,29613.5692,88200,11800,06-JAN-2025
OPTSTK,MARUTI,30-Jan-2025,2025-01-30,10600.00,PE,14.35,24.80,14.35,22.65,22.65,1809,9606.52392,70000,13300,06-JAN-2025
OPTSTK,MARUTI,30-Jan-2025,2025-01-30,10600.00,CE,1346.00,1346.00,1240.00,1240.00,1210.45,2,11.893,3150,-50,06-JAN-2025
OPTSTK,MARUTI,27-Feb-2025,2025-02-27,10600.00,CE,0.00,0.00,0.00,874.00,1298.40,0,0.00,0,0,06-JAN-2025
OPTSTK,SUNTV,30-Jan-2025,2025-01-30,620.00,PE,2.60,4.85,2.60,4.30,4.30,93,435.09225,70500,12000,06-JAN-2025
OPTSTK,SUNTV,30-Jan-2025,2025-01-30,610.00,CE,0.00,0.00,0.00,147.15,63.55,0,0.00,0,0,06-JAN-2025
OPTSTK,MARUTI,30-Jan-2025,2025-01-30,13300.00,PE,0.00,0.00,0.00,2210.70,1491.10,0,0.00,0,0,06-JAN-2025
OPTSTK,MARUTI,30-Jan-2025,2025-01-30,10100.00,CE,0.00,0.00,0.00,1103.05,1700.90,0,0.00,0,0,06-JAN-2025
OPTSTK,MARUTI,27-Mar-2025,2025-03-27,10600.00,CE,0.00,0.00,0.00,825.15,1389.85,0,0.00,0,0,06-JAN-2025
OPTSTK,SUNTV,30-Jan-2025,2025-01-30,770.00,CE,1.15,1.20,1.15,1.20,0.70,3,17.35125,21750,-2250,06-JAN-2025
OPTSTK,SONACOMS,27-Mar-2025,2025-03-27,560.00,PE,0.00,0.00,0.00,27.50,22.35,0,0.00,0,0,06-JAN-2025
OPTSTK,SONACOMS,27-Mar-2025,2025-03-27,560.00,CE,0.00,0.00,0.00,71.20,52.15,0,0.00,0,0,06-JAN-2025
OPTSTK,SONACOMS,30-Jan-2025,2025-01-30,520.00,PE,0.00,0.00,0.00,3.00,1.90,0,0.00,0,0,06-JAN-2025
OPTSTK,ALKEM,30-Jan-2025,2025-01-30,5000.00,PE,20.00,22.70,14.40,22.70,22.70,21,105.44065,10700,400,06-JAN-2025
OPTSTK,ALKEM,27-Mar-2025,2025-03-27,6400.00,PE,0.00,0.00,0.00,946.15,821.50,0,0.00,0,0,06-JAN-2025
OPTSTK,ALKEM,30-Jan-2025,2025-01-30,6400.00,CE,0.00,0.00,0.00,166.30,1.55,0,0.00,0,0,06-JAN-2025
OPTSTK,SONACOMS,30-Jan-2025,2025-01-30,620.00,CE,12.60,13.60,9.25,10.65,10.65,65,317.782162,97650,14725,06-JAN-2025
OPTSTK,SONACOMS,30-Jan-2025,2025-01-30,560.00,CE,0.00,0.00,0.00,119.35,33.75,0,0.00,0,0,06-JAN-2025
OPTSTK,SONACOMS,27-Feb-2025,2025-02-27,520.00,CE,0.00,0.00,0.00,159.90,72.65,0,0.00,0,0,06-JAN-2025
OPTSTK,SONACOMS,27-Feb-2025,2025-02-27,590.00,PE,0.00,0.00,0.00,34.25,30.70,0,0.00,0,0,06-JAN-2025
OPTSTK,SONACOMS,30-Jan-2025,2025-01-30,590.00,CE,24.30,24.30,17.75,19.05,19.05,30,142.145075,36425,6200,06-JAN-2025
OPTSTK,SONACOMS,27-Feb-2025,2025-02-27,590.00,CE,0.00,0.00,0.00,45.20,27.90,0,0.00,0,0,06-JAN-2025
OPTSTK,ALKEM,27-Feb-2025,2025-02-27,6000.00,PE,544.00,544.00,544.00,544.00,481.55,1,6.544,100,100,06-JAN-2025
OPTSTK,ALKEM,30-Jan-2025,2025-01-30,4800.00,CE,0.00,0.00,0.00,1098.60,749.35,0,0.00,0,0,06-JAN-2025
OPTSTK,ALKEM,30-Jan-2025,2025-01-30,5050.00,PE,28.30,29.20,21.85,23.00,9.65,74,375.5996,3100,500,06-JAN-2025
OPTSTK,SONACOMS,27-Feb-2025,2025-02-27,500.00,CE,0.00,0.00,0.00,177.50,89.55,0,0.00,0,0,06-JAN-2025
OPTSTK,SONACOMS,27-Feb-2025,2025-02-27,540.00,CE,0.00,0.00,0.00,143.05,57.35,0,0.00,0,0,06-JAN-2025
OPTSTK,SONACOMS,27-Mar-2025,2025-03-27,620.00,CE,0.00,0.00,0.00,41.25,24.25,0,0.00,0,0,06-JAN-2025
OPTSTK,SONACOMS,27-Feb-2025,2025-02-27,560.00,CE,0.00,0.00,0.00,127.00,43.95,0,0.00,0,0,06-JAN-2025
OPTSTK,ALKEM,27-Mar-2025,2025-03-27,5500.00,CE,0.00,0.00,0.00,323.25,308.55,0,0.00,0,0,06-JAN-2025
OPTSTK,SONACOMS,30-Jan-2025,2025-01-30,630.00,PE,0.00,0.00,0.00,36.30,51.00,0,0.00,10850,0,06-JAN-2025
OPTSTK,ALKEM,30-Jan-2025,2025-01-30,5850.00,PE,0.00,0.00,0.00,347.55,337.80,0,0.00,500,0,06-JAN-2025
OPTSTK,ALKEM,27-Feb-2025,2025-02-27,5850.00,CE,0.00,0.00,0.00,129.15,102.35,0,0.00,0,0,06-JAN-2025
OPTSTK,ALKEM,30-Jan-2025,2025-01-30,5850.00,CE,32.25,44.90,32.25,42.50,40.65,14,82.4573,5700,-400,06-JAN-2025
OPTSTK,ALKEM,27-Feb-2025,2025-02-27,5850.00,PE,0.00,0.00,0.00,497.20,369.40,0,0.00,0,0,06-JAN-2025
OPTSTK,SONACOMS,30-Jan-2025,2025-01-30,670.00,PE,0.00,0.00,0.00,69.85,86.70,0,0.00,3875,0,06-JAN-2025
OPTSTK,SONACOMS,30-Jan-2025,2025-01-30,530.00,CE,0.00,0.00,0.00,145.20,56.90,0,0.00,0,0,06-JAN-2025
OPTSTK,ALKEM,27-Mar-2025,2025-03-27,5500.00,PE,0.00,0.00,0.00,315.30,200.85,0,0.00,0,0,06-JAN-2025
OPTSTK,SONACOMS,30-Jan-2025,2025-01-30,530.00,PE,3.90,7.00,3.50,6.15,6.15,86,356.716612,65100,32550,06-JAN-2025
OPTSTK,SONACOMS,27-Feb-2025,2025-02-27,530.00,CE,0.00,0.00,0.00,82.60,64.80,0,0.00,0,0,06-JAN-2025
OPTSTK,BAJAJFINSV,30-Jan-2025,2025-01-30,1860.00,PE,135.90,173.50,135.90,173.50,173.50,2,20.147,19500,0,06-JAN-2025
OPTSTK,BAJAJFINSV,27-Feb-2025,2025-02-27,1520.00,CE,0.00,0.00,0.00,134.85,187.25,0,0.00,0,0,06-JAN-2025
OPTSTK,BAJAJFINSV,30-Jan-2025,2025-01-30,1480.00,CE,0.00,0.00,0.00,108.80,211.75,0,0.00,4500,0,06-JAN-2025
OPTSTK,BAJAJFINSV,27-Mar-2025,2025-03-27,1600.00,CE,0.00,0.00,0.00,81.70,141.00,0,0.00,0,0,06-JAN-2025
OPTSTK,TATASTEEL,30-Jan-2025,2025-01-30,145.00,PE,7.80,13.50,7.80,12.95,12.95,294,2526.13625,7749500,-44000,06-JAN-2025
OPTSTK,TATASTEEL,27-Feb-2025,2025-02-27,145.00,PE,0.00,0.00,0.00,8.70,13.25,0,0.00,22000,0,06-JAN-2025
OPTSTK,BAJAJFINSV,30-Jan-2025,2025-01-30,1560.00,CE,136.20,138.60,130.90,135.35,135.35,23,194.711,128000,-3500,06-JAN-2025
OPTSTK,TATASTEEL,30-Jan-2025,2025-01-30,150.00,CE,0.70,0.75,0.35,0.40,0.40,7991,66126.0132,22511500,1490500,06-JAN-2025
OPTSTK,TATASTEEL,27-Mar-2025,2025-03-27,118.00,PE,0.00,0.00,0.00,1.40,1.45,0,0.00,0,0,06-JAN-2025
OPTSTK,TATASTEEL,27-Feb-2025,2025-02-27,118.00,PE,0.00,0.00,0.00,0.80,0.80,0,0.00,0,0,06-JAN-2025
OPTSTK,TATASTEEL,27-Feb-2025,2025-02-27,126.00,PE,2.50,3.10,2.35,2.95,2.95,37,261.95125,159500,143000,06-JAN-2025
OPTSTK,TATASTEEL,27-Mar-2025,2025-03-27,126.00,CE,0.00,0.00,0.00,19.60,11.55,0,0.00,0,0,06-JAN-2025
OPTSTK,TATASTEEL,27-Mar-2025,2025-03-27,148.00,PE,0.00,0.00,0.00,12.30,16.10,0,0.00,0,0,06-JAN-2025
OPTSTK,TATASTEEL,30-Jan-2025,2025-01-30,148.00,CE,0.95,0.95,0.45,0.55,0.55,298,2436.51375,1380500,401500,06-JAN-2025
OPTSTK,TATASTEEL,30-Jan-2025,2025-01-30,134.00,CE,6.15,6.15,3.25,3.45,3.45,610,4625.2195,1006500,742500,06-JAN-2025
OPTSTK,TATASTEEL,27-Mar-2025,2025-03-27,134.00,CE,0.00,0.00,0.00,14.20,7.05,0,0.00,0,0,06-JAN-2025
OPTSTK,TATASTEEL,27-Feb-2025,2025-02-27,134.00,PE,0.00,0.00,0.00,4.30,5.90,0,0.00,0,0,06-JAN-2025
OPTSTK,TATASTEEL,27-Feb-2025,2025-02-27,158.00,PE,0.00,0.00,0.00,18.40,24.65,0,0.00,0,0,06-JAN-2025
OPTSTK,BAJAJFINSV,27-Feb-2025,2025-02-27,1320.00,CE,0.00,0.00,0.00,287.05,377.35,0,0.00,0,0,06-JAN-2025
OPTSTK,BAJAJFINSV,30-Jan-2025,2025-01-30,1320.00,PE,0.65,0.80,0.50,0.75,0.75,42,277.33425,55500,-9000,06-JAN-2025
OPTSTK,TATASTEEL,27-Feb-2025,2025-02-27,158.00,CE,0.00,0.00,0.00,2.70,0.40,0,0.00,0,0,06-JAN-2025
OPTSTK,TATASTEEL,30-Jan-2025,2025-01-30,158.00,PE,0.00,0.00,0.00,17.70,25.15,0,0.00,0,0,06-JAN-2025
OPTSTK,BAJAJFINSV,30-Jan-2025,2025-01-30,1360.00,CE,0.00,0.00,0.00,417.90,330.65,0,0.00,0,0,06-JAN-2025
OPTSTK,BAJAJFINSV,27-Feb-2025,2025-02-27,1360.00,PE,0.00,0.00,0.00,12.85,0.35,0,0.00,0,0,06-JAN-2025
OPTSTK,TATASTEEL,30-Jan-2025,2025-01-30,125.00,CE,13.05,13.05,8.95,9.15,9.15,76,562.39975,566500,176000,06-JAN-2025
OPTSTK,TATASTEEL,30-Jan-2025,2025-01-30,160.00,PE,21.85,27.00,21.85,27.00,27.10,16,163.3995,6204000,-60500,06-JAN-2025
OPTSTK,TATASTEEL,27-Feb-2025,2025-02-27,142.00,PE,0.00,0.00,0.00,7.80,11.00,0,0.00,0,0,06-JAN-2025
OPTSTK,TATASTEEL,27-Mar-2025,2025-03-27,142.00,CE,0.00,0.00,0.00,9.90,4.00,0,0.00,0,0,06-JAN-2025
OPTSTK,TATASTEEL,30-Jan-2025,2025-01-30,142.00,CE,2.60,2.60,1.00,1.10,1.10,867,6836.43125,5296500,500500,06-JAN-2025
OPTSTK,TATASTEEL,27-Mar-2025,2025-03-27,146.00,PE,0.00,0.00,0.00,11.15,14.55,0,0.00,0,0,06-JAN-2025
OPTSTK,TATASTEEL,27-Feb-2025,2025-02-27,146.00,PE,0.00,0.00,0.00,10.00,14.05,0,0.00,0,0,06-JAN-2025
OPTSTK,ACC,30-Jan-2025,2025-01-30,2600.00,CE,0.35,0.60,0.35,0.60,0.05,2,15.60285,3000,0,06-JAN-2025
OPTSTK,ADANIPORTS,27-Mar-2025,2025-03-27,1320.00,PE,0.00,0.00,0.00,155.90,181.00,0,0.00,0,0,06-JAN-2025
OPTSTK,ADANIPORTS,27-Mar-2025,2025-03-27,1240.00,PE,0.00,0.00,0.00,111.45,126.35,0,0.00,0,0,06-JAN-2025
OPTSTK,ADANIPORTS,30-Jan-2025,2025-01-30,1360.00,CE,4.75,4.75,2.90,3.30,3.30,1120,6108.5772,223600,-41600,06-JAN-2025
OPTSTK,ACC,30-Jan-2025,2025-01-30,1800.00,PE,8.40,10.00,5.15,9.65,9.65,318,1724.5632,57000,11100,06-JAN-2025
OPTSTK,ACC,30-Jan-2025,2025-01-30,2060.00,PE,58.60,103.35,58.60,99.00,99.00,166,1065.0702,102900,-4800,06-JAN-2025
OPTSTK,ACC,27-Feb-2025,2025-02-27,1900.00,CE,0.00,0.00,0.00,257.45,151.25,0,0.00,0,0,06-JAN-2025
OPTSTK,ADANIPORTS,27-Feb-2025,2025-02-27,1100.00,PE,19.15,27.50,19.15,27.50,27.50,26,117.0072,11600,8800,06-JAN-2025
OPTSTK,ACC,27-Mar-2025,2025-03-27,2000.00,CE,0.00,0.00,0.00,222.10,122.50,0,0.00,0,0,06-JAN-2025
OPTSTK,ADANIPORTS,30-Jan-2025,2025-01-30,1000.00,CE,187.00,187.00,187.00,187.00,171.45,1,4.748,5600,0,06-JAN-2025
OPTSTK,ACC,27-Feb-2025,2025-02-27,2440.00,CE,0.00,0.00,0.00,9.50,5.10,0,0.00,900,0,06-JAN-2025
OPTSTK,ADANIPORTS,30-Jan-2025,2025-01-30,1320.00,CE,7.85,8.00,4.90,5.20,5.20,913,4843.1002,280800,-1600,06-JAN-2025
OPTSTK,ACC,27-Feb-2025,2025-02-27,2160.00,CE,0.00,0.00,0.00,201.10,38.65,0,0.00,0,0,06-JAN-2025
OPTSTK,ACC,27-Mar-2025,2025-03-27,2080.00,CE,0.00,0.00,0.00,178.95,88.10,0,0.00,0,0,06-JAN-2025
OPTSTK,ADANIPORTS,27-Feb-2025,2025-02-27,1120.00,CE,0.00,0.00,0.00,140.00,102.35,0,0.00,0,0,06-JAN-2025
OPTSTK,ADANIPORTS,30-Jan-2025,2025-01-30,1120.00,PE,12.20,21.20,10.25,20.00,20.00,917,4167.3538,153200,42000,06-JAN-2025
OPTSTK,LICI,27-Feb-2025,2025-02-27,1000.00,CE,5.00,5.00,5.00,5.00,5.00,1,5.77875,4025,0,06-JAN-2025
OPTSTK,LICI,30-Jan-2025,2025-01-30,960.00,PE,0.00,0.00,0.00,47.10,85.75,0,0.00,17250,0,06-JAN-2025
OPTSTK,LICI,27-Feb-2025,2025-02-27,960.00,CE,0.00,0.00,0.00,72.70,16.95,0,0.00,0,0,06-JAN-2025
OPTSTK,LICI,27-Feb-2025,2025-02-27,840.00,PE,0.00,0.00,0.00,27.35,23.60,0,0.00,0,0,06-JAN-2025
OPTSTK,LICI,27-Mar-2025,2025-03-27,840.00,CE,0.00,0.00,0.00,105.80,79.45,0,0.00,0,0,06-JAN-2025
OPTSTK,LICI,27-Feb-2025,2025-02-27,990.00,CE,0.00,0.00,0.00,27.25,11.10,0,0.00,0,0,06-JAN-2025
OPTSTK,COFORGE,27-Feb-2025,2025-02-27,10100.00,PE,0.00,0.00,0.00,889.55,681.20,0,0.00,0,0,06-JAN-2025
OPTSTK,COFORGE,27-Feb-2025,2025-02-27,10100.00,CE,0.00,0.00,0.00,409.40,309.60,0,0.00,0,0,06-JAN-2025
OPTSTK,COFORGE,27-Feb-2025,2025-02-27,10600.00,PE,0.00,0.00,0.00,1927.15,1035.95,0,0.00,0,0,06-JAN-2025
OPTSTK,COFORGE,27-Feb-2025,2025-02-27,10600.00,CE,0.00,0.00,0.00,200.70,169.15,0,0.00,150,0,06-JAN-2025
OPTSTK,COFORGE,27-Mar-2025,2025-03-27,10600.00,PE,0.00,0.00,0.00,1304.85,1090.55,0,0.00,0,0,06-JAN-2025
OPTSTK,COFORGE,30-Jan-2025,2025-01-30,10600.00,PE,0.00,0.00,0.00,2389.70,976.45,0,0.00,0,0,06-JAN-2025
FUTSTK,LICI,27-Feb-2025,2025-02-27,,,910.60,911.00,873.25,875.45,875.45,327,1664.03993,355925,65550,06-JAN-2025
FUTSTK,LICI,27-Mar-2025,2025-03-27,,,912.95,912.95,877.00,880.65,880.65,113,577.032337,66700,31625,06-JAN-2025
OPTSTK,LICI,27-Mar-2025,2025-03-27,920.00,PE,0.00,0.00,0.00,76.00,70.95,0,0.00,0,0,06-JAN-2025
OPTSTK,LICI,30-Jan-2025,2025-01-30,980.00,PE,0.00,0.00,0.00,78.65,103.40,0,0.00,0,0,06-JAN-2025
OPTSTK,LICI,27-Mar-2025,2025-03-27,980.00,CE,0.00,0.00,0.00,42.55,22.20,0,0.00,0,0,06-JAN-2025
OPTSTK,LICI,30-Jan-2025,2025-01-30,810.00,CE,0.00,0.00,0.00,151.60,75.45,0,0.00,0,0,06-JAN-2025
OPTSTK,LICI,27-Feb-2025,2025-02-27,930.00,CE,0.00,0.00,0.00,46.55,25.10,0,0.00,0,0,06-JAN-2025
OPTSTK,COFORGE,30-Jan-2025,2025-01-30,10100.00,CE,170.15,203.95,155.05,158.60,158.60,340,2621.66793,16500,375,06-JAN-2025
OPTSTK,LICI,27-Feb-2025,2025-02-27,760.00,PE,0.00,0.00,0.00,10.40,5.25,0,0.00,0,0,06-JAN-2025
OPTSTK,LICI,30-Jan-2025,2025-01-30,940.00,PE,50.20,58.00,50.00,58.00,69.20,17,96.8412125,23000,3450,06-JAN-2025
OPTSTK,LICI,27-Mar-2025,2025-03-27,940.00,CE,0.00,0.00,0.00,56.35,33.30,0,0.00,0,0,06-JAN-2025
OPTSTK,LICI,30-Jan-2025,2025-01-30,940.00,CE,9.95,10.35,4.85,5.20,5.20,485,2639.57832,78200,-9775,06-JAN-2025
OPTSTK,LICI,27-Feb-2025,2025-02-27,940.00,PE,0.00,0.00,0.00,66.40,77.25,0,0.00,0,0,06-JAN-2025
OPTSTK,COFORGE,27-Feb-2025,2025-02-27,11000.00,PE,0.00,0.00,0.00,2268.25,1361.80,0,0.00,0,0,06-JAN-2025
OPTSTK,COFORGE,27-Feb-2025,2025-02-27,11000.00,CE,0.00,0.00,0.00,127.70,98.85,0,0.00,0,0,06-JAN-2025
OPTSTK,COFORGE,27-Mar-2025,2025-03-27,11000.00,CE,0.00,0.00,0.00,291.50,187.30,0,0.00,0,0,06-JAN-2025
OPTSTK,COFORGE,27-Mar-2025,2025-03-27,11000.00,PE,0.00,0.00,0.00,1599.60,1394.00,0,0.00,0,0,06-JAN-2025
OPTSTK,COFORGE,30-Jan-2025,2025-01-30,11000.00,PE,0.00,0.00,0.00,2308.65,1340.70,0,0.00,0,0,06-JAN-2025
OPTSTK,LICI,30-Jan-2025,2025-01-30,900.00,PE,19.00,41.05,18.40,40.15,40.15,319,1706.3355,281750,-40825,06-JAN-2025
OPTSTK,LICI,30-Jan-2025,2025-01-30,780.00,CE,0.00,0.00,0.00,176.45,101.65,0,0.00,0,0,06-JAN-2025
OPTSTK,LICI,30-Jan-2025,2025-01-30,780.00,PE,0.90,3.40,0.90,2.85,2.85,147,661.0016,32200,32200,06-JAN-2025
OPTSTK,HAL,30-Jan-2025,2025-01-30,4250.00,PE,147.20,229.80,137.05,211.60,211.60,644,4277.68372,65400,-4350,06-JAN-2025
OPTSTK,HAL,30-Jan-2025,2025-01-30,4200.00,CE,138.55,138.55,82.85,90.30,90.30,6418,41447.79,440550,108900,06-JAN-2025
OPTSTK,HAL,27-Feb-2025,2025-02-27,4200.00,PE,190.00,252.75,190.00,240.00,259.15,54,358.919025,15300,3900,06-JAN-2025
OPTSTK,INDIANB,27-Feb-2025,2025-02-27,610.00,CE,0.00,0.00,0.00,20.25,4.65,0,0.00,0,0,06-JAN-2025
OPTSTK,INDIANB,30-Jan-2025,2025-01-30,440.00,PE,1.50,2.55,1.50,2.25,2.25,104,436.771525,67450,53200,06-JAN-2025
OPTSTK,HAL,27-Mar-2025,2025-03-27,3700.00,CE,0.00,0.00,0.00,726.30,553.90,0,0.00,0,0,06-JAN-2025
OPTSTK,INDIANB,27-Feb-2025,2025-02-27,580.00,PE,0.00,0.00,0.00,51.45,73.50,0,0.00,0,0,06-JAN-2025
OPTSTK,INDIANB,27-Mar-2025,2025-03-27,560.00,CE,0.00,0.00,0.00,46.80,20.35,0,0.00,0,0,06-JAN-2025
OPTSTK,HAL,30-Jan-2025,2025-01-30,4050.00,PE,54.75,113.65,54.75,100.00,100.00,4742,29389.9506,57000,29400,06-JAN-2025
OPTSTK,INDIANB,27-Mar-2025,2025-03-27,520.00,CE,0.00,0.00,0.00,66.40,35.00,0,0.00,0,0,06-JAN-2025
OPTSTK,HAL,30-Jan-2025,2025-01-30,4350.00,CE,75.00,75.00,44.15,46.05,46.05,974,6439.28077,50400,-8550,06-JAN-2025
OPTSTK,INDIANB,30-Jan-2025,2025-01-30,470.00,CE,0.00,0.00,0.00,116.05,46.85,0,0.00,0,0,06-JAN-2025
OPTSTK,INDIANB,27-Feb-2025,2025-02-27,530.00,PE,0.00,0.00,0.00,31.05,37.80,0,0.00,0,0,06-JAN-2025
OPTSTK,HAL,30-Jan-2025,2025-01-30,4400.00,PE,240.60,346.00,239.80,327.65,327.65,96,677.665275,117750,-1050,06-JAN-2025
OPTSTK,HAL,27-Feb-2025,2025-02-27,3950.00,PE,0.00,0.00,0.00,165.65,140.05,0,0.00,0,0,06-JAN-2025
OPTSTK,HAL,30-Jan-2025,2025-01-30,3950.00,CE,284.00,284.00,210.15,210.20,250.75,21,131.561475,10950,750,06-JAN-2025
OPTSTK,INDIANB,27-Feb-2025,2025-02-27,530.00,CE,0.00,0.00,0.00,51.50,22.65,0,0.00,0,0,06-JAN-2025
OPTSTK,INDIANB,30-Jan-2025,2025-01-30,530.00,CE,16.00,16.00,10.50,12.50,12.50,180,927.478825,133950,-20900,06-JAN-2025
OPTSTK,HAL,30-Jan-2025,2025-01-30,4100.00,CE,184.70,189.60,123.40,134.95,134.95,1995,12695.2992,112650,43950,06-JAN-2025
OPTSTK,HAL,27-Mar-2025,2025-03-27,4100.00,CE,0.00,0.00,0.00,478.95,311.80,0,0.00,0,0,06-JAN-2025
OPTSTK,HAL,27-Mar-2025,2025-03-27,4400.00,CE,0.00,0.00,0.00,337.70,187.90,0,0.00,0,0,06-JAN-2025
OPTSTK,HAL,30-Jan-2025,2025-01-30,4000.00,CE,267.90,267.90,177.80,190.55,190.55,215,1355.24287,56100,5250,06-JAN-2025
OPTSTK,HAL,27-Feb-2025,2025-02-27,4000.00,PE,102.35,154.70,102.30,141.45,141.45,77,477.006975,17400,1500,06-JAN-2025
OPTSTK,COALINDIA,30-Jan-2025,2025-01-30,365.00,PE,1.65,5.10,1.65,4.60,4.60,1186,4590.26347,542850,72450,06-JAN-2025
OPTSTK,COALINDIA,27-Mar-2025,2025-03-27,380.00,CE,0.00,0.00,0.00,35.20,24.05,0,0.00,0,0,06-JAN-2025
OPTSTK,COALINDIA,27-Feb-2025,2025-02-27,380.00,PE,10.90,15.70,10.90,15.05,15.05,55,227.457825,170100,-12600,06-JAN-2025
OPTSTK,COALINDIA,27-Mar-2025,2025-03-27,340.00,CE,0.00,0.00,0.00,60.80,49.45,0,0.00,0,0,06-JAN-2025
OPTSTK,COALINDIA,27-Feb-2025,2025-02-27,340.00,PE,0.00,0.00,0.00,4.45,3.45,0,0.00,0,0,06-JAN-2025
OPTSTK,GLENMARK,30-Jan-2025,2025-01-30,1460.00,CE,0.00,0.00,0.00,190.05,174.35,0,0.00,9425,0,06-JAN-2025
OPTSTK,COALINDIA,27-Feb-2025,2025-02-27,470.00,CE,0.00,0.00,0.00,0.95,0.75,0,0.00,17850,0,06-JAN-2025
OPTSTK,GLENMARK,30-Jan-2025,2025-01-30,1520.00,CE,0.00,0.00,0.00,138.95,122.55,0,0.00,14300,0,06-JAN-2025
OPTSTK,GLENMARK,27-Feb-2025,2025-02-27,1520.00,PE,0.00,0.00,0.00,110.25,27.20,0,0.00,0,0,06-JAN-2025
OPTSTK,GLENMARK,27-Feb-2025,2025-02-27,1800.00,PE,0.00,0.00,0.00,303.35,181.70,0,0.00,0,0,06-JAN-2025
OPTSTK,GLENMARK,27-Mar-2025,2025-03-27,1800.00,CE,0.00,0.00,0.00,39.65,39.10,0,0.00,0,0,06-JAN-2025
OPTSTK,GLENMARK,27-Feb-2025,2025-02-27,1740.00,PE,0.00,0.00,0.00,211.30,136.20,0,0.00,0,0,06-JAN-2025
OPTSTK,GLENMARK,27-Feb-2025,2025-02-27,1760.00,PE,0.00,0.00,0.00,271.05,150.75,0,0.00,0,0,06-JAN-2025
OPTSTK,COALINDIA,30-Jan-2025,2025-01-30,445.00,PE,0.00,0.00,0.00,53.10,64.60,0,0.00,17850,0,06-JAN-2025
OPTSTK,GLENMARK,27-Feb-2025,2025-02-27,1680.00,CE,0.00,0.00,0.00,55.85,56.55,0,0.00,0,0,06-JAN-2025
OPTSTK,COALINDIA,30-Jan-2025,2025-01-30,440.00,CE,0.75,0.75,0.40,0.50,0.50,292,1350.61867,444150,-22050,06-JAN-2025
OPTSTK,GLENMARK,27-Feb-2025,2025-02-27,1480.00,PE,0.00,0.00,0.00,90.40,17.85,0,0.00,0,0,06-JAN-2025
OPTSTK,MUTHOOTFIN,30-Jan-2025,2025-01-30,1840.00,CE,0.00,0.00,0.00,191.30,354.20,0,0.00,0,0,06-JAN-2025
OPTSTK,CAMS,27-Feb-2025,2025-02-27,5600.00,PE,0.00,0.00,0.00,829.40,759.30,0,0.00,0,0,06-JAN-2025
OPTSTK,MUTHOOTFIN,27-Feb-2025,2025-02-27,1840.00,PE,0.00,0.00,0.00,75.10,3.10,0,0.00,0,0,06-JAN-2025
OPTSTK,MUTHOOTFIN,30-Jan-2025,2025-01-30,1840.00,PE,0.00,0.00,0.00,67.75,0.25,0,0.00,0,0,06-JAN-2025
OPTSTK,MUTHOOTFIN,27-Mar-2025,2025-03-27,2200.00,PE,0.00,0.00,0.00,189.80,101.25,0,0.00,0,0,06-JAN-2025
OPTSTK,MUTHOOTFIN,27-Feb-2025,2025-02-27,2200.00,CE,0.00,0.00,0.00,43.20,92.45,0,0.00,0,0,06-JAN-2025
OPTSTK,MUTHOOTFIN,27-Feb-2025,2025-02-27,2420.00,PE,0.00,0.00,0.00,347.60,234.45,0,0.00,0,0,06-JAN-2025
OPTSTK,VBL,27-Feb-2025,2025-02-27,630.00,PE,0.00,0.00,0.00,41.35,28.80,0,0.00,0,0,06-JAN-2025
OPTSTK,CAMS,27-Feb-2025,2025-02-27,5300.00,PE,0.00,0.00,0.00,524.30,522.95,0,0.00,0,0,06-JAN-2025
OPTSTK,MUTHOOTFIN,27-Mar-2025,2025-03-27,2280.00,PE,0.00,0.00,0.00,243.50,145.05,0,0.00,0,0,06-JAN-2025
OPTSTK,VBL,27-Feb-2025,2025-02-27,600.00,PE,0.00,0.00,0.00,33.10,16.40,0,0.00,0,0,06-JAN-2025
OPTSTK,CAMS,27-Feb-2025,2025-02-27,5200.00,PE,0.00,0.00,0.00,562.55,452.30,0,0.00,0,0,06-JAN-2025
OPTSTK,CAMS,27-Mar-2025,2025-03-27,5200.00,CE,0.00,0.00,0.00,376.45,225.75,0,0.00,0,0,06-JAN-2025
OPTSTK,MUTHOOTFIN,27-Feb-2025,2025-02-27,1900.00,PE,0.00,0.00,0.00,37.25,6.60,0,0.00,0,0,06-JAN-2025
OPTSTK,CAMS,27-Feb-2025,2025-02-27,4300.00,CE,0.00,0.00,0.00,811.25,653.60,0,0.00,0,0,06-JAN-2025
OPTSTK,VBL,27-Mar-2025,2025-03-27,740.00,PE,0.00,0.00,0.00,120.90,109.00,0,0.00,0,0,06-JAN-2025
OPTSTK,MUTHOOTFIN,30-Jan-2025,2025-01-30,2560.00,PE,0.00,0.00,0.00,590.90,363.65,0,0.00,0,0,06-JAN-2025
OPTSTK,MUTHOOTFIN,30-Jan-2025,2025-01-30,2020.00,PE,7.65,12.50,7.45,12.50,12.50,31,173.00965,13475,-1375,06-JAN-2025
OPTSTK,VBL,27-Feb-2025,2025-02-27,650.00,PE,0.00,0.00,0.00,52.50,39.50,0,0.00,0,0,06-JAN-2025
OPTSTK,VBL,27-Feb-2025,2025-02-27,650.00,CE,0.00,0.00,0.00,34.75,26.45,0,0.00,0,0,06-JAN-2025
OPTSTK,VBL,27-Mar-2025,2025-03-27,640.00,CE,0.00,0.00,0.00,49.00,40.00,0,0.00,0,0,06-JAN-2025
OPTSTK,VBL,27-Feb-2025,2025-02-27,640.00,PE,0.00,0.00,0.00,51.75,33.90,0,0.00,0,0,06-JAN-2025
OPTSTK,MUTHOOTFIN,27-Feb-2025,2025-02-27,1920.00,PE,0.00,0.00,0.00,110.15,8.30,0,0.00,0,0,06-JAN-2025
OPTSTK,CAMS,30-Jan-2025,2025-01-30,4500.00,PE,26.90,71.00,26.90,69.50,69.50,282,1604.8475,18250,0,06-JAN-2025
OPTSTK,MUTHOOTFIN,27-Mar-2025,2025-03-27,1960.00,CE,0.00,0.00,0.00,208.35,277.25,0,0.00,0,0,06-JAN-2025
OPTSTK,MUTHOOTFIN,27-Feb-2025,2025-02-27,2480.00,PE,0.00,0.00,0.00,533.90,285.45,0,0.00,0,0,06-JAN-2025
OPTSTK,MUTHOOTFIN,30-Jan-2025,2025-01-30,2480.00,CE,5.15,5.30,2.50,3.20,3.20,426,2909.30475,73700,11275,06-JAN-2025
OPTSTK,MUTHOOTFIN,30-Jan-2025,2025-01-30,2380.00,CE,18.00,18.00,7.50,10.50,10.50,127,834.681375,29150,4950,06-JAN-2025
OPTSTK,MUTHOOTFIN,30-Jan-2025,2025-01-30,1800.00,CE,0.00,0.00,0.00,277.20,393.85,0,0.00,4675,0,06-JAN-2025
OPTSTK,MUTHOOTFIN,30-Jan-2025,2025-01-30,2080.00,PE,15.50,23.60,14.45,21.95,21.95,75,432.988737,40975,0,06-JAN-2025
OPTSTK,MUTHOOTFIN,30-Jan-2025,2025-01-30,2000.00,CE,0.00,0.00,0.00,265.00,200.70,0,0.00,35475,0,06-JAN-2025
OPTSTK,MUTHOOTFIN,30-Jan-2025,2025-01-30,2000.00,PE,6.00,11.05,5.50,9.85,9.85,1063,5869.17567,88550,-46475,06-JAN-2025
OPTSTK,ICICIGI,30-Jan-2025,2025-01-30,2000.00,CE,10.50,11.85,6.30,7.35,7.35,811,4071.16312,101000,-43000,06-JAN-2025
OPTSTK,HEROMOTOCO,27-Feb-2025,2025-02-27,3600.00,PE,0.00,0.00,0.00,5.80,6.25,0,0.00,0,0,06-JAN-2025
OPTSTK,ICICIGI,27-Feb-2025,2025-02-27,1920.00,PE,0.00,0.00,0.00,111.25,118.95,0,0.00,0,0,06-JAN-2025
OPTSTK,HEROMOTOCO,27-Feb-2025,2025-02-27,4500.00,CE,76.00,76.00,76.00,76.00,67.35,1,6.864,450,150,06-JAN-2025
OPTSTK,HEROMOTOCO,27-Feb-2025,2025-02-27,4900.00,CE,0.00,0.00,0.00,48.25,12.20,0,0.00,0,0,06-JAN-2025
OPTSTK,HEROMOTOCO,30-Jan-2025,2025-01-30,4250.00,CE,110.00,138.20,84.10,88.65,88.65,2147,14045.8759,87150,-7950,06-JAN-2025
OPTSTK,HEROMOTOCO,27-Mar-2025,2025-03-27,4800.00,CE,0.00,0.00,0.00,104.85,43.60,0,0.00,0,0,06-JAN-2025
OPTSTK,HEROMOTOCO,27-Mar-2025,2025-03-27,4800.00,PE,0.00,0.00,0.00,543.20,570.35,0,0.00,0,0,06-JAN-2025
OPTSTK,HEROMOTOCO,27-Feb-2025,2025-02-27,4450.00,CE,0.00,0.00,0.00,161.55,80.85,0,0.00,0,0,06-JAN-2025
OPTSTK,HEROMOTOCO,30-Jan-2025,2025-01-30,3800.00,CE,0.00,0.00,0.00,460.00,425.15,0,0.00,150,0,06-JAN-2025
OPTSTK,HEROMOTOCO,27-Feb-2025,2025-02-27,4650.00,PE,0.00,0.00,0.00,414.35,440.10,0,0.00,0,0,06-JAN-2025
OPTSTK,HEROMOTOCO,30-Jan-2025,2025-01-30,4650.00,CE,16.05,18.80,10.80,11.60,11.60,506,3540.95842,55950,450,06-JAN-2025
OPTSTK,HEROMOTOCO,27-Feb-2025,2025-02-27,4650.00,CE,0.00,0.00,0.00,97.65,37.35,0,0.00,0,0,06-JAN-2025
OPTSTK,HEROMOTOCO,30-Jan-2025,2025-01-30,4650.00,PE,0.00,0.00,0.00,389.95,435.05,0,0.00,0,0,06-JAN-2025
OPTSTK,HEROMOTOCO,30-Jan-2025,2025-01-30,3850.00,CE,0.00,0.00,0.00,392.00,378.75,0,0.00,1650,0,06-JAN-2025
OPTSTK,ICICIGI,30-Jan-2025,2025-01-30,1520.00,PE,0.00,0.00,0.00,3.65,0.05,0,0.00,0,0,06-JAN-2025
FUTSTK,ICICIGI,30-Jan-2025,2025-01-30,,,1846.15,1858.15,1807.40,1817.80,1817.80,3367,15368.2146,6494000,72000,06-JAN-2025
OPTSTK,HEROMOTOCO,27-Mar-2025,2025-03-27,4700.00,CE,0.00,0.00,0.00,129.80,59.95,0,0.00,0,0,06-JAN-2025
OPTSTK,ICICIGI,27-Feb-2025,2025-02-27,1760.00,CE,0.00,0.00,0.00,186.90,103.20,0,0.00,0,0,06-JAN-2025
OPTSTK,HEROMOTOCO,30-Jan-2025,2025-01-30,4600.00,PE,313.50,390.00,313.35,390.00,390.00,7,51.956325,30150,-450,06-JAN-2025
OPTSTK,HEROMOTOCO,27-Feb-2025,2025-02-27,4600.00,PE,0.00,0.00,0.00,170.75,399.00,0,0.00,0,0,06-JAN-2025
OPTSTK,HEROMOTOCO,27-Feb-2025,2025-02-27,3500.00,PE,0.00,0.00,0.00,8.80,2.85,0,0.00,0,0,06-JAN-2025
OPTSTK,ICICIGI,27-Feb-2025,2025-02-27,2080.00,PE,0.00,0.00,0.00,214.95,252.85,0,0.00,0,0,06-JAN-2025
OPTSTK,ICICIGI,30-Jan-2025,2025-01-30,2080.00,CE,2.55,3.70,2.30,2.50,0.50,39,203.046125,54500,-2000,06-JAN-2025
OPTSTK,ICICIGI,27-Feb-2025,2025-02-27,1880.00,CE,0.00,0.00,0.00,115.90,42.75,0,0.00,0,0,06-JAN-2025
OPTSTK,ICICIGI,30-Jan-2025,2025-01-30,1880.00,CE,33.90,38.85,27.80,29.85,29.85,235,1123.69237,22000,3750,06-JAN-2025
OPTSTK,ICICIGI,27-Feb-2025,2025-02-27,1620.00,CE,0.00,0.00,0.00,270.60,213.90,0,0.00,0,0,06-JAN-2025
OPTSTK,HEROMOTOCO,30-Jan-2025,2025-01-30,5200.00,PE,0.00,0.00,0.00,868.40,974.25,0,0.00,13050,0,06-JAN-2025
OPTSTK,HEROMOTOCO,30-Jan-2025,2025-01-30,5200.00,CE,1.85,1.95,1.40,1.65,0.05,37,288.69405,49950,-900,06-JAN-2025
OPTSTK,HEROMOTOCO,30-Jan-2025,2025-01-30,5100.00,PE,0.00,0.00,0.00,780.00,874.80,0,0.00,450,0,06-JAN-2025
OPTSTK,HEROMOTOCO,27-Feb-2025,2025-02-27,4100.00,PE,0.00,0.00,0.00,113.50,95.75,0,0.00,0,0,06-JAN-2025
OPTIDX,NIFTY,23-Jan-2025,2025-01-23,23600.00,PE,127.45,331.10,107.85,295.45,295.45,1739,31118.6968,28425,16200,06-JAN-2025
OPTIDX,NIFTY,27-Mar-2025,2025-03-27,23600.00,PE,351.65,484.15,343.75,462.95,462.95,196,3533.49738,9525,675,06-JAN-2025
OPTIDX,NIFTY,27-Feb-2025,2025-02-27,23600.00,PE,261.20,455.70,257.80,433.00,433.00,1452,26120.4059,89475,18075,06-JAN-2025
OPTIDX,NIFTY,09-Jan-2025,2025-01-09,23600.00,CE,436.50,478.00,183.40,204.85,204.85,609516,10887932.0,1966875,1617900,06-JAN-2025
OPTIDX,NIFTY,27-Feb-2025,2025-02-27,22550.00,PE,108.50,153.45,108.50,149.20,149.20,148,2517.66026,10725,4200,06-JAN-2025
OPTIDX,NIFTY,30-Jan-2025,2025-01-30,22800.00,CE,1332.00,1332.00,976.75,1017.60,1017.60,221,1317.89117,8475,900,06-JAN-2025
OPTIDX,NIFTY,27-Feb-2025,2025-02-27,22800.00,PE,107.00,211.25,104.05,195.30,195.30,2440,42036.5041,180300,11250,06-JAN-2025
OPTIDX,NIFTY,27-Mar-2025,2025-03-27,22800.00,PE,154.05,246.00,149.25,235.45,235.45,866,14951.6903,90975,50775,06-JAN-2025
OPTIDX,NIFTY,27-Mar-2025,2025-03-27,22800.00,CE,0.00,0.00,0.00,1617.90,1335.30,0,0.00,0,0,06-JAN-2025
OPTIDX,NIFTY,16-Jan-2025,2025-01-16,22800.00,CE,1270.00,1270.00,886.95,898.50,898.50,5,89.3233125,225,225,06-JAN-2025
OPTIDX,NIFTY,30-Jan-2025,2025-01-30,22800.00,PE,39.00,112.15,35.85,99.50,99.50,69406,396928.059,1129600,136475,06-JAN-2025
OPTIDX,NIFTY,23-Jan-2025,2025-01-23,22550.00,PE,0.00,0.00,0.00,48.80,13.45,0,0.00,0,0,06-JAN-2025
OPTIDX,NIFTY,06-Feb-2025,2025-02-06,22800.00,PE,0.00,0.00,0.00,50.60,73.55,0,0.00,0,0,06-JAN-2025
OPTIDX,NIFTY,06-Feb-2025,2025-02-06,22550.00,CE,0.00,0.00,0.00,1826.30,1236.80,0,0.00,0,0,06-JAN-2025
OPTIDX,NIFTY,06-Feb-2025,2025-02-06,22550.00,PE,0.00,0.00,0.00,30.75,41.85,0,0.00,0,0,06-JAN-2025
OPTIDX,NIFTY,27-Mar-2025,2025-03-27,21900.00,PE,70.00,107.00,70.00,105.90,105.90,100,1650.4455,12300,1350,06-JAN-2025
OPTIDX,NIFTY,23-Jan-2025,2025-01-23,21900.00,PE,4.00,14.15,4.00,12.90,12.90,107,1758.36123,2700,2700,06-JAN-2025
OPTIDX,NIFTY,27-Feb-2025,2025-02-27,21900.00,CE,0.00,0.00,0.00,2495.55,1950.15,0,0.00,0,0,06-JAN-2025
OPTIDX,NIFTY,25-Jun-2026,2026-06-25,13000.00,PE,0.00,0.00,0.00,21.60,0.05,0,0.00,200,0,06-JAN-2025
OPTIDX,NIFTY,27-Mar-2025,2025-03-27,23650.00,PE,0.00,0.00,0.00,360.00,456.70,0,0.00,4725,0,06-JAN-2025
OPTIDX,NIFTY,31-Dec-2026,2026-12-31,13000.00,PE,0.00,0.00,0.00,20.05,0.05,0,0.00,1950,0,06-JAN-2025
OPTIDX,NIFTY,24-Dec-2025,2025-12-24,13000.00,PE,0.00,0.00,0.00,10.05,0.05,0,0.00,600,0,06-JAN-2025
OPTIDX,NIFTY,27-Feb-2025,2025-02-27,23650.00,PE,380.00,479.75,373.55,450.10,450.10,152,2745.67593,10125,4950,06-JAN-2025
OPTIDX,NIFTY,06-Feb-2025,2025-02-06,23650.00,CE,0.00,0.00,0.00,906.55,428.30,0,0.00,0,0,06-JAN-2025
OPTIDX,NIFTY,27-Feb-2025,2025-02-27,23650.00,CE,871.75,871.75,633.25,644.75,644.75,105,1914.54472,7575,675,06-JAN-2025
OPTIDX,NIFTY,27-Feb-2025,2025-02-27,25800.00,CE,55.00,61.85,37.80,39.55,39.55,1200,23259.8773,60150,11175,06-JAN-2025
OPTIDX,NIFTY,06-Feb-2025,2025-02-06,25800.00,PE,0.00,0.00,0.00,1508.75,2043.35,0,0.00,0,0,06-JAN-2025
OPTIDX,NIFTY,28-Dec-2028,2028-12-28,25000.00,PE,0.00,0.00,0.00,999.00,726.85,0,0.00,50,0,06-JAN-2025
OPTIDX,NIFTY,27-Mar-2025,2025-03-27,25800.00,CE,0.00,0.00,0.00,242.05,98.05,0,0.00,0,0,06-JAN-2025
OPTIDX,NIFTY,29-Jun-2028,2028-06-29,25000.00,CE,0.00,0.00,0.00,3545.15,4640.20,0,0.00,0,0,06-JAN-2025
OPTIDX,NIFTY,16-Jan-2025,2025-01-16,25000.00,PE,960.00,1400.00,930.00,1346.35,1346.35,130,2551.63683,6825,1875,06-JAN-2025
OPTSTK,COLPAL,27-Feb-2025,2025-02-27,2500.00,PE,0.00,0.00,0.00,14.00,14.55,0,0.00,0,0,06-JAN-2025
OPTSTK,MAXHEALTH,30-Jan-2025,2025-01-30,1300.00,CE,8.80,10.65,5.80,8.45,8.45,323,2218.52505,113400,79800,06-JAN-2025
OPTSTK,NAVINFLUOR,27-Feb-2025,2025-02-27,3000.00,CE,0.00,0.00,0.00,585.85,403.95,0,0.00,0,0,06-JAN-2025
OPTSTK,MAXHEALTH,27-Feb-2025,2025-02-27,1300.00,PE,0.00,0.00,0.00,165.95,154.15,0,0.00,0,0,06-JAN-2025
OPTSTK,MAXHEALTH,30-Jan-2025,2025-01-30,1300.00,PE,0.00,0.00,0.00,132.00,146.90,0,0.00,525,0,06-JAN-2025
OPTSTK,COLPAL,30-Jan-2025,2025-01-30,2240.00,CE,0.00,0.00,0.00,495.75,523.40,0,0.00,0,0,06-JAN-2025
OPTSTK,COLPAL,30-Jan-2025,2025-01-30,2700.00,CE,136.75,147.45,96.00,112.25,112.25,243,1196.14328,58450,-875,06-JAN-2025
OPTSTK,MAXHEALTH,27-Mar-2025,2025-03-27,960.00,CE,0.00,0.00,0.00,234.00,217.90,0,0.00,0,0,06-JAN-2025
FUTSTK,NAVINFLUOR,30-Jan-2025,2025-01-30,,,3356.00,3403.30,3334.30,3357.05,3357.05,1839,10827.0589,1527225,-21000,06-JAN-2025
OPTSTK,BHEL,27-Mar-2025,2025-03-27,210.00,CE,0.00,0.00,0.00,45.85,25.10,0,0.00,0,0,06-JAN-2025
OPTSTK,BHEL,27-Feb-2025,2025-02-27,210.00,CE,0.00,0.00,0.00,54.95,21.20,0,0.00,0,0,06-JAN-2025
OPTSTK,BHEL,27-Feb-2025,2025-02-27,210.00,PE,5.20,7.30,5.20,7.30,7.30,4,22.659,73500,2625,06-JAN-2025
OPTSTK,BHEL,27-Mar-2025,2025-03-27,210.00,PE,0.00,0.00,0.00,10.35,12.25,0,0.00,0,0,06-JAN-2025
OPTSTK,COLPAL,30-Jan-2025,2025-01-30,2620.00,PE,30.60,30.60,26.50,28.45,28.45,11,50.978725,8400,0,06-JAN-2025
OPTSTK,NAVINFLUOR,30-Jan-2025,2025-01-30,3150.00,PE,20.85,27.85,18.55,27.00,27.00,24,133.2569,6825,-1400,06-JAN-2025
OPTSTK,NAVINFLUOR,27-Feb-2025,2025-02-27,3150.00,CE,0.00,0.00,0.00,322.50,288.80,0,0.00,0,0,06-JAN-2025
OPTSTK,NAVINFLUOR,30-Jan-2025,2025-01-30,3000.00,PE,7.20,10.90,6.50,10.15,10.15,54,284.4002,27650,0,06-JAN-2025
FUTSTK,MAXHEALTH,30-Jan-2025,2025-01-30,,,1183.90,1197.40,1147.25,1156.05,1156.05,1840,11257.9845,4589550,161700,06-JAN-2025
FUTSTK,MAXHEALTH,27-Mar-2025,2025-03-27,,,0.00,0.00,0.00,1177.00,1170.40,0,0.00,0,0,06-JAN-2025
OPTSTK,MAXHEALTH,30-Jan-2025,2025-01-30,1120.00,CE,79.85,79.85,79.85,79.85,63.85,6,37.795275,5250,2625,06-JAN-2025
OPTSTK,MAXHEALTH,30-Jan-2025,2025-01-30,1180.00,CE,47.00,47.00,29.75,34.90,34.90,218,1395.57416,29400,1575,06-JAN-2025
OPTSTK,MAXHEALTH,27-Feb-2025,2025-02-27,1180.00,CE,0.00,0.00,0.00,78.50,55.85,0,0.00,0,0,06-JAN-2025
OPTSTK,NAVINFLUOR,30-Jan-2025,2025-01-30,3050.00,CE,0.00,0.00,0.00,506.75,323.15,0,0.00,0,0,06-JAN-2025
OPTSTK,BHEL,30-Jan-2025,2025-01-30,235.00,PE,11.20,17.95,10.95,17.75,17.75,355,2320.02487,1228500,-76125,06-JAN-2025
OPTSTK,COLPAL,30-Jan-2025,2025-01-30,2740.00,CE,82.90,95.00,75.00,85.00,81.55,65,321.213287,18375,1575,06-JAN-2025
OPTSTK,COLPAL,27-Feb-2025,2025-02-27,2740.00,PE,0.00,0.00,0.00,121.80,81.20,0,0.00,0,0,06-JAN-2025
OPTSTK,COLPAL,27-Feb-2025,2025-02-27,2740.00,CE,0.00,0.00,0.00,135.35,120.90,0,0.00,0,0,06-JAN-2025
OPTSTK,NAVINFLUOR,27-Feb-2025,2025-02-27,3600.00,CE,0.00,0.00,0.00,229.30,72.80,0,0.00,0,0,06-JAN-2025
FUTSTK,BHEL,27-Mar-2025,2025-03-27,,,232.40,232.40,222.80,223.24,223.25,70,415.553512,265125,49875,06-JAN-2025
OPTSTK,BHEL,30-Jan-2025,2025-01-30,270.00,CE,0.55,0.55,0.30,0.35,0.35,1089,7729.24031,1968750,-273000,06-JAN-2025
OPTSTK,MAXHEALTH,27-Mar-2025,2025-03-27,1080.00,CE,0.00,0.00,0.00,150.40,127.70,0,0.00,0,0,06-JAN-2025
OPTSTK,COLPAL,30-Jan-2025,2025-01-30,3000.00,CE,20.80,23.45,10.85,12.90,12.90,1914,10096.5483,247975,97125,06-JAN-2025
OPTSTK,TATAPOWER,30-Jan-2025,2025-01-30,475.00,PE,0.00,0.00,0.00,70.60,94.30,0,0.00,4050,0,06-JAN-2025
OPTSTK,EXIDEIND,30-Jan-2025,2025-01-30,475.00,CE,0.00,0.00,0.00,5.30,0.80,0,0.00,0,0,06-JAN-2025
OPTSTK,EXIDEIND,27-Feb-2025,2025-02-27,475.00,PE,0.00,0.00,0.00,62.20,65.55,0,0.00,0,0,06-JAN-2025
OPTSTK,EXIDEIND,27-Feb-2025,2025-02-27,560.00,PE,0.00,0.00,0.00,130.00,145.90,0,0.00,1800,0,06-JAN-2025
OPTSTK,TATAPOWER,30-Jan-2025,2025-01-30,490.00,PE,0.00,0.00,0.00,98.00,109.20,0,0.00,1350,0,06-JAN-2025
OPTSTK,EXIDEIND,30-Jan-2025,2025-01-30,500.00,PE,79.95,79.95,79.95,79.95,89.00,1,10.4391,441000,1800,06-JAN-2025
OPTSTK,TATAPOWER,30-Jan-2025,2025-01-30,500.00,CE,0.20,0.25,0.20,0.25,0.25,488,3295.45395,1283850,-18900,06-JAN-2025
OPTSTK,EXIDEIND,27-Feb-2025,2025-02-27,440.00,CE,0.00,0.00,0.00,51.30,10.95,0,0.00,0,0,06-JAN-2025
OPTSTK,EXIDEIND,30-Jan-2025,2025-01-30,340.00,PE,0.00,0.00,0.00,0.70,0.20,0,0.00,1800,0,06-JAN-2025
OPTSTK,TATAPOWER,27-Mar-2025,2025-03-27,340.00,PE,0.00,0.00,0.00,6.30,6.60,0,0.00,0,0,06-JAN-2025
OPTSTK,EXIDEIND,30-Jan-2025,2025-01-30,385.00,CE,37.30,37.30,29.55,29.55,30.30,5,37.8342,9000,1800,06-JAN-2025
OPTSTK,EXIDEIND,30-Jan-2025,2025-01-30,475.00,PE,0.00,0.00,0.00,58.70,64.75,0,0.00,0,0,06-JAN-2025
OPTSTK,TATAPOWER,30-Jan-2025,2025-01-30,470.00,CE,0.60,0.60,0.25,0.30,0.30,131,831.7728,1053000,-10800,06-JAN-2025
OPTSTK,EXIDEIND,27-Feb-2025,2025-02-27,490.00,CE,0.00,0.00,0.00,8.50,2.50,0,0.00,0,0,06-JAN-2025
OPTSTK,EXIDEIND,27-Feb-2025,2025-02-27,380.00,PE,4.50,6.50,4.50,6.50,8.00,3,20.835,46800,3600,06-JAN-2025
OPTSTK,EXIDEIND,27-Mar-2025,2025-03-27,380.00,CE,0.00,0.00,0.00,59.90,46.00,0,0.00,0,0,06-JAN-2025
OPTSTK,TATAPOWER,27-Mar-2025,2025-03-27,380.00,CE,0.00,0.00,0.00,48.45,25.25,0,0.00,0,0,06-JAN-2025
OPTSTK,TATAPOWER,27-Feb-2025,2025-02-27,380.00,CE,22.00,22.00,20.80,20.80,19.80,2,10.8378,4050,2700,06-JAN-2025
OPTSTK,TATAPOWER,30-Jan-2025,2025-01-30,380.00,CE,20.50,20.50,11.15,11.80,11.80,2293,12167.3927,878850,587250,06-JAN-2025
OPTSTK,EXIDEIND,27-Feb-2025,2025-02-27,465.00,CE,0.00,0.00,0.00,13.85,5.45,0,0.00,0,0,06-JAN-2025
OPTSTK,TATAPOWER,27-Feb-2025,2025-02-27,340.00,CE,0.00,0.00,0.00,86.05,45.95,0,0.00,0,0,06-JAN-2025
OPTSTK,TATAPOWER,27-Mar-2025,2025-03-27,340.00,CE,0.00,0.00,0.00,76.70,50.25,0,0.00,0,0,06-JAN-2025
OPTSTK,TATAPOWER,27-Feb-2025,2025-02-27,385.00,PE,12.50,12.50,12.50,12.50,20.10,1,5.36625,1350,0,06-JAN-2025
OPTSTK,EXIDEIND,27-Mar-2025,2025-03-27,470.00,CE,0.00,0.00,0.00,18.55,8.75,0,0.00,0,0,06-JAN-2025
OPTSTK,EXIDEIND,30-Jan-2025,2025-01-30,410.00,PE,7.20,14.80,6.70,13.20,13.20,1041,7905.8673,761400,113400,06-JAN-2025
OPTSTK,TATAPOWER,30-Jan-2025,2025-01-30,400.00,CE,10.90,11.00,4.35,4.60,4.60,8683,47609.6008,6026400,1536300,06-JAN-2025
OPTSTK,EXIDEIND,27-Mar-2025,2025-03-27,470.00,PE,0.00,0.00,0.00,61.75,62.90,0,0.00,0,0,06-JAN-2025
OPTSTK,EXIDEIND,27-Feb-2025,2025-02-27,470.00,PE,0.00,0.00,0.00,58.45,61.25,0,0.00,0,0,06-JAN-2025
OPTSTK,EXIDEIND,30-Jan-2025,2025-01-30,455.00,PE,0.00,0.00,0.00,29.05,46.30,0,0.00,9000,0,06-JAN-2025
OPTSTK,EXIDEIND,27-Feb-2025,2025-02-27,340.00,CE,0.00,0.00,0.00,125.70,73.60,0,0.00,0,0,06-JAN-2025
OPTSTK,TATAPOWER,27-Feb-2025,2025-02-27,445.00,CE,0.00,0.00,0.00,4.55,2.70,0,0.00,2700,0,06-JAN-2025
OPTSTK,TATAPOWER,30-Jan-2025,2025-01-30,445.00,CE,1.35,1.35,0.55,0.60,0.60,499,3002.94202,353700,-66150,06-JAN-2025
OPTSTK,ASTRAL,27-Feb-2025,2025-02-27,1500.00,CE,0.00,0.00,0.00,210.35,101.85,0,0.00,0,0,06-JAN-2025
OPTSTK,LUPIN,30-Jan-2025,2025-01-30,2140.00,PE,4.20,7.55,4.20,6.90,6.90,72,656.803712,56950,-5100,06-JAN-2025
OPTSTK,LUPIN,27-Mar-2025,2025-03-27,2520.00,PE,0.00,0.00,0.00,337.00,191.35,0,0.00,0,0,06-JAN-2025
OPTSTK,LUPIN,27-Feb-2025,2025-02-27,2520.00,CE,0.00,0.00,0.00,48.00,44.00,0,0.00,425,0,06-JAN-2025
OPTSTK,LUPIN,27-Mar-2025,2025-03-27,2520.00,CE,0.00,0.00,0.00,44.60,68.60,0,0.00,0,0,06-JAN-2025
OPTSTK,LUPIN,27-Feb-2025,2025-02-27,2540.00,PE,0.00,0.00,0.00,349.05,194.35,0,0.00,0,0,06-JAN-2025
OPTSTK,ASTRAL,30-Jan-2025,2025-01-30,1680.00,PE,75.00,132.00,71.00,126.15,126.15,22,143.922903,44407,-367,06-JAN-2025
OPTSTK,LUPIN,27-Feb-2025,2025-02-27,2120.00,PE,0.00,0.00,0.00,175.95,13.45,0,0.00,0,0,06-JAN-2025
OPTSTK,LUPIN,27-Feb-2025,2025-02-27,2120.00,CE,0.00,0.00,0.00,92.55,273.95,0,0.00,0,0,06-JAN-2025
OPTSTK,ASTRAL,27-Mar-2025,2025-03-27,1840.00,CE,0.00,0.00,0.00,54.80,10.50,0,0.00,0,0,06-JAN-2025
OPTSTK,LUPIN,27-Mar-2025,2025-03-27,2200.00,PE,0.00,0.00,0.00,126.25,41.30,0,0.00,0,0,06-JAN-2025
OPTSTK,LUPIN,27-Feb-2025,2025-02-27,2600.00,CE,0.00,0.00,0.00,9.90,26.30,0,0.00,0,0,06-JAN-2025
OPTSTK,LUPIN,30-Jan-2025,2025-01-30,2600.00,CE,7.25,8.20,4.90,7.15,7.15,1087,12042.2296,254150,3825,06-JAN-2025
OPTSTK,ASTRAL,27-Feb-2025,2025-02-27,1740.00,CE,0.00,0.00,0.00,67.35,12.70,0,0.00,0,0,06-JAN-2025
OPTSTK,LUPIN,27-Feb-2025,2025-02-27,2140.00,CE,0.00,0.00,0.00,150.50,257.00,0,0.00,0,0,06-JAN-2025
OPTSTK,ASTRAL,27-Feb-2025,2025-02-27,1460.00,CE,0.00,0.00,0.00,243.15,130.05,0,0.00,0,0,06-JAN-2025
OPTSTK,LUPIN,30-Jan-2025,2025-01-30,2400.00,PE,74.20,84.95,63.50,74.90,74.90,529,5565.06921,118150,3825,06-JAN-2025
OPTSTK,LUPIN,27-Feb-2025,2025-02-27,2400.00,CE,85.60,92.00,85.00,88.85,88.85,8,84.5786125,21250,2125,06-JAN-2025
OPTSTK,SUPREMEIND,27-Feb-2025,2025-02-27,4700.00,CE,0.00,0.00,0.00,412.40,196.15,0,0.00,0,0,06-JAN-2025
OPTSTK,LUPIN,30-Jan-2025,2025-01-30,2500.00,CE,21.00,23.50,14.10,19.65,19.65,1229,13153.3305,201875,11900,06-JAN-2025
OPTSTK,ASTRAL,27-Mar-2025,2025-03-27,1760.00,CE,0.00,0.00,0.00,80.95,20.90,0,0.00,0,0,06-JAN-2025
OPTSTK,SUPREMEIND,27-Feb-2025,2025-02-27,4900.00,PE,0.00,0.00,0.00,401.55,463.70,0,0.00,0,0,06-JAN-2025
OPTSTK,SUPREMEIND,30-Jan-2025,2025-01-30,4000.00,CE,0.00,0.00,0.00,681.70,554.80,0,0.00,0,0,06-JAN-2025
OPTSTK,ASTRAL,27-Mar-2025,2025-03-27,1800.00,CE,0.00,0.00,0.00,66.85,14.95,0,0.00,0,0,06-JAN-2025
OPTSTK,LUPIN,27-Feb-2025,2025-02-27,2060.00,PE,0.00,0.00,0.00,52.00,7.20,0,0.00,0,0,06-JAN-2025
OPTSTK,LUPIN,30-Jan-2025,2025-01-30,2120.00,PE,5.00,5.25,5.00,5.00,3.20,5,45.157525,51000,-1275,06-JAN-2025
OPTSTK,LUPIN,27-Feb-2025,2025-02-27,2300.00,CE,0.00,0.00,0.00,148.00,139.65,0,0.00,850,0,06-JAN-2025
OPTSTK,SUPREMEIND,27-Feb-2025,2025-02-27,5100.00,PE,0.00,0.00,0.00,522.95,614.80,0,0.00,0,0,06-JAN-2025
OPTSTK,ASTRAL,27-Feb-2025,2025-02-27,1440.00,CE,0.00,0.00,0.00,401.60,145.45,0,0.00,0,0,06-JAN-2025
OPTSTK,ASTRAL,27-Mar-2025,2025-03-27,1440.00,CE,0.00,0.00,0.00,275.55,161.25,0,0.00,0,0,06-JAN-2025
OPTSTK,LUPIN,27-Feb-2025,2025-02-27,2400.00,PE,0.00,0.00,0.00,97.60,103.40,0,0.00,425,0,06-JAN-2025
OPTSTK,SUPREMEIND,27-Mar-2025,2025-03-27,4000.00,PE,0.00,0.00,0.00,107.55,91.75,0,0.00,0,0,06-JAN-2025
FUTSTK,DRREDDY,27-Mar-2025,2025-03-27,,,1366.00,1366.00,1359.95,1359.95,1370.50,9,76.576875,22500,0,06-JAN-2025
OPTSTK,LT,30-Jan-2025,2025-01-30,3600.00,PE,46.95,80.50,38.75,72.25,72.25,6960,38250.3417,529350,34200,06-JAN-2025
OPTSTK,LT,27-Mar-2025,2025-03-27,3600.00,PE,0.00,0.00,0.00,180.40,147.60,0,0.00,0,0,06-JAN-2025
OPTSTK,LT,27-Feb-2025,2025-02-27,3250.00,CE,0.00,0.00,0.00,461.90,405.35,0,0.00,0,0,06-JAN-2025
OPTSTK,LT,30-Jan-2025,2025-01-30,3300.00,PE,6.15,11.05,4.05,9.40,9.40,2441,12110.8275,225600,47100,06-JAN-2025
OPTSTK,DRREDDY,27-Mar-2025,2025-03-27,1420.00,CE,0.00,0.00,0.00,48.60,29.15,0,0.00,0,0,06-JAN-2025
OPTSTK,DRREDDY,27-Feb-2025,2025-02-27,1420.00,PE,0.00,0.00,0.00,209.15,74.35,0,0.00,0,0,06-JAN-2025
OPTSTK,DRREDDY,27-Mar-2025,2025-03-27,1460.00,CE,0.00,0.00,0.00,35.20,18.20,0,0.00,0,0,06-JAN-2025
OPTSTK,DRREDDY,27-Feb-2025,2025-02-27,1230.00,CE,0.00,0.00,0.00,149.70,135.50,0,0.00,0,0,06-JAN-2025
OPTSTK,DRREDDY,27-Feb-2025,2025-02-27,1230.00,PE,0.00,0.00,0.00,9.15,3.40,0,0.00,0,0,06-JAN-2025
OPTSTK,DRREDDY,27-Mar-2025,2025-03-27,1380.00,PE,0.00,0.00,0.00,65.35,53.95,0,0.00,0,0,06-JAN-2025
OPTSTK,DRREDDY,30-Jan-2025,2025-01-30,1380.00,CE,22.90,25.05,17.05,23.80,23.80,1051,9205.22781,346875,70625,06-JAN-2025
OPTSTK,DRREDDY,27-Feb-2025,2025-02-27,1380.00,PE,0.00,0.00,0.00,174.00,48.45,0,0.00,0,0,06-JAN-2025
OPTSTK,LT,27-Feb-2025,2025-02-27,3450.00,CE,0.00,0.00,0.00,315.95,250.55,0,0.00,0,0,06-JAN-2025
OPTSTK,LT,30-Jan-2025,2025-01-30,3450.00,CE,268.00,268.00,190.95,194.50,194.50,38,208.66695,8550,2850,06-JAN-2025
OPTSTK,LT,27-Feb-2025,2025-02-27,3950.00,CE,0.00,0.00,0.00,89.85,41.75,0,0.00,0,0,06-JAN-2025
OPTSTK,DRREDDY,30-Jan-2025,2025-01-30,1470.00,CE,4.30,5.20,3.20,5.00,5.00,101,930.455625,72500,-3125,06-JAN-2025
OPTSTK,LT,27-Feb-2025,2025-02-27,3950.00,PE,0.00,0.00,0.00,360.80,350.75,0,0.00,0,0,06-JAN-2025
OPTSTK,DRREDDY,30-Jan-2025,2025-01-30,1320.00,CE,50.60,58.25,44.75,56.10,56.10,73,626.054062,33125,1250,06-JAN-2025
OPTSTK,DRREDDY,30-Jan-2025,2025-01-30,1320.00,PE,16.60,24.70,14.90,19.60,19.60,401,3359.75781,130625,30625,06-JAN-2025
OPTSTK,DRREDDY,27-Mar-2025,2025-03-27,1320.00,CE,0.00,0.00,0.00,97.75,76.95,0,0.00,0,0,06-JAN-2025
OPTSTK,LT,30-Jan-2025,2025-01-30,4000.00,PE,318.55,395.00,312.55,395.00,395.00,14,91.551375,101700,-900,06-JAN-2025
OPTSTK,LT,27-Feb-2025,2025-02-27,3000.00,PE,0.00,0.00,0.00,20.95,3.05,0,0.00,0,0,06-JAN-2025
OPTSTK,DRREDDY,30-Jan-2025,2025-01-30,1250.00,PE,4.45,7.75,4.35,6.00,6.00,491,3854.89687,290625,43750,06-JAN-2025
OPTSTK,LT,27-Mar-2025,2025-03-27,3500.00,PE,0.00,0.00,0.00,138.25,105.40,0,0.00,0,0,06-JAN-2025
OPTSTK,LT,30-Jan-2025,2025-01-30,3650.00,PE,66.00,106.40,54.45,96.30,96.30,4922,27540.1922,179100,-40500,06-JAN-2025
OPTSTK,DRREDDY,27-Mar-2025,2025-03-27,1200.00,CE,0.00,0.00,0.00,186.25,171.65,0,0.00,0,0,06-JAN-2025
OPTSTK,SUNPHARMA,27-Mar-2025,2025-03-27,2000.00,PE,0.00,0.00,0.00,159.15,144.85,0,0.00,0,0,06-JAN-2025
OPTSTK,SUNPHARMA,27-Mar-2025,2025-03-27,2160.00,CE,0.00,0.00,0.00,10.55,3.60,0,0.00,0,0,06-JAN-2025
OPTSTK,BALKRISIND,27-Feb-2025,2025-02-27,3360.00,PE,0.00,0.00,0.00,522.60,609.05,0,0.00,0,0,06-JAN-2025
OPTSTK,BALKRISIND,27-Feb-2025,2025-02-27,3360.00,CE,0.00,0.00,0.00,29.40,4.40,0,0.00,0,0,06-JAN-2025
FUTSTK,BALKRISIND,27-Mar-2025,2025-03-27,,,0.00,0.00,0.00,2876.65,2763.80,0,0.00,0,0,06-JAN-2025
OPTSTK,SUNPHARMA,27-Feb-2025,2025-02-27,1980.00,CE,0.00,0.00,0.00,27.25,14.35,0,0.00,0,0,06-JAN-2025
OPTSTK,BALKRISIND,30-Jan-2025,2025-01-30,2900.00,PE,120.00,199.50,119.65,198.20,189.80,35,319.0974,29400,-600,06-JAN-2025
OPTSTK,SUNPHARMA,27-Mar-2025,2025-03-27,2040.00,PE,0.00,0.00,0.00,189.30,177.05,0,0.00,0,0,06-JAN-2025
FUTSTK,SUNPHARMA,27-Mar-2025,2025-03-27,,,1866.45,1872.65,1862.65,1870.85,1870.85,10,65.364425,3500,-700,06-JAN-2025
FUTSTK,SUNPHARMA,30-Jan-2025,2025-01-30,,,1860.25,1866.90,1835.85,1855.00,1855.00,7662,49633.6774,16273950,247100,06-JAN-2025
OPTSTK,BALKRISIND,30-Jan-2025,2025-01-30,2750.00,PE,86.00,86.00,86.00,86.00,88.75,1,8.508,2400,-300,06-JAN-2025
OPTSTK,BALKRISIND,30-Jan-2025,2025-01-30,2980.00,PE,0.00,0.00,0.00,202.60,256.80,0,0.00,0,0,06-JAN-2025
OPTSTK,BALKRISIND,30-Jan-2025,2025-01-30,2980.00,CE,30.60,30.60,23.20,23.20,13.20,19,171.33675,1800,1800,06-JAN-2025
OPTSTK,SUNPHARMA,30-Jan-2025,2025-01-30,1700.00,PE,2.05,3.50,2.05,2.90,2.90,571,3403.23707,251300,-6300,06-JAN-2025
OPTSTK,SUNPHARMA,30-Jan-2025,2025-01-30,1700.00,CE,0.00,0.00,0.00,180.00,155.95,0,0.00,9100,0,06-JAN-2025
OPTSTK,SUNPHARMA,27-Mar-2025,2025-03-27,1600.00,CE,0.00,0.00,0.00,276.75,272.80,0,0.00,0,0,06-JAN-2025
OPTSTK,SUNPHARMA,27-Feb-2025,2025-02-27,1600.00,CE,0.00,0.00,0.00,182.75,263.30,0,0.00,0,0,06-JAN-2025
OPTSTK,SUNPHARMA,27-Feb-2025,2025-02-27,1920.00,PE,0.00,0.00,0.00,178.40,83.55,0,0.00,0,0,06-JAN-2025
OPTSTK,BALKRISIND,27-Mar-2025,2025-03-27,3200.00,CE,0.00,0.00,0.00,85.05,28.65,0,0.00,0,0,06-JAN-2025
OPTSTK,SUNPHARMA,27-Feb-2025,2025-02-27,1860.00,CE,60.00,62.15,49.35,49.55,53.80,12,80.348625,2100,1750,06-JAN-2025
OPTSTK,BALKRISIND,27-Feb-2025,2025-02-27,2840.00,CE,0.00,0.00,0.00,172.15,81.60,0,0.00,0,0,06-JAN-2025
OPTSTK,BALKRISIND,27-Feb-2025,2025-02-27,3040.00,PE,0.00,0.00,0.00,270.70,318.40,0,0.00,0,0,06-JAN-2025
OPTSTK,BALKRISIND,27-Mar-2025,2025-03-27,3040.00,CE,0.00,0.00,0.00,130.50,55.55,0,0.00,0,0,06-JAN-2025
OPTSTK,BALKRISIND,27-Mar-2025,2025-03-27,2400.00,CE,0.00,0.00,0.00,502.25,385.25,0,0.00,0,0,06-JAN-2025
OPTSTK,BALKRISIND,27-Feb-2025,2025-02-27,2760.00,CE,0.00,0.00,0.00,214.05,114.30,0,0.00,0,0,06-JAN-2025
OPTSTK,BALKRISIND,30-Jan-2025,2025-01-30,2760.00,CE,0.00,0.00,0.00,165.95,69.70,0,0.00,0,0,06-JAN-2025
OPTSTK,SUNPHARMA,27-Mar-2025,2025-03-27,1800.00,CE,0.00,0.00,0.00,122.10,106.00,0,0.00,0,0,06-JAN-2025
OPTSTK,BALKRISIND,27-Mar-2025,2025-03-27,3000.00,PE,0.00,0.00,0.00,265.60,297.60,0,0.00,0,0,06-JAN-2025
OPTSTK,SUNPHARMA,30-Jan-2025,2025-01-30,1800.00,PE,14.20,19.65,10.30,15.05,15.05,1389,8825.53192,227150,-23100,06-JAN-2025
OPTSTK,BALKRISIND,27-Mar-2025,2025-03-27,3160.00,PE,0.00,0.00,0.00,373.05,424.40,0,0.00,0,0,06-JAN-2025
OPTSTK,BALKRISIND,30-Jan-2025,2025-01-30,3050.00,CE,20.00,20.70,11.20,11.45,6.90,58,533.08785,22200,-4200,06-JAN-2025
FUTSTK,CYIENT,27-Feb-2025,2025-02-27,,,1785.00,1789.95,1741.10,1749.00,1749.00,103,544.90125,58500,9000,06-JAN-2025
OPTSTK,CYIENT,27-Feb-2025,2025-02-27,1600.00,PE,0.00,0.00,0.00,39.90,26.10,0,0.00,0,0,06-JAN-2025
OPTSTK,ICICIPRULI,30-Jan-2025,2025-01-30,640.00,CE,41.85,43.90,32.30,37.50,32.45,108,548.941125,89250,22500,06-JAN-2025
OPTSTK,ICICIPRULI,27-Feb-2025,2025-02-27,640.00,CE,0.00,0.00,0.00,81.45,41.90,0,0.00,0,0,06-JAN-2025
OPTSTK,CYIENT,30-Jan-2025,2025-01-30,1920.00,CE,16.90,17.50,16.90,17.30,17.30,4,23.24625,14100,0,06-JAN-2025
OPTSTK,CYIENT,27-Feb-2025,2025-02-27,1920.00,CE,0.00,0.00,0.00,138.05,34.55,0,0.00,0,0,06-JAN-2025
OPTSTK,ICICIPRULI,27-Mar-2025,2025-03-27,680.00,CE,0.00,0.00,0.00,41.95,28.60,0,0.00,0,0,06-JAN-2025
OPTSTK,ICICIPRULI,30-Jan-2025,2025-01-30,800.00,PE,0.00,0.00,0.00,129.50,134.60,0,0.00,4500,0,06-JAN-2025
OPTSTK,ICICIPRULI,30-Jan-2025,2025-01-30,570.00,PE,1.40,1.40,1.05,1.35,1.35,54,231.38475,72000,2250,06-JAN-2025
OPTSTK,CYIENT,30-Jan-2025,2025-01-30,1860.00,CE,38.00,40.50,29.40,29.50,29.50,36,204.49965,12600,-300,06-JAN-2025
OPTSTK,CYIENT,27-Mar-2025,2025-03-27,1800.00,CE,0.00,0.00,0.00,241.55,97.35,0,0.00,0,0,06-JAN-2025
OPTSTK,CYIENT,27-Feb-2025,2025-02-27,2160.00,PE,0.00,0.00,0.00,325.65,396.85,0,0.00,0,0,06-JAN-2025
OPTSTK,CYIENT,30-Jan-2025,2025-01-30,1960.00,CE,12.00,12.95,11.85,12.10,12.10,7,41.4156,10200,300,06-JAN-2025
OPTSTK,ICICIPRULI,27-Feb-2025,2025-02-27,540.00,CE,0.00,0.00,0.00,163.65,127.40,0,0.00,0,0,06-JAN-2025
OPTSTK,CYIENT,30-Jan-2025,2025-01-30,2120.00,CE,0.00,0.00,0.00,6.00,0.80,0,0.00,300,0,06-JAN-2025
OPTSTK,CYIENT,30-Jan-2025,2025-01-30,2120.00,PE,0.00,0.00,0.00,282.80,363.30,0,0.00,0,0,06-JAN-2025
OPTSTK,CYIENT,27-Feb-2025,2025-02-27,1680.00,CE,0.00,0.00,0.00,269.55,134.20,0,0.00,0,0,06-JAN-2025
OPTSTK,CYIENT,27-Feb-2025,2025-02-27,1900.00,PE,0.00,0.00,0.00,102.00,173.10,0,0.00,0,0,06-JAN-2025
OPTSTK,ICICIPRULI,27-Feb-2025,2025-02-27,730.00,CE,0.00,0.00,0.00,15.75,6.90,0,0.00,0,0,06-JAN-2025
OPTSTK,ICICIPRULI,30-Jan-2025,2025-01-30,730.00,CE,5.45,5.70,2.65,3.20,3.20,150,825.094875,102000,15000,06-JAN-2025
OPTSTK,ICICIPRULI,27-Mar-2025,2025-03-27,740.00,PE,0.00,0.00,0.00,78.95,77.60,0,0.00,0,0,06-JAN-2025
OPTSTK,CYIENT,27-Mar-2025,2025-03-27,1680.00,CE,0.00,0.00,0.00,323.20,158.70,0,0.00,0,0,06-JAN-2025
OPTSTK,CYIENT,30-Jan-2025,2025-01-30,1620.00,CE,0.00,0.00,0.00,288.20,148.65,0,0.00,0,0,06-JAN-2025
OPTSTK,CYIENT,27-Feb-2025,2025-02-27,1660.00,PE,0.00,0.00,0.00,25.95,43.05,0,0.00,0,0,06-JAN-2025
OPTSTK,ICICIPRULI,27-Mar-2025,2025-03-27,760.00,CE,0.00,0.00,0.00,15.70,7.05,0,0.00,0,0,06-JAN-2025
OPTSTK,ICICIPRULI,27-Feb-2025,2025-02-27,760.00,PE,0.00,0.00,0.00,78.40,93.95,0,0.00,0,0,06-JAN-2025
OPTSTK,CYIENT,30-Jan-2025,2025-01-30,1520.00,CE,0.00,0.00,0.00,370.80,237.45,0,0.00,0,0,06-JAN-2025
OPTSTK,ICICIPRULI,27-Mar-2025,2025-03-27,620.00,CE,0.00,0.00,0.00,76.40,62.95,0,0.00,0,0,06-JAN-2025
OPTSTK,ICICIPRULI,27-Feb-2025,2025-02-27,560.00,PE,0.00,0.00,0.00,3.50,0.85,0,0.00,0,0,06-JAN-2025
OPTSTK,ICICIPRULI,27-Feb-2025,2025-02-27,700.00,CE,19.85,19.85,15.85,15.85,13.85,2,10.76775,1500,0,06-JAN-2025
OPTSTK,CYIENT,27-Feb-2025,2025-02-27,1520.00,PE,0.00,0.00,0.00,24.30,11.75,0,0.00,0,0,06-JAN-2025
OPTSTK,ICICIPRULI,27-Feb-2025,2025-02-27,620.00,PE,0.00,0.00,0.00,12.75,8.10,0,0.00,0,0,06-JAN-2025
OPTSTK,SRF,30-Jan-2025,2025-01-30,2160.00,CE,140.00,147.60,136.65,147.60,141.45,5,43.1415,1500,0,06-JAN-2025
OPTSTK,SRF,27-Mar-2025,2025-03-27,2000.00,PE,0.00,0.00,0.00,30.20,13.00,0,0.00,0,0,06-JAN-2025
OPTSTK,AXISBANK,27-Mar-2025,2025-03-27,1000.00,PE,15.75,15.75,15.75,15.75,16.90,1,6.3484375,1875,625,06-JAN-2025
OPTSTK,SRF,27-Mar-2025,2025-03-27,2520.00,PE,0.00,0.00,0.00,273.65,243.05,0,0.00,0,0,06-JAN-2025
OPTSTK,AXISBANK,27-Feb-2025,2025-02-27,1160.00,CE,0.00,0.00,0.00,13.95,10.85,0,0.00,625,0,06-JAN-2025
OPTSTK,AXISBANK,30-Jan-2025,2025-01-30,1160.00,PE,0.00,0.00,0.00,73.70,94.25,0,0.00,217500,0,06-JAN-2025
OPTSTK,AXISBANK,27-Mar-2025,2025-03-27,1160.00,CE,0.00,0.00,0.00,37.35,19.35,0,0.00,0,0,06-JAN-2025
OPTSTK,AXISBANK,27-Feb-2025,2025-02-27,1020.00,PE,0.00,0.00,0.00,17.50,16.60,0,0.00,0,0,06-JAN-2025
OPTSTK,AXISBANK,27-Mar-2025,2025-03-27,1020.00,CE,0.00,0.00,0.00,104.70,81.10,0,0.00,0,0,06-JAN-2025
OPTSTK,JSL,27-Feb-2025,2025-02-27,700.00,PE,0.00,0.00,0.00,61.45,56.05,0,0.00,0,0,06-JAN-2025
OPTSTK,AXISBANK,27-Feb-2025,2025-02-27,1200.00,PE,0.00,0.00,0.00,112.50,130.45,0,0.00,0,0,06-JAN-2025
OPTSTK,AXISBANK,27-Feb-2025,2025-02-27,1200.00,CE,7.80,7.80,6.00,6.30,5.30,52,392.237187,91250,13750,06-JAN-2025
FUTSTK,JSL,27-Feb-2025,2025-02-27,,,687.80,687.80,667.35,668.95,668.95,18,94.15475,21700,4650,06-JAN-2025
OPTSTK,AXISBANK,27-Feb-2025,2025-02-27,1120.00,PE,0.00,0.00,0.00,50.10,66.25,0,0.00,0,0,06-JAN-2025
OPTSTK,AXISBANK,27-Mar-2025,2025-03-27,1120.00,PE,0.00,0.00,0.00,74.80,71.05,0,0.00,0,0,06-JAN-2025
OPTSTK,SRF,27-Mar-2025,2025-03-27,2160.00,CE,0.00,0.00,0.00,214.75,194.30,0,0.00,0,0,06-JAN-2025
OPTSTK,AXISBANK,30-Jan-2025,2025-01-30,1120.00,PE,43.30,64.10,40.90,63.65,60.05,80,583.903437,315000,7500,06-JAN-2025
OPTSTK,JSL,27-Feb-2025,2025-02-27,710.00,CE,0.00,0.00,0.00,72.95,23.55,0,0.00,0,0,06-JAN-2025
OPTSTK,SRF,27-Feb-2025,2025-02-27,2140.00,CE,0.00,0.00,0.00,200.15,184.70,0,0.00,0,0,06-JAN-2025
OPTSTK,SRF,30-Jan-2025,2025-01-30,1960.00,CE,0.00,0.00,0.00,345.50,326.45,0,0.00,0,0,06-JAN-2025
OPTSTK,AXISBANK,30-Jan-2025,2025-01-30,1140.00,CE,8.50,8.85,5.10,5.45,5.45,1642,11767.23,587500,42500,06-JAN-2025
OPTSTK,AXISBANK,27-Feb-2025,2025-02-27,900.00,CE,0.00,0.00,0.00,251.50,172.85,0,0.00,0,0,06-JAN-2025
OPTSTK,JSL,27-Mar-2025,2025-03-27,840.00,CE,0.00,0.00,0.00,35.25,7.50,0,0.00,0,0,06-JAN-2025
OPTSTK,JSL,30-Jan-2025,2025-01-30,610.00,CE,0.00,0.00,0.00,111.15,63.30,0,0.00,0,0,06-JAN-2025
OPTSTK,AXISBANK,27-Mar-2025,2025-03-27,1100.00,PE,0.00,0.00,0.00,63.80,58.85,0,0.00,0,0,06-JAN-2025
OPTSTK,AXISBANK,30-Jan-2025,2025-01-30,1040.00,PE,8.75,18.35,8.15,16.35,16.35,1155,7606.86906,349375,0,06-JAN-2025
OPTSTK,AXISBANK,30-Jan-2025,2025-01-30,1040.00,CE,58.05,58.05,42.50,45.35,45.35,122,828.2225,117500,-11250,06-JAN-2025
OPTSTK,AXISBANK,30-Jan-2025,2025-01-30,990.00,PE,2.65,6.70,2.30,5.70,5.70,892,5545.71093,280000,-5625,06-JAN-2025
OPTSTK,AXISBANK,27-Feb-2025,2025-02-27,990.00,CE,0.00,0.00,0.00,113.85,92.15,0,0.00,0,0,06-JAN-2025
OPTSTK,AXISBANK,30-Jan-2025,2025-01-30,990.00,CE,0.00,0.00,0.00,83.70,81.05,0,0.00,3125,0,06-JAN-2025
OPTSTK,AXISBANK,30-Jan-2025,2025-01-30,1240.00,CE,0.65,0.85,0.65,0.75,0.75,43,333.435625,78750,-1875,06-JAN-2025
OPTSTK,JSL,27-Mar-2025,2025-03-27,740.00,PE,0.00,0.00,0.00,63.75,89.60,0,0.00,0,0,06-JAN-2025
OPTSTK,ULTRACEMCO,27-Feb-2025,2025-02-27,12800.00,CE,0.00,0.00,0.00,135.60,67.45,0,0.00,0,0,06-JAN-2025
OPTSTK,VOLTAS,27-Feb-2025,2025-02-27,1820.00,CE,0.00,0.00,0.00,67.15,68.75,0,0.00,0,0,06-JAN-2025
OPTSTK,VOLTAS,27-Feb-2025,2025-02-27,1900.00,PE,0.00,0.00,0.00,209.00,146.60,0,0.00,0,0,06-JAN-2025
OPTSTK,VOLTAS,27-Feb-2025,2025-02-27,1900.00,CE,0.00,0.00,0.00,47.65,40.75,0,0.00,300,0,06-JAN-2025
OPTSTK,VOLTAS,27-Feb-2025,2025-02-27,1580.00,CE,0.00,0.00,0.00,191.15,223.90,0,0.00,0,0,06-JAN-2025
OPTSTK,VOLTAS,27-Feb-2025,2025-02-27,1580.00,PE,0.00,0.00,0.00,40.05,12.80,0,0.00,0,0,06-JAN-2025
OPTSTK,VOLTAS,30-Jan-2025,2025-01-30,1580.00,PE,2.40,5.10,2.25,4.40,4.40,220,1045.56735,46800,17400,06-JAN-2025
OPTSTK,ULTRACEMCO,30-Jan-2025,2025-01-30,12800.00,CE,33.60,40.70,20.20,21.90,21.90,139,891.434925,7100,800,06-JAN-2025
OPTSTK,ULTRACEMCO,30-Jan-2025,2025-01-30,10600.00,PE,25.00,50.45,22.60,48.35,48.35,83,441.4288,14800,250,06-JAN-2025
OPTSTK,ULTRACEMCO,27-Mar-2025,2025-03-27,10600.00,PE,0.00,0.00,0.00,208.65,116.60,0,0.00,0,0,06-JAN-2025
OPTSTK,ULTRACEMCO,27-Mar-2025,2025-03-27,10600.00,CE,0.00,0.00,0.00,1260.75,1175.85,0,0.00,0,0,06-JAN-2025
OPTSTK,ULTRACEMCO,30-Jan-2025,2025-01-30,11800.00,CE,300.00,320.55,168.60,180.95,180.95,2914,17539.5280,36150,2500,06-JAN-2025
OPTSTK,ULTRACEMCO,27-Feb-2025,2025-02-27,10100.00,CE,0.00,0.00,0.00,1550.90,1520.60,0,0.00,0,0,06-JAN-2025
OPTSTK,ULTRACEMCO,27-Feb-2025,2025-02-27,12100.00,CE,0.00,0.00,0.00,318.40,207.80,0,0.00,0,0,06-JAN-2025
OPTSTK,ULTRACEMCO,30-Jan-2025,2025-01-30,10600.00,CE,0.00,0.00,0.00,960.40,970.60,0,0.00,0,0,06-JAN-2025
OPTSTK,ULTRACEMCO,27-Feb-2025,2025-02-27,10600.00,CE,0.00,0.00,0.00,918.30,1075.05,0,0.00,0,0,06-JAN-2025
OPTSTK,VOLTAS,30-Jan-2025,2025-01-30,1800.00,CE,65.10,67.85,38.80,41.70,41.70,2259,12516.2187,227400,18300,06-JAN-2025
OPTSTK,VOLTAS,27-Mar-2025,2025-03-27,1800.00,CE,0.00,0.00,0.00,98.45,101.30,0,0.00,0,0,06-JAN-2025
OPTSTK,ULTRACEMCO,27-Feb-2025,2025-02-27,11000.00,CE,0.00,0.00,0.00,690.65,763.30,0,0.00,0,0,06-JAN-2025
OPTSTK,ULTRACEMCO,30-Jan-2025,2025-01-30,11000.00,PE,51.95,114.05,46.45,104.05,104.05,1006,5576.17347,47250,3800,06-JAN-2025
OPTSTK,ULTRACEMCO,27-Feb-2025,2025-02-27,11000.00,PE,0.00,0.00,0.00,494.45,154.45,0,0.00,0,0,06-JAN-2025
OPTSTK,ULTRACEMCO,27-Mar-2025,2025-03-27,12800.00,CE,0.00,0.00,0.00,240.85,138.60,0,0.00,0,0,06-JAN-2025
OPTSTK,VOLTAS,27-Feb-2025,2025-02-27,1680.00,PE,0.00,0.00,0.00,119.90,34.65,0,0.00,0,0,06-JAN-2025
OPTSTK,VOLTAS,27-Mar-2025,2025-03-27,1680.00,CE,0.00,0.00,0.00,153.65,168.80,0,0.00,0,0,06-JAN-2025
OPTSTK,ULTRACEMCO,27-Feb-2025,2025-02-27,13400.00,PE,0.00,0.00,0.00,2230.55,1789.60,0,0.00,0,0,06-JAN-2025
OPTSTK,VOLTAS,27-Mar-2025,2025-03-27,1560.00,PE,0.00,0.00,0.00,47.75,18.70,0,0.00,0,0,06-JAN-2025
OPTSTK,VOLTAS,30-Jan-2025,2025-01-30,1560.00,CE,0.00,0.00,0.00,184.65,225.05,0,0.00,0,0,06-JAN-2025
OPTSTK,ULTRACEMCO,27-Feb-2025,2025-02-27,10600.00,PE,0.00,0.00,0.00,329.35,70.00,0,0.00,0,0,06-JAN-2025
OPTSTK,VOLTAS,30-Jan-2025,2025-01-30,1400.00,PE,1.00,1.00,1.00,1.00,1.00,1,4.203,2100,0,06-JAN-2025
OPTSTK,VOLTAS,30-Jan-2025,2025-01-30,2000.00,CE,6.55,6.85,3.55,4.10,4.10,656,3945.4083,159600,-6000,06-JAN-2025
OPTSTK,VOLTAS,27-Mar-2025,2025-03-27,2000.00,PE,0.00,0.00,0.00,294.60,230.25,0,0.00,0,0,06-JAN-2025
OPTSTK,ULTRACEMCO,27-Feb-2025,2025-02-27,10900.00,CE,0.00,0.00,0.00,924.10,836.50,0,0.00,0,0,06-JAN-2025
OPTSTK,HINDUNILVR,30-Jan-2025,2025-01-30,2100.00,PE,1.15,1.55,0.80,1.45,1.45,320,2017.1988,379800,-8700,06-JAN-2025
OPTSTK,HINDUNILVR,27-Feb-2025,2025-02-27,2100.00,PE,0.00,0.00,0.00,12.40,2.45,0,0.00,0,0,06-JAN-2025
OPTSTK,RBLBANK,30-Jan-2025,2025-01-30,177.50,CE,1.35,1.35,0.30,0.30,3.75,2,8.91625,465000,-5000,06-JAN-2025
OPTSTK,RBLBANK,27-Feb-2025,2025-02-27,177.50,CE,0.00,0.00,0.00,9.30,7.35,0,0.00,0,0,06-JAN-2025
OPTSTK,RBLBANK,27-Mar-2025,2025-03-27,190.00,PE,0.00,0.00,0.00,32.95,26.90,0,0.00,0,0,06-JAN-2025
OPTSTK,RBLBANK,27-Feb-2025,2025-02-27,175.00,CE,0.00,0.00,0.00,4.10,8.25,0,0.00,2500,0,06-JAN-2025
OPTSTK,HINDUNILVR,30-Jan-2025,2025-01-30,1960.00,CE,0.00,0.00,0.00,604.50,424.90,0,0.00,0,0,06-JAN-2025
OPTSTK,RBLBANK,27-Feb-2025,2025-02-27,170.00,PE,0.00,0.00,0.00,18.00,11.85,0,0.00,2500,0,06-JAN-2025
OPTSTK,RBLBANK,27-Mar-2025,2025-03-27,170.00,PE,0.00,0.00,0.00,17.95,14.00,0,0.00,0,0,06-JAN-2025
OPTSTK,RBLBANK,27-Feb-2025,2025-02-27,177.50,PE,0.00,0.00,0.00,22.15,16.35,0,0.00,0,0,06-JAN-2025
OPTSTK,HINDUNILVR,30-Jan-2025,2025-01-30,2920.00,CE,0.55,0.55,0.55,0.55,0.05,1,8.76165,9000,300,06-JAN-2025
OPTSTK,HINDUNILVR,27-Feb-2025,2025-02-27,2320.00,CE,0.00,0.00,0.00,102.00,115.65,0,0.00,600,0,06-JAN-2025
OPTSTK,HINDUNILVR,27-Feb-2025,2025-02-27,2380.00,PE,0.00,0.00,0.00,101.05,61.35,0,0.00,0,0,06-JAN-2025
OPTSTK,HINDUNILVR,27-Feb-2025,2025-02-27,2680.00,CE,0.00,0.00,0.00,54.10,5.70,0,0.00,0,0,06-JAN-2025
OPTSTK,HINDUNILVR,30-Jan-2025,2025-01-30,2680.00,CE,0.00,0.00,0.00,77.25,0.50,0,0.00,0,0,06-JAN-2025
OPTSTK,RBLBANK,30-Jan-2025,2025-01-30,125.00,PE,0.00,0.00,0.00,0.15,0.05,0,0.00,882500,0,06-JAN-2025
OPTSTK,RBLBANK,27-Feb-2025,2025-02-27,160.00,PE,0.00,0.00,0.00,17.95,7.05,0,0.00,32500,0,06-JAN-2025
OPTSTK,HINDUNILVR,27-Feb-2025,2025-02-27,2180.00,PE,0.00,0.00,0.00,25.95,7.95,0,0.00,0,0,06-JAN-2025
OPTSTK,HINDUNILVR,30-Jan-2025,2025-01-30,2180.00,PE,2.70,4.80,2.10,4.40,4.40,397,2600.637,68700,17700,06-JAN-2025
OPTSTK,HINDUNILVR,30-Jan-2025,2025-01-30,2340.00,CE,96.45,96.60,71.30,76.35,76.35,176,1278.02655,87300,-4800,06-JAN-2025
OPTSTK,HINDUNILVR,27-Feb-2025,2025-02-27,2340.00,PE,0.00,0.00,0.00,40.55,44.45,0,0.00,300,0,06-JAN-2025
OPTSTK,HINDUNILVR,30-Jan-2025,2025-01-30,2720.00,PE,0.00,0.00,0.00,340.00,331.95,0,0.00,1200,0,06-JAN-2025
OPTSTK,RBLBANK,27-Feb-2025,2025-02-27,140.00,CE,0.00,0.00,0.00,17.00,29.80,0,0.00,7500,0,06-JAN-2025
OPTSTK,HINDUNILVR,27-Feb-2025,2025-02-27,2720.00,CE,6.00,6.00,6.00,6.00,3.60,2,16.356,900,300,06-JAN-2025
OPTSTK,HINDUNILVR,27-Feb-2025,2025-02-27,2360.00,CE,0.00,0.00,0.00,199.75,91.25,0,0.00,0,0,06-JAN-2025
OPTSTK,HINDUNILVR,30-Jan-2025,2025-01-30,2360.00,CE,82.60,82.60,58.55,64.95,64.95,706,5137.1385,318600,-3000,06-JAN-2025
OPTSTK,RBLBANK,30-Jan-2025,2025-01-30,177.50,PE,0.00,0.00,0.00,20.05,13.65,0,0.00,47500,0,06-JAN-2025
OPTSTK,HINDUNILVR,30-Jan-2025,2025-01-30,2800.00,PE,410.10,412.85,408.85,412.85,412.85,6,57.79905,78300,-600,06-JAN-2025
OPTSTK,RBLBANK,27-Mar-2025,2025-03-27,190.00,CE,0.00,0.00,0.00,8.80,6.45,0,0.00,0,0,06-JAN-2025
OPTSTK,HINDUNILVR,27-Mar-2025,2025-03-27,2560.00,CE,0.00,0.00,0.00,46.15,35.50,0,0.00,0,0,06-JAN-2025
OPTSTK,HINDUNILVR,27-Mar-2025,2025-03-27,2560.00,PE,0.00,0.00,0.00,227.15,181.70,0,0.00,0,0,06-JAN-2025
OPTSTK,HINDUNILVR,27-Feb-2025,2025-02-27,2560.00,PE,0.00,0.00,0.00,145.20,178.75,0,0.00,0,0,06-JAN-2025
OPTSTK,ABBOTINDIA,27-Feb-2025,2025-02-27,31000.00,PE,0.00,0.00,0.00,3501.40,1414.55,0,0.00,0,0,06-JAN-2025
OPTSTK,ABBOTINDIA,30-Jan-2025,2025-01-30,31000.00,PE,0.00,0.00,0.00,1570.00,1228.25,0,0.00,140,0,06-JAN-2025
OPTSTK,TECHM,30-Jan-2025,2025-01-30,1880.00,CE,4.55,5.35,3.90,4.15,4.15,260,2939.5932,106800,-13200,06-JAN-2025
OPTSTK,INDHOTEL,30-Jan-2025,2025-01-30,750.00,CE,0.00,0.00,0.00,119.00,99.20,0,0.00,7000,0,06-JAN-2025
OPTSTK,TECHM,30-Jan-2025,2025-01-30,1440.00,CE,0.00,0.00,0.00,219.95,252.90,0,0.00,0,0,06-JAN-2025
OPTSTK,TECHM,27-Feb-2025,2025-02-27,1440.00,PE,0.00,0.00,0.00,12.50,2.65,0,0.00,0,0,06-JAN-2025
OPTSTK,TECHM,27-Feb-2025,2025-02-27,1440.00,CE,0.00,0.00,0.00,311.80,262.70,0,0.00,0,0,06-JAN-2025
OPTSTK,INDHOTEL,27-Mar-2025,2025-03-27,800.00,CE,0.00,0.00,0.00,110.80,80.10,0,0.00,0,0,06-JAN-2025
OPTSTK,TECHM,30-Jan-2025,2025-01-30,1780.00,CE,17.15,21.50,15.55,16.05,16.05,539,5814.6552,155400,-4800,06-JAN-2025
OPTSTK,INDHOTEL,27-Feb-2025,2025-02-27,980.00,PE,0.00,0.00,0.00,182.10,132.25,0,0.00,0,0,06-JAN-2025
OPTSTK,ABBOTINDIA,30-Jan-2025,2025-01-30,32750.00,CE,0.00,0.00,0.00,86.30,48.50,0,0.00,0,0,06-JAN-2025
OPTSTK,ABBOTINDIA,27-Feb-2025,2025-02-27,32750.00,CE,0.00,0.00,0.00,201.60,225.00,0,0.00,0,0,06-JAN-2025
OPTSTK,ABBOTINDIA,27-Feb-2025,2025-02-27,32750.00,PE,0.00,0.00,0.00,3944.00,2711.20,0,0.00,0,0,06-JAN-2025
OPTSTK,ABBOTINDIA,30-Jan-2025,2025-01-30,32750.00,PE,0.00,0.00,0.00,5047.95,2703.10,0,0.00,0,0,06-JAN-2025
OPTSTK,ABBOTINDIA,30-Jan-2025,2025-01-30,26500.00,PE,0.00,0.00,0.00,409.65,6.20,0,0.00,0,0,06-JAN-2025
OPTSTK,TECHM,30-Jan-2025,2025-01-30,1920.00,CE,2.60,2.60,2.40,2.40,1.35,3,34.6056,33000,-600,06-JAN-2025
OPTSTK,TECHM,27-Feb-2025,2025-02-27,1920.00,CE,0.00,0.00,0.00,45.65,9.15,0,0.00,0,0,06-JAN-2025
OPTSTK,TECHM,30-Jan-2025,2025-01-30,1500.00,CE,0.00,0.00,0.00,245.45,194.30,0,0.00,0,0,06-JAN-2025
OPTSTK,TECHM,27-Feb-2025,2025-02-27,1840.00,CE,0.00,0.00,0.00,68.25,20.65,0,0.00,0,0,06-JAN-2025
OPTSTK,ABBOTINDIA,27-Feb-2025,2025-02-27,32000.00,CE,0.00,0.00,0.00,283.30,368.00,0,0.00,0,0,06-JAN-2025
OPTSTK,ABBOTINDIA,30-Jan-2025,2025-01-30,32000.00,PE,0.00,0.00,0.00,3084.15,2024.45,0,0.00,0,0,06-JAN-2025
OPTSTK,TECHM,27-Feb-2025,2025-02-27,1400.00,PE,0.00,0.00,0.00,8.35,1.25,0,0.00,0,0,06-JAN-2025
OPTSTK,INDHOTEL,27-Feb-2025,2025-02-27,930.00,CE,0.00,0.00,0.00,33.15,13.45,0,0.00,0,0,06-JAN-2025
OPTSTK,TECHM,27-Feb-2025,2025-02-27,1880.00,PE,0.00,0.00,0.00,188.75,189.60,0,0.00,0,0,06-JAN-2025
OPTSTK,TECHM,27-Feb-2025,2025-02-27,1880.00,CE,0.00,0.00,0.00,56.00,13.90,0,0.00,0,0,06-JAN-2025
OPTSTK,TECHM,27-Feb-2025,2025-02-27,1620.00,PE,0.00,0.00,0.00,43.20,31.20,0,0.00,0,0,06-JAN-2025
OPTSTK,ABBOTINDIA,30-Jan-2025,2025-01-30,34500.00,CE,0.00,0.00,0.00,228.50,4.10,0,0.00,0,0,06-JAN-2025
OPTSTK,INDHOTEL,27-Mar-2025,2025-03-27,900.00,PE,0.00,0.00,0.00,72.30,73.85,0,0.00,0,0,06-JAN-2025
OPTSTK,TECHM,30-Jan-2025,2025-01-30,1820.00,PE,0.00,0.00,0.00,126.00,133.80,0,0.00,21000,0,06-JAN-2025
OPTSTK,INDHOTEL,30-Jan-2025,2025-01-30,910.00,CE,10.55,11.65,5.20,6.05,6.05,1036,9503.5365,310000,96000,06-JAN-2025
OPTSTK,INDHOTEL,27-Feb-2025,2025-02-27,910.00,CE,0.00,0.00,0.00,40.15,18.15,0,0.00,0,0,06-JAN-2025
OPTSTK,TECHM,30-Jan-2025,2025-01-30,1900.00,PE,0.00,0.00,0.00,177.70,207.25,0,0.00,8400,0,06-JAN-2025
OPTSTK,JSWSTEEL,30-Jan-2025,2025-01-30,1070.00,CE,0.00,0.00,0.00,2.75,0.15,0,0.00,1350,0,06-JAN-2025
OPTSTK,JSWSTEEL,27-Mar-2025,2025-03-27,960.00,CE,0.00,0.00,0.00,45.65,26.25,0,0.00,0,0,06-JAN-2025
OPTSTK,GRASIM,27-Feb-2025,2025-02-27,2800.00,PE,0.00,0.00,0.00,253.25,320.95,0,0.00,0,0,06-JAN-2025
OPTSTK,JSWSTEEL,27-Mar-2025,2025-03-27,840.00,PE,0.00,0.00,0.00,21.40,15.40,0,0.00,0,0,06-JAN-2025
OPTSTK,ICICIBANK,30-Jan-2025,2025-01-30,1480.00,CE,0.50,0.55,0.40,0.55,0.05,63,652.89,98000,18200,06-JAN-2025
OPTSTK,GRASIM,27-Mar-2025,2025-03-27,2360.00,CE,0.00,0.00,0.00,230.85,183.00,0,0.00,0,0,06-JAN-2025
FUTSTK,ICICIBANK,27-Mar-2025,2025-03-27,,,1287.15,1298.05,1280.00,1285.55,1285.55,85,764.9607,84700,0,06-JAN-2025
OPTSTK,ICICIBANK,30-Jan-2025,2025-01-30,1080.00,CE,0.00,0.00,0.00,235.30,188.90,0,0.00,0,0,06-JAN-2025
OPTSTK,JSWSTEEL,27-Mar-2025,2025-03-27,800.00,PE,0.00,0.00,0.00,12.15,7.30,0,0.00,0,0,06-JAN-2025
OPTSTK,JSWSTEEL,27-Feb-2025,2025-02-27,800.00,CE,0.00,0.00,0.00,176.25,112.40,0,0.00,0,0,06-JAN-2025
OPTSTK,GRASIM,27-Mar-2025,2025-03-27,2960.00,PE,0.00,0.00,0.00,448.20,462.60,0,0.00,0,0,06-JAN-2025
OPTSTK,GRASIM,27-Feb-2025,2025-02-27,2400.00,CE,0.00,0.00,0.00,268.75,131.05,0,0.00,0,0,06-JAN-2025
OPTSTK,GRASIM,27-Feb-2025,2025-02-27,2960.00,CE,0.00,0.00,0.00,38.85,1.75,0,0.00,0,0,06-JAN-2025
OPTSTK,GRASIM,27-Mar-2025,2025-03-27,2960.00,CE,0.00,0.00,0.00,23.70,6.60,0,0.00,0,0,06-JAN-2025
OPTSTK,ICICIBANK,27-Mar-2025,2025-03-27,1280.00,PE,0.00,0.00,0.00,25.00,45.85,0,0.00,700,0,06-JAN-2025
OPTSTK,ICICIBANK,27-Feb-2025,2025-02-27,1280.00,PE,43.85,45.00,43.85,44.05,40.10,3,27.8103,4200,-700,06-JAN-2025
OPTSTK,ICICIBANK,30-Jan-2025,2025-01-30,1280.00,CE,24.95,29.80,23.30,25.25,25.25,5905,53989.7347,1184400,-193900,06-JAN-2025
OPTSTK,ICICIBANK,27-Feb-2025,2025-02-27,1280.00,CE,38.10,41.65,38.10,38.65,36.45,4,36.9488,5600,2100,06-JAN-2025
OPTSTK,JSWSTEEL,30-Jan-2025,2025-01-30,1020.00,CE,1.95,2.30,1.85,1.90,1.90,168,1158.93517,151200,2025,06-JAN-2025
OPTSTK,JSWSTEEL,27-Mar-2025,2025-03-27,1020.00,PE,0.00,0.00,0.00,113.80,116.05,0,0.00,0,0,06-JAN-2025
OPTSTK,GRASIM,30-Jan-2025,2025-01-30,2600.00,PE,102.70,151.90,95.25,144.95,144.95,110,748.109625,143250,500,06-JAN-2025
OPTSTK,ICICIBANK,30-Jan-2025,2025-01-30,1120.00,PE,0.95,1.95,0.80,1.70,1.70,620,4866.7738,256900,76300,06-JAN-2025
OPTSTK,ICICIBANK,27-Feb-2025,2025-02-27,1120.00,PE,0.00,0.00,0.00,7.20,1.55,0,0.00,0,0,06-JAN-2025
OPTSTK,ICICIBANK,27-Feb-2025,2025-02-27,1120.00,CE,0.00,0.00,0.00,193.75,156.35,0,0.00,0,0,06-JAN-2025
OPTSTK,ICICIBANK,30-Jan-2025,2025-01-30,1190.00,CE,0.00,0.00,0.00,124.45,82.50,0,0.00,0,0,06-JAN-2025
OPTSTK,GRASIM,27-Feb-2025,2025-02-27,2840.00,PE,0.00,0.00,0.00,281.85,358.00,0,0.00,0,0,06-JAN-2025
OPTSTK,ICICIBANK,30-Jan-2025,2025-01-30,1290.00,CE,22.15,24.55,19.20,20.80,20.80,3210,29468.1968,991900,-32900,06-JAN-2025
OPTSTK,ICICIBANK,27-Feb-2025,2025-02-27,1290.00,CE,0.00,0.00,0.00,38.70,32.00,0,0.00,700,0,06-JAN-2025
OPTSTK,GRASIM,27-Feb-2025,2025-02-27,2200.00,PE,0.00,0.00,0.00,16.35,7.00,0,0.00,0,0,06-JAN-2025
OPTSTK,GRASIM,30-Jan-2025,2025-01-30,2920.00,PE,0.00,0.00,0.00,252.80,446.60,0,0.00,0,0,06-JAN-2025
OPTSTK,GRASIM,27-Feb-2025,2025-02-27,2920.00,PE,0.00,0.00,0.00,342.85,434.15,0,0.00,0,0,06-JAN-2025
OPTSTK,GRASIM,30-Jan-2025,2025-01-30,2920.00,CE,0.00,0.00,0.00,1.90,0.10,0,0.00,2250,0,06-JAN-2025
OPTSTK,BATAINDIA,30-Jan-2025,2025-01-30,1240.00,CE,0.00,0.00,0.00,155.40,189.60,0,0.00,0,0,06-JAN-2025
OPTSTK,BATAINDIA,27-Feb-2025,2025-02-27,1460.00,CE,0.00,0.00,0.00,39.35,35.95,0,0.00,0,0,06-JAN-2025
OPTSTK,BATAINDIA,27-Feb-2025,2025-02-27,1220.00,CE,0.00,0.00,0.00,176.70,216.50,0,0.00,0,0,06-JAN-2025
OPTSTK,BATAINDIA,27-Feb-2025,2025-02-27,1340.00,CE,0.00,0.00,0.00,92.15,108.50,0,0.00,0,0,06-JAN-2025
OPTSTK,BATAINDIA,30-Jan-2025,2025-01-30,1450.00,CE,39.00,48.00,21.90,24.15,24.15,1284,7143.24356,144000,-45000,06-JAN-2025
OPTSTK,BATAINDIA,30-Jan-2025,2025-01-30,1160.00,CE,0.00,0.00,0.00,222.35,269.15,0,0.00,0,0,06-JAN-2025
OPTSTK,BATAINDIA,27-Feb-2025,2025-02-27,1560.00,CE,0.00,0.00,0.00,16.65,9.75,0,0.00,0,0,06-JAN-2025
OPTSTK,BATAINDIA,30-Jan-2025,2025-01-30,1380.00,CE,95.00,95.00,59.95,59.95,61.95,14,76.0678125,44625,-2250,06-JAN-2025
OPTSTK,BATAINDIA,30-Jan-2025,2025-01-30,1380.00,PE,9.75,23.05,7.55,20.40,20.40,299,1564.0245,45375,8625,06-JAN-2025
OPTSTK,BATAINDIA,30-Jan-2025,2025-01-30,1470.00,PE,37.80,63.10,37.80,62.85,55.15,24,136.755187,5625,3375,06-JAN-2025
OPTSTK,BATAINDIA,30-Jan-2025,2025-01-30,1300.00,PE,2.45,5.85,1.95,4.95,4.95,446,2180.67506,129750,-30750,06-JAN-2025
OPTSTK,INDIGO,30-Jan-2025,2025-01-30,5400.00,PE,0.00,0.00,0.00,1276.55,1109.25,0,0.00,0,0,06-JAN-2025
OPTSTK,INDIGO,27-Feb-2025,2025-02-27,5400.00,PE,0.00,0.00,0.00,1009.75,1085.65,0,0.00,0,0,06-JAN-2025
OPTSTK,BATAINDIA,27-Feb-2025,2025-02-27,1200.00,PE,4.95,5.95,4.95,5.95,0.45,3,13.5631875,750,750,06-JAN-2025
OPTSTK,INDIGO,27-Mar-2025,2025-03-27,3600.00,PE,0.00,0.00,0.00,14.65,22.90,0,0.00,0,0,06-JAN-2025
OPTSTK,BATAINDIA,30-Jan-2025,2025-01-30,1600.00,PE,0.00,0.00,0.00,165.00,169.55,0,0.00,750,0,06-JAN-2025
OPTSTK,INDIGO,27-Feb-2025,2025-02-27,3750.00,CE,0.00,0.00,0.00,1034.05,575.75,0,0.00,0,0,06-JAN-2025
OPTSTK,BATAINDIA,30-Jan-2025,2025-01-30,1280.00,CE,0.00,0.00,0.00,126.10,150.25,0,0.00,0,0,06-JAN-2025
OPTSTK,INDIGO,30-Jan-2025,2025-01-30,4750.00,PE,379.70,461.80,379.70,446.20,475.85,11,85.665225,23550,-900,06-JAN-2025
OPTSTK,BATAINDIA,30-Jan-2025,2025-01-30,1490.00,CE,21.70,29.50,11.55,12.50,12.50,281,1591.04043,55875,2625,06-JAN-2025
OPTSTK,INDIGO,27-Mar-2025,2025-03-27,4000.00,PE,0.00,0.00,0.00,56.80,100.20,0,0.00,0,0,06-JAN-2025
OPTSTK,BATAINDIA,30-Jan-2025,2025-01-30,1360.00,PE,5.50,16.95,4.75,14.70,14.70,354,1820.0775,51000,-14250,06-JAN-2025
OPTSTK,INDIGO,30-Jan-2025,2025-01-30,3900.00,CE,0.00,0.00,0.00,545.00,400.10,0,0.00,300,0,06-JAN-2025
OPTSTK,INDIGO,27-Feb-2025,2025-02-27,3900.00,PE,0.00,0.00,0.00,103.15,46.40,0,0.00,0,0,06-JAN-2025
OPTSTK,BATAINDIA,27-Feb-2025,2025-02-27,1550.00,PE,0.00,0.00,0.00,188.60,122.45,0,0.00,0,0,06-JAN-2025
OPTSTK,INDIGO,27-Mar-2025,2025-03-27,3600.00,CE,0.00,0.00,0.00,1204.70,742.70,0,0.00,0,0,06-JAN-2025
OPTSTK,INDIGO,27-Feb-2025,2025-02-27,3600.00,CE,0.00,0.00,0.00,861.00,711.40,0,0.00,0,0,06-JAN-2025
OPTSTK,INDIGO,30-Jan-2025,2025-01-30,3700.00,PE,4.00,20.05,4.00,15.10,15.10,1904,10605.6332,54600,53700,06-JAN-2025
OPTSTK,BATAINDIA,27-Feb-2025,2025-02-27,1580.00,PE,0.00,0.00,0.00,203.05,148.05,0,0.00,0,0,06-JAN-2025
OPTSTK,INDIGO,27-Feb-2025,2025-02-27,4200.00,PE,130.00,142.00,130.00,142.00,139.10,15,97.48095,2250,2250,06-JAN-2025
OPTSTK,BATAINDIA,30-Jan-2025,2025-01-30,1620.00,CE,4.00,4.30,1.70,1.90,1.90,107,651.094687,15000,-5250,06-JAN-2025
OPTSTK,INDIGO,27-Mar-2025,2025-03-27,5200.00,CE,0.00,0.00,0.00,185.85,28.30,0,0.00,0,0,06-JAN-2025
OPTSTK,ITC,30-Jan-2025,2025-01-30,415.00,CE,0.00,0.00,0.00,66.20,30.40,0,0.00,0,0,06-JAN-2025
OPTSTK,ITC,27-Feb-2025,2025-02-27,415.00,PE,0.00,0.00,0.00,0.90,2.85,0,0.00,0,0,06-JAN-2025
OPTSTK,UNIONBANK,30-Jan-2025,2025-01-30,138.00,CE,0.30,0.35,0.30,0.35,0.15,50,306.0507,181425,-17700,06-JAN-2025
OPTSTK,UNIONBANK,30-Jan-2025,2025-01-30,136.00,PE,0.00,0.00,0.00,10.10,20.95,0,0.00,4425,0,06-JAN-2025
OPTSTK,UNIONBANK,27-Mar-2025,2025-03-27,136.00,PE,0.00,0.00,0.00,20.15,21.75,0,0.00,0,0,06-JAN-2025
OPTSTK,UNIONBANK,27-Feb-2025,2025-02-27,140.00,CE,0.00,0.00,0.00,5.70,0.85,0,0.00,0,0,06-JAN-2025
OPTSTK,UNIONBANK,27-Feb-2025,2025-02-27,140.00,PE,0.00,0.00,0.00,21.50,24.80,0,0.00,0,0,06-JAN-2025
OPTSTK,UNIONBANK,27-Feb-2025,2025-02-27,134.00,PE,0.00,0.00,0.00,17.30,19.55,0,0.00,0,0,06-JAN-2025
OPTSTK,UNIONBANK,27-Feb-2025,2025-02-27,134.00,CE,0.00,0.00,0.00,7.40,1.55,0,0.00,0,0,06-JAN-2025
OPTSTK,ITC,30-Jan-2025,2025-01-30,465.00,CE,11.90,11.90,3.15,3.70,3.70,2332,17547.4864,864000,539200,06-JAN-2025
OPTSTK,UNIONBANK,30-Jan-2025,2025-01-30,113.00,CE,5.70,5.70,5.15,5.40,5.40,13,68.1118125,30975,17700,06-JAN-2025
OPTSTK,UNIONBANK,30-Jan-2025,2025-01-30,129.00,PE,0.00,0.00,0.00,6.65,14.50,0,0.00,70800,0,06-JAN-2025
OPTSTK,UNIONBANK,30-Jan-2025,2025-01-30,104.00,PE,0.60,1.65,0.60,1.50,1.50,397,1848.63888,685875,402675,06-JAN-2025
OPTSTK,ITC,27-Mar-2025,2025-03-27,500.00,CE,0.00,0.00,0.00,0.05,2.80,0,0.00,0,-334400,06-JAN-2025
OPTSTK,ITC,27-Feb-2025,2025-02-27,500.00,PE,0.00,0.00,0.00,30.85,53.65,0,0.00,0,0,06-JAN-2025
OPTSTK,ITC,30-Jan-2025,2025-01-30,445.00,CE,14.95,15.20,10.00,10.75,10.75,1131,8257.2952,462400,460800,06-JAN-2025
OPTSTK,UNIONBANK,27-Mar-2025,2025-03-27,132.00,PE,0.00,0.00,0.00,17.35,18.60,0,0.00,0,0,06-JAN-2025
OPTSTK,ITC,27-Feb-2025,2025-02-27,455.00,PE,0.00,0.00,0.00,6.80,17.90,0,0.00,0,0,06-JAN-2025
OPTSTK,ITC,27-Feb-2025,2025-02-27,425.00,PE,0.00,0.00,0.00,1.60,5.00,0,0.00,0,0,06-JAN-2025
OPTSTK,UNIONBANK,30-Jan-2025,2025-01-30,106.00,CE,9.50,9.65,9.40,9.65,10.40,6,30.6630375,39825,17700,06-JAN-2025
OPTSTK,UNIONBANK,27-Mar-2025,2025-03-27,106.00,PE,0.00,0.00,0.00,4.40,3.85,0,0.00,0,0,06-JAN-2025
OPTSTK,UNIONBANK,30-Jan-2025,2025-01-30,106.00,PE,1.15,2.15,1.10,1.85,1.85,394,1877.0496,411525,194700,06-JAN-2025
OPTSTK,ITC,27-Feb-2025,2025-02-27,425.00,CE,0.00,0.00,0.00,58.90,26.70,0,0.00,0,0,06-JAN-2025
OPTSTK,UNIONBANK,27-Feb-2025,2025-02-27,104.00,CE,0.00,0.00,0.00,22.95,13.85,0,0.00,0,0,06-JAN-2025
OPTSTK,UNIONBANK,27-Feb-2025,2025-02-27,105.00,CE,0.00,0.00,0.00,18.25,13.10,0,0.00,0,0,06-JAN-2025
OPTSTK,UNIONBANK,27-Feb-2025,2025-02-27,105.00,PE,0.00,0.00,0.00,2.90,2.40,0,0.00,0,0,06-JAN-2025
OPTSTK,UNIONBANK,30-Jan-2025,2025-01-30,105.00,CE,0.00,0.00,0.00,20.50,11.20,0,0.00,0,0,06-JAN-2025
OPTSTK,UNIONBANK,30-Jan-2025,2025-01-30,105.00,PE,1.05,1.95,0.95,1.70,1.70,504,2374.54571,1088550,1088550,06-JAN-2025
OPTSTK,UNIONBANK,30-Jan-2025,2025-01-30,117.00,PE,4.75,7.25,4.10,6.40,6.40,510,2765.26657,331875,141600,06-JAN-2025
OPTSTK,UNIONBANK,27-Feb-2025,2025-02-27,117.00,PE,0.00,0.00,0.00,7.25,7.35,0,0.00,0,0,06-JAN-2025
OPTSTK,UNIONBANK,30-Jan-2025,2025-01-30,117.00,CE,4.65,5.20,3.35,3.60,3.60,665,3561.04751,738975,712425,06-JAN-2025
FUTSTK,UNIONBANK,27-Feb-2025,2025-02-27,,,123.00,123.00,112.94,113.95,113.95,1255,6408.60802,2234625,1376175,06-JAN-2025
OPTSTK,BANDHANBNK,27-Feb-2025,2025-02-27,135.00,PE,2.00,2.00,2.00,2.00,2.35,1,3.836,2800,2800,06-JAN-2025
OPTSTK,BANKINDIA,27-Feb-2025,2025-02-27,115.00,PE,0.00,0.00,0.00,14.30,15.50,0,0.00,0,0,06-JAN-2025
OPTSTK,BANKINDIA,30-Jan-2025,2025-01-30,86.00,PE,0.15,0.55,0.15,0.45,0.45,278,1159.3124,1577775,-135100,06-JAN-2025
OPTSTK,BANKINDIA,27-Feb-2025,2025-02-27,115.00,CE,0.00,0.00,0.00,3.90,1.40,0,0.00,0,0,06-JAN-2025
OPTSTK,BANKINDIA,27-Feb-2025,2025-02-27,116.00,PE,0.00,0.00,0.00,11.30,16.35,0,0.00,0,0,06-JAN-2025
OPTSTK,BANKINDIA,27-Feb-2025,2025-02-27,116.00,CE,0.00,0.00,0.00,9.30,1.25,0,0.00,0,0,06-JAN-2025
OPTSTK,BANKINDIA,27-Feb-2025,2025-02-27,97.00,PE,0.00,0.00,0.00,4.30,3.85,0,0.00,0,0,06-JAN-2025
OPTSTK,BANKINDIA,30-Jan-2025,2025-01-30,97.00,CE,6.50,6.50,6.50,6.50,5.60,1,4.993875,4825,0,06-JAN-2025
OPTSTK,BANKINDIA,27-Mar-2025,2025-03-27,116.00,CE,0.00,0.00,0.00,5.25,2.35,0,0.00,0,0,06-JAN-2025
OPTSTK,BANKINDIA,27-Mar-2025,2025-03-27,116.00,PE,0.00,0.00,0.00,16.00,16.85,0,0.00,0,0,06-JAN-2025
OPTSTK,BANKINDIA,30-Jan-2025,2025-01-30,116.00,PE,0.00,0.00,0.00,9.95,15.95,0,0.00,0,0,06-JAN-2025
OPTSTK,BANKINDIA,27-Feb-2025,2025-02-27,111.00,CE,0.00,0.00,0.00,5.10,2.15,0,0.00,0,0,06-JAN-2025
OPTSTK,BANDHANBNK,30-Jan-2025,2025-01-30,160.00,PE,5.85,11.00,5.10,10.25,10.25,1289,6066.3526,2657200,-616000,06-JAN-2025
OPTSTK,BANDHANBNK,27-Mar-2025,2025-03-27,160.00,CE,0.00,0.00,0.00,17.30,8.60,0,0.00,0,0,06-JAN-2025
OPTSTK,BANDHANBNK,27-Feb-2025,2025-02-27,140.00,CE,0.00,0.00,0.00,37.25,16.60,0,0.00,0,0,06-JAN-2025
OPTSTK,BANDHANBNK,27-Feb-2025,2025-02-27,140.00,PE,2.15,3.80,2.00,3.45,3.45,66,264.2276,288400,86800,06-JAN-2025
OPTSTK,BANDHANBNK,27-Mar-2025,2025-03-27,140.00,CE,0.00,0.00,0.00,29.20,18.85,0,0.00,0,0,06-JAN-2025
OPTSTK,BANDHANBNK,30-Jan-2025,2025-01-30,195.00,PE,0.00,0.00,0.00,32.40,42.60,0,0.00,117600,0,06-JAN-2025
OPTSTK,BANKINDIA,27-Feb-2025,2025-02-27,87.00,CE,0.00,0.00,0.00,18.80,14.65,0,0.00,0,0,06-JAN-2025
OPTSTK,BANKINDIA,30-Jan-2025,2025-01-30,87.00,CE,0.00,0.00,0.00,26.70,13.45,0,0.00,0,0,06-JAN-2025
OPTSTK,BANDHANBNK,27-Feb-2025,2025-02-27,162.50,CE,0.00,0.00,0.00,13.15,5.35,0,0.00,0,0,06-JAN-2025
OPTSTK,BANDHANBNK,30-Jan-2025,2025-01-30,162.50,CE,4.45,4.65,2.10,2.15,2.15,1049,4859.3356,1453200,148400,06-JAN-2025
OPTSTK,BANDHANBNK,27-Feb-2025,2025-02-27,162.50,PE,0.00,0.00,0.00,12.15,14.70,0,0.00,0,0,06-JAN-2025
OPTSTK,BANDHANBNK,27-Feb-2025,2025-02-27,177.50,PE,0.00,0.00,0.00,21.25,26.25,0,0.00,0,0,06-JAN-2025
OPTSTK,BANDHANBNK,30-Jan-2025,2025-01-30,200.00,PE,0.00,0.00,0.00,41.10,47.55,0,0.00,2030000,0,06-JAN-2025
FUTSTK,BANDHANBNK,27-Feb-2025,2025-02-27,,,159.64,161.51,152.50,153.17,153.17,1635,7117.20128,8349600,1478400,06-JAN-2025
FUTSTK,BANKINDIA,27-Mar-2025,2025-03-27,,,106.70,106.75,99.50,99.81,99.81,106,525.82271,308800,24125,06-JAN-2025
FUTSTK,BANDHANBNK,30-Jan-2025,2025-01-30,,,159.00,160.54,151.56,152.22,152.22,8942,38963.6816,99184400,1932000,06-JAN-2025
OPTSTK,BANKINDIA,30-Jan-2025,2025-01-30,101.00,CE,5.20,5.45,3.30,3.45,3.45,105,531.536475,212300,115800,06-JAN-2025
OPTSTK,BANKINDIA,30-Jan-2025,2025-01-30,101.00,PE,2.30,5.20,2.30,5.00,5.00,81,410.667812,260550,-28950,06-JAN-2025
OPTSTK,BANKINDIA,27-Feb-2025,2025-02-27,101.00,PE,0.00,0.00,0.00,5.95,5.75,0,0.00,0,0,06-JAN-2025
OPTSTK,BANDHANBNK,30-Jan-2025,2025-01-30,152.50,CE,8.55,8.85,5.30,5.55,5.55,272,1209.7456,378000,235200,06-JAN-2025
OPTSTK,AMBUJACEM,27-Mar-2025,2025-03-27,490.00,CE,0.00,0.00,0.00,86.30,62.65,0,0.00,0,0,06-JAN-2025
OPTSTK,TVSMOTOR,30-Jan-2025,2025-01-30,3000.00,CE,0.90,0.90,0.90,0.90,0.90,2,21.0063,5950,-350,06-JAN-2025
OPTSTK,TVSMOTOR,27-Mar-2025,2025-03-27,2640.00,PE,0.00,0.00,0.00,245.60,239.90,0,0.00,0,0,06-JAN-2025
OPTSTK,TVSMOTOR,27-Feb-2025,2025-02-27,2420.00,CE,0.00,0.00,0.00,151.35,104.95,0,0.00,0,0,06-JAN-2025
OPTSTK,AMBUJACEM,30-Jan-2025,2025-01-30,535.00,PE,11.05,18.75,11.05,17.60,17.60,424,2102.2596,140400,2700,06-JAN-2025
OPTSTK,AMBUJACEM,27-Feb-2025,2025-02-27,535.00,PE,0.00,0.00,0.00,29.40,28.75,0,0.00,0,0,06-JAN-2025
OPTSTK,TVSMOTOR,30-Jan-2025,2025-01-30,2340.00,PE,19.10,40.05,17.70,36.75,36.75,116,961.823975,29750,-1750,06-JAN-2025
OPTSTK,AMBUJACEM,27-Feb-2025,2025-02-27,575.00,PE,0.00,0.00,0.00,50.45,53.70,0,0.00,0,0,06-JAN-2025
OPTSTK,TVSMOTOR,27-Mar-2025,2025-03-27,2720.00,PE,0.00,0.00,0.00,301.70,301.60,0,0.00,0,0,06-JAN-2025
OPTSTK,TVSMOTOR,30-Jan-2025,2025-01-30,2720.00,CE,10.10,11.30,5.35,5.45,5.45,56,534.66385,28350,-4900,06-JAN-2025
OPTSTK,TVSMOTOR,27-Mar-2025,2025-03-27,2520.00,CE,0.00,0.00,0.00,135.95,90.00,0,0.00,0,0,06-JAN-2025
OPTSTK,TVSMOTOR,30-Jan-2025,2025-01-30,2380.00,PE,27.20,52.05,25.50,48.65,45.25,74,625.96835,33600,1050,06-JAN-2025
OPTSTK,AMBUJACEM,27-Mar-2025,2025-03-27,620.00,PE,0.00,0.00,0.00,85.65,91.70,0,0.00,0,0,06-JAN-2025
OPTSTK,AMBUJACEM,30-Jan-2025,2025-01-30,515.00,CE,25.50,26.25,25.00,26.25,29.05,7,34.0434,5400,0,06-JAN-2025
OPTSTK,AMBUJACEM,27-Feb-2025,2025-02-27,515.00,PE,0.00,0.00,0.00,21.30,19.40,0,0.00,0,0,06-JAN-2025
OPTSTK,AMBUJACEM,27-Feb-2025,2025-02-27,640.00,CE,0.00,0.00,0.00,12.25,3.45,0,0.00,0,0,06-JAN-2025
OPTSTK,AMBUJACEM,30-Jan-2025,2025-01-30,640.00,CE,0.55,0.55,0.20,0.30,0.45,3,17.28945,99900,-900,06-JAN-2025
OPTSTK,TVSMOTOR,30-Jan-2025,2025-01-30,2040.00,PE,1.35,1.35,1.35,1.35,0.25,1,7.144725,350,350,06-JAN-2025
OPTSTK,TVSMOTOR,27-Feb-2025,2025-02-27,2000.00,CE,0.00,0.00,0.00,466.85,434.95,0,0.00,0,0,06-JAN-2025
FUTSTK,AMBUJACEM,27-Feb-2025,2025-02-27,,,552.05,553.60,532.85,534.55,534.55,225,1091.8224,411300,-18900,06-JAN-2025
OPTSTK,TVSMOTOR,27-Mar-2025,2025-03-27,2640.00,CE,0.00,0.00,0.00,91.85,52.45,0,0.00,0,0,06-JAN-2025
OPTSTK,TVSMOTOR,27-Feb-2025,2025-02-27,2640.00,CE,0.00,0.00,0.00,63.65,30.45,0,0.00,0,0,06-JAN-2025
OPTSTK,AMBUJACEM,27-Mar-2025,2025-03-27,520.00,CE,0.00,0.00,0.00,67.45,44.55,0,0.00,0,0,06-JAN-2025
OPTSTK,TVSMOTOR,27-Feb-2025,2025-02-27,2840.00,PE,0.00,0.00,0.00,390.55,406.25,0,0.00,0,0,06-JAN-2025
OPTSTK,AMBUJACEM,30-Jan-2025,2025-01-30,460.00,CE,0.00,0.00,0.00,134.80,73.05,0,0.00,0,0,06-JAN-2025
OPTSTK,AMBUJACEM,27-Feb-2025,2025-02-27,460.00,CE,0.00,0.00,0.00,80.00,78.80,0,0.00,0,0,06-JAN-2025
OPTSTK,AMBUJACEM,30-Jan-2025,2025-01-30,460.00,PE,1.30,1.80,1.25,1.65,1.65,158,656.2647,126000,32400,06-JAN-2025
OPTSTK,TVSMOTOR,27-Mar-2025,2025-03-27,2400.00,CE,0.00,0.00,0.00,194.10,144.65,0,0.00,0,0,06-JAN-2025
OPTSTK,TVSMOTOR,27-Feb-2025,2025-02-27,2760.00,PE,0.00,0.00,0.00,323.55,333.10,0,0.00,0,0,06-JAN-2025
OPTSTK,TVSMOTOR,27-Feb-2025,2025-02-27,2760.00,CE,0.00,0.00,0.00,36.70,13.30,0,0.00,0,0,06-JAN-2025
OPTSTK,TVSMOTOR,30-Jan-2025,2025-01-30,2760.00,PE,0.00,0.00,0.00,300.00,335.90,0,0.00,350,0,06-JAN-2025
OPTSTK,TVSMOTOR,27-Mar-2025,2025-03-27,2760.00,CE,0.00,0.00,0.00,60.05,28.70,0,0.00,0,0,06-JAN-2025
OPTSTK,JUBLFOOD,27-Feb-2025,2025-02-27,640.00,CE,0.00,0.00,0.00,51.95,134.15,0,0.00,0,0,06-JAN-2025
OPTSTK,JUBLFOOD,30-Jan-2025,2025-01-30,640.00,CE,0.00,0.00,0.00,89.00,129.55,0,0.00,0,0,06-JAN-2025
OPTSTK,JUBLFOOD,27-Mar-2025,2025-03-27,640.00,PE,0.00,0.00,0.00,18.70,3.45,0,0.00,0,0,06-JAN-2025
OPTSTK,JUBLFOOD,27-Feb-2025,2025-02-27,680.00,PE,7.20,7.20,5.90,5.90,4.90,2,17.16375,0,0,06-JAN-2025
OPTSTK,JUBLFOOD,27-Feb-2025,2025-02-27,680.00,CE,0.00,0.00,0.00,34.45,98.00,0,0.00,0,0,06-JAN-2025
OPTSTK,JUBLFOOD,27-Mar-2025,2025-03-27,880.00,CE,0.00,0.00,0.00,8.50,11.55,0,0.00,0,0,06-JAN-2025
OPTSTK,JUBLFOOD,27-Feb-2025,2025-02-27,750.00,PE,21.00,27.30,21.00,27.30,23.05,3,29.045625,2500,1250,06-JAN-2025
OPTSTK,ONGC,30-Jan-2025,2025-01-30,237.50,PE,1.25,1.95,1.15,1.60,1.60,1063,4891.27196,550550,-173250,06-JAN-2025
OPTSTK,ONGC,27-Feb-2025,2025-02-27,240.00,CE,0.00,0.00,0.00,22.00,22.60,0,0.00,506275,0,06-JAN-2025
OPTSTK,ONGC,27-Feb-2025,2025-02-27,250.00,CE,13.85,13.90,11.40,12.40,12.40,24,121.247087,257950,9625,06-JAN-2025
OPTSTK,ONGC,30-Jan-2025,2025-01-30,267.50,PE,14.10,16.65,13.35,14.80,14.80,76,412.738287,188650,0,06-JAN-2025
OPTSTK,ONGC,27-Feb-2025,2025-02-27,277.50,PE,0.00,0.00,0.00,38.95,26.15,0,0.00,0,0,06-JAN-2025
OPTSTK,JUBLFOOD,30-Jan-2025,2025-01-30,840.00,CE,4.40,10.40,4.35,5.15,5.15,3323,35185.9081,627500,265000,06-JAN-2025
OPTSTK,JUBLFOOD,27-Feb-2025,2025-02-27,760.00,CE,0.00,0.00,0.00,13.45,41.20,0,0.00,0,0,06-JAN-2025
OPTSTK,ONGC,27-Feb-2025,2025-02-27,282.50,CE,0.00,0.00,0.00,4.30,4.50,0,0.00,0,0,06-JAN-2025
OPTSTK,ONGC,27-Mar-2025,2025-03-27,300.00,PE,0.00,0.00,0.00,58.55,45.25,0,0.00,0,0,06-JAN-2025
OPTSTK,ONGC,27-Feb-2025,2025-02-27,207.50,CE,0.00,0.00,0.00,38.65,49.40,0,0.00,0,0,06-JAN-2025
OPTSTK,ONGC,27-Feb-2025,2025-02-27,215.00,CE,0.00,0.00,0.00,32.90,42.55,0,0.00,0,0,06-JAN-2025
OPTSTK,ONGC,27-Feb-2025,2025-02-27,255.00,PE,0.00,0.00,0.00,10.00,12.05,0,0.00,5775,0,06-JAN-2025
OPTSTK,JUBLFOOD,27-Feb-2025,2025-02-27,650.00,CE,0.00,0.00,0.00,78.15,124.80,0,0.00,0,0,06-JAN-2025
OPTSTK,ONGC,27-Feb-2025,2025-02-27,255.00,CE,10.15,10.70,9.00,9.00,13.85,4,20.4040375,26950,5775,06-JAN-2025
OPTSTK,ONGC,30-Jan-2025,2025-01-30,255.00,PE,4.75,8.10,4.75,6.70,6.70,5615,28241.2515,1482250,-396550,06-JAN-2025
OPTSTK,JUBLFOOD,27-Mar-2025,2025-03-27,700.00,CE,0.00,0.00,0.00,57.90,89.75,0,0.00,0,0,06-JAN-2025
OPTSTK,ONGC,30-Jan-2025,2025-01-30,280.00,PE,23.40,27.90,22.80,25.70,25.70,90,527.752225,515900,50050,06-JAN-2025
OPTSTK,ONGC,27-Mar-2025,2025-03-27,280.00,CE,0.00,0.00,0.00,7.60,8.15,0,0.00,0,0,06-JAN-2025
OPTSTK,ONGC,30-Jan-2025,2025-01-30,280.00,CE,1.60,1.60,0.65,0.90,0.90,5089,27523.3160,2693075,215600,06-JAN-2025
OPTSTK,ONGC,30-Jan-2025,2025-01-30,232.50,PE,0.80,1.30,0.80,1.15,1.15,482,2166.99848,800800,71225,06-JAN-2025
OPTSTK,ONGC,27-Feb-2025,2025-02-27,232.50,CE,0.00,0.00,0.00,21.45,27.95,0,0.00,0,0,06-JAN-2025
OPTSTK,ONGC,27-Feb-2025,2025-02-27,232.50,PE,0.00,0.00,0.00,10.75,3.85,0,0.00,0,0,06-JAN-2025
OPTSTK,ONGC,27-Feb-2025,2025-02-27,195.00,CE,0.00,0.00,0.00,49.20,61.35,0,0.00,0,0,06-JAN-2025
OPTSTK,ONGC,30-Jan-2025,2025-01-30,195.00,PE,0.15,0.15,0.15,0.15,0.05,7,26.2964625,34650,11550,06-JAN-2025
OPTSTK,ONGC,27-Mar-2025,2025-03-27,275.00,PE,0.00,0.00,0.00,38.50,26.20,0,0.00,0,0,06-JAN-2025
OPTSTK,ONGC,27-Mar-2025,2025-03-27,255.00,CE,0.00,0.00,0.00,14.80,17.60,0,0.00,0,0,06-JAN-2025
OPTSTK,BIOCON,27-Mar-2025,2025-03-27,390.00,CE,0.00,0.00,0.00,15.45,13.30,0,0.00,0,0,06-JAN-2025
OPTSTK,BIOCON,27-Feb-2025,2025-02-27,400.00,CE,7.70,7.70,5.20,5.20,5.20,4,40.585,45000,7500,06-JAN-2025
OPTSTK,RECLTD,27-Mar-2025,2025-03-27,400.00,PE,0.00,0.00,0.00,10.00,5.15,0,0.00,0,0,06-JAN-2025
OPTSTK,BIOCON,30-Jan-2025,2025-01-30,310.00,CE,0.00,0.00,0.00,31.20,50.10,0,0.00,0,0,06-JAN-2025
OPTSTK,BIOCON,30-Jan-2025,2025-01-30,345.00,CE,27.40,27.70,20.55,20.55,21.20,16,147.3525,230000,-17500,06-JAN-2025
OPTSTK,JKCEMENT,30-Jan-2025,2025-01-30,4500.00,CE,241.70,241.70,241.70,241.70,267.50,1,5.927125,9500,0,06-JAN-2025
OPTSTK,BIOCON,30-Jan-2025,2025-01-30,300.00,PE,0.20,0.35,0.20,0.35,0.35,45,337.7575,425000,-45000,06-JAN-2025
OPTSTK,BIOCON,30-Jan-2025,2025-01-30,380.00,PE,16.50,24.90,14.50,24.90,25.60,50,496.63875,262500,-7500,06-JAN-2025
OPTSTK,JKCEMENT,27-Feb-2025,2025-02-27,4450.00,PE,0.00,0.00,0.00,155.45,74.35,0,0.00,0,0,06-JAN-2025
OPTSTK,RECLTD,30-Jan-2025,2025-01-30,440.00,PE,0.85,2.50,0.85,2.30,2.30,962,4250.2685,552000,105000,06-JAN-2025
OPTSTK,RECLTD,27-Feb-2025,2025-02-27,600.00,PE,0.00,0.00,0.00,65.00,92.10,0,0.00,5000,0,06-JAN-2025
OPTSTK,RECLTD,30-Jan-2025,2025-01-30,600.00,CE,3.45,3.50,1.45,1.55,1.55,1773,10673.7225,1677000,78000,06-JAN-2025
OPTSTK,RECLTD,27-Mar-2025,2025-03-27,440.00,PE,0.00,0.00,0.00,19.50,12.55,0,0.00,0,0,06-JAN-2025
OPTSTK,RECLTD,27-Feb-2025,2025-02-27,440.00,CE,0.00,0.00,0.00,115.25,84.40,0,0.00,0,0,06-JAN-2025
OPTSTK,BIOCON,30-Jan-2025,2025-01-30,410.00,CE,1.55,1.75,0.80,0.90,0.90,343,3525.42375,610000,-45000,06-JAN-2025
OPTSTK,BIOCON,27-Mar-2025,2025-03-27,400.00,PE,0.00,0.00,0.00,59.25,46.55,0,0.00,0,0,06-JAN-2025
OPTSTK,JKCEMENT,30-Jan-2025,2025-01-30,4000.00,PE,0.00,0.00,0.00,12.75,0.85,0,0.00,750,0,06-JAN-2025
OPTSTK,BIOCON,27-Mar-2025,2025-03-27,320.00,PE,0.00,0.00,0.00,14.30,6.80,0,0.00,0,0,06-JAN-2025
OPTSTK,JKCEMENT,27-Feb-2025,2025-02-27,4850.00,PE,0.00,0.00,0.00,362.20,248.80,0,0.00,0,0,06-JAN-2025
OPTSTK,JKCEMENT,27-Mar-2025,2025-03-27,4200.00,CE,0.00,0.00,0.00,578.55,609.35,0,0.00,0,0,06-JAN-2025
OPTSTK,JKCEMENT,27-Feb-2025,2025-02-27,4200.00,CE,0.00,0.00,0.00,274.95,567.35,0,0.00,0,0,06-JAN-2025
OPTSTK,JKCEMENT,27-Mar-2025,2025-03-27,4200.00,PE,0.00,0.00,0.00,107.70,45.90,0,0.00,0,0,06-JAN-2025
OPTSTK,RECLTD,27-Mar-2025,2025-03-27,440.00,CE,0.00,0.00,0.00,106.55,91.60,0,0.00,0,0,06-JAN-2025
OPTSTK,JKCEMENT,27-Feb-2025,2025-02-27,4300.00,PE,0.00,0.00,0.00,309.15,40.45,0,0.00,0,0,06-JAN-2025
OPTSTK,JKCEMENT,30-Jan-2025,2025-01-30,4300.00,CE,0.00,0.00,0.00,328.05,433.50,0,0.00,0,0,06-JAN-2025
OPTSTK,BIOCON,27-Feb-2025,2025-02-27,300.00,CE,0.00,0.00,0.00,75.00,62.55,0,0.00,0,0,06-JAN-2025
OPTSTK,BIOCON,27-Feb-2025,2025-02-27,300.00,PE,0.00,0.00,0.00,5.65,1.50,0,0.00,0,0,06-JAN-2025
OPTSTK,JKCEMENT,27-Mar-2025,2025-03-27,3800.00,PE,0.00,0.00,0.00,32.20,7.65,0,0.00,0,0,06-JAN-2025
OPTSTK,JKCEMENT,30-Jan-2025,2025-01-30,5200.00,CE,17.25,23.70,16.75,17.00,17.00,20,130.44575,7125,-250,06-JAN-2025
OPTSTK,BIOCON,30-Jan-2025,2025-01-30,370.00,PE,10.60,18.00,9.25,17.20,17.20,499,4773.265,490000,-70000,06-JAN-2025
OPTSTK,BIOCON,27-Mar-2025,2025-03-27,370.00,CE,0.00,0.00,0.00,21.80,20.45,0,0.00,0,0,06-JAN-2025
OPTSTK,RECLTD,27-Mar-2025,2025-03-27,460.00,PE,0.00,0.00,0.00,25.85,18.20,0,0.00,0,0,06-JAN-2025
OPTSTK,TORNTPHARM,27-Feb-2025,2025-02-27,3450.00,CE,0.00,0.00,0.00,167.00,92.30,0,0.00,0,0,06-JAN-2025
OPTSTK,TORNTPHARM,30-Jan-2025,2025-01-30,3050.00,PE,0.00,0.00,0.00,71.15,3.20,0,0.00,0,0,06-JAN-2025
OPTSTK,EICHERMOT,27-Mar-2025,2025-03-27,4000.00,CE,0.00,0.00,0.00,899.75,1310.70,0,0.00,0,0,06-JAN-2025
OPTSTK,TORNTPHARM,27-Mar-2025,2025-03-27,3000.00,CE,0.00,0.00,0.00,508.65,426.00,0,0.00,0,0,06-JAN-2025
OPTSTK,TORNTPHARM,27-Feb-2025,2025-02-27,3900.00,PE,0.00,0.00,0.00,652.15,507.20,0,0.00,0,0,06-JAN-2025
OPTSTK,EICHERMOT,27-Feb-2025,2025-02-27,5900.00,PE,0.00,0.00,0.00,1023.15,632.65,0,0.00,0,0,06-JAN-2025
OPTSTK,EICHERMOT,30-Jan-2025,2025-01-30,5900.00,PE,0.00,0.00,0.00,949.75,631.20,0,0.00,0,0,06-JAN-2025
OPTSTK,EICHERMOT,30-Jan-2025,2025-01-30,5900.00,CE,12.00,12.50,6.55,8.15,8.15,563,5820.96077,31325,5600,06-JAN-2025
OPTSTK,TORNTPHARM,27-Feb-2025,2025-02-27,3600.00,CE,0.00,0.00,0.00,70.10,44.85,0,0.00,0,0,06-JAN-2025
OPTSTK,TORNTPHARM,27-Feb-2025,2025-02-27,3750.00,PE,0.00,0.00,0.00,344.00,370.60,0,0.00,0,0,06-JAN-2025
OPTSTK,TORNTPHARM,30-Jan-2025,2025-01-30,3750.00,CE,8.60,10.15,7.90,10.15,3.20,38,357.08475,10750,-2250,06-JAN-2025
OPTSTK,TORNTPHARM,30-Jan-2025,2025-01-30,3200.00,CE,0.00,0.00,0.00,240.05,195.80,0,0.00,750,0,06-JAN-2025
OPTSTK,EICHERMOT,30-Jan-2025,2025-01-30,4750.00,CE,590.20,590.20,562.85,562.85,529.85,2,18.6428375,7175,175,06-JAN-2025
OPTSTK,KEI,30-Jan-2025,2025-01-30,4000.00,CE,0.00,0.00,0.00,531.00,329.70,0,0.00,150,0,06-JAN-2025
OPTSTK,EICHERMOT,30-Jan-2025,2025-01-30,4000.00,CE,0.00,0.00,0.00,815.00,1267.80,0,0.00,1050,0,06-JAN-2025
OPTSTK,EICHERMOT,30-Jan-2025,2025-01-30,5050.00,PE,32.05,58.80,30.60,46.75,46.75,631,5625.22931,39550,-18725,06-JAN-2025
OPTSTK,EICHERMOT,27-Feb-2025,2025-02-27,4850.00,PE,0.00,0.00,0.00,229.80,50.30,0,0.00,0,0,06-JAN-2025
OPTSTK,EICHERMOT,27-Feb-2025,2025-02-27,4200.00,CE,0.00,0.00,0.00,747.55,1091.75,0,0.00,0,0,06-JAN-2025
OPTSTK,KEI,27-Feb-2025,2025-02-27,4200.00,PE,0.00,0.00,0.00,304.35,193.35,0,0.00,0,0,06-JAN-2025
OPTSTK,EICHERMOT,27-Feb-2025,2025-02-27,4300.00,CE,0.00,0.00,0.00,668.65,994.20,0,0.00,0,0,06-JAN-2025
OPTSTK,EICHERMOT,27-Feb-2025,2025-02-27,4300.00,PE,0.00,0.00,0.00,75.40,2.95,0,0.00,0,0,06-JAN-2025
OPTSTK,EICHERMOT,27-Mar-2025,2025-03-27,4300.00,CE,0.00,0.00,0.00,650.25,1022.80,0,0.00,0,0,06-JAN-2025
OPTSTK,KEI,27-Feb-2025,2025-02-27,4300.00,PE,0.00,0.00,0.00,284.20,242.75,0,0.00,0,0,06-JAN-2025
OPTSTK,TORNTPHARM,27-Mar-2025,2025-03-27,3700.00,CE,0.00,0.00,0.00,109.90,49.45,0,0.00,0,0,06-JAN-2025
OPTSTK,TORNTPHARM,30-Jan-2025,2025-01-30,3250.00,CE,0.00,0.00,0.00,203.60,157.25,0,0.00,2750,0,06-JAN-2025
OPTSTK,TORNTPHARM,30-Jan-2025,2025-01-30,3250.00,PE,33.15,41.70,29.65,40.70,40.70,43,353.16425,10000,-3000,06-JAN-2025
OPTSTK,TORNTPHARM,27-Feb-2025,2025-02-27,3250.00,CE,0.00,0.00,0.00,283.55,200.05,0,0.00,0,0,06-JAN-2025
OPTSTK,KEI,27-Mar-2025,2025-03-27,4400.00,PE,0.00,0.00,0.00,387.75,343.05,0,0.00,0,0,06-JAN-2025
OPTSTK,EICHERMOT,27-Feb-2025,2025-02-27,5500.00,CE,0.00,0.00,0.00,103.35,127.35,0,0.00,0,0,06-JAN-2025
OPTSTK,TORNTPHARM,27-Feb-2025,2025-02-27,3800.00,PE,0.00,0.00,0.00,564.75,415.00,0,0.00,0,0,06-JAN-2025
OPTSTK,KEI,27-Mar-2025,2025-03-27,3800.00,CE,0.00,0.00,0.00,729.15,605.45,0,0.00,0,0,06-JAN-2025
OPTSTK,EICHERMOT,30-Jan-2025,2025-01-30,5200.00,CE,217.50,229.40,134.55,168.15,168.15,1167,10964.8272,93975,-27825,06-JAN-2025
OPTSTK,INDUSINDBK,30-Jan-2025,2025-01-30,800.00,CE,173.65,173.65,173.65,173.65,173.85,1,4.86825,6000,500,06-JAN-2025
OPTSTK,GODREJCP,27-Mar-2025,2025-03-27,1280.00,PE,0.00,0.00,0.00,201.15,137.50,0,0.00,0,0,06-JAN-2025
OPTSTK,GODREJCP,30-Jan-2025,2025-01-30,1130.00,CE,29.90,52.35,22.65,39.65,39.65,1770,10324.1252,120500,15500,06-JAN-2025
OPTSTK,GODREJCP,27-Feb-2025,2025-02-27,1130.00,CE,0.00,0.00,0.00,38.35,57.60,0,0.00,0,0,06-JAN-2025
OPTSTK,GODREJCP,27-Mar-2025,2025-03-27,1020.00,PE,0.00,0.00,0.00,36.90,10.70,0,0.00,0,0,06-JAN-2025
OPTSTK,GODREJCP,27-Mar-2025,2025-03-27,1020.00,CE,0.00,0.00,0.00,106.55,147.50,0,0.00,0,0,06-JAN-2025
OPTSTK,INDUSINDBK,27-Mar-2025,2025-03-27,1020.00,PE,0.00,0.00,0.00,116.35,80.10,0,0.00,0,0,06-JAN-2025
OPTSTK,HDFCAMC,30-Jan-2025,2025-01-30,3500.00,PE,0.00,0.00,0.00,43.65,2.15,0,0.00,0,0,06-JAN-2025
OPTSTK,HDFCAMC,27-Feb-2025,2025-02-27,3500.00,PE,0.00,0.00,0.00,52.30,14.50,0,0.00,0,0,06-JAN-2025
OPTSTK,GODREJCP,30-Jan-2025,2025-01-30,1200.00,CE,7.30,20.00,5.45,12.50,12.50,3713,22526.2382,340000,121500,06-JAN-2025
OPTSTK,INDUSINDBK,27-Feb-2025,2025-02-27,1120.00,CE,0.00,0.00,0.00,42.30,9.40,0,0.00,0,0,06-JAN-2025
OPTSTK,INDUSINDBK,27-Mar-2025,2025-03-27,1120.00,CE,0.00,0.00,0.00,22.80,18.20,0,0.00,0,0,06-JAN-2025
OPTSTK,HDFCAMC,27-Feb-2025,2025-02-27,4450.00,PE,0.00,0.00,0.00,332.75,384.90,0,0.00,0,0,06-JAN-2025
OPTSTK,INDUSINDBK,30-Jan-2025,2025-01-30,1120.00,CE,5.05,5.05,2.70,2.85,2.85,925,5196.1845,254000,5000,06-JAN-2025
OPTSTK,GODREJCP,30-Jan-2025,2025-01-30,1190.00,PE,55.35,62.10,55.35,61.60,61.60,7,43.7495,3000,3000,06-JAN-2025
OPTSTK,GODREJCP,27-Feb-2025,2025-02-27,1110.00,CE,0.00,0.00,0.00,45.85,69.40,0,0.00,0,0,06-JAN-2025
OPTSTK,GODREJCP,30-Jan-2025,2025-01-30,1030.00,PE,3.90,4.85,3.55,4.20,4.20,95,491.1135,42000,-4000,06-JAN-2025
OPTSTK,GODREJCP,27-Feb-2025,2025-02-27,1030.00,PE,0.00,0.00,0.00,32.45,7.15,0,0.00,0,0,06-JAN-2025
OPTSTK,GODREJCP,27-Feb-2025,2025-02-27,1030.00,CE,0.00,0.00,0.00,86.55,128.90,0,0.00,0,0,06-JAN-2025
OPTSTK,HDFCAMC,27-Mar-2025,2025-03-27,4100.00,CE,0.00,0.00,0.00,442.65,269.05,0,0.00,0,0,06-JAN-2025
OPTSTK,HDFCAMC,30-Jan-2025,2025-01-30,3750.00,PE,21.70,40.45,20.25,29.50,29.50,60,339.732375,14550,4950,06-JAN-2025
OPTSTK,HDFCAMC,30-Jan-2025,2025-01-30,3750.00,CE,0.00,0.00,0.00,579.65,389.10,0,0.00,0,0,06-JAN-2025
OPTSTK,HDFCAMC,27-Feb-2025,2025-02-27,3750.00,PE,0.00,0.00,0.00,58.75,49.45,0,0.00,0,0,06-JAN-2025
OPTSTK,INDUSINDBK,27-Mar-2025,2025-03-27,800.00,PE,0.00,0.00,0.00,18.40,5.70,0,0.00,0,0,06-JAN-2025
OPTSTK,GODREJCP,30-Jan-2025,2025-01-30,1280.00,CE,1.35,5.10,1.30,2.75,2.75,475,3047.4235,64500,34000,06-JAN-2025
OPTSTK,GODREJCP,27-Feb-2025,2025-02-27,1280.00,PE,0.00,0.00,0.00,79.15,135.25,0,0.00,0,0,06-JAN-2025
OPTSTK,GODREJCP,30-Jan-2025,2025-01-30,1280.00,PE,0.00,0.00,0.00,65.65,134.40,0,0.00,0,0,06-JAN-2025
OPTSTK,GODREJCP,27-Mar-2025,2025-03-27,1200.00,PE,0.00,0.00,0.00,137.60,80.35,0,0.00,0,0,06-JAN-2025
OPTSTK,GODREJCP,30-Jan-2025,2025-01-30,1200.00,PE,77.00,87.95,60.10,69.00,69.00,55,349.36975,29500,4500,06-JAN-2025
OPTSTK,INDUSINDBK,30-Jan-2025,2025-01-30,1010.00,CE,28.15,29.20,18.10,19.75,19.75,1591,8219.25675,403500,22500,06-JAN-2025
OPTSTK,INDUSINDBK,30-Jan-2025,2025-01-30,1010.00,PE,38.45,60.80,36.65,56.00,56.00,390,2064.1025,156000,-48000,06-JAN-2025
OPTSTK,SIEMENS,30-Jan-2025,2025-01-30,8100.00,CE,0.00,0.00,0.00,8.90,1.00,0,0.00,525,0,06-JAN-2025
OPTSTK,SIEMENS,27-Feb-2025,2025-02-27,6200.00,CE,0.00,0.00,0.00,1434.50,509.90,0,0.00,0,0,06-JAN-2025
OPTSTK,SHRIRAMFIN,27-Feb-2025,2025-02-27,3000.00,PE,112.60,129.10,112.60,129.10,154.15,2,9.36255,3750,0,06-JAN-2025
OPTSTK,SIEMENS,27-Feb-2025,2025-02-27,6000.00,PE,91.20,125.00,66.00,105.00,105.00,179,816.59415,11400,10275,06-JAN-2025
OPTSTK,ABCAPITAL,27-Mar-2025,2025-03-27,195.00,CE,0.00,0.00,0.00,11.80,5.35,0,0.00,0,0,06-JAN-2025
OPTSTK,ABCAPITAL,27-Mar-2025,2025-03-27,195.00,PE,0.00,0.00,0.00,18.95,21.25,0,0.00,0,0,06-JAN-2025
OPTSTK,ABCAPITAL,30-Jan-2025,2025-01-30,195.00,CE,1.85,2.00,0.85,0.90,0.90,942,4987.4022,1476900,0,06-JAN-2025
OPTSTK,SBICARD,30-Jan-2025,2025-01-30,600.00,CE,0.00,0.00,0.00,126.05,133.20,0,0.00,64000,0,06-JAN-2025
OPTSTK,SBICARD,30-Jan-2025,2025-01-30,745.00,CE,20.00,31.90,14.00,16.45,16.45,1940,11873.302,162400,67200,06-JAN-2025
OPTSTK,SBICARD,27-Feb-2025,2025-02-27,745.00,CE,0.00,0.00,0.00,10.25,21.25,0,0.00,0,0,06-JAN-2025
OPTSTK,SBICARD,27-Feb-2025,2025-02-27,730.00,CE,0.00,0.00,0.00,35.25,28.45,0,0.00,0,0,06-JAN-2025
OPTSTK,ABCAPITAL,30-Jan-2025,2025-01-30,225.00,PE,0.00,0.00,0.00,37.90,47.75,0,0.00,64800,0,06-JAN-2025
OPTSTK,SBICARD,30-Jan-2025,2025-01-30,740.00,PE,18.20,26.70,12.00,24.65,24.65,2923,17756.542,308800,213600,06-JAN-2025
OPTSTK,ABCAPITAL,27-Feb-2025,2025-02-27,190.00,PE,0.00,0.00,0.00,12.40,16.40,0,0.00,0,0,06-JAN-2025
OPTSTK,SBICARD,30-Jan-2025,2025-01-30,790.00,CE,5.65,11.80,3.90,4.90,4.90,1552,9891.928,213600,43200,06-JAN-2025
OPTSTK,SBICARD,27-Feb-2025,2025-02-27,650.00,CE,0.00,0.00,0.00,72.75,88.50,0,0.00,9600,0,06-JAN-2025
OPTSTK,ABCAPITAL,30-Jan-2025,2025-01-30,195.00,PE,14.60,14.75,14.60,14.75,18.95,2,11.32245,396900,-2700,06-JAN-2025
OPTSTK,SBICARD,30-Jan-2025,2025-01-30,640.00,CE,114.00,114.00,114.00,114.00,93.50,1,6.032,1600,0,06-JAN-2025
OPTSTK,SBICARD,27-Feb-2025,2025-02-27,660.00,PE,0.00,0.00,0.00,12.65,2.55,0,0.00,0,0,06-JAN-2025
OPTSTK,SBICARD,27-Mar-2025,2025-03-27,660.00,CE,0.00,0.00,0.00,52.20,85.10,0,0.00,0,0,06-JAN-2025
OPTSTK,SBICARD,30-Jan-2025,2025-01-30,660.00,CE,0.00,0.00,0.00,60.70,74.00,0,0.00,31200,0,06-JAN-2025
OPTSTK,SBICARD,27-Feb-2025,2025-02-27,695.00,PE,0.00,0.00,0.00,33.15,8.50,0,0.00,0,0,06-JAN-2025
OPTSTK,SBICARD,30-Jan-2025,2025-01-30,695.00,PE,3.85,8.40,3.40,7.25,7.25,552,3092.5376,54400,-12800,06-JAN-2025
OPTSTK,SBICARD,30-Jan-2025,2025-01-30,695.00,CE,54.95,54.95,44.15,45.80,45.80,21,124.5236,51200,-2400,06-JAN-2025
OPTSTK,SBICARD,27-Feb-2025,2025-02-27,695.00,CE,0.00,0.00,0.00,26.05,50.70,0,0.00,0,0,06-JAN-2025
OPTSTK,SBICARD,27-Mar-2025,2025-03-27,690.00,CE,0.00,0.00,0.00,36.00,61.45,0,0.00,0,0,06-JAN-2025
OPTSTK,SBICARD,27-Feb-2025,2025-02-27,690.00,PE,0.00,0.00,0.00,22.00,7.30,0,0.00,0,0,06-JAN-2025
OPTSTK,SBICARD,27-Mar-2025,2025-03-27,690.00,PE,0.00,0.00,0.00,34.35,10.80,0,0.00,0,0,06-JAN-2025
OPTSTK,SBICARD,27-Feb-2025,2025-02-27,850.00,PE,0.00,0.00,0.00,128.50,112.60,0,0.00,0,0,06-JAN-2025
OPTSTK,ABCAPITAL,30-Jan-2025,2025-01-30,220.00,CE,0.10,0.10,0.05,0.05,0.05,21,124.78455,885600,5400,06-JAN-2025
OPTSTK,SBICARD,30-Jan-2025,2025-01-30,840.00,CE,0.00,0.00,0.00,1.00,0.15,0,0.00,0,0,06-JAN-2025
OPTSTK,SBICARD,30-Jan-2025,2025-01-30,610.00,CE,0.00,0.00,0.00,96.25,123.25,0,0.00,0,0,06-JAN-2025
OPTSTK,SBICARD,27-Feb-2025,2025-02-27,640.00,PE,0.00,0.00,0.00,11.00,1.10,0,0.00,800,0,06-JAN-2025
OPTSTK,SBICARD,30-Jan-2025,2025-01-30,680.00,CE,70.80,77.25,55.45,58.00,58.00,72,426.8804,108000,-32000,06-JAN-2025
OPTSTK,SBICARD,27-Mar-2025,2025-03-27,800.00,CE,0.00,0.00,0.00,6.30,10.85,0,0.00,0,0,06-JAN-2025
OPTSTK,SBICARD,27-Feb-2025,2025-02-27,835.00,PE,0.00,0.00,0.00,146.55,98.50,0,0.00,0,0,06-JAN-2025
OPTSTK,BAJFINANCE,27-Mar-2025,2025-03-27,8000.00,CE,241.00,241.00,136.00,160.00,166.55,8,81.641125,1125,125,06-JAN-2025
OPTSTK,BAJFINANCE,27-Feb-2025,2025-02-27,8000.00,CE,142.20,143.00,84.50,89.45,89.45,664,6736.72275,52250,15250,06-JAN-2025
OPTSTK,MRF,27-Feb-2025,2025-02-27,124500.00,PE,0.00,0.00,0.00,2140.20,4109.30,0,0.00,0,0,06-JAN-2025
OPTSTK,MRF,27-Feb-2025,2025-02-27,124500.00,CE,0.00,0.00,0.00,10405.35,3676.45,0,0.00,0,0,06-JAN-2025
OPTSTK,MRF,27-Feb-2025,2025-02-27,114000.00,CE,0.00,0.00,0.00,13557.65,10648.35,0,0.00,0,0,06-JAN-2025
OPTSTK,MRF,27-Mar-2025,2025-03-27,114000.00,CE,0.00,0.00,0.00,19998.75,11679.60,0,0.00,0,0,06-JAN-2025
OPTSTK,MRF,30-Jan-2025,2025-01-30,143000.00,PE,0.00,0.00,0.00,17440.35,19497.80,0,0.00,0,0,06-JAN-2025
OPTSTK,MRF,30-Jan-2025,2025-01-30,143000.00,CE,0.00,0.00,0.00,940.75,6.70,0,0.00,0,0,06-JAN-2025
OPTSTK,MRF,27-Feb-2025,2025-02-27,143000.00,CE,0.00,0.00,0.00,1594.65,151.65,0,0.00,0,0,06-JAN-2025
OPTSTK,BAJFINANCE,30-Jan-2025,2025-01-30,7900.00,CE,61.20,88.80,34.20,36.90,36.90,8694,86492.9392,149875,36875,06-JAN-2025
OPTSTK,MRF,27-Feb-2025,2025-02-27,135000.00,PE,0.00,0.00,0.00,11872.35,11576.10,0,0.00,0,0,06-JAN-2025
OPTSTK,BAJFINANCE,30-Jan-2025,2025-01-30,7200.00,PE,73.05,122.30,52.10,112.10,112.10,11767,107170.676,315125,-39250,06-JAN-2025
OPTSTK,BAJFINANCE,27-Mar-2025,2025-03-27,7200.00,CE,0.00,0.00,0.00,308.95,497.00,0,0.00,0,0,06-JAN-2025
OPTSTK,MRF,27-Feb-2025,2025-02-27,120500.00,PE,0.00,0.00,0.00,1214.40,2317.85,0,0.00,0,0,06-JAN-2025
OPTSTK,MRF,27-Feb-2025,2025-02-27,114000.00,PE,0.00,0.00,0.00,1839.25,681.70,0,0.00,0,0,06-JAN-2025
OPTSTK,BAJFINANCE,27-Mar-2025,2025-03-27,7400.00,PE,0.00,0.00,0.00,692.25,331.70,0,0.00,0,0,06-JAN-2025
OPTSTK,BAJFINANCE,30-Jan-2025,2025-01-30,7400.00,PE,169.70,214.70,97.70,195.65,195.65,14417,136163.480,275375,-4875,06-JAN-2025
OPTSTK,MRF,30-Jan-2025,2025-01-30,114000.00,CE,0.00,0.00,0.00,12696.55,9577.30,0,0.00,0,0,06-JAN-2025
OPTSTK,MRF,27-Mar-2025,2025-03-27,114000.00,PE,0.00,0.00,0.00,735.75,1129.80,0,0.00,0,0,06-JAN-2025
OPTSTK,MRF,30-Jan-2025,2025-01-30,114000.00,PE,0.00,0.00,0.00,2121.65,196.80,0,0.00,0,0,06-JAN-2025
OPTSTK,MRF,30-Jan-2025,2025-01-30,135500.00,PE,0.00,0.00,0.00,11929.00,12140.60,0,0.00,0,0,06-JAN-2025
OPTSTK,MRF,27-Feb-2025,2025-02-27,135500.00,PE,0.00,0.00,0.00,6889.70,12007.25,0,0.00,0,0,06-JAN-2025
OPTSTK,MRF,27-Feb-2025,2025-02-27,135500.00,CE,0.00,0.00,0.00,4292.80,679.65,0,0.00,0,0,06-JAN-2025
OPTSTK,MRF,30-Jan-2025,2025-01-30,135500.00,CE,0.00,0.00,0.00,1267.50,116.35,0,0.00,70,0,06-JAN-2025
OPTSTK,MRF,27-Mar-2025,2025-03-27,133000.00,PE,0.00,0.00,0.00,6223.35,10090.30,0,0.00,0,0,06-JAN-2025
OPTSTK,BAJFINANCE,30-Jan-2025,2025-01-30,6400.00,PE,6.65,12.50,5.10,10.90,10.90,2470,19785.0495,113750,-14500,06-JAN-2025
OPTSTK,BAJFINANCE,30-Jan-2025,2025-01-30,6400.00,CE,0.00,0.00,0.00,880.00,980.45,0,0.00,1125,0,06-JAN-2025
OPTSTK,MRF,27-Feb-2025,2025-02-27,125500.00,PE,0.00,0.00,0.00,2427.10,4657.45,0,0.00,0,0,06-JAN-2025
OPTSTK,BAJFINANCE,27-Feb-2025,2025-02-27,6300.00,CE,0.00,0.00,0.00,710.45,1123.55,0,0.00,0,0,06-JAN-2025
OPTSTK,BAJFINANCE,27-Feb-2025,2025-02-27,6300.00,PE,0.00,0.00,0.00,115.75,14.00,0,0.00,0,0,06-JAN-2025
OPTSTK,BAJFINANCE,30-Jan-2025,2025-01-30,6600.00,CE,958.80,958.80,850.80,850.80,788.00,3,28.163,8750,-125,06-JAN-2025
OPTSTK,BAJFINANCE,30-Jan-2025,2025-01-30,8000.00,PE,466.80,666.30,445.00,642.65,644.90,154,1638.87668,32875,8375,06-JAN-2025
OPTIDX,NIFTYNXT50,30-Jan-2025,2025-01-30,76500.00,CE,0.00,0.00,0.00,1375.25,4.60,0,0.00,0,0,06-JAN-2025
OPTIDX,NIFTYNXT50,27-Feb-2025,2025-02-27,76500.00,CE,0.00,0.00,0.00,1545.30,89.85,0,0.00,0,0,06-JAN-2025
OPTIDX,NIFTYNXT50,27-Feb-2025,2025-02-27,80500.00,CE,0.00,0.00,0.00,728.05,13.15,0,0.00,0,0,06-JAN-2025
OPTIDX,NIFTYNXT50,30-Jan-2025,2025-01-30,80500.00,PE,0.00,0.00,0.00,9905.20,13146.80,0,0.00,0,0,06-JAN-2025
OPTIDX,NIFTYNXT50,30-Jan-2025,2025-01-30,59000.00,PE,0.00,0.00,0.00,181.70,3.25,0,0.00,0,0,06-JAN-2025
OPTIDX,NIFTYNXT50,27-Mar-2025,2025-03-27,71300.00,PE,0.00,0.00,0.00,3868.60,4400.45,0,0.00,0,0,06-JAN-2025
OPTIDX,NIFTYNXT50,30-Jan-2025,2025-01-30,70400.00,CE,0.00,0.00,0.00,3589.85,319.50,0,0.00,0,0,06-JAN-2025
OPTIDX,NIFTYNXT50,27-Feb-2025,2025-02-27,81000.00,PE,0.00,0.00,0.00,9504.05,13238.10,0,0.00,0,0,06-JAN-2025
OPTIDX,NIFTYNXT50,27-Feb-2025,2025-02-27,67800.00,PE,0.00,0.00,0.00,1468.30,1996.50,0,0.00,0,0,06-JAN-2025
OPTIDX,NIFTYNXT50,30-Jan-2025,2025-01-30,65400.00,CE,0.00,0.00,0.00,6671.50,2441.25,0,0.00,0,0,06-JAN-2025
OPTIDX,NIFTYNXT50,27-Mar-2025,2025-03-27,72900.00,PE,0.00,0.00,0.00,4868.10,5596.20,0,0.00,0,0,06-JAN-2025
OPTIDX,NIFTYNXT50,27-Mar-2025,2025-03-27,72900.00,CE,0.00,0.00,0.00,1814.85,763.60,0,0.00,0,0,06-JAN-2025
OPTIDX,NIFTYNXT50,27-Feb-2025,2025-02-27,72900.00,CE,0.00,0.00,0.00,2792.35,382.05,0,0.00,0,0,06-JAN-2025
OPTIDX,NIFTYNXT50,30-Jan-2025,2025-01-30,72900.00,PE,0.00,0.00,0.00,4288.80,5651.75,0,0.00,0,0,06-JAN-2025
OPTIDX,NIFTYNXT50,30-Jan-2025,2025-01-30,72900.00,CE,0.00,0.00,0.00,2487.90,71.40,0,0.00,0,0,06-JAN-2025
OPTIDX,NIFTYNXT50,27-Feb-2025,2025-02-27,72900.00,PE,0.00,0.00,0.00,3681.10,5587.55,0,0.00,0,0,06-JAN-2025
OPTIDX,NIFTYNXT50,30-Jan-2025,2025-01-30,63600.00,PE,0.00,0.00,0.00,719.50,193.40,0,0.00,0,0,06-JAN-2025
OPTIDX,NIFTYNXT50,27-Mar-2025,2025-03-27,63000.00,PE,0.00,0.00,0.00,700.45,621.45,0,0.00,0,0,06-JAN-2025
OPTIDX,NIFTYNXT50,27-Feb-2025,2025-02-27,77300.00,CE,0.00,0.00,0.00,1342.90,62.80,0,0.00,0,0,06-JAN-2025
OPTIDX,NIFTYNXT50,27-Feb-2025,2025-02-27,66700.00,PE,0.00,0.00,0.00,840.00,1471.65,0,0.00,25,0,06-JAN-2025
OPTIDX,NIFTYNXT50,27-Mar-2025,2025-03-27,67200.00,PE,0.00,0.00,0.00,1880.30,1991.30,0,0.00,0,0,06-JAN-2025
OPTIDX,NIFTYNXT50,30-Jan-2025,2025-01-30,77300.00,CE,0.00,0.00,0.00,1193.60,2.30,0,0.00,0,0,06-JAN-2025
OPTIDX,NIFTYNXT50,27-Feb-2025,2025-02-27,74600.00,CE,0.00,0.00,0.00,2134.05,199.65,0,0.00,0,0,06-JAN-2025
OPTIDX,NIFTYNXT50,27-Mar-2025,2025-03-27,66700.00,PE,0.00,0.00,0.00,1696.05,1770.40,0,0.00,0,0,06-JAN-2025
OPTIDX,NIFTYNXT50,30-Jan-2025,2025-01-30,74600.00,CE,0.00,0.00,0.00,1896.85,21.30,0,0.00,0,0,06-JAN-2025
OPTIDX,NIFTYNXT50,30-Jan-2025,2025-01-30,66700.00,PE,0.00,0.00,0.00,1476.45,1021.55,0,0.00,0,0,06-JAN-2025
OPTIDX,NIFTYNXT50,30-Jan-2025,2025-01-30,66700.00,CE,0.00,0.00,0.00,5757.95,1613.70,0,0.00,0,0,06-JAN-2025
OPTIDX,NIFTYNXT50,27-Feb-2025,2025-02-27,69100.00,CE,0.00,0.00,0.00,4758.15,1300.55,0,0.00,0,0,06-JAN-2025
OPTIDX,NIFTYNXT50,27-Feb-2025,2025-02-27,69100.00,PE,0.00,0.00,0.00,1620.00,2742.45,0,0.00,0,0,06-JAN-2025
OPTIDX,NIFTYNXT50,30-Jan-2025,2025-01-30,69100.00,PE,0.00,0.00,0.00,2351.30,2408.05,0,0.00,0,0,06-JAN-2025
OPTIDX,NIFTYNXT50,27-Mar-2025,2025-03-27,78000.00,CE,0.00,0.00,0.00,671.75,169.20,0,0.00,0,0,06-JAN-2025
OPTIDX,NIFTYNXT50,27-Mar-2025,2025-03-27,64900.00,PE,0.00,0.00,0.00,1137.10,1108.65,0,0.00,0,0,06-JAN-2025
OPTSTK,KPITTECH,27-Feb-2025,2025-02-27,1460.00,PE,0.00,0.00,0.00,108.15,82.30,0,0.00,0,0,06-JAN-2025
OPTSTK,KPITTECH,30-Jan-2025,2025-01-30,1460.00,PE,54.20,74.00,52.00,69.85,69.85,98,596.7038,46800,2800,06-JAN-2025
OPTSTK,KPITTECH,27-Feb-2025,2025-02-27,1560.00,PE,0.00,0.00,0.00,207.15,142.45,0,0.00,0,0,06-JAN-2025
OPTSTK,KPITTECH,27-Feb-2025,2025-02-27,1560.00,CE,0.00,0.00,0.00,86.40,49.00,0,0.00,0,0,06-JAN-2025
OPTSTK,KPITTECH,30-Jan-2025,2025-01-30,1340.00,PE,14.00,23.90,13.75,23.80,23.80,63,342.536,29200,-400,06-JAN-2025
OPTSTK,KPITTECH,30-Jan-2025,2025-01-30,1240.00,CE,0.00,0.00,0.00,222.35,220.10,0,0.00,0,0,06-JAN-2025
OPTSTK,BOSCHLTD,27-Mar-2025,2025-03-27,35000.00,CE,0.00,0.00,0.00,1897.65,1078.15,0,0.00,0,0,06-JAN-2025
OPTSTK,IOC,30-Jan-2025,2025-01-30,165.00,PE,31.20,31.20,31.20,31.20,31.40,3,28.69425,453375,0,06-JAN-2025
OPTSTK,BOSCHLTD,27-Mar-2025,2025-03-27,28000.00,CE,0.00,0.00,0.00,6826.70,5940.75,0,0.00,0,0,06-JAN-2025
OPTSTK,BOSCHLTD,27-Mar-2025,2025-03-27,28000.00,PE,0.00,0.00,0.00,130.90,61.95,0,0.00,0,0,06-JAN-2025
OPTSTK,IOC,27-Feb-2025,2025-02-27,152.50,CE,0.00,0.00,0.00,4.05,1.25,0,0.00,0,0,06-JAN-2025
OPTSTK,IOC,30-Jan-2025,2025-01-30,152.50,CE,0.40,0.45,0.25,0.30,0.30,159,1184.52506,1530750,180375,06-JAN-2025
OPTSTK,KPITTECH,30-Jan-2025,2025-01-30,1340.00,CE,0.00,0.00,0.00,161.20,133.05,0,0.00,800,0,06-JAN-2025
OPTSTK,KPITTECH,27-Feb-2025,2025-02-27,1480.00,CE,0.00,0.00,0.00,114.80,78.75,0,0.00,0,0,06-JAN-2025
OPTSTK,KPITTECH,27-Feb-2025,2025-02-27,1480.00,PE,0.00,0.00,0.00,157.00,92.95,0,0.00,0,0,06-JAN-2025
OPTSTK,IOC,30-Jan-2025,2025-01-30,155.00,PE,21.50,21.50,21.50,21.50,21.55,2,17.20875,716625,-9750,06-JAN-2025
OPTSTK,KPITTECH,27-Feb-2025,2025-02-27,1300.00,PE,0.00,0.00,0.00,43.30,23.55,0,0.00,0,0,06-JAN-2025
OPTSTK,BOSCHLTD,30-Jan-2025,2025-01-30,30000.00,PE,0.00,0.00,0.00,35.00,25.60,0,0.00,75,0,06-JAN-2025
FUTSTK,BOSCHLTD,27-Feb-2025,2025-02-27,,,34526.00,34560.00,33403.40,33654.50,33654.50,93,788.177212,3775,-50,06-JAN-2025
OPTSTK,IOC,30-Jan-2025,2025-01-30,162.50,CE,0.10,0.10,0.10,0.10,0.10,6,47.5605,97500,24375,06-JAN-2025
OPTSTK,KPITTECH,27-Feb-2025,2025-02-27,1540.00,PE,0.00,0.00,0.00,153.85,129.10,0,0.00,0,0,06-JAN-2025
OPTSTK,KPITTECH,27-Mar-2025,2025-03-27,1560.00,CE,0.00,0.00,0.00,104.05,71.35,0,0.00,0,0,06-JAN-2025
OPTSTK,KPITTECH,30-Jan-2025,2025-01-30,1560.00,CE,25.20,25.65,19.90,22.00,22.00,52,329.1594,30800,6000,06-JAN-2025
OPTSTK,IOC,27-Feb-2025,2025-02-27,150.00,PE,16.55,16.60,16.35,16.60,17.25,3,24.350625,34125,14625,06-JAN-2025
OPTSTK,BOSCHLTD,27-Mar-2025,2025-03-27,40000.00,CE,0.00,0.00,0.00,483.60,136.60,0,0.00,0,0,06-JAN-2025
OPTSTK,BOSCHLTD,27-Feb-2025,2025-02-27,29000.00,CE,0.00,0.00,0.00,6399.20,4800.10,0,0.00,0,0,06-JAN-2025
OPTSTK,KPITTECH,27-Feb-2025,2025-02-27,1280.00,PE,0.00,0.00,0.00,63.20,19.35,0,0.00,0,0,06-JAN-2025
OPTSTK,BOSCHLTD,30-Jan-2025,2025-01-30,37500.00,CE,105.00,105.00,66.00,67.70,34.35,13,122.122825,975,-175,06-JAN-2025
OPTSTK,KPITTECH,30-Jan-2025,2025-01-30,1540.00,CE,26.85,31.50,24.35,28.30,28.30,167,1047.1814,97200,-8400,06-JAN-2025
OPTSTK,KPITTECH,27-Mar-2025,2025-03-27,1760.00,PE,0.00,0.00,0.00,326.20,307.85,0,0.00,0,0,06-JAN-2025
OPTSTK,KPITTECH,30-Jan-2025,2025-01-30,1760.00,CE,3.00,3.00,1.80,2.65,1.85,16,112.8048,78400,-1600,06-JAN-2025
OPTSTK,KPITTECH,30-Jan-2025,2025-01-30,1420.00,PE,37.55,52.40,37.15,52.35,52.35,40,234.5552,20000,6000,06-JAN-2025
OPTSTK,JSWENERGY,27-Feb-2025,2025-02-27,520.00,PE,0.00,0.00,0.00,13.80,8.35,0,0.00,0,0,06-JAN-2025
OPTSTK,CUMMINSIND,27-Mar-2025,2025-03-27,3000.00,CE,0.00,0.00,0.00,513.50,320.10,0,0.00,0,0,06-JAN-2025
OPTSTK,PRESTIGE,30-Jan-2025,2025-01-30,1800.00,PE,0.00,0.00,0.00,177.45,212.75,0,0.00,2600,0,06-JAN-2025
OPTIDX,BANKNIFTY,27-Mar-2025,2025-03-27,48500.00,CE,0.00,0.00,0.00,4299.45,2839.15,0,0.00,0,0,06-JAN-2025
OPTSTK,PRESTIGE,30-Jan-2025,2025-01-30,1950.00,PE,0.00,0.00,0.00,287.00,350.00,0,0.00,650,0,06-JAN-2025
OPTSTK,JSWENERGY,30-Jan-2025,2025-01-30,710.00,CE,2.70,3.10,2.20,2.55,2.55,273,1458.91612,104250,-36000,06-JAN-2025
OPTSTK,JSWENERGY,30-Jan-2025,2025-01-30,550.00,PE,5.55,8.00,5.40,6.95,6.95,109,455.07,47250,47250,06-JAN-2025
OPTSTK,JSWENERGY,30-Jan-2025,2025-01-30,550.00,CE,0.00,0.00,0.00,133.45,61.10,0,0.00,0,0,06-JAN-2025
OPTIDX,BANKNIFTY,27-Mar-2025,2025-03-27,52600.00,PE,0.00,0.00,0.00,2293.40,2736.05,0,0.00,0,0,06-JAN-2025
OPTIDX,BANKNIFTY,30-Jan-2025,2025-01-30,52600.00,CE,342.00,357.25,170.25,180.15,180.15,48845,387097.307,186315,16440,06-JAN-2025
OPTIDX,BANKNIFTY,27-Feb-2025,2025-02-27,51600.00,PE,1256.15,1958.30,1255.05,1836.90,1836.90,757,12140.2798,7440,1860,06-JAN-2025
OPTIDX,BANKNIFTY,30-Jan-2025,2025-01-30,51600.00,PE,1263.00,1965.85,1043.05,1813.00,1813.00,12925,102865.286,213495,-19185,06-JAN-2025
OPTIDX,BANKNIFTY,30-Jan-2025,2025-01-30,51600.00,CE,710.00,716.85,353.75,379.20,379.20,76530,597953.042,379500,18660,06-JAN-2025
OPTIDX,BANKNIFTY,30-Jan-2025,2025-01-30,50100.00,CE,1516.00,1550.55,895.25,967.95,967.95,90736,695357.955,152820,140340,06-JAN-2025
OPTIDX,BANKNIFTY,27-Mar-2025,2025-03-27,51600.00,CE,0.00,0.00,0.00,2353.35,1173.35,0,0.00,0,0,06-JAN-2025
OPTSTK,CUMMINSIND,30-Jan-2025,2025-01-30,3450.00,PE,0.00,0.00,0.00,224.90,285.85,0,0.00,2250,0,06-JAN-2025
OPTSTK,CUMMINSIND,30-Jan-2025,2025-01-30,3450.00,CE,32.15,33.00,20.10,22.70,22.70,368,1918.32127,67950,11250,06-JAN-2025
OPTIDX,BANKNIFTY,30-Jan-2025,2025-01-30,56200.00,CE,18.90,20.50,16.20,19.70,19.70,16786,141551.145,64050,-11070,06-JAN-2025
OPTSTK,CUMMINSIND,27-Feb-2025,2025-02-27,3450.00,CE,0.00,0.00,0.00,203.40,71.60,0,0.00,0,0,06-JAN-2025
OPTIDX,BANKNIFTY,27-Feb-2025,2025-02-27,55800.00,CE,0.00,0.00,0.00,1178.85,79.25,0,0.00,0,0,06-JAN-2025
OPTIDX,BANKNIFTY,27-Feb-2025,2025-02-27,55800.00,PE,0.00,0.00,0.00,3148.40,5423.25,0,0.00,90,0,06-JAN-2025
OPTIDX,BANKNIFTY,30-Jan-2025,2025-01-30,55800.00,PE,0.00,0.00,0.00,2504.40,5636.00,0,0.00,120,0,06-JAN-2025
OPTSTK,CUMMINSIND,30-Jan-2025,2025-01-30,4200.00,CE,0.00,0.00,0.00,0.95,0.05,0,0.00,300,0,06-JAN-2025
OPTSTK,CUMMINSIND,27-Feb-2025,2025-02-27,2800.00,PE,0.00,0.00,0.00,36.75,26.45,0,0.00,0,0,06-JAN-2025
OPTSTK,PRESTIGE,30-Jan-2025,2025-01-30,1550.00,CE,100.25,100.25,80.00,81.20,81.20,4,21.26735,2600,0,06-JAN-2025
OPTSTK,CUMMINSIND,30-Jan-2025,2025-01-30,3700.00,CE,8.00,8.00,5.00,5.05,5.05,105,583.682025,51600,-6300,06-JAN-2025
OPTIDX,BANKNIFTY,30-Jan-2025,2025-01-30,50600.00,CE,1240.50,1245.95,672.40,729.75,729.75,119168,920538.033,170265,114825,06-JAN-2025
OPTIDX,BANKNIFTY,30-Jan-2025,2025-01-30,53900.00,CE,114.55,118.75,62.25,65.35,65.35,52823,427710.763,137805,19470,06-JAN-2025
OPTIDX,BANKNIFTY,30-Jan-2025,2025-01-30,53900.00,PE,3450.00,3912.55,3450.00,3876.90,3783.95,17,146.630152,31470,-45,06-JAN-2025
OPTIDX,BANKNIFTY,27-Feb-2025,2025-02-27,50800.00,CE,1689.80,1689.80,1130.25,1161.35,1161.35,395,6179.21445,4020,1500,06-JAN-2025
OPTSTK,JSWENERGY,27-Mar-2025,2025-03-27,600.00,CE,0.00,0.00,0.00,89.80,53.60,0,0.00,0,0,06-JAN-2025
OPTSTK,AUBANK,30-Jan-2025,2025-01-30,565.00,CE,24.80,27.85,13.90,14.45,14.45,591,3437.713,184000,30000,06-JAN-2025
OPTSTK,AUBANK,30-Jan-2025,2025-01-30,500.00,PE,1.70,3.50,1.40,3.25,3.25,559,2809.4195,457000,-82000,06-JAN-2025
OPTSTK,AUBANK,27-Mar-2025,2025-03-27,500.00,CE,0.00,0.00,0.00,72.50,74.30,0,0.00,0,0,06-JAN-2025
OPTSTK,AUBANK,30-Jan-2025,2025-01-30,625.00,CE,4.30,5.85,2.45,2.50,2.50,167,1049.4715,58000,20000,06-JAN-2025
OPTSTK,AUBANK,30-Jan-2025,2025-01-30,540.00,PE,6.00,12.20,4.90,11.45,11.45,722,3967.718,453000,-3000,06-JAN-2025
OPTSTK,ATUL,30-Jan-2025,2025-01-30,6400.00,CE,0.00,0.00,0.00,1596.60,473.40,0,0.00,0,0,06-JAN-2025
OPTSTK,AUBANK,27-Feb-2025,2025-02-27,620.00,CE,0.00,0.00,0.00,32.80,7.60,0,0.00,0,0,06-JAN-2025
OPTSTK,ATUL,30-Jan-2025,2025-01-30,7200.00,PE,0.00,0.00,0.00,340.55,424.35,0,0.00,400,0,06-JAN-2025
OPTSTK,ATUL,30-Jan-2025,2025-01-30,7200.00,CE,118.95,146.30,93.00,95.00,61.25,22,161.1166,7500,1000,06-JAN-2025
OPTSTK,AUBANK,27-Mar-2025,2025-03-27,580.00,PE,0.00,0.00,0.00,51.30,37.65,0,0.00,0,0,06-JAN-2025
OPTSTK,ATUL,30-Jan-2025,2025-01-30,8000.00,CE,13.00,15.95,9.90,11.55,11.55,286,2291.4801,33500,14400,06-JAN-2025
OPTSTK,AUBANK,27-Mar-2025,2025-03-27,630.00,PE,0.00,0.00,0.00,85.80,71.90,0,0.00,0,0,06-JAN-2025
OPTSTK,AUBANK,27-Feb-2025,2025-02-27,630.00,CE,0.00,0.00,0.00,9.55,5.90,0,0.00,0,0,06-JAN-2025
OPTSTK,AUBANK,30-Jan-2025,2025-01-30,630.00,PE,0.00,0.00,0.00,80.00,68.75,0,0.00,6000,0,06-JAN-2025
OPTSTK,AUBANK,27-Feb-2025,2025-02-27,465.00,CE,0.00,0.00,0.00,93.40,100.20,0,0.00,0,0,06-JAN-2025
OPTSTK,ATUL,30-Jan-2025,2025-01-30,7000.00,PE,230.00,336.20,230.00,336.20,336.20,24,174.8606,13300,-600,06-JAN-2025
OPTSTK,AUBANK,27-Feb-2025,2025-02-27,615.00,CE,0.00,0.00,0.00,12.55,8.60,0,0.00,0,0,06-JAN-2025
OPTSTK,AUBANK,27-Feb-2025,2025-02-27,615.00,PE,0.00,0.00,0.00,71.55,57.90,0,0.00,0,0,06-JAN-2025
OPTSTK,AUBANK,30-Jan-2025,2025-01-30,615.00,PE,0.00,0.00,0.00,45.25,55.15,0,0.00,2000,0,06-JAN-2025
OPTSTK,AUBANK,27-Feb-2025,2025-02-27,570.00,PE,0.00,0.00,0.00,40.70,27.65,0,0.00,0,0,06-JAN-2025
OPTSTK,ATUL,27-Feb-2025,2025-02-27,7200.00,CE,0.00,0.00,0.00,533.65,145.80,0,0.00,0,0,06-JAN-2025
OPTSTK,AUBANK,30-Jan-2025,2025-01-30,640.00,PE,0.00,0.00,0.00,77.25,78.20,0,0.00,19000,0,06-JAN-2025
OPTSTK,ATUL,30-Jan-2025,2025-01-30,6900.00,CE,247.85,270.00,194.95,195.00,155.65,26,185.1625,3300,300,06-JAN-2025
OPTSTK,ATUL,30-Jan-2025,2025-01-30,6900.00,PE,217.90,275.00,217.90,275.00,220.10,4,28.54695,3700,0,06-JAN-2025
OPTSTK,ATUL,27-Feb-2025,2025-02-27,6900.00,CE,0.00,0.00,0.00,527.05,258.95,0,0.00,0,0,06-JAN-2025
OPTSTK,AUBANK,30-Jan-2025,2025-01-30,660.00,PE,104.00,104.00,104.00,104.00,97.60,1,7.64,10000,1000,06-JAN-2025
OPTSTK,AUBANK,27-Mar-2025,2025-03-27,660.00,PE,0.00,0.00,0.00,109.80,96.55,0,0.00,0,0,06-JAN-2025
OPTSTK,AUBANK,30-Jan-2025,2025-01-30,555.00,CE,22.35,25.20,18.50,18.90,18.90,179,1029.512,185000,59000,06-JAN-2025
OPTSTK,AUBANK,27-Feb-2025,2025-02-27,655.00,PE,0.00,0.00,0.00,104.45,91.95,0,0.00,0,0,06-JAN-2025
FUTSTK,AUBANK,30-Jan-2025,2025-01-30,,,588.20,588.20,553.80,556.20,556.20,9683,54558.984,28906000,1555000,06-JAN-2025
OPTSTK,AUBANK,27-Feb-2025,2025-02-27,545.00,CE,0.00,0.00,0.00,37.50,35.95,0,0.00,0,0,06-JAN-2025
OPTSTK,AUBANK,30-Jan-2025,2025-01-30,545.00,CE,27.40,31.55,23.75,24.55,24.55,35,199.9085,132000,-9000,06-JAN-2025
OPTSTK,NTPC,27-Feb-2025,2025-02-27,305.00,CE,0.00,0.00,0.00,39.85,30.05,0,0.00,0,0,06-JAN-2025
OPTSTK,NTPC,30-Jan-2025,2025-01-30,300.00,PE,0.60,1.40,0.55,1.30,1.30,1161,5241.61725,1026000,-262500,06-JAN-2025
OPTSTK,IRCTC,27-Feb-2025,2025-02-27,830.00,PE,0.00,0.00,0.00,44.95,68.35,0,0.00,875,0,06-JAN-2025
OPTSTK,IRCTC,30-Jan-2025,2025-01-30,830.00,CE,8.95,9.00,4.20,4.55,4.55,1204,8803.42225,539875,47250,06-JAN-2025
OPTSTK,IRCTC,27-Feb-2025,2025-02-27,700.00,PE,4.05,10.00,4.05,9.00,9.00,46,285.1765,31500,28000,06-JAN-2025
OPTSTK,NTPC,27-Feb-2025,2025-02-27,365.00,CE,0.00,0.00,0.00,3.75,3.80,0,0.00,40500,0,06-JAN-2025
OPTSTK,NTPC,30-Jan-2025,2025-01-30,365.00,PE,35.25,35.55,35.25,35.40,36.85,3,18.018,64500,-1500,06-JAN-2025
OPTSTK,NTPC,27-Feb-2025,2025-02-27,380.00,PE,0.00,0.00,0.00,32.15,50.75,0,0.00,0,0,06-JAN-2025
OPTSTK,NTPC,30-Jan-2025,2025-01-30,380.00,CE,0.65,0.70,0.35,0.40,0.40,829,4731.1275,1660500,97500,06-JAN-2025
OPTSTK,IRCTC,30-Jan-2025,2025-01-30,640.00,CE,0.00,0.00,0.00,198.10,133.35,0,0.00,0,0,06-JAN-2025
OPTSTK,IRCTC,27-Feb-2025,2025-02-27,640.00,PE,3.50,3.50,3.50,3.50,1.55,1,5.630625,3500,875,06-JAN-2025
OPTIDX,FINNIFTY,27-Feb-2025,2025-02-27,24500.00,PE,0.00,0.00,0.00,981.70,1185.95,0,0.00,0,0,06-JAN-2025
OPTIDX,FINNIFTY,30-Jan-2025,2025-01-30,22100.00,PE,29.40,75.95,23.05,64.50,64.50,1276,7066.34137,6300,2900,06-JAN-2025
OPTIDX,FINNIFTY,27-Mar-2025,2025-03-27,22300.00,PE,0.00,0.00,0.00,289.70,226.20,0,0.00,0,0,06-JAN-2025
OPTIDX,FINNIFTY,30-Jan-2025,2025-01-30,22300.00,PE,35.60,106.70,35.60,90.60,90.60,3149,17606.2672,24200,1675,06-JAN-2025
OPTIDX,FINNIFTY,27-Mar-2025,2025-03-27,25700.00,CE,0.00,0.00,0.00,298.75,140.85,0,0.00,0,0,06-JAN-2025
OPTIDX,FINNIFTY,27-Feb-2025,2025-02-27,24600.00,CE,0.00,0.00,0.00,924.25,214.25,0,0.00,0,0,06-JAN-2025
OPTIDX,FINNIFTY,30-Jan-2025,2025-01-30,24000.00,CE,350.90,390.00,190.20,205.05,205.05,16124,97823.7803,101875,-9675,06-JAN-2025
OPTIDX,FINNIFTY,27-Feb-2025,2025-02-27,22000.00,PE,0.00,0.00,0.00,174.90,101.20,0,0.00,0,0,06-JAN-2025
OPTIDX,FINNIFTY,27-Mar-2025,2025-03-27,23800.00,PE,0.00,0.00,0.00,833.05,794.95,0,0.00,0,0,06-JAN-2025
OPTIDX,FINNIFTY,30-Jan-2025,2025-01-30,23350.00,CE,698.00,751.00,443.55,477.05,477.05,3259,19417.0604,9575,6675,06-JAN-2025
OPTIDX,FINNIFTY,27-Feb-2025,2025-02-27,26000.00,CE,0.00,0.00,0.00,432.95,37.50,0,0.00,0,0,06-JAN-2025
OPTIDX,FINNIFTY,30-Jan-2025,2025-01-30,26000.00,CE,10.40,10.40,8.25,8.85,8.85,4687,30476.0541,56950,15775,06-JAN-2025
OPTIDX,FINNIFTY,27-Mar-2025,2025-03-27,26000.00,PE,0.00,0.00,0.00,2293.60,2405.50,0,0.00,0,0,06-JAN-2025
OPTIDX,FINNIFTY,27-Mar-2025,2025-03-27,26000.00,CE,0.00,0.00,0.00,241.90,105.15,0,0.00,0,0,06-JAN-2025
OPTIDX,FINNIFTY,30-Jan-2025,2025-01-30,26000.00,PE,0.00,0.00,0.00,1694.80,2569.50,0,0.00,0,0,06-JAN-2025
OPTIDX,FINNIFTY,27-Mar-2025,2025-03-27,21800.00,CE,0.00,0.00,0.00,2264.35,1968.95,0,0.00,0,0,06-JAN-2025
OPTIDX,FINNIFTY,30-Jan-2025,2025-01-30,24050.00,CE,311.00,332.00,177.80,191.20,191.20,2601,15799.8743,21325,-75,06-JAN-2025
OPTIDX,FINNIFTY,27-Mar-2025,2025-03-27,22300.00,CE,0.00,0.00,0.00,1876.05,1571.55,0,0.00,0,0,06-JAN-2025
OPTIDX,FINNIFTY,30-Jan-2025,2025-01-30,22450.00,CE,0.00,0.00,0.00,1302.15,1049.55,0,0.00,0,0,06-JAN-2025
OPTIDX,FINNIFTY,27-Feb-2025,2025-02-27,22300.00,PE,0.00,0.00,0.00,226.45,152.95,0,0.00,0,0,06-JAN-2025
OPTIDX,FINNIFTY,27-Feb-2025,2025-02-27,22300.00,CE,0.00,0.00,0.00,2375.45,1384.20,0,0.00,0,0,06-JAN-2025
OPTIDX,FINNIFTY,30-Jan-2025,2025-01-30,22300.00,CE,0.00,0.00,0.00,2632.05,1176.90,0,0.00,0,0,06-JAN-2025
OPTIDX,FINNIFTY,27-Mar-2025,2025-03-27,22100.00,PE,0.00,0.00,0.00,244.30,183.35,0,0.00,0,0,06-JAN-2025
OPTIDX,FINNIFTY,27-Feb-2025,2025-02-27,24500.00,CE,0.00,0.00,0.00,970.40,238.25,0,0.00,0,0,06-JAN-2025
OPTIDX,FINNIFTY,27-Feb-2025,2025-02-27,22100.00,PE,0.00,0.00,0.00,190.95,116.65,0,0.00,0,0,06-JAN-2025
OPTIDX,FINNIFTY,27-Mar-2025,2025-03-27,24500.00,CE,0.00,0.00,0.00,641.40,397.95,0,0.00,0,0,06-JAN-2025
OPTIDX,FINNIFTY,30-Jan-2025,2025-01-30,22100.00,CE,0.00,0.00,0.00,2799.70,1354.30,0,0.00,0,0,06-JAN-2025
OPTIDX,FINNIFTY,27-Feb-2025,2025-02-27,22100.00,CE,0.00,0.00,0.00,2536.35,1546.00,0,0.00,0,0,06-JAN-2025
OPTIDX,FINNIFTY,30-Jan-2025,2025-01-30,24500.00,CE,153.35,168.50,87.15,94.65,94.65,12671,77977.4992,74825,3325,06-JAN-2025
OPTIDX,FINNIFTY,27-Mar-2025,2025-03-27,24500.00,PE,0.00,0.00,0.00,1218.20,1220.35,0,0.00,0,0,06-JAN-2025
OPTIDX,FINNIFTY,27-Mar-2025,2025-03-27,22900.00,PE,0.00,0.00,0.00,461.80,398.35,0,0.00,0,0,06-JAN-2025
OPTIDX,MIDCPNIFTY,30-Jan-2025,2025-01-30,13750.00,PE,0.00,0.00,0.00,1278.55,1004.95,0,0.00,0,0,06-JAN-2025
OPTIDX,MIDCPNIFTY,30-Jan-2025,2025-01-30,13100.00,CE,217.10,228.90,104.95,116.00,116.00,14738,97619.4349,131200,4050,06-JAN-2025
OPTIDX,MIDCPNIFTY,30-Jan-2025,2025-01-30,11650.00,PE,8.85,25.60,8.25,21.85,21.85,804,4689.9857,19200,9950,06-JAN-2025
OPTIDX,MIDCPNIFTY,30-Jan-2025,2025-01-30,12800.00,PE,142.95,327.20,134.80,301.05,301.05,43752,285315.718,464200,67900,06-JAN-2025
OPTIDX,MIDCPNIFTY,27-Mar-2025,2025-03-27,12800.00,PE,0.00,0.00,0.00,352.65,379.70,0,0.00,0,0,06-JAN-2025
OPTIDX,MIDCPNIFTY,27-Feb-2025,2025-02-27,11825.00,PE,0.00,0.00,0.00,174.65,45.80,0,0.00,0,0,06-JAN-2025
OPTIDX,MIDCPNIFTY,27-Feb-2025,2025-02-27,12100.00,PE,0.00,0.00,0.00,250.55,89.60,0,0.00,0,0,06-JAN-2025
OPTIDX,MIDCPNIFTY,30-Jan-2025,2025-01-30,12100.00,CE,0.00,0.00,0.00,827.45,685.15,0,0.00,0,0,06-JAN-2025
OPTIDX,MIDCPNIFTY,27-Mar-2025,2025-03-27,12100.00,CE,0.00,0.00,0.00,1252.10,907.60,0,0.00,0,0,06-JAN-2025
OPTIDX,MIDCPNIFTY,30-Jan-2025,2025-01-30,13750.00,CE,27.05,27.05,14.00,15.45,15.45,1538,10587.0450,23350,6900,06-JAN-2025
OPTIDX,MIDCPNIFTY,27-Mar-2025,2025-03-27,13750.00,PE,0.00,0.00,0.00,849.90,987.80,0,0.00,0,0,06-JAN-2025
OPTIDX,MIDCPNIFTY,30-Jan-2025,2025-01-30,11350.00,CE,0.00,0.00,0.00,1366.35,1397.80,0,0.00,0,0,06-JAN-2025
OPTIDX,MIDCPNIFTY,30-Jan-2025,2025-01-30,12450.00,PE,68.05,173.10,62.55,161.20,161.20,1306,8212.90005,12850,1450,06-JAN-2025
OPTIDX,MIDCPNIFTY,27-Mar-2025,2025-03-27,13775.00,PE,0.00,0.00,0.00,866.25,1007.45,0,0.00,0,0,06-JAN-2025
OPTIDX,MIDCPNIFTY,27-Mar-2025,2025-03-27,12375.00,CE,0.00,0.00,0.00,1049.00,713.10,0,0.00,0,0,06-JAN-2025
OPTIDX,MIDCPNIFTY,30-Jan-2025,2025-01-30,13050.00,PE,235.05,471.45,222.65,439.50,439.50,5068,33792.3442,24800,-3200,06-JAN-2025
OPTIDX,MIDCPNIFTY,30-Jan-2025,2025-01-30,11800.00,CE,0.00,0.00,0.00,1026.35,959.00,0,0.00,0,0,06-JAN-2025
OPTIDX,MIDCPNIFTY,30-Jan-2025,2025-01-30,11750.00,PE,12.85,33.70,11.90,28.80,28.80,5701,33549.5741,42550,26850,06-JAN-2025
OPTIDX,MIDCPNIFTY,30-Jan-2025,2025-01-30,11450.00,CE,0.00,0.00,0.00,1286.75,1299.00,0,0.00,0,0,06-JAN-2025
OPTIDX,MIDCPNIFTY,27-Feb-2025,2025-02-27,12675.00,PE,0.00,0.00,0.00,476.35,271.75,0,0.00,0,0,06-JAN-2025
OPTIDX,MIDCPNIFTY,30-Jan-2025,2025-01-30,12675.00,CE,355.00,360.65,278.80,300.70,300.70,2337,15156.6173,16250,13450,06-JAN-2025
OPTIDX,MIDCPNIFTY,30-Jan-2025,2025-01-30,13700.00,PE,0.00,0.00,0.00,678.00,957.75,0,0.00,50,0,06-JAN-2025
OPTIDX,MIDCPNIFTY,27-Feb-2025,2025-02-27,13700.00,PE,0.00,0.00,0.00,1104.85,947.35,0,0.00,0,0,06-JAN-2025
OPTIDX,MIDCPNIFTY,30-Jan-2025,2025-01-30,11000.00,CE,0.00,0.00,0.00,1870.00,1745.40,0,0.00,350,0,06-JAN-2025
OPTIDX,MIDCPNIFTY,27-Feb-2025,2025-02-27,12800.00,CE,0.00,0.00,0.00,456.35,349.70,0,0.00,120,0,06-JAN-2025
OPTIDX,MIDCPNIFTY,27-Mar-2025,2025-03-27,12650.00,PE,0.00,0.00,0.00,297.20,312.25,0,0.00,0,0,06-JAN-2025
OPTIDX,MIDCPNIFTY,30-Jan-2025,2025-01-30,12650.00,CE,346.05,356.15,292.00,313.55,313.55,948,6142.20887,9500,8750,06-JAN-2025
OPTIDX,MIDCPNIFTY,27-Feb-2025,2025-02-27,12650.00,PE,0.00,0.00,0.00,464.60,260.80,0,0.00,0,0,06-JAN-2025
OPTIDX,MIDCPNIFTY,30-Jan-2025,2025-01-30,12650.00,PE,105.70,253.45,103.00,234.30,234.30,7448,47889.3555,40900,14100,06-JAN-2025
OPTIDX,MIDCPNIFTY,27-Feb-2025,2025-02-27,12275.00,CE,0.00,0.00,0.00,832.20,669.70,0,0.00,0,0,06-JAN-2025
OPTIDX,MIDCPNIFTY,27-Mar-2025,2025-03-27,12275.00,CE,0.00,0.00,0.00,1121.00,780.95,0,0.00,0,0,06-JAN-2025
OPTSTK,TATACONSUM,27-Feb-2025,2025-02-27,970.00,CE,0.00,0.00,0.00,21.50,29.60,0,0.00,0,0,06-JAN-2025
OPTSTK,TATACONSUM,30-Jan-2025,2025-01-30,970.00,CE,9.40,18.70,8.60,14.45,14.45,1657,7430.0526,108528,-13224,06-JAN-2025
OPTSTK,TATACONSUM,27-Feb-2025,2025-02-27,860.00,PE,0.00,0.00,0.00,16.80,5.65,0,0.00,0,0,06-JAN-2025
OPTSTK,TATACONSUM,27-Feb-2025,2025-02-27,860.00,CE,0.00,0.00,0.00,113.35,100.80,0,0.00,0,0,06-JAN-2025
OPTSTK,TATACONSUM,30-Jan-2025,2025-01-30,830.00,PE,1.20,1.55,1.15,1.25,0.35,165,625.431816,119472,-13680,06-JAN-2025
OPTSTK,TATACONSUM,27-Feb-2025,2025-02-27,830.00,CE,0.00,0.00,0.00,93.90,127.35,0,0.00,0,0,06-JAN-2025
OPTSTK,DMART,30-Jan-2025,2025-01-30,3550.00,CE,471.30,480.75,429.35,429.35,410.90,8,47.9964,11550,-750,06-JAN-2025
OPTSTK,DMART,30-Jan-2025,2025-01-30,3450.00,PE,11.70,17.90,9.15,16.65,16.65,180,934.84725,31200,-4200,06-JAN-2025
OPTSTK,DMART,27-Mar-2025,2025-03-27,4000.00,CE,0.00,0.00,0.00,89.25,216.20,0,0.00,0,0,06-JAN-2025
OPTSTK,DMART,27-Feb-2025,2025-02-27,3000.00,PE,8.00,14.00,8.00,14.00,0.80,6,27.089925,1200,450,06-JAN-2025
OPTSTK,DMART,27-Mar-2025,2025-03-27,3000.00,CE,0.00,0.00,0.00,603.95,982.35,0,0.00,0,0,06-JAN-2025
OPTSTK,TATACONSUM,30-Jan-2025,2025-01-30,810.00,PE,0.80,0.90,0.75,0.85,0.85,33,122.016708,39216,-5016,06-JAN-2025
OPTSTK,DMART,30-Jan-2025,2025-01-30,3900.00,PE,80.45,120.75,67.30,113.55,113.55,1990,11922.9296,156000,-24300,06-JAN-2025
OPTSTK,DMART,27-Feb-2025,2025-02-27,4550.00,CE,0.00,0.00,0.00,7.60,26.40,0,0.00,0,0,06-JAN-2025
OPTSTK,DMART,27-Feb-2025,2025-02-27,3300.00,CE,0.00,0.00,0.00,541.30,674.75,0,0.00,0,0,06-JAN-2025
OPTSTK,TATACONSUM,30-Jan-2025,2025-01-30,900.00,CE,44.20,62.50,44.20,56.50,56.50,272,1180.77392,178296,-7296,06-JAN-2025
OPTSTK,TATACONSUM,27-Feb-2025,2025-02-27,900.00,CE,0.00,0.00,0.00,53.15,69.35,0,0.00,2736,0,06-JAN-2025
OPTSTK,TATACONSUM,27-Mar-2025,2025-03-27,900.00,CE,0.00,0.00,0.00,60.15,79.60,0,0.00,0,0,06-JAN-2025
OPTSTK,TATACONSUM,27-Feb-2025,2025-02-27,950.00,PE,0.00,0.00,0.00,64.85,32.80,0,0.00,0,0,06-JAN-2025
OPTSTK,TATACONSUM,30-Jan-2025,2025-01-30,950.00,CE,16.05,28.25,14.70,22.80,22.80,6457,28637.2541,383496,46056,06-JAN-2025
OPTSTK,CGPOWER,27-Mar-2025,2025-03-27,780.00,PE,0.00,0.00,0.00,77.35,82.25,0,0.00,0,0,06-JAN-2025
OPTSTK,IGL,27-Feb-2025,2025-02-27,475.00,CE,0.00,0.00,0.00,8.65,10.50,0,0.00,0,0,06-JAN-2025
OPTSTK,CGPOWER,27-Feb-2025,2025-02-27,620.00,CE,0.00,0.00,0.00,157.35,106.55,0,0.00,0,0,06-JAN-2025
OPTSTK,CGPOWER,27-Mar-2025,2025-03-27,820.00,CE,0.00,0.00,0.00,41.05,17.95,0,0.00,0,0,06-JAN-2025
OPTSTK,IGL,30-Jan-2025,2025-01-30,470.00,CE,4.65,5.10,2.00,2.50,2.50,992,6448.83043,437250,55000,06-JAN-2025
OPTSTK,CGPOWER,30-Jan-2025,2025-01-30,760.00,CE,17.05,18.90,10.80,12.35,12.35,88,494.487337,119625,-9425,06-JAN-2025
OPTSTK,IGL,30-Jan-2025,2025-01-30,490.00,PE,0.00,0.00,0.00,57.80,65.75,0,0.00,1375,0,06-JAN-2025
OPTSTK,IGL,30-Jan-2025,2025-01-30,505.00,PE,0.00,0.00,0.00,112.35,79.75,0,0.00,0,0,06-JAN-2025
OPTSTK,IGL,27-Feb-2025,2025-02-27,365.00,PE,0.00,0.00,0.00,17.65,4.80,0,0.00,0,0,06-JAN-2025
OPTSTK,IGL,27-Feb-2025,2025-02-27,365.00,CE,0.00,0.00,0.00,47.70,67.45,0,0.00,0,0,06-JAN-2025
OPTSTK,IGL,30-Jan-2025,2025-01-30,365.00,PE,1.10,1.90,1.00,1.65,1.65,201,1012.69987,478500,23375,06-JAN-2025
OPTSTK,IGL,30-Jan-2025,2025-01-30,465.00,PE,0.00,0.00,0.00,31.90,44.15,0,0.00,1375,0,06-JAN-2025
OPTSTK,IGL,30-Jan-2025,2025-01-30,340.00,PE,0.45,0.65,0.45,0.65,0.25,55,257.551937,265375,-11000,06-JAN-2025
OPTSTK,CGPOWER,27-Feb-2025,2025-02-27,780.00,PE,0.00,0.00,0.00,74.15,76.45,0,0.00,0,0,06-JAN-2025
OPTSTK,CGPOWER,27-Feb-2025,2025-02-27,780.00,CE,0.00,0.00,0.00,60.65,18.20,0,0.00,0,0,06-JAN-2025
OPTSTK,CGPOWER,30-Jan-2025,2025-01-30,670.00,CE,0.00,0.00,0.00,109.65,56.05,0,0.00,0,0,06-JAN-2025
OPTSTK,CGPOWER,30-Jan-2025,2025-01-30,670.00,PE,6.55,11.00,6.55,11.00,8.80,14,68.8398375,30450,-2175,06-JAN-2025
OPTSTK,CGPOWER,30-Jan-2025,2025-01-30,820.00,CE,4.55,5.00,2.90,3.25,3.25,38,226.886937,50025,-10875,06-JAN-2025
OPTSTK,IGL,27-Mar-2025,2025-03-27,490.00,CE,0.00,0.00,0.00,11.45,13.10,0,0.00,0,0,06-JAN-2025
OPTSTK,IGL,27-Mar-2025,2025-03-27,430.00,CE,0.00,0.00,0.00,25.55,32.85,0,0.00,0,0,06-JAN-2025
OPTSTK,IGL,30-Jan-2025,2025-01-30,240.00,PE,0.00,0.00,0.00,0.10,0.05,0,0.00,19250,0,06-JAN-2025
OPTSTK,CGPOWER,30-Jan-2025,2025-01-30,810.00,CE,6.35,6.35,3.65,3.95,3.95,116,684.699062,118175,15225,06-JAN-2025
OPTSTK,METROPOLIS,30-Jan-2025,2025-01-30,2100.00,PE,138.50,143.65,109.00,115.65,115.65,41,364.6232,28800,-400,06-JAN-2025
OPTSTK,METROPOLIS,27-Feb-2025,2025-02-27,1940.00,CE,0.00,0.00,0.00,182.80,160.20,0,0.00,0,0,06-JAN-2025
OPTSTK,METROPOLIS,30-Jan-2025,2025-01-30,1900.00,PE,22.45,35.00,22.00,30.75,30.75,537,4144.5,73600,17600,06-JAN-2025
OPTSTK,METROPOLIS,27-Feb-2025,2025-02-27,1860.00,PE,0.00,0.00,0.00,44.45,22.30,0,0.00,0,0,06-JAN-2025
OPTSTK,METROPOLIS,30-Jan-2025,2025-01-30,1960.00,PE,40.05,53.90,39.90,47.25,47.25,193,1549.0644,37200,32800,06-JAN-2025
OPTSTK,CANBK,30-Jan-2025,2025-01-30,91.00,CE,8.15,8.15,7.45,7.50,7.70,8,53.271,27000,27000,06-JAN-2025
OPTSTK,CANBK,27-Feb-2025,2025-02-27,91.00,CE,0.00,0.00,0.00,13.65,9.25,0,0.00,0,0,06-JAN-2025
OPTSTK,CANBK,27-Feb-2025,2025-02-27,91.00,PE,0.00,0.00,0.00,2.50,2.00,0,0.00,0,0,06-JAN-2025
OPTSTK,CANBK,30-Jan-2025,2025-01-30,122.00,PE,0.00,0.00,0.00,19.95,24.15,0,0.00,270000,0,06-JAN-2025
OPTSTK,CANBK,30-Jan-2025,2025-01-30,122.00,CE,0.10,0.10,0.10,0.10,0.10,24,197.802,749250,54000,06-JAN-2025
OPTSTK,CANBK,30-Jan-2025,2025-01-30,115.00,PE,0.00,0.00,0.00,12.35,17.25,0,0.00,1707750,0,06-JAN-2025
OPTSTK,CANBK,30-Jan-2025,2025-01-30,86.00,CE,13.35,13.35,13.35,13.35,11.95,1,6.706125,13500,6750,06-JAN-2025
OPTSTK,CANBK,27-Feb-2025,2025-02-27,116.00,PE,0.00,0.00,0.00,15.50,18.15,0,0.00,6750,0,06-JAN-2025
OPTSTK,CANBK,27-Mar-2025,2025-03-27,116.00,CE,0.00,0.00,0.00,3.95,1.35,0,0.00,0,0,06-JAN-2025
OPTSTK,CANBK,27-Feb-2025,2025-02-27,116.00,CE,0.00,0.00,0.00,4.70,0.60,0,0.00,0,0,06-JAN-2025
OPTSTK,CANBK,30-Jan-2025,2025-01-30,97.00,PE,1.55,3.35,1.55,3.10,3.10,988,6642.67837,2632500,621000,06-JAN-2025
OPTSTK,CANBK,27-Feb-2025,2025-02-27,111.00,CE,0.00,0.00,0.00,3.80,1.20,0,0.00,0,0,06-JAN-2025
OPTSTK,CANBK,27-Feb-2025,2025-02-27,111.00,PE,0.00,0.00,0.00,12.35,13.80,0,0.00,0,0,06-JAN-2025
OPTSTK,METROPOLIS,27-Feb-2025,2025-02-27,2320.00,PE,0.00,0.00,0.00,240.05,277.35,0,0.00,0,0,06-JAN-2025
OPTSTK,CANBK,30-Jan-2025,2025-01-30,103.00,PE,4.20,7.10,4.15,6.60,6.60,195,1427.65537,2382750,-67500,06-JAN-2025
OPTSTK,METROPOLIS,30-Jan-2025,2025-01-30,2180.00,CE,12.45,42.50,9.95,40.95,40.95,231,2041.1852,30800,12400,06-JAN-2025
OPTSTK,METROPOLIS,27-Feb-2025,2025-02-27,2180.00,PE,0.00,0.00,0.00,197.30,166.90,0,0.00,0,0,06-JAN-2025
OPTSTK,CANBK,27-Feb-2025,2025-02-27,89.00,PE,0.00,0.00,0.00,1.95,1.50,0,0.00,0,0,06-JAN-2025
OPTSTK,CANBK,30-Jan-2025,2025-01-30,89.00,PE,0.60,0.85,0.45,0.80,0.55,64,387.142875,290250,290250,06-JAN-2025
OPTSTK,METROPOLIS,27-Feb-2025,2025-02-27,2360.00,PE,0.00,0.00,0.00,266.95,312.30,0,0.00,0,0,06-JAN-2025
OPTSTK,METROPOLIS,30-Jan-2025,2025-01-30,1680.00,PE,0.00,0.00,0.00,11.40,0.25,0,0.00,0,0,06-JAN-2025
OPTSTK,METROPOLIS,27-Feb-2025,2025-02-27,1820.00,PE,0.00,0.00,0.00,34.30,15.30,0,0.00,0,0,06-JAN-2025
OPTSTK,METROPOLIS,27-Feb-2025,2025-02-27,1820.00,CE,0.00,0.00,0.00,265.25,251.60,0,0.00,0,0,06-JAN-2025
OPTSTK,METROPOLIS,27-Feb-2025,2025-02-27,1900.00,PE,0.00,0.00,0.00,56.40,31.35,0,0.00,0,0,06-JAN-2025
OPTSTK,METROPOLIS,30-Jan-2025,2025-01-30,2260.00,CE,0.00,0.00,0.00,92.20,7.85,0,0.00,0,0,06-JAN-2025
OPTSTK,METROPOLIS,30-Jan-2025,2025-01-30,2260.00,PE,0.00,0.00,0.00,184.05,219.00,0,0.00,0,0,06-JAN-2025
OPTSTK,METROPOLIS,30-Jan-2025,2025-01-30,2240.00,PE,0.00,0.00,0.00,185.75,201.15,0,0.00,0,0,06-JAN-2025
OPTSTK,MARUTI,27-Mar-2025,2025-03-27,11000.00,PE,0.00,0.00,0.00,511.35,153.40,0,0.00,0,0,06-JAN-2025
OPTSTK,MARUTI,27-Feb-2025,2025-02-27,11000.00,PE,97.65,122.00,91.00,112.05,112.05,65,361.071575,6600,1650,06-JAN-2025
OPTSTK,MARUTI,27-Mar-2025,2025-03-27,12800.00,CE,0.00,0.00,0.00,102.00,197.00,0,0.00,0,0,06-JAN-2025
OPTSTK,MARUTI,30-Jan-2025,2025-01-30,12800.00,PE,0.00,0.00,0.00,1850.00,1014.80,0,0.00,50,0,06-JAN-2025
OPTSTK,SUNTV,30-Jan-2025,2025-01-30,580.00,CE,0.00,0.00,0.00,185.95,91.60,0,0.00,0,0,06-JAN-2025
OPTSTK,MARUTI,27-Mar-2025,2025-03-27,10600.00,PE,0.00,0.00,0.00,337.70,78.70,0,0.00,0,0,06-JAN-2025
OPTSTK,MARUTI,27-Feb-2025,2025-02-27,10600.00,PE,0.00,0.00,0.00,333.00,41.50,0,0.00,0,0,06-JAN-2025
OPTSTK,SUNTV,30-Jan-2025,2025-01-30,670.00,PE,8.85,21.20,8.85,21.20,19.20,158,812.863125,31500,-9750,06-JAN-2025
OPTSTK,SUNTV,27-Feb-2025,2025-02-27,760.00,PE,0.00,0.00,0.00,53.00,89.80,0,0.00,0,0,06-JAN-2025
OPTSTK,SUNTV,27-Feb-2025,2025-02-27,710.00,PE,0.00,0.00,0.00,48.25,50.60,0,0.00,0,0,06-JAN-2025
OPTSTK,SUNTV,27-Feb-2025,2025-02-27,630.00,CE,0.00,0.00,0.00,78.70,56.15,0,0.00,0,0,06-JAN-2025
OPTSTK,MARUTI,30-Jan-2025,2025-01-30,11800.00,PE,170.00,263.35,152.70,236.20,236.20,16111,96766.1236,120600,-19850,06-JAN-2025
OPTSTK,MARUTI,27-Mar-2025,2025-03-27,13400.00,CE,0.00,0.00,0.00,49.25,92.05,0,0.00,0,0,06-JAN-2025
OPTSTK,SUNTV,27-Feb-2025,2025-02-27,740.00,PE,0.00,0.00,0.00,43.05,73.10,0,0.00,0,0,06-JAN-2025
OPTSTK,SUNTV,30-Jan-2025,2025-01-30,740.00,PE,0.00,0.00,0.00,59.00,70.55,0,0.00,750,0,06-JAN-2025
OPTSTK,SUNTV,30-Jan-2025,2025-01-30,810.00,CE,0.00,0.00,0.00,0.50,0.10,0,0.00,1500,0,06-JAN-2025
OPTSTK,TATASTEEL,30-Jan-2025,2025-01-30,130.00,CE,9.30,9.30,5.25,5.60,5.60,1186,8900.474,2805000,253000,06-JAN-2025
OPTSTK,TATASTEEL,27-Mar-2025,2025-03-27,130.00,CE,0.00,0.00,0.00,16.75,9.15,0,0.00,0,0,06-JAN-2025
OPTSTK,TATASTEEL,27-Feb-2025,2025-02-27,130.00,PE,2.20,4.55,2.20,4.35,4.35,161,1183.6,803000,176000,06-JAN-2025
OPTSTK,BAJAJFINSV,27-Feb-2025,2025-02-27,1440.00,CE,0.00,0.00,0.00,188.90,260.45,0,0.00,0,0,06-JAN-2025
OPTSTK,TATASTEEL,27-Feb-2025,2025-02-27,115.00,PE,0.00,0.00,0.00,0.90,0.50,0,0.00,0,0,06-JAN-2025
FUTSTK,TATASTEEL,27-Mar-2025,2025-03-27,,,140.14,140.14,133.84,134.43,134.43,362,2710.2944,1996500,968000,06-JAN-2025
OPTSTK,TATASTEEL,30-Jan-2025,2025-01-30,145.00,CE,1.65,1.65,0.65,0.75,0.75,6741,54101.5777,16324000,3723500,06-JAN-2025
OPTSTK,TATASTEEL,27-Feb-2025,2025-02-27,120.00,PE,0.70,1.80,0.70,1.75,1.75,445,2972.0075,1490500,968000,06-JAN-2025
OPTSTK,TATASTEEL,27-Feb-2025,2025-02-27,127.00,PE,0.00,0.00,0.00,2.25,2.90,0,0.00,0,0,06-JAN-2025
OPTSTK,TATASTEEL,27-Mar-2025,2025-03-27,144.00,PE,0.00,0.00,0.00,10.00,13.10,0,0.00,0,0,06-JAN-2025
OPTSTK,BAJAJFINSV,30-Jan-2025,2025-01-30,1860.00,CE,7.05,8.40,3.35,3.80,3.80,1297,12099.108,154500,-5500,06-JAN-2025
OPTSTK,BAJAJFINSV,30-Jan-2025,2025-01-30,1740.00,CE,34.95,39.50,18.60,20.90,20.90,4289,37931.541,556000,90000,06-JAN-2025
OPTSTK,TATASTEEL,30-Jan-2025,2025-01-30,128.00,PE,0.65,2.40,0.65,2.15,2.15,663,4727.51125,1298000,412500,06-JAN-2025
OPTSTK,TATASTEEL,27-Feb-2025,2025-02-27,128.00,PE,0.00,0.00,0.00,2.50,3.25,0,0.00,0,0,06-JAN-2025
OPTSTK,TATASTEEL,27-Mar-2025,2025-03-27,128.00,CE,0.00,0.00,0.00,18.15,10.30,0,0.00,0,0,06-JAN-2025
OPTSTK,TATASTEEL,27-Feb-2025,2025-02-27,137.00,CE,4.75,4.90,4.75,4.90,4.15,3,23.397,11000,5500,06-JAN-2025
OPTSTK,TATASTEEL,30-Jan-2025,2025-01-30,137.00,CE,4.55,4.55,2.10,2.30,2.30,1130,8700.4115,2040500,1061500,06-JAN-2025
OPTSTK,BAJAJFINSV,27-Feb-2025,2025-02-27,1680.00,CE,73.80,73.80,73.80,73.80,72.90,1,8.769,2500,0,06-JAN-2025
OPTSTK,BAJAJFINSV,27-Feb-2025,2025-02-27,1820.00,CE,0.00,0.00,0.00,31.00,22.00,0,0.00,1000,0,06-JAN-2025
OPTSTK,TATASTEEL,30-Jan-2025,2025-01-30,131.00,CE,6.95,7.20,4.90,5.00,5.00,33,247.83825,82500,49500,06-JAN-2025
OPTSTK,TATASTEEL,27-Feb-2025,2025-02-27,131.00,PE,4.30,4.30,4.30,4.30,4.45,1,7.4415,5500,5500,06-JAN-2025
OPTSTK,TATASTEEL,27-Feb-2025,2025-02-27,131.00,CE,0.00,0.00,0.00,14.30,6.90,0,0.00,0,0,06-JAN-2025
OPTSTK,TATASTEEL,30-Jan-2025,2025-01-30,144.00,CE,1.60,1.60,0.80,0.85,0.85,460,3667.785,1386000,374000,06-JAN-2025
OPTSTK,BAJAJFINSV,27-Feb-2025,2025-02-27,1460.00,CE,0.00,0.00,0.00,143.85,241.60,0,0.00,0,0,06-JAN-2025
OPTSTK,TATASTEEL,30-Jan-2025,2025-01-30,113.00,PE,0.00,0.00,0.00,0.10,0.05,0,0.00,0,0,06-JAN-2025
OPTSTK,BAJAJFINSV,27-Feb-2025,2025-02-27,1960.00,CE,0.00,0.00,0.00,9.15,4.60,0,0.00,0,0,06-JAN-2025
OPTSTK,BAJAJFINSV,30-Jan-2025,2025-01-30,1580.00,PE,5.10,8.80,4.65,7.70,7.70,1200,9519.239,360000,-500,06-JAN-2025
OPTSTK,TATASTEEL,30-Jan-2025,2025-01-30,122.00,PE,0.30,1.05,0.30,0.90,0.90,644,4347.16425,1221000,577500,06-JAN-2025
OPTSTK,TATASTEEL,27-Feb-2025,2025-02-27,122.00,PE,0.00,0.00,0.00,1.30,1.50,0,0.00,0,0,06-JAN-2025
OPTSTK,TATASTEEL,27-Mar-2025,2025-03-27,122.00,CE,0.00,0.00,0.00,22.60,14.30,0,0.00,0,0,06-JAN-2025
OPTSTK,TATASTEEL,27-Feb-2025,2025-02-27,122.00,CE,0.00,0.00,0.00,21.20,12.90,0,0.00,0,0,06-JAN-2025
OPTSTK,LICI,27-Feb-2025,2025-02-27,780.00,CE,0.00,0.00,0.00,186.25,111.45,0,0.00,0,0,06-JAN-2025
OPTSTK,LICI,30-Jan-2025,2025-01-30,1000.00,CE,2.60,2.60,1.25,1.50,1.50,720,4146.59582,364550,9200,06-JAN-2025
OPTSTK,COFORGE,27-Mar-2025,2025-03-27,10600.00,CE,0.00,0.00,0.00,389.50,278.00,0,0.00,0,0,06-JAN-2025
OPTSTK,COFORGE,30-Jan-2025,2025-01-30,10600.00,CE,71.95,80.85,62.05,63.80,63.80,797,6379.47382,89550,3375,06-JAN-2025
OPTSTK,LICI,27-Mar-2025,2025-03-27,860.00,PE,0.00,0.00,0.00,46.70,39.45,0,0.00,0,0,06-JAN-2025
OPTSTK,COFORGE,27-Feb-2025,2025-02-27,10900.00,CE,0.00,0.00,0.00,199.35,113.55,0,0.00,0,0,06-JAN-2025
OPTSTK,LICI,27-Feb-2025,2025-02-27,780.00,PE,0.00,0.00,0.00,13.60,8.15,0,0.00,0,0,06-JAN-2025
OPTSTK,COFORGE,30-Jan-2025,2025-01-30,9000.00,PE,100.05,121.10,75.75,115.80,115.80,1668,11383.9224,84975,-3150,06-JAN-2025
OPTSTK,COFORGE,30-Jan-2025,2025-01-30,9000.00,CE,793.60,793.60,755.00,756.85,756.85,6,43.944675,14250,225,06-JAN-2025
OPTSTK,COFORGE,27-Feb-2025,2025-02-27,9000.00,PE,0.00,0.00,0.00,782.30,175.95,0,0.00,0,0,06-JAN-2025
OPTSTK,COFORGE,27-Mar-2025,2025-03-27,9000.00,CE,0.00,0.00,0.00,1077.50,1015.65,0,0.00,0,0,06-JAN-2025
OPTSTK,COFORGE,27-Feb-2025,2025-02-27,9000.00,CE,0.00,0.00,0.00,605.70,893.85,0,0.00,0,0,06-JAN-2025
OPTSTK,COFORGE,27-Mar-2025,2025-03-27,9000.00,PE,0.00,0.00,0.00,421.70,251.70,0,0.00,0,0,06-JAN-2025
OPTSTK,LICI,27-Mar-2025,2025-03-27,820.00,PE,0.00,0.00,0.00,31.70,24.30,0,0.00,0,0,06-JAN-2025
OPTSTK,COFORGE,30-Jan-2025,2025-01-30,10900.00,CE,0.00,0.00,0.00,65.15,27.20,0,0.00,0,0,06-JAN-2025
OPTSTK,COFORGE,30-Jan-2025,2025-01-30,7600.00,CE,0.00,0.00,0.00,1810.00,2065.75,0,0.00,150,0,06-JAN-2025
OPTSTK,LICI,27-Feb-2025,2025-02-27,940.00,CE,0.00,0.00,0.00,81.95,22.10,0,0.00,0,0,06-JAN-2025
OPTSTK,COFORGE,27-Feb-2025,2025-02-27,9600.00,CE,0.00,0.00,0.00,394.80,524.90,0,0.00,0,0,06-JAN-2025
OPTSTK,MUTHOOTFIN,30-Jan-2025,2025-01-30,2440.00,CE,7.95,8.10,3.85,5.30,5.30,433,2911.8837,111650,-18975,06-JAN-2025
OPTSTK,VBL,27-Feb-2025,2025-02-27,610.00,CE,0.00,0.00,0.00,53.45,46.55,0,0.00,0,0,06-JAN-2025
OPTSTK,VBL,27-Mar-2025,2025-03-27,560.00,PE,0.00,0.00,0.00,19.65,10.45,0,0.00,0,0,06-JAN-2025
OPTSTK,VBL,27-Mar-2025,2025-03-27,560.00,CE,0.00,0.00,0.00,93.90,89.40,0,0.00,0,0,06-JAN-2025
OPTSTK,VBL,27-Feb-2025,2025-02-27,700.00,CE,0.00,0.00,0.00,14.00,11.35,0,0.00,1750,0,06-JAN-2025
OPTSTK,VBL,30-Jan-2025,2025-01-30,700.00,PE,68.40,68.40,68.40,68.40,69.80,1,6.7235,22750,-875,06-JAN-2025
OPTSTK,CAMS,27-Feb-2025,2025-02-27,5400.00,CE,0.00,0.00,0.00,280.95,102.25,0,0.00,0,0,06-JAN-2025
OPTSTK,VBL,30-Jan-2025,2025-01-30,690.00,PE,0.00,0.00,0.00,41.75,61.20,0,0.00,24500,0,06-JAN-2025
OPTSTK,VBL,27-Feb-2025,2025-02-27,690.00,PE,0.00,0.00,0.00,78.75,66.30,0,0.00,0,0,06-JAN-2025
OPTSTK,VBL,27-Mar-2025,2025-03-27,600.00,PE,0.00,0.00,0.00,34.00,22.10,0,0.00,0,0,06-JAN-2025
OPTSTK,VBL,27-Feb-2025,2025-02-27,600.00,CE,0.00,0.00,0.00,51.00,52.85,0,0.00,875,0,06-JAN-2025
OPTSTK,VBL,27-Mar-2025,2025-03-27,600.00,CE,0.00,0.00,0.00,68.95,61.60,0,0.00,0,0,06-JAN-2025
OPTSTK,VBL,30-Jan-2025,2025-01-30,600.00,PE,5.00,10.15,5.00,9.30,9.30,923,4908.90443,334250,98875,06-JAN-2025
OPTSTK,MUTHOOTFIN,30-Jan-2025,2025-01-30,2420.00,CE,8.45,8.45,5.45,6.00,5.85,65,433.642825,15400,-2475,06-JAN-2025
OPTSTK,VBL,30-Jan-2025,2025-01-30,680.00,PE,51.65,55.70,51.65,53.45,52.95,17,109.242437,85750,-5250,06-JAN-2025
OPTSTK,VBL,27-Feb-2025,2025-02-27,720.00,CE,0.00,0.00,0.00,26.00,7.75,0,0.00,0,0,06-JAN-2025
OPTSTK,VBL,30-Jan-2025,2025-01-30,720.00,PE,0.00,0.00,0.00,97.60,87.95,0,0.00,0,0,06-JAN-2025
OPTSTK,VBL,27-Feb-2025,2025-02-27,720.00,PE,0.00,0.00,0.00,102.35,90.15,0,0.00,0,0,06-JAN-2025
OPTSTK,VBL,30-Jan-2025,2025-01-30,640.00,PE,18.50,27.00,17.50,25.30,25.30,137,794.349062,53375,-56000,06-JAN-2025
OPTSTK,VBL,27-Mar-2025,2025-03-27,660.00,CE,0.00,0.00,0.00,40.80,31.55,0,0.00,0,0,06-JAN-2025
OPTSTK,MUTHOOTFIN,30-Jan-2025,2025-01-30,1920.00,CE,0.00,0.00,0.00,145.85,275.75,0,0.00,0,0,06-JAN-2025
OPTSTK,MUTHOOTFIN,27-Feb-2025,2025-02-27,2400.00,PE,0.00,0.00,0.00,460.95,218.25,0,0.00,0,0,06-JAN-2025
OPTSTK,MUTHOOTFIN,27-Feb-2025,2025-02-27,2080.00,PE,0.00,0.00,0.00,203.75,37.85,0,0.00,0,0,06-JAN-2025
OPTSTK,VBL,27-Feb-2025,2025-02-27,540.00,CE,0.00,0.00,0.00,114.50,99.35,0,0.00,0,0,06-JAN-2025
OPTSTK,VBL,27-Feb-2025,2025-02-27,540.00,PE,0.00,0.00,0.00,14.05,3.50,0,0.00,0,0,06-JAN-2025
OPTSTK,MUTHOOTFIN,27-Feb-2025,2025-02-27,2120.00,CE,0.00,0.00,0.00,61.70,137.10,0,0.00,0,0,06-JAN-2025
OPTSTK,MUTHOOTFIN,30-Jan-2025,2025-01-30,2100.00,CE,154.00,154.00,109.25,122.55,122.55,62,378.628937,62700,3850,06-JAN-2025
OPTSTK,MUTHOOTFIN,30-Jan-2025,2025-01-30,2100.00,PE,12.90,29.50,12.90,27.90,27.90,1249,7293.25685,95425,-39875,06-JAN-2025
OPTSTK,MUTHOOTFIN,30-Jan-2025,2025-01-30,1940.00,CE,0.00,0.00,0.00,140.90,256.55,0,0.00,550,0,06-JAN-2025
OPTSTK,MUTHOOTFIN,30-Jan-2025,2025-01-30,1940.00,PE,3.75,5.65,3.75,5.40,5.40,71,379.638875,28050,10450,06-JAN-2025
OPTSTK,MUTHOOTFIN,27-Feb-2025,2025-02-27,1940.00,PE,0.00,0.00,0.00,48.45,10.35,0,0.00,0,0,06-JAN-2025
OPTSTK,MUTHOOTFIN,27-Feb-2025,2025-02-27,1900.00,CE,0.00,0.00,0.00,223.55,310.55,0,0.00,0,0,06-JAN-2025
OPTSTK,HEROMOTOCO,27-Feb-2025,2025-02-27,3750.00,CE,0.00,0.00,0.00,603.00,505.70,0,0.00,0,0,06-JAN-2025
OPTSTK,HEROMOTOCO,30-Jan-2025,2025-01-30,3750.00,PE,8.35,9.30,5.40,8.60,3.35,97,546.738075,38850,3600,06-JAN-2025
OPTSTK,HEROMOTOCO,30-Jan-2025,2025-01-30,5400.00,CE,1.15,1.45,0.20,0.70,0.70,59,477.99255,13650,1500,06-JAN-2025
OPTSTK,HEROMOTOCO,30-Jan-2025,2025-01-30,5400.00,PE,0.00,0.00,0.00,1160.00,1173.35,0,0.00,3000,0,06-JAN-2025
OPTSTK,HEROMOTOCO,27-Feb-2025,2025-02-27,4800.00,PE,0.00,0.00,0.00,256.70,570.75,0,0.00,0,0,06-JAN-2025
OPTSTK,M&MFIN,30-Jan-2025,2025-01-30,250.00,PE,3.00,3.20,1.50,2.95,2.95,857,4322.419,886000,200000,06-JAN-2025
OPTSTK,HEROMOTOCO,27-Feb-2025,2025-02-27,3950.00,PE,0.00,0.00,0.00,68.90,50.20,0,0.00,0,0,06-JAN-2025
OPTSTK,HEROMOTOCO,27-Feb-2025,2025-02-27,4500.00,PE,0.00,0.00,0.00,311.80,321.55,0,0.00,0,0,06-JAN-2025
OPTSTK,ICICIGI,30-Jan-2025,2025-01-30,1840.00,PE,56.15,71.55,51.00,66.45,66.45,242,1150.25587,58250,-9750,06-JAN-2025
OPTSTK,M&MFIN,27-Feb-2025,2025-02-27,220.00,CE,0.00,0.00,0.00,58.55,53.45,0,0.00,0,0,06-JAN-2025
OPTSTK,M&MFIN,27-Mar-2025,2025-03-27,220.00,PE,0.00,0.00,0.00,3.10,1.00,0,0.00,0,0,06-JAN-2025
OPTSTK,HEROMOTOCO,30-Jan-2025,2025-01-30,5300.00,CE,0.00,0.00,0.00,3.00,0.05,0,0.00,600,0,06-JAN-2025
OPTSTK,HEROMOTOCO,30-Jan-2025,2025-01-30,3700.00,PE,4.80,7.25,4.20,6.75,6.75,189,1050.6048,72150,-2850,06-JAN-2025
OPTSTK,HEROMOTOCO,27-Feb-2025,2025-02-27,3700.00,PE,0.00,0.00,0.00,24.70,12.45,0,0.00,0,0,06-JAN-2025
OPTSTK,M&MFIN,27-Feb-2025,2025-02-27,275.00,CE,0.00,0.00,0.00,13.90,12.10,0,0.00,0,0,06-JAN-2025
OPTSTK,ICICIGI,27-Mar-2025,2025-03-27,1600.00,CE,0.00,0.00,0.00,303.15,244.95,0,0.00,0,0,06-JAN-2025
OPTSTK,ICICIGI,27-Feb-2025,2025-02-27,1600.00,PE,0.00,0.00,0.00,11.90,4.05,0,0.00,0,0,06-JAN-2025
OPTSTK,ICICIGI,27-Feb-2025,2025-02-27,1880.00,PE,0.00,0.00,0.00,90.90,92.00,0,0.00,0,0,06-JAN-2025
OPTSTK,ICICIGI,27-Mar-2025,2025-03-27,1680.00,PE,0.00,0.00,0.00,26.30,21.35,0,0.00,0,0,06-JAN-2025
OPTSTK,ICICIGI,30-Jan-2025,2025-01-30,1820.00,CE,73.40,73.85,49.55,53.60,53.60,383,1798.1355,40750,7250,06-JAN-2025
OPTSTK,HEROMOTOCO,27-Mar-2025,2025-03-27,3600.00,PE,0.00,0.00,0.00,28.65,15.30,0,0.00,0,0,06-JAN-2025
OPTSTK,HEROMOTOCO,30-Jan-2025,2025-01-30,4300.00,CE,87.35,111.00,65.10,69.15,69.15,5972,39334.5489,380550,-600,06-JAN-2025
OPTSTK,ICICIGI,30-Jan-2025,2025-01-30,2020.00,PE,0.00,0.00,0.00,164.15,200.20,0,0.00,0,0,06-JAN-2025
OPTSTK,ICICIGI,27-Feb-2025,2025-02-27,2020.00,CE,0.00,0.00,0.00,38.00,10.95,0,0.00,0,0,06-JAN-2025
OPTSTK,M&MFIN,27-Feb-2025,2025-02-27,235.00,PE,0.00,0.00,0.00,4.15,1.40,0,0.00,0,0,06-JAN-2025
OPTSTK,M&MFIN,30-Jan-2025,2025-01-30,235.00,PE,0.70,0.95,0.45,0.95,0.95,201,947.554,396000,102000,06-JAN-2025
FUTSTK,ICICIGI,27-Mar-2025,2025-03-27,,,0.00,0.00,0.00,1851.00,1839.75,0,0.00,500,0,06-JAN-2025
OPTSTK,HEROMOTOCO,30-Jan-2025,2025-01-30,4500.00,PE,245.10,310.80,228.25,310.80,310.80,13,92.9157,97200,-450,06-JAN-2025
OPTSTK,M&MFIN,30-Jan-2025,2025-01-30,300.00,PE,22.00,30.00,22.00,28.10,28.90,18,117.848,396000,4000,06-JAN-2025
OPTSTK,M&MFIN,27-Mar-2025,2025-03-27,300.00,CE,0.00,0.00,0.00,9.55,7.05,0,0.00,0,0,06-JAN-2025
OPTSTK,ICICIGI,30-Jan-2025,2025-01-30,1960.00,CE,13.15,16.65,10.45,12.05,12.05,100,493.218375,33250,500,06-JAN-2025
OPTSTK,ICICIGI,27-Mar-2025,2025-03-27,1960.00,PE,0.00,0.00,0.00,140.15,153.90,0,0.00,0,0,06-JAN-2025
OPTIDX,NIFTY,09-Jan-2025,2025-01-09,25800.00,CE,0.90,1.75,0.80,1.40,1.40,73807,1428230.13,1374225,398775,06-JAN-2025
OPTIDX,NIFTY,06-Feb-2025,2025-02-06,25000.00,CE,120.00,130.00,65.75,71.35,71.35,2185,41095.9117,119475,117375,06-JAN-2025
OPTIDX,NIFTY,16-Jan-2025,2025-01-16,25800.00,PE,0.00,0.00,0.00,1210.55,2136.30,0,0.00,0,0,06-JAN-2025
OPTIDX,NIFTY,24-Dec-2025,2025-12-24,25000.00,CE,1576.35,1599.95,1375.10,1407.25,1407.25,422,8363.7783,105700,-9700,06-JAN-2025
OPTIDX,NIFTY,27-Mar-2025,2025-03-27,25000.00,CE,359.05,365.05,242.80,249.85,249.85,9691,183722.938,1180125,22175,06-JAN-2025
OPTIDX,NIFTY,30-Jan-2025,2025-01-30,25800.00,PE,1735.00,2068.15,1735.00,2061.55,2061.55,7,48.5118875,46025,75,06-JAN-2025
OPTIDX,NIFTY,30-Dec-2027,2027-12-30,25000.00,PE,0.00,0.00,0.00,2948.45,860.15,0,0.00,0,0,06-JAN-2025
OPTIDX,NIFTY,23-Jan-2025,2025-01-23,25000.00,PE,0.00,0.00,0.00,1045.10,1315.25,0,0.00,0,0,06-JAN-2025
OPTIDX,NIFTY,30-Dec-2027,2027-12-30,25000.00,CE,0.00,0.00,0.00,3458.35,4032.60,0,0.00,0,0,06-JAN-2025
OPTIDX,NIFTY,28-Jun-2029,2029-06-28,25000.00,PE,0.00,0.00,0.00,852.50,667.30,0,0.00,0,0,06-JAN-2025
OPTIDX,NIFTY,28-Dec-2028,2028-12-28,25000.00,CE,0.00,0.00,0.00,5350.40,5230.15,0,0.00,0,0,06-JAN-2025
OPTIDX,NIFTY,27-Mar-2025,2025-03-27,25800.00,PE,0.00,0.00,0.00,1825.90,1903.10,0,0.00,0,0,06-JAN-2025
OPTIDX,NIFTY,16-Jan-2025,2025-01-16,25800.00,CE,2.80,3.05,2.15,2.80,2.80,2099,40619.6778,23700,8025,06-JAN-2025
OPTIDX,NIFTY,30-Jan-2025,2025-01-30,23750.00,PE,199.95,426.60,189.70,389.25,389.25,26529,159621.790,163925,-34425,06-JAN-2025
OPTIDX,NIFTY,23-Jan-2025,2025-01-23,25100.00,CE,22.25,25.10,12.20,14.10,14.10,564,10624.0052,13350,-5025,06-JAN-2025
OPTIDX,NIFTY,27-Feb-2025,2025-02-27,25100.00,PE,0.00,0.00,0.00,1004.45,1349.75,0,0.00,600,0,06-JAN-2025
OPTIDX,NIFTY,27-Mar-2025,2025-03-27,25100.00,PE,0.00,0.00,0.00,1312.35,1329.75,0,0.00,0,0,06-JAN-2025
OPTIDX,NIFTY,23-Jan-2025,2025-01-23,25100.00,PE,0.00,0.00,0.00,1122.75,1412.05,0,0.00,0,0,06-JAN-2025
OPTIDX,NIFTY,06-Feb-2025,2025-02-06,25100.00,PE,0.00,0.00,0.00,942.80,1377.45,0,0.00,0,0,06-JAN-2025
OPTIDX,NIFTY,16-Jan-2025,2025-01-16,25100.00,CE,5.85,10.00,5.55,5.90,5.90,12712,239367.440,205800,79800,06-JAN-2025
OPTIDX,NIFTY,27-Mar-2025,2025-03-27,23600.00,CE,934.25,937.90,847.90,863.90,863.90,55,1009.33755,3900,1575,06-JAN-2025
OPTIDX,NIFTY,16-Jan-2025,2025-01-16,23600.00,PE,77.35,286.50,72.90,254.15,254.15,47400,845884.068,471750,208500,06-JAN-2025
OPTIDX,NIFTY,30-Jan-2025,2025-01-30,23600.00,CE,662.25,699.60,417.60,442.90,442.90,42885,258195.301,474400,78150,06-JAN-2025
OPTIDX,NIFTY,09-Jan-2025,2025-01-09,23600.00,PE,28.95,225.00,24.00,185.15,185.15,2180088,38803141.0,3848325,547875,06-JAN-2025
OPTIDX,NIFTY,06-Feb-2025,2025-02-06,23600.00,PE,385.00,400.75,385.00,400.75,304.45,4,71.9876625,75,75,06-JAN-2025
OPTIDX,NIFTY,30-Jan-2025,2025-01-30,23600.00,PE,160.00,355.00,149.80,323.10,323.10,112197,669819.910,1042825,58125,06-JAN-2025
OPTIDX,NIFTY,06-Feb-2025,2025-02-06,23600.00,CE,570.00,571.00,553.00,561.35,561.35,12,217.45575,375,375,06-JAN-2025
OPTIDX,NIFTY,23-Jan-2025,2025-01-23,23600.00,CE,428.40,451.30,361.25,383.90,383.90,758,13641.9300,16350,13575,06-JAN-2025
OPTIDX,NIFTY,27-Feb-2025,2025-02-27,23600.00,CE,853.95,853.95,653.05,677.10,677.10,503,9165.83636,26775,14850,06-JAN-2025
OPTIDX,NIFTY,16-Jan-2025,2025-01-16,23600.00,CE,531.00,560.00,285.90,310.10,310.10,13591,243858.110,275925,161625,06-JAN-2025
OPTIDX,NIFTY,27-Feb-2025,2025-02-27,22550.00,CE,0.00,0.00,0.00,1948.60,1366.85,0,0.00,0,0,06-JAN-2025
OPTSTK,COLPAL,27-Mar-2025,2025-03-27,3000.00,CE,0.00,0.00,0.00,72.50,52.40,0,0.00,0,0,06-JAN-2025
OPTSTK,COLPAL,27-Mar-2025,2025-03-27,2400.00,CE,0.00,0.00,0.00,392.55,400.80,0,0.00,0,0,06-JAN-2025
OPTSTK,MAXHEALTH,30-Jan-2025,2025-01-30,1020.00,CE,0.00,0.00,0.00,128.00,141.65,0,0.00,2100,0,06-JAN-2025
OPTSTK,MAXHEALTH,27-Feb-2025,2025-02-27,1020.00,CE,0.00,0.00,0.00,173.30,156.00,0,0.00,0,0,06-JAN-2025
OPTSTK,MAXHEALTH,27-Feb-2025,2025-02-27,1020.00,PE,0.00,0.00,0.00,24.85,13.05,0,0.00,0,0,06-JAN-2025
OPTSTK,NAVINFLUOR,27-Feb-2025,2025-02-27,3500.00,PE,0.00,0.00,0.00,242.05,223.55,0,0.00,0,0,06-JAN-2025
OPTSTK,MAXHEALTH,27-Mar-2025,2025-03-27,1200.00,CE,0.00,0.00,0.00,89.55,65.20,0,0.00,0,0,06-JAN-2025
OPTSTK,MAXHEALTH,30-Jan-2025,2025-01-30,1200.00,CE,33.00,36.00,23.00,27.00,27.00,818,5281.96541,184800,-5250,06-JAN-2025
OPTSTK,BHEL,27-Feb-2025,2025-02-27,240.00,CE,7.45,7.65,5.90,6.35,6.35,21,136.061625,107625,21000,06-JAN-2025
OPTSTK,COLPAL,27-Mar-2025,2025-03-27,2640.00,PE,0.00,0.00,0.00,96.10,60.00,0,0.00,0,0,06-JAN-2025
OPTSTK,COLPAL,27-Feb-2025,2025-02-27,2600.00,PE,0.00,0.00,0.00,25.40,33.00,0,0.00,0,0,06-JAN-2025
OPTSTK,COLPAL,30-Jan-2025,2025-01-30,3280.00,PE,0.00,0.00,0.00,539.95,512.20,0,0.00,0,0,06-JAN-2025
OPTSTK,COLPAL,30-Jan-2025,2025-01-30,2460.00,PE,5.30,6.70,5.30,6.20,1.85,125,539.446687,11900,11900,06-JAN-2025
OPTSTK,BHEL,30-Jan-2025,2025-01-30,245.00,PE,20.90,26.05,20.90,26.05,26.05,16,112.40775,611625,-5250,06-JAN-2025
OPTSTK,COLPAL,27-Mar-2025,2025-03-27,2840.00,CE,0.00,0.00,0.00,124.40,104.50,0,0.00,0,0,06-JAN-2025
OPTSTK,COLPAL,27-Feb-2025,2025-02-27,2840.00,CE,0.00,0.00,0.00,92.60,74.65,0,0.00,0,0,06-JAN-2025
OPTSTK,COLPAL,30-Jan-2025,2025-01-30,3040.00,CE,16.50,16.50,8.30,9.50,9.50,68,362.966275,11375,1225,06-JAN-2025
OPTSTK,COLPAL,27-Feb-2025,2025-02-27,3040.00,CE,0.00,0.00,0.00,38.55,22.95,0,0.00,0,0,06-JAN-2025
OPTSTK,COLPAL,30-Jan-2025,2025-01-30,2920.00,CE,40.15,40.15,22.75,24.75,18.55,34,175.347987,12950,875,06-JAN-2025
OPTSTK,COLPAL,27-Feb-2025,2025-02-27,2920.00,CE,0.00,0.00,0.00,66.40,48.20,0,0.00,0,0,06-JAN-2025
OPTSTK,COLPAL,30-Jan-2025,2025-01-30,2920.00,PE,181.15,188.50,181.15,188.50,172.20,4,21.738325,700,350,06-JAN-2025
OPTSTK,COLPAL,27-Mar-2025,2025-03-27,2920.00,PE,0.00,0.00,0.00,243.80,198.70,0,0.00,0,0,06-JAN-2025
OPTSTK,COLPAL,30-Jan-2025,2025-01-30,2400.00,PE,4.20,6.00,1.60,3.25,3.25,54,227.081312,3850,1925,06-JAN-2025
OPTSTK,COLPAL,27-Feb-2025,2025-02-27,2760.00,CE,0.00,0.00,0.00,125.85,110.40,0,0.00,0,0,06-JAN-2025
OPTSTK,MAXHEALTH,27-Feb-2025,2025-02-27,1200.00,PE,0.00,0.00,0.00,227.15,83.05,0,0.00,0,0,06-JAN-2025
OPTSTK,NAVINFLUOR,27-Feb-2025,2025-02-27,3000.00,PE,0.00,0.00,0.00,50.25,28.40,0,0.00,350,0,06-JAN-2025
OPTSTK,COLPAL,27-Mar-2025,2025-03-27,3000.00,PE,0.00,0.00,0.00,299.15,254.90,0,0.00,0,0,06-JAN-2025
OPTSTK,COLPAL,27-Mar-2025,2025-03-27,2640.00,CE,0.00,0.00,0.00,222.95,212.20,0,0.00,0,0,06-JAN-2025
OPTSTK,COLPAL,30-Jan-2025,2025-01-30,2880.00,CE,52.00,52.00,27.20,32.60,32.60,98,499.8315,18025,2975,06-JAN-2025
OPTSTK,COLPAL,27-Feb-2025,2025-02-27,2580.00,CE,0.00,0.00,0.00,228.80,226.50,0,0.00,0,0,06-JAN-2025
OPTSTK,COLPAL,27-Feb-2025,2025-02-27,2880.00,CE,0.00,0.00,0.00,78.65,60.35,0,0.00,0,0,06-JAN-2025
OPTSTK,COLPAL,30-Jan-2025,2025-01-30,2880.00,PE,0.00,0.00,0.00,184.40,140.90,0,0.00,0,0,06-JAN-2025
OPTSTK,TATAPOWER,30-Jan-2025,2025-01-30,445.00,PE,0.00,0.00,0.00,44.70,64.80,0,0.00,25650,0,06-JAN-2025
OPTSTK,EXIDEIND,27-Feb-2025,2025-02-27,520.00,PE,0.00,0.00,0.00,85.00,106.95,0,0.00,1800,0,06-JAN-2025
OPTSTK,EXIDEIND,30-Jan-2025,2025-01-30,440.00,PE,25.00,34.20,25.00,34.20,34.20,22,186.2109,441000,-10800,06-JAN-2025
OPTSTK,EXIDEIND,30-Jan-2025,2025-01-30,440.00,CE,7.10,7.10,3.75,4.20,4.20,998,7989.2928,1092600,-10800,06-JAN-2025
OPTSTK,TATAPOWER,30-Jan-2025,2025-01-30,360.00,PE,1.60,5.35,1.60,4.95,4.95,2895,14209.7274,1048950,228150,06-JAN-2025
OPTSTK,EXIDEIND,27-Feb-2025,2025-02-27,360.00,PE,0.00,0.00,0.00,4.65,3.65,0,0.00,0,0,06-JAN-2025
FUTSTK,EXIDEIND,30-Jan-2025,2025-01-30,,,426.30,427.05,407.60,410.45,410.45,4946,36843.1407,32115600,-997200,06-JAN-2025
FUTSTK,EXIDEIND,27-Mar-2025,2025-03-27,,,429.20,429.20,414.00,415.65,415.65,93,701.5347,230400,57600,06-JAN-2025
OPTSTK,EXIDEIND,27-Mar-2025,2025-03-27,410.00,CE,0.00,0.00,0.00,42.15,28.55,0,0.00,0,0,06-JAN-2025
OPTSTK,TATAPOWER,27-Mar-2025,2025-03-27,380.00,PE,0.00,0.00,0.00,17.25,21.00,0,0.00,0,0,06-JAN-2025
OPTSTK,TATAPOWER,27-Feb-2025,2025-02-27,380.00,PE,10.10,17.05,10.05,16.90,16.90,53,281.404125,86400,22950,06-JAN-2025
OPTSTK,EXIDEIND,30-Jan-2025,2025-01-30,380.00,CE,39.65,39.65,33.00,36.10,36.10,5,37.458,54000,1800,06-JAN-2025
OPTSTK,EXIDEIND,30-Jan-2025,2025-01-30,465.00,CE,2.50,2.50,1.35,1.55,1.55,198,1663.2225,136800,16200,06-JAN-2025
OPTSTK,EXIDEIND,27-Feb-2025,2025-02-27,405.00,CE,0.00,0.00,0.00,21.20,25.05,0,0.00,0,0,06-JAN-2025
OPTSTK,EXIDEIND,30-Jan-2025,2025-01-30,470.00,CE,1.60,1.80,1.05,1.25,1.25,474,4020.9822,723600,50400,06-JAN-2025
OPTSTK,EXIDEIND,27-Feb-2025,2025-02-27,440.00,PE,0.00,0.00,0.00,26.30,37.80,0,0.00,0,0,06-JAN-2025
OPTSTK,EXIDEIND,30-Jan-2025,2025-01-30,510.00,PE,0.00,0.00,0.00,68.00,98.90,0,0.00,1800,0,06-JAN-2025
OPTSTK,SUPREMEIND,27-Feb-2025,2025-02-27,4000.00,CE,0.00,0.00,0.00,748.55,614.05,0,0.00,0,0,06-JAN-2025
OPTSTK,ASTRAL,27-Mar-2025,2025-03-27,1800.00,PE,0.00,0.00,0.00,162.85,232.05,0,0.00,0,0,06-JAN-2025
OPTSTK,LUPIN,27-Feb-2025,2025-02-27,2080.00,PE,0.00,0.00,0.00,152.05,8.95,0,0.00,0,0,06-JAN-2025
OPTSTK,LUPIN,27-Feb-2025,2025-02-27,2580.00,PE,0.00,0.00,0.00,383.85,225.10,0,0.00,0,0,06-JAN-2025
OPTSTK,LUPIN,30-Jan-2025,2025-01-30,2580.00,PE,0.00,0.00,0.00,553.35,217.00,0,0.00,0,0,06-JAN-2025
OPTSTK,LUPIN,27-Feb-2025,2025-02-27,2480.00,PE,0.00,0.00,0.00,455.30,151.90,0,0.00,0,0,06-JAN-2025
OPTSTK,ASTRAL,27-Feb-2025,2025-02-27,1600.00,CE,87.15,87.15,57.25,57.25,48.80,4,24.568448,1101,1101,06-JAN-2025
OPTSTK,LUPIN,30-Jan-2025,2025-01-30,1920.00,PE,0.00,0.00,0.00,2.05,0.05,0,0.00,19125,0,06-JAN-2025
OPTSTK,LUPIN,27-Mar-2025,2025-03-27,1920.00,PE,0.00,0.00,0.00,30.85,3.95,0,0.00,0,0,06-JAN-2025
OPTSTK,SUPREMEIND,30-Jan-2025,2025-01-30,4500.00,PE,110.60,162.05,101.60,161.10,161.10,52,301.47275,6375,375,06-JAN-2025
OPTSTK,LUPIN,30-Jan-2025,2025-01-30,1840.00,PE,0.00,0.00,0.00,2.85,0.05,0,0.00,425,0,06-JAN-2025
OPTSTK,ASTRAL,27-Feb-2025,2025-02-27,1840.00,CE,0.00,0.00,0.00,117.10,3.90,0,0.00,0,0,06-JAN-2025
OPTSTK,LUPIN,30-Jan-2025,2025-01-30,2020.00,PE,0.00,0.00,0.00,2.25,0.45,0,0.00,15300,0,06-JAN-2025
OPTSTK,ASTRAL,30-Jan-2025,2025-01-30,1520.00,CE,88.60,88.60,63.00,68.10,68.10,29,169.007720,7707,7707,06-JAN-2025
OPTSTK,ASTRAL,27-Feb-2025,2025-02-27,1440.00,PE,0.00,0.00,0.00,7.20,15.20,0,0.00,0,0,06-JAN-2025
OPTSTK,LUPIN,27-Mar-2025,2025-03-27,2360.00,CE,0.00,0.00,0.00,84.30,134.55,0,0.00,0,0,06-JAN-2025
OPTSTK,ASTRAL,30-Jan-2025,2025-01-30,1480.00,PE,4.65,18.05,4.50,14.85,14.85,331,1812.32710,73767,30094,06-JAN-2025
FUTSTK,ASTRAL,27-Mar-2025,2025-03-27,,,1652.00,1652.00,1575.00,1580.40,1580.40,29,170.839050,25690,6239,06-JAN-2025
OPTSTK,ASTRAL,27-Mar-2025,2025-03-27,1920.00,CE,0.00,0.00,0.00,35.95,5.00,0,0.00,0,0,06-JAN-2025
OPTSTK,LUPIN,27-Feb-2025,2025-02-27,1920.00,CE,0.00,0.00,0.00,188.40,459.80,0,0.00,0,0,06-JAN-2025
OPTSTK,SUPREMEIND,27-Feb-2025,2025-02-27,5400.00,PE,0.00,0.00,0.00,940.15,868.60,0,0.00,0,0,06-JAN-2025
OPTSTK,SUPREMEIND,27-Mar-2025,2025-03-27,5400.00,PE,0.00,0.00,0.00,776.15,882.70,0,0.00,0,0,06-JAN-2025
OPTSTK,SUPREMEIND,27-Feb-2025,2025-02-27,5400.00,CE,0.00,0.00,0.00,157.75,39.55,0,0.00,0,0,06-JAN-2025
OPTSTK,LUPIN,27-Feb-2025,2025-02-27,2040.00,CE,0.00,0.00,0.00,125.15,345.50,0,0.00,0,0,06-JAN-2025
OPTSTK,LUPIN,27-Feb-2025,2025-02-27,2600.00,PE,0.00,0.00,0.00,564.60,241.15,0,0.00,0,0,06-JAN-2025
OPTSTK,ASTRAL,30-Jan-2025,2025-01-30,1740.00,CE,10.75,10.95,4.70,5.45,5.45,832,5332.07950,60188,-734,06-JAN-2025
OPTSTK,LUPIN,30-Jan-2025,2025-01-30,2140.00,CE,0.00,0.00,0.00,178.70,234.20,0,0.00,5100,0,06-JAN-2025
OPTSTK,ASTRAL,27-Feb-2025,2025-02-27,1880.00,CE,0.00,0.00,0.00,99.65,2.30,0,0.00,0,0,06-JAN-2025
OPTSTK,ASTRAL,27-Feb-2025,2025-02-27,1640.00,CE,67.15,67.15,53.20,53.20,34.50,2,12.4792845,367,367,06-JAN-2025
OPTSTK,ASTRAL,30-Jan-2025,2025-01-30,1640.00,PE,53.75,103.40,46.30,95.65,95.65,278,1741.04561,116706,-5138,06-JAN-2025
OPTSTK,ASTRAL,27-Feb-2025,2025-02-27,1640.00,PE,0.00,0.00,0.00,38.20,102.35,0,0.00,0,0,06-JAN-2025
OPTSTK,SUPREMEIND,27-Mar-2025,2025-03-27,4600.00,PE,0.00,0.00,0.00,307.85,322.70,0,0.00,0,0,06-JAN-2025
OPTSTK,BALKRISIND,27-Feb-2025,2025-02-27,2740.00,PE,0.00,0.00,0.00,106.45,114.35,0,0.00,0,0,06-JAN-2025
OPTSTK,SUNPHARMA,27-Feb-2025,2025-02-27,1980.00,PE,0.00,0.00,0.00,141.10,128.00,0,0.00,0,0,06-JAN-2025
OPTSTK,SUNPHARMA,27-Mar-2025,2025-03-27,2040.00,CE,0.00,0.00,0.00,27.50,14.40,0,0.00,0,0,06-JAN-2025
OPTSTK,SUNPHARMA,27-Feb-2025,2025-02-27,2040.00,CE,0.00,0.00,0.00,10.10,6.25,0,0.00,0,0,06-JAN-2025
OPTSTK,BALKRISIND,30-Jan-2025,2025-01-30,2640.00,CE,0.00,0.00,0.00,245.50,135.85,0,0.00,0,0,06-JAN-2025
OPTSTK,BALKRISIND,30-Jan-2025,2025-01-30,2640.00,PE,0.00,0.00,0.00,15.15,41.00,0,0.00,1800,0,06-JAN-2025
OPTSTK,BALKRISIND,30-Jan-2025,2025-01-30,3280.00,PE,0.00,0.00,0.00,446.50,542.80,0,0.00,0,0,06-JAN-2025
OPTSTK,BALKRISIND,30-Jan-2025,2025-01-30,3280.00,CE,0.00,0.00,0.00,14.10,0.55,0,0.00,0,0,06-JAN-2025
OPTSTK,BALKRISIND,30-Jan-2025,2025-01-30,2600.00,PE,18.15,40.40,16.85,39.00,39.00,195,1536.76665,49200,-600,06-JAN-2025
OPTSTK,SUNPHARMA,30-Jan-2025,2025-01-30,1740.00,CE,111.85,115.95,111.85,115.95,118.45,3,19.470325,1050,1050,06-JAN-2025
OPTSTK,SUNPHARMA,27-Mar-2025,2025-03-27,1880.00,PE,0.00,0.00,0.00,83.85,66.15,0,0.00,0,0,06-JAN-2025
OPTSTK,SUNPHARMA,27-Feb-2025,2025-02-27,1880.00,PE,0.00,0.00,0.00,148.55,59.05,0,0.00,0,0,06-JAN-2025
OPTSTK,BALKRISIND,30-Jan-2025,2025-01-30,3320.00,PE,0.00,0.00,0.00,483.20,582.45,0,0.00,0,0,06-JAN-2025
OPTSTK,BALKRISIND,30-Jan-2025,2025-01-30,3320.00,CE,4.00,4.00,2.30,2.80,2.80,609,6070.75095,73800,-6300,06-JAN-2025
OPTSTK,BALKRISIND,27-Feb-2025,2025-02-27,3320.00,PE,0.00,0.00,0.00,488.05,570.80,0,0.00,0,0,06-JAN-2025
OPTSTK,BALKRISIND,27-Feb-2025,2025-02-27,3320.00,CE,0.00,0.00,0.00,34.40,5.75,0,0.00,0,0,06-JAN-2025
OPTSTK,BALKRISIND,27-Feb-2025,2025-02-27,3140.00,CE,0.00,0.00,0.00,66.80,17.55,0,0.00,0,0,06-JAN-2025
OPTSTK,BALKRISIND,30-Jan-2025,2025-01-30,3140.00,PE,0.00,0.00,0.00,324.35,405.65,0,0.00,0,0,06-JAN-2025
OPTSTK,BALKRISIND,27-Feb-2025,2025-02-27,2640.00,PE,0.00,0.00,0.00,70.75,70.50,0,0.00,0,0,06-JAN-2025
OPTSTK,BALKRISIND,30-Jan-2025,2025-01-30,3240.00,PE,0.00,0.00,0.00,410.50,503.35,0,0.00,0,0,06-JAN-2025
OPTSTK,BALKRISIND,30-Jan-2025,2025-01-30,2880.00,PE,92.55,150.00,92.55,150.00,174.25,10,90.40455,3300,-2100,06-JAN-2025
OPTSTK,BALKRISIND,27-Feb-2025,2025-02-27,2880.00,PE,0.00,0.00,0.00,172.70,197.35,0,0.00,0,0,06-JAN-2025
OPTSTK,BALKRISIND,27-Feb-2025,2025-02-27,2880.00,CE,0.00,0.00,0.00,153.50,68.15,0,0.00,0,0,06-JAN-2025
OPTSTK,BALKRISIND,30-Jan-2025,2025-01-30,2580.00,PE,21.40,34.70,20.40,34.35,34.35,33,257.93655,4500,4500,06-JAN-2025
OPTSTK,BALKRISIND,27-Mar-2025,2025-03-27,2480.00,PE,0.00,0.00,0.00,49.45,42.50,0,0.00,0,0,06-JAN-2025
OPTSTK,BALKRISIND,27-Mar-2025,2025-03-27,2560.00,PE,0.00,0.00,0.00,69.10,63.90,0,0.00,0,0,06-JAN-2025
OPTSTK,BALKRISIND,27-Feb-2025,2025-02-27,2560.00,PE,0.00,0.00,0.00,48.85,44.75,0,0.00,0,0,06-JAN-2025
OPTSTK,BALKRISIND,30-Jan-2025,2025-01-30,2650.00,PE,28.00,56.00,28.00,56.00,56.00,7,56.67015,15900,-600,06-JAN-2025
OPTSTK,BALKRISIND,30-Jan-2025,2025-01-30,2940.00,CE,39.10,39.80,29.90,31.05,18.65,15,133.8417,5400,-900,06-JAN-2025
OPTSTK,SUNPHARMA,27-Feb-2025,2025-02-27,2000.00,CE,12.50,12.50,12.50,12.50,11.00,1,7.04375,1050,350,06-JAN-2025
OPTSTK,BALKRISIND,30-Jan-2025,2025-01-30,2440.00,PE,0.00,0.00,0.00,9.75,5.25,0,0.00,0,0,06-JAN-2025
OPTSTK,ICICIPRULI,27-Feb-2025,2025-02-27,710.00,PE,0.00,0.00,0.00,54.55,52.40,0,0.00,0,0,06-JAN-2025
OPTSTK,CYIENT,30-Jan-2025,2025-01-30,1820.00,CE,50.00,50.00,46.25,46.25,34.05,4,22.419,7800,0,06-JAN-2025
OPTSTK,ICICIPRULI,27-Feb-2025,2025-02-27,580.00,CE,0.00,0.00,0.00,127.95,89.50,0,0.00,0,0,06-JAN-2025
OPTSTK,CYIENT,27-Feb-2025,2025-02-27,2240.00,PE,0.00,0.00,0.00,388.45,473.25,0,0.00,0,0,06-JAN-2025
OPTSTK,CYIENT,27-Mar-2025,2025-03-27,2240.00,CE,0.00,0.00,0.00,63.35,9.10,0,0.00,0,0,06-JAN-2025
OPTSTK,CYIENT,27-Feb-2025,2025-02-27,1560.00,CE,0.00,0.00,0.00,357.35,220.90,0,0.00,0,0,06-JAN-2025
OPTSTK,CYIENT,27-Mar-2025,2025-03-27,1560.00,PE,0.00,0.00,0.00,21.45,29.45,0,0.00,0,0,06-JAN-2025
OPTSTK,CYIENT,30-Jan-2025,2025-01-30,1680.00,CE,0.00,0.00,0.00,146.95,103.70,0,0.00,3000,0,06-JAN-2025
OPTSTK,CYIENT,27-Feb-2025,2025-02-27,1820.00,PE,0.00,0.00,0.00,69.00,119.00,0,0.00,0,0,06-JAN-2025
OPTSTK,ICICIPRULI,27-Feb-2025,2025-02-27,610.00,CE,0.00,0.00,0.00,75.85,63.70,0,0.00,0,0,06-JAN-2025
OPTSTK,ICICIPRULI,30-Jan-2025,2025-01-30,560.00,CE,0.00,0.00,0.00,95.20,104.45,0,0.00,18000,0,06-JAN-2025
OPTSTK,ICICIPRULI,30-Jan-2025,2025-01-30,610.00,CE,0.00,0.00,0.00,60.05,56.60,0,0.00,9000,0,06-JAN-2025
OPTSTK,ICICIPRULI,27-Feb-2025,2025-02-27,610.00,PE,0.00,0.00,0.00,10.10,6.00,0,0.00,0,0,06-JAN-2025
FUTSTK,ICICIPRULI,30-Jan-2025,2025-01-30,,,688.00,688.00,656.60,665.15,665.15,2920,14615.8687,11929500,417000,06-JAN-2025
OPTSTK,ICICIPRULI,30-Jan-2025,2025-01-30,520.00,PE,0.00,0.00,0.00,0.45,0.05,0,0.00,17250,0,06-JAN-2025
OPTSTK,CYIENT,27-Feb-2025,2025-02-27,1480.00,PE,0.00,0.00,0.00,18.40,7.40,0,0.00,0,0,06-JAN-2025
OPTSTK,CYIENT,30-Jan-2025,2025-01-30,1480.00,CE,0.00,0.00,0.00,406.15,275.80,0,0.00,0,0,06-JAN-2025
OPTSTK,CYIENT,27-Feb-2025,2025-02-27,1880.00,CE,0.00,0.00,0.00,155.80,44.80,0,0.00,0,0,06-JAN-2025
OPTSTK,ICICIPRULI,30-Jan-2025,2025-01-30,620.00,PE,3.90,7.75,3.30,6.35,6.35,207,971.7765,114000,16500,06-JAN-2025
OPTSTK,ICICIPRULI,27-Mar-2025,2025-03-27,560.00,CE,0.00,0.00,0.00,123.15,112.35,0,0.00,0,0,06-JAN-2025
OPTSTK,ICICIPRULI,27-Mar-2025,2025-03-27,560.00,PE,0.00,0.00,0.00,4.95,2.25,0,0.00,0,0,06-JAN-2025
OPTSTK,ICICIPRULI,27-Feb-2025,2025-02-27,590.00,CE,0.00,0.00,0.00,91.70,80.55,0,0.00,0,0,06-JAN-2025
OPTSTK,CYIENT,30-Jan-2025,2025-01-30,2060.00,PE,0.00,0.00,0.00,237.65,304.70,0,0.00,0,0,06-JAN-2025
OPTSTK,CYIENT,30-Jan-2025,2025-01-30,1900.00,PE,147.00,173.00,147.00,173.00,173.00,18,110.90025,20700,-3600,06-JAN-2025
OPTSTK,ICICIPRULI,30-Jan-2025,2025-01-30,780.00,CE,0.00,0.00,0.00,38.30,0.15,0,0.00,0,0,06-JAN-2025
OPTSTK,CYIENT,27-Feb-2025,2025-02-27,1560.00,PE,0.00,0.00,0.00,31.40,17.85,0,0.00,0,0,06-JAN-2025
OPTSTK,CYIENT,27-Mar-2025,2025-03-27,1560.00,CE,0.00,0.00,0.00,417.95,240.45,0,0.00,0,0,06-JAN-2025
OPTSTK,ICICIPRULI,27-Mar-2025,2025-03-27,620.00,PE,0.00,0.00,0.00,17.10,11.95,0,0.00,0,0,06-JAN-2025
OPTSTK,ICICIPRULI,30-Jan-2025,2025-01-30,620.00,CE,50.85,50.85,49.50,49.50,47.95,2,10.052625,18000,-1500,06-JAN-2025
OPTSTK,ICICIPRULI,27-Feb-2025,2025-02-27,620.00,CE,0.00,0.00,0.00,95.75,55.95,0,0.00,0,0,06-JAN-2025
OPTSTK,ICICIPRULI,27-Feb-2025,2025-02-27,670.00,CE,0.00,0.00,0.00,37.95,25.25,0,0.00,0,0,06-JAN-2025
OPTSTK,ICICIPRULI,30-Jan-2025,2025-01-30,760.00,PE,0.00,0.00,0.00,51.85,95.15,0,0.00,0,0,06-JAN-2025
OPTSTK,JSL,30-Jan-2025,2025-01-30,740.00,CE,4.00,4.90,3.60,3.85,3.85,155,894.0617,60450,-6975,06-JAN-2025
OPTSTK,SRF,27-Mar-2025,2025-03-27,2560.00,CE,0.00,0.00,0.00,52.05,29.80,0,0.00,0,0,06-JAN-2025
OPTSTK,SRF,30-Jan-2025,2025-01-30,2560.00,PE,0.00,0.00,0.00,319.85,273.75,0,0.00,0,0,06-JAN-2025
OPTSTK,JSL,30-Jan-2025,2025-01-30,790.00,PE,0.00,0.00,0.00,109.80,123.70,0,0.00,0,0,06-JAN-2025
OPTSTK,SRF,27-Feb-2025,2025-02-27,2280.00,CE,0.00,0.00,0.00,152.55,95.55,0,0.00,0,0,06-JAN-2025
OPTSTK,SRF,27-Mar-2025,2025-03-27,2280.00,PE,0.00,0.00,0.00,124.60,91.15,0,0.00,0,0,06-JAN-2025
OPTSTK,SRF,30-Jan-2025,2025-01-30,1840.00,PE,0.00,0.00,0.00,11.35,0.05,0,0.00,0,0,06-JAN-2025
OPTSTK,JSL,30-Jan-2025,2025-01-30,790.00,CE,0.00,0.00,0.00,5.05,1.35,0,0.00,1550,0,06-JAN-2025
OPTSTK,JSL,30-Jan-2025,2025-01-30,630.00,PE,8.30,12.00,8.25,12.00,12.00,48,238.048612,9300,-12400,06-JAN-2025
OPTSTK,JSL,30-Jan-2025,2025-01-30,630.00,CE,0.00,0.00,0.00,59.70,48.30,0,0.00,1550,0,06-JAN-2025
OPTSTK,JSL,30-Jan-2025,2025-01-30,690.00,PE,30.80,40.65,29.90,40.65,40.65,44,246.745662,18600,-9300,06-JAN-2025
OPTSTK,JSL,27-Mar-2025,2025-03-27,600.00,PE,0.00,0.00,0.00,13.95,18.10,0,0.00,0,0,06-JAN-2025
OPTSTK,JSL,27-Feb-2025,2025-02-27,600.00,CE,0.00,0.00,0.00,128.65,81.90,0,0.00,0,0,06-JAN-2025
OPTSTK,SRF,30-Jan-2025,2025-01-30,2460.00,PE,162.20,178.55,162.20,178.55,181.50,3,29.6221875,375,-375,06-JAN-2025
OPTSTK,SRF,27-Feb-2025,2025-02-27,2460.00,PE,0.00,0.00,0.00,219.75,190.15,0,0.00,0,0,06-JAN-2025
OPTSTK,JSL,27-Mar-2025,2025-03-27,620.00,PE,0.00,0.00,0.00,18.35,24.50,0,0.00,0,0,06-JAN-2025
OPTSTK,JSL,27-Mar-2025,2025-03-27,560.00,CE,0.00,0.00,0.00,191.45,121.30,0,0.00,0,0,06-JAN-2025
OPTSTK,JSL,27-Feb-2025,2025-02-27,560.00,PE,0.00,0.00,0.00,12.55,4.75,0,0.00,0,0,06-JAN-2025
OPTSTK,JSL,27-Feb-2025,2025-02-27,860.00,PE,0.00,0.00,0.00,170.00,189.70,0,0.00,0,0,06-JAN-2025
OPTSTK,JSL,30-Jan-2025,2025-01-30,860.00,CE,0.00,0.00,0.00,0.65,0.15,0,0.00,29450,0,06-JAN-2025
OPTSTK,JSL,27-Mar-2025,2025-03-27,700.00,CE,0.00,0.00,0.00,91.30,37.50,0,0.00,0,0,06-JAN-2025
OPTSTK,JSL,30-Jan-2025,2025-01-30,700.00,PE,37.00,46.35,37.00,45.25,45.25,26,149.459912,57350,-4650,06-JAN-2025
OPTSTK,AXISBANK,30-Jan-2025,2025-01-30,960.00,PE,1.45,3.20,1.10,2.55,2.55,531,3193.04062,363750,43125,06-JAN-2025
OPTSTK,SRF,30-Jan-2025,2025-01-30,2440.00,PE,152.60,152.60,152.55,152.55,164.30,2,19.4443125,3375,750,06-JAN-2025
OPTSTK,SRF,27-Mar-2025,2025-03-27,2240.00,PE,0.00,0.00,0.00,105.75,73.50,0,0.00,0,0,06-JAN-2025
OPTSTK,SRF,27-Feb-2025,2025-02-27,2200.00,PE,42.00,54.55,42.00,54.50,43.85,23,194.299687,13875,6000,06-JAN-2025
OPTSTK,JSL,27-Feb-2025,2025-02-27,680.00,CE,0.00,0.00,0.00,79.85,34.75,0,0.00,0,0,06-JAN-2025
OPTSTK,AXISBANK,27-Feb-2025,2025-02-27,950.00,CE,0.00,0.00,0.00,146.15,126.15,0,0.00,0,0,06-JAN-2025
OPTSTK,JSL,27-Mar-2025,2025-03-27,720.00,CE,0.00,0.00,0.00,80.65,30.50,0,0.00,0,0,06-JAN-2025
OPTSTK,JSL,30-Jan-2025,2025-01-30,720.00,PE,0.00,0.00,0.00,44.50,61.50,0,0.00,775,0,06-JAN-2025
OPTSTK,SRF,27-Feb-2025,2025-02-27,2040.00,PE,0.00,0.00,0.00,41.75,9.95,0,0.00,0,0,06-JAN-2025
OPTSTK,SRF,30-Jan-2025,2025-01-30,2040.00,CE,0.00,0.00,0.00,284.05,248.50,0,0.00,0,0,06-JAN-2025
OPTSTK,SRF,27-Mar-2025,2025-03-27,2040.00,PE,0.00,0.00,0.00,38.65,18.45,0,0.00,0,0,06-JAN-2025
OPTSTK,ULTRACEMCO,27-Feb-2025,2025-02-27,9600.00,CE,0.00,0.00,0.00,1658.25,1999.75,0,0.00,0,0,06-JAN-2025
OPTSTK,VOLTAS,27-Mar-2025,2025-03-27,1520.00,PE,0.00,0.00,0.00,36.95,12.80,0,0.00,0,0,06-JAN-2025
OPTSTK,VOLTAS,27-Mar-2025,2025-03-27,2040.00,CE,0.00,0.00,0.00,34.90,28.05,0,0.00,0,0,06-JAN-2025
OPTSTK,VOLTAS,30-Jan-2025,2025-01-30,2040.00,PE,0.00,0.00,0.00,378.80,257.50,0,0.00,0,0,06-JAN-2025
OPTSTK,ULTRACEMCO,30-Jan-2025,2025-01-30,12700.00,PE,0.00,0.00,0.00,1622.55,1156.00,0,0.00,0,0,06-JAN-2025
OPTSTK,ULTRACEMCO,27-Feb-2025,2025-02-27,12700.00,PE,0.00,0.00,0.00,1243.50,1155.20,0,0.00,0,0,06-JAN-2025
OPTSTK,ULTRACEMCO,27-Mar-2025,2025-03-27,13200.00,PE,0.00,0.00,0.00,1664.95,1583.80,0,0.00,0,0,06-JAN-2025
OPTSTK,ULTRACEMCO,30-Jan-2025,2025-01-30,12800.00,PE,0.00,0.00,0.00,1648.70,1251.20,0,0.00,0,0,06-JAN-2025
OPTSTK,VOLTAS,27-Feb-2025,2025-02-27,1680.00,CE,0.00,0.00,0.00,117.45,146.65,0,0.00,0,0,06-JAN-2025
OPTSTK,ULTRACEMCO,27-Mar-2025,2025-03-27,11800.00,CE,0.00,0.00,0.00,562.10,433.55,0,0.00,0,0,06-JAN-2025
OPTSTK,ULTRACEMCO,27-Feb-2025,2025-02-27,11800.00,PE,0.00,0.00,0.00,947.90,496.75,0,0.00,0,0,06-JAN-2025
OPTSTK,VOLTAS,27-Mar-2025,2025-03-27,2000.00,CE,0.00,0.00,0.00,42.00,35.60,0,0.00,0,0,06-JAN-2025
OPTSTK,VOLTAS,27-Feb-2025,2025-02-27,1540.00,PE,0.00,0.00,0.00,29.55,7.95,0,0.00,0,0,06-JAN-2025
OPTSTK,ULTRACEMCO,30-Jan-2025,2025-01-30,13400.00,CE,8.55,9.45,6.55,7.15,1.30,62,415.64385,14350,150,06-JAN-2025
OPTSTK,VOLTAS,30-Jan-2025,2025-01-30,1560.00,PE,3.60,3.90,3.10,3.40,3.40,38,178.22655,39600,300,06-JAN-2025
OPTSTK,VOLTAS,30-Jan-2025,2025-01-30,1980.00,PE,0.00,0.00,0.00,176.20,201.25,0,0.00,9600,0,06-JAN-2025
OPTSTK,VOLTAS,30-Jan-2025,2025-01-30,1980.00,CE,7.75,8.10,4.60,5.15,5.15,216,1286.7537,39600,3300,06-JAN-2025
OPTSTK,VOLTAS,27-Feb-2025,2025-02-27,1980.00,CE,0.00,0.00,0.00,27.95,22.60,0,0.00,0,0,06-JAN-2025
OPTSTK,VOLTAS,27-Mar-2025,2025-03-27,1920.00,PE,0.00,0.00,0.00,233.95,171.50,0,0.00,0,0,06-JAN-2025
OPTSTK,ULTRACEMCO,27-Feb-2025,2025-02-27,10000.00,CE,0.00,0.00,0.00,1336.00,1614.60,0,0.00,0,0,06-JAN-2025
OPTSTK,VOLTAS,27-Mar-2025,2025-03-27,1800.00,PE,0.00,0.00,0.00,154.65,98.95,0,0.00,0,0,06-JAN-2025
OPTSTK,VOLTAS,30-Jan-2025,2025-01-30,1800.00,PE,35.05,63.70,33.85,60.25,60.25,1713,9505.39065,165300,-46200,06-JAN-2025
OPTSTK,VOLTAS,27-Feb-2025,2025-02-27,1780.00,PE,0.00,0.00,0.00,128.20,74.15,0,0.00,0,0,06-JAN-2025
FUTSTK,VOLTAS,27-Feb-2025,2025-02-27,,,1828.35,1835.15,1778.95,1785.40,1785.40,214,1155.25155,69300,4200,06-JAN-2025
FUTSTK,ULTRACEMCO,30-Jan-2025,2025-01-30,,,11823.90,11888.05,11511.55,11550.75,11550.75,7611,44375.1806,2434700,-26950,06-JAN-2025
OPTSTK,VOLTAS,30-Jan-2025,2025-01-30,1520.00,PE,3.00,3.00,2.35,2.35,0.90,4,18.27195,58500,0,06-JAN-2025
OPTSTK,ULTRACEMCO,30-Jan-2025,2025-01-30,12100.00,CE,160.00,182.70,89.30,97.55,97.55,886,5418.24385,14850,-2550,06-JAN-2025
OPTSTK,ULTRACEMCO,27-Feb-2025,2025-02-27,13200.00,CE,0.00,0.00,0.00,55.00,32.00,0,0.00,300,0,06-JAN-2025
OPTSTK,ULTRACEMCO,27-Feb-2025,2025-02-27,13200.00,PE,0.00,0.00,0.00,2051.95,1602.05,0,0.00,0,0,06-JAN-2025
OPTSTK,ULTRACEMCO,27-Mar-2025,2025-03-27,13200.00,CE,0.00,0.00,0.00,164.00,81.25,0,0.00,0,0,06-JAN-2025
OPTSTK,ULTRACEMCO,30-Jan-2025,2025-01-30,12000.00,CE,194.95,222.50,110.00,120.40,120.40,4562,27738.2633,86150,-5100,06-JAN-2025
OPTSTK,RBLBANK,30-Jan-2025,2025-01-30,162.50,CE,5.35,6.85,5.00,5.20,10.15,16,67.25625,652500,-40000,06-JAN-2025
OPTSTK,HINDUNILVR,27-Feb-2025,2025-02-27,2240.00,CE,0.00,0.00,0.00,287.85,174.20,0,0.00,0,0,06-JAN-2025
OPTSTK,HINDUNILVR,27-Mar-2025,2025-03-27,2240.00,CE,0.00,0.00,0.00,186.60,194.65,0,0.00,0,0,06-JAN-2025
OPTSTK,RBLBANK,30-Jan-2025,2025-01-30,200.00,CE,0.00,0.00,0.00,0.20,0.50,0,0.00,1045000,0,06-JAN-2025
FUTSTK,HINDUNILVR,30-Jan-2025,2025-01-30,,,2427.95,2437.95,2374.90,2384.60,2384.60,7308,52387.8297,14026800,-85800,06-JAN-2025
OPTSTK,HINDUNILVR,27-Mar-2025,2025-03-27,2080.00,PE,0.00,0.00,0.00,17.10,4.75,0,0.00,0,0,06-JAN-2025
OPTSTK,RBLBANK,27-Feb-2025,2025-02-27,175.00,PE,0.00,0.00,0.00,25.20,14.75,0,0.00,0,0,06-JAN-2025
OPTSTK,RBLBANK,27-Mar-2025,2025-03-27,175.00,CE,0.00,0.00,0.00,4.20,11.20,0,0.00,2500,0,06-JAN-2025
OPTSTK,HINDUNILVR,30-Jan-2025,2025-01-30,2480.00,CE,23.05,24.85,15.20,17.30,17.30,690,5171.0328,120300,2700,06-JAN-2025
OPTSTK,HINDUNILVR,27-Feb-2025,2025-02-27,2480.00,CE,0.00,0.00,0.00,129.70,38.85,0,0.00,0,0,06-JAN-2025
OPTSTK,HINDUNILVR,30-Jan-2025,2025-01-30,2380.00,PE,32.80,53.45,31.40,49.90,49.90,2030,14773.4436,120000,-4500,06-JAN-2025
OPTSTK,HINDUNILVR,30-Jan-2025,2025-01-30,2380.00,CE,69.40,69.55,47.70,54.05,54.05,2092,15278.0002,189600,600,06-JAN-2025
OPTSTK,RBLBANK,30-Jan-2025,2025-01-30,152.50,CE,0.00,0.00,0.00,7.60,17.00,0,0.00,142500,0,06-JAN-2025
OPTSTK,HINDUNILVR,27-Mar-2025,2025-03-27,2800.00,PE,0.00,0.00,0.00,428.05,388.00,0,0.00,0,0,06-JAN-2025
OPTSTK,HINDUNILVR,30-Jan-2025,2025-01-30,2260.00,CE,0.00,0.00,0.00,154.70,134.65,0,0.00,18600,0,06-JAN-2025
OPTSTK,RBLBANK,30-Jan-2025,2025-01-30,200.00,PE,0.00,0.00,0.00,43.60,32.80,0,0.00,205000,0,06-JAN-2025
OPTSTK,HINDUNILVR,30-Jan-2025,2025-01-30,2580.00,PE,0.00,0.00,0.00,147.10,195.75,0,0.00,0,0,06-JAN-2025
OPTSTK,HINDUNILVR,27-Feb-2025,2025-02-27,2480.00,PE,0.00,0.00,0.00,109.95,118.95,0,0.00,300,0,06-JAN-2025
OPTSTK,HINDUNILVR,27-Mar-2025,2025-03-27,2480.00,PE,0.00,0.00,0.00,171.25,126.70,0,0.00,0,0,06-JAN-2025
OPTSTK,HINDUNILVR,30-Jan-2025,2025-01-30,2480.00,PE,113.30,113.30,103.30,109.75,108.75,6,46.60875,9300,-900,06-JAN-2025
OPTSTK,HINDUNILVR,27-Mar-2025,2025-03-27,2440.00,CE,0.00,0.00,0.00,83.00,74.95,0,0.00,0,0,06-JAN-2025
OPTSTK,HINDUNILVR,27-Feb-2025,2025-02-27,2680.00,PE,0.00,0.00,0.00,223.60,283.85,0,0.00,0,0,06-JAN-2025
OPTSTK,HINDUNILVR,30-Jan-2025,2025-01-30,2680.00,PE,0.00,0.00,0.00,180.80,292.40,0,0.00,0,0,06-JAN-2025
OPTSTK,RBLBANK,27-Mar-2025,2025-03-27,160.00,CE,0.00,0.00,0.00,10.00,18.30,0,0.00,0,0,06-JAN-2025
OPTSTK,TECHM,30-Jan-2025,2025-01-30,1900.00,CE,3.45,4.00,2.95,3.10,3.10,414,4727.9544,249600,-7800,06-JAN-2025
OPTSTK,INDHOTEL,30-Jan-2025,2025-01-30,730.00,CE,0.00,0.00,0.00,148.00,118.15,0,0.00,2000,0,06-JAN-2025
OPTSTK,ABBOTINDIA,27-Feb-2025,2025-02-27,31250.00,CE,0.00,0.00,0.00,445.25,575.60,0,0.00,0,0,06-JAN-2025
OPTSTK,ABBOTINDIA,27-Feb-2025,2025-02-27,31250.00,PE,0.00,0.00,0.00,2706.45,1576.15,0,0.00,0,0,06-JAN-2025
OPTSTK,INDHOTEL,30-Jan-2025,2025-01-30,870.00,CE,28.35,29.00,14.85,16.10,16.10,1975,17557.587,479000,21000,06-JAN-2025
OPTSTK,INDHOTEL,27-Feb-2025,2025-02-27,740.00,CE,0.00,0.00,0.00,86.40,116.30,0,0.00,0,0,06-JAN-2025
OPTSTK,TECHM,27-Feb-2025,2025-02-27,1860.00,PE,0.00,0.00,0.00,175.00,172.90,0,0.00,0,0,06-JAN-2025
OPTSTK,ABBOTINDIA,30-Jan-2025,2025-01-30,28500.00,CE,0.00,0.00,0.00,1900.00,1720.10,0,0.00,240,0,06-JAN-2025
OPTSTK,TECHM,27-Mar-2025,2025-03-27,1480.00,CE,0.00,0.00,0.00,264.65,238.60,0,0.00,0,0,06-JAN-2025
OPTSTK,TECHM,30-Jan-2025,2025-01-30,1480.00,PE,3.05,4.30,2.25,4.25,4.25,196,1744.5915,114600,15600,06-JAN-2025
FUTSTK,TECHM,30-Jan-2025,2025-01-30,,,1695.65,1716.65,1682.85,1688.95,1688.95,4583,46656.6018,11115600,-272400,06-JAN-2025
OPTSTK,TECHM,27-Mar-2025,2025-03-27,1600.00,PE,0.00,0.00,0.00,48.45,35.60,0,0.00,0,0,06-JAN-2025
OPTSTK,TECHM,27-Mar-2025,2025-03-27,1920.00,PE,0.00,0.00,0.00,226.90,225.20,0,0.00,0,0,06-JAN-2025
OPTSTK,ABBOTINDIA,30-Jan-2025,2025-01-30,28250.00,CE,0.00,0.00,0.00,950.60,1930.65,0,0.00,0,0,06-JAN-2025
OPTSTK,ABBOTINDIA,27-Feb-2025,2025-02-27,28250.00,PE,0.00,0.00,0.00,884.90,271.25,0,0.00,0,0,06-JAN-2025
OPTSTK,TECHM,30-Jan-2025,2025-01-30,1960.00,CE,1.60,1.65,1.45,1.60,1.60,28,329.538,40800,4200,06-JAN-2025
OPTSTK,TECHM,30-Jan-2025,2025-01-30,1960.00,PE,0.00,0.00,0.00,250.00,265.60,0,0.00,600,0,06-JAN-2025
OPTSTK,ABBOTINDIA,30-Jan-2025,2025-01-30,27750.00,PE,0.00,0.00,0.00,1193.25,52.90,0,0.00,0,0,06-JAN-2025
OPTSTK,ABBOTINDIA,30-Jan-2025,2025-01-30,27750.00,CE,0.00,0.00,0.00,1169.05,2376.20,0,0.00,0,0,06-JAN-2025
OPTSTK,ABBOTINDIA,27-Feb-2025,2025-02-27,27750.00,PE,0.00,0.00,0.00,689.05,179.40,0,0.00,0,0,06-JAN-2025
OPTSTK,TECHM,27-Feb-2025,2025-02-27,1800.00,PE,129.00,129.00,129.00,129.00,126.35,1,11.574,600,0,06-JAN-2025
OPTSTK,INDHOTEL,27-Feb-2025,2025-02-27,810.00,PE,0.00,0.00,0.00,23.85,20.75,0,0.00,0,0,06-JAN-2025
OPTSTK,TECHM,30-Jan-2025,2025-01-30,1740.00,PE,67.50,81.95,60.95,77.70,77.70,183,1990.4913,78000,-17400,06-JAN-2025
OPTSTK,TECHM,27-Mar-2025,2025-03-27,2000.00,CE,0.00,0.00,0.00,25.60,10.25,0,0.00,0,0,06-JAN-2025
OPTSTK,TECHM,27-Feb-2025,2025-02-27,1700.00,CE,0.00,0.00,0.00,95.95,66.80,0,0.00,0,0,06-JAN-2025
OPTSTK,TECHM,30-Jan-2025,2025-01-30,1700.00,PE,50.00,58.00,39.20,54.80,54.80,1312,13772.4696,348000,-34800,06-JAN-2025
OPTSTK,INDHOTEL,30-Jan-2025,2025-01-30,950.00,PE,0.00,0.00,0.00,69.60,103.90,0,0.00,3000,0,06-JAN-2025
OPTSTK,ABBOTINDIA,30-Jan-2025,2025-01-30,34000.00,CE,0.00,0.00,0.00,284.15,8.85,0,0.00,0,0,06-JAN-2025
OPTSTK,ABBOTINDIA,27-Feb-2025,2025-02-27,34000.00,PE,0.00,0.00,0.00,6117.20,3814.15,0,0.00,0,0,06-JAN-2025
OPTSTK,ABBOTINDIA,30-Jan-2025,2025-01-30,34000.00,PE,0.00,0.00,0.00,4693.90,3907.85,0,0.00,0,0,06-JAN-2025
OPTSTK,INDHOTEL,27-Mar-2025,2025-03-27,900.00,CE,0.00,0.00,0.00,56.85,31.35,0,0.00,0,0,06-JAN-2025
OPTSTK,TECHM,30-Jan-2025,2025-01-30,1480.00,CE,0.00,0.00,0.00,190.45,213.65,0,0.00,0,0,06-JAN-2025
OPTSTK,JSWSTEEL,27-Feb-2025,2025-02-27,800.00,PE,5.00,5.00,5.00,5.00,3.85,1,5.43375,675,675,06-JAN-2025
OPTSTK,GRASIM,27-Mar-2025,2025-03-27,2400.00,CE,0.00,0.00,0.00,205.60,157.20,0,0.00,0,0,06-JAN-2025
OPTSTK,GRASIM,30-Jan-2025,2025-01-30,2400.00,CE,132.45,132.45,93.85,96.75,96.75,12,75.234625,18500,1250,06-JAN-2025
OPTSTK,GRASIM,30-Jan-2025,2025-01-30,2960.00,PE,0.00,0.00,0.00,280.90,486.40,0,0.00,0,0,06-JAN-2025
OPTSTK,GRASIM,30-Jan-2025,2025-01-30,2760.00,CE,3.30,4.15,1.95,2.35,1.70,32,221.009125,10250,-1500,06-JAN-2025
OPTSTK,GRASIM,27-Feb-2025,2025-02-27,2760.00,CE,0.00,0.00,0.00,86.25,11.75,0,0.00,0,0,06-JAN-2025
OPTSTK,ICICIBANK,30-Jan-2025,2025-01-30,1280.00,PE,30.95,39.70,27.05,35.75,35.75,2843,26138.0287,868000,-201600,06-JAN-2025
OPTSTK,ICICIBANK,27-Feb-2025,2025-02-27,1200.00,CE,87.30,95.95,87.30,90.55,90.55,38,343.7819,34300,23800,06-JAN-2025
OPTSTK,GRASIM,27-Feb-2025,2025-02-27,2660.00,CE,0.00,0.00,0.00,59.05,26.35,0,0.00,0,0,06-JAN-2025
OPTSTK,JSWSTEEL,27-Feb-2025,2025-02-27,980.00,CE,0.00,0.00,0.00,57.35,12.10,0,0.00,0,0,06-JAN-2025
OPTSTK,GRASIM,27-Feb-2025,2025-02-27,2640.00,CE,0.00,0.00,0.00,131.70,30.55,0,0.00,0,0,06-JAN-2025
OPTSTK,ICICIBANK,27-Feb-2025,2025-02-27,1210.00,PE,0.00,0.00,0.00,14.55,13.20,0,0.00,0,0,06-JAN-2025
OPTSTK,ICICIBANK,30-Jan-2025,2025-01-30,1210.00,CE,0.00,0.00,0.00,86.00,65.40,0,0.00,3500,0,06-JAN-2025
OPTSTK,ICICIBANK,30-Jan-2025,2025-01-30,1210.00,PE,8.60,12.70,6.90,10.95,10.95,1174,10022.6815,415800,-15400,06-JAN-2025
OPTSTK,GRASIM,30-Jan-2025,2025-01-30,3040.00,CE,0.00,0.00,0.00,1.00,0.05,0,0.00,0,0,06-JAN-2025
OPTSTK,GRASIM,30-Jan-2025,2025-01-30,2200.00,CE,0.00,0.00,0.00,542.85,271.45,0,0.00,0,0,06-JAN-2025
OPTSTK,JSWSTEEL,27-Mar-2025,2025-03-27,720.00,CE,0.00,0.00,0.00,210.30,192.45,0,0.00,0,0,06-JAN-2025
OPTSTK,JSWSTEEL,27-Feb-2025,2025-02-27,1060.00,CE,0.00,0.00,0.00,29.60,2.55,0,0.00,0,0,06-JAN-2025
OPTSTK,JSWSTEEL,30-Jan-2025,2025-01-30,1060.00,PE,0.00,0.00,0.00,122.80,154.60,0,0.00,675,0,06-JAN-2025
OPTSTK,ICICIBANK,27-Feb-2025,2025-02-27,1370.00,CE,12.00,12.00,12.00,12.00,9.30,1,9.674,700,700,06-JAN-2025
OPTSTK,JSWSTEEL,30-Jan-2025,2025-01-30,930.00,PE,30.45,41.30,30.00,40.10,40.10,287,1870.77262,282150,-14850,06-JAN-2025
OPTSTK,GRASIM,27-Feb-2025,2025-02-27,2700.00,CE,0.00,0.00,0.00,48.50,19.30,0,0.00,0,0,06-JAN-2025
OPTSTK,ICICIBANK,27-Feb-2025,2025-02-27,1100.00,PE,0.00,0.00,0.00,5.20,0.85,0,0.00,0,0,06-JAN-2025
OPTSTK,JSWSTEEL,30-Jan-2025,2025-01-30,1160.00,CE,0.00,0.00,0.00,0.35,0.05,0,0.00,2700,0,06-JAN-2025
FUTSTK,JSWSTEEL,27-Mar-2025,2025-03-27,,,927.65,927.65,914.15,915.35,915.35,14,86.8660875,14175,1350,06-JAN-2025
FUTSTK,ICICIBANK,30-Jan-2025,2025-01-30,,,1271.90,1282.80,1262.90,1269.15,1269.15,28358,252406.005,82905900,1439900,06-JAN-2025
OPTSTK,JSWSTEEL,27-Feb-2025,2025-02-27,990.00,PE,0.00,0.00,0.00,87.55,89.75,0,0.00,0,0,06-JAN-2025
OPTSTK,JSWSTEEL,30-Jan-2025,2025-01-30,990.00,PE,83.35,85.55,81.40,85.55,85.55,8,57.9403125,35775,2025,06-JAN-2025
OPTSTK,JSWSTEEL,30-Jan-2025,2025-01-30,990.00,CE,4.40,4.55,3.55,3.75,3.75,348,2334.72881,240975,5400,06-JAN-2025
OPTSTK,JSWSTEEL,27-Feb-2025,2025-02-27,990.00,CE,0.00,0.00,0.00,24.40,10.15,0,0.00,0,0,06-JAN-2025
OPTSTK,ICICIBANK,30-Jan-2025,2025-01-30,1240.00,CE,49.00,55.00,45.40,48.15,48.15,228,2057.83165,90300,33600,06-JAN-2025
OPTSTK,ICICIBANK,27-Feb-2025,2025-02-27,1460.00,CE,0.00,0.00,0.00,4.00,1.55,0,0.00,24500,0,06-JAN-2025
OPTSTK,INDIGO,27-Feb-2025,2025-02-27,5200.00,PE,0.00,0.00,0.00,840.90,893.30,0,0.00,0,0,06-JAN-2025
OPTSTK,INDIGO,27-Feb-2025,2025-02-27,5200.00,CE,0.00,0.00,0.00,87.30,10.00,0,0.00,0,0,06-JAN-2025
OPTSTK,BATAINDIA,30-Jan-2025,2025-01-30,1660.00,CE,0.00,0.00,0.00,5.80,0.10,0,0.00,0,0,06-JAN-2025
OPTSTK,BATAINDIA,27-Feb-2025,2025-02-27,1660.00,CE,0.00,0.00,0.00,6.20,1.85,0,0.00,0,0,06-JAN-2025
OPTSTK,BATAINDIA,27-Feb-2025,2025-02-27,1520.00,CE,0.00,0.00,0.00,23.90,17.15,0,0.00,0,0,06-JAN-2025
OPTSTK,BATAINDIA,27-Feb-2025,2025-02-27,1220.00,PE,0.00,0.00,0.00,12.45,0.80,0,0.00,0,0,06-JAN-2025
OPTSTK,INDIGO,27-Feb-2025,2025-02-27,4600.00,PE,344.10,350.55,344.10,350.55,374.00,3,22.258125,600,-150,06-JAN-2025
OPTSTK,INDIGO,30-Jan-2025,2025-01-30,3650.00,PE,0.00,0.00,0.00,29.50,1.85,0,0.00,0,0,06-JAN-2025
OPTSTK,INDIGO,27-Mar-2025,2025-03-27,5000.00,PE,0.00,0.00,0.00,436.95,708.95,0,0.00,0,0,06-JAN-2025
OPTSTK,BATAINDIA,27-Feb-2025,2025-02-27,1410.00,CE,0.00,0.00,0.00,38.60,60.40,0,0.00,0,0,06-JAN-2025
OPTSTK,BATAINDIA,27-Feb-2025,2025-02-27,1340.00,PE,0.00,0.00,0.00,45.75,11.70,0,0.00,0,0,06-JAN-2025
OPTSTK,BATAINDIA,27-Feb-2025,2025-02-27,1240.00,PE,0.00,0.00,0.00,16.05,1.40,0,0.00,0,0,06-JAN-2025
OPTSTK,INDIGO,30-Jan-2025,2025-01-30,4100.00,CE,320.05,320.15,228.55,235.70,235.70,26,169.85655,1350,1200,06-JAN-2025
OPTSTK,INDIGO,27-Feb-2025,2025-02-27,4100.00,CE,0.00,0.00,0.00,491.50,306.65,0,0.00,0,0,06-JAN-2025
OPTSTK,INDIGO,27-Mar-2025,2025-03-27,4100.00,CE,0.00,0.00,0.00,774.05,360.80,0,0.00,0,0,06-JAN-2025
OPTSTK,BATAINDIA,30-Jan-2025,2025-01-30,1370.00,PE,9.35,19.45,6.30,16.30,16.30,183,949.333875,42375,2625,06-JAN-2025
OPTSTK,INDIGO,27-Mar-2025,2025-03-27,4200.00,PE,0.00,0.00,0.00,97.10,173.65,0,0.00,0,0,06-JAN-2025
OPTSTK,BATAINDIA,27-Feb-2025,2025-02-27,1680.00,CE,0.00,0.00,0.00,5.00,1.25,0,0.00,0,0,06-JAN-2025
OPTSTK,INDIGO,27-Mar-2025,2025-03-27,4300.00,CE,0.00,0.00,0.00,626.10,250.45,0,0.00,0,0,06-JAN-2025
OPTSTK,BATAINDIA,27-Feb-2025,2025-02-27,1250.00,CE,0.00,0.00,0.00,130.65,187.75,0,0.00,0,0,06-JAN-2025
OPTSTK,INDIGO,27-Mar-2025,2025-03-27,3900.00,CE,0.00,0.00,0.00,937.50,497.15,0,0.00,0,0,06-JAN-2025
OPTSTK,BATAINDIA,30-Jan-2025,2025-01-30,1560.00,CE,8.00,10.00,3.70,3.75,3.75,251,1474.41037,117000,5625,06-JAN-2025
OPTSTK,BATAINDIA,30-Jan-2025,2025-01-30,1350.00,PE,6.50,14.30,3.90,11.95,11.95,582,2966.89125,81000,11625,06-JAN-2025
OPTSTK,BATAINDIA,30-Jan-2025,2025-01-30,1680.00,CE,0.00,0.00,0.00,4.70,0.05,0,0.00,0,0,06-JAN-2025
OPTSTK,BATAINDIA,30-Jan-2025,2025-01-30,1550.00,CE,10.80,10.85,4.40,4.45,4.45,55,321.305437,9750,9750,06-JAN-2025
FUTSTK,BATAINDIA,30-Jan-2025,2025-01-30,,,1445.30,1472.55,1412.80,1419.00,1419.00,3710,19996.9115,2760000,-115500,06-JAN-2025
OPTSTK,BATAINDIA,30-Jan-2025,2025-01-30,1480.00,PE,43.60,79.00,43.60,71.95,71.95,36,208.049625,7125,3000,06-JAN-2025
OPTSTK,BATAINDIA,27-Feb-2025,2025-02-27,1450.00,PE,0.00,0.00,0.00,107.45,52.30,0,0.00,0,0,06-JAN-2025
FUTSTK,BATAINDIA,27-Feb-2025,2025-02-27,,,1445.95,1462.75,1403.65,1408.95,1408.95,329,1768.21668,145875,42000,06-JAN-2025
OPTSTK,BATAINDIA,30-Jan-2025,2025-01-30,1480.00,CE,25.50,33.00,13.50,14.45,14.45,968,5458.6995,86250,-6000,06-JAN-2025
OPTSTK,BATAINDIA,27-Feb-2025,2025-02-27,1480.00,CE,0.00,0.00,0.00,33.50,28.50,0,0.00,0,0,06-JAN-2025
OPTSTK,INDIGO,27-Mar-2025,2025-03-27,5000.00,CE,0.00,0.00,0.00,252.25,49.35,0,0.00,0,0,06-JAN-2025
OPTSTK,UNIONBANK,27-Feb-2025,2025-02-27,138.00,PE,0.00,0.00,0.00,20.05,23.00,0,0.00,0,0,06-JAN-2025
OPTSTK,ITC,27-Mar-2025,2025-03-27,440.00,CE,0.00,0.00,0.00,50.15,21.40,0,0.00,0,0,06-JAN-2025
OPTSTK,ITC,27-Feb-2025,2025-02-27,440.00,PE,11.00,17.15,10.15,15.15,15.15,52,376.8536,40000,-102400,06-JAN-2025
OPTSTK,UNIONBANK,27-Mar-2025,2025-03-27,140.00,PE,0.00,0.00,0.00,23.10,25.10,0,0.00,0,0,06-JAN-2025
OPTSTK,UNIONBANK,27-Mar-2025,2025-03-27,140.00,CE,0.00,0.00,0.00,4.70,1.85,0,0.00,0,0,06-JAN-2025
OPTSTK,UNIONBANK,30-Jan-2025,2025-01-30,124.00,PE,7.80,11.50,7.80,10.90,10.90,15,88.8186,265500,-17700,06-JAN-2025
OPTSTK,UNIONBANK,27-Feb-2025,2025-02-27,124.00,PE,0.00,0.00,0.00,11.30,11.75,0,0.00,0,0,06-JAN-2025
OPTSTK,UNIONBANK,27-Mar-2025,2025-03-27,124.00,CE,0.00,0.00,0.00,9.65,5.35,0,0.00,0,0,06-JAN-2025
OPTSTK,UNIONBANK,27-Feb-2025,2025-02-27,124.00,CE,0.00,0.00,0.00,11.20,3.65,0,0.00,0,0,06-JAN-2025
OPTSTK,UNIONBANK,27-Mar-2025,2025-03-27,124.00,PE,0.00,0.00,0.00,12.35,12.85,0,0.00,0,0,06-JAN-2025
OPTSTK,UNIONBANK,30-Jan-2025,2025-01-30,124.00,CE,3.90,3.90,1.50,1.60,1.60,171,953.450325,424800,101775,06-JAN-2025
OPTSTK,ITC,27-Feb-2025,2025-02-27,445.00,CE,0.00,0.00,0.00,41.95,14.35,0,0.00,0,0,06-JAN-2025
FUTSTK,UNIONBANK,30-Jan-2025,2025-01-30,,,123.49,123.49,113.00,114.23,114.23,10734,54846.9019,40444500,13058175,06-JAN-2025
OPTSTK,ITC,27-Mar-2025,2025-03-27,420.00,CE,0.00,0.00,0.00,66.80,34.45,0,0.00,0,0,06-JAN-2025
OPTSTK,UNIONBANK,30-Jan-2025,2025-01-30,132.00,CE,1.00,1.05,0.55,0.55,0.55,68,399.312,203550,-70800,06-JAN-2025
OPTSTK,UNIONBANK,27-Feb-2025,2025-02-27,129.00,CE,0.00,0.00,0.00,5.75,2.40,0,0.00,0,0,06-JAN-2025
OPTSTK,UNIONBANK,27-Feb-2025,2025-02-27,129.00,PE,0.00,0.00,0.00,14.10,15.45,0,0.00,0,0,06-JAN-2025
OPTSTK,UNIONBANK,30-Jan-2025,2025-01-30,108.00,CE,8.60,8.90,7.95,7.95,8.90,8,41.19675,22125,22125,06-JAN-2025
OPTSTK,UNIONBANK,27-Feb-2025,2025-02-27,108.00,CE,0.00,0.00,0.00,20.15,11.05,0,0.00,0,0,06-JAN-2025
OPTSTK,UNIONBANK,27-Mar-2025,2025-03-27,108.00,PE,0.00,0.00,0.00,5.00,4.55,0,0.00,0,0,06-JAN-2025
OPTSTK,UNIONBANK,30-Jan-2025,2025-01-30,108.00,PE,1.45,2.75,1.40,2.40,2.40,458,2231.14695,557550,446925,06-JAN-2025
OPTSTK,UNIONBANK,27-Feb-2025,2025-02-27,108.00,PE,0.00,0.00,0.00,4.50,3.35,0,0.00,0,0,06-JAN-2025
OPTSTK,UNIONBANK,27-Feb-2025,2025-02-27,113.00,CE,0.00,0.00,0.00,13.00,8.10,0,0.00,0,0,06-JAN-2025
OPTSTK,UNIONBANK,30-Jan-2025,2025-01-30,118.00,PE,4.50,7.75,4.30,7.15,7.15,232,1271.54587,389400,123900,06-JAN-2025
OPTSTK,UNIONBANK,27-Mar-2025,2025-03-27,118.00,CE,0.00,0.00,0.00,12.35,7.60,0,0.00,0,0,06-JAN-2025
OPTSTK,UNIONBANK,30-Jan-2025,2025-01-30,134.00,PE,0.00,0.00,0.00,10.45,19.05,0,0.00,35400,0,06-JAN-2025
OPTSTK,UNIONBANK,27-Mar-2025,2025-03-27,134.00,PE,0.00,0.00,0.00,18.75,20.15,0,0.00,0,0,06-JAN-2025
OPTSTK,UNIONBANK,27-Mar-2025,2025-03-27,102.00,CE,0.00,0.00,0.00,22.15,16.85,0,0.00,0,0,06-JAN-2025
OPTSTK,UNIONBANK,27-Feb-2025,2025-02-27,102.00,PE,0.00,0.00,0.00,2.90,1.70,0,0.00,0,0,06-JAN-2025
OPTSTK,ITC,27-Mar-2025,2025-03-27,470.00,CE,0.00,0.00,0.00,29.50,8.70,0,0.00,0,0,06-JAN-2025
OPTSTK,BANDHANBNK,27-Mar-2025,2025-03-27,190.00,PE,0.00,0.00,0.00,31.90,37.55,0,0.00,0,0,06-JAN-2025
OPTSTK,BANKINDIA,27-Mar-2025,2025-03-27,92.00,CE,0.00,0.00,0.00,16.55,12.20,0,0.00,0,0,06-JAN-2025
OPTSTK,BANDHANBNK,27-Feb-2025,2025-02-27,177.50,CE,0.00,0.00,0.00,7.45,2.05,0,0.00,0,0,06-JAN-2025
OPTSTK,BANDHANBNK,30-Jan-2025,2025-01-30,177.50,CE,1.10,1.10,0.65,0.65,0.65,103,513.9176,392000,-86800,06-JAN-2025
OPTSTK,BANKINDIA,27-Feb-2025,2025-02-27,84.00,PE,0.00,0.00,0.00,0.95,0.60,0,0.00,0,0,06-JAN-2025
OPTSTK,BANKINDIA,27-Feb-2025,2025-02-27,84.00,CE,0.00,0.00,0.00,30.35,17.20,0,0.00,0,0,06-JAN-2025
OPTSTK,BANDHANBNK,30-Jan-2025,2025-01-30,150.00,CE,10.85,12.25,6.60,6.90,6.90,668,2957.8472,1050000,268800,06-JAN-2025
OPTSTK,BANDHANBNK,27-Feb-2025,2025-02-27,200.00,CE,0.85,1.00,0.85,0.90,0.35,14,78.7752,123200,14000,06-JAN-2025
OPTSTK,BANDHANBNK,30-Jan-2025,2025-01-30,200.00,CE,0.15,0.15,0.05,0.10,0.10,482,2700.5902,3046400,-53200,06-JAN-2025
OPTSTK,BANDHANBNK,27-Feb-2025,2025-02-27,175.00,PE,21.15,21.15,21.15,21.15,24.15,1,5.4922,2800,2800,06-JAN-2025
OPTSTK,BANDHANBNK,27-Mar-2025,2025-03-27,175.00,CE,0.00,0.00,0.00,11.05,4.30,0,0.00,0,0,06-JAN-2025
OPTSTK,BANDHANBNK,27-Mar-2025,2025-03-27,175.00,PE,0.00,0.00,0.00,21.45,25.10,0,0.00,0,0,06-JAN-2025
OPTSTK,BANDHANBNK,30-Jan-2025,2025-01-30,157.50,PE,4.80,9.20,4.00,8.65,8.65,542,2488.3936,576800,-30800,06-JAN-2025
OPTSTK,BANDHANBNK,27-Feb-2025,2025-02-27,157.50,PE,0.00,0.00,0.00,9.70,11.50,0,0.00,0,0,06-JAN-2025
OPTSTK,BANKINDIA,30-Jan-2025,2025-01-30,134.00,CE,0.10,0.10,0.10,0.10,0.05,1,6.470325,9650,-4825,06-JAN-2025
OPTSTK,BANKINDIA,27-Mar-2025,2025-03-27,92.00,PE,0.00,0.00,0.00,3.70,3.05,0,0.00,0,0,06-JAN-2025
OPTSTK,TVSMOTOR,30-Jan-2025,2025-01-30,2760.00,CE,0.00,0.00,0.00,14.05,1.95,0,0.00,0,0,06-JAN-2025
OPTSTK,TVSMOTOR,30-Jan-2025,2025-01-30,2580.00,CE,38.00,40.00,20.00,21.10,21.10,87,793.7209,18550,4550,06-JAN-2025
OPTSTK,TVSMOTOR,30-Jan-2025,2025-01-30,2880.00,CE,0.00,0.00,0.00,5.45,0.35,0,0.00,0,0,06-JAN-2025
OPTSTK,TVSMOTOR,27-Feb-2025,2025-02-27,2880.00,PE,0.00,0.00,0.00,425.40,443.90,0,0.00,0,0,06-JAN-2025
OPTSTK,TVSMOTOR,27-Feb-2025,2025-02-27,2580.00,CE,0.00,0.00,0.00,82.15,44.25,0,0.00,0,0,06-JAN-2025
OPTSTK,AMBUJACEM,27-Feb-2025,2025-02-27,545.00,CE,0.00,0.00,0.00,44.70,24.35,0,0.00,0,0,06-JAN-2025
OPTSTK,AMBUJACEM,30-Jan-2025,2025-01-30,640.00,PE,0.00,0.00,0.00,87.00,107.75,0,0.00,82800,0,06-JAN-2025
OPTSTK,AMBUJACEM,27-Mar-2025,2025-03-27,500.00,CE,0.00,0.00,0.00,79.65,56.20,0,0.00,0,0,06-JAN-2025
OPTSTK,AMBUJACEM,27-Mar-2025,2025-03-27,500.00,PE,0.00,0.00,0.00,21.85,18.95,0,0.00,0,0,06-JAN-2025
OPTSTK,AMBUJACEM,27-Feb-2025,2025-02-27,540.00,PE,0.00,0.00,0.00,20.45,31.45,0,0.00,2700,0,06-JAN-2025
OPTSTK,AMBUJACEM,27-Feb-2025,2025-02-27,475.00,CE,0.00,0.00,0.00,89.55,66.60,0,0.00,0,0,06-JAN-2025
OPTSTK,AMBUJACEM,30-Jan-2025,2025-01-30,475.00,CE,0.00,0.00,0.00,81.65,59.45,0,0.00,0,0,06-JAN-2025
OPTSTK,AMBUJACEM,27-Feb-2025,2025-02-27,620.00,PE,0.00,0.00,0.00,111.40,89.70,0,0.00,0,0,06-JAN-2025
OPTSTK,AMBUJACEM,30-Jan-2025,2025-01-30,620.00,PE,0.00,0.00,0.00,69.00,88.45,0,0.00,54000,0,06-JAN-2025
OPTSTK,AMBUJACEM,30-Jan-2025,2025-01-30,560.00,CE,10.60,10.75,5.15,5.35,5.35,780,3976.84935,619200,17100,06-JAN-2025
OPTSTK,AMBUJACEM,27-Feb-2025,2025-02-27,520.00,CE,0.00,0.00,0.00,46.30,36.40,0,0.00,0,0,06-JAN-2025
OPTSTK,TVSMOTOR,27-Mar-2025,2025-03-27,2360.00,PE,0.00,0.00,0.00,95.55,78.55,0,0.00,0,0,06-JAN-2025
OPTSTK,TVSMOTOR,30-Jan-2025,2025-01-30,2360.00,PE,22.35,46.20,21.35,42.65,42.65,118,988.40945,63350,-2450,06-JAN-2025
OPTSTK,TVSMOTOR,27-Feb-2025,2025-02-27,2440.00,CE,0.00,0.00,0.00,141.00,95.20,0,0.00,0,0,06-JAN-2025
OPTSTK,TVSMOTOR,27-Feb-2025,2025-02-27,2260.00,CE,0.00,0.00,0.00,251.85,205.90,0,0.00,0,0,06-JAN-2025
OPTSTK,TVSMOTOR,27-Feb-2025,2025-02-27,2260.00,PE,0.00,0.00,0.00,44.95,30.45,0,0.00,0,0,06-JAN-2025
OPTSTK,TVSMOTOR,27-Feb-2025,2025-02-27,2240.00,CE,0.00,0.00,0.00,266.40,221.20,0,0.00,0,0,06-JAN-2025
OPTSTK,TVSMOTOR,27-Feb-2025,2025-02-27,2040.00,PE,0.00,0.00,0.00,9.15,3.40,0,0.00,0,0,06-JAN-2025
OPTSTK,TVSMOTOR,30-Jan-2025,2025-01-30,2450.00,PE,55.00,90.65,46.00,85.60,85.60,319,2806.93577,64750,7000,06-JAN-2025
OPTSTK,TVSMOTOR,27-Feb-2025,2025-02-27,2640.00,PE,0.00,0.00,0.00,232.00,231.35,0,0.00,0,0,06-JAN-2025
OPTSTK,TVSMOTOR,30-Jan-2025,2025-01-30,2600.00,PE,142.00,177.40,142.00,176.50,188.20,6,58.02685,30800,0,06-JAN-2025
OPTSTK,TVSMOTOR,27-Feb-2025,2025-02-27,2080.00,CE,0.00,0.00,0.00,397.45,359.15,0,0.00,0,0,06-JAN-2025
OPTSTK,AMBUJACEM,27-Mar-2025,2025-03-27,480.00,PE,0.00,0.00,0.00,15.80,12.60,0,0.00,0,0,06-JAN-2025
OPTSTK,AMBUJACEM,27-Feb-2025,2025-02-27,450.00,CE,0.00,0.00,0.00,109.80,87.40,0,0.00,0,0,06-JAN-2025
OPTSTK,AMBUJACEM,30-Jan-2025,2025-01-30,450.00,PE,0.00,0.00,0.00,10.95,0.60,0,0.00,0,0,06-JAN-2025
OPTSTK,TVSMOTOR,27-Mar-2025,2025-03-27,2600.00,CE,0.00,0.00,0.00,105.10,63.25,0,0.00,0,0,06-JAN-2025
OPTSTK,TVSMOTOR,27-Mar-2025,2025-03-27,2080.00,PE,0.00,0.00,0.00,22.50,12.20,0,0.00,0,0,06-JAN-2025
OPTSTK,JUBLFOOD,30-Jan-2025,2025-01-30,620.00,CE,0.00,0.00,0.00,141.00,149.40,0,0.00,5000,0,06-JAN-2025
OPTSTK,JUBLFOOD,30-Jan-2025,2025-01-30,620.00,PE,0.70,0.85,0.50,0.85,0.85,133,1031.71875,212500,-56250,06-JAN-2025
OPTSTK,JUBLFOOD,27-Feb-2025,2025-02-27,840.00,PE,0.00,0.00,0.00,187.10,77.40,0,0.00,0,0,06-JAN-2025
OPTSTK,ONGC,30-Jan-2025,2025-01-30,254.00,CE,8.40,8.90,5.95,7.25,7.25,795,3996.53677,675675,119350,06-JAN-2025
OPTSTK,JUBLFOOD,27-Feb-2025,2025-02-27,790.00,PE,0.00,0.00,0.00,91.95,43.00,0,0.00,0,0,06-JAN-2025
OPTSTK,ONGC,30-Jan-2025,2025-01-30,294.00,CE,0.65,0.65,0.30,0.35,0.35,709,4018.27965,465850,-352275,06-JAN-2025
OPTSTK,ONGC,27-Feb-2025,2025-02-27,290.00,PE,0.00,0.00,0.00,42.00,36.05,0,0.00,0,0,06-JAN-2025
OPTSTK,JUBLFOOD,30-Jan-2025,2025-01-30,580.00,PE,0.35,0.35,0.25,0.25,0.05,19,137.816875,33750,2500,06-JAN-2025
OPTSTK,JUBLFOOD,30-Jan-2025,2025-01-30,540.00,PE,0.00,0.00,0.00,0.45,0.05,0,0.00,6250,0,06-JAN-2025
OPTSTK,ONGC,27-Mar-2025,2025-03-27,200.00,CE,0.00,0.00,0.00,47.40,58.10,0,0.00,0,0,06-JAN-2025
OPTSTK,ONGC,27-Feb-2025,2025-02-27,200.00,CE,0.00,0.00,0.00,58.30,56.55,0,0.00,0,0,06-JAN-2025
OPTSTK,ONGC,27-Feb-2025,2025-02-27,282.50,PE,0.00,0.00,0.00,43.00,29.95,0,0.00,0,0,06-JAN-2025
OPTSTK,ONGC,30-Jan-2025,2025-01-30,282.50,CE,1.15,1.15,0.60,0.75,0.75,264,1439.59777,236775,231000,06-JAN-2025
OPTSTK,JUBLFOOD,27-Mar-2025,2025-03-27,840.00,CE,0.00,0.00,0.00,13.75,20.05,0,0.00,0,0,06-JAN-2025
OPTSTK,ONGC,30-Jan-2025,2025-01-30,270.00,PE,14.60,18.95,14.25,16.90,16.90,394,2173.33943,783475,184800,06-JAN-2025
OPTSTK,ONGC,27-Feb-2025,2025-02-27,270.00,CE,5.40,5.80,4.30,4.80,4.80,63,333.572662,202125,0,06-JAN-2025
OPTSTK,ONGC,27-Feb-2025,2025-02-27,280.00,CE,3.35,3.55,2.70,3.00,5.05,135,735.978512,240625,103950,06-JAN-2025
OPTSTK,ONGC,27-Mar-2025,2025-03-27,280.00,PE,0.00,0.00,0.00,42.30,29.70,0,0.00,0,0,06-JAN-2025
OPTSTK,JUBLFOOD,27-Feb-2025,2025-02-27,810.00,CE,0.00,0.00,0.00,11.85,19.95,0,0.00,0,0,06-JAN-2025
OPTSTK,ONGC,27-Mar-2025,2025-03-27,240.00,CE,0.00,0.00,0.00,21.25,26.05,0,0.00,0,0,06-JAN-2025
OPTSTK,JUBLFOOD,27-Feb-2025,2025-02-27,650.00,PE,0.00,0.00,0.00,16.10,2.00,0,0.00,0,0,06-JAN-2025
OPTSTK,ONGC,30-Jan-2025,2025-01-30,247.50,CE,14.85,14.90,9.40,11.15,11.15,391,1949.49851,277200,30800,06-JAN-2025
OPTSTK,ONGC,30-Jan-2025,2025-01-30,255.00,CE,9.25,9.50,5.50,6.70,6.70,5109,25749.3476,1786400,169400,06-JAN-2025
OPTSTK,ONGC,27-Feb-2025,2025-02-27,200.00,PE,0.00,0.00,0.00,0.55,0.30,0,0.00,1925,0,06-JAN-2025
OPTSTK,ONGC,27-Mar-2025,2025-03-27,200.00,PE,0.00,0.00,0.00,3.55,0.80,0,0.00,0,0,06-JAN-2025
OPTSTK,ONGC,30-Jan-2025,2025-01-30,200.00,PE,0.15,0.20,0.10,0.15,0.15,124,477.729175,1145375,9625,06-JAN-2025
OPTSTK,JUBLFOOD,27-Feb-2025,2025-02-27,620.00,PE,0.00,0.00,0.00,29.25,0.65,0,0.00,0,0,06-JAN-2025
OPTSTK,JUBLFOOD,30-Jan-2025,2025-01-30,790.00,PE,27.25,40.35,22.30,35.60,35.60,1607,16427.7006,211250,176250,06-JAN-2025
OPTSTK,JUBLFOOD,30-Jan-2025,2025-01-30,710.00,CE,75.80,84.60,62.00,66.10,66.10,55,537.1225,343750,-38750,06-JAN-2025
OPTSTK,ONGC,27-Feb-2025,2025-02-27,222.50,CE,0.00,0.00,0.00,27.60,35.95,0,0.00,0,0,06-JAN-2025
OPTSTK,JUBLFOOD,30-Jan-2025,2025-01-30,770.00,PE,20.00,28.45,14.10,24.45,24.45,2308,22829.1106,251250,123750,06-JAN-2025
OPTSTK,JUBLFOOD,30-Jan-2025,2025-01-30,770.00,CE,23.25,39.50,22.00,25.10,25.10,3521,35152.4912,582500,8750,06-JAN-2025
OPTSTK,BIOCON,27-Mar-2025,2025-03-27,330.00,CE,0.00,0.00,0.00,40.50,42.50,0,0.00,0,0,06-JAN-2025
OPTSTK,BIOCON,30-Jan-2025,2025-01-30,330.00,PE,0.95,2.35,0.70,2.15,2.15,453,3755.3225,670000,-162500,06-JAN-2025
OPTSTK,BIOCON,30-Jan-2025,2025-01-30,410.00,PE,0.00,0.00,0.00,42.80,51.15,0,0.00,17500,0,06-JAN-2025
OPTSTK,RECLTD,27-Mar-2025,2025-03-27,520.00,PE,0.00,0.00,0.00,52.05,43.70,0,0.00,0,0,06-JAN-2025
OPTSTK,RECLTD,27-Feb-2025,2025-02-27,520.00,PE,21.95,21.95,21.95,21.95,36.70,2,10.839,8000,0,06-JAN-2025
OPTSTK,RECLTD,27-Feb-2025,2025-02-27,470.00,PE,0.00,0.00,0.00,22.45,15.30,0,0.00,0,0,06-JAN-2025
OPTSTK,RECLTD,27-Feb-2025,2025-02-27,530.00,CE,26.20,28.20,20.75,21.45,21.45,26,144.119,13000,9000,06-JAN-2025
OPTSTK,BIOCON,30-Jan-2025,2025-01-30,350.00,CE,24.60,26.40,16.15,16.95,16.95,89,822.49625,782500,-22500,06-JAN-2025
OPTSTK,BIOCON,27-Feb-2025,2025-02-27,350.00,CE,0.00,0.00,0.00,40.80,24.80,0,0.00,0,0,06-JAN-2025
OPTSTK,BIOCON,27-Mar-2025,2025-03-27,350.00,PE,0.00,0.00,0.00,27.30,16.85,0,0.00,0,0,06-JAN-2025
OPTSTK,RECLTD,30-Jan-2025,2025-01-30,620.00,PE,92.00,98.00,90.80,98.00,106.30,4,28.528,194000,3000,06-JAN-2025
OPTSTK,RECLTD,27-Mar-2025,2025-03-27,560.00,CE,0.00,0.00,0.00,44.20,28.55,0,0.00,0,0,06-JAN-2025
OPTSTK,JKCEMENT,27-Mar-2025,2025-03-27,5000.00,PE,0.00,0.00,0.00,490.85,372.00,0,0.00,0,0,06-JAN-2025
OPTSTK,JKCEMENT,30-Jan-2025,2025-01-30,5000.00,CE,49.35,55.45,35.00,41.25,41.25,133,838.579312,30000,-4000,06-JAN-2025
OPTSTK,JKCEMENT,30-Jan-2025,2025-01-30,5000.00,PE,0.00,0.00,0.00,313.70,314.90,0,0.00,1125,0,06-JAN-2025
OPTSTK,BIOCON,27-Mar-2025,2025-03-27,360.00,PE,0.00,0.00,0.00,32.75,21.55,0,0.00,0,0,06-JAN-2025
OPTSTK,RECLTD,30-Jan-2025,2025-01-30,620.00,CE,1.75,1.75,0.85,0.90,0.90,571,3546.7265,483000,20000,06-JAN-2025
OPTSTK,RECLTD,27-Feb-2025,2025-02-27,620.00,PE,0.00,0.00,0.00,112.25,108.95,0,0.00,0,0,06-JAN-2025
OPTSTK,RECLTD,27-Mar-2025,2025-03-27,620.00,CE,0.00,0.00,0.00,26.75,13.95,0,0.00,0,0,06-JAN-2025
OPTSTK,RECLTD,30-Jan-2025,2025-01-30,530.00,PE,13.60,30.90,13.45,28.65,28.65,3673,20227.276,1131000,-36000,06-JAN-2025
OPTSTK,RECLTD,30-Jan-2025,2025-01-30,470.00,PE,2.25,6.60,2.15,5.90,5.90,1208,5729.378,1154000,177000,06-JAN-2025
OPTSTK,JKCEMENT,27-Feb-2025,2025-02-27,4100.00,CE,0.00,0.00,0.00,325.00,656.15,0,0.00,0,0,06-JAN-2025
OPTSTK,BIOCON,30-Jan-2025,2025-01-30,315.00,PE,0.55,0.90,0.40,0.85,0.85,30,236.81125,47500,5000,06-JAN-2025
OPTSTK,RECLTD,27-Feb-2025,2025-02-27,490.00,PE,11.25,16.00,10.30,16.00,22.50,3,15.0755,3000,3000,06-JAN-2025
OPTSTK,JKCEMENT,30-Jan-2025,2025-01-30,4400.00,PE,28.05,47.50,28.05,47.50,47.50,166,921.206375,11000,750,06-JAN-2025
OPTSTK,JKCEMENT,30-Jan-2025,2025-01-30,5500.00,CE,5.00,6.50,3.70,6.50,1.75,6,41.28525,4625,-125,06-JAN-2025
OPTSTK,RECLTD,27-Mar-2025,2025-03-27,540.00,PE,45.00,45.00,45.00,45.00,55.10,1,5.85,1000,1000,06-JAN-2025
OPTSTK,RECLTD,27-Mar-2025,2025-03-27,540.00,CE,0.00,0.00,0.00,51.85,35.55,0,0.00,0,0,06-JAN-2025
OPTSTK,JKCEMENT,27-Feb-2025,2025-02-27,4200.00,PE,0.00,0.00,0.00,255.20,25.40,0,0.00,0,0,06-JAN-2025
OPTSTK,RECLTD,30-Jan-2025,2025-01-30,610.00,PE,0.00,0.00,0.00,69.75,96.95,0,0.00,89000,0,06-JAN-2025
OPTSTK,BIOCON,27-Mar-2025,2025-03-27,440.00,PE,0.00,0.00,0.00,91.60,79.25,0,0.00,0,0,06-JAN-2025
OPTSTK,RECLTD,27-Feb-2025,2025-02-27,580.00,CE,0.00,0.00,0.00,13.55,14.35,0,0.00,16000,0,06-JAN-2025
OPTSTK,EICHERMOT,27-Mar-2025,2025-03-27,5200.00,PE,0.00,0.00,0.00,469.90,196.10,0,0.00,0,0,06-JAN-2025
OPTSTK,EICHERMOT,30-Jan-2025,2025-01-30,5550.00,PE,0.00,0.00,0.00,261.85,322.20,0,0.00,350,0,06-JAN-2025
OPTSTK,TORNTPHARM,30-Jan-2025,2025-01-30,3400.00,CE,96.05,103.90,73.80,79.35,79.35,353,3075.61562,68500,17000,06-JAN-2025
OPTSTK,TORNTPHARM,27-Mar-2025,2025-03-27,3400.00,PE,0.00,0.00,0.00,151.35,137.90,0,0.00,0,0,06-JAN-2025
OPTSTK,EICHERMOT,30-Jan-2025,2025-01-30,4600.00,CE,0.00,0.00,0.00,330.00,673.05,0,0.00,525,0,06-JAN-2025
OPTSTK,TORNTPHARM,27-Feb-2025,2025-02-27,3500.00,CE,0.00,0.00,0.00,94.85,73.55,0,0.00,0,0,06-JAN-2025
OPTSTK,TORNTPHARM,27-Mar-2025,2025-03-27,3500.00,PE,0.00,0.00,0.00,200.45,193.15,0,0.00,0,0,06-JAN-2025
OPTSTK,TORNTPHARM,27-Feb-2025,2025-02-27,3500.00,PE,0.00,0.00,0.00,328.75,177.25,0,0.00,0,0,06-JAN-2025
OPTSTK,TORNTPHARM,30-Jan-2025,2025-01-30,3650.00,CE,16.35,18.00,14.00,17.25,17.25,6,54.997125,12000,0,06-JAN-2025
OPTSTK,KEI,27-Feb-2025,2025-02-27,5000.00,PE,0.00,0.00,0.00,792.50,745.05,0,0.00,0,0,06-JAN-2025
OPTSTK,EICHERMOT,30-Jan-2025,2025-01-30,5000.00,CE,368.50,387.35,270.00,311.25,311.25,85,790.966837,243425,-2450,06-JAN-2025
OPTSTK,EICHERMOT,27-Feb-2025,2025-02-27,5000.00,PE,70.00,95.00,70.00,84.40,84.40,37,329.119787,6475,1400,06-JAN-2025
OPTSTK,EICHERMOT,30-Jan-2025,2025-01-30,5000.00,PE,30.85,47.10,25.05,36.95,36.95,3944,34756.3494,220150,-75075,06-JAN-2025
OPTSTK,EICHERMOT,27-Mar-2025,2025-03-27,5800.00,CE,0.00,0.00,0.00,48.05,97.90,0,0.00,0,0,06-JAN-2025
OPTSTK,EICHERMOT,30-Jan-2025,2025-01-30,5800.00,PE,0.00,0.00,0.00,863.75,537.45,0,0.00,0,0,06-JAN-2025
OPTSTK,TORNTPHARM,30-Jan-2025,2025-01-30,3550.00,CE,34.90,37.55,29.95,30.55,30.55,29,259.838625,9750,500,06-JAN-2025
OPTSTK,KEI,30-Jan-2025,2025-01-30,4100.00,CE,245.10,246.90,245.10,246.85,260.60,3,19.558275,450,450,06-JAN-2025
OPTSTK,EICHERMOT,30-Jan-2025,2025-01-30,4400.00,CE,0.00,0.00,0.00,650.20,869.95,0,0.00,0,0,06-JAN-2025
OPTSTK,KEI,27-Feb-2025,2025-02-27,4400.00,PE,0.00,0.00,0.00,150.50,298.55,0,0.00,450,0,06-JAN-2025
OPTSTK,KEI,30-Jan-2025,2025-01-30,4400.00,CE,118.95,128.50,85.00,97.60,97.60,144,972.233325,13650,-1950,06-JAN-2025
OPTSTK,KEI,30-Jan-2025,2025-01-30,4400.00,PE,180.50,258.10,180.40,258.10,236.50,64,442.931925,8700,0,06-JAN-2025
OPTSTK,EICHERMOT,30-Jan-2025,2025-01-30,4200.00,PE,2.00,2.50,1.35,1.90,1.90,16,117.65355,55300,0,06-JAN-2025
OPTSTK,TORNTPHARM,27-Mar-2025,2025-03-27,2800.00,PE,0.00,0.00,0.00,11.30,4.25,0,0.00,0,0,06-JAN-2025
OPTSTK,EICHERMOT,30-Jan-2025,2025-01-30,4300.00,CE,0.00,0.00,0.00,728.80,969.25,0,0.00,0,0,06-JAN-2025
OPTSTK,KEI,30-Jan-2025,2025-01-30,4300.00,CE,167.85,167.90,126.85,135.85,135.85,80,533.218425,10500,300,06-JAN-2025
OPTSTK,TORNTPHARM,27-Mar-2025,2025-03-27,3300.00,PE,0.00,0.00,0.00,110.35,93.30,0,0.00,0,0,06-JAN-2025
OPTSTK,TORNTPHARM,30-Jan-2025,2025-01-30,3900.00,PE,0.00,0.00,0.00,654.10,520.45,0,0.00,0,0,06-JAN-2025
OPTSTK,KEI,30-Jan-2025,2025-01-30,4200.00,CE,170.00,194.30,170.00,185.20,200.80,7,46.01085,3600,150,06-JAN-2025
OPTSTK,EICHERMOT,27-Mar-2025,2025-03-27,4200.00,CE,0.00,0.00,0.00,729.60,1117.55,0,0.00,0,0,06-JAN-2025
OPTSTK,KEI,30-Jan-2025,2025-01-30,4200.00,PE,91.80,145.05,91.80,137.45,137.45,103,669.018375,8700,1050,06-JAN-2025
OPTSTK,EICHERMOT,30-Jan-2025,2025-01-30,4200.00,CE,0.00,0.00,0.00,811.35,1068.75,0,0.00,0,0,06-JAN-2025
OPTSTK,INDUSINDBK,27-Feb-2025,2025-02-27,1010.00,CE,37.00,37.00,35.10,35.10,35.45,2,10.4605,1500,0,06-JAN-2025
OPTSTK,HDFCAMC,27-Mar-2025,2025-03-27,4000.00,CE,0.00,0.00,0.00,503.00,323.10,0,0.00,0,0,06-JAN-2025
OPTSTK,INDUSINDBK,30-Jan-2025,2025-01-30,980.00,CE,43.15,45.10,29.20,31.85,31.85,1881,9546.58025,740500,62000,06-JAN-2025
OPTSTK,GODREJCP,30-Jan-2025,2025-01-30,1210.00,CE,6.90,16.90,6.85,10.30,10.30,462,2824.88575,115000,115000,06-JAN-2025
OPTSTK,GODREJCP,27-Feb-2025,2025-02-27,1210.00,CE,0.00,0.00,0.00,17.40,24.00,0,0.00,0,0,06-JAN-2025
OPTSTK,GODREJCP,27-Feb-2025,2025-02-27,1210.00,PE,0.00,0.00,0.00,141.05,80.60,0,0.00,0,0,06-JAN-2025
OPTSTK,HDFCAMC,30-Jan-2025,2025-01-30,3950.00,PE,37.40,97.85,34.60,73.35,73.35,341,2056.68052,14550,2250,06-JAN-2025
OPTSTK,HDFCAMC,27-Feb-2025,2025-02-27,3950.00,CE,0.00,0.00,0.00,477.20,298.55,0,0.00,0,0,06-JAN-2025
OPTSTK,INDUSINDBK,27-Feb-2025,2025-02-27,1030.00,PE,0.00,0.00,0.00,45.00,78.60,0,0.00,500,0,06-JAN-2025
OPTSTK,HDFCAMC,30-Jan-2025,2025-01-30,4500.00,PE,419.70,448.65,412.40,444.45,398.35,10,73.938525,10800,1350,06-JAN-2025
OPTSTK,INDUSINDBK,27-Feb-2025,2025-02-27,950.00,PE,0.00,0.00,0.00,64.80,34.45,0,0.00,0,0,06-JAN-2025
OPTSTK,GODREJCP,27-Mar-2025,2025-03-27,1060.00,CE,0.00,0.00,0.00,83.50,116.45,0,0.00,0,0,06-JAN-2025
OPTSTK,GODREJCP,30-Jan-2025,2025-01-30,1060.00,CE,69.45,94.30,69.00,90.75,90.75,29,166.33175,61000,-4500,06-JAN-2025
OPTSTK,GODREJCP,27-Feb-2025,2025-02-27,1060.00,PE,0.00,0.00,0.00,44.75,12.45,0,0.00,0,0,06-JAN-2025
OPTSTK,INDUSINDBK,27-Feb-2025,2025-02-27,1070.00,PE,0.00,0.00,0.00,145.85,107.60,0,0.00,0,0,06-JAN-2025
OPTSTK,GODREJCP,27-Feb-2025,2025-02-27,1070.00,PE,0.00,0.00,0.00,49.40,14.75,0,0.00,0,0,06-JAN-2025
OPTSTK,GODREJCP,30-Jan-2025,2025-01-30,1070.00,PE,8.90,12.30,7.60,9.20,9.20,412,2223.59375,102000,-7500,06-JAN-2025
OPTSTK,GODREJCP,27-Feb-2025,2025-02-27,1070.00,CE,0.00,0.00,0.00,64.00,96.85,0,0.00,0,0,06-JAN-2025
OPTSTK,INDUSINDBK,30-Jan-2025,2025-01-30,1070.00,PE,83.65,96.20,83.65,96.20,101.10,4,23.199,45000,-1000,06-JAN-2025
OPTSTK,INDUSINDBK,27-Feb-2025,2025-02-27,1070.00,CE,0.00,0.00,0.00,21.20,17.85,0,0.00,0,0,06-JAN-2025
OPTSTK,GODREJCP,27-Mar-2025,2025-03-27,1100.00,PE,0.00,0.00,0.00,73.05,31.15,0,0.00,0,0,06-JAN-2025
OPTSTK,HDFCAMC,30-Jan-2025,2025-01-30,3700.00,CE,0.00,0.00,0.00,744.45,433.50,0,0.00,0,0,06-JAN-2025
OPTSTK,HDFCAMC,27-Feb-2025,2025-02-27,3700.00,PE,0.00,0.00,0.00,92.50,39.75,0,0.00,0,0,06-JAN-2025
OPTSTK,INDUSINDBK,30-Jan-2025,2025-01-30,1100.00,PE,107.70,132.65,107.70,129.45,129.45,701,4305.2215,1056500,301500,06-JAN-2025
OPTSTK,GODREJCP,30-Jan-2025,2025-01-30,1050.00,CE,85.60,111.30,78.85,111.30,99.95,21,119.31675,17000,-500,06-JAN-2025
OPTSTK,GODREJCP,30-Jan-2025,2025-01-30,1050.00,PE,5.55,8.15,5.10,6.20,6.20,342,1806.2445,82000,-6500,06-JAN-2025
OPTSTK,INDUSINDBK,30-Jan-2025,2025-01-30,1050.00,PE,66.60,91.55,66.60,86.50,86.50,145,822.962,88000,-43000,06-JAN-2025
OPTSTK,GODREJCP,27-Feb-2025,2025-02-27,1160.00,PE,0.00,0.00,0.00,29.95,49.60,0,0.00,0,0,06-JAN-2025
OPTSTK,GODREJCP,30-Jan-2025,2025-01-30,1160.00,CE,16.20,35.85,12.70,25.60,25.60,3161,18761.879,138500,68000,06-JAN-2025
OPTSTK,INDUSINDBK,27-Mar-2025,2025-03-27,1160.00,PE,0.00,0.00,0.00,223.90,185.05,0,0.00,0,0,06-JAN-2025
OPTSTK,INDUSINDBK,30-Jan-2025,2025-01-30,1160.00,CE,2.30,2.45,1.45,1.50,1.50,800,4647.4325,338500,-30500,06-JAN-2025
OPTSTK,ABCAPITAL,27-Feb-2025,2025-02-27,215.00,PE,0.00,0.00,0.00,26.80,37.45,0,0.00,0,0,06-JAN-2025
OPTSTK,ABCAPITAL,27-Mar-2025,2025-03-27,170.00,CE,0.00,0.00,0.00,24.50,15.75,0,0.00,0,0,06-JAN-2025
OPTSTK,SBICARD,30-Jan-2025,2025-01-30,625.00,CE,0.00,0.00,0.00,98.10,108.35,0,0.00,0,0,06-JAN-2025
OPTSTK,SBICARD,30-Jan-2025,2025-01-30,795.00,CE,0.00,0.00,0.00,8.45,1.60,0,0.00,0,0,06-JAN-2025
OPTSTK,ABCAPITAL,30-Jan-2025,2025-01-30,177.50,PE,2.30,6.70,2.30,6.25,6.25,379,1866.321,318600,67500,06-JAN-2025
OPTSTK,SBICARD,30-Jan-2025,2025-01-30,610.00,PE,0.70,0.80,0.45,0.80,0.80,119,581.3768,85600,-19200,06-JAN-2025
OPTSTK,SBICARD,27-Mar-2025,2025-03-27,840.00,PE,0.00,0.00,0.00,148.55,101.75,0,0.00,0,0,06-JAN-2025
OPTSTK,SBICARD,30-Jan-2025,2025-01-30,730.00,PE,10.65,21.30,8.65,19.30,19.30,1881,11221.6384,200800,75200,06-JAN-2025
OPTSTK,SBICARD,27-Mar-2025,2025-03-27,730.00,CE,0.00,0.00,0.00,20.45,36.25,0,0.00,0,0,06-JAN-2025
OPTSTK,ABCAPITAL,30-Jan-2025,2025-01-30,190.00,CE,3.50,3.60,1.45,1.55,1.55,2282,11834.6589,3960900,734400,06-JAN-2025
OPTSTK,ABCAPITAL,27-Mar-2025,2025-03-27,175.00,CE,0.00,0.00,0.00,21.45,13.00,0,0.00,0,0,06-JAN-2025
OPTSTK,ABCAPITAL,30-Jan-2025,2025-01-30,170.00,CE,14.00,14.00,9.40,9.75,9.75,66,321.08265,237600,86400,06-JAN-2025
OPTSTK,ABCAPITAL,30-Jan-2025,2025-01-30,165.00,CE,0.00,0.00,0.00,43.85,13.70,0,0.00,0,0,06-JAN-2025
OPTSTK,ABCAPITAL,27-Feb-2025,2025-02-27,165.00,PE,0.00,0.00,0.00,4.00,3.70,0,0.00,0,0,06-JAN-2025
OPTSTK,ABCAPITAL,30-Jan-2025,2025-01-30,207.50,CE,0.55,0.55,0.25,0.30,0.30,6,33.67035,81000,0,06-JAN-2025
OPTSTK,SBICARD,27-Feb-2025,2025-02-27,795.00,CE,0.00,0.00,0.00,3.35,6.60,0,0.00,0,0,06-JAN-2025
OPTSTK,ABCAPITAL,30-Jan-2025,2025-01-30,177.50,CE,7.95,8.25,5.15,5.65,5.65,188,931.7538,213300,116100,06-JAN-2025
OPTSTK,SBICARD,27-Feb-2025,2025-02-27,745.00,PE,0.00,0.00,0.00,66.70,28.55,0,0.00,0,0,06-JAN-2025
OPTSTK,SBICARD,30-Jan-2025,2025-01-30,665.00,CE,90.15,90.15,88.30,88.30,69.20,3,18.094,20800,-1600,06-JAN-2025
OPTSTK,SBICARD,27-Feb-2025,2025-02-27,740.00,PE,0.00,0.00,0.00,45.75,25.85,0,0.00,0,0,06-JAN-2025
OPTSTK,SBICARD,27-Mar-2025,2025-03-27,740.00,CE,0.00,0.00,0.00,17.55,31.20,0,0.00,0,0,06-JAN-2025
OPTSTK,SBICARD,27-Feb-2025,2025-02-27,740.00,CE,0.00,0.00,0.00,31.00,23.45,0,0.00,0,0,06-JAN-2025
OPTSTK,ABCAPITAL,27-Mar-2025,2025-03-27,175.00,PE,0.00,0.00,0.00,8.90,9.20,0,0.00,0,0,06-JAN-2025
OPTSTK,SBICARD,27-Feb-2025,2025-02-27,650.00,PE,4.00,5.50,3.20,5.50,1.70,111,580.9824,35200,800,06-JAN-2025
OPTSTK,ABCAPITAL,30-Jan-2025,2025-01-30,212.50,CE,0.00,0.00,0.00,0.30,0.10,0,0.00,5400,0,06-JAN-2025
OPTSTK,SBICARD,30-Jan-2025,2025-01-30,620.00,PE,0.70,1.10,0.60,0.90,0.90,228,1132.4124,234400,-68000,06-JAN-2025
OPTSTK,SBICARD,27-Feb-2025,2025-02-27,620.00,CE,0.00,0.00,0.00,108.15,116.90,0,0.00,0,0,06-JAN-2025
OPTSTK,SBICARD,27-Feb-2025,2025-02-27,620.00,PE,3.30,3.30,2.35,2.40,0.40,3,14.9444,800,800,06-JAN-2025
OPTSTK,SBICARD,30-Jan-2025,2025-01-30,860.00,PE,0.00,0.00,0.00,159.10,125.70,0,0.00,0,0,06-JAN-2025
OPTSTK,SBICARD,27-Mar-2025,2025-03-27,860.00,PE,0.00,0.00,0.00,167.20,119.75,0,0.00,0,0,06-JAN-2025
OPTSTK,SBICARD,27-Mar-2025,2025-03-27,830.00,PE,0.00,0.00,0.00,139.35,93.05,0,0.00,0,0,06-JAN-2025
OPTSTK,SBICARD,27-Mar-2025,2025-03-27,830.00,CE,0.00,0.00,0.00,3.55,5.80,0,0.00,0,0,06-JAN-2025
OPTSTK,MRF,27-Feb-2025,2025-02-27,129500.00,CE,0.00,0.00,0.00,7198.60,1842.10,0,0.00,0,0,06-JAN-2025
OPTSTK,MRF,30-Jan-2025,2025-01-30,129500.00,CE,1900.00,1932.60,913.25,943.95,943.95,23,150.376695,105,20,06-JAN-2025
OPTSTK,BAJFINANCE,27-Feb-2025,2025-02-27,6400.00,PE,17.95,32.55,17.95,29.55,29.55,504,4046.24612,56875,48500,06-JAN-2025
OPTSTK,MRF,30-Jan-2025,2025-01-30,125500.00,CE,0.00,0.00,0.00,5072.95,1752.65,0,0.00,0,0,06-JAN-2025
OPTSTK,MRF,27-Feb-2025,2025-02-27,121000.00,PE,0.00,0.00,0.00,4004.90,2506.70,0,0.00,0,0,06-JAN-2025
OPTSTK,MRF,30-Jan-2025,2025-01-30,121000.00,CE,4540.35,4540.35,4540.35,4540.35,3992.80,1,6.2770175,5,0,06-JAN-2025
OPTSTK,BAJFINANCE,27-Mar-2025,2025-03-27,8400.00,CE,0.00,0.00,0.00,58.85,85.75,0,0.00,0,0,06-JAN-2025
OPTSTK,BAJFINANCE,27-Mar-2025,2025-03-27,8400.00,PE,0.00,0.00,0.00,1491.40,1013.10,0,0.00,0,0,06-JAN-2025
OPTSTK,MRF,30-Jan-2025,2025-01-30,120500.00,PE,0.00,0.00,0.00,3102.15,1406.05,0,0.00,0,0,06-JAN-2025
OPTSTK,BAJFINANCE,27-Feb-2025,2025-02-27,7600.00,PE,0.00,0.00,0.00,1069.15,392.40,0,0.00,0,0,06-JAN-2025
OPTSTK,BAJFINANCE,30-Jan-2025,2025-01-30,7600.00,PE,230.00,341.10,175.00,316.05,316.05,5894,57710.8924,78750,20375,06-JAN-2025
OPTSTK,BAJFINANCE,27-Feb-2025,2025-02-27,6000.00,PE,9.55,13.95,8.55,12.80,12.80,37,278.0595,13000,-2375,06-JAN-2025
OPTSTK,MRF,27-Feb-2025,2025-02-27,143000.00,PE,0.00,0.00,0.00,16851.95,18907.45,0,0.00,0,0,06-JAN-2025
OPTSTK,MRF,30-Jan-2025,2025-01-30,145000.00,CE,102.95,103.05,57.40,68.15,68.15,179,1298.49165,2500,190,06-JAN-2025
OPTSTK,MRF,30-Jan-2025,2025-01-30,125000.00,CE,3506.00,3543.80,2067.05,2280.80,2280.80,580,3699.04419,1070,840,06-JAN-2025
OPTSTK,MRF,30-Jan-2025,2025-01-30,125000.00,PE,2259.95,4300.00,2199.65,3651.80,3651.80,393,2520.79975,2500,145,06-JAN-2025
OPTSTK,MRF,27-Mar-2025,2025-03-27,120000.00,PE,0.00,0.00,0.00,1679.65,2762.05,0,0.00,0,0,06-JAN-2025
OPTSTK,BAJFINANCE,27-Feb-2025,2025-02-27,6700.00,PE,0.00,0.00,0.00,250.80,54.90,0,0.00,0,0,06-JAN-2025
OPTSTK,BAJFINANCE,27-Feb-2025,2025-02-27,6700.00,CE,0.00,0.00,0.00,450.55,768.25,0,0.00,0,0,06-JAN-2025
OPTSTK,BAJFINANCE,30-Jan-2025,2025-01-30,6700.00,PE,18.15,28.20,12.75,25.90,25.90,3153,26483.6875,189000,-2875,06-JAN-2025
OPTSTK,MRF,30-Jan-2025,2025-01-30,128500.00,CE,1450.00,1450.00,1090.30,1176.70,1176.70,28,181.682075,200,65,06-JAN-2025
OPTSTK,BAJFINANCE,27-Mar-2025,2025-03-27,7800.00,CE,0.00,0.00,0.00,142.40,225.50,0,0.00,0,0,06-JAN-2025
OPTSTK,BAJFINANCE,27-Feb-2025,2025-02-27,6600.00,PE,28.00,50.00,18.20,46.00,46.00,32,265.471312,17625,-500,06-JAN-2025
OPTSTK,MRF,30-Jan-2025,2025-01-30,124500.00,PE,0.00,0.00,0.00,4832.10,3220.30,0,0.00,0,0,06-JAN-2025
OPTSTK,MRF,27-Feb-2025,2025-02-27,127000.00,PE,0.00,0.00,0.00,6811.35,5552.60,0,0.00,0,0,06-JAN-2025
OPTSTK,BAJFINANCE,30-Jan-2025,2025-01-30,6500.00,PE,9.65,15.70,7.00,14.45,14.45,5189,42230.9656,207375,-71125,06-JAN-2025
OPTSTK,BAJFINANCE,27-Feb-2025,2025-02-27,6500.00,PE,24.00,38.65,23.45,36.80,36.80,205,1673.88406,17500,16125,06-JAN-2025
OPTSTK,BAJFINANCE,27-Feb-2025,2025-02-27,6500.00,CE,0.00,0.00,0.00,571.60,940.50,0,0.00,0,0,06-JAN-2025
FUTSTK,BAJFINANCE,27-Mar-2025,2025-03-27,,,7585.00,7705.00,7444.00,7472.50,7472.50,272,2581.56237,30625,6375,06-JAN-2025
FUTSTK,MRF,27-Mar-2025,2025-03-27,,,128800.00,128800.00,124702.45,125417.25,124707.10,10,63.078785,135,40,06-JAN-2025
OPTSTK,BAJFINANCE,30-Jan-2025,2025-01-30,6900.00,CE,680.00,725.00,500.00,526.45,519.80,116,1087.92975,84875,-625,06-JAN-2025
OPTIDX,NIFTYNXT50,30-Jan-2025,2025-01-30,58000.00,CE,0.00,0.00,0.00,12943.60,9254.60,0,0.00,0,0,06-JAN-2025
OPTIDX,NIFTYNXT50,27-Mar-2025,2025-03-27,58000.00,PE,0.00,0.00,0.00,138.80,81.00,0,0.00,0,0,06-JAN-2025
OPTIDX,NIFTYNXT50,30-Jan-2025,2025-01-30,58000.00,PE,0.00,0.00,0.00,127.10,0.95,0,0.00,0,0,06-JAN-2025
OPTIDX,NIFTYNXT50,27-Feb-2025,2025-02-27,58000.00,CE,0.00,0.00,0.00,13827.25,9577.25,0,0.00,0,0,06-JAN-2025
OPTIDX,NIFTYNXT50,27-Feb-2025,2025-02-27,58000.00,PE,0.00,0.00,0.00,78.55,25.35,0,0.00,0,0,06-JAN-2025
OPTIDX,NIFTYNXT50,27-Mar-2025,2025-03-27,58000.00,CE,0.00,0.00,0.00,11722.00,9929.55,0,0.00,0,0,06-JAN-2025
OPTIDX,NIFTYNXT50,27-Feb-2025,2025-02-27,68200.00,PE,0.00,0.00,0.00,1597.00,2211.80,0,0.00,0,0,06-JAN-2025
OPTIDX,NIFTYNXT50,27-Mar-2025,2025-03-27,68200.00,PE,0.00,0.00,0.00,2286.65,2482.20,0,0.00,0,0,06-JAN-2025
OPTIDX,NIFTYNXT50,27-Feb-2025,2025-02-27,68200.00,CE,0.00,0.00,0.00,5325.45,1661.30,0,0.00,0,0,06-JAN-2025
OPTIDX,NIFTYNXT50,27-Feb-2025,2025-02-27,73200.00,CE,0.00,0.00,0.00,2666.60,342.25,0,0.00,0,0,06-JAN-2025
OPTIDX,NIFTYNXT50,30-Jan-2025,2025-01-30,73200.00,PE,0.00,0.00,0.00,4469.90,5937.35,0,0.00,0,0,06-JAN-2025
OPTIDX,NIFTYNXT50,27-Mar-2025,2025-03-27,73200.00,CE,0.00,0.00,0.00,1720.40,705.20,0,0.00,0,0,06-JAN-2025
OPTIDX,NIFTYNXT50,30-Jan-2025,2025-01-30,74900.00,PE,0.00,0.00,0.00,5567.85,7588.45,0,0.00,0,0,06-JAN-2025
OPTIDX,NIFTYNXT50,27-Feb-2025,2025-02-27,74900.00,PE,0.00,0.00,0.00,4884.65,7363.30,0,0.00,0,0,06-JAN-2025
OPTIDX,NIFTYNXT50,30-Jan-2025,2025-01-30,74900.00,CE,0.00,0.00,0.00,1804.85,16.90,0,0.00,0,0,06-JAN-2025
OPTIDX,NIFTYNXT50,27-Feb-2025,2025-02-27,74800.00,CE,0.00,0.00,0.00,2065.00,184.20,0,0.00,0,0,06-JAN-2025
OPTIDX,NIFTYNXT50,27-Feb-2025,2025-02-27,74800.00,PE,0.00,0.00,0.00,4820.30,7271.55,0,0.00,0,0,06-JAN-2025
OPTIDX,NIFTYNXT50,30-Jan-2025,2025-01-30,74800.00,PE,0.00,0.00,0.00,5500.00,7490.25,0,0.00,0,0,06-JAN-2025
OPTIDX,NIFTYNXT50,27-Feb-2025,2025-02-27,80000.00,CE,0.00,0.00,0.00,804.35,17.00,0,0.00,0,0,06-JAN-2025
OPTIDX,NIFTYNXT50,27-Feb-2025,2025-02-27,80000.00,PE,0.00,0.00,0.00,8668.00,12254.60,0,0.00,0,0,06-JAN-2025
OPTIDX,NIFTYNXT50,27-Feb-2025,2025-02-27,73500.00,PE,0.00,0.00,0.00,4023.20,6105.80,0,0.00,0,0,06-JAN-2025
OPTIDX,NIFTYNXT50,27-Feb-2025,2025-02-27,70600.00,CE,0.00,0.00,0.00,3898.80,832.35,0,0.00,0,0,06-JAN-2025
OPTIDX,NIFTYNXT50,27-Feb-2025,2025-02-27,70600.00,PE,0.00,0.00,0.00,2528.10,3759.90,0,0.00,0,0,06-JAN-2025
OPTIDX,NIFTYNXT50,30-Jan-2025,2025-01-30,67200.00,PE,0.00,0.00,0.00,1636.85,1254.35,0,0.00,0,0,06-JAN-2025
OPTIDX,NIFTYNXT50,30-Jan-2025,2025-01-30,82500.00,CE,0.00,0.00,0.00,430.50,0.05,0,0.00,0,0,06-JAN-2025
OPTIDX,NIFTYNXT50,27-Feb-2025,2025-02-27,82500.00,PE,0.00,0.00,0.00,10800.95,14718.15,0,0.00,0,0,06-JAN-2025
OPTIDX,NIFTYNXT50,30-Jan-2025,2025-01-30,64100.00,CE,0.00,0.00,0.00,7648.45,3446.80,0,0.00,0,0,06-JAN-2025
OPTIDX,NIFTYNXT50,27-Mar-2025,2025-03-27,64100.00,PE,0.00,0.00,0.00,933.50,878.75,0,0.00,0,0,06-JAN-2025
OPTIDX,NIFTYNXT50,27-Feb-2025,2025-02-27,68700.00,CE,0.00,0.00,0.00,5005.55,1453.10,0,0.00,0,0,06-JAN-2025
OPTIDX,NIFTYNXT50,27-Feb-2025,2025-02-27,75600.00,PE,0.00,0.00,0.00,5347.05,8012.10,0,0.00,0,0,06-JAN-2025
OPTIDX,NIFTYNXT50,27-Mar-2025,2025-03-27,77500.00,PE,0.00,0.00,0.00,8318.35,9564.00,0,0.00,0,0,06-JAN-2025
OPTIDX,NIFTYNXT50,27-Feb-2025,2025-02-27,77500.00,CE,0.00,0.00,0.00,1295.35,57.30,0,0.00,0,0,06-JAN-2025
OPTSTK,KPITTECH,30-Jan-2025,2025-01-30,1680.00,CE,13.15,13.15,5.70,6.70,5.50,23,155.1886,24400,-400,06-JAN-2025
OPTSTK,IOC,30-Jan-2025,2025-01-30,140.00,CE,3.35,3.40,1.50,1.80,1.80,3828,26492.3928,9579375,1467375,06-JAN-2025
OPTSTK,IOC,30-Jan-2025,2025-01-30,150.00,PE,12.80,17.85,12.80,16.45,16.45,75,605.4555,3705000,-141375,06-JAN-2025
OPTSTK,KPITTECH,27-Feb-2025,2025-02-27,1380.00,CE,0.00,0.00,0.00,160.70,132.00,0,0.00,0,0,06-JAN-2025
OPTSTK,KPITTECH,27-Feb-2025,2025-02-27,1380.00,PE,0.00,0.00,0.00,71.20,47.15,0,0.00,0,0,06-JAN-2025
OPTSTK,KPITTECH,30-Jan-2025,2025-01-30,1320.00,PE,12.00,19.35,11.50,19.05,19.05,78,416.3348,36800,3200,06-JAN-2025
OPTSTK,IOC,30-Jan-2025,2025-01-30,147.50,PE,10.80,14.80,10.80,14.25,14.25,32,252.103312,502125,-29250,06-JAN-2025
OPTSTK,KPITTECH,27-Feb-2025,2025-02-27,1360.00,CE,0.00,0.00,0.00,170.60,144.85,0,0.00,0,0,06-JAN-2025
OPTSTK,KPITTECH,30-Jan-2025,2025-01-30,1560.00,PE,126.60,126.60,126.60,126.60,123.80,1,6.7464,2800,-400,06-JAN-2025
OPTSTK,IOC,27-Feb-2025,2025-02-27,150.00,CE,1.60,1.70,1.25,1.45,1.45,102,753.068062,619125,14625,06-JAN-2025
OPTSTK,IOC,27-Mar-2025,2025-03-27,150.00,PE,0.00,0.00,0.00,16.10,17.80,0,0.00,0,0,06-JAN-2025
OPTSTK,BOSCHLTD,27-Mar-2025,2025-03-27,37000.00,PE,0.00,0.00,0.00,3288.60,3502.45,0,0.00,0,0,06-JAN-2025
OPTSTK,JSWENERGY,30-Jan-2025,2025-01-30,600.00,CE,36.35,38.95,24.10,26.00,26.00,604,2847.30412,151500,126750,06-JAN-2025
OPTIDX,BANKNIFTY,30-Jan-2025,2025-01-30,59000.00,PE,7911.10,8456.00,7911.10,8456.00,8816.75,5,50.5002525,240,0,06-JAN-2025
OPTSTK,JSWENERGY,27-Feb-2025,2025-02-27,750.00,PE,0.00,0.00,0.00,125.30,146.30,0,0.00,0,0,06-JAN-2025
OPTIDX,BANKNIFTY,27-Feb-2025,2025-02-27,53000.00,CE,618.65,619.00,365.90,385.10,385.10,7555,121149.201,182640,-7680,06-JAN-2025
OPTIDX,BANKNIFTY,27-Mar-2025,2025-03-27,53000.00,CE,901.25,925.55,630.00,662.35,662.35,1569,25304.1648,35340,3750,06-JAN-2025
OPTSTK,JSWENERGY,30-Jan-2025,2025-01-30,670.00,CE,6.50,8.20,5.15,5.75,5.75,947,4805.2185,474750,55500,06-JAN-2025
OPTIDX,BANKNIFTY,30-Jan-2025,2025-01-30,55800.00,CE,23.70,24.25,19.30,22.20,22.20,18731,156837.996,128040,795,06-JAN-2025
OPTIDX,BANKNIFTY,30-Jan-2025,2025-01-30,50300.00,PE,499.95,1121.85,495.45,1006.65,1006.65,161915,1241429.81,115395,5295,06-JAN-2025
OPTIDX,BANKNIFTY,27-Mar-2025,2025-03-27,50300.00,PE,0.00,0.00,0.00,1243.20,1397.35,0,0.00,0,0,06-JAN-2025
OPTIDX,BANKNIFTY,30-Jan-2025,2025-01-30,46500.00,PE,31.00,110.40,27.00,94.45,94.45,328533,2294953.56,787110,84735,06-JAN-2025
OPTIDX,BANKNIFTY,24-Dec-2025,2025-12-24,46500.00,PE,0.00,0.00,0.00,1081.50,898.15,0,0.00,0,0,06-JAN-2025
OPTIDX,BANKNIFTY,27-Mar-2025,2025-03-27,56500.00,CE,135.15,142.10,135.10,140.00,161.20,50,849.554505,1110,1110,06-JAN-2025
OPTIDX,BANKNIFTY,30-Jan-2025,2025-01-30,56500.00,CE,16.85,18.60,14.05,17.85,17.85,81680,692434.043,412290,34980,06-JAN-2025
OPTIDX,BANKNIFTY,27-Mar-2025,2025-03-27,56500.00,PE,0.00,0.00,0.00,4912.65,5909.50,0,0.00,0,0,06-JAN-2025
OPTIDX,BANKNIFTY,30-Jan-2025,2025-01-30,56500.00,PE,5424.35,6410.00,5424.35,6375.00,6375.00,8,74.94366,2340,60,06-JAN-2025
OPTIDX,BANKNIFTY,27-Feb-2025,2025-02-27,52900.00,CE,590.00,599.25,391.45,405.05,405.05,422,6755.35165,7230,3630,06-JAN-2025
OPTIDX,BANKNIFTY,30-Jan-2025,2025-01-30,56400.00,PE,0.00,0.00,0.00,2564.20,6230.60,0,0.00,150,0,06-JAN-2025
OPTSTK,CUMMINSIND,27-Mar-2025,2025-03-27,3400.00,PE,0.00,0.00,0.00,253.80,301.00,0,0.00,0,0,06-JAN-2025
OPTIDX,BANKNIFTY,27-Feb-2025,2025-02-27,61000.00,CE,22.45,25.75,20.40,24.70,24.70,863,15799.1218,19890,5310,06-JAN-2025
OPTIDX,BANKNIFTY,30-Jan-2025,2025-01-30,61000.00,PE,9789.20,9985.00,9789.20,9985.00,10807.85,4,42.516585,3705,45,06-JAN-2025
OPTIDX,BANKNIFTY,27-Feb-2025,2025-02-27,61000.00,PE,0.00,0.00,0.00,8830.15,10495.60,0,0.00,60,0,06-JAN-2025
OPTIDX,BANKNIFTY,27-Feb-2025,2025-02-27,48700.00,CE,0.00,0.00,0.00,3735.90,2271.00,0,0.00,90,0,06-JAN-2025
OPTIDX,BANKNIFTY,30-Jan-2025,2025-01-30,48700.00,PE,168.95,472.45,167.15,408.80,408.80,56232,413494.109,91275,28035,06-JAN-2025
OPTIDX,BANKNIFTY,27-Mar-2025,2025-03-27,48700.00,CE,0.00,0.00,0.00,4155.40,2703.85,0,0.00,0,0,06-JAN-2025
OPTIDX,BANKNIFTY,27-Feb-2025,2025-02-27,48700.00,PE,0.00,0.00,0.00,551.20,582.90,0,0.00,0,0,06-JAN-2025
OPTIDX,BANKNIFTY,27-Feb-2025,2025-02-27,50800.00,PE,925.00,1512.45,911.00,1407.40,1407.40,199,3106.15998,4530,960,06-JAN-2025
OPTIDX,BANKNIFTY,30-Jan-2025,2025-01-30,54100.00,PE,3216.20,4018.00,3175.05,4018.00,3974.75,11,94.9542825,16380,-15,06-JAN-2025
OPTSTK,PRESTIGE,27-Mar-2025,2025-03-27,2100.00,PE,0.00,0.00,0.00,394.95,493.65,0,0.00,0,0,06-JAN-2025
OPTIDX,BANKNIFTY,27-Feb-2025,2025-02-27,52300.00,CE,866.05,867.50,547.40,575.50,575.50,246,3909.63679,5910,2550,06-JAN-2025
OPTSTK,CUMMINSIND,27-Mar-2025,2025-03-27,3700.00,CE,0.00,0.00,0.00,163.95,54.45,0,0.00,0,0,06-JAN-2025
OPTSTK,ATUL,30-Jan-2025,2025-01-30,6200.00,PE,2.50,2.50,2.50,2.50,15.20,8,49.62,800,800,06-JAN-2025
OPTSTK,AUBANK,30-Jan-2025,2025-01-30,655.00,PE,0.00,0.00,0.00,103.90,92.70,0,0.00,0,0,06-JAN-2025
OPTSTK,AUBANK,27-Feb-2025,2025-02-27,655.00,CE,0.00,0.00,0.00,5.95,3.00,0,0.00,0,0,06-JAN-2025
OPTSTK,AUBANK,27-Feb-2025,2025-02-27,580.00,PE,0.00,0.00,0.00,34.30,33.45,0,0.00,0,0,06-JAN-2025
OPTSTK,AUBANK,30-Jan-2025,2025-01-30,700.00,PE,0.00,0.00,0.00,129.00,137.15,0,0.00,100000,0,06-JAN-2025
OPTSTK,AUBANK,27-Feb-2025,2025-02-27,465.00,PE,0.00,0.00,0.00,4.25,0.95,0,0.00,0,0,06-JAN-2025
OPTSTK,AUBANK,30-Jan-2025,2025-01-30,465.00,CE,0.00,0.00,0.00,88.00,96.95,0,0.00,0,0,06-JAN-2025
OPTSTK,AUBANK,30-Jan-2025,2025-01-30,640.00,CE,4.15,4.15,1.45,1.50,1.50,318,2042.177,272000,6000,06-JAN-2025
OPTSTK,AUBANK,27-Feb-2025,2025-02-27,555.00,CE,0.00,0.00,0.00,32.60,30.25,0,0.00,0,0,06-JAN-2025
OPTIDX,FINNIFTY,27-Feb-2025,2025-02-27,22900.00,PE,0.00,0.00,0.00,363.15,312.90,0,0.00,0,0,06-JAN-2025
OPTIDX,FINNIFTY,30-Jan-2025,2025-01-30,22900.00,PE,105.75,249.90,99.50,227.35,227.35,2679,15458.6057,16100,4200,06-JAN-2025
OPTIDX,FINNIFTY,30-Jan-2025,2025-01-30,22900.00,CE,836.00,836.00,727.05,747.15,747.15,50,295.653075,1825,450,06-JAN-2025
OPTIDX,FINNIFTY,30-Jan-2025,2025-01-30,23050.00,CE,934.05,934.05,631.00,631.00,606.10,16,95.149125,2275,100,06-JAN-2025
OPTIDX,FINNIFTY,27-Mar-2025,2025-03-27,20500.00,CE,0.00,0.00,0.00,3401.85,3140.55,0,0.00,0,0,06-JAN-2025
OPTIDX,FINNIFTY,27-Feb-2025,2025-02-27,22900.00,CE,0.00,0.00,0.00,1922.95,949.90,0,0.00,0,0,06-JAN-2025
OPTIDX,FINNIFTY,27-Mar-2025,2025-03-27,22900.00,CE,0.00,0.00,0.00,1458.15,1152.50,0,0.00,0,0,06-JAN-2025
OPTIDX,FINNIFTY,27-Feb-2025,2025-02-27,26300.00,PE,0.00,0.00,0.00,2141.55,2754.70,0,0.00,0,0,06-JAN-2025
OPTIDX,FINNIFTY,27-Mar-2025,2025-03-27,24700.00,CE,0.00,0.00,0.00,569.65,339.65,0,0.00,0,0,06-JAN-2025
OPTIDX,FINNIFTY,27-Feb-2025,2025-02-27,25800.00,CE,0.00,0.00,0.00,486.75,49.50,0,0.00,0,0,06-JAN-2025
OPTIDX,FINNIFTY,30-Jan-2025,2025-01-30,25000.00,PE,0.00,0.00,0.00,1126.05,1599.70,0,0.00,1075,0,06-JAN-2025
OPTIDX,FINNIFTY,27-Feb-2025,2025-02-27,25000.00,PE,0.00,0.00,0.00,1257.40,1579.55,0,0.00,0,0,06-JAN-2025
OPTIDX,FINNIFTY,27-Feb-2025,2025-02-27,21800.00,PE,0.00,0.00,0.00,145.85,75.15,0,0.00,0,0,06-JAN-2025
OPTIDX,FINNIFTY,30-Jan-2025,2025-01-30,28000.00,PE,0.00,0.00,0.00,3283.15,4558.15,0,0.00,0,0,06-JAN-2025
OPTIDX,FINNIFTY,27-Feb-2025,2025-02-27,28000.00,PE,0.00,0.00,0.00,3563.50,4415.55,0,0.00,0,0,06-JAN-2025
OPTIDX,FINNIFTY,30-Jan-2025,2025-01-30,25050.00,PE,0.00,0.00,0.00,1499.50,1646.60,0,0.00,0,0,06-JAN-2025
OPTIDX,FINNIFTY,27-Feb-2025,2025-02-27,26500.00,CE,0.00,0.00,0.00,319.55,17.95,0,0.00,0,0,06-JAN-2025
OPTIDX,FINNIFTY,30-Jan-2025,2025-01-30,26500.00,CE,5.15,7.40,5.15,5.70,5.70,3940,26108.2239,57950,9425,06-JAN-2025
OPTIDX,FINNIFTY,30-Jan-2025,2025-01-30,26500.00,PE,0.00,0.00,0.00,2054.50,3065.40,0,0.00,0,0,06-JAN-2025
OPTIDX,FINNIFTY,30-Jan-2025,2025-01-30,24650.00,CE,125.05,130.45,68.00,72.55,72.55,1822,11268.9237,4550,-3200,06-JAN-2025
OPTIDX,FINNIFTY,30-Jan-2025,2025-01-30,24650.00,PE,0.00,0.00,0.00,878.00,1280.50,0,0.00,1700,0,06-JAN-2025
OPTIDX,FINNIFTY,27-Mar-2025,2025-03-27,24600.00,PE,0.00,0.00,0.00,1279.85,1288.80,0,0.00,0,0,06-JAN-2025
OPTIDX,FINNIFTY,30-Jan-2025,2025-01-30,24600.00,PE,631.35,1281.70,631.35,1270.65,1270.65,88,564.192912,2600,-350,06-JAN-2025
OPTIDX,FINNIFTY,30-Jan-2025,2025-01-30,22000.00,CE,0.00,0.00,0.00,2885.00,1445.70,0,0.00,0,0,06-JAN-2025
OPTIDX,FINNIFTY,30-Jan-2025,2025-01-30,23500.00,CE,649.00,649.00,370.75,399.75,399.75,9054,54164.2667,44800,14250,06-JAN-2025
OPTIDX,FINNIFTY,27-Mar-2025,2025-03-27,23500.00,CE,0.00,0.00,0.00,1100.15,806.50,0,0.00,0,0,06-JAN-2025
OPTIDX,FINNIFTY,27-Feb-2025,2025-02-27,23500.00,CE,770.00,770.00,446.45,472.75,472.75,8,125.732782,585,-130,06-JAN-2025
OPTIDX,FINNIFTY,30-Jan-2025,2025-01-30,23500.00,PE,245.70,511.00,234.75,468.85,468.85,19832,118382.944,50950,-2225,06-JAN-2025
OPTIDX,FINNIFTY,30-Jan-2025,2025-01-30,23800.00,CE,469.00,469.00,252.15,272.45,272.45,14640,88388.7094,53025,-1975,06-JAN-2025
OPTIDX,FINNIFTY,27-Feb-2025,2025-02-27,23800.00,PE,0.00,0.00,0.00,661.65,723.40,0,0.00,0,0,06-JAN-2025
OPTIDX,FINNIFTY,30-Jan-2025,2025-01-30,22700.00,PE,73.00,190.45,67.95,168.25,168.25,1611,9197.30537,12200,1350,06-JAN-2025
OPTIDX,MIDCPNIFTY,30-Jan-2025,2025-01-30,12275.00,PE,74.25,120.80,66.60,108.55,108.55,441,2727.1698,6650,-500,06-JAN-2025
OPTIDX,MIDCPNIFTY,27-Feb-2025,2025-02-27,11950.00,PE,0.00,0.00,0.00,207.20,62.95,0,0.00,0,0,06-JAN-2025
OPTIDX,MIDCPNIFTY,30-Jan-2025,2025-01-30,11950.00,CE,0.00,0.00,0.00,923.60,819.00,0,0.00,0,0,06-JAN-2025
OPTIDX,MIDCPNIFTY,30-Jan-2025,2025-01-30,11450.00,PE,8.00,16.50,6.65,12.50,12.50,270,1547.40482,7400,1300,06-JAN-2025
OPTIDX,MIDCPNIFTY,30-Jan-2025,2025-01-30,10600.00,CE,0.00,0.00,0.00,2019.65,2143.55,0,0.00,0,0,06-JAN-2025
OPTIDX,MIDCPNIFTY,30-Jan-2025,2025-01-30,10600.00,PE,1.60,2.80,1.60,2.65,2.65,12851,68123.3442,220950,-124250,06-JAN-2025
OPTIDX,MIDCPNIFTY,27-Feb-2025,2025-02-27,13750.00,CE,0.00,0.00,0.00,216.45,67.75,0,0.00,0,0,06-JAN-2025
OPTIDX,MIDCPNIFTY,30-Jan-2025,2025-01-30,14400.00,CE,4.05,4.95,3.35,4.00,4.00,1594,11479.8160,37400,-10900,06-JAN-2025
OPTIDX,MIDCPNIFTY,27-Feb-2025,2025-02-27,14400.00,PE,0.00,0.00,0.00,1665.85,1580.95,0,0.00,0,0,06-JAN-2025
OPTIDX,MIDCPNIFTY,30-Jan-2025,2025-01-30,14400.00,PE,0.00,0.00,0.00,1821.65,1640.35,0,0.00,0,0,06-JAN-2025
OPTIDX,MIDCPNIFTY,30-Jan-2025,2025-01-30,13625.00,CE,42.00,44.10,20.45,23.55,23.55,606,4136.96837,6250,-3950,06-JAN-2025
OPTIDX,MIDCPNIFTY,27-Feb-2025,2025-02-27,13625.00,CE,0.00,0.00,0.00,246.65,87.15,0,0.00,0,0,06-JAN-2025
OPTIDX,MIDCPNIFTY,27-Mar-2025,2025-03-27,13075.00,CE,0.00,0.00,0.00,620.40,338.45,0,0.00,0,0,06-JAN-2025
OPTIDX,MIDCPNIFTY,30-Jan-2025,2025-01-30,13925.00,CE,15.70,15.70,8.05,9.80,9.80,220,1532.8901,4400,1750,06-JAN-2025
OPTIDX,MIDCPNIFTY,30-Jan-2025,2025-01-30,12875.00,CE,298.90,314.30,184.10,201.10,201.10,7118,46613.6739,42300,11400,06-JAN-2025
OPTIDX,MIDCPNIFTY,27-Feb-2025,2025-02-27,12875.00,CE,0.00,0.00,0.00,510.50,314.15,0,0.00,0,0,06-JAN-2025
OPTIDX,MIDCPNIFTY,27-Mar-2025,2025-03-27,12875.00,PE,0.00,0.00,0.00,382.70,416.55,0,0.00,0,0,06-JAN-2025
OPTIDX,MIDCPNIFTY,27-Feb-2025,2025-02-27,12875.00,PE,0.00,0.00,0.00,576.90,369.35,0,0.00,0,0,06-JAN-2025
OPTIDX,MIDCPNIFTY,27-Mar-2025,2025-03-27,12875.00,CE,0.00,0.00,0.00,728.75,427.25,0,0.00,0,0,06-JAN-2025
OPTIDX,MIDCPNIFTY,30-Jan-2025,2025-01-30,12875.00,PE,166.50,367.70,158.40,338.50,338.50,7908,51888.5248,29100,-13200,06-JAN-2025
OPTIDX,MIDCPNIFTY,27-Feb-2025,2025-02-27,13400.00,CE,0.00,0.00,0.00,260.00,133.40,0,0.00,120,0,06-JAN-2025
OPTIDX,MIDCPNIFTY,30-Jan-2025,2025-01-30,13075.00,CE,229.25,246.45,112.60,123.80,123.80,5284,34975.2085,42700,12850,06-JAN-2025
OPTIDX,MIDCPNIFTY,27-Feb-2025,2025-02-27,13925.00,PE,0.00,0.00,0.00,1275.60,1141.90,0,0.00,0,0,06-JAN-2025
OPTIDX,MIDCPNIFTY,27-Feb-2025,2025-02-27,12025.00,CE,0.00,0.00,0.00,996.10,862.05,0,0.00,0,0,06-JAN-2025
OPTIDX,MIDCPNIFTY,30-Jan-2025,2025-01-30,12025.00,CE,0.00,0.00,0.00,874.75,751.15,0,0.00,0,0,06-JAN-2025
OPTIDX,MIDCPNIFTY,30-Jan-2025,2025-01-30,13225.00,CE,161.05,166.55,73.10,82.60,82.60,2337,15570.7702,25500,3600,06-JAN-2025
OPTIDX,MIDCPNIFTY,27-Feb-2025,2025-02-27,13225.00,CE,0.00,0.00,0.00,299.00,181.25,0,0.00,0,0,06-JAN-2025
OPTIDX,MIDCPNIFTY,27-Mar-2025,2025-03-27,13225.00,PE,0.00,0.00,0.00,544.15,615.30,0,0.00,0,0,06-JAN-2025
OPTIDX,MIDCPNIFTY,27-Feb-2025,2025-02-27,13225.00,PE,0.00,0.00,0.00,779.60,583.10,0,0.00,0,0,06-JAN-2025
OPTIDX,MIDCPNIFTY,27-Mar-2025,2025-03-27,13225.00,CE,0.00,0.00,0.00,546.50,281.10,0,0.00,0,0,06-JAN-2025
OPTIDX,MIDCPNIFTY,30-Jan-2025,2025-01-30,11625.00,PE,0.00,0.00,0.00,168.45,4.35,0,0.00,0,0,06-JAN-2025
OPTSTK,METROPOLIS,27-Feb-2025,2025-02-27,2240.00,PE,0.00,0.00,0.00,190.40,211.60,0,0.00,0,0,06-JAN-2025
FUTSTK,CANBK,27-Feb-2025,2025-02-27,,,102.88,102.88,97.80,98.32,98.32,893,5973.57112,11684250,2578500,06-JAN-2025
OPTSTK,CANBK,27-Feb-2025,2025-02-27,89.00,CE,0.00,0.00,0.00,15.10,10.70,0,0.00,0,0,06-JAN-2025
OPTSTK,METROPOLIS,30-Jan-2025,2025-01-30,2140.00,CE,23.00,56.00,22.15,53.25,53.25,207,1810.5394,32400,28800,06-JAN-2025
OPTSTK,METROPOLIS,30-Jan-2025,2025-01-30,2140.00,PE,158.20,158.20,141.95,149.25,120.05,14,128.347,2400,1600,06-JAN-2025
OPTSTK,CANBK,30-Jan-2025,2025-01-30,92.00,CE,7.80,8.30,6.80,7.10,7.10,17,114.426,60750,27000,06-JAN-2025
OPTSTK,CANBK,27-Mar-2025,2025-03-27,92.00,PE,0.00,0.00,0.00,3.70,3.20,0,0.00,0,0,06-JAN-2025
OPTSTK,CANBK,27-Feb-2025,2025-02-27,92.00,PE,0.00,0.00,0.00,3.40,2.30,0,0.00,0,0,06-JAN-2025
OPTSTK,METROPOLIS,30-Jan-2025,2025-01-30,1800.00,CE,0.00,0.00,0.00,404.60,249.70,0,0.00,0,0,06-JAN-2025
OPTSTK,METROPOLIS,30-Jan-2025,2025-01-30,1800.00,PE,8.85,14.40,6.75,12.10,12.10,1073,7773.0982,124000,71600,06-JAN-2025
OPTSTK,CANBK,27-Mar-2025,2025-03-27,84.00,PE,0.00,0.00,0.00,1.70,1.15,0,0.00,0,0,06-JAN-2025
OPTSTK,CANBK,30-Jan-2025,2025-01-30,84.00,PE,0.25,0.35,0.20,0.30,0.30,72,409.525875,303750,297000,06-JAN-2025
OPTSTK,CANBK,27-Feb-2025,2025-02-27,84.00,CE,0.00,0.00,0.00,21.95,14.75,0,0.00,0,0,06-JAN-2025
OPTSTK,METROPOLIS,27-Feb-2025,2025-02-27,1900.00,CE,0.00,0.00,0.00,208.30,188.40,0,0.00,0,0,06-JAN-2025
OPTSTK,METROPOLIS,27-Feb-2025,2025-02-27,2160.00,PE,0.00,0.00,0.00,146.65,153.05,0,0.00,0,0,06-JAN-2025
OPTSTK,TATASTEEL,27-Mar-2025,2025-03-27,122.00,PE,0.00,0.00,0.00,2.05,2.30,0,0.00,0,0,06-JAN-2025
OPTSTK,TATASTEEL,30-Jan-2025,2025-01-30,122.00,CE,0.00,0.00,0.00,19.75,11.30,0,0.00,0,0,06-JAN-2025
OPTSTK,TATASTEEL,27-Feb-2025,2025-02-27,135.00,PE,4.10,6.95,4.10,6.70,6.70,86,667.02075,396000,176000,06-JAN-2025
OPTSTK,TATASTEEL,30-Jan-2025,2025-01-30,116.00,PE,0.20,0.40,0.20,0.35,0.35,404,2584.4005,1177000,1160500,06-JAN-2025
OPTSTK,TATASTEEL,27-Feb-2025,2025-02-27,116.00,CE,0.00,0.00,0.00,26.40,17.90,0,0.00,0,0,06-JAN-2025
OPTSTK,BAJAJFINSV,27-Feb-2025,2025-02-27,1660.00,CE,0.00,0.00,0.00,41.15,83.95,0,0.00,0,0,06-JAN-2025
OPTSTK,BAJAJFINSV,30-Jan-2025,2025-01-30,1660.00,CE,81.95,86.50,52.10,58.00,58.00,296,2553.7515,580500,-21500,06-JAN-2025
OPTSTK,TATASTEEL,27-Feb-2025,2025-02-27,149.00,PE,0.00,0.00,0.00,11.90,16.55,0,0.00,0,0,06-JAN-2025
OPTSTK,TATASTEEL,30-Jan-2025,2025-01-30,175.00,CE,0.05,0.05,0.05,0.05,0.05,2,19.2555,3685000,-5500,06-JAN-2025
OPTSTK,BAJAJFINSV,30-Jan-2025,2025-01-30,1520.00,PE,1.85,3.80,1.85,3.50,3.50,655,4988.1065,292000,13000,06-JAN-2025
OPTSTK,TATASTEEL,27-Feb-2025,2025-02-27,121.00,PE,0.00,0.00,0.00,1.15,1.30,0,0.00,0,0,06-JAN-2025
OPTSTK,TATASTEEL,27-Feb-2025,2025-02-27,125.00,CE,0.00,0.00,0.00,23.00,10.65,0,0.00,0,0,06-JAN-2025
OPTSTK,TATASTEEL,27-Feb-2025,2025-02-27,125.00,PE,1.95,2.80,1.95,2.75,2.75,98,686.03425,236500,209000,06-JAN-2025
OPTSTK,TATASTEEL,27-Mar-2025,2025-03-27,160.00,CE,1.40,1.45,1.30,1.35,0.80,7,62.12525,126500,11000,06-JAN-2025
OPTSTK,TATASTEEL,27-Feb-2025,2025-02-27,133.00,PE,0.00,0.00,0.00,3.95,5.40,0,0.00,0,0,06-JAN-2025
OPTSTK,TATASTEEL,27-Mar-2025,2025-03-27,140.00,PE,5.15,5.15,5.15,5.15,10.40,3,23.94975,16500,16500,06-JAN-2025
OPTSTK,TATASTEEL,30-Jan-2025,2025-01-30,140.00,PE,4.60,9.25,4.60,8.65,8.65,1233,9985.14275,10098000,-1122000,06-JAN-2025
OPTSTK,BAJAJFINSV,27-Feb-2025,2025-02-27,1480.00,PE,0.00,0.00,0.00,38.80,4.30,0,0.00,0,0,06-JAN-2025
OPTSTK,TATASTEEL,30-Jan-2025,2025-01-30,175.00,PE,0.00,0.00,0.00,36.05,42.05,0,0.00,5120500,0,06-JAN-2025
OPTSTK,BAJAJFINSV,27-Mar-2025,2025-03-27,1520.00,PE,0.00,0.00,0.00,56.05,14.60,0,0.00,0,0,06-JAN-2025
OPTSTK,BAJAJFINSV,30-Jan-2025,2025-01-30,1520.00,CE,0.00,0.00,0.00,119.50,173.15,0,0.00,17500,0,06-JAN-2025
OPTSTK,TATASTEEL,30-Jan-2025,2025-01-30,162.50,CE,0.15,0.15,0.10,0.10,0.10,15,134.16425,836000,11000,06-JAN-2025
OPTSTK,TATASTEEL,30-Jan-2025,2025-01-30,162.50,PE,0.00,0.00,0.00,25.20,29.60,0,0.00,225500,0,06-JAN-2025
OPTSTK,TATASTEEL,27-Mar-2025,2025-03-27,164.00,CE,0.00,0.00,0.00,3.00,0.55,0,0.00,0,0,06-JAN-2025
OPTSTK,TATASTEEL,27-Mar-2025,2025-03-27,164.00,PE,0.00,0.00,0.00,23.65,29.95,0,0.00,0,0,06-JAN-2025
OPTSTK,BAJAJFINSV,30-Jan-2025,2025-01-30,1540.00,CE,164.95,164.95,164.95,164.95,154.45,1,8.52475,43000,0,06-JAN-2025
OPTSTK,BAJAJFINSV,30-Jan-2025,2025-01-30,1540.00,PE,2.75,5.05,2.70,4.45,4.45,988,7626.41475,244500,-28000,06-JAN-2025
OPTSTK,TATASTEEL,27-Mar-2025,2025-03-27,132.00,CE,0.00,0.00,0.00,15.45,8.05,0,0.00,0,0,06-JAN-2025
OPTSTK,TATASTEEL,27-Feb-2025,2025-02-27,132.00,CE,0.00,0.00,0.00,13.60,6.35,0,0.00,0,0,06-JAN-2025
OPTSTK,BAJAJFINSV,30-Jan-2025,2025-01-30,1580.00,CE,139.50,139.50,115.85,120.45,118.85,9,76.70925,126500,-1500,06-JAN-2025
OPTSTK,BAJAJFINSV,27-Feb-2025,2025-02-27,1580.00,CE,0.00,0.00,0.00,65.00,138.00,0,0.00,500,0,06-JAN-2025
OPTSTK,CAMS,30-Jan-2025,2025-01-30,4300.00,PE,0.00,0.00,0.00,110.50,18.85,0,0.00,0,0,06-JAN-2025
OPTSTK,VBL,30-Jan-2025,2025-01-30,730.00,PE,0.00,0.00,0.00,105.35,97.35,0,0.00,0,0,06-JAN-2025
OPTSTK,VBL,27-Mar-2025,2025-03-27,740.00,CE,0.00,0.00,0.00,18.35,10.55,0,0.00,0,0,06-JAN-2025
OPTSTK,MUTHOOTFIN,30-Jan-2025,2025-01-30,1860.00,CE,0.00,0.00,0.00,143.10,334.45,0,0.00,0,0,06-JAN-2025
OPTSTK,VBL,30-Jan-2025,2025-01-30,710.00,CE,2.80,3.20,2.25,2.40,2.60,43,268.121875,76125,875,06-JAN-2025
OPTSTK,VBL,30-Jan-2025,2025-01-30,590.00,CE,54.70,54.70,51.50,51.50,49.50,3,16.895375,14875,2625,06-JAN-2025
OPTSTK,CAMS,27-Feb-2025,2025-02-27,5200.00,CE,176.10,176.10,165.00,165.00,154.65,2,13.426375,1375,125,06-JAN-2025
OPTSTK,MUTHOOTFIN,30-Jan-2025,2025-01-30,2460.00,CE,5.70,5.70,3.35,4.15,3.40,5,33.8848125,3025,275,06-JAN-2025
OPTSTK,MUTHOOTFIN,27-Mar-2025,2025-03-27,2320.00,CE,0.00,0.00,0.00,57.10,69.95,0,0.00,0,0,06-JAN-2025
OPTSTK,MUTHOOTFIN,30-Jan-2025,2025-01-30,2320.00,CE,37.35,37.40,14.70,19.50,19.50,224,1441.7381,41525,-14300,06-JAN-2025
OPTSTK,MUTHOOTFIN,30-Jan-2025,2025-01-30,2320.00,PE,0.00,0.00,0.00,98.30,142.90,0,0.00,1375,0,06-JAN-2025
OPTSTK,MUTHOOTFIN,27-Feb-2025,2025-02-27,1860.00,CE,0.00,0.00,0.00,253.65,347.60,0,0.00,0,0,06-JAN-2025
OPTSTK,VBL,27-Feb-2025,2025-02-27,760.00,CE,0.00,0.00,0.00,17.45,3.40,0,0.00,0,0,06-JAN-2025
OPTSTK,VBL,30-Jan-2025,2025-01-30,650.00,CE,19.35,19.35,11.95,13.85,13.85,658,3828.54718,312375,15750,06-JAN-2025
OPTSTK,VBL,30-Jan-2025,2025-01-30,620.00,CE,35.00,35.00,24.85,27.85,27.85,54,306.0295,62125,4375,06-JAN-2025
OPTSTK,VBL,27-Mar-2025,2025-03-27,620.00,CE,0.00,0.00,0.00,58.35,50.00,0,0.00,0,0,06-JAN-2025
OPTSTK,VBL,30-Jan-2025,2025-01-30,700.00,CE,4.90,5.10,2.90,3.45,3.45,488,3004.54612,226625,-14000,06-JAN-2025
OPTSTK,MUTHOOTFIN,27-Feb-2025,2025-02-27,2180.00,CE,0.00,0.00,0.00,73.05,102.55,0,0.00,0,0,06-JAN-2025
OPTSTK,CAMS,27-Mar-2025,2025-03-27,5800.00,CE,0.00,0.00,0.00,191.70,84.40,0,0.00,0,0,06-JAN-2025
OPTSTK,MUTHOOTFIN,30-Jan-2025,2025-01-30,2340.00,PE,0.00,0.00,0.00,100.50,159.10,0,0.00,550,0,06-JAN-2025
OPTSTK,MUTHOOTFIN,27-Feb-2025,2025-02-27,2520.00,PE,0.00,0.00,0.00,571.10,321.00,0,0.00,0,0,06-JAN-2025
OPTSTK,MUTHOOTFIN,30-Jan-2025,2025-01-30,2520.00,PE,0.00,0.00,0.00,553.50,324.50,0,0.00,0,0,06-JAN-2025
OPTSTK,VBL,27-Feb-2025,2025-02-27,560.00,PE,0.00,0.00,0.00,19.30,6.30,0,0.00,0,0,06-JAN-2025
OPTSTK,VBL,30-Jan-2025,2025-01-30,510.00,PE,0.60,0.60,0.60,0.60,0.10,2,8.9355,7000,1750,06-JAN-2025
OPTSTK,CAMS,27-Feb-2025,2025-02-27,4600.00,CE,0.00,0.00,0.00,636.15,436.55,0,0.00,0,0,06-JAN-2025
OPTSTK,CAMS,27-Feb-2025,2025-02-27,4600.00,PE,0.00,0.00,0.00,259.85,139.95,0,0.00,0,0,06-JAN-2025
OPTSTK,CAMS,27-Mar-2025,2025-03-27,4600.00,CE,0.00,0.00,0.00,678.70,508.90,0,0.00,0,0,06-JAN-2025
OPTSTK,VBL,27-Feb-2025,2025-02-27,710.00,PE,0.00,0.00,0.00,93.65,81.90,0,0.00,0,0,06-JAN-2025
OPTSTK,CAMS,27-Feb-2025,2025-02-27,5500.00,CE,0.00,0.00,0.00,192.40,82.15,0,0.00,0,0,06-JAN-2025
OPTSTK,VBL,27-Feb-2025,2025-02-27,590.00,CE,0.00,0.00,0.00,65.05,59.55,0,0.00,0,0,06-JAN-2025
OPTSTK,CAMS,27-Feb-2025,2025-02-27,4200.00,CE,0.00,0.00,0.00,899.50,735.60,0,0.00,0,0,06-JAN-2025
OPTSTK,MUTHOOTFIN,30-Jan-2025,2025-01-30,1900.00,CE,0.00,0.00,0.00,186.25,295.20,0,0.00,4125,0,06-JAN-2025
OPTSTK,HEROMOTOCO,27-Feb-2025,2025-02-27,3950.00,CE,0.00,0.00,0.00,443.40,340.75,0,0.00,0,0,06-JAN-2025
OPTSTK,HEROMOTOCO,30-Jan-2025,2025-01-30,3950.00,CE,0.00,0.00,0.00,284.95,290.90,0,0.00,150,0,06-JAN-2025
OPTSTK,M&MFIN,30-Jan-2025,2025-01-30,310.00,PE,32.45,37.10,30.30,36.65,38.15,24,165.432,54000,12000,06-JAN-2025
OPTSTK,HEROMOTOCO,27-Mar-2025,2025-03-27,4000.00,PE,0.00,0.00,0.00,88.00,88.35,0,0.00,1050,0,06-JAN-2025
OPTSTK,ICICIGI,27-Feb-2025,2025-02-27,1800.00,CE,0.00,0.00,0.00,160.85,79.10,0,0.00,0,0,06-JAN-2025
OPTSTK,M&MFIN,30-Jan-2025,2025-01-30,240.00,PE,1.20,1.45,0.70,1.40,1.40,518,2498.169,980000,118000,06-JAN-2025
OPTSTK,ICICIGI,27-Mar-2025,2025-03-27,2080.00,PE,0.00,0.00,0.00,222.60,250.40,0,0.00,0,0,06-JAN-2025
OPTSTK,ICICIGI,30-Jan-2025,2025-01-30,2160.00,CE,0.75,0.80,0.75,0.80,0.80,7,37.81325,129000,0,06-JAN-2025
OPTSTK,HEROMOTOCO,30-Jan-2025,2025-01-30,3600.00,PE,3.45,3.80,2.10,3.55,3.55,368,1988.88172,141900,14400,06-JAN-2025
OPTSTK,HEROMOTOCO,27-Mar-2025,2025-03-27,4600.00,PE,0.00,0.00,0.00,401.55,410.85,0,0.00,0,0,06-JAN-2025
OPTSTK,M&MFIN,27-Mar-2025,2025-03-27,220.00,CE,0.00,0.00,0.00,52.65,55.20,0,0.00,0,0,06-JAN-2025
OPTSTK,HEROMOTOCO,27-Mar-2025,2025-03-27,3600.00,CE,0.00,0.00,0.00,768.70,670.90,0,0.00,0,0,06-JAN-2025
OPTSTK,ICICIGI,27-Feb-2025,2025-02-27,1600.00,CE,0.00,0.00,0.00,311.85,232.15,0,0.00,0,0,06-JAN-2025
OPTSTK,ICICIGI,27-Mar-2025,2025-03-27,1920.00,CE,0.00,0.00,0.00,92.70,47.05,0,0.00,0,0,06-JAN-2025
OPTSTK,HEROMOTOCO,27-Feb-2025,2025-02-27,4750.00,CE,0.00,0.00,0.00,74.45,24.35,0,0.00,0,0,06-JAN-2025
OPTSTK,HEROMOTOCO,27-Feb-2025,2025-02-27,3750.00,PE,0.00,0.00,0.00,31.00,17.05,0,0.00,0,0,06-JAN-2025
OPTSTK,HEROMOTOCO,30-Jan-2025,2025-01-30,3750.00,CE,0.00,0.00,0.00,562.60,472.70,0,0.00,0,0,06-JAN-2025
OPTSTK,HEROMOTOCO,27-Feb-2025,2025-02-27,4000.00,CE,0.00,0.00,0.00,887.00,304.15,0,0.00,0,0,06-JAN-2025
OPTSTK,HEROMOTOCO,27-Mar-2025,2025-03-27,4000.00,CE,0.00,0.00,0.00,457.10,349.85,0,0.00,0,0,06-JAN-2025
OPTSTK,HEROMOTOCO,30-Jan-2025,2025-01-30,4450.00,CE,42.85,53.00,29.70,30.95,30.95,1052,7087.10152,90600,4800,06-JAN-2025
OPTSTK,HEROMOTOCO,30-Jan-2025,2025-01-30,3900.00,CE,0.00,0.00,0.00,370.95,333.85,0,0.00,1500,0,06-JAN-2025
OPTSTK,ICICIGI,30-Jan-2025,2025-01-30,1680.00,PE,9.95,13.70,9.00,11.95,4.25,67,283.44325,25000,-5750,06-JAN-2025
OPTSTK,M&MFIN,27-Feb-2025,2025-02-27,320.00,CE,0.30,2.50,0.30,2.50,1.50,2,12.856,6000,2000,06-JAN-2025
OPTSTK,ICICIGI,30-Jan-2025,2025-01-30,2100.00,CE,1.60,3.15,1.60,1.65,1.65,30,157.652125,77000,-3500,06-JAN-2025
OPTSTK,M&MFIN,27-Mar-2025,2025-03-27,250.00,CE,0.00,0.00,0.00,30.80,30.55,0,0.00,0,0,06-JAN-2025
OPTSTK,ICICIGI,27-Feb-2025,2025-02-27,1940.00,PE,0.00,0.00,0.00,117.50,133.60,0,0.00,0,0,06-JAN-2025
OPTSTK,ICICIGI,27-Feb-2025,2025-02-27,1940.00,CE,0.00,0.00,0.00,62.95,24.95,0,0.00,0,0,06-JAN-2025
OPTSTK,ICICIGI,30-Jan-2025,2025-01-30,1720.00,PE,16.60,23.75,15.70,20.20,20.20,147,639.23,40750,250,06-JAN-2025
OPTSTK,ICICIGI,30-Jan-2025,2025-01-30,1720.00,CE,120.15,120.15,120.15,120.15,120.15,1,4.600375,7750,0,06-JAN-2025
OPTSTK,HEROMOTOCO,27-Mar-2025,2025-03-27,4200.00,CE,0.00,0.00,0.00,334.00,229.95,0,0.00,0,0,06-JAN-2025
OPTSTK,ICICIGI,30-Jan-2025,2025-01-30,1820.00,PE,46.20,61.85,42.15,55.95,55.95,261,1222.12537,50000,5750,06-JAN-2025
OPTSTK,HEROMOTOCO,30-Jan-2025,2025-01-30,3600.00,CE,0.00,0.00,0.00,1456.75,619.25,0,0.00,0,0,06-JAN-2025
OPTIDX,NIFTY,09-Jan-2025,2025-01-09,22800.00,PE,1.80,21.20,1.50,15.75,15.75,757610,12960758.0,3371325,1209150,06-JAN-2025
OPTIDX,NIFTY,27-Feb-2025,2025-02-27,22800.00,CE,0.00,0.00,0.00,1753.15,1161.95,0,0.00,0,0,06-JAN-2025
OPTIDX,NIFTY,23-Jan-2025,2025-01-23,22550.00,CE,0.00,0.00,0.00,1607.80,1150.30,0,0.00,0,0,06-JAN-2025
OPTIDX,NIFTY,09-Jan-2025,2025-01-09,22800.00,CE,1215.00,1215.00,799.00,847.60,847.60,70,1242.92448,4425,1575,06-JAN-2025
OPTIDX,NIFTY,30-Jan-2025,2025-01-30,22550.00,PE,25.30,73.40,23.40,65.75,65.75,6001,33905.8152,45825,18175,06-JAN-2025
OPTIDX,NIFTY,09-Jan-2025,2025-01-09,22550.00,PE,1.10,9.95,0.85,7.30,7.30,203153,3436579.92,868425,-106725,06-JAN-2025
OPTIDX,NIFTY,23-Jan-2025,2025-01-23,22800.00,CE,0.00,0.00,0.00,1388.05,919.15,0,0.00,0,0,06-JAN-2025
OPTIDX,NIFTY,16-Jan-2025,2025-01-16,22550.00,CE,0.00,0.00,0.00,2171.55,1110.95,0,0.00,0,0,06-JAN-2025
OPTIDX,NIFTY,27-Mar-2025,2025-03-27,22550.00,PE,0.00,0.00,0.00,110.85,134.45,0,0.00,3300,0,06-JAN-2025
OPTIDX,NIFTY,06-Feb-2025,2025-02-06,24050.00,PE,373.40,373.40,373.40,373.40,545.20,4,73.2702,75,0,06-JAN-2025
OPTIDX,NIFTY,16-Jan-2025,2025-01-16,24050.00,CE,227.55,256.50,109.70,118.05,118.05,11384,206794.794,81000,29100,06-JAN-2025
OPTIDX,NIFTY,27-Feb-2025,2025-02-27,24050.00,CE,582.70,582.70,425.00,437.40,437.40,82,1506.90993,4725,-3075,06-JAN-2025
OPTIDX,NIFTY,31-Dec-2026,2026-12-31,16000.00,PE,0.00,0.00,0.00,23.30,3.60,0,0.00,2425,0,06-JAN-2025
OPTIDX,NIFTY,25-Jun-2026,2026-06-25,16000.00,PE,0.00,0.00,0.00,21.25,1.45,0,0.00,1225,0,06-JAN-2025
OPTIDX,NIFTY,27-Mar-2025,2025-03-27,22300.00,PE,105.05,159.95,85.50,156.05,156.05,599,10077.4861,56100,7500,06-JAN-2025
OPTIDX,NIFTY,27-Feb-2025,2025-02-27,22300.00,CE,0.00,0.00,0.00,2152.85,1583.90,0,0.00,0,0,06-JAN-2025
OPTIDX,NIFTY,30-Jan-2025,2025-01-30,22300.00,PE,16.00,50.10,12.00,43.25,43.25,54976,306924.411,446675,93825,06-JAN-2025
OPTIDX,NIFTY,23-Jan-2025,2025-01-23,22450.00,PE,0.00,0.00,0.00,40.15,9.25,0,0.00,0,0,06-JAN-2025
OPTIDX,NIFTY,06-Feb-2025,2025-02-06,22300.00,CE,0.00,0.00,0.00,2061.70,1465.85,0,0.00,0,0,06-JAN-2025
OPTIDX,NIFTY,27-Mar-2025,2025-03-27,22450.00,CE,0.00,0.00,0.00,1886.80,1613.40,0,0.00,0,0,06-JAN-2025
OPTIDX,NIFTY,27-Feb-2025,2025-02-27,22450.00,PE,0.00,0.00,0.00,90.35,71.45,0,0.00,4800,0,06-JAN-2025
OPTIDX,NIFTY,23-Jan-2025,2025-01-23,22300.00,PE,0.00,0.00,0.00,29.55,5.10,0,0.00,0,0,06-JAN-2025
OPTIDX,NIFTY,16-Jan-2025,2025-01-16,22300.00,CE,0.00,0.00,0.00,2412.80,1358.00,0,0.00,0,0,06-JAN-2025
OPTIDX,NIFTY,06-Feb-2025,2025-02-06,22300.00,PE,0.00,0.00,0.00,17.90,22.30,0,0.00,0,0,06-JAN-2025
OPTIDX,NIFTY,30-Jan-2025,2025-01-30,22300.00,CE,0.00,0.00,0.00,1850.00,1427.55,0,0.00,475,0,06-JAN-2025
OPTIDX,NIFTY,27-Feb-2025,2025-02-27,24500.00,PE,638.85,940.00,612.85,894.15,894.15,3180,60387.756,263550,-5625,06-JAN-2025
OPTIDX,NIFTY,09-Jan-2025,2025-01-09,24500.00,CE,22.00,24.45,7.30,7.90,7.90,1662832,30570504.2,11452800,3517650,06-JAN-2025
OPTIDX,NIFTY,23-Jan-2025,2025-01-23,22100.00,CE,0.00,0.00,0.00,2025.00,1587.55,0,0.00,0,0,06-JAN-2025
OPTIDX,NIFTY,27-Mar-2025,2025-03-27,22100.00,PE,84.00,131.40,84.00,131.40,131.40,386,6428.96362,36225,13425,06-JAN-2025
OPTIDX,NIFTY,16-Jan-2025,2025-01-16,22100.00,CE,0.00,0.00,0.00,2607.95,1557.10,0,0.00,0,0,06-JAN-2025
OPTIDX,NIFTY,30-Jan-2025,2025-01-30,22100.00,PE,11.00,36.25,10.45,31.40,31.40,88698,490552.850,672875,492050,06-JAN-2025
OPTSTK,COLPAL,27-Feb-2025,2025-02-27,2880.00,PE,0.00,0.00,0.00,203.35,159.35,0,0.00,0,0,06-JAN-2025
OPTSTK,COLPAL,30-Jan-2025,2025-01-30,2580.00,PE,19.00,21.85,16.00,20.65,20.65,108,491.260962,8750,1400,06-JAN-2025
OPTSTK,COLPAL,27-Feb-2025,2025-02-27,2580.00,PE,0.00,0.00,0.00,57.25,28.35,0,0.00,0,0,06-JAN-2025
OPTSTK,COLPAL,27-Mar-2025,2025-03-27,2480.00,PE,0.00,0.00,0.00,46.35,22.20,0,0.00,0,0,06-JAN-2025
OPTSTK,COLPAL,30-Jan-2025,2025-01-30,2480.00,PE,0.00,0.00,0.00,4.15,2.60,0,0.00,13475,0,06-JAN-2025
OPTSTK,COLPAL,27-Mar-2025,2025-03-27,2480.00,CE,0.00,0.00,0.00,330.35,332.05,0,0.00,0,0,06-JAN-2025
OPTSTK,NAVINFLUOR,27-Feb-2025,2025-02-27,3350.00,CE,0.00,0.00,0.00,211.35,168.00,0,0.00,0,0,06-JAN-2025
OPTSTK,NAVINFLUOR,30-Jan-2025,2025-01-30,3350.00,CE,105.60,121.95,87.75,99.50,99.50,202,1221.00877,10500,-4200,06-JAN-2025
OPTSTK,BHEL,30-Jan-2025,2025-01-30,210.00,CE,18.50,19.10,14.45,14.75,14.75,77,456.242062,189000,102375,06-JAN-2025
OPTSTK,BHEL,30-Jan-2025,2025-01-30,210.00,PE,1.85,4.45,1.75,4.25,4.25,2781,15570.7243,2273250,343875,06-JAN-2025
OPTSTK,COLPAL,30-Jan-2025,2025-01-30,2620.00,CE,0.00,0.00,0.00,122.50,162.70,0,0.00,2100,0,06-JAN-2025
OPTSTK,COLPAL,27-Feb-2025,2025-02-27,2620.00,CE,0.00,0.00,0.00,202.55,196.65,0,0.00,0,0,06-JAN-2025
OPTSTK,COLPAL,30-Jan-2025,2025-01-30,2980.00,PE,0.00,0.00,0.00,262.80,223.30,0,0.00,0,0,06-JAN-2025
OPTSTK,NAVINFLUOR,27-Feb-2025,2025-02-27,2950.00,PE,0.00,0.00,0.00,50.70,21.10,0,0.00,0,0,06-JAN-2025
OPTSTK,NAVINFLUOR,27-Feb-2025,2025-02-27,2950.00,CE,0.00,0.00,0.00,463.95,446.15,0,0.00,0,0,06-JAN-2025
OPTSTK,NAVINFLUOR,30-Jan-2025,2025-01-30,2950.00,CE,0.00,0.00,0.00,588.20,414.75,0,0.00,0,0,06-JAN-2025
OPTSTK,BHEL,27-Mar-2025,2025-03-27,180.00,PE,0.00,0.00,0.00,3.40,3.35,0,0.00,0,0,06-JAN-2025
OPTSTK,BHEL,30-Jan-2025,2025-01-30,230.00,PE,7.45,14.50,7.45,14.10,14.10,1017,6433.61775,2422875,-10500,06-JAN-2025
OPTSTK,COLPAL,27-Feb-2025,2025-02-27,2700.00,PE,62.50,78.95,62.50,78.95,64.45,2,9.6975375,525,175,06-JAN-2025
OPTSTK,MAXHEALTH,27-Feb-2025,2025-02-27,1100.00,PE,0.00,0.00,0.00,50.35,34.45,0,0.00,0,0,06-JAN-2025
OPTSTK,MAXHEALTH,27-Feb-2025,2025-02-27,1100.00,CE,0.00,0.00,0.00,119.80,98.20,0,0.00,0,0,06-JAN-2025
OPTSTK,COLPAL,30-Jan-2025,2025-01-30,2720.00,CE,96.20,96.20,94.65,94.65,92.90,2,9.8539875,14350,0,06-JAN-2025
OPTSTK,COLPAL,27-Feb-2025,2025-02-27,3240.00,PE,0.00,0.00,0.00,494.00,460.85,0,0.00,0,0,06-JAN-2025
OPTSTK,COLPAL,27-Feb-2025,2025-02-27,2520.00,PE,0.00,0.00,0.00,40.80,17.35,0,0.00,0,0,06-JAN-2025
OPTSTK,COLPAL,30-Jan-2025,2025-01-30,2360.00,PE,0.00,0.00,0.00,4.35,0.25,0,0.00,0,0,06-JAN-2025
OPTSTK,MAXHEALTH,27-Feb-2025,2025-02-27,1160.00,PE,0.00,0.00,0.00,195.25,60.65,0,0.00,0,0,06-JAN-2025
OPTSTK,MAXHEALTH,27-Mar-2025,2025-03-27,1160.00,CE,0.00,0.00,0.00,107.35,82.85,0,0.00,0,0,06-JAN-2025
OPTSTK,NAVINFLUOR,27-Feb-2025,2025-02-27,2850.00,CE,0.00,0.00,0.00,544.60,535.00,0,0.00,0,0,06-JAN-2025
OPTSTK,COLPAL,30-Jan-2025,2025-01-30,2460.00,CE,0.00,0.00,0.00,288.95,306.20,0,0.00,0,0,06-JAN-2025
OPTSTK,BHEL,27-Feb-2025,2025-02-27,245.00,PE,0.00,0.00,0.00,21.75,29.70,0,0.00,0,0,06-JAN-2025
OPTSTK,NAVINFLUOR,30-Jan-2025,2025-01-30,3600.00,CE,25.65,29.70,17.80,21.30,21.30,321,2034.68947,32900,-19425,06-JAN-2025
OPTSTK,COLPAL,30-Jan-2025,2025-01-30,2820.00,PE,85.95,122.50,81.85,113.90,99.35,69,353.3677,7000,1225,06-JAN-2025
OPTSTK,SUPREMEIND,27-Mar-2025,2025-03-27,5400.00,CE,0.00,0.00,0.00,230.20,81.25,0,0.00,0,0,06-JAN-2025
OPTSTK,SUPREMEIND,30-Jan-2025,2025-01-30,5400.00,CE,8.00,10.00,8.00,10.00,6.60,15,101.422187,2250,125,06-JAN-2025
OPTSTK,ASTRAL,30-Jan-2025,2025-01-30,2080.00,PE,0.00,0.00,0.00,422.50,514.35,0,0.00,10643,0,06-JAN-2025
OPTSTK,ASTRAL,30-Jan-2025,2025-01-30,1880.00,CE,1.45,1.45,1.45,1.45,0.10,1,6.9049215,20552,367,06-JAN-2025
OPTSTK,LUPIN,27-Feb-2025,2025-02-27,2520.00,PE,0.00,0.00,0.00,491.20,179.65,0,0.00,0,0,06-JAN-2025
OPTSTK,LUPIN,30-Jan-2025,2025-01-30,2520.00,CE,17.55,19.85,11.85,16.15,16.15,330,3554.07333,79050,-52275,06-JAN-2025
OPTSTK,LUPIN,27-Mar-2025,2025-03-27,2360.00,PE,0.00,0.00,0.00,219.60,99.65,0,0.00,0,0,06-JAN-2025
FUTSTK,LUPIN,30-Jan-2025,2025-01-30,,,2370.65,2394.50,2352.00,2370.80,2370.80,5241,52811.0068,7414975,445825,06-JAN-2025
OPTSTK,LUPIN,30-Jan-2025,2025-01-30,2540.00,PE,0.00,0.00,0.00,188.00,182.05,0,0.00,850,0,06-JAN-2025
OPTSTK,LUPIN,27-Feb-2025,2025-02-27,1960.00,CE,0.00,0.00,0.00,165.35,421.10,0,0.00,0,0,06-JAN-2025
OPTSTK,ASTRAL,27-Feb-2025,2025-02-27,1960.00,PE,0.00,0.00,0.00,186.95,385.55,0,0.00,0,0,06-JAN-2025
OPTSTK,SUPREMEIND,30-Jan-2025,2025-01-30,3800.00,CE,0.00,0.00,0.00,834.40,741.05,0,0.00,0,0,06-JAN-2025
OPTSTK,SUPREMEIND,27-Mar-2025,2025-03-27,4200.00,CE,0.00,0.00,0.00,792.25,530.00,0,0.00,0,0,06-JAN-2025
OPTSTK,SUPREMEIND,27-Feb-2025,2025-02-27,4200.00,PE,0.00,0.00,0.00,223.95,105.50,0,0.00,0,0,06-JAN-2025
OPTSTK,ASTRAL,27-Feb-2025,2025-02-27,1680.00,PE,0.00,0.00,0.00,49.35,131.15,0,0.00,0,0,06-JAN-2025
OPTSTK,LUPIN,27-Mar-2025,2025-03-27,2480.00,CE,0.00,0.00,0.00,61.70,82.10,0,0.00,425,0,06-JAN-2025
OPTSTK,LUPIN,27-Feb-2025,2025-02-27,2560.00,PE,0.00,0.00,0.00,527.65,209.50,0,0.00,0,0,06-JAN-2025
OPTSTK,LUPIN,27-Feb-2025,2025-02-27,2560.00,CE,0.00,0.00,0.00,12.20,34.25,0,0.00,0,0,06-JAN-2025
OPTSTK,LUPIN,27-Mar-2025,2025-03-27,2560.00,PE,0.00,0.00,0.00,369.30,219.05,0,0.00,0,0,06-JAN-2025
OPTSTK,ASTRAL,30-Jan-2025,2025-01-30,2000.00,CE,0.50,0.75,0.50,0.75,0.05,9,66.081286,39269,-2202,06-JAN-2025
OPTSTK,LUPIN,27-Feb-2025,2025-02-27,2000.00,PE,0.00,0.00,0.00,7.00,3.55,0,0.00,11475,0,06-JAN-2025
OPTSTK,LUPIN,27-Feb-2025,2025-02-27,2440.00,PE,0.00,0.00,0.00,420.05,126.40,0,0.00,0,0,06-JAN-2025
OPTSTK,LUPIN,30-Jan-2025,2025-01-30,2260.00,CE,132.90,138.80,126.25,138.80,132.65,4,40.6654875,93925,0,06-JAN-2025
OPTSTK,LUPIN,27-Mar-2025,2025-03-27,2240.00,CE,0.00,0.00,0.00,129.60,205.95,0,0.00,0,0,06-JAN-2025
OPTSTK,ASTRAL,27-Feb-2025,2025-02-27,1520.00,PE,0.00,0.00,0.00,16.00,38.25,0,0.00,734,0,06-JAN-2025
OPTSTK,LUPIN,30-Jan-2025,2025-01-30,1980.00,PE,0.00,0.00,0.00,1.90,0.20,0,0.00,1700,0,06-JAN-2025
OPTSTK,LUPIN,30-Jan-2025,2025-01-30,2400.00,CE,51.05,57.90,38.35,48.30,48.30,3097,32201.2378,719525,25925,06-JAN-2025
OPTSTK,LUPIN,27-Mar-2025,2025-03-27,2400.00,PE,0.00,0.00,0.00,246.90,119.50,0,0.00,0,0,06-JAN-2025
OPTSTK,LUPIN,27-Feb-2025,2025-02-27,2500.00,PE,0.00,0.00,0.00,315.25,165.50,0,0.00,0,0,06-JAN-2025
OPTSTK,ASTRAL,27-Mar-2025,2025-03-27,1760.00,PE,0.00,0.00,0.00,137.65,198.60,0,0.00,0,0,06-JAN-2025
OPTSTK,ASTRAL,30-Jan-2025,2025-01-30,1760.00,CE,8.40,8.40,3.70,4.05,4.05,696,4507.95421,72299,-21286,06-JAN-2025
OPTSTK,LUPIN,27-Mar-2025,2025-03-27,2160.00,PE,0.00,0.00,0.00,107.30,31.70,0,0.00,0,0,06-JAN-2025
OPTSTK,SUNPHARMA,27-Feb-2025,2025-02-27,1560.00,PE,0.00,0.00,0.00,12.70,0.20,0,0.00,0,0,06-JAN-2025
OPTSTK,SUNPHARMA,30-Jan-2025,2025-01-30,1520.00,PE,0.00,0.00,0.00,0.30,0.05,0,0.00,700,0,06-JAN-2025
OPTSTK,BALKRISIND,27-Feb-2025,2025-02-27,2780.00,PE,0.00,0.00,0.00,123.45,135.60,0,0.00,0,0,06-JAN-2025
OPTSTK,SUNPHARMA,30-Jan-2025,2025-01-30,1980.00,CE,3.80,4.45,3.00,4.35,4.35,612,4248.7956,180600,3500,06-JAN-2025
OPTSTK,SUNPHARMA,30-Jan-2025,2025-01-30,1980.00,PE,0.00,0.00,0.00,229.25,127.35,0,0.00,0,0,06-JAN-2025
OPTSTK,BALKRISIND,30-Jan-2025,2025-01-30,2900.00,CE,56.00,60.55,30.20,32.70,32.70,498,4394.50065,153300,600,06-JAN-2025
OPTSTK,BALKRISIND,27-Feb-2025,2025-02-27,2900.00,CE,0.00,0.00,0.00,139.10,62.10,0,0.00,0,0,06-JAN-2025
OPTSTK,BALKRISIND,30-Jan-2025,2025-01-30,2960.00,CE,0.00,0.00,0.00,54.05,15.70,0,0.00,2400,0,06-JAN-2025
OPTSTK,BALKRISIND,27-Feb-2025,2025-02-27,2400.00,PE,0.00,0.00,0.00,7.00,14.45,0,0.00,300,0,06-JAN-2025
OPTSTK,BALKRISIND,30-Jan-2025,2025-01-30,2400.00,CE,0.00,0.00,0.00,517.15,336.90,0,0.00,0,0,06-JAN-2025
OPTSTK,SUNPHARMA,27-Feb-2025,2025-02-27,2160.00,PE,0.00,0.00,0.00,390.05,292.80,0,0.00,0,0,06-JAN-2025
OPTSTK,SUNPHARMA,30-Jan-2025,2025-01-30,1920.00,PE,65.60,84.95,65.60,78.30,78.30,9,62.95625,174650,-1400,06-JAN-2025
OPTSTK,BALKRISIND,27-Feb-2025,2025-02-27,2620.00,PE,0.00,0.00,0.00,64.85,63.30,0,0.00,0,0,06-JAN-2025
OPTSTK,BALKRISIND,30-Jan-2025,2025-01-30,2620.00,PE,26.70,46.20,26.70,43.60,43.60,13,103.56495,4200,1500,06-JAN-2025
OPTSTK,BALKRISIND,30-Jan-2025,2025-01-30,3000.00,PE,0.00,0.00,0.00,185.15,274.55,0,0.00,12900,0,06-JAN-2025
OPTSTK,BALKRISIND,30-Jan-2025,2025-01-30,2660.00,PE,35.50,49.15,35.50,49.15,47.95,12,97.2474,4800,0,06-JAN-2025
OPTSTK,SUNPHARMA,30-Jan-2025,2025-01-30,1780.00,CE,0.00,0.00,0.00,106.20,84.15,0,0.00,6650,0,06-JAN-2025
OPTSTK,SUNPHARMA,27-Feb-2025,2025-02-27,2060.00,CE,0.00,0.00,0.00,12.80,4.65,0,0.00,0,0,06-JAN-2025
FUTSTK,SUNPHARMA,27-Feb-2025,2025-02-27,,,1857.65,1869.30,1841.65,1857.50,1857.50,124,805.129325,76300,7700,06-JAN-2025
FUTSTK,BALKRISIND,27-Feb-2025,2025-02-27,,,2847.00,2853.20,2739.65,2743.20,2743.20,39,326.06925,16800,1800,06-JAN-2025
OPTSTK,SUNPHARMA,30-Jan-2025,2025-01-30,2080.00,PE,0.00,0.00,0.00,216.35,223.65,0,0.00,0,0,06-JAN-2025
OPTSTK,BALKRISIND,27-Feb-2025,2025-02-27,3160.00,PE,0.00,0.00,0.00,357.95,422.15,0,0.00,0,0,06-JAN-2025
OPTSTK,BALKRISIND,30-Jan-2025,2025-01-30,3160.00,CE,0.00,0.00,0.00,27.85,2.20,0,0.00,0,0,06-JAN-2025
OPTSTK,BALKRISIND,27-Mar-2025,2025-03-27,3160.00,CE,0.00,0.00,0.00,94.80,34.00,0,0.00,0,0,06-JAN-2025
OPTSTK,BALKRISIND,27-Feb-2025,2025-02-27,2740.00,CE,0.00,0.00,0.00,225.50,123.80,0,0.00,0,0,06-JAN-2025
OPTSTK,BALKRISIND,27-Mar-2025,2025-03-27,3000.00,CE,0.00,0.00,0.00,144.50,64.85,0,0.00,0,0,06-JAN-2025
OPTSTK,SUNPHARMA,30-Jan-2025,2025-01-30,1680.00,CE,0.00,0.00,0.00,215.20,175.35,0,0.00,0,0,06-JAN-2025
OPTSTK,SUNPHARMA,27-Feb-2025,2025-02-27,1900.00,PE,0.00,0.00,0.00,41.00,70.75,0,0.00,2100,0,06-JAN-2025
OPTSTK,BALKRISIND,27-Feb-2025,2025-02-27,2820.00,CE,0.00,0.00,0.00,182.05,89.05,0,0.00,0,0,06-JAN-2025
OPTSTK,BALKRISIND,27-Feb-2025,2025-02-27,2820.00,PE,0.00,0.00,0.00,142.00,158.85,0,0.00,0,0,06-JAN-2025
OPTSTK,BALKRISIND,30-Jan-2025,2025-01-30,2720.00,PE,0.00,0.00,0.00,27.30,73.40,0,0.00,3900,0,06-JAN-2025
OPTSTK,ICICIPRULI,27-Mar-2025,2025-03-27,760.00,PE,0.00,0.00,0.00,93.90,94.00,0,0.00,0,0,06-JAN-2025
OPTSTK,ICICIPRULI,30-Jan-2025,2025-01-30,710.00,CE,9.90,10.15,4.90,6.35,6.35,252,1354.203,118500,-7500,06-JAN-2025
OPTSTK,ICICIPRULI,30-Jan-2025,2025-01-30,590.00,CE,0.00,0.00,0.00,113.30,75.15,0,0.00,0,0,06-JAN-2025
OPTSTK,ICICIPRULI,27-Feb-2025,2025-02-27,590.00,PE,0.00,0.00,0.00,6.20,3.00,0,0.00,0,0,06-JAN-2025
OPTSTK,CYIENT,27-Feb-2025,2025-02-27,2000.00,CE,0.00,0.00,0.00,107.30,19.75,0,0.00,0,0,06-JAN-2025
OPTSTK,ICICIPRULI,30-Jan-2025,2025-01-30,670.00,CE,28.50,29.25,15.20,19.05,19.05,825,4267.51125,162000,-115500,06-JAN-2025
OPTSTK,ICICIPRULI,30-Jan-2025,2025-01-30,760.00,CE,2.15,2.15,1.25,1.25,0.40,41,234.166125,25500,7500,06-JAN-2025
OPTSTK,ICICIPRULI,30-Jan-2025,2025-01-30,710.00,PE,52.25,54.50,52.25,54.50,48.90,2,11.450625,6000,-1500,06-JAN-2025
OPTSTK,ICICIPRULI,30-Jan-2025,2025-01-30,590.00,PE,1.95,2.80,1.95,2.40,2.40,31,137.711625,83250,-2250,06-JAN-2025
OPTSTK,ICICIPRULI,27-Mar-2025,2025-03-27,520.00,CE,0.00,0.00,0.00,159.15,150.00,0,0.00,0,0,06-JAN-2025
OPTSTK,CYIENT,30-Jan-2025,2025-01-30,1800.00,PE,85.00,108.00,78.65,106.50,106.50,72,408.3909,65400,-600,06-JAN-2025
OPTSTK,CYIENT,27-Feb-2025,2025-02-27,1760.00,PE,0.00,0.00,0.00,89.40,85.20,0,0.00,0,0,06-JAN-2025
OPTSTK,CYIENT,30-Jan-2025,2025-01-30,1680.00,PE,0.00,0.00,0.00,20.85,28.20,0,0.00,12600,0,06-JAN-2025
OPTSTK,CYIENT,27-Feb-2025,2025-02-27,1820.00,CE,0.00,0.00,0.00,200.20,64.50,0,0.00,0,0,06-JAN-2025
OPTSTK,CYIENT,30-Jan-2025,2025-01-30,1820.00,PE,0.00,0.00,0.00,79.90,97.90,0,0.00,900,0,06-JAN-2025
OPTSTK,CYIENT,27-Mar-2025,2025-03-27,1920.00,PE,0.00,0.00,0.00,131.60,199.30,0,0.00,0,0,06-JAN-2025
OPTSTK,SRF,27-Mar-2025,2025-03-27,2040.00,CE,0.00,0.00,0.00,297.65,285.85,0,0.00,0,0,06-JAN-2025
OPTSTK,AXISBANK,27-Feb-2025,2025-02-27,1010.00,PE,0.00,0.00,0.00,19.80,13.80,0,0.00,0,0,06-JAN-2025
OPTSTK,AXISBANK,27-Feb-2025,2025-02-27,1000.00,CE,0.00,0.00,0.00,164.05,84.35,0,0.00,0,0,06-JAN-2025
OPTSTK,AXISBANK,27-Feb-2025,2025-02-27,960.00,PE,0.00,0.00,0.00,6.00,4.70,0,0.00,2500,0,06-JAN-2025
OPTSTK,SRF,30-Jan-2025,2025-01-30,2540.00,CE,5.15,5.60,3.70,4.55,4.55,185,1765.42931,46875,11250,06-JAN-2025
OPTSTK,SRF,30-Jan-2025,2025-01-30,2120.00,PE,9.05,17.65,7.60,16.50,16.50,46,367.812562,28500,2625,06-JAN-2025
OPTSTK,SRF,27-Feb-2025,2025-02-27,2300.00,CE,100.00,100.00,87.70,90.60,85.65,10,89.636625,3750,2250,06-JAN-2025
OPTSTK,AXISBANK,27-Mar-2025,2025-03-27,980.00,CE,0.00,0.00,0.00,132.75,110.00,0,0.00,0,0,06-JAN-2025
OPTSTK,AXISBANK,27-Feb-2025,2025-02-27,1150.00,CE,15.45,15.45,12.10,12.65,12.65,29,210.81875,58125,1875,06-JAN-2025
OPTSTK,SRF,27-Feb-2025,2025-02-27,2160.00,PE,0.00,0.00,0.00,47.85,31.85,0,0.00,750,0,06-JAN-2025
OPTSTK,JSL,30-Jan-2025,2025-01-30,780.00,CE,0.00,0.00,0.00,2.05,1.80,0,0.00,38750,0,06-JAN-2025
OPTSTK,AXISBANK,27-Feb-2025,2025-02-27,1000.00,PE,8.80,13.95,8.45,13.05,13.05,78,493.42875,86875,6875,06-JAN-2025
OPTSTK,AXISBANK,27-Mar-2025,2025-03-27,1000.00,CE,0.00,0.00,0.00,118.30,94.95,0,0.00,0,0,06-JAN-2025
OPTSTK,AXISBANK,27-Mar-2025,2025-03-27,960.00,PE,0.00,0.00,0.00,14.05,8.55,0,0.00,0,0,06-JAN-2025
OPTSTK,JSL,30-Jan-2025,2025-01-30,670.00,PE,20.50,27.95,20.30,26.85,26.85,59,317.349325,100750,6975,06-JAN-2025
OPTSTK,JSL,30-Jan-2025,2025-01-30,740.00,PE,80.25,80.25,79.45,79.75,79.75,3,19.0584125,13175,2325,06-JAN-2025
OPTSTK,JSL,27-Feb-2025,2025-02-27,740.00,PE,0.00,0.00,0.00,83.95,84.20,0,0.00,0,0,06-JAN-2025
OPTSTK,AXISBANK,27-Feb-2025,2025-02-27,920.00,CE,0.00,0.00,0.00,233.05,153.80,0,0.00,0,0,06-JAN-2025
OPTSTK,JSL,27-Mar-2025,2025-03-27,760.00,CE,0.00,0.00,0.00,62.15,19.70,0,0.00,0,0,06-JAN-2025
OPTSTK,JSL,27-Feb-2025,2025-02-27,760.00,PE,0.00,0.00,0.00,96.50,100.00,0,0.00,0,0,06-JAN-2025
OPTSTK,JSL,30-Jan-2025,2025-01-30,810.00,PE,0.00,0.00,0.00,125.00,143.00,0,0.00,0,0,06-JAN-2025
OPTSTK,JSL,27-Feb-2025,2025-02-27,820.00,CE,0.00,0.00,0.00,29.50,4.25,0,0.00,0,0,06-JAN-2025
OPTSTK,JSL,30-Jan-2025,2025-01-30,820.00,PE,0.00,0.00,0.00,132.85,152.75,0,0.00,0,0,06-JAN-2025
OPTSTK,JSL,27-Feb-2025,2025-02-27,760.00,CE,0.00,0.00,0.00,46.20,11.40,0,0.00,0,0,06-JAN-2025
OPTSTK,JSL,27-Feb-2025,2025-02-27,590.00,PE,0.00,0.00,0.00,7.10,9.70,0,0.00,0,0,06-JAN-2025
OPTSTK,AXISBANK,30-Jan-2025,2025-01-30,1180.00,CE,3.30,3.30,2.10,2.20,2.20,1183,8743.26687,631250,129375,06-JAN-2025
OPTSTK,AXISBANK,27-Mar-2025,2025-03-27,1180.00,PE,0.00,0.00,0.00,113.40,114.30,0,0.00,0,0,06-JAN-2025
OPTSTK,AXISBANK,27-Mar-2025,2025-03-27,1180.00,CE,0.00,0.00,0.00,31.45,15.00,0,0.00,0,0,06-JAN-2025
OPTSTK,JSL,27-Feb-2025,2025-02-27,640.00,CE,0.00,0.00,0.00,102.30,55.10,0,0.00,0,0,06-JAN-2025
OPTSTK,JSL,27-Mar-2025,2025-03-27,640.00,CE,0.00,0.00,0.00,129.00,65.75,0,0.00,0,0,06-JAN-2025
OPTSTK,JSL,27-Mar-2025,2025-03-27,660.00,PE,0.00,0.00,0.00,29.70,41.20,0,0.00,0,0,06-JAN-2025
OPTSTK,JSL,27-Feb-2025,2025-02-27,680.00,PE,0.00,0.00,0.00,51.60,44.10,0,0.00,0,0,06-JAN-2025
OPTSTK,AXISBANK,27-Feb-2025,2025-02-27,950.00,PE,0.00,0.00,0.00,7.55,3.65,0,0.00,0,0,06-JAN-2025
OPTSTK,ULTRACEMCO,27-Feb-2025,2025-02-27,12000.00,CE,352.10,352.10,236.00,250.00,239.40,9,55.269425,250,150,06-JAN-2025
OPTSTK,ULTRACEMCO,30-Jan-2025,2025-01-30,12000.00,PE,367.85,568.60,342.00,555.25,555.25,85,528.105325,10400,-350,06-JAN-2025
OPTSTK,ULTRACEMCO,27-Feb-2025,2025-02-27,12000.00,PE,0.00,0.00,0.00,1084.80,620.95,0,0.00,0,0,06-JAN-2025
OPTSTK,ULTRACEMCO,27-Mar-2025,2025-03-27,12000.00,PE,0.00,0.00,0.00,802.95,673.25,0,0.00,0,0,06-JAN-2025
OPTSTK,ULTRACEMCO,27-Feb-2025,2025-02-27,10700.00,PE,0.00,0.00,0.00,171.60,86.65,0,0.00,0,0,06-JAN-2025
OPTSTK,ULTRACEMCO,30-Jan-2025,2025-01-30,10700.00,PE,31.55,63.10,28.40,54.60,28.65,120,645.071125,8150,1200,06-JAN-2025
OPTSTK,ULTRACEMCO,30-Jan-2025,2025-01-30,10700.00,CE,0.00,0.00,0.00,705.90,879.65,0,0.00,150,0,06-JAN-2025
OPTSTK,ULTRACEMCO,27-Feb-2025,2025-02-27,10700.00,CE,0.00,0.00,0.00,1066.40,992.65,0,0.00,0,0,06-JAN-2025
OPTSTK,VOLTAS,27-Feb-2025,2025-02-27,1520.00,CE,0.00,0.00,0.00,206.70,276.65,0,0.00,0,0,06-JAN-2025
OPTSTK,VOLTAS,30-Jan-2025,2025-01-30,1900.00,PE,91.50,135.80,91.50,135.80,135.80,24,145.10355,31800,-900,06-JAN-2025
OPTSTK,ULTRACEMCO,30-Jan-2025,2025-01-30,11300.00,CE,515.05,515.05,427.05,427.10,411.40,16,94.035675,8150,-350,06-JAN-2025
OPTSTK,VOLTAS,27-Mar-2025,2025-03-27,1760.00,PE,0.00,0.00,0.00,131.80,79.50,0,0.00,0,0,06-JAN-2025
OPTSTK,ULTRACEMCO,27-Feb-2025,2025-02-27,10800.00,CE,0.00,0.00,0.00,799.20,913.05,0,0.00,0,0,06-JAN-2025
OPTSTK,ULTRACEMCO,30-Jan-2025,2025-01-30,10800.00,PE,34.65,77.00,32.25,70.95,70.95,195,1058.4576,21600,50,06-JAN-2025
OPTSTK,ULTRACEMCO,27-Mar-2025,2025-03-27,10800.00,CE,0.00,0.00,0.00,1119.40,1022.75,0,0.00,0,0,06-JAN-2025
OPTSTK,ULTRACEMCO,27-Mar-2025,2025-03-27,10800.00,PE,0.00,0.00,0.00,263.70,160.55,0,0.00,0,0,06-JAN-2025
OPTSTK,ULTRACEMCO,30-Jan-2025,2025-01-30,10800.00,CE,0.00,0.00,0.00,800.00,791.45,0,0.00,300,0,06-JAN-2025
OPTSTK,ULTRACEMCO,27-Feb-2025,2025-02-27,10800.00,PE,0.00,0.00,0.00,406.65,106.10,0,0.00,0,0,06-JAN-2025
OPTSTK,ULTRACEMCO,30-Jan-2025,2025-01-30,12400.00,CE,87.05,97.05,47.00,52.10,52.10,765,4768.90292,15250,7300,06-JAN-2025
OPTSTK,ULTRACEMCO,27-Feb-2025,2025-02-27,12400.00,CE,0.00,0.00,0.00,204.10,132.00,0,0.00,0,0,06-JAN-2025
OPTSTK,ULTRACEMCO,27-Mar-2025,2025-03-27,12400.00,PE,0.00,0.00,0.00,1059.35,940.60,0,0.00,0,0,06-JAN-2025
OPTSTK,ULTRACEMCO,30-Jan-2025,2025-01-30,12400.00,PE,0.00,0.00,0.00,1328.75,880.10,0,0.00,0,0,06-JAN-2025
OPTSTK,ULTRACEMCO,27-Mar-2025,2025-03-27,12400.00,CE,0.00,0.00,0.00,343.95,226.30,0,0.00,0,0,06-JAN-2025
OPTSTK,ULTRACEMCO,27-Feb-2025,2025-02-27,12400.00,PE,0.00,0.00,0.00,1382.65,909.75,0,0.00,0,0,06-JAN-2025
OPTSTK,ULTRACEMCO,27-Feb-2025,2025-02-27,11700.00,CE,0.00,0.00,0.00,472.90,355.85,0,0.00,0,0,06-JAN-2025
OPTSTK,ULTRACEMCO,27-Feb-2025,2025-02-27,10300.00,CE,0.00,0.00,0.00,1380.85,1336.75,0,0.00,0,0,06-JAN-2025
OPTSTK,VOLTAS,30-Jan-2025,2025-01-30,1480.00,CE,0.00,0.00,0.00,237.65,302.85,0,0.00,0,0,06-JAN-2025
OPTSTK,VOLTAS,27-Mar-2025,2025-03-27,1600.00,CE,0.00,0.00,0.00,200.65,225.85,0,0.00,0,0,06-JAN-2025
OPTSTK,ULTRACEMCO,30-Jan-2025,2025-01-30,12700.00,CE,41.20,47.90,25.05,28.00,28.00,138,878.7995,4700,-1250,06-JAN-2025
OPTSTK,ULTRACEMCO,27-Feb-2025,2025-02-27,12700.00,CE,0.00,0.00,0.00,163.40,80.35,0,0.00,0,0,06-JAN-2025
OPTSTK,VOLTAS,27-Mar-2025,2025-03-27,1960.00,CE,0.00,0.00,0.00,50.35,44.70,0,0.00,0,0,06-JAN-2025
OPTSTK,TECHM,27-Mar-2025,2025-03-27,1920.00,CE,0.00,0.00,0.00,40.30,19.70,0,0.00,0,0,06-JAN-2025
OPTSTK,INDHOTEL,27-Mar-2025,2025-03-27,800.00,PE,0.00,0.00,0.00,28.05,24.10,0,0.00,0,0,06-JAN-2025
OPTSTK,INDHOTEL,27-Feb-2025,2025-02-27,870.00,PE,0.00,0.00,0.00,48.30,48.85,0,0.00,0,0,06-JAN-2025
OPTSTK,ABBOTINDIA,27-Feb-2025,2025-02-27,28500.00,PE,0.00,0.00,0.00,1758.55,328.55,0,0.00,0,0,06-JAN-2025
OPTSTK,ABBOTINDIA,30-Jan-2025,2025-01-30,28500.00,PE,0.00,0.00,0.00,300.00,143.50,0,0.00,20,0,06-JAN-2025
OPTSTK,TECHM,27-Mar-2025,2025-03-27,1800.00,CE,0.00,0.00,0.00,50.00,46.90,0,0.00,600,0,06-JAN-2025
OPTSTK,ABBOTINDIA,27-Feb-2025,2025-02-27,31750.00,CE,0.00,0.00,0.00,345.15,429.30,0,0.00,0,0,06-JAN-2025
OPTSTK,TECHM,27-Feb-2025,2025-02-27,1680.00,CE,0.00,0.00,0.00,138.70,76.90,0,0.00,0,0,06-JAN-2025
OPTSTK,INDHOTEL,30-Jan-2025,2025-01-30,980.00,PE,0.00,0.00,0.00,98.00,132.35,0,0.00,4000,0,06-JAN-2025
OPTSTK,TECHM,30-Jan-2025,2025-01-30,1940.00,CE,2.15,2.25,1.85,1.90,1.90,44,512.7072,76200,6600,06-JAN-2025
OPTSTK,ABBOTINDIA,30-Jan-2025,2025-01-30,28250.00,PE,0.00,0.00,0.00,205.15,105.15,0,0.00,40,0,06-JAN-2025
OPTSTK,TECHM,27-Mar-2025,2025-03-27,1960.00,PE,0.00,0.00,0.00,258.10,259.25,0,0.00,0,0,06-JAN-2025
OPTSTK,TECHM,27-Feb-2025,2025-02-27,1620.00,CE,0.00,0.00,0.00,142.25,113.00,0,0.00,0,0,06-JAN-2025
OPTSTK,ABBOTINDIA,27-Feb-2025,2025-02-27,34500.00,CE,0.00,0.00,0.00,84.15,60.25,0,0.00,0,0,06-JAN-2025
OPTSTK,TECHM,30-Jan-2025,2025-01-30,1660.00,CE,76.00,78.15,63.15,64.95,64.95,60,622.5879,34800,-5400,06-JAN-2025
OPTSTK,TECHM,27-Feb-2025,2025-02-27,1660.00,PE,0.00,0.00,0.00,58.15,45.80,0,0.00,0,0,06-JAN-2025
OPTSTK,TECHM,30-Jan-2025,2025-01-30,1860.00,CE,6.25,7.05,5.10,5.30,5.30,247,2765.1048,78000,-13200,06-JAN-2025
OPTSTK,INDHOTEL,30-Jan-2025,2025-01-30,760.00,CE,0.00,0.00,0.00,106.00,90.00,0,0.00,8000,0,06-JAN-2025
OPTSTK,TECHM,27-Mar-2025,2025-03-27,1520.00,CE,0.00,0.00,0.00,233.05,205.20,0,0.00,0,0,06-JAN-2025
OPTSTK,TECHM,27-Feb-2025,2025-02-27,1520.00,CE,0.00,0.00,0.00,246.10,190.20,0,0.00,0,0,06-JAN-2025
OPTSTK,TECHM,30-Jan-2025,2025-01-30,1520.00,PE,3.90,7.25,3.80,7.15,7.15,240,2197.2276,239400,2400,06-JAN-2025
OPTSTK,INDHOTEL,27-Feb-2025,2025-02-27,860.00,CE,0.00,0.00,0.00,33.75,35.65,0,0.00,0,0,06-JAN-2025
OPTSTK,INDHOTEL,30-Jan-2025,2025-01-30,830.00,PE,6.80,19.90,6.00,17.95,17.95,4726,40015.586,528000,217000,06-JAN-2025
OPTSTK,INDHOTEL,27-Feb-2025,2025-02-27,830.00,CE,0.00,0.00,0.00,79.50,50.70,0,0.00,0,0,06-JAN-2025
OPTSTK,ABBOTINDIA,30-Jan-2025,2025-01-30,29750.00,CE,700.00,995.50,645.00,948.90,948.90,50,305.49272,900,160,06-JAN-2025
OPTSTK,ABBOTINDIA,30-Jan-2025,2025-01-30,25000.00,PE,3.00,3.00,3.00,3.00,0.20,40,200.024,800,800,06-JAN-2025
OPTSTK,ABBOTINDIA,27-Feb-2025,2025-02-27,25000.00,CE,0.00,0.00,0.00,3207.30,5197.45,0,0.00,0,0,06-JAN-2025
OPTSTK,TECHM,27-Feb-2025,2025-02-27,1480.00,PE,0.00,0.00,0.00,18.10,5.15,0,0.00,0,0,06-JAN-2025
OPTSTK,TECHM,27-Mar-2025,2025-03-27,1520.00,PE,0.00,0.00,0.00,26.90,16.55,0,0.00,0,0,06-JAN-2025
OPTSTK,ABBOTINDIA,30-Jan-2025,2025-01-30,25500.00,CE,0.00,0.00,0.00,4167.65,4564.00,0,0.00,0,0,06-JAN-2025
OPTSTK,ABBOTINDIA,27-Feb-2025,2025-02-27,25500.00,PE,0.00,0.00,0.00,498.15,15.60,0,0.00,0,0,06-JAN-2025
OPTSTK,ABBOTINDIA,27-Feb-2025,2025-02-27,25500.00,CE,0.00,0.00,0.00,2836.35,4710.00,0,0.00,0,0,06-JAN-2025
OPTSTK,ICICIBANK,27-Mar-2025,2025-03-27,1340.00,CE,0.00,0.00,0.00,54.10,25.40,0,0.00,0,0,06-JAN-2025
OPTSTK,ICICIBANK,30-Jan-2025,2025-01-30,1220.00,CE,67.30,70.00,58.85,62.55,62.55,27,242.61405,19600,1400,06-JAN-2025
OPTSTK,GRASIM,30-Jan-2025,2025-01-30,2740.00,PE,0.00,0.00,0.00,200.55,269.65,0,0.00,0,0,06-JAN-2025
OPTSTK,JSWSTEEL,30-Jan-2025,2025-01-30,1030.00,CE,1.90,1.90,1.50,1.60,1.60,19,132.311137,60075,-7425,06-JAN-2025
OPTSTK,GRASIM,27-Feb-2025,2025-02-27,2620.00,CE,0.00,0.00,0.00,71.45,35.30,0,0.00,0,0,06-JAN-2025
OPTSTK,GRASIM,27-Feb-2025,2025-02-27,2220.00,PE,0.00,0.00,0.00,19.40,8.80,0,0.00,0,0,06-JAN-2025
OPTSTK,GRASIM,27-Feb-2025,2025-02-27,2200.00,CE,0.00,0.00,0.00,426.45,288.60,0,0.00,0,0,06-JAN-2025
OPTSTK,ICICIBANK,27-Mar-2025,2025-03-27,1440.00,PE,0.00,0.00,0.00,139.55,161.40,0,0.00,0,0,06-JAN-2025
OPTSTK,GRASIM,30-Jan-2025,2025-01-30,2200.00,PE,2.25,5.90,1.85,5.45,5.45,261,1437.89837,132750,6250,06-JAN-2025
OPTSTK,JSWSTEEL,30-Jan-2025,2025-01-30,850.00,PE,5.20,8.30,4.60,8.00,8.00,492,2844.72472,238950,31725,06-JAN-2025
OPTSTK,ICICIBANK,27-Feb-2025,2025-02-27,1310.00,CE,0.00,0.00,0.00,31.35,24.25,0,0.00,1400,0,06-JAN-2025
OPTSTK,ICICIBANK,27-Feb-2025,2025-02-27,1310.00,PE,53.50,53.50,53.50,53.50,57.60,1,9.5445,0,-700,06-JAN-2025
OPTSTK,ICICIBANK,27-Feb-2025,2025-02-27,1480.00,CE,0.00,0.00,0.00,14.45,1.00,0,0.00,0,0,06-JAN-2025
FUTSTK,GRASIM,27-Mar-2025,2025-03-27,,,2558.00,2558.00,2500.00,2530.00,2497.20,8,50.515,3750,250,06-JAN-2025
FUTSTK,GRASIM,30-Jan-2025,2025-01-30,,,2519.40,2539.95,2454.25,2466.30,2466.30,6343,39499.0432,11055000,-219500,06-JAN-2025
OPTSTK,GRASIM,30-Jan-2025,2025-01-30,2420.00,CE,113.00,113.00,91.25,91.25,85.85,4,25.231125,16500,500,06-JAN-2025
OPTSTK,GRASIM,30-Jan-2025,2025-01-30,2400.00,PE,15.85,35.00,14.45,32.30,32.30,1371,8312.73712,232500,-30000,06-JAN-2025
OPTSTK,GRASIM,27-Feb-2025,2025-02-27,2960.00,PE,0.00,0.00,0.00,375.00,472.85,0,0.00,0,0,06-JAN-2025
OPTSTK,GRASIM,27-Mar-2025,2025-03-27,2760.00,PE,0.00,0.00,0.00,285.50,284.50,0,0.00,0,0,06-JAN-2025
OPTSTK,GRASIM,27-Mar-2025,2025-03-27,2760.00,CE,0.00,0.00,0.00,57.40,25.55,0,0.00,0,0,06-JAN-2025
OPTSTK,GRASIM,27-Feb-2025,2025-02-27,2760.00,PE,0.00,0.00,0.00,226.05,284.80,0,0.00,0,0,06-JAN-2025
OPTSTK,GRASIM,30-Jan-2025,2025-01-30,2760.00,PE,0.00,0.00,0.00,154.90,288.90,0,0.00,0,0,06-JAN-2025
OPTSTK,ICICIBANK,27-Mar-2025,2025-03-27,1280.00,CE,0.00,0.00,0.00,83.85,48.75,0,0.00,0,0,06-JAN-2025
OPTSTK,JSWSTEEL,27-Mar-2025,2025-03-27,880.00,PE,0.00,0.00,0.00,34.55,28.50,0,0.00,0,0,06-JAN-2025
OPTSTK,ICICIBANK,27-Mar-2025,2025-03-27,1260.00,PE,0.00,0.00,0.00,23.00,36.45,0,0.00,0,0,06-JAN-2025
OPTSTK,JSWSTEEL,30-Jan-2025,2025-01-30,740.00,CE,0.00,0.00,0.00,239.00,164.20,0,0.00,0,0,06-JAN-2025
OPTSTK,JSWSTEEL,27-Feb-2025,2025-02-27,740.00,CE,0.00,0.00,0.00,230.00,168.55,0,0.00,0,0,06-JAN-2025
OPTSTK,GRASIM,27-Mar-2025,2025-03-27,2160.00,PE,0.00,0.00,0.00,20.45,9.60,0,0.00,0,0,06-JAN-2025
OPTSTK,GRASIM,27-Feb-2025,2025-02-27,2160.00,PE,0.00,0.00,0.00,12.20,4.25,0,0.00,0,0,06-JAN-2025
OPTSTK,ICICIBANK,27-Feb-2025,2025-02-27,1140.00,PE,0.00,0.00,0.00,3.70,2.70,0,0.00,700,0,06-JAN-2025
OPTSTK,ICICIBANK,27-Feb-2025,2025-02-27,1140.00,CE,0.00,0.00,0.00,176.65,137.70,0,0.00,0,0,06-JAN-2025
OPTSTK,JSWSTEEL,30-Jan-2025,2025-01-30,890.00,CE,37.95,40.80,33.05,34.20,34.20,159,994.438687,60750,22275,06-JAN-2025
OPTSTK,INDIGO,30-Jan-2025,2025-01-30,5000.00,CE,10.95,10.95,4.50,5.60,5.60,1693,12714.1008,227550,-24150,06-JAN-2025
OPTSTK,BATAINDIA,27-Feb-2025,2025-02-27,1270.00,CE,0.00,0.00,0.00,115.55,169.05,0,0.00,0,0,06-JAN-2025
OPTSTK,INDIGO,27-Mar-2025,2025-03-27,4400.00,PE,0.00,0.00,0.00,153.95,273.60,0,0.00,0,0,06-JAN-2025
OPTSTK,INDIGO,30-Jan-2025,2025-01-30,4400.00,PE,87.60,220.00,68.15,200.45,200.45,3833,26140.5203,106350,7950,06-JAN-2025
OPTSTK,INDIGO,27-Feb-2025,2025-02-27,4400.00,PE,186.70,250.00,186.70,250.00,241.15,4,27.70755,2250,150,06-JAN-2025
OPTSTK,INDIGO,27-Mar-2025,2025-03-27,4000.00,CE,0.00,0.00,0.00,854.00,425.85,0,0.00,0,0,06-JAN-2025
OPTSTK,INDIGO,30-Jan-2025,2025-01-30,4250.00,CE,226.70,226.70,135.00,145.60,145.60,305,2016.78855,8250,8250,06-JAN-2025
OPTSTK,INDIGO,30-Jan-2025,2025-01-30,4250.00,PE,31.95,133.60,31.00,118.40,118.40,2237,14610.4934,29400,12600,06-JAN-2025
OPTSTK,INDIGO,27-Feb-2025,2025-02-27,4250.00,CE,0.00,0.00,0.00,604.70,219.15,0,0.00,0,0,06-JAN-2025
OPTSTK,INDIGO,27-Feb-2025,2025-02-27,4250.00,PE,76.20,151.00,76.20,150.00,150.00,23,150.95565,3000,2700,06-JAN-2025
OPTSTK,BATAINDIA,27-Feb-2025,2025-02-27,1580.00,CE,0.00,0.00,0.00,13.80,7.20,0,0.00,0,0,06-JAN-2025
OPTSTK,INDIGO,30-Jan-2025,2025-01-30,4200.00,CE,240.40,240.40,163.35,176.65,176.65,363,2388.07282,23850,22800,06-JAN-2025
OPTSTK,INDIGO,30-Jan-2025,2025-01-30,4200.00,PE,30.15,112.00,24.65,98.70,98.70,4848,31152.4824,131850,19350,06-JAN-2025
OPTSTK,INDIGO,27-Mar-2025,2025-03-27,4200.00,CE,0.00,0.00,0.00,697.95,302.30,0,0.00,0,0,06-JAN-2025
OPTSTK,INDIGO,27-Feb-2025,2025-02-27,4200.00,CE,0.00,0.00,0.00,431.75,246.25,0,0.00,0,0,06-JAN-2025
OPTSTK,INDIGO,30-Jan-2025,2025-01-30,4300.00,PE,50.00,160.05,41.00,141.70,141.70,8401,55613.9184,144150,89250,06-JAN-2025
OPTSTK,INDIGO,30-Jan-2025,2025-01-30,4300.00,CE,222.50,222.50,110.00,120.05,120.05,2524,16770.8381,66750,55650,06-JAN-2025
OPTSTK,INDIGO,27-Mar-2025,2025-03-27,3700.00,PE,0.00,0.00,0.00,21.40,35.00,0,0.00,0,0,06-JAN-2025
OPTSTK,BATAINDIA,27-Feb-2025,2025-02-27,1270.00,PE,0.00,0.00,0.00,19.20,2.90,0,0.00,0,0,06-JAN-2025
OPTSTK,BATAINDIA,30-Jan-2025,2025-01-30,1270.00,CE,0.00,0.00,0.00,124.45,160.00,0,0.00,0,0,06-JAN-2025
OPTSTK,BATAINDIA,30-Jan-2025,2025-01-30,1270.00,PE,0.00,0.00,0.00,1.50,0.40,0,0.00,21750,0,06-JAN-2025
OPTSTK,BATAINDIA,30-Jan-2025,2025-01-30,1400.00,PE,16.05,31.50,11.00,27.30,27.30,918,4895.43656,97500,4500,06-JAN-2025
OPTSTK,INDIGO,27-Feb-2025,2025-02-27,3950.00,CE,0.00,0.00,0.00,852.25,411.95,0,0.00,0,0,06-JAN-2025
OPTSTK,BATAINDIA,27-Feb-2025,2025-02-27,1470.00,PE,0.00,0.00,0.00,122.35,64.00,0,0.00,0,0,06-JAN-2025
OPTSTK,BATAINDIA,30-Jan-2025,2025-01-30,1320.00,PE,2.30,8.25,2.05,6.90,6.90,176,873.905625,43500,-375,06-JAN-2025
OPTSTK,BATAINDIA,27-Feb-2025,2025-02-27,1320.00,PE,0.00,0.00,0.00,38.05,8.15,0,0.00,0,0,06-JAN-2025
OPTSTK,BATAINDIA,30-Jan-2025,2025-01-30,1320.00,CE,0.00,0.00,0.00,86.15,112.20,0,0.00,5625,0,06-JAN-2025
OPTSTK,BATAINDIA,27-Feb-2025,2025-02-27,1250.00,PE,0.00,0.00,0.00,14.55,1.80,0,0.00,0,0,06-JAN-2025
OPTSTK,BATAINDIA,30-Jan-2025,2025-01-30,1540.00,CE,12.00,13.65,5.15,5.60,5.60,307,1783.01493,42375,-7500,06-JAN-2025
OPTSTK,BATAINDIA,30-Jan-2025,2025-01-30,1540.00,PE,0.00,0.00,0.00,110.00,112.50,0,0.00,750,0,06-JAN-2025
OPTSTK,BATAINDIA,27-Feb-2025,2025-02-27,1540.00,CE,0.00,0.00,0.00,20.00,13.00,0,0.00,0,0,06-JAN-2025
OPTSTK,INDIGO,27-Feb-2025,2025-02-27,4350.00,PE,0.00,0.00,0.00,101.70,212.60,0,0.00,0,0,06-JAN-2025
OPTSTK,TVSMOTOR,30-Jan-2025,2025-01-30,2140.00,PE,0.00,0.00,0.00,7.85,2.05,0,0.00,0,0,06-JAN-2025
OPTSTK,AMBUJACEM,30-Jan-2025,2025-01-30,505.00,CE,33.40,33.60,32.90,33.25,33.25,3,14.5341,4500,1800,06-JAN-2025
OPTSTK,AMBUJACEM,27-Feb-2025,2025-02-27,630.00,PE,0.00,0.00,0.00,88.60,98.45,0,0.00,0,0,06-JAN-2025
OPTSTK,AMBUJACEM,30-Jan-2025,2025-01-30,630.00,CE,0.95,0.95,0.30,0.30,0.70,37,209.9646,338400,-900,06-JAN-2025
OPTSTK,AMBUJACEM,27-Feb-2025,2025-02-27,505.00,CE,0.00,0.00,0.00,67.95,45.30,0,0.00,0,0,06-JAN-2025
OPTSTK,TVSMOTOR,30-Jan-2025,2025-01-30,2720.00,PE,0.00,0.00,0.00,281.25,297.45,0,0.00,0,0,06-JAN-2025
FUTSTK,TVSMOTOR,30-Jan-2025,2025-01-30,,,2470.30,2508.30,2412.95,2424.00,2424.00,3204,27553.2414,8869350,-37450,06-JAN-2025
OPTSTK,AMBUJACEM,27-Mar-2025,2025-03-27,600.00,PE,0.00,0.00,0.00,72.00,76.00,0,0.00,0,0,06-JAN-2025
OPTSTK,TVSMOTOR,30-Jan-2025,2025-01-30,2750.00,CE,8.00,8.35,4.20,4.20,2.20,60,578.7278,64750,-3500,06-JAN-2025
OPTSTK,AMBUJACEM,30-Jan-2025,2025-01-30,680.00,CE,0.00,0.00,0.00,0.15,0.05,0,0.00,60300,0,06-JAN-2025
OPTSTK,TVSMOTOR,30-Jan-2025,2025-01-30,2420.00,PE,41.10,74.95,36.15,70.30,70.30,158,1367.98532,16100,-6300,06-JAN-2025
OPTSTK,AMBUJACEM,27-Mar-2025,2025-03-27,610.00,CE,0.00,0.00,0.00,28.55,12.60,0,0.00,0,0,06-JAN-2025
FUTSTK,AMBUJACEM,30-Jan-2025,2025-01-30,,,549.50,550.75,528.90,531.25,531.25,5695,27406.9264,36771300,-140400,06-JAN-2025
OPTSTK,TVSMOTOR,27-Feb-2025,2025-02-27,2420.00,PE,0.00,0.00,0.00,102.45,88.00,0,0.00,0,0,06-JAN-2025
OPTSTK,TVSMOTOR,30-Jan-2025,2025-01-30,2420.00,CE,108.00,117.95,70.90,73.60,73.60,134,1177.03617,41300,0,06-JAN-2025
OPTSTK,AMBUJACEM,27-Feb-2025,2025-02-27,630.00,CE,0.00,0.00,0.00,15.30,4.40,0,0.00,0,0,06-JAN-2025
OPTSTK,AMBUJACEM,27-Feb-2025,2025-02-27,505.00,PE,0.00,0.00,0.00,17.85,15.55,0,0.00,0,0,06-JAN-2025
OPTSTK,TVSMOTOR,27-Feb-2025,2025-02-27,2880.00,CE,0.00,0.00,0.00,20.05,5.25,0,0.00,0,0,06-JAN-2025
OPTSTK,TVSMOTOR,27-Mar-2025,2025-03-27,2880.00,CE,0.00,0.00,0.00,37.90,14.80,0,0.00,0,0,06-JAN-2025
OPTSTK,AMBUJACEM,30-Jan-2025,2025-01-30,545.00,PE,14.30,24.65,14.30,23.15,23.15,163,829.19205,139500,14400,06-JAN-2025
OPTSTK,AMBUJACEM,27-Feb-2025,2025-02-27,545.00,PE,25.90,25.90,25.90,25.90,34.25,1,5.1381,900,900,06-JAN-2025
OPTSTK,TVSMOTOR,27-Feb-2025,2025-02-27,2480.00,CE,0.00,0.00,0.00,121.80,77.65,0,0.00,0,0,06-JAN-2025
OPTSTK,TVSMOTOR,27-Mar-2025,2025-03-27,2480.00,PE,0.00,0.00,0.00,150.40,135.95,0,0.00,0,0,06-JAN-2025
OPTSTK,AMBUJACEM,27-Feb-2025,2025-02-27,565.00,CE,0.00,0.00,0.00,35.50,17.05,0,0.00,0,0,06-JAN-2025
OPTSTK,AMBUJACEM,27-Feb-2025,2025-02-27,500.00,PE,0.00,0.00,0.00,6.10,13.85,0,0.00,900,0,06-JAN-2025
OPTSTK,TVSMOTOR,27-Mar-2025,2025-03-27,2560.00,PE,0.00,0.00,0.00,195.00,184.30,0,0.00,0,0,06-JAN-2025
OPTSTK,TVSMOTOR,27-Feb-2025,2025-02-27,2560.00,PE,0.00,0.00,0.00,178.50,171.50,0,0.00,0,0,06-JAN-2025
OPTSTK,TVSMOTOR,30-Jan-2025,2025-01-30,2560.00,CE,45.90,46.70,23.35,24.95,24.95,68,616.512575,15400,-350,06-JAN-2025
OPTSTK,TVSMOTOR,30-Jan-2025,2025-01-30,2560.00,PE,116.30,160.95,116.30,160.95,155.25,4,37.65965,4900,-350,06-JAN-2025
OPTSTK,TVSMOTOR,27-Mar-2025,2025-03-27,2440.00,PE,0.00,0.00,0.00,130.45,114.75,0,0.00,0,0,06-JAN-2025
OPTSTK,AMBUJACEM,27-Feb-2025,2025-02-27,580.00,CE,0.00,0.00,0.00,24.65,12.80,0,0.00,0,0,06-JAN-2025
OPTSTK,TVSMOTOR,30-Jan-2025,2025-01-30,2240.00,PE,10.60,17.60,10.60,16.95,16.95,45,354.9602,9450,1400,06-JAN-2025
OPTSTK,ONGC,27-Feb-2025,2025-02-27,207.50,PE,0.00,0.00,0.00,3.30,0.60,0,0.00,0,0,06-JAN-2025
OPTSTK,JUBLFOOD,27-Feb-2025,2025-02-27,780.00,PE,35.00,35.00,35.00,35.00,37.30,1,10.1875,1250,1250,06-JAN-2025
OPTSTK,JUBLFOOD,27-Mar-2025,2025-03-27,780.00,CE,0.00,0.00,0.00,26.70,41.40,0,0.00,0,0,06-JAN-2025
OPTSTK,ONGC,27-Feb-2025,2025-02-27,290.00,CE,1.60,1.80,1.55,1.80,1.80,11,61.75785,36575,-3850,06-JAN-2025
OPTSTK,ONGC,27-Mar-2025,2025-03-27,290.00,PE,0.00,0.00,0.00,50.20,37.15,0,0.00,0,0,06-JAN-2025
OPTSTK,ONGC,30-Jan-2025,2025-01-30,200.00,CE,0.00,0.00,0.00,42.00,55.25,0,0.00,9625,0,06-JAN-2025
OPTSTK,JUBLFOOD,30-Jan-2025,2025-01-30,860.00,CE,2.35,6.75,2.30,3.30,3.30,4790,51761.1968,940000,708750,06-JAN-2025
OPTSTK,ONGC,27-Feb-2025,2025-02-27,242.50,CE,0.00,0.00,0.00,16.25,20.95,0,0.00,0,0,06-JAN-2025
OPTSTK,ONGC,30-Jan-2025,2025-01-30,265.00,CE,4.95,4.95,2.35,2.95,2.95,6330,32683.9551,2111725,352275,06-JAN-2025
OPTSTK,ONGC,27-Mar-2025,2025-03-27,270.00,PE,0.00,0.00,0.00,34.85,22.95,0,0.00,0,0,06-JAN-2025
OPTSTK,JUBLFOOD,30-Jan-2025,2025-01-30,760.00,CE,33.00,46.35,26.65,30.35,30.35,1854,18432.4931,362500,-118750,06-JAN-2025
OPTSTK,JUBLFOOD,30-Jan-2025,2025-01-30,590.00,PE,0.00,0.00,0.00,0.55,0.05,0,0.00,8750,0,06-JAN-2025
OPTSTK,ONGC,27-Feb-2025,2025-02-27,227.50,CE,0.00,0.00,0.00,24.40,31.85,0,0.00,0,0,06-JAN-2025
OPTSTK,JUBLFOOD,27-Mar-2025,2025-03-27,780.00,PE,0.00,0.00,0.00,88.70,43.35,0,0.00,0,0,06-JAN-2025
OPTSTK,JUBLFOOD,27-Mar-2025,2025-03-27,820.00,PE,0.00,0.00,0.00,118.60,67.25,0,0.00,0,0,06-JAN-2025
OPTSTK,JUBLFOOD,27-Feb-2025,2025-02-27,820.00,CE,0.00,0.00,0.00,6.05,16.95,0,0.00,0,0,06-JAN-2025
OPTSTK,ONGC,27-Feb-2025,2025-02-27,270.00,PE,19.50,19.50,19.50,19.50,20.85,1,5.572875,7700,1925,06-JAN-2025
OPTSTK,JUBLFOOD,27-Mar-2025,2025-03-27,760.00,PE,0.00,0.00,0.00,75.20,33.55,0,0.00,0,0,06-JAN-2025
OPTSTK,JUBLFOOD,27-Mar-2025,2025-03-27,760.00,CE,0.00,0.00,0.00,32.85,51.30,0,0.00,0,0,06-JAN-2025
OPTSTK,RECLTD,27-Feb-2025,2025-02-27,500.00,CE,45.00,45.00,35.45,35.45,35.45,65,348.645,68000,49000,06-JAN-2025
OPTSTK,RECLTD,30-Jan-2025,2025-01-30,500.00,CE,45.25,45.25,26.60,27.90,27.90,701,3739.173,678000,-22000,06-JAN-2025
OPTSTK,RECLTD,27-Feb-2025,2025-02-27,540.00,PE,35.00,35.00,35.00,35.00,48.35,1,5.75,1000,1000,06-JAN-2025
OPTSTK,JKCEMENT,30-Jan-2025,2025-01-30,4200.00,CE,0.00,0.00,0.00,534.05,526.10,0,0.00,1000,0,06-JAN-2025
OPTSTK,JKCEMENT,30-Jan-2025,2025-01-30,4200.00,PE,13.60,19.05,13.60,19.05,19.05,39,205.548125,20375,-875,06-JAN-2025
OPTSTK,RECLTD,30-Jan-2025,2025-01-30,440.00,CE,0.00,0.00,0.00,66.75,76.85,0,0.00,2000,0,06-JAN-2025
OPTSTK,BIOCON,30-Jan-2025,2025-01-30,390.00,CE,4.10,5.40,2.40,2.70,2.70,730,7184.9075,580000,-12500,06-JAN-2025
OPTSTK,BIOCON,27-Mar-2025,2025-03-27,390.00,PE,0.00,0.00,0.00,51.95,39.45,0,0.00,0,0,06-JAN-2025
OPTSTK,BIOCON,27-Feb-2025,2025-02-27,390.00,PE,0.00,0.00,0.00,41.60,36.75,0,0.00,0,0,06-JAN-2025
OPTSTK,BIOCON,30-Jan-2025,2025-01-30,390.00,PE,33.00,33.30,33.00,33.30,33.45,2,21.1575,32500,2500,06-JAN-2025
OPTSTK,BIOCON,30-Jan-2025,2025-01-30,360.00,PE,6.25,12.00,5.35,11.10,11.10,715,6592.755,740000,-95000,06-JAN-2025
OPTSTK,BIOCON,27-Mar-2025,2025-03-27,360.00,CE,0.00,0.00,0.00,25.70,24.95,0,0.00,0,0,06-JAN-2025
FUTSTK,RECLTD,27-Feb-2025,2025-02-27,,,540.15,540.75,512.50,515.05,515.05,1088,5702.996,1824000,51000,06-JAN-2025
FUTSTK,RECLTD,30-Jan-2025,2025-01-30,,,539.95,541.45,511.20,514.15,514.15,14993,78479.723,46090000,-709000,06-JAN-2025
OPTSTK,JKCEMENT,27-Feb-2025,2025-02-27,5000.00,PE,0.00,0.00,0.00,820.30,346.70,0,0.00,0,0,06-JAN-2025
OPTSTK,JKCEMENT,30-Jan-2025,2025-01-30,4450.00,CE,0.00,0.00,0.00,124.10,305.90,0,0.00,0,0,06-JAN-2025
OPTSTK,RECLTD,30-Jan-2025,2025-01-30,480.00,PE,2.90,8.85,2.85,7.95,7.95,2120,10293.2085,1028000,222000,06-JAN-2025
OPTSTK,RECLTD,27-Feb-2025,2025-02-27,480.00,PE,8.25,15.10,8.25,14.00,14.00,58,285.449,75000,20000,06-JAN-2025
OPTSTK,BIOCON,27-Feb-2025,2025-02-27,380.00,PE,0.00,0.00,0.00,35.60,29.75,0,0.00,0,0,06-JAN-2025
OPTSTK,BIOCON,27-Mar-2025,2025-03-27,310.00,CE,0.00,0.00,0.00,53.10,57.40,0,0.00,0,0,06-JAN-2025
OPTSTK,BIOCON,30-Jan-2025,2025-01-30,405.00,PE,0.00,0.00,0.00,34.50,46.55,0,0.00,2500,0,06-JAN-2025
OPTSTK,BIOCON,30-Jan-2025,2025-01-30,405.00,CE,2.00,2.00,1.10,1.20,1.20,36,365.7825,135000,20000,06-JAN-2025
OPTSTK,BIOCON,27-Feb-2025,2025-02-27,405.00,CE,0.00,0.00,0.00,7.40,5.40,0,0.00,0,0,06-JAN-2025
OPTSTK,BIOCON,27-Feb-2025,2025-02-27,390.00,CE,0.00,0.00,0.00,22.60,8.60,0,0.00,0,0,06-JAN-2025
OPTSTK,RECLTD,27-Mar-2025,2025-03-27,620.00,PE,0.00,0.00,0.00,116.45,112.30,0,0.00,0,0,06-JAN-2025
OPTSTK,RECLTD,27-Feb-2025,2025-02-27,560.00,PE,0.00,0.00,0.00,72.30,61.60,0,0.00,0,0,06-JAN-2025
OPTSTK,RECLTD,27-Feb-2025,2025-02-27,560.00,CE,13.65,16.00,12.05,12.05,19.50,13,74.562,39000,3000,06-JAN-2025
OPTSTK,RECLTD,27-Mar-2025,2025-03-27,560.00,PE,0.00,0.00,0.00,75.00,67.75,0,0.00,0,0,06-JAN-2025
OPTSTK,BIOCON,27-Feb-2025,2025-02-27,325.00,CE,0.00,0.00,0.00,38.05,41.55,0,0.00,0,0,06-JAN-2025
OPTSTK,RECLTD,27-Feb-2025,2025-02-27,520.00,CE,30.05,31.95,24.90,25.90,25.90,136,745.344,52000,45000,06-JAN-2025
OPTSTK,JKCEMENT,30-Jan-2025,2025-01-30,4400.00,CE,0.00,0.00,0.00,369.60,346.50,0,0.00,250,0,06-JAN-2025
OPTSTK,RECLTD,27-Feb-2025,2025-02-27,490.00,CE,0.00,0.00,0.00,65.35,49.75,0,0.00,0,0,06-JAN-2025
OPTSTK,EICHERMOT,27-Feb-2025,2025-02-27,4200.00,PE,0.00,0.00,0.00,56.10,1.45,0,0.00,0,0,06-JAN-2025
OPTSTK,KEI,27-Mar-2025,2025-03-27,4200.00,PE,0.00,0.00,0.00,288.75,239.45,0,0.00,0,0,06-JAN-2025
OPTSTK,KEI,27-Mar-2025,2025-03-27,4200.00,CE,0.00,0.00,0.00,484.85,355.25,0,0.00,0,0,06-JAN-2025
OPTSTK,TORNTPHARM,27-Mar-2025,2025-03-27,3600.00,CE,0.00,0.00,0.00,143.75,74.05,0,0.00,0,0,06-JAN-2025
OPTSTK,KEI,27-Mar-2025,2025-03-27,3600.00,CE,0.00,0.00,0.00,875.15,760.10,0,0.00,0,0,06-JAN-2025
OPTSTK,KEI,27-Mar-2025,2025-03-27,5000.00,PE,0.00,0.00,0.00,773.55,763.10,0,0.00,0,0,06-JAN-2025
OPTSTK,EICHERMOT,27-Feb-2025,2025-02-27,4450.00,PE,0.00,0.00,0.00,78.70,7.45,0,0.00,0,0,06-JAN-2025
OPTSTK,TORNTPHARM,27-Feb-2025,2025-02-27,3050.00,PE,0.00,0.00,0.00,26.55,14.45,0,0.00,0,0,06-JAN-2025
OPTSTK,TORNTPHARM,27-Mar-2025,2025-03-27,3100.00,PE,0.00,0.00,0.00,51.95,35.10,0,0.00,0,0,06-JAN-2025
OPTSTK,TORNTPHARM,27-Feb-2025,2025-02-27,3300.00,PE,0.00,0.00,0.00,203.10,73.75,0,0.00,0,0,06-JAN-2025
OPTSTK,TORNTPHARM,30-Jan-2025,2025-01-30,3300.00,PE,39.15,57.40,39.15,55.50,55.50,155,1298.4915,33750,8250,06-JAN-2025
OPTSTK,TORNTPHARM,30-Jan-2025,2025-01-30,3300.00,CE,127.00,131.10,127.00,129.20,129.20,5,42.865,1750,-500,06-JAN-2025
OPTSTK,EICHERMOT,27-Mar-2025,2025-03-27,4400.00,CE,0.00,0.00,0.00,575.55,929.80,0,0.00,0,0,06-JAN-2025
OPTSTK,EICHERMOT,27-Feb-2025,2025-02-27,4400.00,PE,0.00,0.00,0.00,99.20,5.55,0,0.00,0,0,06-JAN-2025
OPTSTK,EICHERMOT,30-Jan-2025,2025-01-30,5500.00,CE,64.05,73.25,37.00,50.10,50.10,3091,30024.2402,159250,-26950,06-JAN-2025
OPTSTK,EICHERMOT,27-Mar-2025,2025-03-27,5500.00,CE,0.00,0.00,0.00,91.80,185.70,0,0.00,0,0,06-JAN-2025
OPTSTK,KEI,30-Jan-2025,2025-01-30,4800.00,CE,34.20,37.35,18.70,20.00,20.00,180,1302.1329,29700,-150,06-JAN-2025
OPTSTK,EICHERMOT,27-Mar-2025,2025-03-27,4800.00,CE,0.00,0.00,0.00,327.35,588.05,0,0.00,0,0,06-JAN-2025
OPTSTK,EICHERMOT,27-Feb-2025,2025-02-27,5050.00,PE,0.00,0.00,0.00,344.60,102.25,0,0.00,0,0,06-JAN-2025
OPTSTK,EICHERMOT,27-Feb-2025,2025-02-27,5050.00,CE,0.00,0.00,0.00,159.25,350.65,0,0.00,0,0,06-JAN-2025
OPTSTK,KEI,27-Feb-2025,2025-02-27,4200.00,CE,0.00,0.00,0.00,487.30,287.65,0,0.00,0,0,06-JAN-2025
OPTSTK,EICHERMOT,27-Mar-2025,2025-03-27,4200.00,PE,0.00,0.00,0.00,52.40,5.80,0,0.00,0,0,06-JAN-2025
OPTSTK,TORNTPHARM,27-Mar-2025,2025-03-27,3600.00,PE,0.00,0.00,0.00,257.40,258.40,0,0.00,0,0,06-JAN-2025
OPTSTK,KEI,30-Jan-2025,2025-01-30,4300.00,PE,141.35,200.15,135.50,180.55,180.55,119,798.0915,13200,-1950,06-JAN-2025
OPTSTK,KEI,27-Feb-2025,2025-02-27,3900.00,PE,0.00,0.00,0.00,126.20,84.55,0,0.00,0,0,06-JAN-2025
OPTSTK,EICHERMOT,27-Feb-2025,2025-02-27,4350.00,PE,0.00,0.00,0.00,56.05,4.05,0,0.00,0,0,06-JAN-2025
OPTSTK,EICHERMOT,27-Mar-2025,2025-03-27,4400.00,PE,0.00,0.00,0.00,94.75,15.10,0,0.00,0,0,06-JAN-2025
OPTSTK,EICHERMOT,30-Jan-2025,2025-01-30,5850.00,PE,0.00,0.00,0.00,984.60,583.95,0,0.00,0,0,06-JAN-2025
OPTSTK,EICHERMOT,27-Feb-2025,2025-02-27,5850.00,CE,0.00,0.00,0.00,19.15,46.05,0,0.00,0,0,06-JAN-2025
OPTSTK,EICHERMOT,27-Feb-2025,2025-02-27,5850.00,PE,0.00,0.00,0.00,994.45,589.95,0,0.00,0,0,06-JAN-2025
OPTSTK,EICHERMOT,30-Jan-2025,2025-01-30,5850.00,CE,13.55,13.85,8.10,10.00,10.00,491,5035.23221,37450,-6650,06-JAN-2025
OPTSTK,EICHERMOT,30-Jan-2025,2025-01-30,4350.00,CE,0.00,0.00,0.00,579.20,919.55,0,0.00,0,0,06-JAN-2025
OPTSTK,GODREJCP,27-Mar-2025,2025-03-27,1160.00,PE,0.00,0.00,0.00,109.40,57.45,0,0.00,0,0,06-JAN-2025
OPTSTK,GODREJCP,27-Feb-2025,2025-02-27,1160.00,CE,0.00,0.00,0.00,142.15,42.55,0,0.00,0,0,06-JAN-2025
FUTSTK,HDFCAMC,27-Feb-2025,2025-02-27,,,4265.95,4265.95,4071.65,4133.20,4133.20,293,1816.61602,37350,9750,06-JAN-2025
OPTSTK,INDUSINDBK,27-Mar-2025,2025-03-27,900.00,CE,0.00,0.00,0.00,98.55,108.35,0,0.00,0,0,06-JAN-2025
OPTSTK,HDFCAMC,27-Feb-2025,2025-02-27,3700.00,CE,0.00,0.00,0.00,668.95,480.10,0,0.00,0,0,06-JAN-2025
OPTSTK,INDUSINDBK,27-Feb-2025,2025-02-27,1100.00,CE,17.00,17.00,10.80,10.90,10.90,222,1234.4455,122000,49500,06-JAN-2025
OPTSTK,INDUSINDBK,27-Feb-2025,2025-02-27,1100.00,PE,107.80,132.05,107.80,132.05,131.65,4,24.34575,8000,1000,06-JAN-2025
OPTSTK,GODREJCP,30-Jan-2025,2025-01-30,1100.00,CE,45.00,72.80,38.15,58.70,58.70,1128,6505.01175,285000,-17000,06-JAN-2025
OPTSTK,INDUSINDBK,27-Feb-2025,2025-02-27,1050.00,PE,0.00,0.00,0.00,64.45,92.60,0,0.00,2500,0,06-JAN-2025
OPTSTK,INDUSINDBK,27-Feb-2025,2025-02-27,1040.00,CE,27.00,27.00,23.35,23.35,25.50,4,21.30725,3000,2000,06-JAN-2025
OPTSTK,INDUSINDBK,27-Feb-2025,2025-02-27,990.00,PE,0.00,0.00,0.00,88.40,54.05,0,0.00,0,0,06-JAN-2025
OPTSTK,GODREJCP,27-Feb-2025,2025-02-27,990.00,CE,0.00,0.00,0.00,113.50,164.35,0,0.00,0,0,06-JAN-2025
OPTSTK,INDUSINDBK,30-Jan-2025,2025-01-30,990.00,CE,40.15,40.65,25.10,27.40,27.40,1662,8488.7795,308000,84500,06-JAN-2025
OPTSTK,GODREJCP,30-Jan-2025,2025-01-30,990.00,CE,163.00,163.00,163.00,163.00,156.65,1,5.765,1000,-500,06-JAN-2025
OPTSTK,GODREJCP,27-Mar-2025,2025-03-27,1240.00,PE,0.00,0.00,0.00,168.25,107.25,0,0.00,0,0,06-JAN-2025
OPTSTK,GODREJCP,30-Jan-2025,2025-01-30,1220.00,CE,5.00,14.35,3.55,8.35,8.35,1417,8707.5415,112500,42000,06-JAN-2025
OPTSTK,GODREJCP,30-Jan-2025,2025-01-30,1340.00,CE,0.00,0.00,0.00,0.45,0.35,0,0.00,32000,0,06-JAN-2025
OPTSTK,INDUSINDBK,27-Mar-2025,2025-03-27,1040.00,CE,0.00,0.00,0.00,40.75,38.10,0,0.00,0,0,06-JAN-2025
OPTSTK,GODREJCP,27-Feb-2025,2025-02-27,1040.00,CE,0.00,0.00,0.00,237.40,120.50,0,0.00,0,0,06-JAN-2025
OPTSTK,INDUSINDBK,30-Jan-2025,2025-01-30,1040.00,PE,61.75,83.05,56.80,77.45,77.45,145,805.414,298500,-7500,06-JAN-2025
OPTSTK,INDUSINDBK,27-Mar-2025,2025-03-27,1040.00,PE,0.00,0.00,0.00,130.00,92.80,0,0.00,0,0,06-JAN-2025
OPTSTK,GODREJCP,27-Mar-2025,2025-03-27,1040.00,CE,0.00,0.00,0.00,94.55,131.55,0,0.00,0,0,06-JAN-2025
OPTSTK,GODREJCP,27-Feb-2025,2025-02-27,1050.00,PE,0.00,0.00,0.00,40.35,10.45,0,0.00,0,0,06-JAN-2025
OPTSTK,GODREJCP,30-Jan-2025,2025-01-30,1160.00,PE,49.95,50.95,35.35,41.35,41.35,252,1511.01,30500,25000,06-JAN-2025
OPTSTK,GODREJCP,27-Mar-2025,2025-03-27,1160.00,CE,0.00,0.00,0.00,41.55,56.35,0,0.00,0,0,06-JAN-2025
OPTSTK,INDUSINDBK,30-Jan-2025,2025-01-30,1030.00,CE,20.15,21.30,12.90,13.90,13.90,1323,6921.33625,330000,20000,06-JAN-2025
OPTSTK,INDUSINDBK,30-Jan-2025,2025-01-30,1030.00,PE,54.20,75.70,50.50,69.90,69.90,121,662.68075,97000,-22500,06-JAN-2025
OPTSTK,HDFCAMC,27-Feb-2025,2025-02-27,4500.00,PE,0.00,0.00,0.00,440.55,422.70,0,0.00,0,0,06-JAN-2025
OPTSTK,HDFCAMC,27-Mar-2025,2025-03-27,4500.00,PE,0.00,0.00,0.00,400.30,444.95,0,0.00,0,0,06-JAN-2025
OPTSTK,HDFCAMC,30-Jan-2025,2025-01-30,4500.00,CE,46.00,46.25,20.70,27.15,27.15,2020,13716.8970,116850,-9900,06-JAN-2025
OPTSTK,GODREJCP,27-Feb-2025,2025-02-27,1230.00,CE,0.00,0.00,0.00,14.05,18.65,0,0.00,0,0,06-JAN-2025
OPTSTK,ABCAPITAL,27-Feb-2025,2025-02-27,160.00,CE,0.00,0.00,0.00,39.70,20.20,0,0.00,0,0,06-JAN-2025
OPTSTK,SBICARD,30-Jan-2025,2025-01-30,700.00,CE,50.00,66.10,39.55,42.05,42.05,958,5729.2624,373600,-224800,06-JAN-2025
OPTSTK,SBICARD,27-Feb-2025,2025-02-27,700.00,CE,54.00,55.45,45.00,45.00,45.00,11,66.0404,15200,0,06-JAN-2025
OPTSTK,SBICARD,27-Feb-2025,2025-02-27,755.00,CE,25.05,25.05,25.05,25.05,17.20,3,18.7212,2400,2400,06-JAN-2025
OPTSTK,SBICARD,27-Feb-2025,2025-02-27,755.00,PE,0.00,0.00,0.00,74.65,34.45,0,0.00,0,0,06-JAN-2025
OPTSTK,SBICARD,30-Jan-2025,2025-01-30,755.00,PE,21.60,35.55,20.00,33.95,33.95,455,2845.3692,104800,104000,06-JAN-2025
OPTSTK,SBICARD,30-Jan-2025,2025-01-30,755.00,CE,15.75,27.20,11.10,12.85,12.85,2578,15903.5496,242400,169600,06-JAN-2025
OPTSTK,SBICARD,30-Jan-2025,2025-01-30,675.00,PE,2.25,4.65,1.90,3.90,3.90,532,2885.4904,85600,-8800,06-JAN-2025
OPTSTK,SBICARD,27-Feb-2025,2025-02-27,645.00,CE,0.00,0.00,0.00,54.40,93.10,0,0.00,0,0,06-JAN-2025
OPTSTK,SBICARD,27-Feb-2025,2025-02-27,645.00,PE,0.00,0.00,0.00,12.15,1.35,0,0.00,0,0,06-JAN-2025
OPTSTK,ABCAPITAL,27-Feb-2025,2025-02-27,195.00,CE,0.00,0.00,0.00,17.15,3.25,0,0.00,0,0,06-JAN-2025
OPTSTK,ABCAPITAL,30-Jan-2025,2025-01-30,175.00,CE,10.00,10.00,6.35,6.85,6.85,150,738.0504,137700,45900,06-JAN-2025
OPTSTK,SBICARD,30-Jan-2025,2025-01-30,620.00,CE,0.00,0.00,0.00,71.00,113.30,0,0.00,800,0,06-JAN-2025
OPTSTK,SBICARD,27-Feb-2025,2025-02-27,560.00,PE,0.00,0.00,0.00,0.80,0.05,0,0.00,0,0,06-JAN-2025
OPTSTK,SBICARD,30-Jan-2025,2025-01-30,830.00,CE,1.95,4.00,1.20,1.60,1.60,1595,10619.5936,307200,186400,06-JAN-2025
OPTSTK,SBICARD,27-Feb-2025,2025-02-27,830.00,CE,0.00,0.00,0.00,8.05,2.40,0,0.00,0,0,06-JAN-2025
OPTSTK,SBICARD,27-Feb-2025,2025-02-27,710.00,PE,0.00,0.00,0.00,30.25,12.90,0,0.00,0,0,06-JAN-2025
OPTSTK,SBICARD,30-Jan-2025,2025-01-30,710.00,CE,45.00,56.95,32.85,35.10,35.10,512,3077.4872,160800,-129600,06-JAN-2025
OPTSTK,SBICARD,30-Jan-2025,2025-01-30,590.00,PE,0.00,0.00,0.00,1.00,0.05,0,0.00,0,0,06-JAN-2025
OPTSTK,ABCAPITAL,27-Feb-2025,2025-02-27,177.50,PE,0.00,0.00,0.00,8.05,8.75,0,0.00,0,0,06-JAN-2025
OPTSTK,SBICARD,30-Jan-2025,2025-01-30,840.00,PE,0.00,0.00,0.00,140.80,105.85,0,0.00,0,0,06-JAN-2025
OPTSTK,SBICARD,27-Feb-2025,2025-02-27,610.00,CE,0.00,0.00,0.00,116.80,126.65,0,0.00,0,0,06-JAN-2025
OPTSTK,ABCAPITAL,27-Mar-2025,2025-03-27,190.00,CE,0.00,0.00,0.00,13.80,6.80,0,0.00,0,0,06-JAN-2025
OPTSTK,ABCAPITAL,30-Jan-2025,2025-01-30,190.00,PE,9.75,15.40,9.40,14.25,14.25,299,1630.9728,1544400,-378000,06-JAN-2025
OPTSTK,SBICARD,27-Mar-2025,2025-03-27,790.00,CE,0.00,0.00,0.00,7.55,13.20,0,0.00,0,0,06-JAN-2025
OPTSTK,SBICARD,27-Feb-2025,2025-02-27,785.00,PE,0.00,0.00,0.00,100.20,55.45,0,0.00,0,0,06-JAN-2025
OPTSTK,SBICARD,30-Jan-2025,2025-01-30,785.00,PE,38.30,48.60,38.30,44.05,53.55,24,158.8064,10400,10400,06-JAN-2025
OPTSTK,SBICARD,27-Mar-2025,2025-03-27,780.00,CE,0.00,0.00,0.00,9.05,15.90,0,0.00,0,0,06-JAN-2025
OPTSTK,SBICARD,30-Jan-2025,2025-01-30,780.00,PE,36.10,52.80,36.10,52.10,52.10,44,290.5964,12800,11200,06-JAN-2025
OPTSTK,SBICARD,27-Feb-2025,2025-02-27,580.00,CE,0.00,0.00,0.00,143.95,156.15,0,0.00,0,0,06-JAN-2025
OPTSTK,SBICARD,30-Jan-2025,2025-01-30,625.00,PE,0.80,1.10,0.70,1.10,1.10,17,85.116,124000,-800,06-JAN-2025
OPTSTK,ABCAPITAL,27-Feb-2025,2025-02-27,177.50,CE,0.00,0.00,0.00,17.10,9.20,0,0.00,0,0,06-JAN-2025
OPTSTK,BAJFINANCE,27-Feb-2025,2025-02-27,7500.00,PE,273.00,326.80,196.00,295.05,295.05,117,1134.96293,18750,3875,06-JAN-2025
OPTSTK,BAJFINANCE,27-Feb-2025,2025-02-27,8100.00,CE,72.00,72.00,72.00,72.00,79.25,1,10.215,125,125,06-JAN-2025
FUTSTK,MRF,27-Feb-2025,2025-02-27,,,127188.70,127570.10,123563.85,124216.20,124216.20,149,931.697525,1180,205,06-JAN-2025
OPTSTK,BAJFINANCE,27-Feb-2025,2025-02-27,7000.00,CE,649.95,710.00,540.00,540.00,540.00,14,133.833625,9000,250,06-JAN-2025
OPTSTK,BAJFINANCE,30-Jan-2025,2025-01-30,7000.00,PE,45.00,67.75,29.00,61.80,61.80,12340,108715.559,380250,26125,06-JAN-2025
OPTSTK,BAJFINANCE,27-Feb-2025,2025-02-27,6100.00,CE,0.00,0.00,0.00,864.50,1313.70,0,0.00,0,0,06-JAN-2025
OPTSTK,MRF,30-Jan-2025,2025-01-30,123000.00,CE,3683.45,3683.45,3023.50,3182.65,3182.65,32,201.982197,100,100,06-JAN-2025
OPTSTK,MRF,27-Feb-2025,2025-02-27,140000.00,PE,0.00,0.00,0.00,15678.40,16070.10,0,0.00,0,0,06-JAN-2025
OPTSTK,MRF,27-Mar-2025,2025-03-27,134000.00,PE,0.00,0.00,0.00,6736.00,10850.05,0,0.00,0,0,06-JAN-2025
OPTSTK,MRF,30-Jan-2025,2025-01-30,134000.00,PE,0.00,0.00,0.00,4027.85,10720.30,0,0.00,0,0,06-JAN-2025
OPTSTK,BAJFINANCE,30-Jan-2025,2025-01-30,8400.00,CE,9.95,20.40,8.05,8.80,8.80,8480,89189.7890,136250,124000,06-JAN-2025
OPTSTK,BAJFINANCE,30-Jan-2025,2025-01-30,8400.00,PE,0.00,0.00,0.00,1434.95,1019.20,0,0.00,0,0,06-JAN-2025
OPTSTK,BAJFINANCE,27-Mar-2025,2025-03-27,7200.00,PE,0.00,0.00,0.00,563.15,242.00,0,0.00,0,0,06-JAN-2025
OPTSTK,BAJFINANCE,27-Feb-2025,2025-02-27,7200.00,CE,520.30,520.30,493.80,495.00,409.20,16,153.974,7750,1250,06-JAN-2025
OPTSTK,MRF,27-Feb-2025,2025-02-27,120500.00,CE,0.00,0.00,0.00,13429.40,5846.70,0,0.00,0,0,06-JAN-2025
OPTSTK,MRF,27-Feb-2025,2025-02-27,141000.00,PE,0.00,0.00,0.00,16486.70,17007.35,0,0.00,0,0,06-JAN-2025
OPTSTK,MRF,30-Jan-2025,2025-01-30,117000.00,CE,0.00,0.00,0.00,10612.15,6937.30,0,0.00,0,0,06-JAN-2025
OPTSTK,MRF,30-Jan-2025,2025-01-30,135000.00,PE,0.00,0.00,0.00,8300.00,11663.80,0,0.00,85,0,06-JAN-2025
OPTSTK,MRF,27-Mar-2025,2025-03-27,135000.00,CE,0.00,0.00,0.00,5914.30,1490.00,0,0.00,0,0,06-JAN-2025
OPTSTK,MRF,27-Mar-2025,2025-03-27,135000.00,PE,0.00,0.00,0.00,7272.00,11631.80,0,0.00,0,0,06-JAN-2025
OPTSTK,MRF,27-Mar-2025,2025-03-27,130000.00,PE,0.00,0.00,0.00,4827.75,7957.50,0,0.00,0,0,06-JAN-2025
OPTSTK,MRF,30-Jan-2025,2025-01-30,130000.00,CE,1850.05,1850.05,788.35,858.55,858.55,1270,8322.46906,4245,1240,06-JAN-2025
OPTSTK,MRF,27-Feb-2025,2025-02-27,132000.00,PE,0.00,0.00,0.00,9811.70,9104.35,0,0.00,0,0,06-JAN-2025
OPTSTK,MRF,27-Mar-2025,2025-03-27,132000.00,CE,0.00,0.00,0.00,7322.85,2168.15,0,0.00,0,0,06-JAN-2025
OPTSTK,MRF,30-Jan-2025,2025-01-30,132000.00,PE,0.00,0.00,0.00,3260.15,8886.75,0,0.00,25,0,06-JAN-2025
OPTSTK,MRF,27-Mar-2025,2025-03-27,132000.00,PE,0.00,0.00,0.00,5734.75,9354.00,0,0.00,0,0,06-JAN-2025
OPTSTK,MRF,27-Feb-2025,2025-02-27,137500.00,PE,0.00,0.00,0.00,8118.20,13776.55,0,0.00,0,0,06-JAN-2025
OPTSTK,MRF,30-Jan-2025,2025-01-30,137500.00,PE,0.00,0.00,0.00,13524.30,14073.55,0,0.00,0,0,06-JAN-2025
OPTSTK,MRF,27-Feb-2025,2025-02-27,137500.00,CE,0.00,0.00,0.00,3546.35,468.10,0,0.00,0,0,06-JAN-2025
OPTSTK,MRF,30-Jan-2025,2025-01-30,121500.00,PE,1100.00,1955.00,1100.00,1955.00,1770.90,3,18.44775,5,5,06-JAN-2025
OPTSTK,MRF,27-Feb-2025,2025-02-27,121500.00,PE,0.00,0.00,0.00,1410.15,2705.40,0,0.00,0,0,06-JAN-2025
OPTSTK,MRF,27-Feb-2025,2025-02-27,121500.00,CE,0.00,0.00,0.00,12637.75,5243.85,0,0.00,0,0,06-JAN-2025
OPTIDX,NIFTYNXT50,30-Jan-2025,2025-01-30,65500.00,CE,0.00,0.00,0.00,6598.85,2370.80,0,0.00,0,0,06-JAN-2025
OPTIDX,NIFTYNXT50,30-Jan-2025,2025-01-30,69200.00,PE,0.00,0.00,0.00,1699.90,2479.75,0,0.00,10,0,06-JAN-2025
OPTIDX,NIFTYNXT50,27-Feb-2025,2025-02-27,69200.00,CE,0.00,0.00,0.00,4697.45,1264.30,0,0.00,0,0,06-JAN-2025
OPTIDX,NIFTYNXT50,30-Jan-2025,2025-01-30,69200.00,CE,805.00,805.00,805.00,805.00,583.00,1,7.0005,90,0,06-JAN-2025
OPTIDX,NIFTYNXT50,27-Feb-2025,2025-02-27,69200.00,PE,0.00,0.00,0.00,1951.40,2805.25,0,0.00,0,0,06-JAN-2025
OPTIDX,NIFTYNXT50,30-Jan-2025,2025-01-30,63400.00,PE,0.00,0.00,0.00,683.30,169.20,0,0.00,0,0,06-JAN-2025
OPTIDX,NIFTYNXT50,30-Jan-2025,2025-01-30,77500.00,PE,0.00,0.00,0.00,7462.10,10161.90,0,0.00,0,0,06-JAN-2025
OPTIDX,NIFTYNXT50,30-Jan-2025,2025-01-30,77500.00,CE,0.00,0.00,0.00,1148.40,1.90,0,0.00,0,0,06-JAN-2025
OPTIDX,NIFTYNXT50,27-Mar-2025,2025-03-27,69400.00,CE,0.00,0.00,0.00,3226.25,1772.10,0,0.00,0,0,06-JAN-2025
OPTIDX,NIFTYNXT50,27-Mar-2025,2025-03-27,69400.00,PE,0.00,0.00,0.00,2841.35,3156.10,0,0.00,0,0,06-JAN-2025
OPTIDX,NIFTYNXT50,30-Jan-2025,2025-01-30,79500.00,PE,0.00,0.00,0.00,9064.85,12151.40,0,0.00,0,0,06-JAN-2025
OPTIDX,NIFTYNXT50,27-Feb-2025,2025-02-27,79500.00,PE,0.00,0.00,0.00,8259.70,11764.25,0,0.00,0,0,06-JAN-2025
OPTIDX,NIFTYNXT50,27-Feb-2025,2025-02-27,76200.00,CE,0.00,0.00,0.00,1628.65,102.45,0,0.00,0,0,06-JAN-2025
OPTIDX,NIFTYNXT50,27-Mar-2025,2025-03-27,69600.00,PE,0.00,0.00,0.00,2941.00,3277.15,0,0.00,0,0,06-JAN-2025
OPTIDX,NIFTYNXT50,30-Jan-2025,2025-01-30,76200.00,PE,0.00,0.00,0.00,6484.35,8871.70,0,0.00,0,0,06-JAN-2025
OPTIDX,NIFTYNXT50,27-Feb-2025,2025-02-27,69600.00,PE,0.00,0.00,0.00,2106.50,3063.90,0,0.00,0,0,06-JAN-2025
OPTIDX,NIFTYNXT50,30-Jan-2025,2025-01-30,76200.00,CE,0.00,0.00,0.00,1446.00,5.95,0,0.00,0,0,06-JAN-2025
OPTIDX,NIFTYNXT50,30-Jan-2025,2025-01-30,69600.00,CE,951.00,973.75,930.00,973.75,481.10,7,49.390125,80,40,06-JAN-2025
OPTIDX,NIFTYNXT50,30-Jan-2025,2025-01-30,63600.00,CE,0.00,0.00,0.00,8042.20,3871.85,0,0.00,0,0,06-JAN-2025
OPTIDX,NIFTYNXT50,30-Jan-2025,2025-01-30,63500.00,CE,0.00,0.00,0.00,8122.00,3958.95,0,0.00,0,0,06-JAN-2025
OPTIDX,NIFTYNXT50,30-Jan-2025,2025-01-30,69500.00,PE,1710.45,1710.45,1710.45,1710.45,2700.60,1,7.121045,20,10,06-JAN-2025
OPTIDX,NIFTYNXT50,27-Feb-2025,2025-02-27,69500.00,CE,0.00,0.00,0.00,4518.35,1160.10,0,0.00,0,0,06-JAN-2025
OPTIDX,NIFTYNXT50,27-Feb-2025,2025-02-27,73400.00,PE,0.00,0.00,0.00,3965.05,6018.45,0,0.00,0,0,06-JAN-2025
FUTIDX,NIFTYNXT50,27-Mar-2025,2025-03-27,,,0.00,0.00,0.00,69791.80,67995.40,0,0.00,0,0,06-JAN-2025
OPTIDX,NIFTYNXT50,27-Feb-2025,2025-02-27,66800.00,CE,0.00,0.00,0.00,6285.40,2351.35,0,0.00,0,0,06-JAN-2025
OPTIDX,NIFTYNXT50,30-Jan-2025,2025-01-30,66800.00,CE,0.00,0.00,0.00,5691.00,1558.30,0,0.00,0,0,06-JAN-2025
OPTIDX,NIFTYNXT50,27-Feb-2025,2025-02-27,61000.00,CE,0.00,0.00,0.00,11038.25,6733.00,0,0.00,0,0,06-JAN-2025
OPTIDX,NIFTYNXT50,27-Mar-2025,2025-03-27,70500.00,PE,0.00,0.00,0.00,3414.30,3851.45,0,0.00,0,0,06-JAN-2025
OPTIDX,NIFTYNXT50,30-Jan-2025,2025-01-30,61000.00,CE,0.00,0.00,0.00,10221.15,6292.20,0,0.00,0,0,06-JAN-2025
OPTIDX,NIFTYNXT50,27-Feb-2025,2025-02-27,61000.00,PE,0.00,0.00,0.00,236.65,152.40,0,0.00,0,0,06-JAN-2025
OPTIDX,NIFTYNXT50,27-Mar-2025,2025-03-27,70500.00,CE,0.00,0.00,0.00,2718.60,1383.55,0,0.00,0,0,06-JAN-2025
OPTSTK,PRESTIGE,27-Feb-2025,2025-02-27,1600.00,PE,0.00,0.00,0.00,131.40,101.90,0,0.00,0,0,06-JAN-2025
OPTIDX,BANKNIFTY,30-Jan-2025,2025-01-30,53500.00,PE,2451.55,3567.10,2441.80,3390.05,3390.05,2045,17375.2493,246465,-10770,06-JAN-2025
OPTIDX,BANKNIFTY,30-Jan-2025,2025-01-30,50200.00,PE,471.95,1069.20,451.00,956.85,956.85,209833,1605149.84,188355,64560,06-JAN-2025
OPTSTK,PRESTIGE,27-Feb-2025,2025-02-27,1950.00,PE,0.00,0.00,0.00,264.70,355.35,0,0.00,0,0,06-JAN-2025
OPTIDX,BANKNIFTY,30-Jan-2025,2025-01-30,47100.00,CE,0.00,0.00,0.00,5902.90,3100.40,0,0.00,0,0,06-JAN-2025
OPTIDX,BANKNIFTY,30-Jan-2025,2025-01-30,47100.00,PE,48.65,169.40,46.75,145.15,145.15,48933,346463.637,44550,5565,06-JAN-2025
OPTSTK,JSWENERGY,30-Jan-2025,2025-01-30,580.00,CE,42.20,44.75,35.95,38.20,38.20,46,213.841125,17250,17250,06-JAN-2025
OPTIDX,BANKNIFTY,30-Jan-2025,2025-01-30,56300.00,CE,21.95,21.95,15.00,18.75,18.75,26405,223056.716,135195,43050,06-JAN-2025
OPTSTK,PRESTIGE,27-Feb-2025,2025-02-27,1400.00,CE,0.00,0.00,0.00,355.00,236.95,0,0.00,0,0,06-JAN-2025
OPTSTK,CUMMINSIND,27-Feb-2025,2025-02-27,2700.00,PE,0.00,0.00,0.00,24.70,14.25,0,0.00,0,0,06-JAN-2025
OPTIDX,BANKNIFTY,27-Mar-2025,2025-03-27,52200.00,PE,0.00,0.00,0.00,2082.45,2468.55,0,0.00,0,0,06-JAN-2025
OPTIDX,BANKNIFTY,30-Jan-2025,2025-01-30,52200.00,PE,1455.95,2409.50,1436.50,2267.65,2267.65,2020,16380.8570,102450,-7005,06-JAN-2025
OPTIDX,BANKNIFTY,30-Jan-2025,2025-01-30,51300.00,PE,908.95,1747.45,881.40,1608.10,1608.10,41959,330345.122,260220,-42255,06-JAN-2025
OPTIDX,BANKNIFTY,27-Feb-2025,2025-02-27,51300.00,CE,1364.05,1364.05,891.10,942.15,942.15,236,3706.77244,6270,120,06-JAN-2025
OPTSTK,CUMMINSIND,30-Jan-2025,2025-01-30,2800.00,PE,7.95,11.50,4.35,10.25,10.25,426,1794.768,56400,-13350,06-JAN-2025
OPTSTK,CUMMINSIND,27-Mar-2025,2025-03-27,2800.00,CE,0.00,0.00,0.00,664.30,463.05,0,0.00,0,0,06-JAN-2025
OPTSTK,CUMMINSIND,30-Jan-2025,2025-01-30,3600.00,CE,13.20,14.30,8.40,9.00,9.00,179,969.453675,71400,5100,06-JAN-2025
OPTIDX,BANKNIFTY,30-Jan-2025,2025-01-30,49800.00,CE,1745.40,1745.40,1052.10,1129.40,1129.40,43478,332062.997,64110,55905,06-JAN-2025
FUTIDX,BANKNIFTY,30-Jan-2025,2025-01-30,,,51184.90,51286.75,50000.00,50163.10,50163.10,153207,1161736.83,2441610,64905,06-JAN-2025
OPTSTK,JSWENERGY,27-Mar-2025,2025-03-27,660.00,PE,0.00,0.00,0.00,72.35,78.60,0,0.00,0,0,06-JAN-2025
OPTSTK,JSWENERGY,30-Jan-2025,2025-01-30,520.00,CE,0.00,0.00,0.00,157.60,86.45,0,0.00,0,0,06-JAN-2025
OPTSTK,CUMMINSIND,27-Mar-2025,2025-03-27,3400.00,CE,0.00,0.00,0.00,279.45,127.10,0,0.00,0,0,06-JAN-2025
OPTSTK,CUMMINSIND,30-Jan-2025,2025-01-30,3400.00,CE,42.05,43.55,26.45,29.65,29.65,867,4464.40447,166650,10650,06-JAN-2025
OPTSTK,JSWENERGY,27-Feb-2025,2025-02-27,560.00,CE,0.00,0.00,0.00,136.30,65.75,0,0.00,0,0,06-JAN-2025
OPTIDX,BANKNIFTY,30-Jan-2025,2025-01-30,54500.00,CE,65.00,72.20,39.55,42.05,42.05,246862,2019871.50,1200900,287775,06-JAN-2025
OPTIDX,BANKNIFTY,27-Feb-2025,2025-02-27,54500.00,PE,3169.65,4085.45,3169.65,4085.45,4233.50,9,156.579705,420,210,06-JAN-2025
OPTSTK,JSWENERGY,30-Jan-2025,2025-01-30,670.00,PE,66.00,73.65,65.50,71.50,71.50,18,99.958875,99750,3000,06-JAN-2025
OPTSTK,PRESTIGE,27-Mar-2025,2025-03-27,2100.00,CE,0.00,0.00,0.00,84.70,19.45,0,0.00,0,0,06-JAN-2025
OPTSTK,PRESTIGE,30-Jan-2025,2025-01-30,2100.00,CE,1.10,1.35,0.80,1.05,1.05,71,484.823625,80275,-11050,06-JAN-2025
OPTSTK,PRESTIGE,27-Feb-2025,2025-02-27,2100.00,PE,0.00,0.00,0.00,455.65,492.55,0,0.00,0,0,06-JAN-2025
OPTSTK,PRESTIGE,30-Jan-2025,2025-01-30,2100.00,PE,0.00,0.00,0.00,441.55,496.40,0,0.00,0,0,06-JAN-2025
OPTIDX,FINNIFTY,27-Feb-2025,2025-02-27,22700.00,CE,0.00,0.00,0.00,2068.10,1085.40,0,0.00,0,0,06-JAN-2025
OPTIDX,FINNIFTY,30-Jan-2025,2025-01-30,20500.00,PE,19.00,19.00,4.30,6.20,6.20,2206,11309.2246,11100,8300,06-JAN-2025
OPTIDX,FINNIFTY,30-Jan-2025,2025-01-30,20500.00,CE,0.00,0.00,0.00,4251.50,2908.85,0,0.00,0,0,06-JAN-2025
OPTIDX,FINNIFTY,30-Jan-2025,2025-01-30,23350.00,PE,205.00,431.40,192.45,392.60,392.60,7364,43648.7832,12450,4375,06-JAN-2025
OPTIDX,FINNIFTY,30-Jan-2025,2025-01-30,24200.00,PE,500.00,979.10,500.00,921.25,921.25,604,3759.84946,20850,-4075,06-JAN-2025
OPTIDX,FINNIFTY,30-Jan-2025,2025-01-30,24200.00,CE,220.80,268.30,140.30,152.10,152.10,6470,39448.0084,27175,-1300,06-JAN-2025
FUTIDX,FINNIFTY,30-Jan-2025,2025-01-30,,,23860.30,23905.85,23356.65,23434.55,23434.55,1999,11801.6289,51975,5825,06-JAN-2025
OPTIDX,FINNIFTY,27-Feb-2025,2025-02-27,21500.00,CE,0.00,0.00,0.00,3044.05,2070.05,0,0.00,0,0,06-JAN-2025
OPTIDX,FINNIFTY,27-Mar-2025,2025-03-27,21500.00,CE,0.00,0.00,0.00,2512.45,2224.55,0,0.00,0,0,06-JAN-2025
OPTIDX,FINNIFTY,27-Feb-2025,2025-02-27,21500.00,PE,0.00,0.00,0.00,109.50,46.40,0,0.00,0,0,06-JAN-2025
OPTIDX,FINNIFTY,27-Mar-2025,2025-03-27,21500.00,PE,0.00,0.00,0.00,139.55,91.00,0,0.00,0,0,06-JAN-2025
OPTIDX,FINNIFTY,27-Feb-2025,2025-02-27,23500.00,PE,0.00,0.00,0.00,548.10,562.60,0,0.00,0,0,06-JAN-2025
OPTIDX,FINNIFTY,30-Jan-2025,2025-01-30,25600.00,PE,0.00,0.00,0.00,1431.40,2175.80,0,0.00,0,0,06-JAN-2025
OPTIDX,FINNIFTY,27-Feb-2025,2025-02-27,25600.00,CE,0.00,0.00,0.00,545.60,64.75,0,0.00,0,0,06-JAN-2025
OPTIDX,FINNIFTY,27-Feb-2025,2025-02-27,25600.00,PE,0.00,0.00,0.00,1637.10,2101.90,0,0.00,0,0,06-JAN-2025
OPTIDX,FINNIFTY,30-Jan-2025,2025-01-30,25600.00,CE,18.30,21.40,13.30,14.65,14.65,2128,13627.6600,23375,7925,06-JAN-2025
OPTIDX,FINNIFTY,27-Mar-2025,2025-03-27,25600.00,PE,0.00,0.00,0.00,1978.35,2061.05,0,0.00,0,0,06-JAN-2025
OPTIDX,FINNIFTY,27-Mar-2025,2025-03-27,25600.00,CE,0.00,0.00,0.00,319.95,154.85,0,0.00,0,0,06-JAN-2025
OPTIDX,FINNIFTY,27-Feb-2025,2025-02-27,26700.00,PE,0.00,0.00,0.00,2453.15,3139.75,0,0.00,0,0,06-JAN-2025
OPTIDX,FINNIFTY,27-Mar-2025,2025-03-27,23100.00,PE,0.00,0.00,0.00,532.25,471.65,0,0.00,0,0,06-JAN-2025
OPTIDX,FINNIFTY,30-Jan-2025,2025-01-30,24750.00,CE,104.95,110.00,56.25,61.15,61.15,1093,6783.78917,7350,-4675,06-JAN-2025
OPTIDX,FINNIFTY,30-Jan-2025,2025-01-30,24750.00,PE,0.00,0.00,0.00,978.65,1369.85,0,0.00,1200,0,06-JAN-2025
OPTIDX,FINNIFTY,27-Feb-2025,2025-02-27,21800.00,CE,0.00,0.00,0.00,2785.85,1801.65,0,0.00,0,0,06-JAN-2025
OPTIDX,FINNIFTY,27-Feb-2025,2025-02-27,26200.00,CE,0.00,0.00,0.00,385.25,28.10,0,0.00,0,0,06-JAN-2025
OPTIDX,FINNIFTY,30-Jan-2025,2025-01-30,26200.00,CE,7.60,9.50,6.65,7.45,7.45,583,3819.80601,9775,550,06-JAN-2025
OPTIDX,FINNIFTY,27-Feb-2025,2025-02-27,26200.00,PE,0.00,0.00,0.00,2065.95,2659.50,0,0.00,0,0,06-JAN-2025
OPTIDX,FINNIFTY,27-Feb-2025,2025-02-27,26800.00,PE,0.00,0.00,0.00,2533.75,3236.85,0,0.00,0,0,06-JAN-2025
OPTIDX,FINNIFTY,30-Jan-2025,2025-01-30,26800.00,PE,0.00,0.00,0.00,2282.85,3363.70,0,0.00,0,0,06-JAN-2025
OPTIDX,FINNIFTY,27-Feb-2025,2025-02-27,26800.00,CE,0.00,0.00,0.00,263.90,11.20,0,0.00,0,0,06-JAN-2025
OPTIDX,FINNIFTY,27-Feb-2025,2025-02-27,23900.00,PE,0.00,0.00,0.00,702.65,782.20,0,0.00,0,0,06-JAN-2025
OPTIDX,FINNIFTY,30-Jan-2025,2025-01-30,21200.00,PE,7.95,18.40,6.85,14.25,14.25,1927,10219.0759,8675,2350,06-JAN-2025
OPTIDX,MIDCPNIFTY,27-Feb-2025,2025-02-27,12975.00,PE,0.00,0.00,0.00,631.40,425.00,0,0.00,0,0,06-JAN-2025
OPTIDX,MIDCPNIFTY,27-Feb-2025,2025-02-27,12600.00,CE,0.00,0.00,0.00,645.25,457.05,0,0.00,0,0,06-JAN-2025
OPTIDX,MIDCPNIFTY,27-Feb-2025,2025-02-27,13300.00,PE,0.00,0.00,0.00,827.25,635.50,0,0.00,0,0,06-JAN-2025
OPTIDX,MIDCPNIFTY,27-Mar-2025,2025-03-27,13300.00,PE,0.00,0.00,0.00,583.25,663.40,0,0.00,0,0,06-JAN-2025
OPTIDX,MIDCPNIFTY,27-Feb-2025,2025-02-27,12600.00,PE,0.00,0.00,0.00,441.60,239.85,0,0.00,0,0,06-JAN-2025
OPTIDX,MIDCPNIFTY,30-Jan-2025,2025-01-30,12250.00,PE,43.00,112.85,36.10,101.75,101.75,1982,12210.4624,44350,4550,06-JAN-2025
OPTIDX,MIDCPNIFTY,27-Feb-2025,2025-02-27,12250.00,CE,0.00,0.00,0.00,847.85,687.90,0,0.00,0,0,06-JAN-2025
OPTIDX,MIDCPNIFTY,27-Mar-2025,2025-03-27,13450.00,CE,0.00,0.00,0.00,447.60,209.10,0,0.00,0,0,06-JAN-2025
OPTIDX,MIDCPNIFTY,27-Mar-2025,2025-03-27,12775.00,CE,0.00,0.00,0.00,787.20,477.10,0,0.00,0,0,06-JAN-2025
OPTIDX,MIDCPNIFTY,30-Jan-2025,2025-01-30,12250.00,CE,0.00,0.00,0.00,737.60,559.85,0,0.00,0,0,06-JAN-2025
OPTIDX,MIDCPNIFTY,30-Jan-2025,2025-01-30,14300.00,PE,0.00,0.00,0.00,1734.25,1541.25,0,0.00,0,0,06-JAN-2025
OPTIDX,MIDCPNIFTY,27-Feb-2025,2025-02-27,14300.00,CE,14.00,14.00,13.00,13.00,13.00,5,85.8816,600,600,06-JAN-2025
OPTIDX,MIDCPNIFTY,27-Feb-2025,2025-02-27,12500.00,CE,0.00,0.00,0.00,699.55,517.55,0,0.00,0,0,06-JAN-2025
OPTIDX,MIDCPNIFTY,30-Jan-2025,2025-01-30,12100.00,PE,50.00,80.00,50.00,75.00,75.00,604,3674.6249,5400,5400,06-JAN-2025
OPTIDX,MIDCPNIFTY,27-Feb-2025,2025-02-27,12100.00,CE,0.00,0.00,0.00,945.15,802.00,0,0.00,0,0,06-JAN-2025
OPTIDX,MIDCPNIFTY,30-Jan-2025,2025-01-30,11750.00,CE,0.00,0.00,0.00,1061.85,1006.70,0,0.00,0,0,06-JAN-2025
OPTIDX,MIDCPNIFTY,27-Mar-2025,2025-03-27,14400.00,PE,0.00,0.00,0.00,1321.05,1539.35,0,0.00,0,0,06-JAN-2025
OPTIDX,MIDCPNIFTY,27-Feb-2025,2025-02-27,14400.00,CE,12.00,13.00,11.50,12.00,12.00,13,224.8326,1440,1440,06-JAN-2025
OPTIDX,MIDCPNIFTY,30-Jan-2025,2025-01-30,11875.00,PE,0.00,0.00,0.00,21.30,14.20,0,0.00,50,0,06-JAN-2025
OPTIDX,MIDCPNIFTY,27-Feb-2025,2025-02-27,11875.00,CE,0.00,0.00,0.00,1103.05,987.40,0,0.00,0,0,06-JAN-2025
OPTIDX,MIDCPNIFTY,30-Jan-2025,2025-01-30,12025.00,PE,27.50,65.50,21.55,62.00,62.00,400,2415.14655,4350,1000,06-JAN-2025
OPTIDX,MIDCPNIFTY,30-Jan-2025,2025-01-30,14600.00,PE,0.00,0.00,0.00,1999.65,1839.00,0,0.00,0,0,06-JAN-2025
OPTIDX,MIDCPNIFTY,27-Mar-2025,2025-03-27,12200.00,PE,0.00,0.00,0.00,167.20,158.30,0,0.00,0,0,06-JAN-2025
OPTIDX,MIDCPNIFTY,27-Feb-2025,2025-02-27,12200.00,PE,0.00,0.00,0.00,283.15,111.65,0,0.00,0,0,06-JAN-2025
OPTIDX,MIDCPNIFTY,27-Mar-2025,2025-03-27,12200.00,CE,0.00,0.00,0.00,1176.05,834.05,0,0.00,0,0,06-JAN-2025
OPTIDX,MIDCPNIFTY,27-Feb-2025,2025-02-27,14600.00,PE,0.00,0.00,0.00,1839.70,1772.85,0,0.00,0,0,06-JAN-2025
OPTIDX,MIDCPNIFTY,30-Jan-2025,2025-01-30,14600.00,CE,2.95,4.00,2.90,3.65,3.65,645,4709.55222,14850,1300,06-JAN-2025
OPTIDX,MIDCPNIFTY,27-Feb-2025,2025-02-27,14600.00,CE,9.00,9.50,9.00,9.50,9.50,7,122.718,1680,720,06-JAN-2025
OPTIDX,MIDCPNIFTY,27-Feb-2025,2025-02-27,12700.00,CE,0.00,0.00,0.00,549.00,401.05,0,0.00,0,0,06-JAN-2025
OPTIDX,MIDCPNIFTY,27-Mar-2025,2025-03-27,13800.00,PE,0.00,0.00,0.00,882.75,1027.20,0,0.00,0,0,06-JAN-2025
OPTIDX,MIDCPNIFTY,27-Feb-2025,2025-02-27,13200.00,CE,0.00,0.00,0.00,401.00,189.05,0,0.00,240,0,06-JAN-2025
OPTSTK,BAJAJFINSV,27-Mar-2025,2025-03-27,1680.00,CE,0.00,0.00,0.00,51.65,92.20,0,0.00,0,0,06-JAN-2025
OPTSTK,BAJAJFINSV,30-Jan-2025,2025-01-30,1820.00,CE,12.75,14.00,5.75,6.40,6.40,1047,9577.18825,225500,-500,06-JAN-2025
OPTSTK,TATASTEEL,30-Jan-2025,2025-01-30,123.00,PE,1.10,1.15,1.10,1.15,0.70,3,20.482,16500,16500,06-JAN-2025
OPTSTK,TATASTEEL,30-Jan-2025,2025-01-30,143.00,PE,7.85,11.10,7.85,11.10,10.95,32,268.16075,330000,-11000,06-JAN-2025
OPTSTK,TATASTEEL,27-Feb-2025,2025-02-27,143.00,PE,0.00,0.00,0.00,8.30,11.75,0,0.00,0,0,06-JAN-2025
OPTSTK,TATASTEEL,30-Jan-2025,2025-01-30,143.00,CE,2.10,2.10,0.90,1.00,1.00,592,4692.534,1331000,583000,06-JAN-2025
OPTSTK,BAJAJFINSV,27-Feb-2025,2025-02-27,1400.00,PE,0.00,0.00,0.00,5.10,0.95,0,0.00,1000,0,06-JAN-2025
OPTSTK,BAJAJFINSV,27-Feb-2025,2025-02-27,1480.00,CE,0.00,0.00,0.00,160.55,223.05,0,0.00,0,0,06-JAN-2025
OPTSTK,BAJAJFINSV,30-Jan-2025,2025-01-30,1740.00,PE,44.20,73.60,42.85,67.05,67.05,578,5196.55525,123000,-21000,06-JAN-2025
OPTSTK,TATASTEEL,30-Jan-2025,2025-01-30,158.00,CE,0.25,0.25,0.10,0.15,0.15,111,965.54975,1045000,-203500,06-JAN-2025
OPTSTK,TATASTEEL,27-Feb-2025,2025-02-27,123.00,PE,0.00,0.00,0.00,1.45,1.75,0,0.00,0,0,06-JAN-2025
OPTSTK,TATASTEEL,27-Feb-2025,2025-02-27,143.00,CE,0.00,0.00,0.00,7.50,2.30,0,0.00,0,0,06-JAN-2025
OPTSTK,BAJAJFINSV,27-Mar-2025,2025-03-27,1360.00,PE,0.00,0.00,0.00,13.80,1.50,0,0.00,0,0,06-JAN-2025
OPTSTK,BAJAJFINSV,27-Feb-2025,2025-02-27,1360.00,CE,0.00,0.00,0.00,252.45,338.00,0,0.00,0,0,06-JAN-2025
OPTSTK,BAJAJFINSV,27-Feb-2025,2025-02-27,1800.00,PE,100.00,123.00,98.00,116.00,124.85,7,66.88,3500,500,06-JAN-2025
OPTSTK,TATASTEEL,30-Jan-2025,2025-01-30,128.00,CE,7.40,7.80,6.75,6.95,6.95,18,133.86175,55000,44000,06-JAN-2025
OPTSTK,TATASTEEL,27-Feb-2025,2025-02-27,128.00,CE,0.00,0.00,0.00,16.45,8.65,0,0.00,0,0,06-JAN-2025
OPTSTK,TATASTEEL,27-Mar-2025,2025-03-27,128.00,PE,0.00,0.00,0.00,3.45,4.20,0,0.00,0,0,06-JAN-2025
OPTSTK,BAJAJFINSV,30-Jan-2025,2025-01-30,1680.00,PE,22.00,37.50,16.00,32.50,32.50,2251,19244.333,345500,-98000,06-JAN-2025
OPTSTK,BAJAJFINSV,30-Jan-2025,2025-01-30,1820.00,PE,125.60,125.60,125.60,125.60,134.10,1,9.728,5000,0,06-JAN-2025
OPTSTK,BAJAJFINSV,27-Feb-2025,2025-02-27,1820.00,PE,0.00,0.00,0.00,248.50,139.95,0,0.00,0,0,06-JAN-2025
OPTSTK,TATASTEEL,30-Jan-2025,2025-01-30,131.00,PE,1.35,3.60,1.35,3.25,3.25,748,5503.1735,1886500,720500,06-JAN-2025
OPTSTK,BAJAJFINSV,27-Feb-2025,2025-02-27,1540.00,PE,0.00,0.00,0.00,54.00,10.80,0,0.00,0,0,06-JAN-2025
OPTSTK,TATASTEEL,27-Feb-2025,2025-02-27,132.00,PE,0.00,0.00,0.00,3.60,4.90,0,0.00,0,0,06-JAN-2025
OPTSTK,TATASTEEL,30-Jan-2025,2025-01-30,150.00,PE,11.50,18.00,11.50,17.55,17.55,89,814.297,7766000,38500,06-JAN-2025
OPTSTK,TATASTEEL,30-Jan-2025,2025-01-30,121.00,CE,0.00,0.00,0.00,20.65,12.15,0,0.00,0,0,06-JAN-2025
OPTSTK,TATASTEEL,27-Feb-2025,2025-02-27,121.00,CE,0.00,0.00,0.00,22.05,13.65,0,0.00,0,0,06-JAN-2025
OPTSTK,TATASTEEL,27-Feb-2025,2025-02-27,141.00,PE,0.00,0.00,0.00,7.30,10.25,0,0.00,0,0,06-JAN-2025
OPTSTK,BAJAJFINSV,30-Jan-2025,2025-01-30,1400.00,CE,327.00,327.00,302.00,303.00,290.85,5,42.685,8000,500,06-JAN-2025
OPTSTK,BAJAJFINSV,27-Feb-2025,2025-02-27,1400.00,CE,0.00,0.00,0.00,219.60,298.90,0,0.00,0,0,06-JAN-2025
OPTSTK,BAJAJFINSV,27-Mar-2025,2025-03-27,1400.00,PE,0.00,0.00,0.00,20.70,2.95,0,0.00,0,0,06-JAN-2025
OPTSTK,CAMS,27-Feb-2025,2025-02-27,4300.00,PE,0.00,0.00,0.00,93.35,59.85,0,0.00,0,0,06-JAN-2025
OPTSTK,VBL,27-Feb-2025,2025-02-27,730.00,PE,0.00,0.00,0.00,109.45,98.65,0,0.00,0,0,06-JAN-2025
OPTSTK,MUTHOOTFIN,27-Mar-2025,2025-03-27,2560.00,PE,0.00,0.00,0.00,470.60,355.85,0,0.00,0,0,06-JAN-2025
OPTSTK,MUTHOOTFIN,30-Jan-2025,2025-01-30,2560.00,CE,0.00,0.00,0.00,7.40,0.80,0,0.00,0,0,06-JAN-2025
OPTSTK,MUTHOOTFIN,27-Feb-2025,2025-02-27,2560.00,PE,0.00,0.00,0.00,608.70,357.55,0,0.00,0,0,06-JAN-2025
OPTSTK,MUTHOOTFIN,27-Mar-2025,2025-03-27,2560.00,CE,0.00,0.00,0.00,19.35,19.25,0,0.00,0,0,06-JAN-2025
OPTSTK,CAMS,27-Mar-2025,2025-03-27,4200.00,CE,0.00,0.00,0.00,952.45,789.50,0,0.00,0,0,06-JAN-2025
OPTSTK,VBL,27-Feb-2025,2025-02-27,610.00,PE,0.00,0.00,0.00,31.70,20.05,0,0.00,0,0,06-JAN-2025
OPTSTK,VBL,30-Jan-2025,2025-01-30,620.00,PE,11.20,16.80,11.00,14.95,14.95,276,1529.23093,141750,52500,06-JAN-2025
OPTSTK,VBL,27-Mar-2025,2025-03-27,620.00,PE,0.00,0.00,0.00,43.05,30.20,0,0.00,0,0,06-JAN-2025
OPTSTK,VBL,30-Jan-2025,2025-01-30,560.00,CE,0.00,0.00,0.00,91.35,75.00,0,0.00,0,0,06-JAN-2025
OPTSTK,MUTHOOTFIN,27-Feb-2025,2025-02-27,2360.00,CE,0.00,0.00,0.00,19.90,35.55,0,0.00,0,0,06-JAN-2025
OPTSTK,MUTHOOTFIN,27-Feb-2025,2025-02-27,2300.00,PE,0.00,0.00,0.00,105.00,144.45,0,0.00,275,0,06-JAN-2025
OPTSTK,MUTHOOTFIN,27-Feb-2025,2025-02-27,2300.00,CE,0.00,0.00,0.00,70.00,52.25,0,0.00,825,0,06-JAN-2025
OPTSTK,CAMS,30-Jan-2025,2025-01-30,5000.00,CE,230.00,230.00,115.00,126.40,126.40,375,2414.2,32750,7250,06-JAN-2025
OPTSTK,CAMS,27-Mar-2025,2025-03-27,5000.00,PE,0.00,0.00,0.00,408.65,375.95,0,0.00,0,0,06-JAN-2025
OPTSTK,MUTHOOTFIN,27-Mar-2025,2025-03-27,2480.00,CE,0.00,0.00,0.00,28.25,30.55,0,0.00,0,0,06-JAN-2025
OPTSTK,MUTHOOTFIN,27-Feb-2025,2025-02-27,2380.00,CE,0.00,0.00,0.00,25.75,31.05,0,0.00,0,0,06-JAN-2025
OPTSTK,VBL,30-Jan-2025,2025-01-30,520.00,PE,0.10,0.80,0.10,0.80,0.20,38,173.0925,13125,-7000,06-JAN-2025
OPTSTK,VBL,27-Feb-2025,2025-02-27,760.00,PE,0.00,0.00,0.00,133.00,125.40,0,0.00,0,0,06-JAN-2025
OPTSTK,VBL,30-Jan-2025,2025-01-30,590.00,PE,4.15,7.60,4.15,6.85,6.20,107,557.9455,59500,-7000,06-JAN-2025
OPTSTK,VBL,27-Feb-2025,2025-02-27,590.00,PE,0.00,0.00,0.00,23.55,13.20,0,0.00,0,0,06-JAN-2025
OPTSTK,CAMS,30-Jan-2025,2025-01-30,4800.00,PE,67.60,179.30,67.60,171.95,171.95,315,1945.52975,23125,1125,06-JAN-2025
OPTSTK,MUTHOOTFIN,30-Jan-2025,2025-01-30,2060.00,CE,0.00,0.00,0.00,176.90,149.25,0,0.00,9075,0,06-JAN-2025
OPTSTK,MUTHOOTFIN,27-Feb-2025,2025-02-27,2060.00,PE,0.00,0.00,0.00,95.70,32.25,0,0.00,0,0,06-JAN-2025
OPTSTK,VBL,30-Jan-2025,2025-01-30,540.00,CE,0.00,0.00,0.00,106.65,93.75,0,0.00,0,0,06-JAN-2025
OPTSTK,VBL,30-Jan-2025,2025-01-30,540.00,PE,1.45,1.60,1.05,1.50,0.65,174,824.220687,99750,4375,06-JAN-2025
OPTSTK,CAMS,27-Mar-2025,2025-03-27,4200.00,PE,0.00,0.00,0.00,112.60,75.20,0,0.00,0,0,06-JAN-2025
OPTSTK,CAMS,30-Jan-2025,2025-01-30,4200.00,CE,0.00,0.00,0.00,833.35,681.90,0,0.00,0,0,06-JAN-2025
OPTSTK,CAMS,27-Feb-2025,2025-02-27,4200.00,PE,0.00,0.00,0.00,130.40,42.80,0,0.00,0,0,06-JAN-2025
OPTSTK,MUTHOOTFIN,30-Jan-2025,2025-01-30,1900.00,PE,2.45,4.10,1.80,3.75,3.75,116,607.077762,54725,4400,06-JAN-2025
OPTSTK,CAMS,30-Jan-2025,2025-01-30,4300.00,CE,0.00,0.00,0.00,757.70,590.50,0,0.00,0,0,06-JAN-2025
OPTSTK,VBL,30-Jan-2025,2025-01-30,580.00,CE,0.00,0.00,0.00,72.25,57.55,0,0.00,875,0,06-JAN-2025
OPTSTK,ICICIGI,27-Feb-2025,2025-02-27,1900.00,PE,0.00,0.00,0.00,94.35,105.05,0,0.00,0,0,06-JAN-2025
OPTSTK,HEROMOTOCO,27-Mar-2025,2025-03-27,4300.00,CE,0.00,0.00,0.00,281.55,181.80,0,0.00,0,0,06-JAN-2025
OPTSTK,HEROMOTOCO,30-Jan-2025,2025-01-30,3700.00,CE,0.00,0.00,0.00,1133.20,521.05,0,0.00,0,0,06-JAN-2025
OPTSTK,ICICIGI,27-Feb-2025,2025-02-27,1860.00,PE,0.00,0.00,0.00,74.05,79.85,0,0.00,0,0,06-JAN-2025
OPTSTK,M&MFIN,30-Jan-2025,2025-01-30,300.00,CE,2.40,4.25,1.65,1.85,1.85,1916,11608.458,1166000,212000,06-JAN-2025
OPTSTK,ICICIGI,30-Jan-2025,2025-01-30,1960.00,PE,155.25,158.90,155.25,156.35,156.35,4,21.163125,1750,250,06-JAN-2025
OPTSTK,ICICIGI,27-Mar-2025,2025-03-27,1960.00,CE,0.00,0.00,0.00,76.70,35.45,0,0.00,0,0,06-JAN-2025
OPTSTK,HEROMOTOCO,27-Mar-2025,2025-03-27,3800.00,CE,0.00,0.00,0.00,603.30,499.00,0,0.00,0,0,06-JAN-2025
OPTSTK,HEROMOTOCO,30-Jan-2025,2025-01-30,3800.00,PE,8.40,12.40,6.20,11.55,11.55,890,5085.17625,96300,2550,06-JAN-2025
OPTSTK,HEROMOTOCO,27-Mar-2025,2025-03-27,3800.00,PE,0.00,0.00,0.00,59.70,40.45,0,0.00,0,0,06-JAN-2025
OPTSTK,ICICIGI,30-Jan-2025,2025-01-30,1580.00,CE,0.00,0.00,0.00,315.80,240.05,0,0.00,0,0,06-JAN-2025
OPTSTK,HEROMOTOCO,30-Jan-2025,2025-01-30,4200.00,CE,137.60,170.00,107.85,112.70,112.70,3190,20754.5662,150000,1650,06-JAN-2025
OPTSTK,HEROMOTOCO,30-Jan-2025,2025-01-30,4200.00,PE,77.70,103.00,57.85,97.55,97.55,4958,31859.6643,184950,-67350,06-JAN-2025
OPTSTK,HEROMOTOCO,27-Feb-2025,2025-02-27,4200.00,PE,123.10,155.00,111.25,153.60,153.60,42,273.1377,8400,1800,06-JAN-2025
OPTSTK,HEROMOTOCO,27-Feb-2025,2025-02-27,4200.00,CE,225.00,225.00,177.80,177.80,180.90,4,26.38485,3150,-450,06-JAN-2025
OPTSTK,ICICIGI,27-Feb-2025,2025-02-27,1680.00,PE,0.00,0.00,0.00,24.25,13.30,0,0.00,0,0,06-JAN-2025
OPTSTK,ICICIGI,27-Feb-2025,2025-02-27,1620.00,PE,0.00,0.00,0.00,9.15,5.65,0,0.00,0,0,06-JAN-2025
OPTSTK,ICICIGI,30-Jan-2025,2025-01-30,1620.00,CE,0.00,0.00,0.00,279.50,200.90,0,0.00,0,0,06-JAN-2025
OPTSTK,M&MFIN,30-Jan-2025,2025-01-30,245.00,CE,35.35,35.50,28.75,28.75,28.00,17,93.985,38000,12000,06-JAN-2025
OPTSTK,M&MFIN,27-Feb-2025,2025-02-27,245.00,PE,0.00,0.00,0.00,6.70,2.85,0,0.00,0,0,06-JAN-2025
OPTSTK,HEROMOTOCO,30-Jan-2025,2025-01-30,4150.00,PE,62.05,80.55,44.80,75.40,75.40,1060,6698.9943,62100,5550,06-JAN-2025
OPTSTK,M&MFIN,30-Jan-2025,2025-01-30,330.00,CE,0.75,0.75,0.25,0.30,0.30,148,978.47,184000,76000,06-JAN-2025
OPTSTK,ICICIGI,30-Jan-2025,2025-01-30,2020.00,CE,8.75,9.15,4.85,5.80,5.80,121,612.97375,18750,7000,06-JAN-2025
OPTSTK,ICICIGI,27-Feb-2025,2025-02-27,1520.00,PE,0.00,0.00,0.00,5.10,0.90,0,0.00,0,0,06-JAN-2025
OPTSTK,ICICIGI,27-Feb-2025,2025-02-27,1520.00,CE,0.00,0.00,0.00,383.60,308.20,0,0.00,0,0,06-JAN-2025
OPTSTK,M&MFIN,27-Feb-2025,2025-02-27,255.00,CE,0.00,0.00,0.00,23.90,23.70,0,0.00,0,0,06-JAN-2025
OPTSTK,HEROMOTOCO,30-Jan-2025,2025-01-30,3500.00,CE,0.00,0.00,0.00,1328.25,718.40,0,0.00,0,0,06-JAN-2025
OPTSTK,HEROMOTOCO,27-Feb-2025,2025-02-27,3500.00,CE,0.00,0.00,0.00,827.70,739.10,0,0.00,0,0,06-JAN-2025
OPTSTK,M&MFIN,30-Jan-2025,2025-01-30,275.00,PE,11.90,12.35,7.20,12.05,12.05,694,3951.936,514000,-38000,06-JAN-2025
OPTSTK,ICICIGI,27-Mar-2025,2025-03-27,1520.00,PE,0.00,0.00,0.00,5.70,2.90,0,0.00,0,0,06-JAN-2025
OPTSTK,M&MFIN,27-Feb-2025,2025-02-27,255.00,PE,0.00,0.00,0.00,10.15,5.25,0,0.00,0,0,06-JAN-2025
OPTSTK,HEROMOTOCO,27-Feb-2025,2025-02-27,4100.00,CE,0.00,0.00,0.00,339.90,237.75,0,0.00,0,0,06-JAN-2025
OPTIDX,NIFTY,27-Feb-2025,2025-02-27,24500.00,CE,353.65,407.95,245.80,255.60,255.60,24858,461989.647,1112775,705450,06-JAN-2025
OPTIDX,NIFTY,16-Jan-2025,2025-01-16,22100.00,PE,2.25,12.95,2.20,10.75,10.75,6114,101378.864,39675,12225,06-JAN-2025
OPTIDX,NIFTY,30-Jan-2025,2025-01-30,22100.00,CE,1612.15,1612.15,1612.00,1612.00,1620.45,4,23.7120375,500,100,06-JAN-2025
OPTIDX,NIFTY,06-Feb-2025,2025-02-06,24500.00,PE,0.00,0.00,0.00,556.45,863.90,0,0.00,0,0,06-JAN-2025
OPTIDX,NIFTY,30-Jan-2025,2025-01-30,25200.00,PE,1085.00,1531.40,1085.00,1488.30,1488.30,696,4637.71087,61025,-12125,06-JAN-2025
OPTIDX,NIFTY,09-Jan-2025,2025-01-09,25200.00,CE,1.35,2.00,1.15,1.75,1.75,360767,6818897.26,4892625,-1356225,06-JAN-2025
OPTIDX,NIFTY,23-Jan-2025,2025-01-23,25200.00,CE,15.00,18.95,11.00,11.70,11.70,863,16319.1091,36975,2400,06-JAN-2025
OPTIDX,NIFTY,27-Feb-2025,2025-02-27,25200.00,CE,154.05,164.45,95.20,98.80,98.80,3406,64657.7296,97425,-19800,06-JAN-2025
OPTIDX,NIFTY,06-Feb-2025,2025-02-06,25200.00,PE,0.00,0.00,0.00,1018.20,1469.60,0,0.00,0,0,06-JAN-2025
OPTIDX,NIFTY,23-Jan-2025,2025-01-23,25200.00,PE,0.00,0.00,0.00,1202.65,1509.65,0,0.00,0,0,06-JAN-2025
OPTIDX,NIFTY,16-Jan-2025,2025-01-16,25200.00,PE,1432.00,1530.00,1432.00,1530.00,1537.85,5,100.164,375,375,06-JAN-2025
OPTIDX,NIFTY,30-Jan-2025,2025-01-30,25200.00,CE,29.05,33.70,17.65,18.75,18.75,128202,808365.797,1261050,-284050,06-JAN-2025
OPTIDX,NIFTY,27-Mar-2025,2025-03-27,25200.00,PE,0.00,0.00,0.00,1380.95,1406.90,0,0.00,0,0,06-JAN-2025
OPTIDX,NIFTY,27-Feb-2025,2025-02-27,25200.00,PE,1351.50,1390.25,1340.20,1377.15,1434.35,16,318.743775,2100,-1125,06-JAN-2025
OPTIDX,NIFTY,16-Jan-2025,2025-01-16,25200.00,CE,6.55,7.55,4.60,5.00,5.00,13516,255506.757,203850,50850,06-JAN-2025
OPTIDX,NIFTY,09-Jan-2025,2025-01-09,25200.00,PE,1378.00,1578.80,1378.00,1570.00,1570.00,6,120.3276,17025,-375,06-JAN-2025
OPTIDX,NIFTY,06-Feb-2025,2025-02-06,25200.00,CE,0.00,0.00,0.00,182.15,29.70,0,0.00,0,0,06-JAN-2025
OPTIDX,NIFTY,27-Mar-2025,2025-03-27,25200.00,CE,245.00,245.00,186.85,200.35,200.35,144,2743.63001,14250,2400,06-JAN-2025
OPTIDX,NIFTY,27-Mar-2025,2025-03-27,23200.00,CE,0.00,0.00,0.00,1340.00,1048.10,0,0.00,1200,0,06-JAN-2025
OPTIDX,NIFTY,06-Feb-2025,2025-02-06,23200.00,CE,0.00,0.00,0.00,1252.90,708.85,0,0.00,0,0,06-JAN-2025
OPTIDX,NIFTY,23-Jan-2025,2025-01-23,23200.00,PE,54.40,171.00,50.35,153.95,153.95,931,16281.9864,41925,4275,06-JAN-2025
OPTIDX,NIFTY,30-Jan-2025,2025-01-30,23200.00,CE,986.35,1012.85,668.50,706.80,706.80,1885,11283.7860,29925,4100,06-JAN-2025
OPTIDX,NIFTY,23-Jan-2025,2025-01-23,23200.00,CE,696.90,722.00,663.60,663.60,586.45,14,250.98795,1350,1050,06-JAN-2025
OPTIDX,NIFTY,27-Feb-2025,2025-02-27,23200.00,PE,154.20,320.05,154.20,299.65,299.65,7966,140267.238,432825,310950,06-JAN-2025
OPTIDX,NIFTY,16-Jan-2025,2025-01-16,23200.00,CE,777.60,790.40,540.00,576.90,576.90,308,5500.85325,9075,4500,06-JAN-2025
OPTIDX,NIFTY,09-Jan-2025,2025-01-09,23200.00,CE,814.00,855.45,436.00,484.35,484.35,4924,87591.8972,39525,12675,06-JAN-2025
OPTIDX,NIFTY,27-Mar-2025,2025-03-27,23200.00,PE,177.75,352.00,177.75,334.20,334.20,331,5824.88433,44475,9675,06-JAN-2025
OPTIDX,NIFTY,16-Jan-2025,2025-01-16,23200.00,PE,24.25,136.15,23.65,114.90,114.90,44720,780926.093,394125,68925,06-JAN-2025
OPTIDX,NIFTY,09-Jan-2025,2025-01-09,23200.00,PE,4.95,75.85,4.30,58.60,58.60,1387829,24183792.1,2929125,-301575,06-JAN-2025
OPTIDX,NIFTY,16-Jan-2025,2025-01-16,25750.00,PE,0.00,0.00,0.00,1170.65,2086.40,0,0.00,0,0,06-JAN-2025
OPTIDX,NIFTY,27-Mar-2025,2025-03-27,22650.00,CE,0.00,0.00,0.00,1730.80,1451.70,0,0.00,0,0,06-JAN-2025
OPTSTK,COLPAL,27-Mar-2025,2025-03-27,2720.00,CE,0.00,0.00,0.00,178.75,163.15,0,0.00,0,0,06-JAN-2025
OPTSTK,COLPAL,27-Feb-2025,2025-02-27,2720.00,CE,0.00,0.00,0.00,145.35,132.00,0,0.00,0,0,06-JAN-2025
OPTSTK,COLPAL,27-Feb-2025,2025-02-27,2780.00,CE,0.00,0.00,0.00,116.85,100.55,0,0.00,0,0,06-JAN-2025
OPTSTK,BHEL,30-Jan-2025,2025-01-30,225.00,CE,11.20,11.20,6.20,6.50,6.50,2038,12464.3623,1278375,748125,06-JAN-2025
OPTSTK,BHEL,30-Jan-2025,2025-01-30,225.00,PE,5.60,11.30,5.60,10.95,10.95,2828,17329.2433,1052625,-44625,06-JAN-2025
OPTSTK,MAXHEALTH,27-Feb-2025,2025-02-27,1240.00,PE,0.00,0.00,0.00,260.55,109.15,0,0.00,0,0,06-JAN-2025
OPTSTK,MAXHEALTH,27-Mar-2025,2025-03-27,1240.00,PE,0.00,0.00,0.00,136.05,119.15,0,0.00,0,0,06-JAN-2025
OPTSTK,COLPAL,30-Jan-2025,2025-01-30,3100.00,PE,0.00,0.00,0.00,275.70,335.20,0,0.00,7875,0,06-JAN-2025
OPTSTK,NAVINFLUOR,27-Feb-2025,2025-02-27,3100.00,CE,0.00,0.00,0.00,511.85,325.05,0,0.00,0,0,06-JAN-2025
OPTSTK,NAVINFLUOR,30-Jan-2025,2025-01-30,3100.00,PE,16.20,21.85,14.45,19.55,19.55,36,196.498925,17850,-1225,06-JAN-2025
OPTSTK,NAVINFLUOR,30-Jan-2025,2025-01-30,3250.00,PE,46.05,57.95,36.95,50.70,50.70,25,144.214437,10150,1400,06-JAN-2025
OPTSTK,NAVINFLUOR,27-Feb-2025,2025-02-27,3250.00,PE,0.00,0.00,0.00,146.00,95.40,0,0.00,0,0,06-JAN-2025
OPTSTK,COLPAL,27-Feb-2025,2025-02-27,2560.00,CE,0.00,0.00,0.00,242.70,242.20,0,0.00,0,0,06-JAN-2025
OPTSTK,COLPAL,30-Jan-2025,2025-01-30,2650.00,CE,0.00,0.00,0.00,148.65,139.65,0,0.00,7700,0,06-JAN-2025
OPTSTK,COLPAL,30-Jan-2025,2025-01-30,3300.00,PE,0.00,0.00,0.00,565.00,532.05,0,0.00,1750,0,06-JAN-2025
OPTSTK,NAVINFLUOR,30-Jan-2025,2025-01-30,3050.00,PE,15.50,15.50,13.25,13.45,13.45,6,32.1694625,19075,-175,06-JAN-2025
OPTSTK,COLPAL,30-Jan-2025,2025-01-30,3160.00,PE,0.00,0.00,0.00,424.55,393.60,0,0.00,0,0,06-JAN-2025
OPTSTK,NAVINFLUOR,27-Feb-2025,2025-02-27,3050.00,PE,0.00,0.00,0.00,75.25,37.45,0,0.00,0,0,06-JAN-2025
OPTSTK,NAVINFLUOR,27-Feb-2025,2025-02-27,3050.00,CE,0.00,0.00,0.00,389.80,363.50,0,0.00,0,0,06-JAN-2025
OPTSTK,MAXHEALTH,27-Feb-2025,2025-02-27,1340.00,PE,0.00,0.00,0.00,196.60,187.35,0,0.00,0,0,06-JAN-2025
OPTSTK,MAXHEALTH,30-Jan-2025,2025-01-30,1220.00,CE,22.50,24.35,18.00,19.20,19.85,55,358.70835,58275,-3150,06-JAN-2025
OPTSTK,MAXHEALTH,30-Jan-2025,2025-01-30,1340.00,PE,0.00,0.00,0.00,297.65,183.75,0,0.00,0,0,06-JAN-2025
OPTSTK,MAXHEALTH,27-Feb-2025,2025-02-27,1220.00,PE,0.00,0.00,0.00,111.35,95.65,0,0.00,0,0,06-JAN-2025
OPTSTK,BHEL,30-Jan-2025,2025-01-30,235.00,CE,6.75,6.75,3.20,3.35,3.35,2155,13550.0216,2239125,488250,06-JAN-2025
OPTSTK,BHEL,27-Feb-2025,2025-02-27,235.00,CE,9.60,9.60,7.10,7.10,7.10,8,51.051,21000,-2625,06-JAN-2025
OPTSTK,MAXHEALTH,30-Jan-2025,2025-01-30,1040.00,PE,4.00,8.50,4.00,8.50,6.20,6,32.9613375,44625,-1050,06-JAN-2025
OPTSTK,MAXHEALTH,27-Mar-2025,2025-03-27,1040.00,CE,0.00,0.00,0.00,175.85,154.95,0,0.00,0,0,06-JAN-2025
OPTSTK,MAXHEALTH,27-Feb-2025,2025-02-27,1040.00,PE,0.00,0.00,0.00,111.25,17.10,0,0.00,0,0,06-JAN-2025
OPTSTK,MAXHEALTH,30-Jan-2025,2025-01-30,1040.00,CE,0.00,0.00,0.00,50.55,124.00,0,0.00,0,0,06-JAN-2025
OPTSTK,COLPAL,30-Jan-2025,2025-01-30,2360.00,CE,0.00,0.00,0.00,380.00,404.15,0,0.00,0,0,06-JAN-2025
OPTSTK,MAXHEALTH,27-Mar-2025,2025-03-27,1160.00,PE,0.00,0.00,0.00,90.70,72.60,0,0.00,0,0,06-JAN-2025
OPTSTK,COLPAL,27-Feb-2025,2025-02-27,3040.00,PE,0.00,0.00,0.00,321.20,280.40,0,0.00,0,0,06-JAN-2025
OPTSTK,LUPIN,27-Feb-2025,2025-02-27,2000.00,CE,0.00,0.00,0.00,144.30,382.95,0,0.00,0,0,06-JAN-2025
OPTSTK,LUPIN,30-Jan-2025,2025-01-30,1920.00,CE,0.00,0.00,0.00,276.00,448.80,0,0.00,425,0,06-JAN-2025
OPTSTK,ASTRAL,30-Jan-2025,2025-01-30,1500.00,CE,130.00,130.00,75.00,76.35,76.35,239,1384.15114,56518,56151,06-JAN-2025
OPTSTK,ASTRAL,30-Jan-2025,2025-01-30,1500.00,PE,8.00,24.20,5.50,19.95,19.95,1915,10655.3763,218365,91750,06-JAN-2025
OPTSTK,ASTRAL,27-Feb-2025,2025-02-27,1500.00,PE,0.00,0.00,0.00,20.05,31.05,0,0.00,0,0,06-JAN-2025
OPTSTK,SUPREMEIND,30-Jan-2025,2025-01-30,4500.00,CE,0.00,0.00,0.00,306.30,192.55,0,0.00,0,0,06-JAN-2025
OPTSTK,SUPREMEIND,27-Feb-2025,2025-02-27,4500.00,CE,0.00,0.00,0.00,523.05,285.15,0,0.00,0,0,06-JAN-2025
OPTSTK,SUPREMEIND,27-Feb-2025,2025-02-27,4900.00,CE,0.00,0.00,0.00,319.50,129.85,0,0.00,0,0,06-JAN-2025
OPTSTK,SUPREMEIND,30-Jan-2025,2025-01-30,4900.00,CE,55.00,55.00,55.00,55.00,54.50,1,6.19375,6125,-125,06-JAN-2025
OPTSTK,SUPREMEIND,27-Feb-2025,2025-02-27,4000.00,PE,0.00,0.00,0.00,156.25,56.55,0,0.00,0,0,06-JAN-2025
OPTSTK,ASTRAL,27-Mar-2025,2025-03-27,1360.00,CE,0.00,0.00,0.00,344.35,225.90,0,0.00,0,0,06-JAN-2025
OPTSTK,ASTRAL,27-Feb-2025,2025-02-27,1360.00,PE,0.00,0.00,0.00,2.95,4.55,0,0.00,0,0,06-JAN-2025
OPTSTK,ASTRAL,30-Jan-2025,2025-01-30,1360.00,CE,0.00,0.00,0.00,439.05,203.15,0,0.00,0,0,06-JAN-2025
OPTSTK,ASTRAL,27-Feb-2025,2025-02-27,1780.00,PE,0.00,0.00,0.00,139.35,214.60,0,0.00,0,0,06-JAN-2025
OPTSTK,LUPIN,27-Feb-2025,2025-02-27,2060.00,CE,0.00,0.00,0.00,199.95,327.15,0,0.00,0,0,06-JAN-2025
OPTSTK,ASTRAL,27-Feb-2025,2025-02-27,1400.00,CE,0.00,0.00,0.00,438.40,178.50,0,0.00,0,0,06-JAN-2025
OPTSTK,ASTRAL,27-Feb-2025,2025-02-27,1800.00,CE,22.20,22.20,14.05,14.05,6.40,5,33.35296,1835,1101,06-JAN-2025
OPTSTK,ASTRAL,27-Feb-2025,2025-02-27,1480.00,CE,0.00,0.00,0.00,365.75,115.50,0,0.00,0,0,06-JAN-2025
OPTSTK,ASTRAL,30-Jan-2025,2025-01-30,1900.00,CE,0.90,1.45,0.90,1.10,1.10,67,467.456891,140194,-10276,06-JAN-2025
OPTSTK,LUPIN,27-Feb-2025,2025-02-27,2720.00,CE,0.00,0.00,0.00,5.15,11.10,0,0.00,0,0,06-JAN-2025
OPTSTK,ASTRAL,27-Feb-2025,2025-02-27,1760.00,PE,0.00,0.00,0.00,78.10,196.90,0,0.00,0,0,06-JAN-2025
OPTSTK,LUPIN,30-Jan-2025,2025-01-30,2560.00,CE,10.90,12.55,7.60,10.40,10.40,380,4150.55595,121550,-6800,06-JAN-2025
OPTSTK,ASTRAL,27-Feb-2025,2025-02-27,1680.00,CE,0.00,0.00,0.00,208.10,23.65,0,0.00,0,0,06-JAN-2025
OPTSTK,ASTRAL,30-Jan-2025,2025-01-30,1480.00,CE,99.90,99.90,99.90,99.90,94.85,1,5.798233,367,367,06-JAN-2025
FUTSTK,LUPIN,27-Feb-2025,2025-02-27,,,2393.95,2405.75,2368.20,2385.55,2385.55,143,1449.95231,119000,4675,06-JAN-2025
OPTSTK,ASTRAL,27-Feb-2025,2025-02-27,1600.00,PE,44.00,82.85,44.00,82.85,77.05,12,73.29724,5872,2202,06-JAN-2025
OPTSTK,LUPIN,27-Feb-2025,2025-02-27,1920.00,PE,0.00,0.00,0.00,75.35,1.20,0,0.00,0,0,06-JAN-2025
OPTSTK,LUPIN,30-Jan-2025,2025-01-30,2420.00,PE,79.95,92.00,79.95,92.00,92.30,17,181.087612,36975,1275,06-JAN-2025
OPTSTK,LUPIN,27-Feb-2025,2025-02-27,2540.00,CE,0.00,0.00,0.00,23.00,38.90,0,0.00,0,0,06-JAN-2025
OPTSTK,LUPIN,27-Feb-2025,2025-02-27,2580.00,CE,0.00,0.00,0.00,18.30,30.05,0,0.00,0,0,06-JAN-2025
OPTSTK,LUPIN,30-Jan-2025,2025-01-30,2580.00,CE,0.00,0.00,0.00,4.05,8.65,0,0.00,0,0,06-JAN-2025
OPTSTK,LUPIN,30-Jan-2025,2025-01-30,2480.00,CE,24.45,27.90,17.45,23.30,23.30,358,3807.61707,178075,-4250,06-JAN-2025
OPTSTK,SUNPHARMA,27-Mar-2025,2025-03-27,1760.00,PE,0.00,0.00,0.00,34.90,20.80,0,0.00,0,0,06-JAN-2025
OPTSTK,BALKRISIND,30-Jan-2025,2025-01-30,3100.00,CE,13.30,13.55,7.60,7.90,7.90,316,2947.2492,59400,-4800,06-JAN-2025
OPTSTK,BALKRISIND,27-Mar-2025,2025-03-27,2560.00,CE,0.00,0.00,0.00,380.05,264.70,0,0.00,0,0,06-JAN-2025
OPTSTK,BALKRISIND,30-Jan-2025,2025-01-30,2560.00,PE,0.00,0.00,0.00,24.95,20.15,0,0.00,0,0,06-JAN-2025
OPTSTK,SUNPHARMA,27-Mar-2025,2025-03-27,1600.00,PE,0.00,0.00,0.00,6.50,1.90,0,0.00,0,0,06-JAN-2025
OPTSTK,BALKRISIND,27-Feb-2025,2025-02-27,2580.00,PE,0.00,0.00,0.00,53.90,50.45,0,0.00,0,0,06-JAN-2025
OPTSTK,BALKRISIND,27-Feb-2025,2025-02-27,2580.00,CE,0.00,0.00,0.00,330.95,218.35,0,0.00,0,0,06-JAN-2025
OPTSTK,BALKRISIND,27-Mar-2025,2025-03-27,2880.00,CE,0.00,0.00,0.00,193.55,100.50,0,0.00,0,0,06-JAN-2025
OPTSTK,BALKRISIND,27-Mar-2025,2025-03-27,2880.00,PE,0.00,0.00,0.00,196.85,215.05,0,0.00,0,0,06-JAN-2025
OPTSTK,BALKRISIND,27-Mar-2025,2025-03-27,2480.00,CE,0.00,0.00,0.00,438.95,322.10,0,0.00,0,0,06-JAN-2025
OPTSTK,BALKRISIND,27-Feb-2025,2025-02-27,2480.00,PE,0.00,0.00,0.00,32.25,26.50,0,0.00,0,0,06-JAN-2025
OPTSTK,SUNPHARMA,30-Jan-2025,2025-01-30,2020.00,CE,1.65,2.70,1.65,2.60,2.60,196,1387.26875,111300,13650,06-JAN-2025
OPTSTK,BALKRISIND,27-Feb-2025,2025-02-27,3000.00,PE,0.00,0.00,0.00,334.85,286.00,0,0.00,0,0,06-JAN-2025
OPTSTK,BALKRISIND,27-Feb-2025,2025-02-27,3000.00,CE,0.00,0.00,0.00,106.95,37.90,0,0.00,0,0,06-JAN-2025
OPTSTK,SUNPHARMA,27-Mar-2025,2025-03-27,2080.00,CE,0.00,0.00,0.00,20.30,9.35,0,0.00,0,0,06-JAN-2025
OPTSTK,SUNPHARMA,30-Jan-2025,2025-01-30,2160.00,PE,0.00,0.00,0.00,284.30,303.05,0,0.00,0,0,06-JAN-2025
OPTSTK,SUNPHARMA,27-Feb-2025,2025-02-27,1680.00,PE,0.00,0.00,0.00,41.25,3.55,0,0.00,0,0,06-JAN-2025
OPTSTK,AXISBANK,30-Jan-2025,2025-01-30,880.00,CE,0.00,0.00,0.00,296.75,187.30,0,0.00,0,0,06-JAN-2025
OPTSTK,AXISBANK,30-Jan-2025,2025-01-30,1210.00,CE,1.50,1.60,1.15,1.25,1.25,199,1506.65031,153125,-17500,06-JAN-2025
OPTSTK,AXISBANK,27-Feb-2025,2025-02-27,1210.00,PE,0.00,0.00,0.00,132.70,139.40,0,0.00,0,0,06-JAN-2025
OPTSTK,AXISBANK,30-Jan-2025,2025-01-30,1210.00,PE,0.00,0.00,0.00,93.10,141.80,0,0.00,0,0,06-JAN-2025
OPTSTK,AXISBANK,27-Feb-2025,2025-02-27,1210.00,CE,0.00,0.00,0.00,14.55,4.40,0,0.00,0,0,06-JAN-2025
OPTSTK,SRF,30-Jan-2025,2025-01-30,2480.00,PE,0.00,0.00,0.00,259.80,199.20,0,0.00,0,0,06-JAN-2025
OPTSTK,AXISBANK,30-Jan-2025,2025-01-30,1030.00,CE,64.40,66.40,49.85,52.15,52.15,43,291.448125,70625,-3125,06-JAN-2025
OPTSTK,SRF,30-Jan-2025,2025-01-30,1840.00,CE,0.00,0.00,0.00,447.60,445.55,0,0.00,0,0,06-JAN-2025
OPTSTK,JSL,30-Jan-2025,2025-01-30,650.00,CE,0.00,0.00,0.00,84.30,35.55,0,0.00,0,0,06-JAN-2025
OPTSTK,SRF,27-Feb-2025,2025-02-27,2220.00,CE,0.00,0.00,0.00,150.45,129.55,0,0.00,0,0,06-JAN-2025
OPTSTK,JSL,27-Feb-2025,2025-02-27,690.00,PE,0.00,0.00,0.00,32.00,49.90,0,0.00,0,0,06-JAN-2025
OPTSTK,JSL,30-Jan-2025,2025-01-30,690.00,CE,18.95,18.95,13.65,15.10,15.10,145,792.6111,50375,31775,06-JAN-2025
OPTSTK,SRF,27-Mar-2025,2025-03-27,2200.00,CE,0.00,0.00,0.00,190.65,167.90,0,0.00,0,0,06-JAN-2025
OPTSTK,SRF,30-Jan-2025,2025-01-30,2200.00,CE,125.00,130.55,103.15,111.15,111.15,50,434.288812,27375,-3750,06-JAN-2025
OPTSTK,SRF,27-Feb-2025,2025-02-27,2420.00,PE,0.00,0.00,0.00,191.55,160.45,0,0.00,0,0,06-JAN-2025
OPTSTK,AXISBANK,30-Jan-2025,2025-01-30,950.00,PE,0.65,2.40,0.65,2.05,2.05,923,5490.52562,362500,85625,06-JAN-2025
OPTSTK,AXISBANK,30-Jan-2025,2025-01-30,950.00,CE,0.00,0.00,0.00,136.00,118.25,0,0.00,1250,0,06-JAN-2025
OPTSTK,JSL,30-Jan-2025,2025-01-30,840.00,CE,0.00,0.00,0.00,1.70,0.25,0,0.00,39525,0,06-JAN-2025
OPTSTK,JSL,27-Feb-2025,2025-02-27,610.00,PE,0.00,0.00,0.00,10.20,14.60,0,0.00,0,0,06-JAN-2025
OPTSTK,JSL,30-Jan-2025,2025-01-30,610.00,PE,0.00,0.00,0.00,17.50,6.45,0,0.00,0,0,06-JAN-2025
OPTSTK,JSL,27-Feb-2025,2025-02-27,640.00,PE,0.00,0.00,0.00,34.75,24.85,0,0.00,0,0,06-JAN-2025
OPTSTK,JSL,27-Mar-2025,2025-03-27,660.00,CE,0.00,0.00,0.00,115.45,55.05,0,0.00,0,0,06-JAN-2025
OPTSTK,JSL,30-Jan-2025,2025-01-30,680.00,PE,24.05,30.10,23.00,30.00,30.00,16,87.6401,48825,775,06-JAN-2025
OPTSTK,AXISBANK,27-Feb-2025,2025-02-27,990.00,PE,6.50,6.50,6.50,6.50,9.25,1,6.228125,1250,625,06-JAN-2025
OPTSTK,AXISBANK,27-Mar-2025,2025-03-27,1240.00,CE,0.00,0.00,0.00,18.10,6.60,0,0.00,0,0,06-JAN-2025
OPTSTK,JSL,30-Jan-2025,2025-01-30,560.00,CE,0.00,0.00,0.00,150.55,107.60,0,0.00,0,0,06-JAN-2025
OPTSTK,JSL,27-Mar-2025,2025-03-27,560.00,PE,0.00,0.00,0.00,7.50,8.90,0,0.00,0,0,06-JAN-2025
OPTSTK,AXISBANK,30-Jan-2025,2025-01-30,1080.00,CE,30.55,33.25,20.80,22.05,22.05,2883,19920.0481,1034375,76875,06-JAN-2025
OPTSTK,AXISBANK,27-Feb-2025,2025-02-27,1080.00,CE,46.80,46.80,34.80,36.20,35.35,15,104.754375,6875,6250,06-JAN-2025
OPTSTK,SRF,27-Mar-2025,2025-03-27,2360.00,CE,0.00,0.00,0.00,112.45,85.40,0,0.00,0,0,06-JAN-2025
OPTSTK,SRF,30-Jan-2025,2025-01-30,2360.00,CE,34.55,39.05,25.85,30.15,30.15,551,4943.35068,28125,8625,06-JAN-2025
OPTSTK,AXISBANK,30-Jan-2025,2025-01-30,1290.00,CE,0.00,0.00,0.00,2.30,0.05,0,0.00,625,0,06-JAN-2025
OPTSTK,SRF,27-Feb-2025,2025-02-27,1980.00,CE,0.00,0.00,0.00,323.30,321.20,0,0.00,0,0,06-JAN-2025
OPTSTK,ULTRACEMCO,30-Jan-2025,2025-01-30,9400.00,CE,0.00,0.00,0.00,1889.95,2145.25,0,0.00,0,0,06-JAN-2025
OPTSTK,VOLTAS,27-Feb-2025,2025-02-27,2020.00,CE,0.00,0.00,0.00,22.00,16.45,0,0.00,0,0,06-JAN-2025
OPTSTK,VOLTAS,27-Feb-2025,2025-02-27,1740.00,CE,0.00,0.00,0.00,98.80,108.65,0,0.00,0,0,06-JAN-2025
OPTSTK,VOLTAS,30-Jan-2025,2025-01-30,2080.00,CE,0.00,0.00,0.00,20.50,1.35,0,0.00,0,0,06-JAN-2025
OPTSTK,VOLTAS,30-Jan-2025,2025-01-30,1740.00,CE,100.90,100.90,70.45,72.65,72.65,115,627.3045,57900,-3300,06-JAN-2025
OPTSTK,VOLTAS,27-Feb-2025,2025-02-27,2000.00,CE,0.00,0.00,0.00,35.80,19.30,0,0.00,300,0,06-JAN-2025
OPTSTK,VOLTAS,30-Jan-2025,2025-01-30,2000.00,PE,0.00,0.00,0.00,159.25,219.70,0,0.00,1800,0,06-JAN-2025
OPTSTK,ULTRACEMCO,27-Mar-2025,2025-03-27,10400.00,PE,0.00,0.00,0.00,161.45,82.30,0,0.00,0,0,06-JAN-2025
OPTSTK,ULTRACEMCO,27-Feb-2025,2025-02-27,9800.00,PE,0.00,0.00,0.00,118.75,8.30,0,0.00,0,0,06-JAN-2025
OPTSTK,INDHOTEL,30-Jan-2025,2025-01-30,830.00,CE,43.85,43.85,34.35,36.40,36.40,46,399.097,32000,7000,06-JAN-2025
OPTSTK,INDHOTEL,27-Feb-2025,2025-02-27,760.00,PE,9.00,9.00,9.00,9.00,7.90,1,7.69,1000,1000,06-JAN-2025
OPTSTK,INDHOTEL,27-Mar-2025,2025-03-27,940.00,PE,0.00,0.00,0.00,96.65,101.95,0,0.00,0,0,06-JAN-2025
OPTSTK,INDHOTEL,30-Jan-2025,2025-01-30,940.00,CE,4.75,5.00,2.25,2.70,2.70,1223,11534.1535,481000,-48000,06-JAN-2025
OPTSTK,ABBOTINDIA,30-Jan-2025,2025-01-30,32250.00,PE,0.00,0.00,0.00,4585.90,2244.85,0,0.00,0,0,06-JAN-2025
OPTSTK,TECHM,30-Jan-2025,2025-01-30,1820.00,CE,10.15,12.45,9.05,9.35,9.35,338,3711.6204,171600,10200,06-JAN-2025
OPTSTK,ABBOTINDIA,30-Jan-2025,2025-01-30,26750.00,CE,0.00,0.00,0.00,1704.50,3328.90,0,0.00,0,0,06-JAN-2025
OPTSTK,TECHM,27-Feb-2025,2025-02-27,1820.00,CE,0.00,0.00,0.00,47.90,24.90,0,0.00,0,0,06-JAN-2025
OPTSTK,INDHOTEL,30-Jan-2025,2025-01-30,730.00,PE,0.55,2.80,0.55,1.80,1.80,120,878.3015,58000,38000,06-JAN-2025
OPTSTK,ABBOTINDIA,30-Jan-2025,2025-01-30,28750.00,CE,0.00,0.00,0.00,1640.00,1519.55,0,0.00,220,0,06-JAN-2025
OPTSTK,INDHOTEL,30-Jan-2025,2025-01-30,780.00,PE,1.35,6.75,1.35,5.60,5.60,1385,10864.93,234000,18000,06-JAN-2025
OPTSTK,INDHOTEL,30-Jan-2025,2025-01-30,960.00,CE,2.75,2.75,1.35,1.65,1.65,789,7588.442,355000,0,06-JAN-2025
OPTSTK,ABBOTINDIA,30-Jan-2025,2025-01-30,31750.00,CE,0.00,0.00,0.00,199.95,152.30,0,0.00,60,0,06-JAN-2025
OPTSTK,INDHOTEL,27-Feb-2025,2025-02-27,960.00,CE,20.00,20.00,1.00,1.00,8.30,4,38.82,1000,0,06-JAN-2025
OPTSTK,TECHM,27-Mar-2025,2025-03-27,1560.00,PE,0.00,0.00,0.00,36.65,24.80,0,0.00,0,0,06-JAN-2025
OPTSTK,TECHM,30-Jan-2025,2025-01-30,1580.00,PE,11.95,15.35,8.65,14.80,14.80,377,3602.5971,165000,28800,06-JAN-2025
OPTSTK,ABBOTINDIA,30-Jan-2025,2025-01-30,32250.00,CE,0.00,0.00,0.00,118.00,88.10,0,0.00,0,0,06-JAN-2025
OPTSTK,TECHM,30-Jan-2025,2025-01-30,1680.00,PE,38.40,47.95,31.50,45.15,45.15,1113,11499.1092,231000,-31800,06-JAN-2025
OPTSTK,TECHM,27-Mar-2025,2025-03-27,1680.00,PE,0.00,0.00,0.00,79.30,66.00,0,0.00,0,0,06-JAN-2025
OPTSTK,INDHOTEL,30-Jan-2025,2025-01-30,900.00,PE,38.00,62.25,34.85,57.25,57.25,295,2793.4635,169000,-46000,06-JAN-2025
OPTSTK,ABBOTINDIA,30-Jan-2025,2025-01-30,26750.00,PE,0.00,0.00,0.00,741.25,10.05,0,0.00,0,0,06-JAN-2025
OPTSTK,TECHM,27-Feb-2025,2025-02-27,1900.00,PE,0.00,0.00,0.00,198.00,206.85,0,0.00,600,0,06-JAN-2025
OPTSTK,INDHOTEL,27-Feb-2025,2025-02-27,930.00,PE,0.00,0.00,0.00,83.20,90.30,0,0.00,0,0,06-JAN-2025
OPTSTK,INDHOTEL,27-Feb-2025,2025-02-27,980.00,CE,0.00,0.00,0.00,12.55,5.90,0,0.00,0,0,06-JAN-2025
OPTSTK,INDHOTEL,30-Jan-2025,2025-01-30,930.00,CE,6.05,6.75,2.95,3.45,3.45,1030,9622.443,406000,-3000,06-JAN-2025
OPTSTK,TECHM,30-Jan-2025,2025-01-30,1400.00,CE,0.00,0.00,0.00,251.60,292.55,0,0.00,0,0,06-JAN-2025
OPTSTK,INDHOTEL,30-Jan-2025,2025-01-30,920.00,CE,8.45,8.60,3.90,4.50,4.50,1765,16337.5325,1103000,87000,06-JAN-2025
OPTSTK,TECHM,30-Jan-2025,2025-01-30,1800.00,CE,12.95,16.50,11.95,12.65,12.65,1073,11676.4962,534600,-24000,06-JAN-2025
OPTSTK,TECHM,27-Mar-2025,2025-03-27,1800.00,PE,0.00,0.00,0.00,143.45,134.15,0,0.00,0,0,06-JAN-2025
OPTSTK,ABBOTINDIA,30-Jan-2025,2025-01-30,30000.00,PE,911.80,1054.85,735.45,790.95,790.95,31,191.31615,1460,100,06-JAN-2025
OPTSTK,ABBOTINDIA,27-Feb-2025,2025-02-27,30000.00,PE,0.00,0.00,0.00,2740.20,862.70,0,0.00,0,0,06-JAN-2025
OPTSTK,GRASIM,30-Jan-2025,2025-01-30,2120.00,CE,0.00,0.00,0.00,617.70,350.10,0,0.00,0,0,06-JAN-2025
OPTSTK,GRASIM,27-Feb-2025,2025-02-27,2120.00,PE,0.00,0.00,0.00,8.90,2.45,0,0.00,0,0,06-JAN-2025
OPTSTK,GRASIM,27-Feb-2025,2025-02-27,2800.00,CE,0.00,0.00,0.00,74.20,8.30,0,0.00,0,0,06-JAN-2025
OPTSTK,ICICIBANK,30-Jan-2025,2025-01-30,1100.00,PE,0.85,1.65,0.80,1.45,1.45,398,3068.2015,128100,92400,06-JAN-2025
OPTSTK,ICICIBANK,27-Mar-2025,2025-03-27,1080.00,PE,0.00,0.00,0.00,2.80,1.45,0,0.00,0,0,06-JAN-2025
OPTSTK,JSWSTEEL,30-Jan-2025,2025-01-30,920.00,CE,24.10,24.15,18.25,19.00,19.00,1357,8616.30311,385425,-57375,06-JAN-2025
OPTSTK,JSWSTEEL,27-Feb-2025,2025-02-27,760.00,CE,0.00,0.00,0.00,211.60,149.30,0,0.00,0,0,06-JAN-2025
OPTSTK,GRASIM,27-Feb-2025,2025-02-27,2540.00,PE,0.00,0.00,0.00,128.30,115.45,0,0.00,0,0,06-JAN-2025
OPTSTK,GRASIM,30-Jan-2025,2025-01-30,2540.00,PE,59.65,104.70,54.00,98.50,98.50,350,2292.30512,65500,-2500,06-JAN-2025
OPTSTK,GRASIM,27-Feb-2025,2025-02-27,2920.00,CE,0.00,0.00,0.00,46.00,2.60,0,0.00,0,0,06-JAN-2025
OPTSTK,ICICIBANK,27-Feb-2025,2025-02-27,1060.00,CE,0.00,0.00,0.00,248.05,214.45,0,0.00,0,0,06-JAN-2025
OPTSTK,ICICIBANK,30-Jan-2025,2025-01-30,1060.00,CE,0.00,0.00,0.00,253.80,208.80,0,0.00,0,0,06-JAN-2025
OPTSTK,ICICIBANK,30-Jan-2025,2025-01-30,1060.00,PE,0.00,0.00,0.00,2.50,0.05,0,0.00,0,0,06-JAN-2025
OPTSTK,GRASIM,27-Feb-2025,2025-02-27,2320.00,PE,0.00,0.00,0.00,35.40,24.55,0,0.00,0,0,06-JAN-2025
OPTSTK,GRASIM,27-Feb-2025,2025-02-27,2320.00,CE,0.00,0.00,0.00,327.70,187.30,0,0.00,0,0,06-JAN-2025
OPTSTK,GRASIM,30-Jan-2025,2025-01-30,2320.00,PE,7.00,17.50,6.40,15.65,15.65,227,1323.89487,24000,1500,06-JAN-2025
OPTSTK,JSWSTEEL,30-Jan-2025,2025-01-30,740.00,PE,0.00,0.00,0.00,2.05,0.05,0,0.00,0,0,06-JAN-2025
OPTSTK,ICICIBANK,27-Feb-2025,2025-02-27,1080.00,CE,0.00,0.00,0.00,229.55,194.85,0,0.00,0,0,06-JAN-2025
OPTSTK,JSWSTEEL,30-Jan-2025,2025-01-30,760.00,CE,0.00,0.00,0.00,220.40,144.35,0,0.00,0,0,06-JAN-2025
OPTSTK,ICICIBANK,27-Mar-2025,2025-03-27,1520.00,CE,0.00,0.00,0.00,10.25,1.80,0,0.00,0,0,06-JAN-2025
OPTSTK,ICICIBANK,27-Mar-2025,2025-03-27,1520.00,PE,0.00,0.00,0.00,205.45,235.40,0,0.00,0,0,06-JAN-2025
OPTSTK,ICICIBANK,27-Feb-2025,2025-02-27,1340.00,PE,0.00,0.00,0.00,79.95,78.50,0,0.00,0,0,06-JAN-2025
OPTSTK,JSWSTEEL,30-Jan-2025,2025-01-30,1040.00,PE,0.00,0.00,0.00,95.85,134.95,0,0.00,0,0,06-JAN-2025
OPTSTK,JSWSTEEL,27-Feb-2025,2025-02-27,1040.00,CE,0.00,0.00,0.00,35.25,3.90,0,0.00,0,0,06-JAN-2025
OPTSTK,JSWSTEEL,30-Jan-2025,2025-01-30,1040.00,CE,1.25,1.50,1.20,1.30,0.45,50,351.439425,62775,-11475,06-JAN-2025
OPTSTK,GRASIM,27-Mar-2025,2025-03-27,2680.00,PE,0.00,0.00,0.00,228.45,221.15,0,0.00,0,0,06-JAN-2025
OPTSTK,JSWSTEEL,30-Jan-2025,2025-01-30,1020.00,PE,0.00,0.00,0.00,97.00,115.55,0,0.00,56025,0,06-JAN-2025
OPTSTK,JSWSTEEL,27-Mar-2025,2025-03-27,1020.00,CE,0.00,0.00,0.00,26.65,11.95,0,0.00,0,0,06-JAN-2025
OPTSTK,ICICIBANK,30-Jan-2025,2025-01-30,1100.00,CE,0.00,0.00,0.00,171.00,169.00,0,0.00,23800,0,06-JAN-2025
OPTSTK,GRASIM,30-Jan-2025,2025-01-30,2340.00,PE,8.40,20.75,8.40,19.10,19.10,324,1907.9645,34250,-2500,06-JAN-2025
OPTSTK,GRASIM,30-Jan-2025,2025-01-30,2340.00,CE,0.00,0.00,0.00,140.00,143.95,0,0.00,2250,0,06-JAN-2025
OPTSTK,GRASIM,30-Jan-2025,2025-01-30,2720.00,CE,6.10,6.10,2.80,2.80,2.80,241,1640.85487,23250,1500,06-JAN-2025
OPTSTK,INDIGO,30-Jan-2025,2025-01-30,4100.00,PE,14.75,76.85,14.75,67.20,67.20,3143,19581.4961,88050,38400,06-JAN-2025
OPTSTK,INDIGO,27-Mar-2025,2025-03-27,4400.00,CE,0.00,0.00,0.00,558.40,205.15,0,0.00,0,0,06-JAN-2025
OPTSTK,BATAINDIA,30-Jan-2025,2025-01-30,1460.00,CE,34.80,42.55,18.60,20.00,20.00,2115,11829.9558,100875,-59250,06-JAN-2025
OPTSTK,BATAINDIA,30-Jan-2025,2025-01-30,1520.00,CE,16.00,18.00,7.15,7.75,7.75,216,1240.60781,32625,-3750,06-JAN-2025
OPTSTK,BATAINDIA,30-Jan-2025,2025-01-30,1360.00,CE,105.00,105.00,70.00,70.00,77.40,9,48.910875,44250,750,06-JAN-2025
OPTSTK,TVSMOTOR,27-Mar-2025,2025-03-27,2240.00,CE,0.00,0.00,0.00,294.55,246.35,0,0.00,0,0,06-JAN-2025
OPTSTK,TVSMOTOR,30-Jan-2025,2025-01-30,2900.00,CE,2.45,2.45,1.15,1.15,0.25,30,304.680075,14000,-3500,06-JAN-2025
OPTSTK,AMBUJACEM,27-Feb-2025,2025-02-27,570.00,PE,0.00,0.00,0.00,47.45,50.20,0,0.00,0,0,06-JAN-2025
OPTSTK,TVSMOTOR,30-Jan-2025,2025-01-30,2350.00,PE,18.60,45.00,18.60,42.00,42.00,184,1533.86397,52850,1400,06-JAN-2025
OPTSTK,AMBUJACEM,27-Mar-2025,2025-03-27,560.00,CE,0.00,0.00,0.00,47.00,26.50,0,0.00,0,0,06-JAN-2025
OPTSTK,AMBUJACEM,30-Jan-2025,2025-01-30,565.00,PE,27.55,36.95,27.55,33.95,40.50,5,26.94915,16200,2700,06-JAN-2025
OPTSTK,AMBUJACEM,27-Feb-2025,2025-02-27,565.00,PE,0.00,0.00,0.00,44.60,46.75,0,0.00,0,0,06-JAN-2025
OPTSTK,AMBUJACEM,30-Jan-2025,2025-01-30,440.00,PE,0.40,2.90,0.30,1.00,0.30,112,444.34215,40500,9900,06-JAN-2025
OPTSTK,AMBUJACEM,30-Jan-2025,2025-01-30,520.00,CE,30.45,30.45,21.65,22.60,22.60,74,361.88235,36000,9000,06-JAN-2025
OPTSTK,AMBUJACEM,27-Feb-2025,2025-02-27,525.00,PE,0.00,0.00,0.00,25.15,23.80,0,0.00,0,0,06-JAN-2025
OPTSTK,AMBUJACEM,27-Feb-2025,2025-02-27,525.00,CE,0.00,0.00,0.00,55.55,33.75,0,0.00,0,0,06-JAN-2025
OPTSTK,AMBUJACEM,27-Feb-2025,2025-02-27,610.00,CE,3.50,3.50,3.40,3.40,6.90,11,60.7311,9900,9900,06-JAN-2025
OPTSTK,TVSMOTOR,27-Mar-2025,2025-03-27,1920.00,PE,0.00,0.00,0.00,7.05,2.50,0,0.00,0,0,06-JAN-2025
OPTSTK,TVSMOTOR,30-Jan-2025,2025-01-30,2620.00,PE,0.00,0.00,0.00,142.90,205.50,0,0.00,36400,0,06-JAN-2025
OPTSTK,TVSMOTOR,27-Feb-2025,2025-02-27,2620.00,PE,0.00,0.00,0.00,218.00,215.70,0,0.00,0,0,06-JAN-2025
OPTSTK,TVSMOTOR,30-Jan-2025,2025-01-30,2150.00,PE,3.55,6.95,3.55,6.60,6.60,78,588.43785,66500,9450,06-JAN-2025
OPTSTK,TVSMOTOR,27-Mar-2025,2025-03-27,2720.00,CE,0.00,0.00,0.00,69.35,35.35,0,0.00,0,0,06-JAN-2025
OPTSTK,AMBUJACEM,27-Mar-2025,2025-03-27,570.00,PE,0.00,0.00,0.00,53.60,54.75,0,0.00,0,0,06-JAN-2025
OPTSTK,TVSMOTOR,30-Jan-2025,2025-01-30,2500.00,PE,80.00,120.70,67.00,114.00,114.00,554,5022.80835,67550,-34300,06-JAN-2025
OPTSTK,TVSMOTOR,27-Feb-2025,2025-02-27,2560.00,CE,0.00,0.00,0.00,89.15,49.80,0,0.00,0,0,06-JAN-2025
OPTSTK,TVSMOTOR,27-Mar-2025,2025-03-27,2560.00,CE,0.00,0.00,0.00,119.75,75.70,0,0.00,0,0,06-JAN-2025
OPTSTK,TVSMOTOR,30-Jan-2025,2025-01-30,2650.00,CE,20.55,20.55,10.25,10.80,10.80,116,1081.46377,42700,1050,06-JAN-2025
OPTSTK,AMBUJACEM,30-Jan-2025,2025-01-30,610.00,PE,0.00,0.00,0.00,57.00,79.05,0,0.00,5400,0,06-JAN-2025
OPTSTK,AMBUJACEM,27-Mar-2025,2025-03-27,610.00,PE,0.00,0.00,0.00,78.70,83.70,0,0.00,0,0,06-JAN-2025
FUTSTK,TVSMOTOR,27-Feb-2025,2025-02-27,,,2503.80,2515.70,2430.20,2436.05,2436.05,85,737.647925,81200,3150,06-JAN-2025
OPTSTK,AMBUJACEM,30-Jan-2025,2025-01-30,660.00,CE,0.15,0.15,0.15,0.15,0.15,2,11.8827,71100,0,06-JAN-2025
OPTSTK,AMBUJACEM,30-Jan-2025,2025-01-30,660.00,PE,0.00,0.00,0.00,104.00,127.35,0,0.00,152100,0,06-JAN-2025
OPTSTK,TVSMOTOR,30-Jan-2025,2025-01-30,2580.00,PE,0.00,0.00,0.00,106.70,171.45,0,0.00,3150,0,06-JAN-2025
OPTSTK,AMBUJACEM,30-Jan-2025,2025-01-30,545.00,CE,15.80,15.80,9.15,9.90,9.90,200,1001.2797,99900,6300,06-JAN-2025
OPTSTK,TVSMOTOR,30-Jan-2025,2025-01-30,2480.00,PE,63.05,100.70,58.20,100.70,100.70,406,3629.45502,50750,9800,06-JAN-2025
OPTSTK,TVSMOTOR,30-Jan-2025,2025-01-30,2480.00,CE,81.00,83.85,46.40,48.20,48.20,364,3247.40185,48650,7350,06-JAN-2025
OPTSTK,TVSMOTOR,27-Mar-2025,2025-03-27,2480.00,CE,0.00,0.00,0.00,153.70,106.20,0,0.00,0,0,06-JAN-2025
OPTSTK,JKCEMENT,30-Jan-2025,2025-01-30,4250.00,PE,0.00,0.00,0.00,20.00,8.70,0,0.00,4125,0,06-JAN-2025
OPTSTK,JKCEMENT,27-Feb-2025,2025-02-27,5050.00,PE,0.00,0.00,0.00,500.50,382.75,0,0.00,0,0,06-JAN-2025
OPTSTK,JKCEMENT,27-Mar-2025,2025-03-27,4300.00,CE,0.00,0.00,0.00,510.05,530.30,0,0.00,0,0,06-JAN-2025
OPTSTK,JKCEMENT,27-Feb-2025,2025-02-27,4300.00,CE,0.00,0.00,0.00,230.70,483.35,0,0.00,0,0,06-JAN-2025
OPTSTK,RECLTD,27-Mar-2025,2025-03-27,580.00,PE,0.00,0.00,0.00,87.95,81.60,0,0.00,0,0,06-JAN-2025
OPTSTK,RECLTD,27-Feb-2025,2025-02-27,620.00,CE,0.00,0.00,0.00,31.70,7.40,0,0.00,0,0,06-JAN-2025
OPTSTK,RECLTD,30-Jan-2025,2025-01-30,560.00,PE,32.15,52.95,32.15,51.05,51.05,124,745.2005,485000,-4000,06-JAN-2025
OPTSTK,BIOCON,30-Jan-2025,2025-01-30,325.00,PE,0.70,1.65,0.65,1.60,1.60,73,595.4825,200000,37500,06-JAN-2025
OPTSTK,BIOCON,27-Feb-2025,2025-02-27,325.00,PE,0.00,0.00,0.00,12.55,5.25,0,0.00,0,0,06-JAN-2025
OPTSTK,JKCEMENT,30-Jan-2025,2025-01-30,4050.00,CE,0.00,0.00,0.00,297.20,671.10,0,0.00,0,0,06-JAN-2025
OPTSTK,JKCEMENT,27-Feb-2025,2025-02-27,4050.00,PE,0.00,0.00,0.00,46.20,11.45,0,0.00,0,0,06-JAN-2025
OPTSTK,JKCEMENT,27-Feb-2025,2025-02-27,4350.00,CE,0.00,0.00,0.00,418.95,443.45,0,0.00,0,0,06-JAN-2025
OPTSTK,RECLTD,30-Jan-2025,2025-01-30,470.00,CE,70.65,70.65,50.05,50.80,51.85,14,74.5295,46000,-2000,06-JAN-2025
OPTSTK,JKCEMENT,30-Jan-2025,2025-01-30,4100.00,CE,0.00,0.00,0.00,442.50,622.25,0,0.00,0,0,06-JAN-2025
OPTSTK,RECLTD,27-Feb-2025,2025-02-27,590.00,PE,0.00,0.00,0.00,88.05,84.05,0,0.00,0,0,06-JAN-2025
OPTSTK,BIOCON,30-Jan-2025,2025-01-30,365.00,CE,15.55,15.70,8.60,9.30,9.30,365,3435.00625,390000,40000,06-JAN-2025
OPTSTK,BIOCON,27-Feb-2025,2025-02-27,380.00,CE,14.60,14.60,10.00,10.00,11.55,4,39.18375,5000,5000,06-JAN-2025
OPTSTK,BIOCON,27-Mar-2025,2025-03-27,310.00,PE,0.00,0.00,0.00,11.05,4.70,0,0.00,0,0,06-JAN-2025
OPTSTK,BIOCON,27-Feb-2025,2025-02-27,310.00,PE,0.00,0.00,0.00,7.65,2.60,0,0.00,0,0,06-JAN-2025
OPTSTK,BIOCON,30-Jan-2025,2025-01-30,340.00,PE,1.90,4.25,1.50,3.95,3.95,369,3164.72625,885000,-12500,06-JAN-2025
OPTSTK,BIOCON,27-Mar-2025,2025-03-27,340.00,PE,0.00,0.00,0.00,22.40,12.85,0,0.00,0,0,06-JAN-2025
OPTSTK,BIOCON,30-Jan-2025,2025-01-30,385.00,CE,5.60,6.75,3.15,3.45,3.45,420,4089.78625,680000,40000,06-JAN-2025
OPTSTK,BIOCON,27-Feb-2025,2025-02-27,385.00,PE,0.00,0.00,0.00,45.50,33.15,0,0.00,0,0,06-JAN-2025
OPTSTK,JKCEMENT,30-Jan-2025,2025-01-30,4350.00,CE,0.00,0.00,0.00,400.10,389.15,0,0.00,2750,0,06-JAN-2025
OPTSTK,RECLTD,27-Feb-2025,2025-02-27,470.00,CE,0.00,0.00,0.00,77.40,62.30,0,0.00,0,0,06-JAN-2025
OPTSTK,JKCEMENT,27-Feb-2025,2025-02-27,4000.00,PE,0.00,0.00,0.00,164.80,8.55,0,0.00,0,0,06-JAN-2025
OPTSTK,BIOCON,30-Jan-2025,2025-01-30,420.00,CE,0.85,0.85,0.45,0.50,0.50,151,1587.82375,1000000,-20000,06-JAN-2025
OPTSTK,BIOCON,27-Feb-2025,2025-02-27,420.00,CE,0.00,0.00,0.00,13.80,3.25,0,0.00,0,0,06-JAN-2025
OPTSTK,JKCEMENT,27-Mar-2025,2025-03-27,4900.00,PE,0.00,0.00,0.00,425.55,309.15,0,0.00,0,0,06-JAN-2025
OPTSTK,JKCEMENT,30-Jan-2025,2025-01-30,4900.00,PE,0.00,0.00,0.00,235.65,239.15,0,0.00,750,0,06-JAN-2025
OPTSTK,BIOCON,27-Feb-2025,2025-02-27,385.00,CE,0.00,0.00,0.00,11.80,10.00,0,0.00,0,0,06-JAN-2025
OPTSTK,BIOCON,27-Mar-2025,2025-03-27,300.00,CE,0.00,0.00,0.00,60.20,65.70,0,0.00,0,0,06-JAN-2025
OPTSTK,EICHERMOT,27-Feb-2025,2025-02-27,4350.00,CE,0.00,0.00,0.00,561.95,945.80,0,0.00,0,0,06-JAN-2025
OPTSTK,EICHERMOT,30-Jan-2025,2025-01-30,4100.00,PE,0.00,0.00,0.00,29.05,0.05,0,0.00,0,0,06-JAN-2025
OPTSTK,EICHERMOT,30-Jan-2025,2025-01-30,4100.00,CE,0.00,0.00,0.00,897.45,1168.25,0,0.00,0,0,06-JAN-2025
OPTSTK,KEI,30-Jan-2025,2025-01-30,4100.00,PE,65.40,102.00,65.40,96.80,96.80,124,779.46855,5850,3150,06-JAN-2025
OPTSTK,KEI,27-Feb-2025,2025-02-27,4100.00,CE,0.00,0.00,0.00,466.90,343.95,0,0.00,0,0,06-JAN-2025
OPTSTK,EICHERMOT,27-Feb-2025,2025-02-27,4100.00,PE,0.00,0.00,0.00,40.75,0.70,0,0.00,0,0,06-JAN-2025
OPTSTK,EICHERMOT,27-Mar-2025,2025-03-27,5500.00,PE,0.00,0.00,0.00,691.15,354.80,0,0.00,0,0,06-JAN-2025
OPTSTK,TORNTPHARM,30-Jan-2025,2025-01-30,4000.00,CE,2.50,3.40,0.50,2.30,2.30,198,1981.03612,102000,1250,06-JAN-2025
OPTSTK,TORNTPHARM,27-Feb-2025,2025-02-27,3000.00,PE,0.00,0.00,0.00,75.90,9.50,0,0.00,0,0,06-JAN-2025
OPTSTK,EICHERMOT,30-Jan-2025,2025-01-30,4450.00,CE,0.00,0.00,0.00,503.30,820.40,0,0.00,0,0,06-JAN-2025
OPTSTK,EICHERMOT,27-Mar-2025,2025-03-27,6200.00,CE,0.00,0.00,0.00,18.60,36.55,0,0.00,0,0,06-JAN-2025
OPTSTK,KEI,27-Feb-2025,2025-02-27,4900.00,PE,0.00,0.00,0.00,661.80,660.10,0,0.00,0,0,06-JAN-2025
OPTSTK,EICHERMOT,27-Feb-2025,2025-02-27,4900.00,CE,0.00,0.00,0.00,296.70,457.90,0,0.00,0,0,06-JAN-2025
OPTSTK,EICHERMOT,27-Mar-2025,2025-03-27,4900.00,CE,367.00,367.00,367.00,367.00,513.30,2,18.4345,700,350,06-JAN-2025
OPTSTK,EICHERMOT,30-Jan-2025,2025-01-30,4900.00,CE,460.00,460.00,360.50,397.35,397.35,16,148.705375,46900,-1050,06-JAN-2025
OPTSTK,TORNTPHARM,27-Mar-2025,2025-03-27,3800.00,CE,0.00,0.00,0.00,82.85,31.95,0,0.00,0,0,06-JAN-2025
OPTSTK,KEI,30-Jan-2025,2025-01-30,3800.00,PE,19.30,34.05,19.30,32.40,32.40,38,218.220225,19800,2100,06-JAN-2025
OPTSTK,TORNTPHARM,30-Jan-2025,2025-01-30,3800.00,PE,0.00,0.00,0.00,566.95,422.15,0,0.00,0,0,06-JAN-2025
OPTSTK,EICHERMOT,27-Feb-2025,2025-02-27,4600.00,PE,25.00,25.00,25.00,25.00,16.65,1,8.09375,350,0,06-JAN-2025
OPTSTK,KEI,27-Mar-2025,2025-03-27,4600.00,CE,0.00,0.00,0.00,305.75,188.10,0,0.00,0,0,06-JAN-2025
OPTSTK,TORNTPHARM,27-Feb-2025,2025-02-27,3650.00,CE,0.00,0.00,0.00,88.70,34.30,0,0.00,0,0,06-JAN-2025
OPTSTK,EICHERMOT,27-Feb-2025,2025-02-27,5400.00,PE,246.45,246.45,246.45,246.45,262.35,1,9.8812875,175,175,06-JAN-2025
OPTSTK,GODREJCP,30-Jan-2025,2025-01-30,1230.00,CE,6.00,12.10,4.35,7.05,7.05,342,2119.378,86500,86500,06-JAN-2025
OPTSTK,GODREJCP,27-Feb-2025,2025-02-27,1230.00,PE,0.00,0.00,0.00,157.40,95.05,0,0.00,0,0,06-JAN-2025
OPTSTK,GODREJCP,30-Jan-2025,2025-01-30,1210.00,PE,84.25,84.30,84.25,84.30,72.75,2,12.94275,1000,1000,06-JAN-2025
OPTSTK,HDFCAMC,27-Feb-2025,2025-02-27,3950.00,PE,0.00,0.00,0.00,108.20,105.80,0,0.00,0,0,06-JAN-2025
OPTSTK,HDFCAMC,27-Mar-2025,2025-03-27,4000.00,PE,0.00,0.00,0.00,161.35,159.45,0,0.00,0,0,06-JAN-2025
OPTSTK,INDUSINDBK,30-Jan-2025,2025-01-30,1360.00,CE,0.25,1.65,0.20,0.35,0.05,126,857.102,21000,11000,06-JAN-2025
OPTSTK,GODREJCP,30-Jan-2025,2025-01-30,1120.00,CE,35.00,58.60,28.30,45.85,45.85,2166,12563.3137,137500,-40000,06-JAN-2025
OPTSTK,HDFCAMC,30-Jan-2025,2025-01-30,3900.00,CE,251.75,277.05,242.80,266.40,267.30,8,49.970625,1050,1050,06-JAN-2025
OPTSTK,INDUSINDBK,27-Feb-2025,2025-02-27,860.00,PE,0.00,0.00,0.00,26.35,8.75,0,0.00,0,0,06-JAN-2025
OPTSTK,HDFCAMC,30-Jan-2025,2025-01-30,4600.00,PE,0.00,0.00,0.00,353.30,487.85,0,0.00,900,0,06-JAN-2025
OPTSTK,GODREJCP,27-Feb-2025,2025-02-27,1020.00,PE,0.00,0.00,0.00,28.90,5.85,0,0.00,0,0,06-JAN-2025
OPTSTK,INDUSINDBK,27-Feb-2025,2025-02-27,1200.00,PE,0.00,0.00,0.00,242.00,221.40,0,0.00,500,0,06-JAN-2025
OPTSTK,GODREJCP,27-Feb-2025,2025-02-27,1200.00,CE,20.00,31.00,20.00,31.00,31.00,10,61.3925,3500,2500,06-JAN-2025
OPTSTK,INDUSINDBK,27-Feb-2025,2025-02-27,850.00,PE,0.00,0.00,0.00,23.40,7.25,0,0.00,0,0,06-JAN-2025
OPTSTK,INDUSINDBK,30-Jan-2025,2025-01-30,900.00,CE,102.00,105.70,82.00,83.60,83.60,89,441.67225,239000,6500,06-JAN-2025
OPTSTK,GODREJCP,27-Feb-2025,2025-02-27,900.00,CE,0.00,0.00,0.00,187.20,250.70,0,0.00,0,0,06-JAN-2025
OPTSTK,INDUSINDBK,30-Jan-2025,2025-01-30,840.00,PE,2.40,4.50,1.85,3.60,3.60,404,1702.708,167000,4000,06-JAN-2025
OPTSTK,HDFCAMC,27-Feb-2025,2025-02-27,3600.00,CE,0.00,0.00,0.00,745.05,564.10,0,0.00,0,0,06-JAN-2025
OPTSTK,GODREJCP,30-Jan-2025,2025-01-30,950.00,PE,0.00,0.00,0.00,4.75,0.05,0,0.00,0,0,06-JAN-2025
OPTSTK,INDUSINDBK,27-Mar-2025,2025-03-27,880.00,PE,0.00,0.00,0.00,42.25,19.50,0,0.00,0,0,06-JAN-2025
OPTSTK,HDFCAMC,27-Feb-2025,2025-02-27,4750.00,PE,0.00,0.00,0.00,535.15,630.30,0,0.00,0,0,06-JAN-2025
OPTSTK,HDFCAMC,27-Feb-2025,2025-02-27,3750.00,CE,0.00,0.00,0.00,625.25,440.30,0,0.00,0,0,06-JAN-2025
OPTSTK,GODREJCP,27-Mar-2025,2025-03-27,1280.00,CE,0.00,0.00,0.00,15.45,18.10,0,0.00,0,0,06-JAN-2025
OPTSTK,INDUSINDBK,30-Jan-2025,2025-01-30,1280.00,CE,0.35,0.45,0.20,0.25,0.25,205,1312.30675,413000,10000,06-JAN-2025
OPTSTK,GODREJCP,27-Feb-2025,2025-02-27,1280.00,CE,0.00,0.00,0.00,73.45,9.35,0,0.00,0,0,06-JAN-2025
OPTSTK,INDUSINDBK,27-Mar-2025,2025-03-27,880.00,CE,0.00,0.00,0.00,110.10,122.45,0,0.00,0,0,06-JAN-2025
OPTSTK,INDUSINDBK,30-Jan-2025,2025-01-30,870.00,CE,0.00,0.00,0.00,86.30,107.20,0,0.00,0,0,06-JAN-2025
OPTSTK,INDUSINDBK,27-Feb-2025,2025-02-27,870.00,CE,0.00,0.00,0.00,102.45,118.90,0,0.00,0,0,06-JAN-2025
OPTSTK,HDFCAMC,30-Jan-2025,2025-01-30,4000.00,CE,206.40,210.00,168.00,202.90,202.90,53,333.730875,2550,1200,06-JAN-2025
OPTSTK,HDFCAMC,27-Feb-2025,2025-02-27,4000.00,CE,0.00,0.00,0.00,468.15,267.95,0,0.00,0,0,06-JAN-2025
OPTSTK,GODREJCP,27-Mar-2025,2025-03-27,1120.00,CE,0.00,0.00,0.00,55.75,77.10,0,0.00,0,0,06-JAN-2025
OPTSTK,GODREJCP,27-Feb-2025,2025-02-27,1120.00,CE,0.00,0.00,0.00,171.30,63.35,0,0.00,0,0,06-JAN-2025
OPTSTK,ABCAPITAL,30-Jan-2025,2025-01-30,225.00,CE,0.00,0.00,0.00,0.10,0.05,0,0.00,59400,0,06-JAN-2025
OPTSTK,ABCAPITAL,30-Jan-2025,2025-01-30,200.00,PE,15.00,24.25,15.00,23.05,23.05,36,214.9713,1665900,-29700,06-JAN-2025
OPTSTK,SBICARD,27-Feb-2025,2025-02-27,840.00,CE,0.00,0.00,0.00,6.80,1.75,0,0.00,0,0,06-JAN-2025
OPTSTK,ABCAPITAL,27-Feb-2025,2025-02-27,175.00,PE,0.00,0.00,0.00,6.65,7.50,0,0.00,0,0,06-JAN-2025
OPTSTK,ABCAPITAL,30-Jan-2025,2025-01-30,175.00,PE,1.95,5.50,1.80,4.90,4.90,1041,5030.50635,677700,-259200,06-JAN-2025
OPTSTK,SBICARD,27-Mar-2025,2025-03-27,650.00,PE,0.00,0.00,0.00,17.50,3.55,0,0.00,0,0,06-JAN-2025
OPTSTK,ABCAPITAL,27-Mar-2025,2025-03-27,200.00,PE,0.00,0.00,0.00,22.05,25.00,0,0.00,0,0,06-JAN-2025
OPTSTK,ABCAPITAL,30-Jan-2025,2025-01-30,200.00,CE,1.10,1.10,0.50,0.55,0.55,1031,5585.89095,3069900,-337500,06-JAN-2025
OPTSTK,ABCAPITAL,27-Mar-2025,2025-03-27,200.00,CE,0.00,0.00,0.00,10.00,4.15,0,0.00,0,0,06-JAN-2025
OPTSTK,SBICARD,27-Mar-2025,2025-03-27,620.00,PE,0.00,0.00,0.00,9.35,1.25,0,0.00,0,0,06-JAN-2025
OPTSTK,ABCAPITAL,27-Feb-2025,2025-02-27,190.00,CE,6.00,6.00,3.85,4.20,4.50,9,47.2068,18900,0,06-JAN-2025
OPTSTK,SBICARD,27-Feb-2025,2025-02-27,790.00,PE,0.00,0.00,0.00,79.15,59.40,0,0.00,0,0,06-JAN-2025
OPTSTK,SBICARD,27-Feb-2025,2025-02-27,790.00,CE,0.00,0.00,0.00,15.30,7.50,0,0.00,0,0,06-JAN-2025
OPTSTK,SBICARD,30-Jan-2025,2025-01-30,790.00,PE,44.55,61.50,41.90,61.50,61.50,11,73.7764,7200,5600,06-JAN-2025
OPTSTK,SBICARD,27-Feb-2025,2025-02-27,735.00,CE,0.00,0.00,0.00,12.60,25.85,0,0.00,0,0,06-JAN-2025
OPTSTK,SBICARD,27-Feb-2025,2025-02-27,770.00,PE,0.00,0.00,0.00,64.75,44.35,0,0.00,0,0,06-JAN-2025
OPTSTK,SBICARD,27-Mar-2025,2025-03-27,770.00,PE,0.00,0.00,0.00,87.65,47.15,0,0.00,0,0,06-JAN-2025
OPTSTK,SBICARD,27-Feb-2025,2025-02-27,840.00,PE,0.00,0.00,0.00,119.75,103.15,0,0.00,0,0,06-JAN-2025
OPTSTK,SBICARD,30-Jan-2025,2025-01-30,780.00,CE,7.95,15.40,5.20,6.45,6.45,3157,19915.868,407200,172000,06-JAN-2025
OPTSTK,SBICARD,27-Feb-2025,2025-02-27,780.00,PE,0.00,0.00,0.00,71.80,51.65,0,0.00,0,0,06-JAN-2025
OPTSTK,ABCAPITAL,27-Feb-2025,2025-02-27,200.00,CE,3.00,3.00,1.90,2.10,2.10,14,76.4802,145800,13500,06-JAN-2025
OPTSTK,ABCAPITAL,27-Feb-2025,2025-02-27,200.00,PE,0.00,0.00,0.00,17.50,24.15,0,0.00,0,0,06-JAN-2025
OPTSTK,SBICARD,27-Mar-2025,2025-03-27,560.00,CE,0.00,0.00,0.00,131.10,178.85,0,0.00,0,0,06-JAN-2025
OPTSTK,SBICARD,30-Jan-2025,2025-01-30,860.00,CE,1.00,1.00,0.80,0.80,0.80,6,41.3216,4800,4800,06-JAN-2025
OPTSTK,SBICARD,27-Feb-2025,2025-02-27,860.00,CE,0.00,0.00,0.00,4.80,0.90,0,0.00,0,0,06-JAN-2025
OPTSTK,SBICARD,30-Jan-2025,2025-01-30,670.00,CE,68.00,68.00,67.55,67.55,64.50,3,17.7084,75200,-2400,06-JAN-2025
OPTSTK,SBICARD,27-Feb-2025,2025-02-27,710.00,CE,0.00,0.00,0.00,44.95,40.25,0,0.00,0,0,06-JAN-2025
OPTSTK,SBICARD,27-Mar-2025,2025-03-27,710.00,PE,0.00,0.00,0.00,45.40,16.90,0,0.00,0,0,06-JAN-2025
OPTSTK,SBICARD,30-Jan-2025,2025-01-30,590.00,CE,0.00,0.00,0.00,113.15,143.15,0,0.00,0,0,06-JAN-2025
OPTSTK,SBICARD,27-Feb-2025,2025-02-27,630.00,PE,3.85,3.85,2.50,3.00,0.70,3,15.1948,0,0,06-JAN-2025
OPTSTK,SBICARD,27-Feb-2025,2025-02-27,630.00,CE,0.00,0.00,0.00,99.80,107.25,0,0.00,0,0,06-JAN-2025
OPTSTK,ABCAPITAL,30-Jan-2025,2025-01-30,157.50,CE,0.00,0.00,0.00,39.75,20.05,0,0.00,0,0,06-JAN-2025
OPTSTK,MRF,30-Jan-2025,2025-01-30,121500.00,CE,0.00,0.00,0.00,7173.25,3684.65,0,0.00,0,0,06-JAN-2025
OPTSTK,BAJFINANCE,30-Jan-2025,2025-01-30,7900.00,PE,377.65,572.00,371.35,515.40,558.20,26,271.051187,3000,1500,06-JAN-2025
OPTSTK,MRF,27-Mar-2025,2025-03-27,123000.00,CE,0.00,0.00,0.00,12823.90,5669.55,0,0.00,0,0,06-JAN-2025
OPTSTK,BAJFINANCE,30-Jan-2025,2025-01-30,8300.00,CE,16.05,26.00,9.00,11.25,11.25,3745,38938.9456,73000,23250,06-JAN-2025
OPTSTK,MRF,30-Jan-2025,2025-01-30,126000.00,PE,4450.00,4450.00,4449.95,4450.00,4450.00,3,19.5674975,30,-10,06-JAN-2025
OPTSTK,BAJFINANCE,27-Feb-2025,2025-02-27,8300.00,CE,0.00,0.00,0.00,31.65,50.25,0,0.00,0,0,06-JAN-2025
OPTSTK,BAJFINANCE,30-Jan-2025,2025-01-30,6200.00,PE,4.85,6.75,2.50,6.15,6.15,1379,10695.9741,102125,-43750,06-JAN-2025
OPTSTK,BAJFINANCE,27-Feb-2025,2025-02-27,8300.00,PE,0.00,0.00,0.00,1411.80,921.55,0,0.00,0,0,06-JAN-2025
OPTSTK,MRF,30-Jan-2025,2025-01-30,130000.00,PE,5000.00,7700.00,5000.00,6789.30,7152.85,67,456.65571,975,90,06-JAN-2025
OPTSTK,BAJFINANCE,30-Jan-2025,2025-01-30,5400.00,CE,0.00,0.00,0.00,1480.00,1973.15,0,0.00,375,0,06-JAN-2025
OPTIDX,NIFTYNXT50,27-Mar-2025,2025-03-27,61000.00,CE,0.00,0.00,0.00,9027.80,7195.90,0,0.00,0,0,06-JAN-2025
OPTIDX,NIFTYNXT50,30-Jan-2025,2025-01-30,70500.00,CE,826.05,826.05,399.00,505.25,505.25,139,986.59693,780,680,06-JAN-2025
OPTIDX,NIFTYNXT50,30-Jan-2025,2025-01-30,61000.00,PE,0.00,0.00,0.00,347.80,25.25,0,0.00,0,0,06-JAN-2025
OPTIDX,NIFTYNXT50,27-Feb-2025,2025-02-27,76700.00,PE,0.00,0.00,0.00,6113.45,9051.40,0,0.00,0,0,06-JAN-2025
OPTIDX,NIFTYNXT50,27-Feb-2025,2025-02-27,76700.00,CE,0.00,0.00,0.00,1491.65,82.25,0,0.00,0,0,06-JAN-2025
OPTIDX,NIFTYNXT50,30-Jan-2025,2025-01-30,76700.00,CE,0.00,0.00,0.00,1327.80,3.85,0,0.00,0,0,06-JAN-2025
OPTIDX,NIFTYNXT50,30-Jan-2025,2025-01-30,68200.00,PE,920.00,920.00,920.00,920.00,1810.25,1,6.912,20,-10,06-JAN-2025
OPTIDX,NIFTYNXT50,27-Mar-2025,2025-03-27,68700.00,CE,0.00,0.00,0.00,3581.45,2057.60,0,0.00,0,0,06-JAN-2025
OPTIDX,NIFTYNXT50,27-Mar-2025,2025-03-27,68700.00,PE,0.00,0.00,0.00,2508.95,2751.90,0,0.00,0,0,06-JAN-2025
OPTIDX,NIFTYNXT50,30-Jan-2025,2025-01-30,68700.00,PE,0.00,0.00,0.00,1979.95,2131.60,0,0.00,20,0,06-JAN-2025
OPTIDX,NIFTYNXT50,27-Feb-2025,2025-02-27,66100.00,PE,0.00,0.00,0.00,1002.35,1226.95,0,0.00,0,0,06-JAN-2025
OPTIDX,NIFTYNXT50,27-Feb-2025,2025-02-27,76100.00,PE,0.00,0.00,0.00,5689.55,8481.90,0,0.00,0,0,06-JAN-2025
OPTIDX,NIFTYNXT50,30-Jan-2025,2025-01-30,76100.00,CE,0.00,0.00,0.00,1471.40,6.45,0,0.00,0,0,06-JAN-2025
OPTIDX,NIFTYNXT50,30-Jan-2025,2025-01-30,76100.00,PE,0.00,0.00,0.00,6411.65,8772.65,0,0.00,0,0,06-JAN-2025
OPTIDX,NIFTYNXT50,27-Feb-2025,2025-02-27,76100.00,CE,0.00,0.00,0.00,1657.20,107.00,0,0.00,0,0,06-JAN-2025
OPTIDX,NIFTYNXT50,30-Jan-2025,2025-01-30,67600.00,CE,0.00,0.00,0.00,5171.85,1158.60,0,0.00,0,0,06-JAN-2025
OPTIDX,NIFTYNXT50,30-Jan-2025,2025-01-30,63100.00,CE,0.00,0.00,0.00,8444.75,4313.75,0,0.00,0,0,06-JAN-2025
OPTIDX,NIFTYNXT50,30-Jan-2025,2025-01-30,63100.00,PE,0.00,0.00,0.00,631.55,137.50,0,0.00,0,0,06-JAN-2025
OPTIDX,NIFTYNXT50,27-Feb-2025,2025-02-27,64900.00,PE,0.00,0.00,0.00,744.65,822.80,0,0.00,0,0,06-JAN-2025
OPTIDX,NIFTYNXT50,27-Mar-2025,2025-03-27,66400.00,CE,0.00,0.00,0.00,4923.30,3217.65,0,0.00,0,0,06-JAN-2025
OPTIDX,NIFTYNXT50,27-Feb-2025,2025-02-27,66400.00,CE,0.00,0.00,0.00,6575.10,2577.90,0,0.00,0,0,06-JAN-2025
OPTIDX,NIFTYNXT50,30-Jan-2025,2025-01-30,83000.00,CE,18.45,18.45,10.20,16.90,16.90,479,3976.47466,2240,520,06-JAN-2025
OPTIDX,NIFTYNXT50,27-Feb-2025,2025-02-27,83000.00,PE,0.00,0.00,0.00,11243.20,15212.25,0,0.00,0,0,06-JAN-2025
OPTIDX,NIFTYNXT50,27-Feb-2025,2025-02-27,83000.00,CE,0.00,0.00,0.00,432.40,3.40,0,0.00,0,0,06-JAN-2025
OPTIDX,NIFTYNXT50,30-Jan-2025,2025-01-30,83000.00,PE,0.00,0.00,0.00,12096.65,15635.65,0,0.00,0,0,06-JAN-2025
OPTIDX,NIFTYNXT50,30-Jan-2025,2025-01-30,74000.00,PE,0.00,0.00,0.00,4971.70,6708.70,0,0.00,0,0,06-JAN-2025
OPTIDX,NIFTYNXT50,27-Mar-2025,2025-03-27,74000.00,CE,0.00,0.00,0.00,1487.05,567.20,0,0.00,0,0,06-JAN-2025
OPTIDX,NIFTYNXT50,27-Feb-2025,2025-02-27,74000.00,CE,0.00,0.00,0.00,2351.50,252.80,0,0.00,0,0,06-JAN-2025
OPTIDX,NIFTYNXT50,27-Mar-2025,2025-03-27,74000.00,PE,0.00,0.00,0.00,5620.80,6483.70,0,0.00,0,0,06-JAN-2025
OPTIDX,NIFTYNXT50,30-Jan-2025,2025-01-30,74000.00,CE,0.00,0.00,0.00,2091.65,33.20,0,0.00,0,0,06-JAN-2025
OPTIDX,NIFTYNXT50,27-Feb-2025,2025-02-27,74000.00,PE,0.00,0.00,0.00,4320.90,6547.80,0,0.00,0,0,06-JAN-2025
OPTIDX,BANKNIFTY,30-Jan-2025,2025-01-30,50800.00,PE,661.95,1410.70,661.95,1280.90,1280.90,159538,1237172.81,132510,-51480,06-JAN-2025
OPTSTK,CUMMINSIND,30-Jan-2025,2025-01-30,2850.00,CE,0.00,0.00,0.00,692.25,349.90,0,0.00,0,0,06-JAN-2025
OPTIDX,BANKNIFTY,25-Sep-2025,2025-09-25,54000.00,PE,0.00,0.00,0.00,2601.70,3720.80,0,0.00,0,0,06-JAN-2025
OPTIDX,BANKNIFTY,25-Sep-2025,2025-09-25,54000.00,CE,0.00,0.00,0.00,6494.85,2196.80,0,0.00,0,0,06-JAN-2025
OPTIDX,BANKNIFTY,30-Jan-2025,2025-01-30,54000.00,CE,98.00,110.50,57.50,60.60,60.60,385228,3124499.96,1841565,312990,06-JAN-2025
OPTSTK,JSWENERGY,27-Mar-2025,2025-03-27,580.00,PE,0.00,0.00,0.00,34.45,33.85,0,0.00,0,0,06-JAN-2025
OPTIDX,BANKNIFTY,27-Mar-2025,2025-03-27,50400.00,PE,1126.30,1163.00,1126.30,1163.00,1445.10,2,30.92679,0,0,06-JAN-2025
OPTIDX,BANKNIFTY,30-Jan-2025,2025-01-30,50400.00,PE,550.00,1177.85,520.00,1057.65,1057.65,165567,1272266.38,147375,14580,06-JAN-2025
OPTIDX,BANKNIFTY,27-Feb-2025,2025-02-27,50400.00,CE,1803.25,1836.25,1310.20,1374.90,1374.90,247,3845.15712,10470,2940,06-JAN-2025
OPTIDX,BANKNIFTY,24-Dec-2025,2025-12-24,54000.00,CE,0.00,0.00,0.00,4702.20,3000.45,0,0.00,0,0,06-JAN-2025
OPTIDX,BANKNIFTY,30-Jan-2025,2025-01-30,54000.00,PE,2885.55,4040.00,2847.80,3876.95,3876.95,16654,144109.073,255705,14580,06-JAN-2025
OPTSTK,JSWENERGY,27-Feb-2025,2025-02-27,580.00,PE,0.00,0.00,0.00,29.50,26.30,0,0.00,0,0,06-JAN-2025
OPTIDX,BANKNIFTY,27-Feb-2025,2025-02-27,56400.00,CE,0.00,0.00,0.00,360.00,53.15,0,0.00,60,0,06-JAN-2025
OPTIDX,BANKNIFTY,27-Feb-2025,2025-02-27,56400.00,PE,0.00,0.00,0.00,4089.10,5991.40,0,0.00,0,0,06-JAN-2025
OPTSTK,JSWENERGY,27-Feb-2025,2025-02-27,670.00,CE,0.00,0.00,0.00,35.35,17.45,0,0.00,750,0,06-JAN-2025
OPTSTK,CUMMINSIND,27-Mar-2025,2025-03-27,2900.00,CE,0.00,0.00,0.00,586.30,387.95,0,0.00,0,0,06-JAN-2025
OPTIDX,BANKNIFTY,27-Feb-2025,2025-02-27,52300.00,PE,1787.15,2324.25,1787.15,2324.25,2444.65,66,1073.15875,4050,-870,06-JAN-2025
OPTIDX,BANKNIFTY,30-Jan-2025,2025-01-30,52300.00,CE,435.00,449.80,212.50,227.05,227.05,65684,518219.025,237090,19980,06-JAN-2025
OPTIDX,BANKNIFTY,27-Mar-2025,2025-03-27,52300.00,CE,0.00,0.00,0.00,2011.65,924.20,0,0.00,0,0,06-JAN-2025
OPTIDX,BANKNIFTY,27-Mar-2025,2025-03-27,48700.00,PE,0.00,0.00,0.00,742.85,766.70,0,0.00,0,0,06-JAN-2025
OPTIDX,BANKNIFTY,30-Jan-2025,2025-01-30,48700.00,CE,2671.10,2671.10,1752.80,1881.35,1881.35,868,6606.97750,6750,-3480,06-JAN-2025
OPTIDX,BANKNIFTY,27-Feb-2025,2025-02-27,49700.00,PE,756.95,1017.80,756.90,937.10,937.10,123,1868.05632,1680,1560,06-JAN-2025
OPTIDX,BANKNIFTY,27-Feb-2025,2025-02-27,49700.00,CE,1918.80,1918.80,1813.65,1813.65,1813.65,26,402.47223,1410,780,06-JAN-2025
OPTIDX,BANKNIFTY,27-Mar-2025,2025-03-27,49700.00,PE,0.00,0.00,0.00,1033.55,1131.75,0,0.00,0,0,06-JAN-2025
OPTIDX,BANKNIFTY,30-Jan-2025,2025-01-30,49700.00,PE,349.90,829.70,342.05,733.10,733.10,107801,813699.836,89625,-19815,06-JAN-2025
OPTIDX,BANKNIFTY,30-Jan-2025,2025-01-30,49700.00,CE,1822.75,1848.70,1108.95,1190.35,1190.35,13324,101770.229,32925,22095,06-JAN-2025
OPTIDX,BANKNIFTY,27-Mar-2025,2025-03-27,49700.00,CE,0.00,0.00,0.00,3464.10,2083.65,0,0.00,0,0,06-JAN-2025
OPTSTK,PRESTIGE,27-Feb-2025,2025-02-27,1750.00,CE,0.00,0.00,0.00,166.85,56.05,0,0.00,0,0,06-JAN-2025
OPTIDX,BANKNIFTY,24-Dec-2025,2025-12-24,43500.00,PE,0.00,0.00,0.00,419.30,401.85,0,0.00,60,0,06-JAN-2025
OPTIDX,BANKNIFTY,30-Jan-2025,2025-01-30,55900.00,CE,22.50,22.65,18.90,21.85,21.85,22960,192589.790,75195,21285,06-JAN-2025
OPTIDX,BANKNIFTY,27-Feb-2025,2025-02-27,55900.00,CE,0.00,0.00,0.00,1148.90,74.25,0,0.00,0,0,06-JAN-2025
OPTIDX,FINNIFTY,27-Mar-2025,2025-03-27,23900.00,CE,0.00,0.00,0.00,896.00,618.45,0,0.00,0,0,06-JAN-2025
OPTIDX,FINNIFTY,30-Jan-2025,2025-01-30,23900.00,PE,419.95,763.80,390.85,706.05,706.05,5011,30574.8840,29400,-10200,06-JAN-2025
OPTIDX,FINNIFTY,30-Jan-2025,2025-01-30,23900.00,CE,380.05,407.50,220.35,234.85,234.85,10036,60764.4312,43350,-12475,06-JAN-2025
OPTIDX,FINNIFTY,30-Jan-2025,2025-01-30,21200.00,CE,0.00,0.00,0.00,3596.85,2214.85,0,0.00,0,0,06-JAN-2025
OPTIDX,FINNIFTY,27-Mar-2025,2025-03-27,23900.00,PE,0.00,0.00,0.00,882.90,849.65,0,0.00,0,0,06-JAN-2025
OPTIDX,FINNIFTY,27-Feb-2025,2025-02-27,23900.00,CE,0.00,0.00,0.00,1280.50,428.80,0,0.00,0,0,06-JAN-2025
OPTIDX,FINNIFTY,30-Jan-2025,2025-01-30,25300.00,CE,39.95,39.95,20.05,24.10,24.10,1948,12334.1700,29150,1925,06-JAN-2025
OPTIDX,FINNIFTY,27-Mar-2025,2025-03-27,25300.00,CE,0.00,0.00,0.00,390.55,203.85,0,0.00,0,0,06-JAN-2025
OPTIDX,FINNIFTY,27-Feb-2025,2025-02-27,22200.00,PE,0.00,0.00,0.00,208.15,133.85,0,0.00,0,0,06-JAN-2025
OPTIDX,FINNIFTY,27-Feb-2025,2025-02-27,22200.00,CE,0.00,0.00,0.00,2455.35,1464.15,0,0.00,0,0,06-JAN-2025
OPTIDX,FINNIFTY,27-Mar-2025,2025-03-27,21800.00,PE,0.00,0.00,0.00,186.40,130.95,0,0.00,0,0,06-JAN-2025
OPTIDX,FINNIFTY,30-Jan-2025,2025-01-30,28000.00,CE,4.05,4.50,3.25,3.50,3.50,2104,14729.9138,52275,5425,06-JAN-2025
OPTIDX,FINNIFTY,27-Feb-2025,2025-02-27,28000.00,CE,0.00,0.00,0.00,115.25,1.40,0,0.00,0,0,06-JAN-2025
OPTIDX,FINNIFTY,27-Feb-2025,2025-02-27,24900.00,PE,0.00,0.00,0.00,1199.25,1497.35,0,0.00,0,0,06-JAN-2025
OPTIDX,FINNIFTY,27-Feb-2025,2025-02-27,23100.00,CE,0.00,0.00,0.00,1781.60,824.50,0,0.00,0,0,06-JAN-2025
OPTIDX,FINNIFTY,30-Jan-2025,2025-01-30,21600.00,CE,0.00,0.00,0.00,3234.90,1824.15,0,0.00,0,0,06-JAN-2025
OPTIDX,FINNIFTY,27-Feb-2025,2025-02-27,26600.00,CE,0.00,0.00,0.00,300.05,15.35,0,0.00,0,0,06-JAN-2025
OPTIDX,FINNIFTY,27-Mar-2025,2025-03-27,21000.00,PE,0.00,0.00,0.00,82.30,46.40,0,0.00,0,0,06-JAN-2025
OPTIDX,FINNIFTY,30-Jan-2025,2025-01-30,21000.00,PE,7.60,13.95,6.45,10.70,10.70,9716,51034.3626,51950,-325,06-JAN-2025
OPTIDX,FINNIFTY,30-Jan-2025,2025-01-30,26700.00,PE,0.00,0.00,0.00,2205.35,3264.25,0,0.00,0,0,06-JAN-2025
OPTIDX,FINNIFTY,27-Mar-2025,2025-03-27,25500.00,PE,0.00,0.00,0.00,1903.25,1977.60,0,0.00,0,0,06-JAN-2025
OPTIDX,FINNIFTY,30-Jan-2025,2025-01-30,23850.00,CE,424.95,432.65,236.05,254.40,254.40,5577,33703.7947,26450,-10300,06-JAN-2025
OPTIDX,FINNIFTY,30-Jan-2025,2025-01-30,27500.00,PE,0.00,0.00,0.00,2852.10,4060.40,0,0.00,0,0,06-JAN-2025
OPTIDX,FINNIFTY,27-Feb-2025,2025-02-27,26100.00,PE,0.00,0.00,0.00,1991.50,2564.85,0,0.00,0,0,06-JAN-2025
OPTIDX,FINNIFTY,27-Feb-2025,2025-02-27,24900.00,CE,0.00,0.00,0.00,795.10,153.50,0,0.00,0,0,06-JAN-2025
OPTIDX,FINNIFTY,27-Mar-2025,2025-03-27,24200.00,PE,0.00,0.00,0.00,1043.00,1026.10,0,0.00,0,0,06-JAN-2025
OPTIDX,FINNIFTY,30-Jan-2025,2025-01-30,22650.00,PE,70.25,175.50,68.50,157.25,157.25,1155,6575.45552,3825,2150,06-JAN-2025
OPTIDX,FINNIFTY,27-Feb-2025,2025-02-27,27000.00,PE,0.00,0.00,0.00,2697.75,3431.85,0,0.00,0,0,06-JAN-2025
OPTIDX,FINNIFTY,30-Jan-2025,2025-01-30,27000.00,CE,5.00,5.90,4.10,4.55,4.55,4402,29718.7078,71725,-6350,06-JAN-2025
OPTIDX,FINNIFTY,27-Mar-2025,2025-03-27,27000.00,PE,0.00,0.00,0.00,3148.00,3321.80,0,0.00,0,0,06-JAN-2025
OPTIDX,FINNIFTY,27-Feb-2025,2025-02-27,27000.00,CE,30.45,30.45,11.55,13.00,8.10,13,228.312402,585,455,06-JAN-2025
OPTIDX,MIDCPNIFTY,30-Jan-2025,2025-01-30,13725.00,PE,0.00,0.00,0.00,1259.00,981.30,0,0.00,0,0,06-JAN-2025
OPTIDX,MIDCPNIFTY,27-Feb-2025,2025-02-27,13100.00,CE,0.00,0.00,0.00,416.05,222.75,0,0.00,0,0,06-JAN-2025
OPTIDX,MIDCPNIFTY,27-Feb-2025,2025-02-27,13100.00,PE,0.00,0.00,0.00,703.40,500.75,0,0.00,0,0,06-JAN-2025
OPTIDX,MIDCPNIFTY,27-Feb-2025,2025-02-27,13325.00,PE,0.00,0.00,0.00,843.45,653.40,0,0.00,0,0,06-JAN-2025
OPTIDX,MIDCPNIFTY,27-Mar-2025,2025-03-27,13325.00,CE,0.00,0.00,0.00,500.80,247.10,0,0.00,0,0,06-JAN-2025
OPTIDX,MIDCPNIFTY,30-Jan-2025,2025-01-30,13325.00,PE,0.00,0.00,0.00,963.30,622.55,0,0.00,0,0,06-JAN-2025
OPTIDX,MIDCPNIFTY,27-Mar-2025,2025-03-27,13325.00,PE,0.00,0.00,0.00,596.60,679.80,0,0.00,0,0,06-JAN-2025
OPTIDX,MIDCPNIFTY,27-Feb-2025,2025-02-27,13325.00,CE,0.00,0.00,0.00,335.15,152.55,0,0.00,0,0,06-JAN-2025
OPTIDX,MIDCPNIFTY,30-Jan-2025,2025-01-30,13325.00,CE,119.00,123.30,55.90,61.80,61.80,1394,9339.5079,17050,-3300,06-JAN-2025
OPTIDX,MIDCPNIFTY,30-Jan-2025,2025-01-30,11525.00,CE,0.00,0.00,0.00,1228.45,1225.20,0,0.00,0,0,06-JAN-2025
OPTIDX,MIDCPNIFTY,30-Jan-2025,2025-01-30,14700.00,CE,3.00,4.05,2.80,3.45,3.45,26487,194721.174,265100,176550,06-JAN-2025
OPTIDX,MIDCPNIFTY,27-Feb-2025,2025-02-27,14700.00,PE,0.00,0.00,0.00,1928.35,1869.75,0,0.00,0,0,06-JAN-2025
OPTIDX,MIDCPNIFTY,30-Jan-2025,2025-01-30,14700.00,PE,0.00,0.00,0.00,2090.15,1938.45,0,0.00,0,0,06-JAN-2025
OPTIDX,MIDCPNIFTY,30-Jan-2025,2025-01-30,11525.00,PE,7.20,18.30,7.20,15.20,15.20,33,190.40775,1050,-50,06-JAN-2025
OPTIDX,MIDCPNIFTY,27-Feb-2025,2025-02-27,14700.00,CE,10.00,11.00,9.50,9.50,9.50,49,864.96708,2880,240,06-JAN-2025
OPTIDX,MIDCPNIFTY,27-Mar-2025,2025-03-27,14500.00,CE,0.00,0.00,0.00,151.45,39.70,0,0.00,0,0,06-JAN-2025
OPTIDX,MIDCPNIFTY,27-Feb-2025,2025-02-27,14500.00,CE,10.00,12.00,10.00,10.25,10.25,26,452.7249,1560,1440,06-JAN-2025
OPTIDX,MIDCPNIFTY,30-Jan-2025,2025-01-30,14500.00,PE,0.00,0.00,0.00,1910.15,1739.65,0,0.00,0,0,06-JAN-2025
OPTIDX,MIDCPNIFTY,30-Jan-2025,2025-01-30,14500.00,CE,3.55,4.15,3.15,3.75,3.75,3106,22523.8939,135250,4600,06-JAN-2025
OPTIDX,MIDCPNIFTY,27-Feb-2025,2025-02-27,12925.00,PE,0.00,0.00,0.00,603.80,396.60,0,0.00,0,0,06-JAN-2025
OPTIDX,MIDCPNIFTY,27-Mar-2025,2025-03-27,12925.00,PE,0.00,0.00,0.00,403.65,442.30,0,0.00,0,0,06-JAN-2025
OPTIDX,MIDCPNIFTY,30-Jan-2025,2025-01-30,12925.00,CE,240.00,328.00,163.90,180.15,180.15,12547,82448.1889,56100,21000,06-JAN-2025
OPTIDX,MIDCPNIFTY,27-Mar-2025,2025-03-27,13300.00,CE,0.00,0.00,0.00,512.00,255.30,0,0.00,0,0,06-JAN-2025
OPTIDX,MIDCPNIFTY,27-Feb-2025,2025-02-27,12775.00,PE,0.00,0.00,0.00,525.20,318.25,0,0.00,0,0,06-JAN-2025
OPTIDX,MIDCPNIFTY,27-Mar-2025,2025-03-27,12775.00,PE,0.00,0.00,0.00,342.95,367.90,0,0.00,0,0,06-JAN-2025
OPTIDX,MIDCPNIFTY,30-Jan-2025,2025-01-30,12775.00,PE,138.15,311.90,137.35,289.20,289.20,13033,84807.0006,46500,16300,06-JAN-2025
OPTIDX,MIDCPNIFTY,30-Jan-2025,2025-01-30,11475.00,CE,0.00,0.00,0.00,1267.15,1274.35,0,0.00,0,0,06-JAN-2025
OPTIDX,MIDCPNIFTY,30-Jan-2025,2025-01-30,13925.00,PE,0.00,0.00,0.00,1418.45,1173.00,0,0.00,0,0,06-JAN-2025
OPTIDX,MIDCPNIFTY,30-Jan-2025,2025-01-30,12800.00,CE,393.15,399.00,216.75,235.70,235.70,32516,212168.476,349950,111250,06-JAN-2025
OPTIDX,MIDCPNIFTY,27-Mar-2025,2025-03-27,12650.00,CE,0.00,0.00,0.00,864.15,544.60,0,0.00,0,0,06-JAN-2025
OPTIDX,MIDCPNIFTY,30-Jan-2025,2025-01-30,13300.00,CE,104.85,131.35,60.00,66.40,66.40,8585,57429.7001,88850,-15600,06-JAN-2025
OPTSTK,TATASTEEL,27-Feb-2025,2025-02-27,136.00,CE,0.00,0.00,0.00,11.10,4.55,0,0.00,0,0,06-JAN-2025
OPTSTK,TATASTEEL,30-Jan-2025,2025-01-30,134.00,PE,2.05,5.05,2.05,4.70,4.70,1084,8229.221,1028500,346500,06-JAN-2025
OPTSTK,TATASTEEL,27-Mar-2025,2025-03-27,148.00,CE,0.00,0.00,0.00,7.35,2.45,0,0.00,0,0,06-JAN-2025
OPTSTK,BAJAJFINSV,30-Jan-2025,2025-01-30,1320.00,CE,0.00,0.00,0.00,456.05,370.45,0,0.00,0,0,06-JAN-2025
OPTSTK,TATASTEEL,30-Jan-2025,2025-01-30,156.00,PE,0.00,0.00,0.00,16.00,23.15,0,0.00,0,0,06-JAN-2025
OPTSTK,TATASTEEL,27-Mar-2025,2025-03-27,156.00,PE,0.00,0.00,0.00,17.60,22.70,0,0.00,0,0,06-JAN-2025
OPTSTK,TATASTEEL,27-Feb-2025,2025-02-27,144.00,PE,0.00,0.00,0.00,8.85,12.50,0,0.00,0,0,06-JAN-2025
OPTSTK,BAJAJFINSV,27-Feb-2025,2025-02-27,1860.00,CE,21.65,22.75,15.00,15.00,15.00,20,187.88325,12500,6500,06-JAN-2025
OPTSTK,BAJAJFINSV,27-Feb-2025,2025-02-27,1520.00,PE,0.00,0.00,0.00,52.40,8.10,0,0.00,0,0,06-JAN-2025
OPTSTK,BAJAJFINSV,30-Jan-2025,2025-01-30,1800.00,PE,100.00,122.60,87.45,113.00,113.00,138,1316.50675,143000,16500,06-JAN-2025
OPTSTK,MUTHOOTFIN,27-Feb-2025,2025-02-27,2260.00,CE,0.00,0.00,0.00,49.25,66.35,0,0.00,0,0,06-JAN-2025
OPTSTK,VBL,27-Mar-2025,2025-03-27,580.00,CE,0.00,0.00,0.00,80.80,74.75,0,0.00,0,0,06-JAN-2025
OPTSTK,MUTHOOTFIN,27-Feb-2025,2025-02-27,2260.00,PE,0.00,0.00,0.00,218.40,118.90,0,0.00,0,0,06-JAN-2025
OPTSTK,MUTHOOTFIN,27-Feb-2025,2025-02-27,2240.00,PE,0.00,0.00,0.00,323.50,107.15,0,0.00,0,0,06-JAN-2025
OPTSTK,MUTHOOTFIN,27-Feb-2025,2025-02-27,2240.00,CE,0.00,0.00,0.00,35.85,74.35,0,0.00,0,0,06-JAN-2025
OPTSTK,VBL,27-Feb-2025,2025-02-27,620.00,PE,0.00,0.00,0.00,41.85,24.15,0,0.00,0,0,06-JAN-2025
OPTSTK,VBL,30-Jan-2025,2025-01-30,760.00,PE,0.00,0.00,0.00,130.00,126.35,0,0.00,0,0,06-JAN-2025
OPTSTK,VBL,30-Jan-2025,2025-01-30,530.00,PE,1.30,1.30,1.20,1.20,0.35,8,37.186625,19250,-5250,06-JAN-2025
OPTSTK,CAMS,27-Feb-2025,2025-02-27,4100.00,PE,0.00,0.00,0.00,56.00,29.75,0,0.00,0,0,06-JAN-2025
OPTSTK,CAMS,30-Jan-2025,2025-01-30,4100.00,PE,0.00,0.00,0.00,67.95,5.70,0,0.00,0,0,06-JAN-2025
OPTSTK,CAMS,27-Mar-2025,2025-03-27,4400.00,PE,0.00,0.00,0.00,165.25,123.25,0,0.00,0,0,06-JAN-2025
OPTSTK,CAMS,30-Jan-2025,2025-01-30,5500.00,CE,54.05,54.05,21.85,24.65,24.65,567,3919.56187,31625,-125,06-JAN-2025
OPTSTK,VBL,30-Jan-2025,2025-01-30,630.00,CE,29.00,29.00,19.75,22.65,22.65,183,1044.92412,203000,16625,06-JAN-2025
OPTSTK,MUTHOOTFIN,27-Mar-2025,2025-03-27,2480.00,PE,0.00,0.00,0.00,400.95,288.35,0,0.00,0,0,06-JAN-2025
OPTSTK,MUTHOOTFIN,27-Feb-2025,2025-02-27,2480.00,CE,0.00,0.00,0.00,10.60,15.00,0,0.00,0,0,06-JAN-2025
OPTSTK,MUTHOOTFIN,27-Mar-2025,2025-03-27,2160.00,CE,0.00,0.00,0.00,106.85,140.25,0,0.00,0,0,06-JAN-2025
OPTSTK,MUTHOOTFIN,27-Mar-2025,2025-03-27,2000.00,CE,0.00,0.00,0.00,184.30,245.85,0,0.00,0,0,06-JAN-2025
OPTSTK,VBL,30-Jan-2025,2025-01-30,670.00,PE,39.50,47.30,39.50,46.60,45.20,6,37.4443125,75250,0,06-JAN-2025
OPTSTK,CAMS,27-Feb-2025,2025-02-27,4100.00,CE,0.00,0.00,0.00,971.40,821.60,0,0.00,0,0,06-JAN-2025
OPTSTK,CAMS,27-Feb-2025,2025-02-27,4400.00,PE,0.00,0.00,0.00,188.00,81.40,0,0.00,0,0,06-JAN-2025
OPTSTK,CAMS,27-Feb-2025,2025-02-27,5500.00,PE,0.00,0.00,0.00,659.45,676.95,0,0.00,0,0,06-JAN-2025
OPTSTK,MUTHOOTFIN,27-Mar-2025,2025-03-27,2080.00,PE,0.00,0.00,0.00,121.75,52.40,0,0.00,0,0,06-JAN-2025
OPTSTK,HEROMOTOCO,27-Mar-2025,2025-03-27,4100.00,PE,0.00,0.00,0.00,143.50,123.05,0,0.00,0,0,06-JAN-2025
OPTSTK,M&MFIN,30-Jan-2025,2025-01-30,315.00,CE,1.10,1.75,0.60,0.70,0.70,316,1998.491,338000,108000,06-JAN-2025
OPTSTK,ICICIGI,30-Jan-2025,2025-01-30,1680.00,CE,0.00,0.00,0.00,133.50,144.45,0,0.00,1250,0,06-JAN-2025
OPTSTK,ICICIGI,27-Feb-2025,2025-02-27,1900.00,CE,0.00,0.00,0.00,79.30,35.95,0,0.00,0,0,06-JAN-2025
OPTSTK,ICICIGI,30-Jan-2025,2025-01-30,1900.00,CE,31.45,32.35,20.75,23.15,23.15,609,2932.99787,58000,-9250,06-JAN-2025
OPTSTK,HEROMOTOCO,30-Jan-2025,2025-01-30,4300.00,PE,119.15,159.60,98.55,153.80,153.80,1513,10048.4074,153750,-25800,06-JAN-2025
OPTSTK,HEROMOTOCO,27-Feb-2025,2025-02-27,4300.00,CE,158.60,180.00,130.00,130.00,133.90,32,214.202175,5400,2100,06-JAN-2025
OPTSTK,ICICIGI,30-Jan-2025,2025-01-30,2000.00,PE,0.00,0.00,0.00,206.30,181.20,0,0.00,44000,0,06-JAN-2025
OPTSTK,ICICIGI,27-Feb-2025,2025-02-27,2000.00,PE,0.00,0.00,0.00,158.95,181.75,0,0.00,0,0,06-JAN-2025
OPTSTK,HEROMOTOCO,27-Mar-2025,2025-03-27,3900.00,PE,0.00,0.00,0.00,82.30,61.05,0,0.00,0,0,06-JAN-2025
OPTSTK,M&MFIN,30-Jan-2025,2025-01-30,305.00,PE,29.60,29.60,29.60,29.60,33.45,1,6.692,26000,0,06-JAN-2025
OPTSTK,HEROMOTOCO,27-Mar-2025,2025-03-27,4200.00,PE,0.00,0.00,0.00,183.15,165.50,0,0.00,0,0,06-JAN-2025
OPTSTK,ICICIGI,27-Feb-2025,2025-02-27,1820.00,CE,0.00,0.00,0.00,120.60,68.55,0,0.00,0,0,06-JAN-2025
OPTSTK,M&MFIN,30-Jan-2025,2025-01-30,255.00,CE,19.15,20.45,19.15,20.30,20.30,12,66.026,44000,8000,06-JAN-2025
OPTSTK,M&MFIN,27-Feb-2025,2025-02-27,275.00,PE,0.00,0.00,0.00,19.85,13.50,0,0.00,0,0,06-JAN-2025
FUTSTK,HEROMOTOCO,30-Jan-2025,2025-01-30,,,4256.10,4313.00,4202.50,4213.05,4213.05,7115,45374.2042,6991800,-138600,06-JAN-2025
OPTSTK,M&MFIN,30-Jan-2025,2025-01-30,270.00,PE,8.85,9.90,5.40,9.40,9.40,1465,8146.565,1248000,428000,06-JAN-2025
OPTSTK,M&MFIN,27-Feb-2025,2025-02-27,250.00,PE,4.10,5.90,4.10,5.90,3.90,2,10.2,8000,2000,06-JAN-2025
OPTSTK,M&MFIN,27-Mar-2025,2025-03-27,280.00,CE,0.00,0.00,0.00,15.85,13.65,0,0.00,0,0,06-JAN-2025
OPTSTK,M&MFIN,27-Mar-2025,2025-03-27,280.00,PE,0.00,0.00,0.00,25.20,18.55,0,0.00,0,0,06-JAN-2025
OPTSTK,HEROMOTOCO,27-Mar-2025,2025-03-27,5000.00,CE,0.00,0.00,0.00,66.45,22.00,0,0.00,0,0,06-JAN-2025
OPTSTK,HEROMOTOCO,27-Mar-2025,2025-03-27,5000.00,PE,0.00,0.00,0.00,701.15,745.85,0,0.00,0,0,06-JAN-2025
OPTSTK,M&MFIN,27-Mar-2025,2025-03-27,240.00,CE,0.00,0.00,0.00,37.40,38.05,0,0.00,0,0,06-JAN-2025
OPTSTK,ICICIGI,27-Feb-2025,2025-02-27,2080.00,CE,0.00,0.00,0.00,43.55,5.50,0,0.00,0,0,06-JAN-2025
OPTSTK,ICICIGI,27-Mar-2025,2025-03-27,2080.00,CE,0.00,0.00,0.00,41.30,13.65,0,0.00,0,0,06-JAN-2025
OPTSTK,M&MFIN,27-Feb-2025,2025-02-27,310.00,PE,0.00,0.00,0.00,41.85,38.55,0,0.00,0,0,06-JAN-2025
OPTSTK,M&MFIN,30-Jan-2025,2025-01-30,255.00,PE,3.80,4.10,2.10,4.00,4.00,640,3303.322,592000,54000,06-JAN-2025
OPTSTK,HEROMOTOCO,27-Feb-2025,2025-02-27,4250.00,PE,0.00,0.00,0.00,174.20,162.75,0,0.00,0,0,06-JAN-2025
OPTSTK,HEROMOTOCO,30-Jan-2025,2025-01-30,4250.00,PE,100.80,128.25,76.75,123.40,123.40,1961,12798.351,67350,-16050,06-JAN-2025
OPTSTK,HEROMOTOCO,27-Feb-2025,2025-02-27,4250.00,CE,0.00,0.00,0.00,210.00,156.15,0,0.00,0,0,06-JAN-2025
OPTSTK,ICICIGI,30-Jan-2025,2025-01-30,1780.00,PE,31.55,42.25,28.45,37.75,37.75,224,1016.97512,33000,-750,06-JAN-2025
OPTSTK,HEROMOTOCO,30-Jan-2025,2025-01-30,4800.00,PE,525.80,525.80,525.80,525.80,578.50,1,7.9887,26100,-150,06-JAN-2025
OPTIDX,NIFTY,30-Jan-2025,2025-01-30,22650.00,PE,28.05,88.50,26.40,76.95,76.95,9726,55213.926,71900,24425,06-JAN-2025
OPTIDX,NIFTY,06-Feb-2025,2025-02-06,22650.00,CE,0.00,0.00,0.00,1733.95,1148.35,0,0.00,0,0,06-JAN-2025
OPTIDX,NIFTY,24-Dec-2025,2025-12-24,27000.00,CE,715.65,720.00,630.00,644.75,644.75,273,5661.99131,205425,3500,06-JAN-2025
OPTIDX,NIFTY,24-Jun-2027,2027-06-24,27000.00,PE,0.00,0.00,0.00,6273.45,1637.10,0,0.00,0,0,06-JAN-2025
OPTIDX,NIFTY,27-Dec-2029,2029-12-27,27000.00,PE,0.00,0.00,0.00,1177.90,990.10,0,0.00,0,0,06-JAN-2025
OPTIDX,NIFTY,31-Dec-2026,2026-12-31,27000.00,PE,0.00,0.00,0.00,6522.30,1816.15,0,0.00,0,0,06-JAN-2025
OPTIDX,NIFTY,27-Mar-2025,2025-03-27,27000.00,PE,2530.00,2987.95,2528.80,2958.40,2958.40,247,5537.28753,514625,1875,06-JAN-2025
OPTIDX,NIFTY,25-Jun-2026,2026-06-25,27000.00,PE,0.00,0.00,0.00,6810.70,2044.75,0,0.00,0,0,06-JAN-2025
OPTIDX,NIFTY,28-Dec-2028,2028-12-28,27000.00,CE,0.00,0.00,0.00,4437.95,4176.65,0,0.00,0,0,06-JAN-2025
OPTIDX,NIFTY,24-Dec-2025,2025-12-24,27000.00,PE,1972.00,2243.50,1972.00,2210.35,2210.35,43,941.02035,81850,-325,06-JAN-2025
OPTIDX,NIFTY,29-Jun-2028,2028-06-29,27000.00,CE,0.00,0.00,0.00,2885.15,3595.60,0,0.00,0,0,06-JAN-2025
OPTIDX,NIFTY,25-Sep-2025,2025-09-25,27000.00,CE,0.00,0.00,0.00,2279.95,384.25,0,0.00,0,0,06-JAN-2025
OPTIDX,NIFTY,29-Jun-2028,2028-06-29,27000.00,PE,0.00,0.00,0.00,2752.35,1327.90,0,0.00,0,0,06-JAN-2025
OPTIDX,NIFTY,26-Jun-2025,2025-06-26,27000.00,PE,2400.00,2650.00,2400.00,2589.70,2589.70,7,155.084662,30250,150,06-JAN-2025
OPTIDX,NIFTY,26-Jun-2025,2025-06-26,27000.00,CE,176.00,185.15,145.00,152.85,152.85,764,15561.4018,160250,-1575,06-JAN-2025
OPTIDX,NIFTY,27-Feb-2025,2025-02-27,24100.00,CE,589.95,612.80,402.00,411.15,411.15,861,15868.5802,29550,900,06-JAN-2025
OPTIDX,NIFTY,27-Mar-2025,2025-03-27,24100.00,PE,520.20,700.00,520.20,670.60,670.60,89,1650.0957,5175,2625,06-JAN-2025
OPTIDX,NIFTY,16-Jan-2025,2025-01-16,24100.00,CE,225.00,231.15,96.40,103.50,103.50,37059,673700.302,417300,189150,06-JAN-2025
OPTIDX,NIFTY,27-Mar-2025,2025-03-27,24100.00,CE,790.00,790.00,587.80,587.80,587.80,40,743.110275,2475,-1200,06-JAN-2025
OPTIDX,NIFTY,30-Jan-2025,2025-01-30,21700.00,CE,2065.60,2079.00,2057.30,2057.30,2013.60,15,89.135875,1675,-200,06-JAN-2025
OPTIDX,NIFTY,30-Jan-2025,2025-01-30,21700.00,PE,6.60,17.00,5.30,15.05,15.05,35565,193019.175,283275,-196450,06-JAN-2025
OPTIDX,NIFTY,16-Jan-2025,2025-01-16,26200.00,PE,0.00,0.00,0.00,1547.05,2535.55,0,0.00,0,0,06-JAN-2025
OPTIDX,NIFTY,09-Jan-2025,2025-01-09,24150.00,CE,88.80,111.00,29.30,32.50,32.50,884817,16067328.6,3663450,972225,06-JAN-2025
OPTIDX,NIFTY,30-Jan-2025,2025-01-30,25300.00,PE,1180.00,1576.95,1180.00,1576.95,1583.15,8,53.259475,29400,0,06-JAN-2025
OPTIDX,NIFTY,24-Jun-2027,2027-06-24,19000.00,PE,0.00,0.00,0.00,201.05,62.05,0,0.00,525,0,06-JAN-2025
OPTIDX,NIFTY,27-Dec-2029,2029-12-27,23000.00,CE,0.00,0.00,0.00,8286.75,7522.80,0,0.00,0,0,06-JAN-2025
OPTIDX,NIFTY,30-Jan-2025,2025-01-30,24550.00,PE,582.00,971.40,566.00,912.60,912.60,361,2277.42102,20950,-2425,06-JAN-2025
OPTIDX,NIFTY,09-Jan-2025,2025-01-09,24550.00,CE,15.00,19.15,5.70,6.50,6.50,543009,10002355.7,3165525,1460100,06-JAN-2025
OPTIDX,NIFTY,16-Jan-2025,2025-01-16,23550.00,CE,562.00,592.85,311.25,339.55,339.55,1429,25614.3850,33075,30000,06-JAN-2025
OPTIDX,NIFTY,16-Jan-2025,2025-01-16,24550.00,CE,62.65,68.80,26.75,28.35,28.35,14019,258558.108,107775,59625,06-JAN-2025
OPTIDX,NIFTY,27-Dec-2029,2029-12-27,23000.00,PE,0.00,0.00,0.00,488.70,345.80,0,0.00,0,0,06-JAN-2025
OPTSTK,COLPAL,27-Mar-2025,2025-03-27,3040.00,CE,0.00,0.00,0.00,62.90,43.35,0,0.00,0,0,06-JAN-2025
OPTSTK,COLPAL,27-Feb-2025,2025-02-27,2540.00,CE,0.00,0.00,0.00,257.00,258.35,0,0.00,0,0,06-JAN-2025
OPTSTK,BHEL,27-Feb-2025,2025-02-27,300.00,CE,0.70,0.70,0.70,0.70,0.70,1,7.893375,18375,0,06-JAN-2025
OPTSTK,NAVINFLUOR,27-Feb-2025,2025-02-27,3450.00,PE,0.00,0.00,0.00,247.80,192.95,0,0.00,0,0,06-JAN-2025
OPTSTK,COLPAL,27-Mar-2025,2025-03-27,2880.00,PE,0.00,0.00,0.00,218.15,173.10,0,0.00,0,0,06-JAN-2025
OPTSTK,COLPAL,27-Mar-2025,2025-03-27,2880.00,CE,0.00,0.00,0.00,109.35,88.85,0,0.00,0,0,06-JAN-2025
OPTSTK,MAXHEALTH,27-Mar-2025,2025-03-27,1320.00,PE,0.00,0.00,0.00,190.20,176.60,0,0.00,0,0,06-JAN-2025
OPTSTK,BHEL,30-Jan-2025,2025-01-30,240.00,CE,4.85,4.90,2.20,2.35,2.35,2575,16437.2591,4326000,866250,06-JAN-2025
OPTSTK,MAXHEALTH,27-Mar-2025,2025-03-27,1120.00,PE,0.00,0.00,0.00,71.65,54.00,0,0.00,0,0,06-JAN-2025
OPTSTK,MAXHEALTH,27-Feb-2025,2025-02-27,960.00,PE,0.00,0.00,0.00,67.85,5.10,0,0.00,0,0,06-JAN-2025
OPTSTK,NAVINFLUOR,30-Jan-2025,2025-01-30,3900.00,CE,3.65,4.00,3.65,4.00,3.15,6,40.990775,13650,-175,06-JAN-2025
OPTSTK,COLPAL,27-Feb-2025,2025-02-27,2680.00,CE,0.00,0.00,0.00,166.75,156.05,0,0.00,0,0,06-JAN-2025
OPTSTK,NAVINFLUOR,30-Jan-2025,2025-01-30,3500.00,CE,49.05,54.45,36.65,42.25,42.25,486,3013.39657,58625,-4200,06-JAN-2025
OPTSTK,NAVINFLUOR,30-Jan-2025,2025-01-30,3500.00,PE,188.10,188.10,188.10,188.10,189.30,2,12.90835,26950,-350,06-JAN-2025
OPTSTK,NAVINFLUOR,30-Jan-2025,2025-01-30,3650.00,CE,16.00,20.45,13.15,14.75,14.75,15,96.2465,8225,1225,06-JAN-2025
OPTSTK,MAXHEALTH,27-Feb-2025,2025-02-27,1200.00,CE,0.00,0.00,0.00,60.00,47.70,0,0.00,1575,0,06-JAN-2025
OPTSTK,MAXHEALTH,27-Mar-2025,2025-03-27,1200.00,PE,0.00,0.00,0.00,112.20,94.40,0,0.00,0,0,06-JAN-2025
OPTSTK,NAVINFLUOR,30-Jan-2025,2025-01-30,2850.00,PE,0.00,0.00,0.00,20.35,1.50,0,0.00,0,0,06-JAN-2025
OPTSTK,COLPAL,30-Jan-2025,2025-01-30,2850.00,PE,126.60,144.45,126.60,129.35,119.25,5,26.0924125,5775,0,06-JAN-2025
OPTSTK,COLPAL,30-Jan-2025,2025-01-30,2750.00,PE,58.00,82.35,56.00,73.65,73.65,329,1623.87478,41125,-6825,06-JAN-2025
OPTSTK,COLPAL,27-Feb-2025,2025-02-27,2980.00,CE,0.00,0.00,0.00,51.05,33.70,0,0.00,0,0,06-JAN-2025
OPTSTK,COLPAL,30-Jan-2025,2025-01-30,2980.00,CE,14.25,15.95,13.20,15.10,9.95,33,172.906562,25550,3500,06-JAN-2025
OPTSTK,BHEL,27-Mar-2025,2025-03-27,230.00,PE,0.00,0.00,0.00,17.95,22.40,0,0.00,0,0,06-JAN-2025
OPTSTK,BHEL,27-Mar-2025,2025-03-27,230.00,CE,0.00,0.00,0.00,33.85,15.55,0,0.00,0,0,06-JAN-2025
OPTSTK,COLPAL,27-Feb-2025,2025-02-27,2360.00,CE,0.00,0.00,0.00,402.50,419.45,0,0.00,0,0,06-JAN-2025
FUTSTK,COLPAL,27-Mar-2025,2025-03-27,,,2793.95,2811.25,2793.95,2802.00,2794.50,3,14.7126,1750,175,06-JAN-2025
FUTSTK,BHEL,30-Jan-2025,2025-01-30,,,230.83,230.96,219.71,220.36,220.36,9434,55465.9785,91712250,2732625,06-JAN-2025
OPTSTK,NAVINFLUOR,30-Jan-2025,2025-01-30,3200.00,CE,203.90,211.85,180.60,205.80,205.80,11,65.3314375,7175,-525,06-JAN-2025
OPTSTK,MAXHEALTH,30-Jan-2025,2025-01-30,1260.00,PE,89.50,89.50,89.50,89.50,112.30,5,35.424375,3150,2625,06-JAN-2025
OPTSTK,COLPAL,27-Feb-2025,2025-02-27,3200.00,PE,0.00,0.00,0.00,254.20,423.20,0,0.00,0,0,06-JAN-2025
OPTSTK,COLPAL,30-Jan-2025,2025-01-30,3200.00,CE,3.50,3.50,1.65,1.95,1.95,54,302.635112,60900,-1400,06-JAN-2025
OPTSTK,COLPAL,27-Feb-2025,2025-02-27,2960.00,CE,0.00,0.00,0.00,55.80,38.10,0,0.00,0,0,06-JAN-2025
OPTSTK,LUPIN,27-Feb-2025,2025-02-27,2380.00,CE,0.00,0.00,0.00,53.25,95.90,0,0.00,0,0,06-JAN-2025
OPTSTK,SUPREMEIND,30-Jan-2025,2025-01-30,4000.00,PE,0.00,0.00,0.00,111.40,17.85,0,0.00,0,0,06-JAN-2025
OPTSTK,SUPREMEIND,27-Mar-2025,2025-03-27,4000.00,CE,0.00,0.00,0.00,936.35,669.75,0,0.00,0,0,06-JAN-2025
OPTSTK,LUPIN,27-Feb-2025,2025-02-27,2640.00,CE,0.00,0.00,0.00,7.95,19.95,0,0.00,0,0,06-JAN-2025
OPTSTK,LUPIN,30-Jan-2025,2025-01-30,2000.00,PE,1.90,2.45,1.90,2.05,2.05,125,1063.60712,253725,-10625,06-JAN-2025
OPTSTK,LUPIN,27-Feb-2025,2025-02-27,2160.00,PE,0.00,0.00,0.00,201.60,19.50,0,0.00,0,0,06-JAN-2025
OPTSTK,LUPIN,27-Mar-2025,2025-03-27,2440.00,CE,0.00,0.00,0.00,61.90,97.55,0,0.00,0,0,06-JAN-2025
OPTSTK,LUPIN,30-Jan-2025,2025-01-30,2440.00,PE,101.80,108.00,90.00,99.55,105.30,10,107.867975,36125,0,06-JAN-2025
OPTSTK,SUPREMEIND,27-Feb-2025,2025-02-27,4600.00,PE,0.00,0.00,0.00,406.80,274.35,0,0.00,0,0,06-JAN-2025
OPTSTK,SUPREMEIND,30-Jan-2025,2025-01-30,5400.00,PE,0.00,0.00,0.00,909.65,863.45,0,0.00,0,0,06-JAN-2025
OPTSTK,SRF,27-Feb-2025,2025-02-27,2040.00,CE,0.00,0.00,0.00,300.90,266.85,0,0.00,0,0,06-JAN-2025
FUTSTK,SRF,30-Jan-2025,2025-01-30,,,2275.20,2313.40,2269.05,2278.50,2278.50,3723,31956.6088,5819250,-79500,06-JAN-2025
OPTSTK,AXISBANK,30-Jan-2025,2025-01-30,1140.00,PE,55.45,76.25,52.70,76.25,76.55,25,187.538125,216875,6875,06-JAN-2025
OPTSTK,AXISBANK,27-Mar-2025,2025-03-27,1140.00,PE,0.00,0.00,0.00,86.80,84.45,0,0.00,0,0,06-JAN-2025
FUTSTK,JSL,27-Mar-2025,2025-03-27,,,0.00,0.00,0.00,699.80,674.05,0,0.00,6200,0,06-JAN-2025
OPTSTK,AXISBANK,27-Mar-2025,2025-03-27,1200.00,CE,0.00,0.00,0.00,26.35,11.55,0,0.00,0,0,06-JAN-2025
OPTSTK,AXISBANK,30-Jan-2025,2025-01-30,1200.00,PE,117.00,129.35,117.00,129.35,132.05,24,199.179687,601250,-12500,06-JAN-2025
OPTSTK,SRF,27-Feb-2025,2025-02-27,1980.00,PE,0.00,0.00,0.00,16.30,4.85,0,0.00,0,0,06-JAN-2025
OPTSTK,AXISBANK,30-Jan-2025,2025-01-30,1010.00,CE,80.45,80.95,65.25,65.25,64.10,9,60.7528125,15000,0,06-JAN-2025
OPTSTK,JSL,27-Feb-2025,2025-02-27,720.00,PE,0.00,0.00,0.00,72.25,69.50,0,0.00,0,0,06-JAN-2025
OPTSTK,JSL,27-Mar-2025,2025-03-27,720.00,PE,0.00,0.00,0.00,53.80,75.80,0,0.00,0,0,06-JAN-2025
OPTSTK,JSL,30-Jan-2025,2025-01-30,720.00,CE,11.00,11.00,6.45,6.65,6.65,76,428.211525,18600,7750,06-JAN-2025
OPTSTK,JSL,27-Feb-2025,2025-02-27,720.00,CE,0.00,0.00,0.00,61.25,20.55,0,0.00,0,0,06-JAN-2025
OPTSTK,AXISBANK,30-Jan-2025,2025-01-30,1060.00,PE,13.15,26.25,12.55,23.60,23.60,2474,16711.8690,485000,-27500,06-JAN-2025
OPTSTK,AXISBANK,27-Mar-2025,2025-03-27,1060.00,PE,0.00,0.00,0.00,44.65,38.15,0,0.00,0,0,06-JAN-2025
OPTSTK,SRF,27-Feb-2025,2025-02-27,2600.00,PE,0.00,0.00,0.00,338.25,308.20,0,0.00,0,0,06-JAN-2025
OPTSTK,SRF,27-Feb-2025,2025-02-27,2600.00,CE,0.00,0.00,0.00,15.00,10.45,0,0.00,15000,0,06-JAN-2025
OPTSTK,SRF,30-Jan-2025,2025-01-30,1880.00,CE,0.00,0.00,0.00,412.45,405.75,0,0.00,0,0,06-JAN-2025
OPTSTK,AXISBANK,30-Jan-2025,2025-01-30,1020.00,PE,5.65,12.75,5.10,11.05,11.05,949,6103.07875,393125,-32500,06-JAN-2025
OPTSTK,JSL,30-Jan-2025,2025-01-30,700.00,CE,15.75,17.00,10.60,11.65,11.65,612,3378.45285,255750,84475,06-JAN-2025
OPTSTK,AXISBANK,27-Mar-2025,2025-03-27,1200.00,PE,0.00,0.00,0.00,128.00,130.50,0,0.00,0,0,06-JAN-2025
OPTSTK,SRF,30-Jan-2025,2025-01-30,2640.00,CE,0.00,0.00,0.00,1.15,0.70,0,0.00,3375,0,06-JAN-2025
OPTSTK,SRF,30-Jan-2025,2025-01-30,2600.00,CE,3.00,3.45,2.10,3.15,3.15,1379,13459.7353,57750,15000,06-JAN-2025
OPTSTK,AXISBANK,30-Jan-2025,2025-01-30,1110.00,PE,35.55,56.35,33.80,52.90,52.90,251,1810.79093,231875,-22500,06-JAN-2025
OPTSTK,SRF,30-Jan-2025,2025-01-30,2140.00,CE,0.00,0.00,0.00,170.75,157.85,0,0.00,3375,0,06-JAN-2025
OPTSTK,JSL,27-Mar-2025,2025-03-27,600.00,CE,0.00,0.00,0.00,158.65,91.05,0,0.00,0,0,06-JAN-2025
OPTSTK,SRF,30-Jan-2025,2025-01-30,2460.00,CE,11.85,13.35,8.35,11.40,11.40,171,1584.72731,43500,14250,06-JAN-2025
OPTSTK,SRF,30-Jan-2025,2025-01-30,2140.00,PE,11.00,20.85,9.45,20.20,20.20,118,953.397187,35250,-6750,06-JAN-2025
OPTSTK,AXISBANK,27-Feb-2025,2025-02-27,1030.00,PE,0.00,0.00,0.00,25.85,19.75,0,0.00,0,0,06-JAN-2025
OPTSTK,SRF,27-Feb-2025,2025-02-27,2200.00,CE,0.00,0.00,0.00,195.00,142.30,0,0.00,0,0,06-JAN-2025
OPTSTK,JSL,27-Mar-2025,2025-03-27,800.00,PE,0.00,0.00,0.00,98.85,136.40,0,0.00,0,0,06-JAN-2025
OPTSTK,JSL,27-Feb-2025,2025-02-27,800.00,PE,0.00,0.00,0.00,123.95,134.20,0,0.00,0,0,06-JAN-2025
OPTSTK,ABBOTINDIA,27-Feb-2025,2025-02-27,30000.00,CE,0.00,0.00,0.00,659.60,1100.20,0,0.00,0,0,06-JAN-2025
OPTSTK,ABBOTINDIA,30-Jan-2025,2025-01-30,30000.00,CE,594.75,855.50,500.00,836.90,836.90,969,5958.1196,7800,-220,06-JAN-2025
OPTSTK,INDHOTEL,30-Jan-2025,2025-01-30,890.00,PE,28.80,53.55,28.75,52.50,52.50,86,799.842,88000,-4000,06-JAN-2025
OPTSTK,INDHOTEL,27-Feb-2025,2025-02-27,890.00,PE,0.00,0.00,0.00,58.80,61.35,0,0.00,0,0,06-JAN-2025
OPTSTK,INDHOTEL,30-Jan-2025,2025-01-30,890.00,CE,17.95,18.65,9.10,9.95,9.95,1251,11293.003,459000,16000,06-JAN-2025
OPTSTK,TECHM,27-Feb-2025,2025-02-27,1580.00,CE,0.00,0.00,0.00,169.70,141.55,0,0.00,0,0,06-JAN-2025
OPTSTK,ABBOTINDIA,27-Feb-2025,2025-02-27,32250.00,PE,0.00,0.00,0.00,3513.90,2304.85,0,0.00,0,0,06-JAN-2025
OPTSTK,ABBOTINDIA,27-Feb-2025,2025-02-27,32250.00,CE,0.00,0.00,0.00,265.25,313.90,0,0.00,0,0,06-JAN-2025
OPTSTK,TECHM,30-Jan-2025,2025-01-30,1680.00,CE,59.45,67.45,51.45,53.40,53.40,516,5378.4855,107400,20400,06-JAN-2025
OPTSTK,INDHOTEL,27-Feb-2025,2025-02-27,780.00,PE,9.95,12.95,9.95,12.95,12.00,3,23.729,5000,3000,06-JAN-2025
OPTSTK,INDHOTEL,27-Feb-2025,2025-02-27,1000.00,PE,0.00,0.00,0.00,212.25,150.30,0,0.00,0,0,06-JAN-2025
OPTSTK,INDHOTEL,30-Jan-2025,2025-01-30,1000.00,CE,1.00,1.10,0.65,0.80,0.80,167,1671.3335,175000,66000,06-JAN-2025
OPTSTK,INDHOTEL,27-Feb-2025,2025-02-27,960.00,PE,0.00,0.00,0.00,177.40,114.85,0,0.00,0,0,06-JAN-2025
OPTSTK,TECHM,30-Jan-2025,2025-01-30,1560.00,PE,8.85,11.85,6.40,11.30,11.30,358,3369.6996,208200,10800,06-JAN-2025
OPTSTK,INDHOTEL,27-Feb-2025,2025-02-27,820.00,PE,0.00,0.00,0.00,74.00,24.45,0,0.00,0,0,06-JAN-2025
OPTSTK,INDHOTEL,27-Mar-2025,2025-03-27,760.00,PE,0.00,0.00,0.00,17.15,13.00,0,0.00,0,0,06-JAN-2025
OPTSTK,ABBOTINDIA,27-Feb-2025,2025-02-27,27750.00,CE,0.00,0.00,0.00,1884.00,2645.35,0,0.00,0,0,06-JAN-2025
OPTSTK,TECHM,27-Feb-2025,2025-02-27,1540.00,CE,0.00,0.00,0.00,199.65,173.30,0,0.00,0,0,06-JAN-2025
OPTSTK,INDHOTEL,27-Mar-2025,2025-03-27,780.00,CE,0.00,0.00,0.00,124.55,93.65,0,0.00,0,0,06-JAN-2025
OPTSTK,TECHM,30-Jan-2025,2025-01-30,1540.00,CE,155.10,155.10,152.95,152.95,156.70,3,30.4989,1200,1200,06-JAN-2025
OPTSTK,INDHOTEL,27-Feb-2025,2025-02-27,780.00,CE,0.00,0.00,0.00,64.75,83.75,0,0.00,0,0,06-JAN-2025
OPTSTK,ABBOTINDIA,30-Jan-2025,2025-01-30,31750.00,PE,0.00,0.00,0.00,4133.75,1811.30,0,0.00,0,0,06-JAN-2025
OPTSTK,ABBOTINDIA,30-Jan-2025,2025-01-30,27250.00,CE,0.00,0.00,0.00,1420.25,2845.30,0,0.00,0,0,06-JAN-2025
OPTSTK,ABBOTINDIA,30-Jan-2025,2025-01-30,27250.00,PE,0.00,0.00,0.00,950.75,24.25,0,0.00,0,0,06-JAN-2025
OPTSTK,INDHOTEL,30-Jan-2025,2025-01-30,820.00,PE,4.70,16.25,4.65,14.45,14.45,2398,19940.992,479000,6000,06-JAN-2025
OPTSTK,INDHOTEL,30-Jan-2025,2025-01-30,820.00,CE,57.75,58.80,40.60,42.40,42.40,54,470.0335,49000,-8000,06-JAN-2025
OPTSTK,INDHOTEL,27-Mar-2025,2025-03-27,940.00,CE,0.00,0.00,0.00,41.95,20.05,0,0.00,0,0,06-JAN-2025
OPTSTK,INDHOTEL,30-Jan-2025,2025-01-30,940.00,PE,0.00,0.00,0.00,61.15,94.75,0,0.00,4000,0,06-JAN-2025
OPTSTK,INDHOTEL,30-Jan-2025,2025-01-30,740.00,CE,0.00,0.00,0.00,30.30,108.60,0,0.00,0,0,06-JAN-2025
OPTSTK,INDHOTEL,30-Jan-2025,2025-01-30,920.00,PE,0.00,0.00,0.00,51.15,77.10,0,0.00,20000,0,06-JAN-2025
OPTSTK,INDHOTEL,27-Mar-2025,2025-03-27,760.00,CE,0.00,0.00,0.00,139.15,108.40,0,0.00,0,0,06-JAN-2025
OPTSTK,TECHM,30-Jan-2025,2025-01-30,1520.00,CE,0.00,0.00,0.00,203.50,175.30,0,0.00,24000,0,06-JAN-2025
OPTSTK,JSWSTEEL,30-Jan-2025,2025-01-30,1050.00,CE,1.10,1.45,1.00,1.25,1.25,88,624.389175,205875,16200,06-JAN-2025
OPTSTK,GRASIM,27-Feb-2025,2025-02-27,2520.00,PE,0.00,0.00,0.00,74.60,103.55,0,0.00,1500,0,06-JAN-2025
OPTSTK,GRASIM,30-Jan-2025,2025-01-30,2520.00,PE,48.55,90.50,45.00,85.45,85.45,478,3087.84362,109250,4750,06-JAN-2025
OPTSTK,ICICIBANK,27-Feb-2025,2025-02-27,1160.00,CE,0.00,0.00,0.00,160.15,119.70,0,0.00,0,0,06-JAN-2025
OPTSTK,ICICIBANK,30-Jan-2025,2025-01-30,1160.00,PE,2.65,4.40,2.00,3.70,3.70,1174,9556.69855,1084300,-17500,06-JAN-2025
OPTSTK,ICICIBANK,27-Feb-2025,2025-02-27,1220.00,CE,0.00,0.00,0.00,94.00,71.65,0,0.00,700,0,06-JAN-2025
OPTSTK,JSWSTEEL,30-Jan-2025,2025-01-30,760.00,PE,0.55,0.55,0.55,0.55,0.10,2,10.267425,121500,0,06-JAN-2025
OPTSTK,JSWSTEEL,30-Jan-2025,2025-01-30,940.00,CE,14.70,15.10,11.80,12.30,12.30,979,6299.38248,517725,-2700,06-JAN-2025
OPTSTK,ICICIBANK,30-Jan-2025,2025-01-30,1370.00,PE,0.00,0.00,0.00,76.80,101.90,0,0.00,43400,0,06-JAN-2025
OPTSTK,ICICIBANK,30-Jan-2025,2025-01-30,1370.00,CE,3.30,3.70,2.75,3.20,3.20,736,7074.91295,498400,-6300,06-JAN-2025
OPTSTK,ICICIBANK,27-Mar-2025,2025-03-27,1140.00,PE,0.00,0.00,0.00,7.85,5.55,0,0.00,0,0,06-JAN-2025
OPTSTK,JSWSTEEL,30-Jan-2025,2025-01-30,1140.00,CE,0.00,0.00,0.00,0.55,0.05,0,0.00,675,0,06-JAN-2025
OPTSTK,GRASIM,27-Feb-2025,2025-02-27,2560.00,CE,0.00,0.00,0.00,170.35,53.05,0,0.00,0,0,06-JAN-2025
OPTSTK,GRASIM,27-Feb-2025,2025-02-27,2560.00,PE,0.00,0.00,0.00,97.85,128.00,0,0.00,500,0,06-JAN-2025
OPTSTK,GRASIM,30-Jan-2025,2025-01-30,2560.00,PE,71.15,119.50,64.70,112.05,112.50,197,1307.81487,55750,-15000,06-JAN-2025
OPTSTK,JSWSTEEL,27-Mar-2025,2025-03-27,1000.00,CE,0.00,0.00,0.00,32.10,15.75,0,0.00,0,0,06-JAN-2025
OPTSTK,JSWSTEEL,27-Mar-2025,2025-03-27,1000.00,PE,0.00,0.00,0.00,99.60,100.15,0,0.00,0,0,06-JAN-2025
OPTSTK,JSWSTEEL,30-Jan-2025,2025-01-30,1000.00,PE,89.90,96.30,88.75,96.30,96.60,13,95.9428125,208575,-6750,06-JAN-2025
OPTSTK,JSWSTEEL,30-Jan-2025,2025-01-30,960.00,PE,51.85,62.65,51.85,61.55,61.55,33,226.6542,105300,5400,06-JAN-2025
OPTSTK,GRASIM,27-Feb-2025,2025-02-27,2260.00,PE,0.00,0.00,0.00,26.25,13.65,0,0.00,0,0,06-JAN-2025
OPTSTK,GRASIM,30-Jan-2025,2025-01-30,2240.00,CE,0.00,0.00,0.00,506.30,233.05,0,0.00,0,0,06-JAN-2025
OPTSTK,JSWSTEEL,27-Feb-2025,2025-02-27,910.00,PE,30.25,30.25,30.25,30.25,35.80,1,6.3466875,675,675,06-JAN-2025
OPTSTK,ICICIBANK,27-Feb-2025,2025-02-27,1240.00,PE,0.00,0.00,0.00,25.60,22.35,0,0.00,1400,0,06-JAN-2025
OPTSTK,ICICIBANK,27-Feb-2025,2025-02-27,1240.00,CE,0.00,0.00,0.00,102.05,58.30,0,0.00,0,0,06-JAN-2025
OPTSTK,ICICIBANK,27-Mar-2025,2025-03-27,1240.00,PE,0.00,0.00,0.00,28.85,28.40,0,0.00,0,0,06-JAN-2025
OPTSTK,ICICIBANK,27-Feb-2025,2025-02-27,1270.00,CE,0.00,0.00,0.00,75.65,41.30,0,0.00,0,0,06-JAN-2025
FUTSTK,ICICIBANK,27-Feb-2025,2025-02-27,,,1280.85,1290.25,1271.20,1276.95,1276.95,1877,16795.3124,2283400,672000,06-JAN-2025
OPTSTK,JSWSTEEL,27-Feb-2025,2025-02-27,920.00,PE,0.00,0.00,0.00,34.35,41.20,0,0.00,675,0,06-JAN-2025
OPTSTK,ICICIBANK,30-Jan-2025,2025-01-30,1080.00,PE,0.90,1.20,0.65,1.15,1.15,104,786.9554,119000,-4900,06-JAN-2025
OPTSTK,ICICIBANK,27-Mar-2025,2025-03-27,1400.00,CE,0.00,0.00,0.00,32.90,11.80,0,0.00,0,0,06-JAN-2025
OPTSTK,JSWSTEEL,27-Feb-2025,2025-02-27,1080.00,CE,0.00,0.00,0.00,24.80,1.65,0,0.00,0,0,06-JAN-2025
OPTSTK,TVSMOTOR,27-Feb-2025,2025-02-27,2480.00,PE,0.00,0.00,0.00,132.15,120.10,0,0.00,0,0,06-JAN-2025
OPTSTK,AMBUJACEM,30-Jan-2025,2025-01-30,470.00,CE,0.00,0.00,0.00,65.45,63.90,0,0.00,0,0,06-JAN-2025
OPTSTK,AMBUJACEM,27-Mar-2025,2025-03-27,530.00,PE,0.00,0.00,0.00,33.45,31.70,0,0.00,0,0,06-JAN-2025
OPTSTK,AMBUJACEM,27-Feb-2025,2025-02-27,470.00,CE,0.00,0.00,0.00,93.45,70.55,0,0.00,0,0,06-JAN-2025
OPTSTK,TVSMOTOR,27-Feb-2025,2025-02-27,2000.00,PE,0.00,0.00,0.00,15.35,2.00,0,0.00,0,0,06-JAN-2025
OPTSTK,TVSMOTOR,27-Mar-2025,2025-03-27,2160.00,CE,0.00,0.00,0.00,353.90,308.45,0,0.00,0,0,06-JAN-2025
OPTSTK,TVSMOTOR,30-Jan-2025,2025-01-30,2440.00,PE,42.00,83.70,42.00,80.75,80.75,76,666.4371,25200,-700,06-JAN-2025
OPTSTK,TVSMOTOR,30-Jan-2025,2025-01-30,2040.00,CE,0.00,0.00,0.00,415.15,383.10,0,0.00,0,0,06-JAN-2025
OPTSTK,TVSMOTOR,30-Jan-2025,2025-01-30,2440.00,CE,101.50,101.50,62.10,63.75,63.75,67,589.289575,24850,4200,06-JAN-2025
OPTSTK,TVSMOTOR,30-Jan-2025,2025-01-30,2260.00,PE,11.80,18.00,11.80,18.00,18.00,3,23.87875,16800,-350,06-JAN-2025
OPTSTK,TVSMOTOR,27-Feb-2025,2025-02-27,2540.00,CE,0.00,0.00,0.00,96.60,55.90,0,0.00,0,0,06-JAN-2025
OPTSTK,AMBUJACEM,27-Mar-2025,2025-03-27,560.00,PE,0.00,0.00,0.00,48.10,48.40,0,0.00,0,0,06-JAN-2025
OPTSTK,AMBUJACEM,30-Jan-2025,2025-01-30,510.00,PE,4.40,8.85,4.15,8.15,8.15,302,1404.7461,215100,6300,06-JAN-2025
OPTSTK,AMBUJACEM,27-Feb-2025,2025-02-27,510.00,CE,0.00,0.00,0.00,64.70,42.20,0,0.00,0,0,06-JAN-2025
OPTSTK,JKCEMENT,27-Mar-2025,2025-03-27,3800.00,CE,0.00,0.00,0.00,895.80,965.20,0,0.00,0,0,06-JAN-2025
OPTSTK,JKCEMENT,27-Mar-2025,2025-03-27,5400.00,CE,0.00,0.00,0.00,83.80,55.25,0,0.00,0,0,06-JAN-2025
OPTSTK,INDUSINDBK,27-Feb-2025,2025-02-27,960.00,PE,24.75,40.00,24.70,37.00,37.00,44,218.16675,44500,2000,06-JAN-2025
OPTSTK,INDUSINDBK,27-Mar-2025,2025-03-27,960.00,CE,0.00,0.00,0.00,69.00,72.05,0,0.00,0,0,06-JAN-2025
OPTSTK,HDFCAMC,27-Mar-2025,2025-03-27,3900.00,PE,0.00,0.00,0.00,128.60,121.60,0,0.00,0,0,06-JAN-2025
OPTSTK,GODREJCP,27-Mar-2025,2025-03-27,960.00,PE,0.00,0.00,0.00,19.30,3.75,0,0.00,0,0,06-JAN-2025
OPTSTK,GODREJCP,30-Jan-2025,2025-01-30,1140.00,CE,23.75,46.60,19.15,34.90,34.90,4145,24310.7392,193500,72500,06-JAN-2025
OPTSTK,GODREJCP,27-Feb-2025,2025-02-27,980.00,CE,0.00,0.00,0.00,120.80,173.60,0,0.00,0,0,06-JAN-2025
OPTSTK,HDFCAMC,30-Jan-2025,2025-01-30,4850.00,CE,5.05,5.05,3.10,3.10,2.65,5,36.409275,9150,150,06-JAN-2025
OPTSTK,HDFCAMC,30-Jan-2025,2025-01-30,4200.00,CE,150.00,161.45,79.30,98.85,98.85,1568,10120.4490,47400,15450,06-JAN-2025
OPTSTK,HDFCAMC,27-Mar-2025,2025-03-27,4200.00,CE,0.00,0.00,0.00,387.35,221.55,0,0.00,0,0,06-JAN-2025
OPTSTK,INDUSINDBK,27-Mar-2025,2025-03-27,900.00,PE,0.00,0.00,0.00,50.35,25.05,0,0.00,0,0,06-JAN-2025
OPTSTK,GODREJCP,30-Jan-2025,2025-01-30,900.00,CE,0.00,0.00,0.00,362.70,245.85,0,0.00,0,0,06-JAN-2025
OPTSTK,GODREJCP,30-Jan-2025,2025-01-30,900.00,PE,0.00,0.00,0.00,0.15,0.05,0,0.00,0,0,06-JAN-2025
OPTSTK,INDUSINDBK,27-Mar-2025,2025-03-27,840.00,CE,0.00,0.00,0.00,135.85,153.45,0,0.00,0,0,06-JAN-2025
OPTSTK,INDUSINDBK,30-Jan-2025,2025-01-30,910.00,PE,7.35,15.20,7.00,12.95,12.95,521,2399.12,100000,-4000,06-JAN-2025
OPTSTK,HDFCAMC,27-Mar-2025,2025-03-27,3700.00,PE,0.00,0.00,0.00,76.95,64.95,0,0.00,0,0,06-JAN-2025
OPTSTK,INDUSINDBK,27-Mar-2025,2025-03-27,1100.00,PE,0.00,0.00,0.00,174.70,135.90,0,0.00,0,0,06-JAN-2025
OPTSTK,INDUSINDBK,27-Feb-2025,2025-02-27,920.00,PE,19.80,24.75,15.75,23.20,23.20,49,230.17875,18000,5000,06-JAN-2025
OPTSTK,GODREJCP,27-Feb-2025,2025-02-27,920.00,CE,0.00,0.00,0.00,348.80,231.10,0,0.00,0,0,06-JAN-2025
OPTSTK,INDUSINDBK,27-Mar-2025,2025-03-27,1080.00,CE,0.00,0.00,0.00,30.70,26.65,0,0.00,0,0,06-JAN-2025
OPTSTK,INDUSINDBK,30-Jan-2025,2025-01-30,930.00,CE,75.75,77.90,57.25,61.25,61.25,70,347.653,69000,-6000,06-JAN-2025
OPTSTK,GODREJCP,30-Jan-2025,2025-01-30,1400.00,CE,0.00,0.00,0.00,0.50,0.05,0,0.00,1500,0,06-JAN-2025
OPTSTK,HDFCAMC,30-Jan-2025,2025-01-30,3800.00,PE,15.60,49.60,15.60,37.20,37.20,451,2592.89107,79500,4050,06-JAN-2025
OPTSTK,HDFCAMC,30-Jan-2025,2025-01-30,4200.00,PE,104.35,229.00,104.30,187.50,187.50,929,6098.36782,58350,-31050,06-JAN-2025
OPTSTK,INDUSINDBK,30-Jan-2025,2025-01-30,1060.00,PE,91.00,96.45,85.75,93.30,93.30,20,115.3865,125500,-3000,06-JAN-2025
OPTSTK,GODREJCP,27-Feb-2025,2025-02-27,1060.00,CE,0.00,0.00,0.00,69.20,104.45,0,0.00,0,0,06-JAN-2025
OPTSTK,GODREJCP,27-Feb-2025,2025-02-27,1260.00,PE,0.00,0.00,0.00,183.05,118.55,0,0.00,0,0,06-JAN-2025
OPTSTK,HDFCAMC,27-Feb-2025,2025-02-27,4750.00,CE,0.00,0.00,0.00,114.15,30.70,0,0.00,0,0,06-JAN-2025
OPTSTK,GODREJCP,30-Jan-2025,2025-01-30,920.00,PE,0.55,0.55,0.55,0.55,0.05,8,36.822,70000,-1000,06-JAN-2025
OPTSTK,GODREJCP,27-Feb-2025,2025-02-27,1220.00,CE,0.00,0.00,0.00,15.65,21.20,0,0.00,0,0,06-JAN-2025
OPTSTK,GODREJCP,27-Feb-2025,2025-02-27,1040.00,PE,11.10,12.80,10.50,12.35,12.35,56,294.5345,36000,0,06-JAN-2025
OPTSTK,INDUSINDBK,27-Mar-2025,2025-03-27,860.00,PE,0.00,0.00,0.00,35.05,14.85,0,0.00,0,0,06-JAN-2025
OPTSTK,SBICARD,27-Mar-2025,2025-03-27,670.00,PE,0.00,0.00,0.00,25.05,6.45,0,0.00,0,0,06-JAN-2025
OPTSTK,SBICARD,27-Mar-2025,2025-03-27,670.00,CE,0.00,0.00,0.00,46.35,76.85,0,0.00,0,0,06-JAN-2025
OPTSTK,SBICARD,30-Jan-2025,2025-01-30,820.00,CE,3.00,5.60,1.65,2.05,2.05,1347,8870.3872,308000,190400,06-JAN-2025
OPTSTK,SBICARD,27-Mar-2025,2025-03-27,760.00,CE,30.00,30.00,30.00,30.00,22.60,1,6.32,800,800,06-JAN-2025
OPTSTK,SBICARD,27-Mar-2025,2025-03-27,710.00,CE,0.00,0.00,0.00,27.40,47.85,0,0.00,0,0,06-JAN-2025
OPTSTK,SBICARD,27-Mar-2025,2025-03-27,740.00,PE,0.00,0.00,0.00,64.95,29.80,0,0.00,0,0,06-JAN-2025
OPTSTK,SBICARD,30-Jan-2025,2025-01-30,615.00,PE,0.65,0.90,0.65,0.90,0.90,21,103.4488,126400,7200,06-JAN-2025
OPTSTK,SBICARD,30-Jan-2025,2025-01-30,615.00,CE,0.00,0.00,0.00,107.05,118.30,0,0.00,0,0,06-JAN-2025
OPTSTK,SBICARD,27-Feb-2025,2025-02-27,615.00,CE,0.00,0.00,0.00,77.35,121.75,0,0.00,0,0,06-JAN-2025
OPTSTK,SBICARD,30-Jan-2025,2025-01-30,750.00,PE,23.60,32.50,15.00,30.35,30.35,1798,11126.0084,276000,102400,06-JAN-2025
OPTSTK,SBICARD,27-Mar-2025,2025-03-27,750.00,CE,0.00,0.00,0.00,15.00,26.65,0,0.00,0,0,06-JAN-2025
OPTSTK,SBICARD,30-Jan-2025,2025-01-30,800.00,CE,4.50,9.40,2.90,3.80,3.80,6078,39146.8212,837600,248000,06-JAN-2025
OPTSTK,SBICARD,30-Jan-2025,2025-01-30,800.00,PE,49.40,70.00,47.00,69.30,69.30,231,1586.0972,193600,2400,06-JAN-2025
OPTSTK,SBICARD,30-Jan-2025,2025-01-30,570.00,PE,0.00,0.00,0.00,2.30,0.05,0,0.00,0,0,06-JAN-2025
OPTSTK,SBICARD,27-Mar-2025,2025-03-27,780.00,PE,0.00,0.00,0.00,95.75,53.90,0,0.00,0,0,06-JAN-2025
OPTSTK,SBICARD,27-Mar-2025,2025-03-27,790.00,PE,0.00,0.00,0.00,104.10,61.05,0,0.00,0,0,06-JAN-2025
OPTSTK,ABCAPITAL,30-Jan-2025,2025-01-30,162.50,PE,0.75,1.60,0.75,1.50,1.50,51,225.29205,99900,-24300,06-JAN-2025
OPTSTK,SBICARD,27-Mar-2025,2025-03-27,610.00,PE,0.00,0.00,0.00,7.40,0.85,0,0.00,0,0,06-JAN-2025
OPTSTK,SBICARD,27-Feb-2025,2025-02-27,660.00,CE,0.00,0.00,0.00,76.45,79.45,0,0.00,0,0,06-JAN-2025
OPTSTK,SBICARD,27-Mar-2025,2025-03-27,680.00,CE,0.00,0.00,0.00,40.95,68.95,0,0.00,0,0,06-JAN-2025
OPTSTK,SBICARD,27-Feb-2025,2025-02-27,705.00,PE,0.00,0.00,0.00,38.95,11.30,0,0.00,0,0,06-JAN-2025
OPTSTK,SBICARD,30-Jan-2025,2025-01-30,705.00,PE,6.00,10.95,2.65,9.80,9.80,719,4096.0532,185600,12000,06-JAN-2025
OPTSTK,SBICARD,27-Feb-2025,2025-02-27,705.00,CE,0.00,0.00,0.00,21.95,43.55,0,0.00,0,0,06-JAN-2025
OPTSTK,SBICARD,30-Jan-2025,2025-01-30,705.00,CE,57.55,57.60,36.40,38.90,38.90,125,749.5724,107200,-50400,06-JAN-2025
OPTSTK,ABCAPITAL,27-Feb-2025,2025-02-27,170.00,CE,0.00,0.00,0.00,32.05,13.25,0,0.00,0,0,06-JAN-2025
OPTSTK,ABCAPITAL,30-Jan-2025,2025-01-30,240.00,PE,0.00,0.00,0.00,55.00,62.70,0,0.00,175500,0,06-JAN-2025
OPTSTK,SBICARD,27-Feb-2025,2025-02-27,810.00,CE,0.00,0.00,0.00,11.20,4.35,0,0.00,0,0,06-JAN-2025
OPTSTK,ABCAPITAL,27-Feb-2025,2025-02-27,167.50,CE,0.00,0.00,0.00,23.55,14.85,0,0.00,0,0,06-JAN-2025
OPTSTK,ABCAPITAL,27-Feb-2025,2025-02-27,167.50,PE,0.00,0.00,0.00,4.60,4.50,0,0.00,0,0,06-JAN-2025
OPTSTK,ABCAPITAL,30-Jan-2025,2025-01-30,167.50,PE,0.95,2.65,0.95,2.25,2.25,102,466.29405,259200,124200,06-JAN-2025
OPTSTK,SBICARD,30-Jan-2025,2025-01-30,765.00,CE,18.30,21.60,8.40,9.75,9.75,973,6055.8824,97600,21600,06-JAN-2025
OPTSTK,SBICARD,27-Feb-2025,2025-02-27,765.00,CE,0.00,0.00,0.00,6.70,13.80,0,0.00,0,0,06-JAN-2025
OPTIDX,NIFTYNXT50,27-Feb-2025,2025-02-27,76900.00,PE,0.00,0.00,0.00,6257.80,9242.50,0,0.00,0,0,06-JAN-2025
OPTIDX,NIFTYNXT50,30-Jan-2025,2025-01-30,76900.00,PE,0.00,0.00,0.00,7006.80,9565.90,0,0.00,0,0,06-JAN-2025
OPTIDX,NIFTYNXT50,27-Feb-2025,2025-02-27,76900.00,CE,0.00,0.00,0.00,1439.50,75.25,0,0.00,0,0,06-JAN-2025
OPTIDX,NIFTYNXT50,30-Jan-2025,2025-01-30,76900.00,CE,0.00,0.00,0.00,1281.75,3.25,0,0.00,0,0,06-JAN-2025
OPTIDX,NIFTYNXT50,27-Feb-2025,2025-02-27,69900.00,PE,0.00,0.00,0.00,2227.90,3265.50,0,0.00,0,0,06-JAN-2025
OPTIDX,NIFTYNXT50,30-Jan-2025,2025-01-30,69900.00,PE,0.00,0.00,0.00,2702.95,3007.95,0,0.00,0,0,06-JAN-2025
OPTIDX,NIFTYNXT50,30-Jan-2025,2025-01-30,69900.00,CE,0.00,0.00,0.00,3845.15,414.30,0,0.00,0,0,06-JAN-2025
OPTIDX,NIFTYNXT50,27-Feb-2025,2025-02-27,69900.00,CE,0.00,0.00,0.00,1900.00,1031.25,0,0.00,0,0,06-JAN-2025
OPTIDX,NIFTYNXT50,27-Mar-2025,2025-03-27,69900.00,CE,0.00,0.00,0.00,2987.95,1586.60,0,0.00,0,0,06-JAN-2025
OPTIDX,NIFTYNXT50,27-Mar-2025,2025-03-27,69900.00,PE,0.00,0.00,0.00,3094.25,3463.30,0,0.00,0,0,06-JAN-2025
OPTIDX,NIFTYNXT50,27-Mar-2025,2025-03-27,62500.00,PE,0.00,0.00,0.00,610.20,525.15,0,0.00,0,0,06-JAN-2025
OPTIDX,NIFTYNXT50,30-Jan-2025,2025-01-30,71900.00,PE,0.00,0.00,0.00,3714.05,4720.15,0,0.00,0,0,06-JAN-2025
OPTIDX,NIFTYNXT50,27-Mar-2025,2025-03-27,71500.00,PE,0.00,0.00,0.00,3987.05,4543.05,0,0.00,0,0,06-JAN-2025
OPTIDX,NIFTYNXT50,27-Feb-2025,2025-02-27,70200.00,CE,0.00,0.00,0.00,4117.30,942.00,0,0.00,0,0,06-JAN-2025
OPTIDX,NIFTYNXT50,30-Jan-2025,2025-01-30,62700.00,PE,0.00,0.00,0.00,567.25,102.95,0,0.00,0,0,06-JAN-2025
OPTIDX,NIFTYNXT50,30-Jan-2025,2025-01-30,71800.00,PE,0.00,0.00,0.00,3659.05,4629.10,0,0.00,0,0,06-JAN-2025
OPTIDX,NIFTYNXT50,27-Feb-2025,2025-02-27,71800.00,PE,0.00,0.00,0.00,3097.80,4678.50,0,0.00,0,0,06-JAN-2025
OPTIDX,NIFTYNXT50,30-Jan-2025,2025-01-30,71800.00,CE,0.00,0.00,0.00,2937.25,143.85,0,0.00,0,0,06-JAN-2025
OPTIDX,NIFTYNXT50,30-Jan-2025,2025-01-30,67200.00,CE,0.00,0.00,0.00,5427.80,1348.75,0,0.00,0,0,06-JAN-2025
OPTIDX,NIFTYNXT50,27-Feb-2025,2025-02-27,65500.00,PE,0.00,0.00,0.00,866.50,1011.00,0,0.00,0,0,06-JAN-2025
OPTIDX,NIFTYNXT50,27-Mar-2025,2025-03-27,69200.00,CE,0.00,0.00,0.00,3325.35,1850.55,0,0.00,0,0,06-JAN-2025
OPTIDX,NIFTYNXT50,27-Mar-2025,2025-03-27,69200.00,PE,0.00,0.00,0.00,2744.05,3037.50,0,0.00,0,0,06-JAN-2025
OPTIDX,NIFTYNXT50,30-Jan-2025,2025-01-30,63400.00,CE,0.00,0.00,0.00,8202.20,4046.75,0,0.00,0,0,06-JAN-2025
OPTIDX,NIFTYNXT50,30-Jan-2025,2025-01-30,74400.00,CE,0.00,0.00,0.00,1960.15,24.75,0,0.00,0,0,06-JAN-2025
OPTIDX,NIFTYNXT50,27-Feb-2025,2025-02-27,69400.00,CE,0.00,0.00,0.00,4577.60,1194.10,0,0.00,0,0,06-JAN-2025
OPTIDX,NIFTYNXT50,27-Feb-2025,2025-02-27,69400.00,PE,0.00,0.00,0.00,2028.00,2933.10,0,0.00,0,0,06-JAN-2025
OPTIDX,NIFTYNXT50,30-Jan-2025,2025-01-30,71700.00,PE,0.00,0.00,0.00,3604.50,4538.50,0,0.00,0,0,06-JAN-2025
OPTIDX,NIFTYNXT50,27-Feb-2025,2025-02-27,68600.00,PE,0.00,0.00,0.00,1733.10,2439.85,0,0.00,0,0,06-JAN-2025
OPTIDX,NIFTYNXT50,27-Mar-2025,2025-03-27,68600.00,PE,0.00,0.00,0.00,2463.45,2696.70,0,0.00,0,0,06-JAN-2025
OPTIDX,NIFTYNXT50,27-Feb-2025,2025-02-27,68600.00,CE,0.00,0.00,0.00,5068.60,1493.15,0,0.00,0,0,06-JAN-2025
OPTIDX,NIFTYNXT50,30-Jan-2025,2025-01-30,66600.00,CE,0.00,0.00,0.00,5825.30,1670.35,0,0.00,0,0,06-JAN-2025
OPTIDX,NIFTYNXT50,27-Feb-2025,2025-02-27,66600.00,PE,0.00,0.00,0.00,1129.15,1428.80,0,0.00,0,0,06-JAN-2025
OPTIDX,BANKNIFTY,30-Jan-2025,2025-01-30,49500.00,CE,2005.30,2005.30,1221.25,1310.95,1310.95,21634,165038.894,90135,61425,06-JAN-2025
OPTSTK,JSWENERGY,27-Feb-2025,2025-02-27,720.00,PE,0.00,0.00,0.00,97.50,119.80,0,0.00,0,0,06-JAN-2025
OPTSTK,JSWENERGY,27-Feb-2025,2025-02-27,720.00,CE,0.00,0.00,0.00,53.30,8.25,0,0.00,0,0,06-JAN-2025
OPTIDX,BANKNIFTY,27-Mar-2025,2025-03-27,53200.00,CE,0.00,0.00,0.00,1625.40,665.20,0,0.00,0,0,06-JAN-2025
OPTIDX,BANKNIFTY,27-Feb-2025,2025-02-27,53400.00,CE,382.95,398.35,290.00,305.20,305.20,374,6030.74562,3360,210,06-JAN-2025
OPTIDX,BANKNIFTY,27-Mar-2025,2025-03-27,52500.00,PE,1930.00,2464.15,1898.20,2368.45,2368.45,348,5710.78930,45360,570,06-JAN-2025
OPTIDX,BANKNIFTY,25-Sep-2025,2025-09-25,52500.00,PE,2165.20,2600.05,2160.00,2600.05,2600.05,16,263.24157,1440,90,06-JAN-2025
OPTSTK,JSWENERGY,27-Mar-2025,2025-03-27,760.00,PE,0.00,0.00,0.00,139.30,156.95,0,0.00,0,0,06-JAN-2025
OPTSTK,JSWENERGY,30-Jan-2025,2025-01-30,530.00,CE,0.00,0.00,0.00,149.30,77.60,0,0.00,0,0,06-JAN-2025
OPTSTK,PRESTIGE,30-Jan-2025,2025-01-30,1400.00,CE,0.00,0.00,0.00,328.60,211.20,0,0.00,0,0,06-JAN-2025
OPTSTK,PRESTIGE,27-Mar-2025,2025-03-27,1400.00,CE,0.00,0.00,0.00,418.55,260.25,0,0.00,0,0,06-JAN-2025
OPTIDX,BANKNIFTY,30-Jan-2025,2025-01-30,56300.00,PE,0.00,0.00,0.00,4368.75,6131.35,0,0.00,0,0,06-JAN-2025
OPTIDX,BANKNIFTY,27-Feb-2025,2025-02-27,52100.00,CE,968.45,968.45,616.40,639.25,639.25,200,3172.34526,4110,1590,06-JAN-2025
OPTIDX,BANKNIFTY,30-Jan-2025,2025-01-30,52100.00,PE,1382.30,2287.10,1382.30,2200.40,2200.40,1041,8411.52166,79740,-2850,06-JAN-2025
OPTSTK,CUMMINSIND,30-Jan-2025,2025-01-30,3050.00,PE,29.70,54.40,29.70,48.50,48.50,106,491.4654,35700,4950,06-JAN-2025
OPTSTK,CUMMINSIND,30-Jan-2025,2025-01-30,3050.00,CE,187.35,196.35,167.45,168.25,189.80,12,58.205925,1350,750,06-JAN-2025
OPTSTK,CUMMINSIND,30-Jan-2025,2025-01-30,3200.00,CE,124.00,125.30,84.15,93.60,93.60,561,2776.5768,63450,15300,06-JAN-2025
OPTSTK,CUMMINSIND,27-Mar-2025,2025-03-27,3200.00,CE,0.00,0.00,0.00,384.55,208.05,0,0.00,0,0,06-JAN-2025
OPTIDX,BANKNIFTY,30-Jan-2025,2025-01-30,48800.00,CE,1922.15,1938.55,1678.75,1772.25,1772.25,312,2365.5294,6165,1740,06-JAN-2025
OPTSTK,JSWENERGY,27-Mar-2025,2025-03-27,740.00,PE,0.00,0.00,0.00,124.45,139.85,0,0.00,0,0,06-JAN-2025
OPTSTK,JSWENERGY,27-Feb-2025,2025-02-27,740.00,PE,0.00,0.00,0.00,110.55,137.30,0,0.00,0,0,06-JAN-2025
OPTSTK,CUMMINSIND,27-Feb-2025,2025-02-27,3100.00,CE,0.00,0.00,0.00,535.75,214.75,0,0.00,0,0,06-JAN-2025
OPTSTK,CUMMINSIND,27-Feb-2025,2025-02-27,3100.00,PE,0.00,0.00,0.00,85.00,108.90,0,0.00,300,0,06-JAN-2025
OPTIDX,BANKNIFTY,27-Feb-2025,2025-02-27,51100.00,CE,1530.80,1530.80,983.40,1016.00,1016.00,289,4530.70498,4680,-720,06-JAN-2025
OPTIDX,BANKNIFTY,30-Jan-2025,2025-01-30,50700.00,PE,668.65,1349.65,613.20,1219.90,1219.90,168013,1299720.11,106920,-20010,06-JAN-2025
OPTIDX,BANKNIFTY,27-Mar-2025,2025-03-27,50700.00,CE,0.00,0.00,0.00,2846.20,1560.70,0,0.00,0,0,06-JAN-2025
OPTIDX,BANKNIFTY,27-Feb-2025,2025-02-27,50700.00,CE,1602.00,1638.35,1166.05,1215.20,1215.20,331,5167.16059,4590,2730,06-JAN-2025
OPTIDX,BANKNIFTY,30-Jan-2025,2025-01-30,50700.00,CE,1184.00,1199.25,633.80,687.20,687.20,118797,918951.674,148185,98850,06-JAN-2025
OPTIDX,BANKNIFTY,27-Feb-2025,2025-02-27,50700.00,PE,956.00,1451.45,950.00,1355.75,1355.75,174,2706.76455,2820,270,06-JAN-2025
OPTIDX,BANKNIFTY,30-Jan-2025,2025-01-30,45000.00,PE,10.50,38.90,10.45,30.50,30.50,296693,2003815.01,670440,137025,06-JAN-2025
OPTIDX,BANKNIFTY,27-Mar-2025,2025-03-27,47500.00,PE,290.00,490.80,290.00,460.50,460.50,684,9827.46669,11790,7590,06-JAN-2025
OPTIDX,FINNIFTY,27-Mar-2025,2025-03-27,24100.00,PE,0.00,0.00,0.00,987.90,965.25,0,0.00,0,0,06-JAN-2025
OPTIDX,FINNIFTY,30-Jan-2025,2025-01-30,21700.00,PE,18.00,38.85,13.60,33.60,33.60,3916,21266.5106,29175,-7225,06-JAN-2025
OPTIDX,FINNIFTY,30-Jan-2025,2025-01-30,21700.00,CE,0.00,0.00,0.00,3146.20,1728.00,0,0.00,0,0,06-JAN-2025
OPTIDX,FINNIFTY,27-Mar-2025,2025-03-27,21700.00,CE,0.00,0.00,0.00,2345.90,2052.90,0,0.00,0,0,06-JAN-2025
OPTIDX,FINNIFTY,27-Feb-2025,2025-02-27,21700.00,PE,0.00,0.00,0.00,132.85,64.30,0,0.00,0,0,06-JAN-2025
OPTIDX,FINNIFTY,27-Mar-2025,2025-03-27,21700.00,PE,0.00,0.00,0.00,169.60,116.35,0,0.00,0,0,06-JAN-2025
OPTIDX,FINNIFTY,27-Feb-2025,2025-02-27,21700.00,CE,0.00,0.00,0.00,2871.00,1889.85,0,0.00,0,0,06-JAN-2025
OPTIDX,FINNIFTY,30-Jan-2025,2025-01-30,26200.00,PE,0.00,0.00,0.00,2220.00,2767.55,0,0.00,75,0,06-JAN-2025
OPTIDX,FINNIFTY,27-Feb-2025,2025-02-27,25300.00,CE,0.00,0.00,0.00,643.95,95.10,0,0.00,0,0,06-JAN-2025
OPTIDX,FINNIFTY,30-Jan-2025,2025-01-30,25300.00,PE,0.00,0.00,0.00,1248.70,1884.60,0,0.00,0,0,06-JAN-2025
OPTIDX,FINNIFTY,27-Mar-2025,2025-03-27,21600.00,CE,0.00,0.00,0.00,2428.60,2138.10,0,0.00,0,0,06-JAN-2025
OPTIDX,FINNIFTY,27-Feb-2025,2025-02-27,24600.00,PE,0.00,0.00,0.00,1033.75,1260.95,0,0.00,0,0,06-JAN-2025
OPTIDX,MIDCPNIFTY,30-Jan-2025,2025-01-30,11500.00,CE,0.00,0.00,0.00,1247.75,1249.75,0,0.00,0,0,06-JAN-2025
OPTIDX,MIDCPNIFTY,30-Jan-2025,2025-01-30,11500.00,PE,6.35,17.85,6.30,16.35,16.35,13099,75404.7110,274800,70750,06-JAN-2025
OPTIDX,MIDCPNIFTY,27-Feb-2025,2025-02-27,11500.00,CE,0.00,0.00,0.00,1391.90,1324.75,0,0.00,0,0,06-JAN-2025
OPTIDX,MIDCPNIFTY,27-Feb-2025,2025-02-27,11500.00,PE,0.00,0.00,0.00,108.05,18.05,0,0.00,0,0,06-JAN-2025
OPTIDX,MIDCPNIFTY,27-Mar-2025,2025-03-27,11500.00,CE,0.00,0.00,0.00,1750.90,1405.05,0,0.00,0,0,06-JAN-2025
OPTIDX,MIDCPNIFTY,27-Mar-2025,2025-03-27,11500.00,PE,0.00,0.00,0.00,54.75,39.55,0,0.00,0,0,06-JAN-2025
OPTIDX,MIDCPNIFTY,27-Feb-2025,2025-02-27,13150.00,PE,0.00,0.00,0.00,733.40,532.95,0,0.00,0,0,06-JAN-2025
OPTIDX,MIDCPNIFTY,27-Mar-2025,2025-03-27,13150.00,PE,0.00,0.00,0.00,506.65,569.10,0,0.00,0,0,06-JAN-2025
OPTIDX,MIDCPNIFTY,27-Feb-2025,2025-02-27,13850.00,CE,0.00,0.00,0.00,193.65,54.95,0,0.00,0,0,06-JAN-2025
OPTIDX,MIDCPNIFTY,27-Feb-2025,2025-02-27,13850.00,PE,0.00,0.00,0.00,1217.45,1075.80,0,0.00,0,0,06-JAN-2025
OPTIDX,MIDCPNIFTY,30-Jan-2025,2025-01-30,11675.00,PE,0.00,0.00,0.00,180.55,5.60,0,0.00,0,0,06-JAN-2025
OPTIDX,MIDCPNIFTY,27-Mar-2025,2025-03-27,13850.00,CE,0.00,0.00,0.00,304.90,117.20,0,0.00,0,0,06-JAN-2025
OPTIDX,MIDCPNIFTY,30-Jan-2025,2025-01-30,13850.00,CE,18.10,18.10,10.25,12.20,12.20,765,5302.44835,11100,-2300,06-JAN-2025
OPTIDX,MIDCPNIFTY,30-Jan-2025,2025-01-30,11675.00,CE,0.00,0.00,0.00,1115.75,1078.90,0,0.00,0,0,06-JAN-2025
OPTIDX,MIDCPNIFTY,27-Mar-2025,2025-03-27,12175.00,CE,0.00,0.00,0.00,1194.85,852.15,0,0.00,0,0,06-JAN-2025
OPTIDX,MIDCPNIFTY,27-Mar-2025,2025-03-27,13400.00,CE,0.00,0.00,0.00,468.35,223.70,0,0.00,0,0,06-JAN-2025
OPTIDX,MIDCPNIFTY,30-Jan-2025,2025-01-30,13400.00,PE,411.15,736.55,411.15,713.40,713.40,53,370.4027,3950,-50,06-JAN-2025
OPTIDX,MIDCPNIFTY,27-Feb-2025,2025-02-27,13275.00,CE,0.00,0.00,0.00,352.00,166.45,0,0.00,0,0,06-JAN-2025
OPTIDX,MIDCPNIFTY,30-Jan-2025,2025-01-30,12975.00,PE,203.50,410.10,193.20,395.30,395.30,6156,40715.7031,18750,-15250,06-JAN-2025
OPTIDX,MIDCPNIFTY,30-Jan-2025,2025-01-30,13425.00,PE,0.00,0.00,0.00,309.00,707.80,0,0.00,0,0,06-JAN-2025
OPTIDX,MIDCPNIFTY,30-Jan-2025,2025-01-30,13875.00,CE,17.90,17.90,9.50,10.40,10.40,439,3048.2114,13250,-700,06-JAN-2025
OPTIDX,MIDCPNIFTY,30-Jan-2025,2025-01-30,13875.00,PE,0.00,0.00,0.00,1377.95,1124.60,0,0.00,0,0,06-JAN-2025
OPTIDX,MIDCPNIFTY,27-Feb-2025,2025-02-27,11875.00,PE,0.00,0.00,0.00,187.50,52.15,0,0.00,0,0,06-JAN-2025
OPTIDX,MIDCPNIFTY,27-Feb-2025,2025-02-27,13800.00,PE,0.00,0.00,0.00,1179.75,1032.40,0,0.00,0,0,06-JAN-2025
OPTIDX,MIDCPNIFTY,27-Mar-2025,2025-03-27,12700.00,PE,0.00,0.00,0.00,315.00,333.80,0,0.00,0,0,06-JAN-2025
OPTIDX,MIDCPNIFTY,30-Jan-2025,2025-01-30,13800.00,PE,0.00,0.00,0.00,1318.00,1052.60,0,0.00,0,0,06-JAN-2025
OPTIDX,MIDCPNIFTY,30-Jan-2025,2025-01-30,11775.00,PE,15.55,15.60,15.55,15.60,9.05,8,47.162375,400,400,06-JAN-2025
OPTIDX,MIDCPNIFTY,30-Jan-2025,2025-01-30,11775.00,CE,0.00,0.00,0.00,1044.00,982.80,0,0.00,0,0,06-JAN-2025
OPTIDX,MIDCPNIFTY,27-Feb-2025,2025-02-27,13675.00,PE,0.00,0.00,0.00,1085.90,926.45,0,0.00,0,0,06-JAN-2025
OPTIDX,MIDCPNIFTY,30-Jan-2025,2025-01-30,13675.00,CE,36.75,36.75,17.20,20.00,20.00,479,3280.83755,6400,-1950,06-JAN-2025
OPTIDX,MIDCPNIFTY,27-Feb-2025,2025-02-27,13950.00,PE,0.00,0.00,0.00,1295.20,1164.15,0,0.00,0,0,06-JAN-2025
OPTSTK,ICICIGI,30-Jan-2025,2025-01-30,1900.00,PE,91.80,103.20,91.80,103.20,94.30,3,14.967,29000,-500,06-JAN-2025
OPTSTK,HEROMOTOCO,27-Mar-2025,2025-03-27,4300.00,PE,0.00,0.00,0.00,228.90,215.90,0,0.00,0,0,06-JAN-2025
OPTSTK,HEROMOTOCO,27-Feb-2025,2025-02-27,3700.00,CE,0.00,0.00,0.00,646.10,550.60,0,0.00,0,0,06-JAN-2025
OPTSTK,ICICIGI,27-Mar-2025,2025-03-27,2000.00,CE,0.00,0.00,0.00,62.90,26.25,0,0.00,0,0,06-JAN-2025
OPTSTK,ICICIGI,27-Mar-2025,2025-03-27,2160.00,PE,0.00,0.00,0.00,286.00,322.20,0,0.00,0,0,06-JAN-2025
OPTSTK,M&MFIN,30-Jan-2025,2025-01-30,305.00,CE,1.95,3.25,1.15,1.35,1.35,678,4162.754,368000,88000,06-JAN-2025
OPTSTK,M&MFIN,27-Feb-2025,2025-02-27,305.00,PE,0.00,0.00,0.00,40.85,34.35,0,0.00,0,0,06-JAN-2025
OPTSTK,ICICIGI,27-Feb-2025,2025-02-27,1560.00,PE,0.00,0.00,0.00,7.90,2.00,0,0.00,0,0,06-JAN-2025
OPTSTK,M&MFIN,27-Feb-2025,2025-02-27,270.00,PE,0.00,0.00,0.00,12.50,10.95,0,0.00,6000,0,06-JAN-2025
OPTSTK,HEROMOTOCO,30-Jan-2025,2025-01-30,4100.00,CE,220.00,243.20,168.40,172.45,172.45,135,871.323375,33300,-6000,06-JAN-2025
OPTSTK,HEROMOTOCO,30-Jan-2025,2025-01-30,4400.00,PE,175.25,230.05,155.90,225.70,225.70,211,1456.77285,84300,-2400,06-JAN-2025
OPTSTK,HEROMOTOCO,30-Jan-2025,2025-01-30,3950.00,PE,16.75,28.55,14.45,26.75,26.75,472,2812.06387,29100,-3600,06-JAN-2025
OPTSTK,M&MFIN,27-Mar-2025,2025-03-27,310.00,PE,0.00,0.00,0.00,46.10,39.35,0,0.00,0,0,06-JAN-2025
OPTSTK,M&MFIN,30-Jan-2025,2025-01-30,310.00,CE,1.25,2.40,0.85,0.95,0.95,1374,8562.233,1158000,-2000,06-JAN-2025
OPTSTK,M&MFIN,27-Feb-2025,2025-02-27,310.00,CE,0.00,0.00,0.00,9.45,2.55,0,0.00,0,0,06-JAN-2025
OPTSTK,M&MFIN,27-Mar-2025,2025-03-27,310.00,CE,0.00,0.00,0.00,7.30,4.90,0,0.00,0,0,06-JAN-2025
OPTSTK,HEROMOTOCO,27-Feb-2025,2025-02-27,4350.00,PE,0.00,0.00,0.00,223.90,219.60,0,0.00,0,0,06-JAN-2025
OPTSTK,HEROMOTOCO,30-Jan-2025,2025-01-30,4350.00,CE,70.25,88.00,50.30,52.25,52.25,1158,7678.33905,87900,-6600,06-JAN-2025
OPTSTK,HEROMOTOCO,27-Mar-2025,2025-03-27,4100.00,CE,0.00,0.00,0.00,392.55,286.00,0,0.00,0,0,06-JAN-2025
OPTSTK,HEROMOTOCO,27-Mar-2025,2025-03-27,4400.00,PE,0.00,0.00,0.00,280.70,273.90,0,0.00,0,0,06-JAN-2025
OPTSTK,ICICIGI,27-Feb-2025,2025-02-27,1860.00,CE,0.00,0.00,0.00,98.50,50.40,0,0.00,0,0,06-JAN-2025
OPTSTK,M&MFIN,27-Mar-2025,2025-03-27,270.00,PE,0.00,0.00,0.00,19.60,13.30,0,0.00,0,0,06-JAN-2025
OPTSTK,HEROMOTOCO,30-Jan-2025,2025-01-30,4000.00,PE,25.85,37.80,19.25,35.35,35.35,1599,9663.8841,157800,-10500,06-JAN-2025
OPTSTK,ICICIGI,30-Jan-2025,2025-01-30,1740.00,CE,102.40,104.20,98.05,98.05,98.05,6,27.631875,11000,-500,06-JAN-2025
OPTIDX,NIFTY,28-Jun-2029,2029-06-28,23000.00,PE,0.00,0.00,0.00,543.65,370.75,0,0.00,0,0,06-JAN-2025
OPTIDX,NIFTY,24-Dec-2025,2025-12-24,23000.00,CE,2825.00,2850.00,2555.00,2581.25,2581.25,103,1984.4571,72825,3875,06-JAN-2025
OPTIDX,NIFTY,16-Jan-2025,2025-01-16,23550.00,PE,69.15,263.45,63.55,231.95,231.95,10574,188050.981,78075,41775,06-JAN-2025
OPTIDX,NIFTY,30-Dec-2027,2027-12-30,23000.00,CE,0.00,0.00,0.00,4125.70,5252.50,0,0.00,0,0,06-JAN-2025
OPTIDX,NIFTY,09-Jan-2025,2025-01-09,23000.00,PE,2.85,40.00,2.40,30.45,30.45,2055898,35493723.1,8510100,649425,06-JAN-2025
OPTIDX,NIFTY,16-Jan-2025,2025-01-16,23000.00,CE,1075.00,1090.35,697.60,730.15,730.15,302,5383.15751,17250,5925,06-JAN-2025
OPTIDX,NIFTY,30-Jan-2025,2025-01-30,24550.00,CE,156.85,169.00,80.05,85.35,85.35,12651,77975.1304,135375,21125,06-JAN-2025
OPTIDX,NIFTY,25-Jun-2026,2026-06-25,23000.00,CE,0.00,0.00,0.00,2645.65,3259.95,0,0.00,0,0,06-JAN-2025
OPTIDX,NIFTY,30-Jan-2025,2025-01-30,23550.00,PE,148.00,333.60,138.15,307.00,307.00,13100,77922.4294,195275,45000,06-JAN-2025
OPTIDX,NIFTY,27-Feb-2025,2025-02-27,23550.00,PE,255.65,429.35,244.40,410.45,410.45,235,4210.12143,10350,2325,06-JAN-2025
OPTIDX,NIFTY,24-Dec-2025,2025-12-24,23000.00,PE,508.55,609.00,502.00,587.45,587.45,948,16762.5466,381100,6950,06-JAN-2025
OPTIDX,NIFTY,31-Dec-2026,2026-12-31,23000.00,CE,4450.00,4450.00,4390.00,4390.00,3976.10,2,41.13,825,150,06-JAN-2025
OPTIDX,NIFTY,29-Jun-2028,2028-06-29,23000.00,PE,0.00,0.00,0.00,1399.25,421.05,0,0.00,0,0,06-JAN-2025
OPTIDX,NIFTY,25-Jun-2026,2026-06-25,23000.00,PE,625.30,650.00,625.30,650.00,477.25,3,53.189475,6050,200,06-JAN-2025
OPTIDX,NIFTY,24-Jun-2027,2027-06-24,23000.00,PE,0.00,0.00,0.00,4514.30,465.30,0,0.00,0,0,06-JAN-2025
OPTIDX,NIFTY,28-Jun-2029,2029-06-28,23000.00,CE,0.00,0.00,0.00,8636.00,6985.05,0,0.00,0,0,06-JAN-2025
OPTIDX,NIFTY,23-Jan-2025,2025-01-23,24550.00,CE,103.20,117.85,51.35,56.35,56.35,248,4579.67823,4275,-6075,06-JAN-2025
OPTIDX,NIFTY,16-Jan-2025,2025-01-16,25550.00,CE,3.40,3.75,2.50,3.30,3.30,959,18379.1373,20775,-1350,06-JAN-2025
OPTIDX,NIFTY,16-Jan-2025,2025-01-16,25550.00,PE,0.00,0.00,0.00,1017.40,1886.80,0,0.00,0,0,06-JAN-2025
OPTIDX,NIFTY,16-Jan-2025,2025-01-16,26200.00,CE,2.20,2.65,1.95,2.55,2.55,347,6819.15821,8475,5700,06-JAN-2025
OPTIDX,NIFTY,27-Feb-2025,2025-02-27,26200.00,PE,0.00,0.00,0.00,1951.70,2350.55,0,0.00,1425,0,06-JAN-2025
OPTIDX,NIFTY,30-Jan-2025,2025-01-30,26200.00,CE,6.25,8.00,5.55,7.70,7.70,39533,259007.830,301175,-77950,06-JAN-2025
OPTIDX,NIFTY,09-Jan-2025,2025-01-09,26200.00,CE,0.55,1.60,0.55,1.30,1.30,76389,1501101.62,1798800,520200,06-JAN-2025
OPTIDX,NIFTY,30-Jan-2025,2025-01-30,26200.00,PE,0.00,0.00,0.00,2087.85,2468.55,0,0.00,55950,0,06-JAN-2025
OPTIDX,NIFTY,27-Feb-2025,2025-02-27,26200.00,CE,33.00,33.00,23.15,23.85,23.85,582,11447.2596,18225,-2325,06-JAN-2025
OPTIDX,NIFTY,09-Jan-2025,2025-01-09,26200.00,PE,0.00,0.00,0.00,2086.55,2569.40,0,0.00,75,0,06-JAN-2025
OPTIDX,NIFTY,24-Dec-2025,2025-12-24,18000.00,PE,0.00,0.00,0.00,73.00,5.35,0,0.00,2900,0,06-JAN-2025
OPTIDX,NIFTY,26-Jun-2025,2025-06-26,18000.00,PE,0.00,0.00,0.00,20.10,0.30,0,0.00,8400,0,06-JAN-2025
OPTIDX,NIFTY,31-Dec-2026,2026-12-31,18000.00,PE,0.00,0.00,0.00,76.10,23.95,0,0.00,5175,0,06-JAN-2025
OPTIDX,NIFTY,27-Mar-2025,2025-03-27,18000.00,CE,6176.60,6176.60,5816.05,5861.10,5861.10,1483,26586.7708,476750,26750,06-JAN-2025
OPTIDX,NIFTY,27-Feb-2025,2025-02-27,23900.00,PE,354.60,590.35,347.70,558.05,558.05,1239,22641.0274,52275,-1500,06-JAN-2025
OPTSTK,COLPAL,27-Mar-2025,2025-03-27,2960.00,PE,0.00,0.00,0.00,270.85,226.00,0,0.00,0,0,06-JAN-2025
OPTSTK,COLPAL,30-Jan-2025,2025-01-30,2760.00,PE,78.65,88.10,67.00,79.95,79.95,148,734.452862,15050,9625,06-JAN-2025
OPTSTK,COLPAL,30-Jan-2025,2025-01-30,2760.00,CE,70.90,93.65,66.00,78.55,78.55,400,1987.5674,40425,29750,06-JAN-2025
OPTSTK,COLPAL,27-Mar-2025,2025-03-27,2760.00,CE,0.00,0.00,0.00,159.05,141.60,0,0.00,0,0,06-JAN-2025
OPTSTK,COLPAL,27-Mar-2025,2025-03-27,2760.00,PE,0.00,0.00,0.00,150.00,107.65,0,0.00,0,0,06-JAN-2025
OPTSTK,COLPAL,27-Feb-2025,2025-02-27,2760.00,PE,0.00,0.00,0.00,132.05,90.55,0,0.00,0,0,06-JAN-2025
OPTSTK,MAXHEALTH,30-Jan-2025,2025-01-30,1280.00,CE,11.10,11.10,7.65,9.80,9.80,45,304.7037,59325,-5775,06-JAN-2025
OPTSTK,MAXHEALTH,27-Feb-2025,2025-02-27,1280.00,PE,0.00,0.00,0.00,295.20,138.45,0,0.00,0,0,06-JAN-2025
OPTSTK,MAXHEALTH,27-Mar-2025,2025-03-27,1280.00,PE,0.00,0.00,0.00,162.15,146.65,0,0.00,0,0,06-JAN-2025
OPTSTK,MAXHEALTH,30-Jan-2025,2025-01-30,1280.00,PE,0.00,0.00,0.00,125.70,129.25,0,0.00,2100,0,06-JAN-2025
OPTSTK,MAXHEALTH,27-Feb-2025,2025-02-27,1260.00,CE,0.00,0.00,0.00,48.90,28.65,0,0.00,0,0,06-JAN-2025
OPTSTK,NAVINFLUOR,27-Feb-2025,2025-02-27,3100.00,PE,0.00,0.00,0.00,87.40,48.55,0,0.00,0,0,06-JAN-2025
OPTSTK,COLPAL,30-Jan-2025,2025-01-30,3000.00,PE,260.00,260.00,238.00,238.00,241.25,2,11.3715,25550,0,06-JAN-2025
OPTSTK,NAVINFLUOR,27-Feb-2025,2025-02-27,3900.00,PE,0.00,0.00,0.00,489.85,537.05,0,0.00,0,0,06-JAN-2025
OPTSTK,NAVINFLUOR,30-Jan-2025,2025-01-30,2800.00,CE,0.00,0.00,0.00,625.20,560.05,0,0.00,0,0,06-JAN-2025
OPTSTK,COLPAL,27-Feb-2025,2025-02-27,2800.00,PE,0.00,0.00,0.00,67.65,111.05,0,0.00,0,0,06-JAN-2025
OPTSTK,COLPAL,30-Jan-2025,2025-01-30,2840.00,CE,73.00,73.00,36.65,44.95,44.95,491,2480.50906,16975,-7700,06-JAN-2025
OPTSTK,COLPAL,27-Mar-2025,2025-03-27,2840.00,PE,0.00,0.00,0.00,193.90,149.35,0,0.00,0,0,06-JAN-2025
OPTSTK,COLPAL,30-Jan-2025,2025-01-30,2300.00,PE,1.15,1.40,1.10,1.35,0.05,34,136.921487,48125,0,06-JAN-2025
OPTSTK,BHEL,30-Jan-2025,2025-01-30,250.00,PE,22.30,30.80,22.30,30.40,30.40,48,347.803312,1218000,-5250,06-JAN-2025
OPTSTK,BHEL,27-Feb-2025,2025-02-27,250.00,CE,5.40,5.40,3.65,3.75,3.75,54,361.022812,194250,18375,06-JAN-2025
OPTSTK,NAVINFLUOR,27-Feb-2025,2025-02-27,2800.00,CE,0.00,0.00,0.00,748.90,581.20,0,0.00,0,0,06-JAN-2025
OPTSTK,NAVINFLUOR,30-Jan-2025,2025-01-30,3600.00,PE,235.00,250.00,235.00,250.00,265.70,2,13.44875,8575,0,06-JAN-2025
OPTSTK,COLPAL,27-Feb-2025,2025-02-27,2820.00,PE,0.00,0.00,0.00,165.65,122.25,0,0.00,0,0,06-JAN-2025
OPTSTK,NAVINFLUOR,27-Feb-2025,2025-02-27,3700.00,PE,0.00,0.00,0.00,355.30,367.30,0,0.00,0,0,06-JAN-2025
OPTSTK,NAVINFLUOR,30-Jan-2025,2025-01-30,3700.00,PE,0.00,0.00,0.00,349.25,351.40,0,0.00,12075,0,06-JAN-2025
OPTSTK,BHEL,27-Feb-2025,2025-02-27,190.00,CE,0.00,0.00,0.00,70.20,35.00,0,0.00,0,0,06-JAN-2025
OPTSTK,BHEL,27-Feb-2025,2025-02-27,190.00,PE,2.50,2.50,1.95,2.30,3.40,31,156.45525,162750,60375,06-JAN-2025
OPTSTK,COLPAL,30-Jan-2025,2025-01-30,2700.00,PE,32.75,58.50,32.75,53.60,53.60,1507,7243.83423,161000,41475,06-JAN-2025
OPTSTK,COLPAL,27-Mar-2025,2025-03-27,2800.00,CE,0.00,0.00,0.00,140.95,122.10,0,0.00,0,0,06-JAN-2025
OPTSTK,COLPAL,27-Feb-2025,2025-02-27,2460.00,PE,0.00,0.00,0.00,28.00,10.00,0,0.00,0,0,06-JAN-2025
OPTSTK,BHEL,30-Jan-2025,2025-01-30,245.00,CE,3.45,3.45,1.60,1.65,1.65,1727,11206.2811,2257500,328125,06-JAN-2025
OPTSTK,JSL,30-Jan-2025,2025-01-30,800.00,PE,0.00,0.00,0.00,117.30,133.30,0,0.00,0,0,06-JAN-2025
OPTSTK,SRF,30-Jan-2025,2025-01-30,2400.00,PE,125.00,125.80,125.00,125.75,131.75,3,28.4120625,33375,-375,06-JAN-2025
OPTSTK,AXISBANK,30-Jan-2025,2025-01-30,1200.00,CE,2.00,2.15,1.45,1.50,1.50,1363,10236.8953,2861250,100000,06-JAN-2025
OPTSTK,AXISBANK,27-Feb-2025,2025-02-27,1010.00,CE,0.00,0.00,0.00,99.15,76.85,0,0.00,0,0,06-JAN-2025
OPTSTK,AXISBANK,27-Feb-2025,2025-02-27,1070.00,PE,28.50,35.65,28.50,35.65,35.65,5,34.4371875,3125,1250,06-JAN-2025
OPTSTK,AXISBANK,30-Jan-2025,2025-01-30,1070.00,CE,38.20,39.15,25.35,26.85,26.85,1670,11470.6931,335625,71875,06-JAN-2025
OPTSTK,AXISBANK,27-Feb-2025,2025-02-27,1070.00,CE,0.00,0.00,0.00,61.75,40.05,0,0.00,0,0,06-JAN-2025
OPTSTK,AXISBANK,27-Feb-2025,2025-02-27,1100.00,CE,36.00,36.45,26.30,27.25,27.25,49,346.51,116250,2500,06-JAN-2025
OPTSTK,AXISBANK,27-Feb-2025,2025-02-27,1100.00,PE,36.70,55.00,36.70,52.00,52.00,13,93.0725,36875,3750,06-JAN-2025
OPTSTK,SRF,30-Jan-2025,2025-01-30,2720.00,PE,0.00,0.00,0.00,415.50,430.75,0,0.00,24000,0,06-JAN-2025
OPTSTK,AXISBANK,27-Feb-2025,2025-02-27,1050.00,CE,0.00,0.00,0.00,65.00,50.75,0,0.00,5000,0,06-JAN-2025
OPTSTK,SRF,27-Feb-2025,2025-02-27,2520.00,CE,0.00,0.00,0.00,65.25,19.95,0,0.00,0,0,06-JAN-2025
OPTSTK,AXISBANK,27-Mar-2025,2025-03-27,1160.00,PE,0.00,0.00,0.00,99.70,98.90,0,0.00,0,0,06-JAN-2025
OPTSTK,AXISBANK,27-Feb-2025,2025-02-27,1160.00,PE,0.00,0.00,0.00,69.65,96.35,0,0.00,0,0,06-JAN-2025
FUTSTK,AXISBANK,27-Mar-2025,2025-03-27,,,1102.70,1105.95,1078.00,1082.50,1082.50,70,476.104062,68125,6250,06-JAN-2025
OPTSTK,SRF,27-Mar-2025,2025-03-27,1960.00,PE,0.00,0.00,0.00,23.25,8.90,0,0.00,0,0,06-JAN-2025
OPTSTK,JSL,27-Feb-2025,2025-02-27,630.00,PE,0.00,0.00,0.00,14.10,21.05,0,0.00,0,0,06-JAN-2025
OPTSTK,SRF,30-Jan-2025,2025-01-30,2480.00,CE,9.55,10.90,7.75,9.20,7.60,145,1353.45993,42375,15000,06-JAN-2025
OPTSTK,SRF,27-Mar-2025,2025-03-27,2480.00,CE,0.00,0.00,0.00,71.75,46.65,0,0.00,0,0,06-JAN-2025
OPTSTK,SRF,30-Jan-2025,2025-01-30,2560.00,CE,0.00,0.00,0.00,28.00,2.50,0,0.00,0,0,06-JAN-2025
OPTSTK,SRF,27-Feb-2025,2025-02-27,2560.00,CE,0.00,0.00,0.00,55.90,14.55,0,0.00,0,0,06-JAN-2025
OPTSTK,JSL,27-Feb-2025,2025-02-27,790.00,PE,0.00,0.00,0.00,84.10,125.35,0,0.00,0,0,06-JAN-2025
OPTSTK,JSL,27-Feb-2025,2025-02-27,790.00,CE,0.00,0.00,0.00,37.85,7.05,0,0.00,0,0,06-JAN-2025
OPTSTK,SRF,27-Feb-2025,2025-02-27,2000.00,PE,13.00,14.00,13.00,14.00,6.25,5,37.7475,16875,-1875,06-JAN-2025
OPTSTK,JSL,27-Feb-2025,2025-02-27,780.00,CE,0.00,0.00,0.00,39.90,8.30,0,0.00,0,0,06-JAN-2025
OPTSTK,JSL,27-Mar-2025,2025-03-27,780.00,CE,0.00,0.00,0.00,54.25,15.65,0,0.00,0,0,06-JAN-2025
OPTSTK,JSL,27-Feb-2025,2025-02-27,780.00,PE,0.00,0.00,0.00,109.85,116.70,0,0.00,0,0,06-JAN-2025
OPTSTK,AXISBANK,30-Jan-2025,2025-01-30,1000.00,CE,91.45,94.00,72.65,76.05,76.05,243,1650.26281,91875,0,06-JAN-2025
OPTSTK,AXISBANK,30-Jan-2025,2025-01-30,1000.00,PE,3.40,8.45,3.00,7.20,7.20,2082,13088.4740,867500,-31250,06-JAN-2025
OPTSTK,SRF,30-Jan-2025,2025-01-30,2440.00,CE,14.95,16.00,11.10,12.80,12.80,118,1085.75362,31125,2625,06-JAN-2025
OPTSTK,SRF,27-Feb-2025,2025-02-27,2260.00,CE,0.00,0.00,0.00,128.85,106.15,0,0.00,0,0,06-JAN-2025
OPTSTK,SRF,27-Feb-2025,2025-02-27,2240.00,CE,0.00,0.00,0.00,172.90,117.45,0,0.00,0,0,06-JAN-2025
OPTSTK,INDHOTEL,30-Jan-2025,2025-01-30,810.00,PE,3.60,13.15,3.40,11.45,11.45,1290,10561.7935,313000,35000,06-JAN-2025
OPTSTK,TECHM,27-Feb-2025,2025-02-27,1740.00,PE,0.00,0.00,0.00,65.00,86.40,0,0.00,600,0,06-JAN-2025
OPTSTK,INDHOTEL,30-Jan-2025,2025-01-30,860.00,CE,32.05,32.05,18.60,20.10,20.10,1698,14988.772,373000,138000,06-JAN-2025
OPTSTK,INDHOTEL,27-Feb-2025,2025-02-27,860.00,PE,0.00,0.00,0.00,99.70,43.20,0,0.00,0,0,06-JAN-2025
OPTSTK,INDHOTEL,30-Jan-2025,2025-01-30,700.00,CE,155.00,155.00,145.95,145.95,147.50,29,245.5975,61000,-19000,06-JAN-2025
OPTSTK,GRASIM,30-Jan-2025,2025-01-30,2360.00,PE,12.85,24.95,10.70,22.30,22.30,224,1331.89012,45500,2250,06-JAN-2025
OPTSTK,ICICIBANK,27-Mar-2025,2025-03-27,1480.00,CE,0.00,0.00,0.00,15.50,3.55,0,0.00,0,0,06-JAN-2025
OPTSTK,ICICIBANK,30-Jan-2025,2025-01-30,1450.00,CE,0.65,0.75,0.45,0.75,0.75,103,1045.9183,411600,-5600,06-JAN-2025
OPTSTK,GRASIM,30-Jan-2025,2025-01-30,2300.00,PE,5.55,14.75,5.45,13.00,13.00,549,3170.03037,103000,46500,06-JAN-2025
OPTSTK,GRASIM,30-Jan-2025,2025-01-30,2300.00,CE,0.00,0.00,0.00,319.35,177.95,0,0.00,0,0,06-JAN-2025
OPTSTK,JSWSTEEL,27-Mar-2025,2025-03-27,980.00,PE,0.00,0.00,0.00,86.25,85.15,0,0.00,0,0,06-JAN-2025
OPTSTK,JSWSTEEL,30-Jan-2025,2025-01-30,980.00,CE,5.65,5.80,4.50,4.75,4.75,415,2759.40202,272025,9450,06-JAN-2025
OPTSTK,JSWSTEEL,30-Jan-2025,2025-01-30,810.00,PE,1.75,2.85,1.75,2.75,1.20,87,477.00765,62775,16200,06-JAN-2025
OPTSTK,JSWSTEEL,30-Jan-2025,2025-01-30,810.00,CE,0.00,0.00,0.00,159.40,95.70,0,0.00,0,0,06-JAN-2025
OPTSTK,GRASIM,27-Mar-2025,2025-03-27,2600.00,CE,0.00,0.00,0.00,106.50,63.35,0,0.00,0,0,06-JAN-2025
OPTSTK,ICICIBANK,27-Mar-2025,2025-03-27,1120.00,PE,0.00,0.00,0.00,5.70,3.65,0,0.00,0,0,06-JAN-2025
OPTSTK,ICICIBANK,30-Jan-2025,2025-01-30,1400.00,PE,130.45,132.30,124.70,129.05,130.45,8,85.60965,198100,-2100,06-JAN-2025
OPTSTK,GRASIM,27-Feb-2025,2025-02-27,2700.00,PE,0.00,0.00,0.00,232.60,232.95,0,0.00,0,0,06-JAN-2025
OPTSTK,GRASIM,27-Feb-2025,2025-02-27,2480.00,PE,0.00,0.00,0.00,80.85,81.90,0,0.00,0,0,06-JAN-2025
OPTSTK,GRASIM,27-Mar-2025,2025-03-27,2480.00,CE,0.00,0.00,0.00,160.55,112.65,0,0.00,0,0,06-JAN-2025
OPTSTK,ICICIBANK,27-Feb-2025,2025-02-27,1320.00,PE,0.00,0.00,0.00,64.65,64.25,0,0.00,3500,0,06-JAN-2025
OPTSTK,GRASIM,30-Jan-2025,2025-01-30,2380.00,CE,166.20,166.20,129.65,129.65,113.00,3,18.960875,2750,500,06-JAN-2025
OPTSTK,GRASIM,27-Feb-2025,2025-02-27,2380.00,CE,0.00,0.00,0.00,189.30,144.10,0,0.00,0,0,06-JAN-2025
OPTSTK,GRASIM,27-Feb-2025,2025-02-27,2780.00,CE,0.00,0.00,0.00,31.80,9.90,0,0.00,0,0,06-JAN-2025
OPTSTK,ICICIBANK,27-Mar-2025,2025-03-27,1240.00,CE,0.00,0.00,0.00,108.60,70.70,0,0.00,0,0,06-JAN-2025
OPTSTK,ICICIBANK,30-Jan-2025,2025-01-30,1270.00,CE,31.00,35.40,27.90,30.10,30.10,4236,38584.9114,611100,-8400,06-JAN-2025
OPTSTK,JSWSTEEL,27-Mar-2025,2025-03-27,920.00,CE,0.00,0.00,0.00,63.15,41.55,0,0.00,0,0,06-JAN-2025
OPTSTK,JSWSTEEL,27-Mar-2025,2025-03-27,940.00,CE,0.00,0.00,0.00,53.90,33.25,0,0.00,0,0,06-JAN-2025
OPTSTK,ICICIBANK,27-Feb-2025,2025-02-27,1300.00,CE,33.30,37.25,31.30,31.70,31.70,109,1017.3611,268100,24500,06-JAN-2025
OPTSTK,ICICIBANK,27-Mar-2025,2025-03-27,1300.00,PE,0.00,0.00,0.00,50.00,56.55,0,0.00,700,0,06-JAN-2025
OPTSTK,ICICIBANK,27-Mar-2025,2025-03-27,1140.00,CE,0.00,0.00,0.00,185.80,146.40,0,0.00,0,0,06-JAN-2025
OPTSTK,ICICIBANK,30-Jan-2025,2025-01-30,1140.00,CE,0.00,0.00,0.00,182.20,129.55,0,0.00,0,0,06-JAN-2025
OPTSTK,JSWSTEEL,27-Mar-2025,2025-03-27,900.00,PE,0.00,0.00,0.00,42.80,37.10,0,0.00,0,0,06-JAN-2025
OPTSTK,GRASIM,30-Jan-2025,2025-01-30,2820.00,CE,2.85,2.85,0.80,1.25,1.25,77,543.109375,77500,0,06-JAN-2025
OPTSTK,ICICIBANK,30-Jan-2025,2025-01-30,1150.00,CE,0.00,0.00,0.00,157.60,119.85,0,0.00,0,0,06-JAN-2025
OPTSTK,ICICIBANK,27-Feb-2025,2025-02-27,1250.00,PE,25.60,34.00,25.60,32.00,32.00,263,2353.2691,163100,151900,06-JAN-2025
OPTSTK,ICICIBANK,27-Feb-2025,2025-02-27,1250.00,CE,0.00,0.00,0.00,88.35,52.25,0,0.00,0,0,06-JAN-2025
OPTSTK,HDFCAMC,30-Jan-2025,2025-01-30,4600.00,CE,27.70,27.75,12.30,16.20,16.20,769,5324.53402,58800,12900,06-JAN-2025
OPTSTK,HDFCAMC,27-Feb-2025,2025-02-27,4600.00,CE,0.00,0.00,0.00,197.90,51.30,0,0.00,0,0,06-JAN-2025
OPTSTK,INDUSINDBK,30-Jan-2025,2025-01-30,1020.00,CE,25.70,25.70,15.20,16.70,16.70,3641,18914.9517,1029000,225500,06-JAN-2025
OPTSTK,GODREJCP,27-Feb-2025,2025-02-27,1020.00,CE,0.00,0.00,0.00,92.85,137.50,0,0.00,0,0,06-JAN-2025
OPTSTK,GODREJCP,30-Jan-2025,2025-01-30,1020.00,PE,3.55,4.10,2.80,3.35,3.35,161,823.70525,44000,-4500,06-JAN-2025
OPTSTK,HDFCAMC,30-Jan-2025,2025-01-30,3500.00,CE,0.00,0.00,0.00,906.05,622.60,0,0.00,0,0,06-JAN-2025
OPTSTK,HDFCAMC,27-Feb-2025,2025-02-27,3500.00,CE,0.00,0.00,0.00,825.20,652.95,0,0.00,0,0,06-JAN-2025
OPTSTK,GODREJCP,27-Feb-2025,2025-02-27,1100.00,PE,0.00,0.00,0.00,65.00,23.40,0,0.00,0,0,06-JAN-2025
OPTSTK,INDUSINDBK,27-Feb-2025,2025-02-27,1050.00,CE,0.00,0.00,0.00,25.50,22.70,0,0.00,0,0,06-JAN-2025
OPTSTK,INDUSINDBK,27-Mar-2025,2025-03-27,1160.00,CE,0.00,0.00,0.00,16.80,12.15,0,0.00,0,0,06-JAN-2025
OPTSTK,GODREJCP,27-Mar-2025,2025-03-27,1220.00,CE,0.00,0.00,0.00,25.90,33.10,0,0.00,0,0,06-JAN-2025
OPTSTK,GODREJCP,30-Jan-2025,2025-01-30,1240.00,PE,123.15,123.15,90.00,101.00,101.00,42,280.8075,21000,15000,06-JAN-2025
OPTSTK,GODREJCP,27-Feb-2025,2025-02-27,1240.00,CE,0.00,0.00,0.00,93.05,16.35,0,0.00,0,0,06-JAN-2025
OPTSTK,HDFCAMC,27-Feb-2025,2025-02-27,4100.00,PE,0.00,0.00,0.00,227.35,168.75,0,0.00,0,0,06-JAN-2025
OPTSTK,HDFCAMC,27-Mar-2025,2025-03-27,4100.00,PE,0.00,0.00,0.00,199.20,203.90,0,0.00,0,0,06-JAN-2025
OPTSTK,HDFCAMC,27-Mar-2025,2025-03-27,4200.00,PE,0.00,0.00,0.00,242.05,254.95,0,0.00,0,0,06-JAN-2025
OPTSTK,INDUSINDBK,27-Feb-2025,2025-02-27,900.00,PE,12.60,19.35,12.40,18.30,18.30,56,256.5775,44500,15000,06-JAN-2025
OPTSTK,HDFCAMC,27-Mar-2025,2025-03-27,3600.00,CE,0.00,0.00,0.00,792.05,603.00,0,0.00,0,0,06-JAN-2025
OPTSTK,HDFCAMC,27-Mar-2025,2025-03-27,4300.00,CE,0.00,0.00,0.00,337.05,180.45,0,0.00,0,0,06-JAN-2025
OPTSTK,HDFCAMC,27-Mar-2025,2025-03-27,4300.00,PE,0.00,0.00,0.00,289.95,312.40,0,0.00,0,0,06-JAN-2025
OPTSTK,HDFCAMC,27-Feb-2025,2025-02-27,4300.00,CE,0.00,0.00,0.00,311.70,127.30,0,0.00,0,0,06-JAN-2025
OPTSTK,INDUSINDBK,30-Jan-2025,2025-01-30,1000.00,PE,34.70,54.75,32.00,49.60,49.60,3178,16524.6797,952500,-55500,06-JAN-2025
OPTSTK,INDUSINDBK,27-Feb-2025,2025-02-27,1000.00,CE,49.75,49.75,35.00,37.20,37.20,169,879.43525,114000,20000,06-JAN-2025
OPTSTK,INDUSINDBK,27-Mar-2025,2025-03-27,1000.00,CE,0.00,0.00,0.00,53.40,53.10,0,0.00,0,0,06-JAN-2025
OPTSTK,GODREJCP,30-Jan-2025,2025-01-30,1140.00,PE,37.60,42.05,26.35,31.20,31.20,1170,6843.59825,36500,27000,06-JAN-2025
OPTSTK,HDFCAMC,27-Feb-2025,2025-02-27,4200.00,CE,0.00,0.00,0.00,358.90,166.15,0,0.00,0,0,06-JAN-2025
OPTSTK,INDUSINDBK,30-Jan-2025,2025-01-30,900.00,PE,6.00,13.05,5.80,11.05,11.05,2607,11859.6547,766000,-121500,06-JAN-2025
OPTSTK,GODREJCP,27-Feb-2025,2025-02-27,900.00,PE,0.00,0.00,0.00,4.75,0.25,0,0.00,0,0,06-JAN-2025
OPTSTK,HDFCAMC,27-Mar-2025,2025-03-27,3600.00,PE,0.00,0.00,0.00,57.60,45.20,0,0.00,0,0,06-JAN-2025
OPTSTK,INDUSINDBK,30-Jan-2025,2025-01-30,840.00,CE,156.65,157.65,139.70,139.70,135.00,7,34.72425,28500,-3000,06-JAN-2025
OPTSTK,INDUSINDBK,27-Feb-2025,2025-02-27,910.00,PE,0.00,0.00,0.00,45.15,20.10,0,0.00,0,0,06-JAN-2025
OPTSTK,SBICARD,30-Jan-2025,2025-01-30,765.00,PE,27.20,41.95,25.30,40.85,40.85,148,945.2548,31200,31200,06-JAN-2025
OPTSTK,SBICARD,27-Feb-2025,2025-02-27,765.00,PE,0.00,0.00,0.00,82.90,40.90,0,0.00,0,0,06-JAN-2025
OPTSTK,SBICARD,27-Feb-2025,2025-02-27,655.00,CE,0.00,0.00,0.00,47.70,83.90,0,0.00,0,0,06-JAN-2025
OPTSTK,SBICARD,27-Mar-2025,2025-03-27,580.00,CE,0.00,0.00,0.00,113.00,159.30,0,0.00,0,0,06-JAN-2025
OPTSTK,SBICARD,27-Mar-2025,2025-03-27,580.00,PE,0.00,0.00,0.00,3.30,0.20,0,0.00,0,0,06-JAN-2025
OPTSTK,SBICARD,27-Feb-2025,2025-02-27,580.00,PE,0.00,0.00,0.00,1.60,0.05,0,0.00,0,0,06-JAN-2025
OPTSTK,ABCAPITAL,30-Jan-2025,2025-01-30,150.00,PE,0.20,0.50,0.15,0.40,0.15,99,401.98275,261900,213300,06-JAN-2025
OPTSTK,ABCAPITAL,27-Mar-2025,2025-03-27,170.00,PE,0.00,0.00,0.00,7.10,7.00,0,0.00,0,0,06-JAN-2025
OPTSTK,SBICARD,27-Feb-2025,2025-02-27,560.00,CE,0.00,0.00,0.00,162.80,175.90,0,0.00,0,0,06-JAN-2025
OPTSTK,SBICARD,30-Jan-2025,2025-01-30,560.00,PE,0.90,0.90,0.20,0.20,0.05,24,107.6856,41600,4800,06-JAN-2025
OPTSTK,SBICARD,27-Feb-2025,2025-02-27,860.00,PE,0.00,0.00,0.00,137.35,122.15,0,0.00,0,0,06-JAN-2025
OPTSTK,ABCAPITAL,27-Mar-2025,2025-03-27,160.00,CE,0.00,0.00,0.00,31.45,22.35,0,0.00,0,0,06-JAN-2025
OPTSTK,ABCAPITAL,27-Feb-2025,2025-02-27,160.00,PE,0.00,0.00,0.00,3.00,2.40,0,0.00,0,0,06-JAN-2025
OPTSTK,SBICARD,30-Jan-2025,2025-01-30,700.00,PE,8.05,9.70,3.80,8.40,8.40,2586,14606.4384,472000,-25600,06-JAN-2025
OPTSTK,SBICARD,27-Mar-2025,2025-03-27,700.00,PE,0.00,0.00,0.00,39.65,13.60,0,0.00,0,0,06-JAN-2025
OPTIDX,NIFTYNXT50,27-Mar-2025,2025-03-27,66600.00,CE,0.00,0.00,0.00,4796.05,3103.05,0,0.00,0,0,06-JAN-2025
OPTIDX,NIFTYNXT50,30-Jan-2025,2025-01-30,66600.00,PE,0.00,0.00,0.00,1445.70,978.60,0,0.00,0,0,06-JAN-2025
OPTIDX,NIFTYNXT50,27-Mar-2025,2025-03-27,66200.00,PE,0.00,0.00,0.00,1524.25,1565.80,0,0.00,0,0,06-JAN-2025
OPTIDX,NIFTYNXT50,27-Feb-2025,2025-02-27,66600.00,CE,0.00,0.00,0.00,6429.40,2463.00,0,0.00,0,0,06-JAN-2025
OPTIDX,NIFTYNXT50,27-Feb-2025,2025-02-27,66200.00,CE,0.00,0.00,0.00,6719.60,2696.05,0,0.00,0,0,06-JAN-2025
OPTIDX,NIFTYNXT50,27-Feb-2025,2025-02-27,66200.00,PE,0.00,0.00,0.00,1026.40,1265.70,0,0.00,0,0,06-JAN-2025
OPTIDX,NIFTYNXT50,27-Mar-2025,2025-03-27,67000.00,CE,0.00,0.00,0.00,4547.50,2881.75,0,0.00,0,0,06-JAN-2025
OPTIDX,NIFTYNXT50,27-Feb-2025,2025-02-27,67000.00,PE,0.00,0.00,0.00,1235.85,1604.95,0,0.00,0,0,06-JAN-2025
OPTIDX,NIFTYNXT50,30-Jan-2025,2025-01-30,63200.00,PE,0.00,0.00,0.00,648.45,147.45,0,0.00,0,0,06-JAN-2025
OPTIDX,NIFTYNXT50,27-Feb-2025,2025-02-27,71500.00,PE,0.00,0.00,0.00,2949.05,4441.10,0,0.00,0,0,06-JAN-2025
OPTIDX,NIFTYNXT50,27-Feb-2025,2025-02-27,77200.00,PE,0.00,0.00,0.00,6480.20,9530.10,0,0.00,0,0,06-JAN-2025
OPTIDX,NIFTYNXT50,30-Jan-2025,2025-01-30,77200.00,PE,0.00,0.00,0.00,7234.50,9863.80,0,0.00,0,0,06-JAN-2025
OPTIDX,NIFTYNXT50,30-Jan-2025,2025-01-30,77200.00,CE,0.00,0.00,0.00,1215.15,2.50,0,0.00,0,0,06-JAN-2025
OPTIDX,NIFTYNXT50,27-Feb-2025,2025-02-27,77200.00,CE,0.00,0.00,0.00,1367.20,65.70,0,0.00,0,0,06-JAN-2025
OPTIDX,NIFTYNXT50,27-Feb-2025,2025-02-27,68000.00,PE,0.00,0.00,0.00,1531.75,2102.55,0,0.00,0,0,06-JAN-2025
OPTIDX,NIFTYNXT50,27-Mar-2025,2025-03-27,68000.00,PE,0.00,0.00,0.00,2201.30,2378.80,0,0.00,0,0,06-JAN-2025
OPTIDX,NIFTYNXT50,30-Jan-2025,2025-01-30,68000.00,PE,1505.00,1880.00,1505.00,1800.00,1689.60,7,48.7985,120,0,06-JAN-2025
OPTIDX,NIFTYNXT50,27-Feb-2025,2025-02-27,68000.00,CE,0.00,0.00,0.00,5456.65,1750.10,0,0.00,0,0,06-JAN-2025
OPTIDX,NIFTYNXT50,27-Mar-2025,2025-03-27,68000.00,CE,0.00,0.00,0.00,3961.40,2374.25,0,0.00,0,0,06-JAN-2025
OPTIDX,NIFTYNXT50,30-Jan-2025,2025-01-30,68000.00,CE,1993.85,1993.85,1122.00,1248.05,1248.05,96,666.388075,740,590,06-JAN-2025
OPTIDX,NIFTYNXT50,30-Jan-2025,2025-01-30,72600.00,PE,0.00,0.00,0.00,4111.70,5368.65,0,0.00,0,0,06-JAN-2025
OPTIDX,NIFTYNXT50,27-Mar-2025,2025-03-27,72600.00,CE,0.00,0.00,0.00,1913.25,825.85,0,0.00,0,0,06-JAN-2025
OPTIDX,NIFTYNXT50,27-Mar-2025,2025-03-27,67900.00,CE,0.00,0.00,0.00,4017.75,2422.05,0,0.00,0,0,06-JAN-2025
OPTIDX,NIFTYNXT50,27-Mar-2025,2025-03-27,72600.00,PE,0.00,0.00,0.00,4671.80,5362.85,0,0.00,0,0,06-JAN-2025
OPTIDX,NIFTYNXT50,27-Mar-2025,2025-03-27,66000.00,CE,0.00,0.00,0.00,5183.65,3454.55,0,0.00,0,0,06-JAN-2025
OPTIDX,NIFTYNXT50,30-Jan-2025,2025-01-30,66100.00,PE,0.00,0.00,0.00,1301.60,781.85,0,0.00,0,0,06-JAN-2025
OPTIDX,NIFTYNXT50,30-Jan-2025,2025-01-30,64100.00,PE,0.00,0.00,0.00,816.30,266.15,0,0.00,0,0,06-JAN-2025
OPTIDX,NIFTYNXT50,27-Feb-2025,2025-02-27,77000.00,PE,0.00,0.00,0.00,6330.50,9338.20,0,0.00,0,0,06-JAN-2025
OPTIDX,NIFTYNXT50,27-Feb-2025,2025-02-27,80500.00,PE,0.00,0.00,0.00,9082.90,12745.95,0,0.00,0,0,06-JAN-2025
OPTIDX,NIFTYNXT50,27-Feb-2025,2025-02-27,70400.00,CE,0.00,0.00,0.00,4007.10,885.85,0,0.00,0,0,06-JAN-2025
OPTIDX,NIFTYNXT50,27-Feb-2025,2025-02-27,70400.00,PE,0.00,0.00,0.00,2439.90,3615.30,0,0.00,0,0,06-JAN-2025
OPTIDX,NIFTYNXT50,27-Mar-2025,2025-03-27,70400.00,PE,0.00,0.00,0.00,3359.70,3785.30,0,0.00,0,0,06-JAN-2025
OPTIDX,BANKNIFTY,30-Jan-2025,2025-01-30,55300.00,PE,0.00,0.00,0.00,1675.45,5142.55,0,0.00,45,0,06-JAN-2025
OPTSTK,PRESTIGE,27-Mar-2025,2025-03-27,1600.00,PE,0.00,0.00,0.00,101.35,123.20,0,0.00,0,0,06-JAN-2025
OPTSTK,PRESTIGE,27-Feb-2025,2025-02-27,1600.00,CE,0.00,0.00,0.00,231.80,112.15,0,0.00,0,0,06-JAN-2025
OPTSTK,JSWENERGY,27-Mar-2025,2025-03-27,640.00,CE,0.00,0.00,0.00,69.50,36.65,0,0.00,0,0,06-JAN-2025
OPTSTK,JSWENERGY,30-Jan-2025,2025-01-30,660.00,PE,43.05,65.85,43.05,64.30,64.30,50,267.645375,133500,-5250,06-JAN-2025
OPTSTK,JSWENERGY,27-Mar-2025,2025-03-27,660.00,CE,0.00,0.00,0.00,60.80,29.90,0,0.00,0,0,06-JAN-2025
OPTSTK,PRESTIGE,27-Feb-2025,2025-02-27,1950.00,CE,0.00,0.00,0.00,90.95,18.95,0,0.00,0,0,06-JAN-2025
OPTIDX,BANKNIFTY,27-Mar-2025,2025-03-27,54100.00,CE,0.00,0.00,0.00,1296.20,467.05,0,0.00,0,0,06-JAN-2025
OPTIDX,BANKNIFTY,30-Jan-2025,2025-01-30,54700.00,PE,0.00,0.00,0.00,3506.35,4554.70,0,0.00,12525,0,06-JAN-2025
OPTIDX,BANKNIFTY,27-Feb-2025,2025-02-27,54700.00,CE,188.60,200.95,149.05,153.55,157.35,143,2354.5917,3960,1380,06-JAN-2025
OPTIDX,BANKNIFTY,25-Sep-2025,2025-09-25,55500.00,PE,0.00,0.00,0.00,3040.65,4645.25,0,0.00,180,0,06-JAN-2025
OPTIDX,BANKNIFTY,24-Dec-2025,2025-12-24,55500.00,PE,0.00,0.00,0.00,4333.65,4514.75,0,0.00,0,0,06-JAN-2025
OPTIDX,BANKNIFTY,24-Dec-2025,2025-12-24,55500.00,CE,0.00,0.00,0.00,4040.90,2434.50,0,0.00,0,0,06-JAN-2025
OPTIDX,BANKNIFTY,27-Feb-2025,2025-02-27,57000.00,PE,6300.00,6467.70,6164.00,6340.15,6340.15,5,95.021865,330,120,06-JAN-2025
OPTIDX,BANKNIFTY,24-Dec-2025,2025-12-24,57000.00,PE,0.00,0.00,0.00,5137.85,5440.60,0,0.00,0,0,06-JAN-2025
OPTIDX,BANKNIFTY,27-Feb-2025,2025-02-27,51800.00,PE,1637.80,2064.85,1629.55,2057.55,2096.25,92,1480.65429,6510,-330,06-JAN-2025
OPTIDX,BANKNIFTY,24-Dec-2025,2025-12-24,52500.00,CE,0.00,0.00,0.00,5438.60,3658.70,0,0.00,0,0,06-JAN-2025
OPTIDX,BANKNIFTY,27-Mar-2025,2025-03-27,52500.00,CE,1165.40,1165.40,785.10,819.00,819.00,430,6890.66938,14715,690,06-JAN-2025
OPTSTK,CUMMINSIND,30-Jan-2025,2025-01-30,3250.00,CE,94.35,97.90,64.55,71.55,71.55,695,3470.52247,102300,19650,06-JAN-2025
OPTIDX,BANKNIFTY,30-Jan-2025,2025-01-30,55600.00,PE,0.00,0.00,0.00,3672.30,5438.35,0,0.00,6675,0,06-JAN-2025
OPTSTK,CUMMINSIND,27-Mar-2025,2025-03-27,3300.00,PE,0.00,0.00,0.00,205.20,239.20,0,0.00,0,0,06-JAN-2025
OPTSTK,JSWENERGY,30-Jan-2025,2025-01-30,710.00,PE,0.00,0.00,0.00,71.75,107.65,0,0.00,2250,0,06-JAN-2025
OPTSTK,CUMMINSIND,30-Jan-2025,2025-01-30,4000.00,CE,1.50,1.50,1.50,1.50,0.35,3,18.00675,24750,-450,06-JAN-2025
OPTSTK,CUMMINSIND,27-Feb-2025,2025-02-27,3000.00,PE,63.00,63.00,63.00,63.00,72.45,2,9.189,1200,300,06-JAN-2025
OPTIDX,BANKNIFTY,30-Jan-2025,2025-01-30,51900.00,PE,1236.95,2198.55,1236.95,2031.95,2031.95,2529,20313.6547,107820,-5790,06-JAN-2025
OPTIDX,BANKNIFTY,27-Feb-2025,2025-02-27,51900.00,PE,1480.50,2143.40,1472.70,2063.85,2063.85,209,3368.08822,10200,-150,06-JAN-2025
OPTIDX,BANKNIFTY,30-Jan-2025,2025-01-30,44500.00,CE,0.00,0.00,0.00,8209.85,5620.90,0,0.00,0,0,06-JAN-2025
OPTSTK,JSWENERGY,30-Jan-2025,2025-01-30,640.00,CE,13.50,17.10,9.90,10.65,10.65,1631,7993.89975,350250,171750,06-JAN-2025
OPTIDX,BANKNIFTY,27-Mar-2025,2025-03-27,44500.00,PE,0.00,0.00,0.00,119.85,78.55,0,0.00,0,0,06-JAN-2025
OPTSTK,JSWENERGY,27-Feb-2025,2025-02-27,640.00,CE,0.00,0.00,0.00,87.60,26.20,0,0.00,0,0,06-JAN-2025
OPTIDX,BANKNIFTY,27-Feb-2025,2025-02-27,44500.00,CE,0.00,0.00,0.00,8686.40,5876.80,0,0.00,0,0,06-JAN-2025
OPTIDX,MIDCPNIFTY,30-Jan-2025,2025-01-30,12350.00,CE,0.00,0.00,0.00,681.25,482.30,0,0.00,0,0,06-JAN-2025
OPTIDX,MIDCPNIFTY,27-Mar-2025,2025-03-27,12350.00,PE,0.00,0.00,0.00,205.20,201.80,0,0.00,0,0,06-JAN-2025
OPTIDX,MIDCPNIFTY,27-Feb-2025,2025-02-27,12350.00,PE,0.00,0.00,0.00,337.25,151.85,0,0.00,0,0,06-JAN-2025
OPTIDX,MIDCPNIFTY,27-Mar-2025,2025-03-27,12350.00,CE,0.00,0.00,0.00,1066.75,729.75,0,0.00,0,0,06-JAN-2025
OPTIDX,MIDCPNIFTY,30-Jan-2025,2025-01-30,12350.00,PE,53.40,141.60,50.80,129.80,129.80,1024,6372.19692,13150,1050,06-JAN-2025
OPTIDX,MIDCPNIFTY,30-Jan-2025,2025-01-30,13225.00,PE,508.55,606.60,508.55,606.60,541.30,2,13.782575,5200,0,06-JAN-2025
OPTIDX,MIDCPNIFTY,27-Feb-2025,2025-02-27,11200.00,CE,0.00,0.00,0.00,1643.95,1610.40,0,0.00,0,0,06-JAN-2025
OPTIDX,MIDCPNIFTY,30-Jan-2025,2025-01-30,11200.00,PE,5.50,8.85,4.25,7.75,7.75,896,5020.30097,30000,3700,06-JAN-2025
OPTIDX,MIDCPNIFTY,27-Feb-2025,2025-02-27,11200.00,PE,0.00,0.00,0.00,65.60,6.60,0,0.00,0,0,06-JAN-2025
OPTIDX,MIDCPNIFTY,30-Jan-2025,2025-01-30,11200.00,CE,0.00,0.00,0.00,1489.65,1546.55,0,0.00,0,0,06-JAN-2025
OPTIDX,MIDCPNIFTY,27-Mar-2025,2025-03-27,13600.00,CE,0.00,0.00,0.00,389.25,169.65,0,0.00,0,0,06-JAN-2025
OPTIDX,MIDCPNIFTY,30-Jan-2025,2025-01-30,13600.00,PE,792.90,792.90,777.70,785.00,864.70,8,57.52935,700,0,06-JAN-2025
OPTIDX,MIDCPNIFTY,27-Feb-2025,2025-02-27,13600.00,CE,0.00,0.00,0.00,253.25,91.55,0,0.00,0,0,06-JAN-2025
OPTIDX,MIDCPNIFTY,27-Feb-2025,2025-02-27,13600.00,PE,0.00,0.00,0.00,1031.55,864.80,0,0.00,0,0,06-JAN-2025
OPTIDX,MIDCPNIFTY,30-Jan-2025,2025-01-30,13600.00,CE,46.05,49.25,23.40,26.00,26.00,10258,69910.9971,129800,-4000,06-JAN-2025
OPTIDX,MIDCPNIFTY,27-Mar-2025,2025-03-27,13600.00,PE,0.00,0.00,0.00,755.05,873.30,0,0.00,0,0,06-JAN-2025
OPTIDX,MIDCPNIFTY,30-Jan-2025,2025-01-30,12975.00,CE,285.25,295.15,145.20,158.65,158.65,8968,59068.8538,49550,6000,06-JAN-2025
OPTIDX,MIDCPNIFTY,27-Mar-2025,2025-03-27,12675.00,PE,0.00,0.00,0.00,306.00,322.90,0,0.00,0,0,06-JAN-2025
OPTIDX,MIDCPNIFTY,27-Feb-2025,2025-02-27,12350.00,CE,0.00,0.00,0.00,786.40,616.60,0,0.00,0,0,06-JAN-2025
OPTIDX,MIDCPNIFTY,30-Jan-2025,2025-01-30,12750.00,CE,375.70,389.20,241.15,262.50,262.50,13475,87713.9415,122800,97850,06-JAN-2025
OPTIDX,MIDCPNIFTY,27-Mar-2025,2025-03-27,12300.00,PE,0.00,0.00,0.00,192.15,186.45,0,0.00,0,0,06-JAN-2025
OPTIDX,MIDCPNIFTY,27-Mar-2025,2025-03-27,12300.00,CE,0.00,0.00,0.00,1102.75,763.70,0,0.00,0,0,06-JAN-2025
OPTIDX,MIDCPNIFTY,27-Mar-2025,2025-03-27,12825.00,CE,0.00,0.00,0.00,757.65,451.70,0,0.00,0,0,06-JAN-2025
OPTIDX,MIDCPNIFTY,27-Feb-2025,2025-02-27,12825.00,CE,0.00,0.00,0.00,533.40,337.55,0,0.00,0,0,06-JAN-2025
OPTIDX,MIDCPNIFTY,27-Feb-2025,2025-02-27,11400.00,CE,0.00,0.00,0.00,1474.10,1418.85,0,0.00,0,0,06-JAN-2025
OPTIDX,MIDCPNIFTY,27-Mar-2025,2025-03-27,12475.00,CE,0.00,0.00,0.00,979.10,648.70,0,0.00,0,0,06-JAN-2025
OPTIDX,MIDCPNIFTY,30-Jan-2025,2025-01-30,12475.00,PE,75.20,181.35,68.90,168.55,168.55,1093,6886.8394,15250,-2200,06-JAN-2025
OPTIDX,MIDCPNIFTY,27-Feb-2025,2025-02-27,11975.00,CE,0.00,0.00,0.00,1031.45,903.10,0,0.00,0,0,06-JAN-2025
OPTIDX,MIDCPNIFTY,27-Mar-2025,2025-03-27,11400.00,CE,0.00,0.00,0.00,1839.85,1495.25,0,0.00,0,0,06-JAN-2025
OPTIDX,MIDCPNIFTY,30-Jan-2025,2025-01-30,12050.00,CE,0.00,0.00,0.00,858.80,728.95,0,0.00,0,0,06-JAN-2025
OPTIDX,MIDCPNIFTY,30-Jan-2025,2025-01-30,12600.00,PE,94.80,231.55,89.40,215.85,215.85,15637,99826.6002,94100,-1450,06-JAN-2025
OPTIDX,NIFTY,16-Jan-2025,2025-01-16,23900.00,PE,188.55,454.45,155.25,404.65,404.65,22095,400537.517,115050,-29475,06-JAN-2025
OPTIDX,NIFTY,27-Mar-2025,2025-03-27,23900.00,CE,864.70,864.70,670.00,690.00,690.00,34,627.0408,3225,975,06-JAN-2025
OPTIDX,NIFTY,09-Jan-2025,2025-01-09,23900.00,CE,220.00,244.50,74.20,82.20,82.20,1239608,22333828.1,4020150,2380800,06-JAN-2025
OPTIDX,NIFTY,30-Jan-2025,2025-01-30,23900.00,PE,230.90,506.10,230.90,465.05,465.05,102798,624145.192,1736450,60075,06-JAN-2025
OPTIDX,NIFTY,23-Jan-2025,2025-01-23,23900.00,CE,405.65,417.00,219.75,233.95,233.95,1111,20144.9366,35850,24075,06-JAN-2025
OPTIDX,NIFTY,30-Jan-2025,2025-01-30,23900.00,CE,480.00,491.20,271.40,288.80,288.80,83598,506562.243,1432700,238325,06-JAN-2025
OPTIDX,NIFTY,27-Mar-2025,2025-03-27,23900.00,PE,414.00,596.00,399.95,580.10,580.10,133,2433.62066,8775,-150,06-JAN-2025
OPTIDX,NIFTY,16-Jan-2025,2025-01-16,23900.00,CE,319.55,343.20,155.75,168.85,168.85,25647,463695.544,250875,171225,06-JAN-2025
OPTIDX,NIFTY,27-Feb-2025,2025-02-27,23900.00,CE,713.95,714.10,494.55,520.80,520.80,955,17518.1232,37275,8325,06-JAN-2025
OPTIDX,NIFTY,23-Jan-2025,2025-01-23,23900.00,PE,221.35,488.80,207.05,447.65,447.65,1194,21709.0763,25200,13950,06-JAN-2025
OPTIDX,NIFTY,09-Jan-2025,2025-01-09,23900.00,PE,109.95,415.00,86.65,360.75,360.75,1212451,21893257.5,1526475,-1969425,06-JAN-2025
OPTIDX,NIFTY,06-Feb-2025,2025-02-06,23900.00,CE,562.85,562.85,400.00,406.40,308.40,52,949.810987,2400,2400,06-JAN-2025
OPTIDX,NIFTY,06-Feb-2025,2025-02-06,23900.00,PE,0.00,0.00,0.00,283.55,455.70,0,0.00,0,0,06-JAN-2025
OPTIDX,NIFTY,27-Mar-2025,2025-03-27,25900.00,PE,0.00,0.00,0.00,1904.95,1990.50,0,0.00,0,0,06-JAN-2025
OPTIDX,NIFTY,06-Feb-2025,2025-02-06,25900.00,PE,0.00,0.00,0.00,1596.95,2141.15,0,0.00,0,0,06-JAN-2025
OPTIDX,NIFTY,30-Jan-2025,2025-01-30,25900.00,CE,8.40,9.35,7.65,8.60,8.60,39096,253228.312,312225,-98425,06-JAN-2025
OPTIDX,NIFTY,23-Jan-2025,2025-01-23,25900.00,PE,0.00,0.00,0.00,1811.75,2202.90,0,0.00,0,0,06-JAN-2025
OPTIDX,NIFTY,27-Feb-2025,2025-02-27,25900.00,CE,49.65,54.65,33.35,34.80,34.80,539,10485.3076,22650,2550,06-JAN-2025
OPTIDX,NIFTY,27-Feb-2025,2025-02-27,25900.00,PE,0.00,0.00,0.00,1263.15,2065.75,0,0.00,300,0,06-JAN-2025
OPTIDX,NIFTY,27-Mar-2025,2025-03-27,25900.00,CE,89.90,89.90,89.90,89.90,86.90,4,77.9697,300,300,06-JAN-2025
OPTIDX,NIFTY,09-Jan-2025,2025-01-09,25900.00,CE,0.65,1.70,0.65,1.35,1.35,84687,1645117.52,1192500,234900,06-JAN-2025
OPTIDX,NIFTY,30-Jan-2025,2025-01-30,25900.00,PE,1960.00,2088.10,1960.00,2088.10,2171.00,3,20.927025,12650,50,06-JAN-2025
OPTIDX,NIFTY,09-Jan-2025,2025-01-09,25900.00,PE,0.00,0.00,0.00,1750.00,2269.60,0,0.00,6450,0,06-JAN-2025
OPTIDX,NIFTY,16-Jan-2025,2025-01-16,25900.00,CE,2.40,3.35,2.10,2.70,2.70,969,18824.6723,19500,-1200,06-JAN-2025
OPTIDX,NIFTY,23-Jan-2025,2025-01-23,25900.00,CE,4.00,4.80,3.95,4.50,0.25,21,407.992237,1050,1050,06-JAN-2025
OPTIDX,NIFTY,06-Feb-2025,2025-02-06,25900.00,CE,0.00,0.00,0.00,65.75,5.30,0,0.00,0,0,06-JAN-2025
OPTIDX,NIFTY,16-Jan-2025,2025-01-16,25900.00,PE,0.00,0.00,0.00,1291.95,2236.10,0,0.00,0,0,06-JAN-2025
OPTIDX,NIFTY,09-Jan-2025,2025-01-09,24350.00,PE,371.80,801.75,341.55,739.90,739.90,3929,73228.6156,94650,-30975,06-JAN-2025
OPTIDX,NIFTY,27-Mar-2025,2025-03-27,24350.00,CE,0.00,0.00,0.00,694.65,439.50,0,0.00,0,0,06-JAN-2025
OPTIDX,NIFTY,27-Mar-2025,2025-03-27,24350.00,PE,0.00,0.00,0.00,854.70,815.85,0,0.00,0,0,06-JAN-2025
OPTIDX,NIFTY,23-Jan-2025,2025-01-23,24350.00,PE,530.80,661.95,530.80,661.95,725.00,8,149.67825,300,300,06-JAN-2025
OPTSTK,COLPAL,27-Mar-2025,2025-03-27,2920.00,CE,0.00,0.00,0.00,95.75,75.05,0,0.00,0,0,06-JAN-2025
OPTSTK,COLPAL,27-Feb-2025,2025-02-27,2920.00,PE,0.00,0.00,0.00,230.60,186.85,0,0.00,0,0,06-JAN-2025
OPTSTK,BHEL,27-Feb-2025,2025-02-27,220.00,CE,13.30,13.30,13.30,13.30,13.30,1,6.124125,2625,2625,06-JAN-2025
OPTSTK,MAXHEALTH,27-Feb-2025,2025-02-27,1060.00,PE,0.00,0.00,0.00,36.10,21.95,0,0.00,0,0,06-JAN-2025
OPTSTK,MAXHEALTH,27-Feb-2025,2025-02-27,1060.00,CE,0.00,0.00,0.00,145.05,125.30,0,0.00,0,0,06-JAN-2025
OPTSTK,COLPAL,27-Feb-2025,2025-02-27,3120.00,PE,0.00,0.00,0.00,387.70,349.90,0,0.00,0,0,06-JAN-2025
OPTSTK,BHEL,27-Feb-2025,2025-02-27,270.00,PE,0.00,0.00,0.00,38.50,50.15,0,0.00,5250,0,06-JAN-2025
OPTSTK,NAVINFLUOR,30-Jan-2025,2025-01-30,2700.00,CE,0.00,0.00,0.00,708.40,659.00,0,0.00,0,0,06-JAN-2025
OPTSTK,MAXHEALTH,30-Jan-2025,2025-01-30,1240.00,CE,21.00,21.40,13.10,16.85,16.85,238,1571.10318,25200,-12075,06-JAN-2025
OPTSTK,MAXHEALTH,30-Jan-2025,2025-01-30,1220.00,PE,60.85,60.85,60.85,60.85,81.20,7,47.0712375,2625,1050,06-JAN-2025
OPTSTK,MAXHEALTH,27-Feb-2025,2025-02-27,1040.00,CE,0.00,0.00,0.00,66.85,140.25,0,0.00,0,0,06-JAN-2025
OPTSTK,MAXHEALTH,27-Mar-2025,2025-03-27,1040.00,PE,0.00,0.00,0.00,41.40,26.45,0,0.00,0,0,06-JAN-2025
OPTSTK,NAVINFLUOR,30-Jan-2025,2025-01-30,3400.00,PE,108.60,128.90,104.05,126.10,126.10,51,313.561937,35175,525,06-JAN-2025
OPTSTK,BHEL,30-Jan-2025,2025-01-30,255.00,PE,30.10,30.35,28.75,30.35,35.45,8,59.7751875,278250,5250,06-JAN-2025
OPTSTK,BHEL,30-Jan-2025,2025-01-30,255.00,CE,1.55,1.55,0.75,0.80,0.80,1292,8683.89637,2501625,564375,06-JAN-2025
OPTSTK,BHEL,27-Feb-2025,2025-02-27,255.00,CE,0.00,0.00,0.00,5.50,4.70,0,0.00,18375,0,06-JAN-2025
OPTSTK,BHEL,27-Feb-2025,2025-02-27,200.00,CE,0.00,0.00,0.00,62.30,27.60,0,0.00,0,0,06-JAN-2025
OPTSTK,BHEL,30-Jan-2025,2025-01-30,200.00,CE,27.20,27.90,22.10,22.20,22.20,12,71.085,73500,15750,06-JAN-2025
OPTSTK,COLPAL,30-Jan-2025,2025-01-30,2680.00,CE,115.35,125.80,111.60,124.85,124.85,16,78.3537125,9975,0,06-JAN-2025
OPTSTK,COLPAL,30-Jan-2025,2025-01-30,2680.00,PE,43.35,50.85,36.25,46.10,46.10,175,834.296137,15400,-3150,06-JAN-2025
OPTSTK,COLPAL,27-Feb-2025,2025-02-27,2860.00,PE,0.00,0.00,0.00,190.35,146.40,0,0.00,0,0,06-JAN-2025
OPTSTK,COLPAL,27-Feb-2025,2025-02-27,2860.00,CE,0.00,0.00,0.00,85.40,67.25,0,0.00,0,0,06-JAN-2025
OPTSTK,COLPAL,30-Jan-2025,2025-01-30,2860.00,PE,0.00,0.00,0.00,107.85,126.25,0,0.00,3850,0,06-JAN-2025
OPTSTK,NAVINFLUOR,27-Feb-2025,2025-02-27,3550.00,CE,0.00,0.00,0.00,130.60,87.25,0,0.00,0,0,06-JAN-2025
OPTSTK,MAXHEALTH,30-Jan-2025,2025-01-30,1020.00,PE,3.00,5.90,3.00,5.90,3.95,5,26.8828875,26250,-2100,06-JAN-2025
OPTSTK,NAVINFLUOR,27-Feb-2025,2025-02-27,3500.00,CE,0.00,0.00,0.00,273.70,103.90,0,0.00,0,0,06-JAN-2025
OPTSTK,NAVINFLUOR,30-Jan-2025,2025-01-30,3650.00,PE,292.90,292.90,292.90,292.90,307.60,1,6.900075,700,175,06-JAN-2025
OPTSTK,BHEL,30-Jan-2025,2025-01-30,280.00,PE,54.25,56.10,54.25,54.75,59.15,3,26.383875,380625,-2625,06-JAN-2025
OPTSTK,NAVINFLUOR,30-Jan-2025,2025-01-30,3700.00,CE,13.00,14.90,9.20,10.45,10.45,194,1260.07035,44625,8925,06-JAN-2025
OPTSTK,COLPAL,27-Feb-2025,2025-02-27,2720.00,PE,0.00,0.00,0.00,112.05,72.50,0,0.00,0,0,06-JAN-2025
OPTSTK,COLPAL,30-Jan-2025,2025-01-30,2720.00,PE,58.15,67.00,50.75,62.00,62.00,43,209.176537,18375,-350,06-JAN-2025
OPTSTK,SRF,30-Jan-2025,2025-01-30,2240.00,PE,35.30,50.35,31.10,48.85,48.85,151,1292.42587,42375,750,06-JAN-2025
OPTSTK,AXISBANK,27-Feb-2025,2025-02-27,1170.00,PE,0.00,0.00,0.00,101.70,104.55,0,0.00,0,0,06-JAN-2025
OPTSTK,AXISBANK,27-Feb-2025,2025-02-27,1170.00,CE,0.00,0.00,0.00,23.05,9.15,0,0.00,0,0,06-JAN-2025
OPTSTK,AXISBANK,30-Jan-2025,2025-01-30,1170.00,PE,85.40,92.45,85.40,92.45,103.50,3,23.5828125,33750,1250,06-JAN-2025
OPTSTK,AXISBANK,30-Jan-2025,2025-01-30,1170.00,CE,4.10,4.30,2.60,2.70,2.70,1776,13022.9418,520000,119375,06-JAN-2025
OPTSTK,SRF,30-Jan-2025,2025-01-30,1980.00,CE,0.00,0.00,0.00,325.30,306.75,0,0.00,0,0,06-JAN-2025
OPTSTK,SRF,30-Jan-2025,2025-01-30,1980.00,PE,0.00,0.00,0.00,18.10,0.60,0,0.00,0,0,06-JAN-2025
OPTSTK,JSL,27-Feb-2025,2025-02-27,800.00,CE,0.00,0.00,0.00,34.35,6.00,0,0.00,0,0,06-JAN-2025
OPTSTK,SRF,30-Jan-2025,2025-01-30,2500.00,PE,0.00,0.00,0.00,260.00,217.35,0,0.00,42000,0,06-JAN-2025
OPTSTK,SRF,27-Mar-2025,2025-03-27,2000.00,CE,0.00,0.00,0.00,328.50,319.80,0,0.00,0,0,06-JAN-2025
OPTSTK,SRF,27-Feb-2025,2025-02-27,2000.00,CE,0.00,0.00,0.00,331.45,302.80,0,0.00,0,0,06-JAN-2025
OPTSTK,JSL,27-Mar-2025,2025-03-27,780.00,PE,0.00,0.00,0.00,86.30,120.05,0,0.00,0,0,06-JAN-2025
OPTSTK,SRF,27-Feb-2025,2025-02-27,1920.00,CE,0.00,0.00,0.00,396.60,377.90,0,0.00,0,0,06-JAN-2025
OPTSTK,SRF,30-Jan-2025,2025-01-30,1920.00,PE,0.00,0.00,0.00,2.50,0.15,0,0.00,1500,0,06-JAN-2025
OPTSTK,SRF,30-Jan-2025,2025-01-30,2060.00,CE,0.00,0.00,0.00,260.90,229.55,0,0.00,0,0,06-JAN-2025
FUTSTK,SRF,27-Feb-2025,2025-02-27,,,2309.40,2323.65,2282.15,2289.15,2289.15,100,863.559,82125,8250,06-JAN-2025
FUTSTK,AXISBANK,27-Feb-2025,2025-02-27,,,1097.80,1100.05,1070.40,1074.00,1074.00,1438,9707.335,1777500,488125,06-JAN-2025
OPTSTK,AXISBANK,27-Feb-2025,2025-02-27,1180.00,CE,0.00,0.00,0.00,54.55,7.65,0,0.00,625,0,06-JAN-2025
OPTSTK,AXISBANK,27-Feb-2025,2025-02-27,1180.00,PE,0.00,0.00,0.00,80.80,112.95,0,0.00,0,0,06-JAN-2025
OPTSTK,AXISBANK,30-Jan-2025,2025-01-30,1180.00,PE,0.00,0.00,0.00,107.00,112.90,0,0.00,33125,0,06-JAN-2025
OPTSTK,JSL,30-Jan-2025,2025-01-30,650.00,PE,13.00,18.85,11.60,18.05,18.05,260,1340.43922,53475,23250,06-JAN-2025
OPTSTK,AXISBANK,30-Jan-2025,2025-01-30,1340.00,CE,0.35,0.35,0.35,0.35,0.05,4,33.50875,4375,-2500,06-JAN-2025
OPTSTK,AXISBANK,27-Mar-2025,2025-03-27,1040.00,PE,0.00,0.00,0.00,36.60,29.80,0,0.00,0,0,06-JAN-2025
OPTSTK,AXISBANK,27-Feb-2025,2025-02-27,1040.00,PE,0.00,0.00,0.00,22.30,23.30,0,0.00,0,0,06-JAN-2025
OPTSTK,AXISBANK,27-Mar-2025,2025-03-27,1040.00,CE,0.00,0.00,0.00,92.10,68.45,0,0.00,0,0,06-JAN-2025
OPTSTK,JSL,27-Feb-2025,2025-02-27,610.00,CE,0.00,0.00,0.00,141.70,74.60,0,0.00,0,0,06-JAN-2025
OPTSTK,AXISBANK,27-Mar-2025,2025-03-27,920.00,PE,0.00,0.00,0.00,7.75,3.80,0,0.00,0,0,06-JAN-2025
OPTSTK,AXISBANK,27-Feb-2025,2025-02-27,1080.00,PE,0.00,0.00,0.00,34.40,41.60,0,0.00,1250,0,06-JAN-2025
OPTSTK,AXISBANK,27-Mar-2025,2025-03-27,1080.00,CE,0.00,0.00,0.00,69.95,47.10,0,0.00,0,0,06-JAN-2025
OPTSTK,SRF,30-Jan-2025,2025-01-30,2360.00,PE,100.65,100.65,93.35,93.65,102.25,5,46.0455,1125,375,06-JAN-2025
OPTSTK,AXISBANK,30-Jan-2025,2025-01-30,900.00,CE,0.00,0.00,0.00,186.00,167.45,0,0.00,625,0,06-JAN-2025
OPTSTK,JSL,27-Feb-2025,2025-02-27,840.00,CE,0.00,0.00,0.00,25.25,3.00,0,0.00,0,0,06-JAN-2025
OPTSTK,JSL,27-Feb-2025,2025-02-27,840.00,PE,0.00,0.00,0.00,154.10,170.80,0,0.00,0,0,06-JAN-2025
OPTSTK,JSWSTEEL,30-Jan-2025,2025-01-30,1000.00,CE,3.90,3.90,2.85,3.00,3.00,694,4699.19846,819450,7425,06-JAN-2025
OPTSTK,GRASIM,30-Jan-2025,2025-01-30,2440.00,CE,99.00,99.00,66.30,71.45,71.45,38,239.324875,26750,0,06-JAN-2025
OPTSTK,GRASIM,30-Jan-2025,2025-01-30,2440.00,PE,25.05,50.00,21.30,45.55,45.55,413,2557.7945,67500,-1250,06-JAN-2025
OPTSTK,GRASIM,27-Mar-2025,2025-03-27,2240.00,CE,0.00,0.00,0.00,316.80,273.20,0,0.00,0,0,06-JAN-2025
OPTSTK,ICICIBANK,27-Feb-2025,2025-02-27,1270.00,PE,0.00,0.00,0.00,32.35,35.05,0,0.00,0,0,06-JAN-2025
OPTSTK,ICICIBANK,30-Jan-2025,2025-01-30,1270.00,PE,29.55,34.55,22.70,30.65,30.65,4564,41490.7216,613900,-162400,06-JAN-2025
OPTSTK,JSWSTEEL,30-Jan-2025,2025-01-30,860.00,CE,60.70,60.70,53.85,54.25,54.25,15,92.8330875,93825,-2025,06-JAN-2025
OPTSTK,JSWSTEEL,27-Feb-2025,2025-02-27,860.00,CE,0.00,0.00,0.00,128.25,64.60,0,0.00,0,0,06-JAN-2025
OPTSTK,JSWSTEEL,30-Jan-2025,2025-01-30,860.00,PE,6.45,10.50,6.00,10.10,10.10,506,2965.73298,247725,35100,06-JAN-2025
OPTSTK,ICICIBANK,27-Mar-2025,2025-03-27,1080.00,CE,0.00,0.00,0.00,239.65,201.40,0,0.00,0,0,06-JAN-2025
OPTSTK,JSWSTEEL,27-Feb-2025,2025-02-27,1080.00,PE,0.00,0.00,0.00,131.15,170.40,0,0.00,0,0,06-JAN-2025
OPTSTK,JSWSTEEL,30-Jan-2025,2025-01-30,940.00,PE,37.30,48.40,37.30,47.35,47.35,185,1226.90328,412425,-6075,06-JAN-2025
OPTSTK,ICICIBANK,27-Feb-2025,2025-02-27,1400.00,CE,8.15,8.60,6.80,6.95,6.95,63,620.68405,221900,6300,06-JAN-2025
OPTSTK,GRASIM,30-Jan-2025,2025-01-30,2880.00,CE,0.95,0.95,0.95,0.95,0.20,1,7.202375,500,0,06-JAN-2025
OPTSTK,GRASIM,27-Feb-2025,2025-02-27,2880.00,PE,0.00,0.00,0.00,311.90,395.80,0,0.00,0,0,06-JAN-2025
OPTSTK,GRASIM,27-Mar-2025,2025-03-27,2880.00,PE,0.00,0.00,0.00,380.15,388.85,0,0.00,0,0,06-JAN-2025
OPTSTK,GRASIM,30-Jan-2025,2025-01-30,2880.00,PE,0.00,0.00,0.00,226.05,406.90,0,0.00,0,0,06-JAN-2025
OPTSTK,GRASIM,27-Feb-2025,2025-02-27,2580.00,CE,0.00,0.00,0.00,85.80,46.50,0,0.00,0,0,06-JAN-2025
OPTSTK,ICICIBANK,30-Jan-2025,2025-01-30,1470.00,CE,0.70,0.70,0.50,0.65,0.05,18,185.2998,28700,7700,06-JAN-2025
OPTSTK,GRASIM,27-Feb-2025,2025-02-27,2480.00,CE,0.00,0.00,0.00,216.05,86.20,0,0.00,0,0,06-JAN-2025
OPTSTK,GRASIM,30-Jan-2025,2025-01-30,2480.00,PE,34.35,66.90,30.35,62.60,62.60,559,3539.212,52000,19750,06-JAN-2025
OPTSTK,GRASIM,27-Mar-2025,2025-03-27,2480.00,PE,0.00,0.00,0.00,113.75,95.65,0,0.00,0,0,06-JAN-2025
OPTSTK,GRASIM,27-Feb-2025,2025-02-27,2160.00,CE,0.00,0.00,0.00,461.60,325.45,0,0.00,0,0,06-JAN-2025
OPTSTK,GRASIM,30-Jan-2025,2025-01-30,2160.00,PE,0.00,0.00,0.00,5.30,0.45,0,0.00,0,0,06-JAN-2025
OPTSTK,JSWSTEEL,27-Feb-2025,2025-02-27,780.00,PE,0.00,0.00,0.00,5.40,2.15,0,0.00,0,0,06-JAN-2025
OPTSTK,GRASIM,27-Mar-2025,2025-03-27,2440.00,CE,0.00,0.00,0.00,182.20,133.70,0,0.00,0,0,06-JAN-2025
OPTSTK,JSWSTEEL,27-Mar-2025,2025-03-27,820.00,CE,0.00,0.00,0.00,125.55,103.75,0,0.00,0,0,06-JAN-2025
OPTSTK,JSWSTEEL,27-Mar-2025,2025-03-27,940.00,PE,0.00,0.00,0.00,62.45,58.55,0,0.00,0,0,06-JAN-2025
OPTSTK,JSWSTEEL,27-Feb-2025,2025-02-27,940.00,PE,53.00,53.00,53.00,53.00,53.20,7,46.91925,13500,0,06-JAN-2025
OPTSTK,JSWSTEEL,27-Mar-2025,2025-03-27,1080.00,CE,0.00,0.00,0.00,14.75,4.85,0,0.00,0,0,06-JAN-2025
OPTSTK,JSWSTEEL,27-Mar-2025,2025-03-27,760.00,PE,0.00,0.00,0.00,6.25,2.90,0,0.00,0,0,06-JAN-2025
OPTSTK,JSWSTEEL,27-Mar-2025,2025-03-27,760.00,CE,0.00,0.00,0.00,174.40,155.00,0,0.00,0,0,06-JAN-2025
OPTSTK,INDUSINDBK,30-Jan-2025,2025-01-30,1040.00,CE,19.00,19.00,10.85,11.70,11.70,3167,16689.222,975000,99500,06-JAN-2025
OPTSTK,GODREJCP,30-Jan-2025,2025-01-30,990.00,PE,1.85,1.85,1.85,1.85,0.40,1,4.95925,20500,0,06-JAN-2025
OPTSTK,GODREJCP,27-Feb-2025,2025-02-27,990.00,PE,0.00,0.00,0.00,19.90,3.05,0,0.00,0,0,06-JAN-2025
OPTSTK,INDUSINDBK,30-Jan-2025,2025-01-30,990.00,PE,28.25,48.05,26.85,43.05,43.05,2015,10324.838,142000,32500,06-JAN-2025
OPTSTK,INDUSINDBK,27-Feb-2025,2025-02-27,990.00,CE,0.00,0.00,0.00,42.75,43.55,0,0.00,0,0,06-JAN-2025
OPTSTK,GODREJCP,30-Jan-2025,2025-01-30,1240.00,CE,3.40,10.30,2.30,5.70,5.70,1328,8276.42675,129000,2000,06-JAN-2025
FUTSTK,GODREJCP,27-Mar-2025,2025-03-27,,,1145.90,1169.40,1142.80,1163.05,1158.85,6,34.73625,5000,2000,06-JAN-2025
OPTSTK,INDUSINDBK,27-Feb-2025,2025-02-27,1080.00,PE,0.00,0.00,0.00,92.00,115.40,0,0.00,1500,0,06-JAN-2025
OPTSTK,HDFCAMC,27-Feb-2025,2025-02-27,3600.00,PE,0.00,0.00,0.00,70.35,24.70,0,0.00,0,0,06-JAN-2025
FUTSTK,HDFCAMC,27-Mar-2025,2025-03-27,,,4270.00,4270.00,4150.10,4160.90,4160.90,13,81.805875,1950,600,06-JAN-2025
OPTSTK,GODREJCP,27-Mar-2025,2025-03-27,1080.00,CE,0.00,0.00,0.00,73.35,102.30,0,0.00,0,0,06-JAN-2025
OPTSTK,GODREJCP,27-Feb-2025,2025-02-27,980.00,PE,0.00,0.00,0.00,17.35,2.40,0,0.00,0,0,06-JAN-2025
OPTSTK,GODREJCP,27-Mar-2025,2025-03-27,980.00,PE,0.00,0.00,0.00,24.35,5.45,0,0.00,0,0,06-JAN-2025
OPTSTK,HDFCAMC,27-Feb-2025,2025-02-27,5000.00,PE,0.00,0.00,0.00,801.20,859.20,0,0.00,0,0,06-JAN-2025
OPTSTK,GODREJCP,27-Mar-2025,2025-03-27,1120.00,PE,0.00,0.00,0.00,84.35,38.85,0,0.00,0,0,06-JAN-2025
OPTSTK,GODREJCP,30-Jan-2025,2025-01-30,1120.00,PE,23.90,30.50,19.00,22.50,22.50,1432,8187.5155,121500,48500,06-JAN-2025
OPTSTK,INDUSINDBK,27-Feb-2025,2025-02-27,930.00,PE,0.00,0.00,0.00,54.45,26.65,0,0.00,0,0,06-JAN-2025
OPTSTK,GODREJCP,27-Mar-2025,2025-03-27,1040.00,PE,0.00,0.00,0.00,44.60,14.40,0,0.00,0,0,06-JAN-2025
OPTSTK,GODREJCP,30-Jan-2025,2025-01-30,1080.00,PE,10.60,14.90,9.15,11.10,11.10,736,4015.7575,157500,-15500,06-JAN-2025
OPTSTK,HDFCAMC,30-Jan-2025,2025-01-30,4400.00,PE,306.00,358.75,306.00,333.00,333.00,11,78.087825,24150,450,06-JAN-2025
OPTSTK,INDUSINDBK,27-Mar-2025,2025-03-27,940.00,CE,0.00,0.00,0.00,78.00,83.10,0,0.00,0,0,06-JAN-2025
OPTSTK,INDUSINDBK,27-Feb-2025,2025-02-27,940.00,CE,0.00,0.00,0.00,64.00,69.45,0,0.00,1000,0,06-JAN-2025
OPTSTK,HDFCAMC,27-Feb-2025,2025-02-27,4250.00,PE,0.00,0.00,0.00,224.95,250.15,0,0.00,0,0,06-JAN-2025
OPTSTK,HDFCAMC,30-Jan-2025,2025-01-30,4250.00,CE,117.10,117.15,64.45,79.50,79.50,681,4428.60427,37500,9300,06-JAN-2025
OPTSTK,HDFCAMC,27-Mar-2025,2025-03-27,4800.00,CE,0.00,0.00,0.00,155.10,55.30,0,0.00,0,0,06-JAN-2025
OPTSTK,HDFCAMC,30-Jan-2025,2025-01-30,4800.00,PE,591.45,717.80,590.00,717.80,677.50,27,219.71145,3150,2700,06-JAN-2025
OPTSTK,INDUSINDBK,30-Jan-2025,2025-01-30,890.00,PE,5.50,10.90,4.95,9.35,9.35,310,1391.29025,88000,-2500,06-JAN-2025
OPTSTK,INDUSINDBK,30-Jan-2025,2025-01-30,890.00,CE,0.00,0.00,0.00,90.25,89.75,0,0.00,6000,0,06-JAN-2025
OPTSTK,INDUSINDBK,30-Jan-2025,2025-01-30,1140.00,PE,162.00,162.00,162.00,162.00,166.05,1,6.51,7000,500,06-JAN-2025
OPTSTK,INDUSINDBK,27-Feb-2025,2025-02-27,1140.00,PE,0.00,0.00,0.00,204.50,166.15,0,0.00,0,0,06-JAN-2025
OPTSTK,HDFCAMC,27-Feb-2025,2025-02-27,4200.00,PE,0.00,0.00,0.00,148.00,221.00,0,0.00,300,0,06-JAN-2025
OPTIDX,NIFTYNXT50,27-Mar-2025,2025-03-27,71300.00,CE,0.00,0.00,0.00,2387.10,1144.35,0,0.00,0,0,06-JAN-2025
OPTIDX,NIFTYNXT50,30-Jan-2025,2025-01-30,71300.00,PE,0.00,0.00,0.00,3391.00,4181.05,0,0.00,0,0,06-JAN-2025
OPTIDX,NIFTYNXT50,27-Feb-2025,2025-02-27,81000.00,CE,0.00,0.00,0.00,658.00,10.10,0,0.00,0,0,06-JAN-2025
OPTIDX,NIFTYNXT50,27-Mar-2025,2025-03-27,68900.00,PE,0.00,0.00,0.00,2601.45,2864.25,0,0.00,0,0,06-JAN-2025
OPTIDX,NIFTYNXT50,30-Jan-2025,2025-01-30,72300.00,CE,0.00,0.00,0.00,2726.25,105.45,0,0.00,0,0,06-JAN-2025
OPTIDX,NIFTYNXT50,27-Feb-2025,2025-02-27,75300.00,PE,0.00,0.00,0.00,5146.40,7732.65,0,0.00,0,0,06-JAN-2025
OPTIDX,NIFTYNXT50,27-Feb-2025,2025-02-27,75600.00,CE,0.00,0.00,0.00,1805.85,132.40,0,0.00,0,0,06-JAN-2025
OPTIDX,NIFTYNXT50,30-Jan-2025,2025-01-30,75600.00,PE,0.00,0.00,0.00,6053.55,8278.15,0,0.00,0,0,06-JAN-2025
OPTIDX,NIFTYNXT50,30-Jan-2025,2025-01-30,77100.00,CE,0.00,0.00,0.00,1237.00,2.75,0,0.00,0,0,06-JAN-2025
OPTIDX,NIFTYNXT50,27-Feb-2025,2025-02-27,66000.00,CE,0.00,0.00,0.00,6868.40,2817.40,0,0.00,0,0,06-JAN-2025
OPTIDX,NIFTYNXT50,30-Jan-2025,2025-01-30,75800.00,PE,0.00,0.00,0.00,6195.70,8475.80,0,0.00,0,0,06-JAN-2025
OPTIDX,NIFTYNXT50,27-Feb-2025,2025-02-27,75800.00,PE,0.00,0.00,0.00,5482.85,8199.45,0,0.00,0,0,06-JAN-2025
OPTIDX,NIFTYNXT50,27-Mar-2025,2025-03-27,66100.00,CE,0.00,0.00,0.00,5117.85,3394.35,0,0.00,0,0,06-JAN-2025
OPTIDX,NIFTYNXT50,27-Feb-2025,2025-02-27,64100.00,PE,0.00,0.00,0.00,602.55,612.65,0,0.00,0,0,06-JAN-2025
OPTIDX,NIFTYNXT50,27-Mar-2025,2025-03-27,72400.00,PE,0.00,0.00,0.00,4543.15,5209.55,0,0.00,0,0,06-JAN-2025
OPTIDX,NIFTYNXT50,27-Mar-2025,2025-03-27,72400.00,CE,0.00,0.00,0.00,1981.10,869.60,0,0.00,0,0,06-JAN-2025
OPTIDX,NIFTYNXT50,27-Mar-2025,2025-03-27,68200.00,CE,0.00,0.00,0.00,3850.30,2280.55,0,0.00,0,0,06-JAN-2025
OPTIDX,NIFTYNXT50,27-Feb-2025,2025-02-27,73200.00,PE,0.00,0.00,0.00,3850.05,5844.90,0,0.00,0,0,06-JAN-2025
OPTIDX,NIFTYNXT50,30-Jan-2025,2025-01-30,64900.00,PE,0.00,0.00,0.00,990.55,424.85,0,0.00,0,0,06-JAN-2025
OPTIDX,NIFTYNXT50,27-Feb-2025,2025-02-27,64900.00,CE,0.00,0.00,0.00,7714.90,3540.75,0,0.00,0,0,06-JAN-2025
OPTIDX,NIFTYNXT50,27-Mar-2025,2025-03-27,73500.00,PE,0.00,0.00,0.00,5272.35,6074.35,0,0.00,0,0,06-JAN-2025
OPTIDX,NIFTYNXT50,27-Mar-2025,2025-03-27,72500.00,PE,0.00,0.00,0.00,4607.25,5286.00,0,0.00,0,0,06-JAN-2025
OPTIDX,NIFTYNXT50,30-Jan-2025,2025-01-30,72800.00,CE,0.00,0.00,0.00,2526.50,76.30,0,0.00,0,0,06-JAN-2025
OPTIDX,NIFTYNXT50,27-Feb-2025,2025-02-27,72800.00,PE,0.00,0.00,0.00,3625.70,5502.65,0,0.00,0,0,06-JAN-2025
OPTIDX,NIFTYNXT50,27-Feb-2025,2025-02-27,71700.00,PE,0.00,0.00,0.00,3047.65,4598.80,0,0.00,0,0,06-JAN-2025
OPTIDX,NIFTYNXT50,27-Feb-2025,2025-02-27,71700.00,CE,0.00,0.00,0.00,3337.75,581.80,0,0.00,0,0,06-JAN-2025
OPTIDX,NIFTYNXT50,27-Mar-2025,2025-03-27,71700.00,PE,0.00,0.00,0.00,4107.35,4687.70,0,0.00,0,0,06-JAN-2025
OPTIDX,NIFTYNXT50,27-Mar-2025,2025-03-27,71700.00,CE,0.00,0.00,0.00,2232.90,1037.50,0,0.00,0,0,06-JAN-2025
OPTIDX,NIFTYNXT50,30-Jan-2025,2025-01-30,71700.00,CE,0.00,0.00,0.00,2980.85,152.85,0,0.00,0,0,06-JAN-2025
OPTIDX,NIFTYNXT50,30-Jan-2025,2025-01-30,68600.00,PE,0.00,0.00,0.00,1899.95,2065.10,0,0.00,20,0,06-JAN-2025
OPTIDX,NIFTYNXT50,27-Mar-2025,2025-03-27,68600.00,CE,0.00,0.00,0.00,3634.20,2100.90,0,0.00,0,0,06-JAN-2025
OPTIDX,NIFTYNXT50,30-Jan-2025,2025-01-30,68600.00,CE,920.00,1120.00,920.00,1120.00,765.70,2,13.924,30,0,06-JAN-2025
OPTSTK,JSWENERGY,27-Feb-2025,2025-02-27,660.00,CE,0.00,0.00,0.00,30.00,20.05,0,0.00,1500,0,06-JAN-2025
OPTIDX,BANKNIFTY,30-Jan-2025,2025-01-30,54900.00,CE,46.25,50.75,30.45,33.80,33.80,32191,265269.046,118995,11610,06-JAN-2025
OPTIDX,BANKNIFTY,30-Jan-2025,2025-01-30,53600.00,PE,2556.25,3578.00,2556.25,3499.80,3499.80,59,502.497352,40920,-330,06-JAN-2025
OPTIDX,BANKNIFTY,27-Feb-2025,2025-02-27,53600.00,CE,426.00,430.75,257.95,270.05,270.05,508,8221.45039,2250,-1560,06-JAN-2025
OPTIDX,BANKNIFTY,30-Jan-2025,2025-01-30,53600.00,CE,157.30,157.30,78.15,82.20,82.20,58958,474897.529,169005,-1140,06-JAN-2025
OPTIDX,BANKNIFTY,27-Feb-2025,2025-02-27,53600.00,PE,0.00,0.00,0.00,2487.00,3458.75,0,0.00,450,0,06-JAN-2025
OPTIDX,BANKNIFTY,26-Jun-2025,2025-06-26,45000.00,PE,0.00,0.00,0.00,115.00,322.05,0,0.00,30,0,06-JAN-2025
OPTIDX,BANKNIFTY,30-Jan-2025,2025-01-30,47500.00,PE,56.80,221.30,56.80,190.65,190.65,219375,1567637.29,480345,12720,06-JAN-2025
OPTIDX,BANKNIFTY,30-Jan-2025,2025-01-30,47500.00,CE,3610.85,3610.85,2740.95,2844.65,2844.65,6682,50592.7886,10410,8175,06-JAN-2025
OPTIDX,BANKNIFTY,27-Mar-2025,2025-03-27,53300.00,CE,0.00,0.00,0.00,1586.05,640.35,0,0.00,0,0,06-JAN-2025
OPTSTK,JSWENERGY,30-Jan-2025,2025-01-30,600.00,PE,15.00,24.95,11.75,22.55,22.55,3789,17573.4472,419250,165750,06-JAN-2025
OPTSTK,JSWENERGY,27-Feb-2025,2025-02-27,570.00,PE,0.00,0.00,0.00,22.95,22.35,0,0.00,0,0,06-JAN-2025
OPTSTK,PRESTIGE,30-Jan-2025,2025-01-30,2000.00,PE,0.00,0.00,0.00,359.75,398.25,0,0.00,0,0,06-JAN-2025
OPTSTK,PRESTIGE,27-Feb-2025,2025-02-27,2000.00,PE,0.00,0.00,0.00,377.85,400.00,0,0.00,0,0,06-JAN-2025
OPTIDX,BANKNIFTY,26-Jun-2025,2025-06-26,58500.00,PE,0.00,0.00,0.00,5577.35,7182.20,0,0.00,0,0,06-JAN-2025
OPTIDX,BANKNIFTY,30-Jan-2025,2025-01-30,58500.00,PE,0.00,0.00,0.00,5500.00,8319.05,0,0.00,15,0,06-JAN-2025
OPTIDX,BANKNIFTY,24-Dec-2025,2025-12-24,58500.00,PE,0.00,0.00,0.00,6011.10,6445.15,0,0.00,0,0,06-JAN-2025
OPTIDX,BANKNIFTY,27-Mar-2025,2025-03-27,58500.00,CE,48.15,60.40,48.15,60.40,58.30,40,702.65676,1200,1200,06-JAN-2025
OPTIDX,BANKNIFTY,27-Mar-2025,2025-03-27,58500.00,PE,0.00,0.00,0.00,8690.60,7777.20,0,0.00,0,0,06-JAN-2025
OPTIDX,BANKNIFTY,30-Jan-2025,2025-01-30,58500.00,CE,9.90,14.70,9.70,14.30,14.30,67291,590601.829,458010,67380,06-JAN-2025
OPTIDX,BANKNIFTY,30-Jan-2025,2025-01-30,51900.00,CE,576.35,595.00,286.90,305.45,305.45,57874,453922.180,263655,38160,06-JAN-2025
OPTIDX,BANKNIFTY,27-Feb-2025,2025-02-27,51900.00,CE,980.00,992.50,678.70,707.10,707.10,197,3117.19788,5130,810,06-JAN-2025
OPTIDX,BANKNIFTY,27-Mar-2025,2025-03-27,51900.00,CE,0.00,0.00,0.00,2202.50,1061.20,0,0.00,0,0,06-JAN-2025
OPTIDX,BANKNIFTY,27-Mar-2025,2025-03-27,49000.00,CE,2620.00,2620.00,2620.00,2620.00,2507.85,2,30.972,150,60,06-JAN-2025
OPTSTK,JSWENERGY,30-Jan-2025,2025-01-30,590.00,CE,41.20,44.90,29.30,32.10,32.10,108,506.418375,31500,31500,06-JAN-2025
OPTSTK,JSWENERGY,30-Jan-2025,2025-01-30,590.00,PE,11.55,20.00,9.10,18.55,18.55,736,3335.74762,129750,40500,06-JAN-2025
OPTIDX,BANKNIFTY,27-Feb-2025,2025-02-27,56500.00,PE,0.00,0.00,0.00,4663.20,6086.90,0,0.00,420,0,06-JAN-2025
OPTIDX,BANKNIFTY,27-Feb-2025,2025-02-27,56500.00,CE,65.30,71.60,53.70,58.65,58.65,2203,37379.8188,31920,-3480,06-JAN-2025
OPTSTK,PRESTIGE,30-Jan-2025,2025-01-30,1550.00,PE,27.00,60.00,27.00,53.45,53.45,476,2473.69898,46800,-1300,06-JAN-2025
OPTSTK,JSWENERGY,30-Jan-2025,2025-01-30,610.00,PE,19.35,30.35,15.25,27.95,27.95,2294,10875.1023,351000,276000,06-JAN-2025
OPTIDX,MIDCPNIFTY,30-Jan-2025,2025-01-30,13775.00,CE,22.90,24.85,13.30,14.80,14.80,510,3516.82297,10900,-3150,06-JAN-2025
OPTIDX,MIDCPNIFTY,27-Feb-2025,2025-02-27,13775.00,PE,0.00,0.00,0.00,1160.85,1010.90,0,0.00,0,0,06-JAN-2025
OPTIDX,MIDCPNIFTY,30-Jan-2025,2025-01-30,11925.00,PE,0.00,0.00,0.00,20.00,17.55,0,0.00,100,0,06-JAN-2025
OPTIDX,MIDCPNIFTY,30-Jan-2025,2025-01-30,11875.00,CE,0.00,0.00,0.00,973.95,888.40,0,0.00,0,0,06-JAN-2025
OPTIDX,MIDCPNIFTY,27-Mar-2025,2025-03-27,12850.00,PE,0.00,0.00,0.00,372.50,404.05,0,0.00,0,0,06-JAN-2025
OPTIDX,MIDCPNIFTY,27-Feb-2025,2025-02-27,12850.00,CE,0.00,0.00,0.00,521.85,325.70,0,0.00,0,0,06-JAN-2025
OPTIDX,MIDCPNIFTY,27-Feb-2025,2025-02-27,13200.00,PE,0.00,0.00,0.00,764.00,566.15,0,0.00,0,0,06-JAN-2025
OPTIDX,MIDCPNIFTY,27-Mar-2025,2025-03-27,13200.00,PE,0.00,0.00,0.00,531.45,599.70,0,0.00,0,0,06-JAN-2025
OPTIDX,MIDCPNIFTY,27-Feb-2025,2025-02-27,13725.00,CE,0.00,0.00,0.00,222.30,71.30,0,0.00,0,0,06-JAN-2025
OPTIDX,MIDCPNIFTY,27-Feb-2025,2025-02-27,12000.00,PE,0.00,0.00,0.00,220.60,71.05,0,0.00,0,0,06-JAN-2025
OPTIDX,MIDCPNIFTY,27-Feb-2025,2025-02-27,12000.00,CE,0.00,0.00,0.00,1013.40,882.45,0,0.00,0,0,06-JAN-2025
OPTIDX,MIDCPNIFTY,30-Jan-2025,2025-01-30,12175.00,CE,0.00,0.00,0.00,781.70,621.25,0,0.00,0,0,06-JAN-2025
OPTIDX,MIDCPNIFTY,30-Jan-2025,2025-01-30,11550.00,PE,10.00,19.95,8.40,17.15,17.15,1769,10226.8178,8450,950,06-JAN-2025
OPTIDX,MIDCPNIFTY,30-Jan-2025,2025-01-30,11550.00,CE,0.00,0.00,0.00,1209.30,1200.70,0,0.00,0,0,06-JAN-2025
OPTIDX,MIDCPNIFTY,27-Mar-2025,2025-03-27,13575.00,CE,0.00,0.00,0.00,398.55,175.75,0,0.00,0,0,06-JAN-2025
OPTIDX,MIDCPNIFTY,27-Feb-2025,2025-02-27,13575.00,CE,0.00,0.00,0.00,260.00,96.10,0,0.00,0,0,06-JAN-2025
OPTIDX,MIDCPNIFTY,27-Feb-2025,2025-02-27,13575.00,PE,0.00,0.00,0.00,1013.75,844.60,0,0.00,0,0,06-JAN-2025
OPTIDX,MIDCPNIFTY,27-Feb-2025,2025-02-27,13825.00,PE,0.00,0.00,0.00,1198.80,1054.05,0,0.00,0,0,06-JAN-2025
OPTIDX,MIDCPNIFTY,27-Feb-2025,2025-02-27,13825.00,CE,0.00,0.00,0.00,199.55,57.95,0,0.00,0,0,06-JAN-2025
OPTIDX,MIDCPNIFTY,30-Jan-2025,2025-01-30,13825.00,CE,21.30,21.30,10.50,12.65,12.65,332,2297.22825,8550,-1050,06-JAN-2025
OPTIDX,MIDCPNIFTY,30-Jan-2025,2025-01-30,13575.00,CE,51.80,52.65,24.35,27.30,27.30,836,5689.7272,8500,-1500,06-JAN-2025
OPTIDX,MIDCPNIFTY,27-Mar-2025,2025-03-27,13825.00,PE,0.00,0.00,0.00,899.40,1047.15,0,0.00,0,0,06-JAN-2025
OPTIDX,MIDCPNIFTY,27-Mar-2025,2025-03-27,13575.00,PE,0.00,0.00,0.00,739.85,854.80,0,0.00,0,0,06-JAN-2025
OPTIDX,MIDCPNIFTY,27-Mar-2025,2025-03-27,13825.00,CE,0.00,0.00,0.00,312.65,121.80,0,0.00,0,0,06-JAN-2025
OPTIDX,MIDCPNIFTY,30-Jan-2025,2025-01-30,13575.00,PE,0.00,0.00,0.00,1144.70,841.80,0,0.00,0,0,06-JAN-2025
OPTIDX,MIDCPNIFTY,30-Jan-2025,2025-01-30,13825.00,PE,0.00,0.00,0.00,1337.85,1076.50,0,0.00,0,0,06-JAN-2025
OPTIDX,MIDCPNIFTY,30-Jan-2025,2025-01-30,11850.00,CE,0.00,0.00,0.00,991.10,911.80,0,0.00,0,0,06-JAN-2025
OPTIDX,MIDCPNIFTY,27-Mar-2025,2025-03-27,12050.00,CE,0.00,0.00,0.00,1291.00,945.50,0,0.00,0,0,06-JAN-2025
OPTIDX,MIDCPNIFTY,27-Mar-2025,2025-03-27,12600.00,PE,0.00,0.00,0.00,280.10,291.60,0,0.00,0,0,06-JAN-2025
OPTIDX,MIDCPNIFTY,30-Jan-2025,2025-01-30,12600.00,CE,420.00,420.00,320.00,344.65,344.65,559,3618.5411,19250,4400,06-JAN-2025
OPTIDX,MIDCPNIFTY,30-Jan-2025,2025-01-30,13275.00,CE,139.15,142.30,64.30,71.65,71.65,1304,8714.54492,16400,-2200,06-JAN-2025
OPTSTK,COLPAL,30-Jan-2025,2025-01-30,3240.00,PE,0.00,0.00,0.00,501.10,472.50,0,0.00,0,0,06-JAN-2025
OPTSTK,COLPAL,27-Feb-2025,2025-02-27,3240.00,CE,0.00,0.00,0.00,13.80,5.30,0,0.00,0,0,06-JAN-2025
OPTSTK,COLPAL,27-Feb-2025,2025-02-27,2520.00,CE,0.00,0.00,0.00,271.60,274.95,0,0.00,0,0,06-JAN-2025
OPTSTK,COLPAL,27-Mar-2025,2025-03-27,2520.00,CE,0.00,0.00,0.00,301.30,299.65,0,0.00,0,0,06-JAN-2025
OPTSTK,COLPAL,30-Jan-2025,2025-01-30,3020.00,CE,11.00,13.50,10.00,10.95,10.95,34,180.376087,22400,700,06-JAN-2025
OPTSTK,COLPAL,27-Feb-2025,2025-02-27,3020.00,CE,0.00,0.00,0.00,42.35,26.15,0,0.00,0,0,06-JAN-2025
OPTSTK,BHEL,30-Jan-2025,2025-01-30,205.00,CE,18.30,18.80,18.30,18.80,19.55,3,17.598,7875,7875,06-JAN-2025
OPTSTK,BHEL,30-Jan-2025,2025-01-30,205.00,PE,0.90,3.15,0.90,2.95,2.95,1000,5442.17231,653625,165375,06-JAN-2025
OPTSTK,MAXHEALTH,30-Jan-2025,2025-01-30,1160.00,PE,31.80,48.90,28.80,46.50,43.60,78,489.056662,20475,3150,06-JAN-2025
OPTSTK,NAVINFLUOR,27-Feb-2025,2025-02-27,2700.00,PE,0.00,0.00,0.00,19.30,3.35,0,0.00,0,0,06-JAN-2025
OPTSTK,MAXHEALTH,30-Jan-2025,2025-01-30,1340.00,CE,7.25,7.25,3.00,4.95,4.95,81,571.834462,20475,14175,06-JAN-2025
OPTSTK,MAXHEALTH,27-Mar-2025,2025-03-27,1240.00,CE,0.00,0.00,0.00,74.15,50.55,0,0.00,0,0,06-JAN-2025
OPTSTK,MAXHEALTH,30-Jan-2025,2025-01-30,1240.00,PE,74.60,74.60,74.60,74.60,96.25,6,41.4099,5775,3150,06-JAN-2025
OPTSTK,BHEL,27-Feb-2025,2025-02-27,255.00,PE,0.00,0.00,0.00,27.45,37.45,0,0.00,0,0,06-JAN-2025
OPTSTK,NAVINFLUOR,27-Feb-2025,2025-02-27,3550.00,PE,0.00,0.00,0.00,309.80,256.45,0,0.00,0,0,06-JAN-2025
OPTSTK,NAVINFLUOR,30-Jan-2025,2025-01-30,3550.00,PE,0.00,0.00,0.00,250.00,226.15,0,0.00,175,0,06-JAN-2025
OPTSTK,COLPAL,30-Jan-2025,2025-01-30,2650.00,PE,20.75,39.40,20.75,35.85,35.85,257,1206.2743,22575,-5950,06-JAN-2025
OPTSTK,NAVINFLUOR,27-Feb-2025,2025-02-27,3300.00,PE,0.00,0.00,0.00,158.00,115.95,0,0.00,175,0,06-JAN-2025
OPTSTK,COLPAL,30-Jan-2025,2025-01-30,2940.00,PE,0.00,0.00,0.00,165.50,188.75,0,0.00,350,0,06-JAN-2025
OPTSTK,MAXHEALTH,30-Jan-2025,2025-01-30,1000.00,PE,5.45,5.45,3.90,3.90,2.40,3,15.8277,6825,1050,06-JAN-2025
OPTSTK,MAXHEALTH,27-Feb-2025,2025-02-27,1000.00,PE,0.00,0.00,0.00,88.15,9.75,0,0.00,0,0,06-JAN-2025
OPTSTK,NAVINFLUOR,27-Feb-2025,2025-02-27,3900.00,CE,0.00,0.00,0.00,128.70,21.20,0,0.00,0,0,06-JAN-2025
OPTSTK,COLPAL,27-Feb-2025,2025-02-27,2440.00,PE,0.00,0.00,0.00,24.50,8.20,0,0.00,0,0,06-JAN-2025
OPTSTK,MAXHEALTH,30-Jan-2025,2025-01-30,960.00,CE,0.00,0.00,0.00,85.40,198.25,0,0.00,0,0,06-JAN-2025
OPTSTK,COLPAL,27-Mar-2025,2025-03-27,2440.00,PE,0.00,0.00,0.00,37.55,16.55,0,0.00,0,0,06-JAN-2025
OPTSTK,BHEL,30-Jan-2025,2025-01-30,290.00,CE,0.15,0.15,0.10,0.15,0.15,31,236.085937,1640625,2625,06-JAN-2025
OPTSTK,COLPAL,27-Feb-2025,2025-02-27,2240.00,PE,0.00,0.00,0.00,4.90,0.70,0,0.00,0,0,06-JAN-2025
OPTSTK,MAXHEALTH,30-Jan-2025,2025-01-30,1140.00,PE,24.20,40.30,24.20,36.50,36.50,22,134.949675,41475,1050,06-JAN-2025
OPTSTK,MAXHEALTH,27-Feb-2025,2025-02-27,1140.00,PE,0.00,0.00,0.00,67.65,50.90,0,0.00,0,0,06-JAN-2025
OPTSTK,COLPAL,30-Jan-2025,2025-01-30,2800.00,PE,71.75,109.90,67.85,100.35,100.35,686,3472.60025,70525,10500,06-JAN-2025
OPTSTK,COLPAL,27-Feb-2025,2025-02-27,2800.00,CE,0.00,0.00,0.00,319.30,91.30,0,0.00,0,0,06-JAN-2025
OPTSTK,COLPAL,30-Jan-2025,2025-01-30,2800.00,CE,93.70,97.95,49.50,60.30,60.30,1052,5271.51415,91525,9975,06-JAN-2025
OPTSTK,AXISBANK,30-Jan-2025,2025-01-30,1100.00,CE,21.60,22.30,13.50,14.15,14.15,4782,33386.9812,1970000,85625,06-JAN-2025
OPTSTK,AXISBANK,30-Jan-2025,2025-01-30,1050.00,PE,10.85,22.10,10.20,19.70,19.70,2257,15051.7081,707500,13125,06-JAN-2025
OPTSTK,AXISBANK,27-Feb-2025,2025-02-27,1130.00,PE,0.00,0.00,0.00,74.35,73.30,0,0.00,0,0,06-JAN-2025
OPTSTK,SRF,27-Feb-2025,2025-02-27,2560.00,PE,0.00,0.00,0.00,307.30,272.65,0,0.00,0,0,06-JAN-2025
OPTSTK,SRF,27-Mar-2025,2025-03-27,2560.00,PE,0.00,0.00,0.00,303.70,274.80,0,0.00,0,0,06-JAN-2025
OPTSTK,AXISBANK,27-Mar-2025,2025-03-27,1080.00,PE,0.00,0.00,0.00,53.70,47.85,0,0.00,0,0,06-JAN-2025
OPTSTK,SRF,30-Jan-2025,2025-01-30,2420.00,PE,145.20,149.70,145.20,149.65,147.70,4,38.51175,750,0,06-JAN-2025
OPTSTK,JSL,27-Mar-2025,2025-03-27,680.00,CE,0.00,0.00,0.00,102.90,45.65,0,0.00,0,0,06-JAN-2025
OPTSTK,JSL,27-Mar-2025,2025-03-27,680.00,PE,0.00,0.00,0.00,36.80,51.50,0,0.00,0,0,06-JAN-2025
OPTSTK,AXISBANK,30-Jan-2025,2025-01-30,1230.00,PE,0.00,0.00,0.00,140.00,161.40,0,0.00,625,0,06-JAN-2025
OPTSTK,AXISBANK,30-Jan-2025,2025-01-30,1230.00,CE,0.80,0.85,0.80,0.85,0.25,3,23.078125,65625,0,06-JAN-2025
OPTSTK,AXISBANK,30-Jan-2025,2025-01-30,1320.00,CE,0.00,0.00,0.00,0.45,0.05,0,0.00,6875,0,06-JAN-2025
OPTSTK,SRF,30-Jan-2025,2025-01-30,2380.00,CE,27.00,31.55,20.65,24.50,24.50,184,1660.28137,35250,7875,06-JAN-2025
OPTSTK,SRF,30-Jan-2025,2025-01-30,2020.00,CE,0.00,0.00,0.00,292.30,267.75,0,0.00,0,0,06-JAN-2025
OPTSTK,SRF,30-Jan-2025,2025-01-30,2020.00,PE,4.70,5.85,4.70,5.55,1.40,12,91.1514375,21000,-375,06-JAN-2025
OPTSTK,AXISBANK,27-Feb-2025,2025-02-27,1300.00,PE,0.00,0.00,0.00,201.00,224.80,0,0.00,625,0,06-JAN-2025
OPTSTK,SRF,27-Mar-2025,2025-03-27,2080.00,PE,0.00,0.00,0.00,48.70,25.50,0,0.00,0,0,06-JAN-2025
OPTSTK,SRF,27-Feb-2025,2025-02-27,2160.00,CE,0.00,0.00,0.00,218.90,169.90,0,0.00,0,0,06-JAN-2025
OPTSTK,AXISBANK,30-Jan-2025,2025-01-30,960.00,CE,0.00,0.00,0.00,222.70,108.65,0,0.00,0,0,06-JAN-2025
OPTSTK,AXISBANK,27-Feb-2025,2025-02-27,960.00,CE,0.00,0.00,0.00,197.45,117.25,0,0.00,0,0,06-JAN-2025
OPTSTK,JSL,30-Jan-2025,2025-01-30,560.00,PE,0.00,0.00,0.00,7.50,1.00,0,0.00,0,0,06-JAN-2025
OPTSTK,JSL,27-Feb-2025,2025-02-27,700.00,CE,0.00,0.00,0.00,70.05,26.90,0,0.00,0,0,06-JAN-2025
OPTSTK,ICICIBANK,30-Jan-2025,2025-01-30,1520.00,CE,0.80,1.45,0.35,0.55,0.55,47,500.27635,28000,3500,06-JAN-2025
OPTSTK,GRASIM,30-Jan-2025,2025-01-30,3000.00,CE,0.00,0.00,0.00,1.10,0.05,0,0.00,5000,0,06-JAN-2025
OPTSTK,GRASIM,27-Feb-2025,2025-02-27,2640.00,PE,0.00,0.00,0.00,153.65,184.75,0,0.00,0,0,06-JAN-2025
OPTSTK,GRASIM,30-Jan-2025,2025-01-30,2640.00,CE,13.45,17.50,6.60,7.20,7.20,818,5418.36637,66250,8500,06-JAN-2025
OPTSTK,JSWSTEEL,30-Jan-2025,2025-01-30,1010.00,PE,0.00,0.00,0.00,86.65,106.00,0,0.00,7425,0,06-JAN-2025
OPTSTK,ICICIBANK,27-Feb-2025,2025-02-27,1360.00,PE,0.00,0.00,0.00,92.10,93.95,0,0.00,0,0,06-JAN-2025
OPTSTK,JSWSTEEL,27-Feb-2025,2025-02-27,1000.00,PE,0.00,0.00,0.00,76.85,98.00,0,0.00,0,0,06-JAN-2025
OPTSTK,JSWSTEEL,30-Jan-2025,2025-01-30,960.00,CE,9.60,9.60,7.30,7.65,7.65,763,4986.83385,265950,675,06-JAN-2025
OPTSTK,GRASIM,27-Feb-2025,2025-02-27,2440.00,PE,0.00,0.00,0.00,38.60,63.20,0,0.00,750,0,06-JAN-2025
OPTSTK,JSWSTEEL,27-Feb-2025,2025-02-27,960.00,CE,0.00,0.00,0.00,66.60,16.90,0,0.00,0,0,06-JAN-2025
OPTSTK,GRASIM,30-Jan-2025,2025-01-30,2260.00,CE,0.00,0.00,0.00,353.40,214.25,0,0.00,0,0,06-JAN-2025
OPTSTK,ICICIBANK,27-Mar-2025,2025-03-27,1200.00,CE,0.00,0.00,0.00,137.10,97.80,0,0.00,0,0,06-JAN-2025
OPTSTK,ICICIBANK,27-Feb-2025,2025-02-27,1170.00,PE,0.00,0.00,0.00,7.60,5.70,0,0.00,0,0,06-JAN-2025
OPTSTK,ICICIBANK,27-Feb-2025,2025-02-27,1170.00,CE,0.00,0.00,0.00,149.65,111.00,0,0.00,0,0,06-JAN-2025
OPTSTK,ICICIBANK,30-Jan-2025,2025-01-30,1170.00,PE,3.35,5.50,2.60,4.70,4.70,470,3862.68295,245700,21700,06-JAN-2025
OPTSTK,ICICIBANK,30-Jan-2025,2025-01-30,1170.00,CE,0.00,0.00,0.00,107.00,100.75,0,0.00,700,0,06-JAN-2025
OPTSTK,GRASIM,27-Feb-2025,2025-02-27,2400.00,PE,51.70,55.00,51.70,55.00,47.50,10,61.36675,2750,250,06-JAN-2025
OPTSTK,GRASIM,27-Mar-2025,2025-03-27,2400.00,PE,0.00,0.00,0.00,80.20,61.40,0,0.00,0,0,06-JAN-2025
OPTSTK,GRASIM,30-Jan-2025,2025-01-30,2960.00,CE,0.00,0.00,0.00,0.95,0.05,0,0.00,3500,0,06-JAN-2025
OPTSTK,ICICIBANK,30-Jan-2025,2025-01-30,1150.00,PE,2.05,3.60,1.65,3.10,3.10,801,6463.41605,193900,193900,06-JAN-2025
OPTSTK,ICICIBANK,27-Feb-2025,2025-02-27,1430.00,CE,0.00,0.00,0.00,5.75,2.95,0,0.00,2800,0,06-JAN-2025
OPTSTK,ICICIBANK,30-Jan-2025,2025-01-30,1430.00,CE,0.80,1.00,0.70,0.90,0.90,137,1372.16555,247100,-1400,06-JAN-2025
OPTSTK,GRASIM,27-Feb-2025,2025-02-27,2500.00,CE,0.00,0.00,0.00,120.65,76.80,0,0.00,0,0,06-JAN-2025
OPTSTK,GRASIM,30-Jan-2025,2025-01-30,2560.00,CE,35.00,43.40,18.00,19.90,19.90,1063,6875.064,200500,-24250,06-JAN-2025
OPTSTK,GRASIM,27-Mar-2025,2025-03-27,2560.00,PE,0.00,0.00,0.00,154.45,139.40,0,0.00,0,0,06-JAN-2025
OPTSTK,GRASIM,27-Mar-2025,2025-03-27,2560.00,CE,0.00,0.00,0.00,122.75,77.55,0,0.00,0,0,06-JAN-2025
OPTSTK,JSWSTEEL,27-Feb-2025,2025-02-27,920.00,CE,0.00,0.00,0.00,88.25,30.90,0,0.00,0,0,06-JAN-2025
OPTSTK,GRASIM,30-Jan-2025,2025-01-30,2800.00,CE,3.05,3.05,1.35,1.50,1.50,186,1302.73662,72750,-10250,06-JAN-2025
OPTSTK,JSWSTEEL,30-Jan-2025,2025-01-30,900.00,PE,16.90,24.55,15.90,23.60,23.60,2147,13344.048,684450,49950,06-JAN-2025
OPTSTK,JSWSTEEL,27-Feb-2025,2025-02-27,840.00,CE,0.00,0.00,0.00,143.45,79.20,0,0.00,0,0,06-JAN-2025
OPTSTK,ICICIBANK,27-Feb-2025,2025-02-27,1460.00,PE,0.00,0.00,0.00,164.90,183.50,0,0.00,0,0,06-JAN-2025
OPTSTK,ICICIBANK,30-Jan-2025,2025-01-30,1500.00,PE,0.00,0.00,0.00,196.00,229.25,0,0.00,37100,0,06-JAN-2025
OPTSTK,INDUSINDBK,27-Feb-2025,2025-02-27,840.00,CE,0.00,0.00,0.00,186.95,144.05,0,0.00,0,0,06-JAN-2025
OPTSTK,INDUSINDBK,30-Jan-2025,2025-01-30,910.00,CE,83.25,83.90,75.00,75.00,73.55,10,49.51275,24500,1000,06-JAN-2025
OPTSTK,HDFCAMC,27-Feb-2025,2025-02-27,4300.00,PE,0.00,0.00,0.00,324.40,281.15,0,0.00,0,0,06-JAN-2025
OPTSTK,INDUSINDBK,27-Feb-2025,2025-02-27,1000.00,PE,42.20,59.90,40.50,56.30,56.30,215,1124.63125,178500,64500,06-JAN-2025
OPTSTK,INDUSINDBK,27-Mar-2025,2025-03-27,860.00,CE,0.00,0.00,0.00,122.55,137.50,0,0.00,0,0,06-JAN-2025
OPTSTK,HDFCAMC,30-Jan-2025,2025-01-30,4050.00,PE,59.70,140.00,57.55,110.25,110.25,508,3165.47415,17700,8400,06-JAN-2025
OPTSTK,HDFCAMC,30-Jan-2025,2025-01-30,4050.00,CE,200.55,213.40,143.40,170.20,170.20,170,1074.77205,6300,5550,06-JAN-2025
OPTSTK,INDUSINDBK,30-Jan-2025,2025-01-30,820.00,PE,1.65,3.15,1.05,2.50,2.50,364,1496.87225,133000,40000,06-JAN-2025
OPTSTK,INDUSINDBK,30-Jan-2025,2025-01-30,760.00,PE,0.50,0.90,0.50,0.85,0.85,10,38.0405,211000,-500,06-JAN-2025
OPTSTK,HDFCAMC,30-Jan-2025,2025-01-30,4100.00,PE,76.35,169.35,72.80,132.45,132.45,1544,9788.11875,36900,5400,06-JAN-2025
OPTSTK,HDFCAMC,30-Jan-2025,2025-01-30,4400.00,CE,64.05,64.10,33.10,42.45,42.45,1615,10760.727,78300,1350,06-JAN-2025
OPTSTK,HDFCAMC,27-Mar-2025,2025-03-27,4400.00,PE,0.00,0.00,0.00,342.75,375.85,0,0.00,0,0,06-JAN-2025
OPTSTK,INDUSINDBK,30-Jan-2025,2025-01-30,940.00,CE,73.10,73.50,50.45,55.05,55.05,234,1167.582,321500,-31000,06-JAN-2025
OPTSTK,INDUSINDBK,30-Jan-2025,2025-01-30,940.00,PE,12.25,24.15,11.55,21.05,21.05,1989,9533.9615,833500,15000,06-JAN-2025
OPTSTK,GODREJCP,27-Feb-2025,2025-02-27,940.00,PE,0.00,0.00,0.00,9.55,0.80,0,0.00,0,0,06-JAN-2025
OPTSTK,GODREJCP,30-Jan-2025,2025-01-30,940.00,CE,0.00,0.00,0.00,323.45,206.05,0,0.00,0,0,06-JAN-2025
OPTSTK,INDUSINDBK,27-Feb-2025,2025-02-27,930.00,CE,0.00,0.00,0.00,70.00,75.60,0,0.00,500,0,06-JAN-2025
OPTSTK,INDUSINDBK,30-Jan-2025,2025-01-30,930.00,PE,10.00,20.80,10.00,18.15,18.15,650,3071.8755,203000,12500,06-JAN-2025
OPTSTK,HDFCAMC,30-Jan-2025,2025-01-30,3950.00,CE,222.00,239.65,202.30,233.35,233.35,28,175.3971,1650,1650,06-JAN-2025
OPTSTK,GODREJCP,30-Jan-2025,2025-01-30,1320.00,PE,0.00,0.00,0.00,222.00,172.90,0,0.00,6000,0,06-JAN-2025
OPTSTK,GODREJCP,30-Jan-2025,2025-01-30,1000.00,PE,2.05,2.95,1.90,2.30,2.30,477,2390.35175,150000,1500,06-JAN-2025
OPTSTK,GODREJCP,27-Feb-2025,2025-02-27,1000.00,PE,0.00,0.00,0.00,10.00,3.80,0,0.00,500,0,06-JAN-2025
OPTSTK,GODREJCP,30-Jan-2025,2025-01-30,1000.00,CE,0.00,0.00,0.00,81.90,146.90,0,0.00,1500,0,06-JAN-2025
OPTSTK,HDFCAMC,27-Feb-2025,2025-02-27,3900.00,CE,0.00,0.00,0.00,530.20,331.15,0,0.00,0,0,06-JAN-2025
OPTSTK,HDFCAMC,27-Feb-2025,2025-02-27,4100.00,CE,0.00,0.00,0.00,411.00,212.95,0,0.00,0,0,06-JAN-2025
OPTSTK,HDFCAMC,27-Feb-2025,2025-02-27,4400.00,CE,0.00,0.00,0.00,269.30,95.75,0,0.00,0,0,06-JAN-2025
OPTSTK,GODREJCP,27-Feb-2025,2025-02-27,940.00,CE,0.00,0.00,0.00,152.50,211.65,0,0.00,0,0,06-JAN-2025
OPTSTK,GODREJCP,30-Jan-2025,2025-01-30,940.00,PE,0.95,1.00,0.60,0.70,0.05,59,277.525,26000,5000,06-JAN-2025
OPTSTK,INDUSINDBK,27-Mar-2025,2025-03-27,940.00,PE,0.00,0.00,0.00,69.10,39.25,0,0.00,0,0,06-JAN-2025
OPTSTK,INDUSINDBK,30-Jan-2025,2025-01-30,1080.00,CE,9.90,10.65,5.50,5.75,5.75,1747,9494.8745,486000,-4000,06-JAN-2025
OPTSTK,GODREJCP,27-Feb-2025,2025-02-27,1120.00,PE,0.00,0.00,0.00,19.85,30.75,0,0.00,0,0,06-JAN-2025
OPTIDX,NIFTYNXT50,30-Jan-2025,2025-01-30,66200.00,CE,0.00,0.00,0.00,6099.20,1908.80,0,0.00,0,0,06-JAN-2025
OPTIDX,NIFTYNXT50,27-Mar-2025,2025-03-27,66600.00,PE,0.00,0.00,0.00,1660.70,1728.20,0,0.00,0,0,06-JAN-2025
OPTIDX,NIFTYNXT50,30-Jan-2025,2025-01-30,66200.00,PE,0.00,0.00,0.00,1327.20,818.85,0,0.00,0,0,06-JAN-2025
OPTIDX,NIFTYNXT50,27-Mar-2025,2025-03-27,66200.00,CE,0.00,0.00,0.00,5052.50,3334.80,0,0.00,0,0,06-JAN-2025
OPTIDX,NIFTYNXT50,30-Jan-2025,2025-01-30,67000.00,CE,0.00,0.00,0.00,5558.50,1451.10,0,0.00,0,0,06-JAN-2025
OPTIDX,NIFTYNXT50,27-Feb-2025,2025-02-27,64400.00,PE,0.00,0.00,0.00,653.20,686.20,0,0.00,0,0,06-JAN-2025
OPTIDX,NIFTYNXT50,27-Feb-2025,2025-02-27,77000.00,CE,0.00,0.00,0.00,1413.95,71.95,0,0.00,0,0,06-JAN-2025
OPTIDX,NIFTYNXT50,27-Mar-2025,2025-03-27,76500.00,CE,0.00,0.00,0.00,917.20,272.60,0,0.00,0,0,06-JAN-2025
OPTIDX,NIFTYNXT50,30-Jan-2025,2025-01-30,80500.00,CE,0.00,0.00,0.00,648.45,0.10,0,0.00,0,0,06-JAN-2025
OPTIDX,NIFTYNXT50,27-Mar-2025,2025-03-27,59000.00,PE,0.00,0.00,0.00,200.85,130.30,0,0.00,0,0,06-JAN-2025
OPTIDX,NIFTYNXT50,30-Jan-2025,2025-01-30,81000.00,CE,25.20,25.20,20.00,21.60,21.60,107,866.939675,920,710,06-JAN-2025
OPTIDX,NIFTYNXT50,30-Jan-2025,2025-01-30,81000.00,PE,0.00,0.00,0.00,10333.85,13644.55,0,0.00,0,0,06-JAN-2025
OPTIDX,NIFTYNXT50,27-Feb-2025,2025-02-27,71300.00,PE,0.00,0.00,0.00,2852.10,4285.55,0,0.00,0,0,06-JAN-2025
OPTIDX,NIFTYNXT50,30-Jan-2025,2025-01-30,71300.00,CE,0.00,0.00,0.00,3159.75,193.60,0,0.00,0,0,06-JAN-2025
OPTIDX,NIFTYNXT50,27-Feb-2025,2025-02-27,67300.00,PE,0.00,0.00,0.00,1317.70,1745.65,0,0.00,0,0,06-JAN-2025
OPTIDX,NIFTYNXT50,30-Jan-2025,2025-01-30,67300.00,CE,0.00,0.00,0.00,5363.15,1299.40,0,0.00,0,0,06-JAN-2025
OPTIDX,NIFTYNXT50,27-Mar-2025,2025-03-27,67300.00,CE,0.00,0.00,0.00,4366.35,2722.60,0,0.00,0,0,06-JAN-2025
OPTIDX,NIFTYNXT50,30-Jan-2025,2025-01-30,65300.00,CE,0.00,0.00,0.00,6744.60,2512.75,0,0.00,0,0,06-JAN-2025
OPTIDX,NIFTYNXT50,27-Feb-2025,2025-02-27,65300.00,CE,0.00,0.00,0.00,7401.70,3267.00,0,0.00,0,0,06-JAN-2025
OPTIDX,NIFTYNXT50,27-Feb-2025,2025-02-27,65300.00,PE,0.00,0.00,0.00,824.35,945.25,0,0.00,0,0,06-JAN-2025
OPTIDX,NIFTYNXT50,30-Jan-2025,2025-01-30,65300.00,PE,0.00,0.00,0.00,1089.65,526.75,0,0.00,0,0,06-JAN-2025
OPTIDX,NIFTYNXT50,27-Mar-2025,2025-03-27,65300.00,CE,0.00,0.00,0.00,5657.85,3893.80,0,0.00,0,0,06-JAN-2025
OPTIDX,NIFTYNXT50,27-Feb-2025,2025-02-27,67800.00,CE,0.00,0.00,0.00,5589.70,1842.20,0,0.00,0,0,06-JAN-2025
OPTIDX,NIFTYNXT50,30-Jan-2025,2025-01-30,72400.00,CE,0.00,0.00,0.00,323.55,98.95,0,0.00,20,0,06-JAN-2025
OPTIDX,NIFTYNXT50,27-Mar-2025,2025-03-27,59000.00,CE,0.00,0.00,0.00,10801.75,8993.55,0,0.00,0,0,06-JAN-2025
OPTIDX,NIFTYNXT50,27-Feb-2025,2025-02-27,59000.00,PE,0.00,0.00,0.00,116.20,48.70,0,0.00,0,0,06-JAN-2025
OPTIDX,NIFTYNXT50,30-Jan-2025,2025-01-30,59000.00,CE,0.00,0.00,0.00,12017.15,8261.30,0,0.00,0,0,06-JAN-2025
OPTIDX,NIFTYNXT50,30-Jan-2025,2025-01-30,70400.00,PE,0.00,0.00,0.00,2938.20,3410.95,0,0.00,0,0,06-JAN-2025
OPTIDX,NIFTYNXT50,27-Mar-2025,2025-03-27,70400.00,CE,0.00,0.00,0.00,2762.25,1415.95,0,0.00,0,0,06-JAN-2025
OPTIDX,NIFTYNXT50,27-Feb-2025,2025-02-27,79000.00,CE,0.00,0.00,0.00,977.15,28.05,0,0.00,0,0,06-JAN-2025
OPTIDX,NIFTYNXT50,30-Jan-2025,2025-01-30,79000.00,PE,0.00,0.00,0.00,8653.85,11653.80,0,0.00,0,0,06-JAN-2025
OPTIDX,NIFTYNXT50,27-Mar-2025,2025-03-27,79000.00,CE,0.00,0.00,0.00,541.10,121.25,0,0.00,0,0,06-JAN-2025
OPTIDX,BANKNIFTY,27-Mar-2025,2025-03-27,49800.00,CE,0.00,0.00,0.00,3399.05,2026.90,0,0.00,0,0,06-JAN-2025
OPTSTK,JSWENERGY,27-Feb-2025,2025-02-27,610.00,PE,0.00,0.00,0.00,38.00,40.60,0,0.00,0,0,06-JAN-2025
OPTIDX,BANKNIFTY,27-Feb-2025,2025-02-27,49800.00,CE,1865.00,1865.00,1654.80,1720.75,1720.75,139,2150.50719,2850,2640,06-JAN-2025
OPTSTK,PRESTIGE,27-Mar-2025,2025-03-27,1900.00,PE,0.00,0.00,0.00,255.30,323.20,0,0.00,0,0,06-JAN-2025
OPTIDX,BANKNIFTY,30-Jan-2025,2025-01-30,47300.00,PE,56.90,194.35,54.65,166.95,166.95,34441,244983.195,35400,4845,06-JAN-2025
OPTIDX,BANKNIFTY,30-Jan-2025,2025-01-30,48400.00,CE,1974.35,2100.95,1974.35,2049.90,2049.90,3,22.7024475,165,45,06-JAN-2025
OPTIDX,BANKNIFTY,27-Feb-2025,2025-02-27,48400.00,PE,0.00,0.00,0.00,492.60,496.90,0,0.00,0,0,06-JAN-2025
OPTSTK,CUMMINSIND,27-Mar-2025,2025-03-27,3100.00,PE,0.00,0.00,0.00,125.80,138.35,0,0.00,0,0,06-JAN-2025
OPTSTK,CUMMINSIND,30-Jan-2025,2025-01-30,3100.00,PE,45.45,74.50,39.00,65.25,65.25,1009,4782.9423,92250,13350,06-JAN-2025
OPTSTK,CUMMINSIND,30-Jan-2025,2025-01-30,3300.00,CE,74.00,76.50,48.70,53.20,53.20,1199,6041.51962,198450,-12150,06-JAN-2025
OPTIDX,BANKNIFTY,30-Jan-2025,2025-01-30,55600.00,CE,26.15,28.20,21.10,24.50,24.50,22387,186787.134,68250,-3465,06-JAN-2025
OPTSTK,JSWENERGY,27-Feb-2025,2025-02-27,530.00,CE,0.00,0.00,0.00,125.55,87.10,0,0.00,0,0,06-JAN-2025
OPTIDX,BANKNIFTY,27-Mar-2025,2025-03-27,61500.00,CE,35.00,40.00,34.20,38.70,38.70,35,646.129335,5655,510,06-JAN-2025
OPTIDX,BANKNIFTY,30-Jan-2025,2025-01-30,49000.00,CE,2385.05,2411.00,1540.00,1648.85,1648.85,17638,134220.533,105795,45375,06-JAN-2025
OPTIDX,BANKNIFTY,27-Mar-2025,2025-03-27,49000.00,PE,502.95,851.00,502.95,797.20,797.20,965,14400.6035,37410,-2040,06-JAN-2025
OPTIDX,BANKNIFTY,30-Jan-2025,2025-01-30,54200.00,CE,95.00,95.05,49.05,51.75,51.75,92345,751581.431,285660,137055,06-JAN-2025
OPTIDX,BANKNIFTY,27-Mar-2025,2025-03-27,53100.00,CE,0.00,0.00,0.00,1665.45,690.80,0,0.00,0,0,06-JAN-2025
OPTSTK,JSWENERGY,27-Feb-2025,2025-02-27,620.00,CE,0.00,0.00,0.00,98.40,33.70,0,0.00,0,0,06-JAN-2025
OPTSTK,JSWENERGY,30-Jan-2025,2025-01-30,620.00,PE,25.55,35.85,19.35,33.40,33.40,1511,7311.84375,222750,117000,06-JAN-2025
OPTIDX,BANKNIFTY,27-Mar-2025,2025-03-27,52400.00,PE,0.00,0.00,0.00,2186.45,2600.60,0,0.00,0,0,06-JAN-2025
OPTIDX,BANKNIFTY,27-Mar-2025,2025-03-27,52400.00,CE,0.00,0.00,0.00,1965.80,892.15,0,0.00,0,0,06-JAN-2025
OPTIDX,BANKNIFTY,27-Feb-2025,2025-02-27,52400.00,PE,1860.15,2280.00,1860.15,2280.00,2517.35,4,65.36436,6840,-120,06-JAN-2025
OPTIDX,BANKNIFTY,27-Feb-2025,2025-02-27,52400.00,CE,823.55,823.55,522.60,543.80,543.80,290,4617.27784,5940,2490,06-JAN-2025
OPTIDX,BANKNIFTY,30-Jan-2025,2025-01-30,52400.00,CE,401.70,413.30,198.80,210.30,210.30,42958,339397.825,193860,13110,06-JAN-2025
OPTIDX,BANKNIFTY,30-Jan-2025,2025-01-30,52400.00,PE,1588.75,2589.15,1588.75,2426.45,2426.45,478,3902.30247,64170,-420,06-JAN-2025
OPTSTK,JSWENERGY,30-Jan-2025,2025-01-30,560.00,PE,5.10,10.30,3.85,9.15,9.15,1079,4594.5585,183000,106500,06-JAN-2025
OPTIDX,BANKNIFTY,30-Jan-2025,2025-01-30,54400.00,CE,73.55,78.90,43.10,45.50,45.50,44004,359421.156,157185,26400,06-JAN-2025
OPTIDX,BANKNIFTY,27-Feb-2025,2025-02-27,54400.00,PE,0.00,0.00,0.00,2990.00,4145.10,0,0.00,30,0,06-JAN-2025
OPTIDX,BANKNIFTY,27-Mar-2025,2025-03-27,54400.00,PE,0.00,0.00,0.00,3383.05,4091.95,0,0.00,0,0,06-JAN-2025
OPTSTK,JSWENERGY,27-Feb-2025,2025-02-27,520.00,CE,0.00,0.00,0.00,165.95,94.90,0,0.00,0,0,06-JAN-2025
OPTIDX,MIDCPNIFTY,27-Feb-2025,2025-02-27,13375.00,PE,0.00,0.00,0.00,876.30,689.95,0,0.00,0,0,06-JAN-2025
OPTIDX,MIDCPNIFTY,27-Mar-2025,2025-03-27,13275.00,CE,0.00,0.00,0.00,523.30,263.70,0,0.00,0,0,06-JAN-2025
OPTIDX,MIDCPNIFTY,27-Mar-2025,2025-03-27,13475.00,PE,0.00,0.00,0.00,680.50,782.55,0,0.00,0,0,06-JAN-2025
OPTIDX,MIDCPNIFTY,27-Mar-2025,2025-03-27,13475.00,CE,0.00,0.00,0.00,437.45,202.05,0,0.00,0,0,06-JAN-2025
OPTIDX,MIDCPNIFTY,27-Mar-2025,2025-03-27,13900.00,CE,0.00,0.00,0.00,289.90,108.55,0,0.00,0,0,06-JAN-2025
OPTIDX,MIDCPNIFTY,27-Mar-2025,2025-03-27,13900.00,PE,0.00,0.00,0.00,950.25,1107.80,0,0.00,0,0,06-JAN-2025
OPTIDX,MIDCPNIFTY,30-Jan-2025,2025-01-30,13900.00,PE,0.00,0.00,0.00,1398.15,1148.75,0,0.00,0,0,06-JAN-2025
OPTIDX,MIDCPNIFTY,27-Feb-2025,2025-02-27,13900.00,CE,0.00,0.00,0.00,183.20,49.35,0,0.00,0,0,06-JAN-2025
OPTIDX,MIDCPNIFTY,27-Mar-2025,2025-03-27,12050.00,PE,0.00,0.00,0.00,134.85,121.95,0,0.00,0,0,06-JAN-2025
OPTIDX,MIDCPNIFTY,30-Jan-2025,2025-01-30,11575.00,PE,9.80,21.05,8.65,18.55,18.55,195,1130.27515,5100,3750,06-JAN-2025
OPTIDX,MIDCPNIFTY,30-Jan-2025,2025-01-30,11575.00,CE,0.00,0.00,0.00,1190.30,1176.20,0,0.00,0,0,06-JAN-2025
FUTIDX,MIDCPNIFTY,30-Jan-2025,2025-01-30,,,13079.85,13083.80,12692.75,12731.90,12731.90,15647,100433.750,1917600,-21800,06-JAN-2025
OPTIDX,MIDCPNIFTY,27-Feb-2025,2025-02-27,12950.00,CE,0.00,0.00,0.00,477.45,281.20,0,0.00,0,0,06-JAN-2025
OPTIDX,MIDCPNIFTY,27-Feb-2025,2025-02-27,13375.00,CE,0.00,0.00,0.00,318.90,139.55,0,0.00,0,0,06-JAN-2025
OPTIDX,MIDCPNIFTY,30-Jan-2025,2025-01-30,13375.00,PE,0.00,0.00,0.00,998.35,664.70,0,0.00,0,0,06-JAN-2025
OPTIDX,MIDCPNIFTY,27-Mar-2025,2025-03-27,13775.00,CE,0.00,0.00,0.00,328.60,131.35,0,0.00,0,0,06-JAN-2025
OPTIDX,MIDCPNIFTY,27-Mar-2025,2025-03-27,12975.00,CE,0.00,0.00,0.00,673.15,381.05,0,0.00,0,0,06-JAN-2025
OPTIDX,MIDCPNIFTY,30-Jan-2025,2025-01-30,13300.00,PE,351.05,654.00,351.00,632.60,632.60,105,724.112725,6200,-1550,06-JAN-2025
OPTIDX,MIDCPNIFTY,30-Jan-2025,2025-01-30,13150.00,PE,283.60,529.05,268.60,506.45,506.45,334,2254.97205,16850,-2000,06-JAN-2025
OPTIDX,MIDCPNIFTY,27-Feb-2025,2025-02-27,13150.00,CE,0.00,0.00,0.00,396.95,205.40,0,0.00,0,0,06-JAN-2025
OPTIDX,MIDCPNIFTY,30-Jan-2025,2025-01-30,13150.00,CE,191.80,202.65,92.00,101.35,101.35,5914,39253.5497,58850,10300,06-JAN-2025
OPTIDX,MIDCPNIFTY,27-Mar-2025,2025-03-27,13850.00,PE,0.00,0.00,0.00,916.20,1067.25,0,0.00,0,0,06-JAN-2025
OPTIDX,MIDCPNIFTY,30-Jan-2025,2025-01-30,13850.00,PE,0.00,0.00,0.00,1357.85,1100.55,0,0.00,0,0,06-JAN-2025
FUTIDX,MIDCPNIFTY,27-Feb-2025,2025-02-27,,,13110.00,13110.00,12739.10,12775.35,12775.35,266,4111.78716,28920,-120,06-JAN-2025
OPTIDX,MIDCPNIFTY,30-Jan-2025,2025-01-30,12375.00,CE,0.00,0.00,0.00,667.60,463.75,0,0.00,0,0,06-JAN-2025
OPTIDX,MIDCPNIFTY,27-Feb-2025,2025-02-27,11100.00,CE,0.00,0.00,0.00,1731.40,1707.40,0,0.00,0,0,06-JAN-2025
OPTIDX,MIDCPNIFTY,30-Jan-2025,2025-01-30,11100.00,CE,0.00,0.00,0.00,1574.15,1645.95,0,0.00,0,0,06-JAN-2025
OPTIDX,MIDCPNIFTY,30-Jan-2025,2025-01-30,11100.00,PE,4.45,7.45,3.75,7.15,7.15,452,2509.8536,14000,-1150,06-JAN-2025
OPTIDX,MIDCPNIFTY,27-Feb-2025,2025-02-27,11100.00,PE,22.50,30.00,17.00,28.50,4.55,29,387.21648,1320,120,06-JAN-2025
OPTIDX,MIDCPNIFTY,27-Mar-2025,2025-03-27,12850.00,CE,0.00,0.00,0.00,743.10,439.35,0,0.00,0,0,06-JAN-2025
OPTIDX,MIDCPNIFTY,27-Feb-2025,2025-02-27,12850.00,PE,0.00,0.00,0.00,563.70,356.15,0,0.00,0,0,06-JAN-2025
OPTSTK,COLPAL,27-Mar-2025,2025-03-27,2800.00,PE,0.00,0.00,0.00,171.20,127.50,0,0.00,0,0,06-JAN-2025
OPTSTK,MAXHEALTH,30-Jan-2025,2025-01-30,900.00,PE,0.00,0.00,0.00,4.45,0.10,0,0.00,1050,0,06-JAN-2025
OPTSTK,NAVINFLUOR,27-Feb-2025,2025-02-27,3600.00,PE,0.00,0.00,0.00,295.80,291.50,0,0.00,0,0,06-JAN-2025
OPTSTK,COLPAL,27-Feb-2025,2025-02-27,2780.00,PE,0.00,0.00,0.00,142.80,100.50,0,0.00,0,0,06-JAN-2025
OPTSTK,NAVINFLUOR,27-Feb-2025,2025-02-27,3400.00,CE,0.00,0.00,0.00,324.10,144.15,0,0.00,0,0,06-JAN-2025
OPTSTK,BHEL,27-Feb-2025,2025-02-27,225.00,CE,14.25,14.25,13.00,13.00,13.55,3,18.776625,7875,7875,06-JAN-2025
OPTSTK,BHEL,27-Feb-2025,2025-02-27,225.00,PE,11.20,12.65,11.20,11.85,16.60,7,43.5238125,47250,13125,06-JAN-2025
OPTSTK,MAXHEALTH,27-Feb-2025,2025-02-27,1240.00,CE,0.00,0.00,0.00,19.75,34.20,0,0.00,0,0,06-JAN-2025
OPTSTK,BHEL,27-Mar-2025,2025-03-27,200.00,PE,0.00,0.00,0.00,7.45,8.45,0,0.00,0,0,06-JAN-2025
FUTSTK,COLPAL,30-Jan-2025,2025-01-30,,,2810.50,2826.60,2736.75,2760.35,2760.35,4953,23970.8795,4940600,-19075,06-JAN-2025
OPTSTK,MAXHEALTH,27-Mar-2025,2025-03-27,1080.00,PE,0.00,0.00,0.00,55.20,38.65,0,0.00,0,0,06-JAN-2025
OPTSTK,COLPAL,27-Feb-2025,2025-02-27,2360.00,PE,0.00,0.00,0.00,13.70,3.40,0,0.00,0,0,06-JAN-2025
OPTSTK,BHEL,27-Feb-2025,2025-02-27,250.00,PE,0.00,0.00,0.00,24.20,33.50,0,0.00,0,0,06-JAN-2025
OPTSTK,COLPAL,27-Mar-2025,2025-03-27,2600.00,PE,0.00,0.00,0.00,81.30,47.95,0,0.00,0,0,06-JAN-2025
OPTSTK,COLPAL,27-Feb-2025,2025-02-27,3280.00,PE,0.00,0.00,0.00,530.70,499.00,0,0.00,0,0,06-JAN-2025
OPTSTK,NAVINFLUOR,27-Feb-2025,2025-02-27,2700.00,CE,0.00,0.00,0.00,836.55,676.05,0,0.00,0,0,06-JAN-2025
OPTSTK,COLPAL,27-Feb-2025,2025-02-27,2700.00,CE,0.00,0.00,0.00,392.65,143.70,0,0.00,0,0,06-JAN-2025
OPTSTK,COLPAL,30-Jan-2025,2025-01-30,2480.00,CE,0.00,0.00,0.00,271.70,287.05,0,0.00,0,0,06-JAN-2025
OPTSTK,COLPAL,27-Feb-2025,2025-02-27,2480.00,CE,0.00,0.00,0.00,302.20,309.30,0,0.00,0,0,06-JAN-2025
OPTSTK,MAXHEALTH,27-Feb-2025,2025-02-27,1320.00,PE,0.00,0.00,0.00,330.85,170.50,0,0.00,0,0,06-JAN-2025
OPTSTK,MAXHEALTH,30-Jan-2025,2025-01-30,1320.00,CE,4.75,6.45,4.30,4.95,4.15,14,97.4313375,21000,1050,06-JAN-2025
OPTSTK,COLPAL,27-Feb-2025,2025-02-27,3160.00,PE,0.00,0.00,0.00,422.35,386.15,0,0.00,0,0,06-JAN-2025
OPTSTK,COLPAL,30-Jan-2025,2025-01-30,3160.00,CE,0.00,0.00,0.00,5.80,1.05,0,0.00,0,0,06-JAN-2025
OPTSTK,BHEL,27-Feb-2025,2025-02-27,200.00,PE,2.80,4.55,2.80,4.50,4.50,35,186.995812,107625,18375,06-JAN-2025
OPTSTK,BHEL,27-Mar-2025,2025-03-27,200.00,CE,0.00,0.00,0.00,52.80,31.20,0,0.00,0,0,06-JAN-2025
OPTSTK,COLPAL,30-Jan-2025,2025-01-30,3100.00,CE,5.90,7.60,4.80,5.60,5.60,112,608.747912,58625,1400,06-JAN-2025
OPTSTK,NAVINFLUOR,30-Jan-2025,2025-01-30,3250.00,CE,169.65,169.65,146.75,146.75,167.80,7,41.82325,5425,-175,06-JAN-2025
OPTSTK,MAXHEALTH,30-Jan-2025,2025-01-30,940.00,PE,0.00,0.00,0.00,13.55,0.40,0,0.00,525,0,06-JAN-2025
OPTSTK,NAVINFLUOR,30-Jan-2025,2025-01-30,2800.00,PE,2.70,2.70,2.40,2.40,0.80,10,49.0459375,27125,0,06-JAN-2025
OPTSTK,COLPAL,27-Feb-2025,2025-02-27,2820.00,CE,0.00,0.00,0.00,100.20,82.70,0,0.00,0,0,06-JAN-2025
OPTSTK,MAXHEALTH,30-Jan-2025,2025-01-30,1000.00,CE,0.00,0.00,0.00,165.00,160.05,0,0.00,525,0,06-JAN-2025
OPTSTK,MAXHEALTH,27-Mar-2025,2025-03-27,960.00,PE,0.00,0.00,0.00,20.95,10.60,0,0.00,0,0,06-JAN-2025
OPTSTK,ICICIBANK,27-Feb-2025,2025-02-27,1500.00,CE,0.00,0.00,0.00,11.80,0.60,0,0.00,0,0,06-JAN-2025
OPTSTK,GRASIM,30-Jan-2025,2025-01-30,2620.00,PE,118.25,167.50,118.25,167.50,160.10,7,48.267625,4000,1250,06-JAN-2025
OPTSTK,ICICIBANK,27-Feb-2025,2025-02-27,1300.00,PE,47.35,47.35,46.65,46.65,51.40,2,18.858,144900,0,06-JAN-2025
OPTSTK,JSWSTEEL,27-Feb-2025,2025-02-27,890.00,CE,0.00,0.00,0.00,67.10,45.75,0,0.00,0,0,06-JAN-2025
FUTSTK,JSWSTEEL,30-Jan-2025,2025-01-30,,,919.20,919.35,902.25,904.55,904.55,5693,34952.8476,31037850,182925,06-JAN-2025
OPTSTK,GRASIM,30-Jan-2025,2025-01-30,2080.00,CE,0.00,0.00,0.00,655.85,389.80,0,0.00,0,0,06-JAN-2025
OPTSTK,GRASIM,27-Mar-2025,2025-03-27,2080.00,CE,0.00,0.00,0.00,450.95,415.25,0,0.00,0,0,06-JAN-2025
FUTSTK,JSWSTEEL,27-Feb-2025,2025-02-27,,,925.00,925.00,908.85,910.45,910.45,152,939.231787,166725,10800,06-JAN-2025
OPTSTK,ICICIBANK,30-Jan-2025,2025-01-30,1180.00,CE,90.00,90.00,90.00,90.00,91.50,1,8.89,2100,700,06-JAN-2025
OPTSTK,ICICIBANK,30-Jan-2025,2025-01-30,1180.00,PE,4.00,6.95,3.40,5.85,5.85,948,7864.8892,367500,26600,06-JAN-2025
OPTSTK,ICICIBANK,27-Feb-2025,2025-02-27,1180.00,CE,0.00,0.00,0.00,144.40,102.55,0,0.00,0,0,06-JAN-2025
OPTSTK,ICICIBANK,30-Jan-2025,2025-01-30,1350.00,CE,5.35,6.20,4.60,5.35,5.35,2595,24620.7615,2135000,158900,06-JAN-2025
OPTSTK,ICICIBANK,27-Feb-2025,2025-02-27,1350.00,PE,0.00,0.00,0.00,72.50,86.10,0,0.00,0,0,06-JAN-2025
OPTSTK,ICICIBANK,30-Jan-2025,2025-01-30,1220.00,PE,10.35,15.25,8.55,13.25,13.25,1955,16858.3992,698600,11200,06-JAN-2025
OPTSTK,GRASIM,30-Jan-2025,2025-01-30,2740.00,CE,4.05,5.35,2.20,2.35,2.35,267,1831.08925,43000,2000,06-JAN-2025
OPTSTK,GRASIM,27-Feb-2025,2025-02-27,2740.00,PE,0.00,0.00,0.00,263.00,267.15,0,0.00,0,0,06-JAN-2025
OPTSTK,JSWSTEEL,27-Feb-2025,2025-02-27,1040.00,PE,0.00,0.00,0.00,102.35,133.05,0,0.00,0,0,06-JAN-2025
OPTSTK,JSWSTEEL,27-Mar-2025,2025-03-27,1040.00,PE,0.00,0.00,0.00,128.80,132.80,0,0.00,0,0,06-JAN-2025
OPTSTK,JSWSTEEL,27-Mar-2025,2025-03-27,1040.00,CE,0.00,0.00,0.00,22.05,8.95,0,0.00,0,0,06-JAN-2025
OPTSTK,ICICIBANK,27-Feb-2025,2025-02-27,1400.00,PE,0.00,0.00,0.00,119.00,127.90,0,0.00,0,0,06-JAN-2025
OPTSTK,ICICIBANK,30-Jan-2025,2025-01-30,1400.00,CE,1.80,1.80,1.35,1.55,1.55,1615,15844.2767,1641500,43400,06-JAN-2025
OPTSTK,JSWSTEEL,27-Feb-2025,2025-02-27,930.00,CE,0.00,0.00,0.00,46.30,26.80,0,0.00,0,0,06-JAN-2025
OPTSTK,JSWSTEEL,30-Jan-2025,2025-01-30,840.00,PE,4.00,6.55,3.60,6.40,6.40,306,1745.60501,130275,2025,06-JAN-2025
OPTSTK,ICICIBANK,30-Jan-2025,2025-01-30,1480.00,PE,0.00,0.00,0.00,177.20,209.35,0,0.00,0,0,06-JAN-2025
OPTSTK,GRASIM,27-Mar-2025,2025-03-27,2800.00,CE,0.00,0.00,0.00,48.50,19.85,0,0.00,0,0,06-JAN-2025
OPTSTK,GRASIM,27-Mar-2025,2025-03-27,2800.00,PE,0.00,0.00,0.00,315.90,318.20,0,0.00,0,0,06-JAN-2025
OPTSTK,JSWSTEEL,27-Mar-2025,2025-03-27,840.00,CE,0.00,0.00,0.00,111.00,88.65,0,0.00,0,0,06-JAN-2025
OPTSTK,JSWSTEEL,27-Feb-2025,2025-02-27,840.00,PE,0.00,0.00,0.00,14.15,10.25,0,0.00,0,0,06-JAN-2025
OPTSTK,ICICIBANK,27-Feb-2025,2025-02-27,1100.00,CE,0.00,0.00,0.00,211.40,175.45,0,0.00,0,0,06-JAN-2025
OPTSTK,GRASIM,27-Feb-2025,2025-02-27,2720.00,CE,0.00,0.00,0.00,99.80,16.45,0,0.00,0,0,06-JAN-2025
OPTSTK,ICICIBANK,30-Jan-2025,2025-01-30,1230.00,PE,12.60,18.20,10.55,15.75,15.75,1692,14741.4666,513100,-20300,06-JAN-2025
OPTSTK,ICICIBANK,27-Feb-2025,2025-02-27,1230.00,PE,0.00,0.00,0.00,19.45,18.90,0,0.00,0,0,06-JAN-2025
OPTIDX,NIFTYNXT50,27-Mar-2025,2025-03-27,79000.00,PE,0.00,0.00,0.00,9586.45,10964.30,0,0.00,0,0,06-JAN-2025
OPTIDX,NIFTYNXT50,27-Feb-2025,2025-02-27,79000.00,PE,0.00,0.00,0.00,7858.45,11275.20,0,0.00,0,0,06-JAN-2025
OPTIDX,NIFTYNXT50,30-Jan-2025,2025-01-30,79000.00,CE,0.00,0.00,0.00,868.60,0.45,0,0.00,0,0,06-JAN-2025
OPTIDX,NIFTYNXT50,27-Mar-2025,2025-03-27,72800.00,PE,0.00,0.00,0.00,4802.20,5518.00,0,0.00,0,0,06-JAN-2025
OPTIDX,NIFTYNXT50,27-Mar-2025,2025-03-27,72800.00,CE,0.00,0.00,0.00,1847.20,783.90,0,0.00,0,0,06-JAN-2025
OPTIDX,NIFTYNXT50,27-Feb-2025,2025-02-27,76600.00,CE,0.00,0.00,0.00,1518.30,86.00,0,0.00,0,0,06-JAN-2025
OPTIDX,NIFTYNXT50,30-Jan-2025,2025-01-30,76600.00,CE,0.00,0.00,0.00,1351.35,4.20,0,0.00,0,0,06-JAN-2025
OPTIDX,NIFTYNXT50,27-Feb-2025,2025-02-27,74300.00,PE,0.00,0.00,0.00,4504.90,6817.00,0,0.00,0,0,06-JAN-2025
OPTIDX,NIFTYNXT50,27-Feb-2025,2025-02-27,72100.00,PE,0.00,0.00,0.00,3251.15,4920.65,0,0.00,0,0,06-JAN-2025
OPTIDX,NIFTYNXT50,27-Mar-2025,2025-03-27,72100.00,CE,0.00,0.00,0.00,2086.25,938.65,0,0.00,0,0,06-JAN-2025
OPTIDX,NIFTYNXT50,30-Jan-2025,2025-01-30,72100.00,PE,0.00,0.00,0.00,3825.40,4903.50,0,0.00,0,0,06-JAN-2025
OPTIDX,NIFTYNXT50,27-Mar-2025,2025-03-27,76000.00,CE,0.00,0.00,0.00,1014.00,317.60,0,0.00,0,0,06-JAN-2025
OPTIDX,NIFTYNXT50,27-Mar-2025,2025-03-27,76000.00,PE,0.00,0.00,0.00,7112.35,8204.70,0,0.00,0,0,06-JAN-2025
OPTIDX,NIFTYNXT50,27-Feb-2025,2025-02-27,76000.00,PE,0.00,0.00,0.00,5620.25,8387.55,0,0.00,0,0,06-JAN-2025
OPTIDX,NIFTYNXT50,30-Jan-2025,2025-01-30,76000.00,CE,0.00,0.00,0.00,1497.15,7.00,0,0.00,0,0,06-JAN-2025
OPTIDX,NIFTYNXT50,30-Jan-2025,2025-01-30,65600.00,CE,0.00,0.00,0.00,6526.60,2301.45,0,0.00,0,0,06-JAN-2025
OPTIDX,NIFTYNXT50,27-Feb-2025,2025-02-27,65100.00,CE,0.00,0.00,0.00,7557.55,3402.35,0,0.00,0,0,06-JAN-2025
OPTIDX,NIFTYNXT50,30-Jan-2025,2025-01-30,65600.00,PE,0.00,0.00,0.00,1166.00,614.15,0,0.00,0,0,06-JAN-2025
OPTIDX,NIFTYNXT50,27-Feb-2025,2025-02-27,65100.00,PE,0.00,0.00,0.00,783.75,882.55,0,0.00,0,0,06-JAN-2025
OPTIDX,NIFTYNXT50,27-Mar-2025,2025-03-27,65600.00,PE,0.00,0.00,0.00,1334.10,1341.60,0,0.00,0,0,06-JAN-2025
OPTIDX,NIFTYNXT50,27-Mar-2025,2025-03-27,65100.00,CE,0.00,0.00,0.00,5800.55,4024.95,0,0.00,0,0,06-JAN-2025
OPTIDX,NIFTYNXT50,27-Mar-2025,2025-03-27,70000.00,PE,0.00,0.00,0.00,3146.35,3526.50,0,0.00,0,0,06-JAN-2025
OPTIDX,NIFTYNXT50,27-Mar-2025,2025-03-27,70000.00,CE,0.00,0.00,0.00,2941.80,1551.30,0,0.00,0,0,06-JAN-2025
OPTIDX,NIFTYNXT50,27-Mar-2025,2025-03-27,65100.00,PE,0.00,0.00,0.00,1191.75,1172.15,0,0.00,0,0,06-JAN-2025
OPTIDX,NIFTYNXT50,30-Jan-2025,2025-01-30,70000.00,PE,0.00,0.00,0.00,2749.05,3086.95,0,0.00,0,0,06-JAN-2025
OPTIDX,NIFTYNXT50,27-Feb-2025,2025-02-27,70000.00,PE,0.00,0.00,0.00,2269.30,3334.10,0,0.00,0,0,06-JAN-2025
OPTIDX,NIFTYNXT50,27-Feb-2025,2025-02-27,65600.00,PE,0.00,0.00,0.00,888.15,1045.00,0,0.00,0,0,06-JAN-2025
OPTIDX,NIFTYNXT50,27-Mar-2025,2025-03-27,65600.00,CE,0.00,0.00,0.00,5451.75,3701.75,0,0.00,0,0,06-JAN-2025
OPTIDX,NIFTYNXT50,27-Feb-2025,2025-02-27,70000.00,CE,0.00,0.00,0.00,4229.45,1000.80,0,0.00,0,0,06-JAN-2025
OPTIDX,NIFTYNXT50,27-Feb-2025,2025-02-27,65600.00,CE,0.00,0.00,0.00,7170.80,3069.65,0,0.00,0,0,06-JAN-2025
OPTIDX,NIFTYNXT50,30-Jan-2025,2025-01-30,70000.00,CE,0.00,0.00,0.00,1058.05,393.75,0,0.00,30,0,06-JAN-2025
OPTIDX,NIFTYNXT50,27-Mar-2025,2025-03-27,66500.00,PE,0.00,0.00,0.00,1625.85,1686.65,0,0.00,0,0,06-JAN-2025
OPTSTK,JSWENERGY,30-Jan-2025,2025-01-30,520.00,PE,1.85,3.95,1.80,3.40,3.40,364,1427.35012,129750,109500,06-JAN-2025
OPTSTK,JSWENERGY,27-Feb-2025,2025-02-27,710.00,CE,0.00,0.00,0.00,30.95,9.65,0,0.00,0,0,06-JAN-2025
OPTIDX,BANKNIFTY,27-Feb-2025,2025-02-27,49000.00,PE,409.85,785.00,409.70,710.30,710.30,5989,89181.9325,170280,61230,06-JAN-2025
OPTIDX,BANKNIFTY,27-Mar-2025,2025-03-27,61500.00,PE,0.00,0.00,0.00,8508.95,10685.10,0,0.00,1620,0,06-JAN-2025
OPTSTK,JSWENERGY,27-Feb-2025,2025-02-27,590.00,PE,0.00,0.00,0.00,29.85,30.65,0,0.00,0,0,06-JAN-2025
OPTIDX,BANKNIFTY,27-Feb-2025,2025-02-27,56300.00,CE,0.00,0.00,0.00,241.30,56.85,0,0.00,2370,0,06-JAN-2025
OPTIDX,BANKNIFTY,27-Mar-2025,2025-03-27,52600.00,CE,0.00,0.00,0.00,1876.35,830.55,0,0.00,0,0,06-JAN-2025
OPTIDX,BANKNIFTY,27-Feb-2025,2025-02-27,52600.00,PE,1817.30,2377.10,1817.30,2377.10,2665.60,7,115.172325,4620,-210,06-JAN-2025
OPTSTK,CUMMINSIND,27-Feb-2025,2025-02-27,3500.00,CE,0.00,0.00,0.00,65.00,59.65,0,0.00,900,0,06-JAN-2025
OPTSTK,CUMMINSIND,27-Feb-2025,2025-02-27,3500.00,PE,339.00,339.00,339.00,339.00,349.95,1,5.7585,150,0,06-JAN-2025
OPTSTK,CUMMINSIND,27-Mar-2025,2025-03-27,3500.00,PE,0.00,0.00,0.00,308.10,369.55,0,0.00,0,0,06-JAN-2025
OPTSTK,CUMMINSIND,30-Jan-2025,2025-01-30,3500.00,PE,298.80,340.00,292.50,335.05,335.05,12,68.719425,47850,-450,06-JAN-2025
OPTSTK,JSWENERGY,27-Feb-2025,2025-02-27,700.00,CE,10.75,10.75,10.75,10.75,11.25,1,5.330625,6000,-750,06-JAN-2025
OPTIDX,BANKNIFTY,27-Feb-2025,2025-02-27,51400.00,PE,1285.50,1832.45,1285.50,1731.85,1731.85,608,9672.55251,38910,8760,06-JAN-2025
OPTIDX,BANKNIFTY,30-Jan-2025,2025-01-30,49100.00,CE,1778.70,1820.10,1474.95,1569.35,1569.35,911,6925.87033,7020,5715,06-JAN-2025
OPTIDX,BANKNIFTY,30-Jan-2025,2025-01-30,51400.00,PE,914.45,1810.00,914.45,1669.85,1669.85,21181,167414.432,171525,-22245,06-JAN-2025
OPTIDX,BANKNIFTY,27-Feb-2025,2025-02-27,48600.00,CE,0.00,0.00,0.00,3273.60,2340.25,0,0.00,90,0,06-JAN-2025
OPTIDX,BANKNIFTY,27-Mar-2025,2025-03-27,48600.00,CE,0.00,0.00,0.00,3895.45,2771.05,0,0.00,120,0,06-JAN-2025
OPTSTK,CUMMINSIND,30-Jan-2025,2025-01-30,3600.00,PE,0.00,0.00,0.00,320.40,418.00,0,0.00,12300,0,06-JAN-2025
OPTSTK,CUMMINSIND,27-Mar-2025,2025-03-27,3600.00,PE,0.00,0.00,0.00,367.95,444.15,0,0.00,0,0,06-JAN-2025
OPTIDX,BANKNIFTY,30-Jan-2025,2025-01-30,53300.00,CE,195.00,199.85,98.90,104.15,104.15,54134,433861.489,244155,-1890,06-JAN-2025
OPTIDX,BANKNIFTY,27-Mar-2025,2025-03-27,51800.00,PE,0.00,0.00,0.00,1883.55,2214.95,0,0.00,0,0,06-JAN-2025
OPTIDX,BANKNIFTY,27-Feb-2025,2025-02-27,54100.00,CE,260.00,260.00,188.85,198.25,198.25,6,97.77108,6300,0,06-JAN-2025
OPTIDX,BANKNIFTY,27-Mar-2025,2025-03-27,50900.00,PE,0.00,0.00,0.00,1479.20,1698.40,0,0.00,0,0,06-JAN-2025
OPTIDX,BANKNIFTY,27-Feb-2025,2025-02-27,50900.00,CE,1630.00,1630.00,1069.55,1119.30,1119.30,497,7779.99546,14910,4080,06-JAN-2025
OPTIDX,BANKNIFTY,30-Jan-2025,2025-01-30,50900.00,PE,722.00,1475.80,710.05,1346.55,1346.55,138087,1073684.61,150645,-36360,06-JAN-2025
OPTIDX,BANKNIFTY,27-Feb-2025,2025-02-27,55600.00,CE,172.80,172.80,81.55,83.85,83.85,48,801.88488,2040,-480,06-JAN-2025
OPTSTK,CUMMINSIND,30-Jan-2025,2025-01-30,3300.00,PE,125.70,186.75,125.70,167.40,167.40,190,986.58015,81900,-12450,06-JAN-2025
OPTIDX,BANKNIFTY,27-Feb-2025,2025-02-27,52200.00,CE,923.05,930.20,583.45,605.85,605.85,474,7534.00840,9090,1860,06-JAN-2025
OPTSTK,JSWENERGY,30-Jan-2025,2025-01-30,630.00,CE,17.55,21.75,12.30,13.45,13.45,1897,9205.90725,354000,197250,06-JAN-2025
OPTIDX,MIDCPNIFTY,30-Jan-2025,2025-01-30,12725.00,PE,126.50,287.75,124.25,263.50,263.50,13741,89038.8256,47850,12850,06-JAN-2025
OPTIDX,MIDCPNIFTY,27-Feb-2025,2025-02-27,13425.00,PE,0.00,0.00,0.00,909.75,727.40,0,0.00,0,0,06-JAN-2025
OPTIDX,MIDCPNIFTY,27-Mar-2025,2025-03-27,12450.00,PE,0.00,0.00,0.00,232.85,235.05,0,0.00,0,0,06-JAN-2025
OPTIDX,MIDCPNIFTY,27-Feb-2025,2025-02-27,13350.00,CE,0.00,0.00,0.00,326.95,145.95,0,0.00,0,0,06-JAN-2025
OPTIDX,MIDCPNIFTY,30-Jan-2025,2025-01-30,12050.00,PE,57.85,57.85,57.85,57.85,28.95,4,24.2157,200,200,06-JAN-2025
OPTIDX,MIDCPNIFTY,27-Mar-2025,2025-03-27,12100.00,PE,0.00,0.00,0.00,145.10,133.30,0,0.00,0,0,06-JAN-2025
OPTIDX,MIDCPNIFTY,27-Mar-2025,2025-03-27,13750.00,CE,0.00,0.00,0.00,336.80,136.35,0,0.00,0,0,06-JAN-2025
OPTIDX,MIDCPNIFTY,27-Feb-2025,2025-02-27,13650.00,PE,0.00,0.00,0.00,1067.65,905.70,0,0.00,0,0,06-JAN-2025
OPTIDX,MIDCPNIFTY,27-Mar-2025,2025-03-27,13025.00,CE,0.00,0.00,0.00,646.40,359.30,0,0.00,0,0,06-JAN-2025
OPTIDX,MIDCPNIFTY,30-Jan-2025,2025-01-30,13650.00,PE,0.00,0.00,0.00,1201.60,911.00,0,0.00,0,0,06-JAN-2025
OPTIDX,MIDCPNIFTY,27-Feb-2025,2025-02-27,13025.00,PE,0.00,0.00,0.00,659.70,454.50,0,0.00,0,0,06-JAN-2025
OPTIDX,MIDCPNIFTY,27-Mar-2025,2025-03-27,13025.00,PE,0.00,0.00,0.00,447.65,496.40,0,0.00,0,0,06-JAN-2025
OPTIDX,MIDCPNIFTY,30-Jan-2025,2025-01-30,13025.00,PE,227.65,458.80,212.20,429.15,429.15,4582,30462.4233,10400,-17200,06-JAN-2025
OPTIDX,MIDCPNIFTY,27-Feb-2025,2025-02-27,13650.00,CE,0.00,0.00,0.00,240.25,82.95,0,0.00,0,0,06-JAN-2025
OPTIDX,MIDCPNIFTY,30-Jan-2025,2025-01-30,13025.00,CE,267.30,273.00,126.65,140.80,140.80,9355,61802.3876,61300,24200,06-JAN-2025
OPTIDX,MIDCPNIFTY,27-Feb-2025,2025-02-27,13025.00,CE,0.00,0.00,0.00,446.00,250.75,0,0.00,0,0,06-JAN-2025
OPTIDX,MIDCPNIFTY,30-Jan-2025,2025-01-30,13950.00,CE,12.85,12.85,7.75,9.45,9.45,810,5653.54227,15300,13100,06-JAN-2025
OPTIDX,MIDCPNIFTY,27-Feb-2025,2025-02-27,13950.00,CE,0.00,0.00,0.00,173.20,44.25,0,0.00,0,0,06-JAN-2025
OPTIDX,MIDCPNIFTY,30-Jan-2025,2025-01-30,13950.00,PE,0.00,0.00,0.00,1438.85,1197.25,0,0.00,0,0,06-JAN-2025
OPTIDX,MIDCPNIFTY,27-Feb-2025,2025-02-27,13800.00,CE,0.00,0.00,0.00,205.05,61.10,0,0.00,0,0,06-JAN-2025
OPTIDX,MIDCPNIFTY,27-Mar-2025,2025-03-27,13800.00,CE,0.00,0.00,0.00,320.55,126.50,0,0.00,0,0,06-JAN-2025
OPTIDX,MIDCPNIFTY,30-Jan-2025,2025-01-30,12700.00,CE,402.35,434.10,265.95,288.00,288.00,19774,128424.722,245400,197400,06-JAN-2025
OPTIDX,MIDCPNIFTY,30-Jan-2025,2025-01-30,13200.00,PE,299.00,581.20,294.45,552.20,552.20,2093,14218.6577,40600,-14250,06-JAN-2025
OPTIDX,MIDCPNIFTY,27-Mar-2025,2025-03-27,13200.00,CE,0.00,0.00,0.00,558.40,290.15,0,0.00,0,0,06-JAN-2025
OPTIDX,MIDCPNIFTY,30-Jan-2025,2025-01-30,13725.00,CE,29.50,29.65,14.80,17.65,17.65,840,5772.62417,5700,-4950,06-JAN-2025
OPTIDX,MIDCPNIFTY,27-Feb-2025,2025-02-27,12175.00,CE,0.00,0.00,0.00,895.75,743.90,0,0.00,0,0,06-JAN-2025
OPTIDX,MIDCPNIFTY,27-Mar-2025,2025-03-27,12175.00,PE,0.00,0.00,0.00,161.45,151.75,0,0.00,0,0,06-JAN-2025
OPTIDX,MIDCPNIFTY,27-Mar-2025,2025-03-27,12075.00,CE,0.00,0.00,0.00,1271.45,926.45,0,0.00,0,0,06-JAN-2025
OPTIDX,MIDCPNIFTY,30-Jan-2025,2025-01-30,12075.00,CE,0.00,0.00,0.00,843.05,706.90,0,0.00,0,0,06-JAN-2025
OPTIDX,MIDCPNIFTY,27-Feb-2025,2025-02-27,12075.00,CE,0.00,0.00,0.00,962.00,821.80,0,0.00,0,0,06-JAN-2025
OPTIDX,MIDCPNIFTY,27-Feb-2025,2025-02-27,12075.00,PE,0.00,0.00,0.00,242.80,84.65,0,0.00,0,0,06-JAN-2025
OPTSTK,COLPAL,30-Jan-2025,2025-01-30,2440.00,PE,5.00,5.55,4.60,4.95,1.30,12,51.344475,28000,0,06-JAN-2025
OPTSTK,COLPAL,27-Feb-2025,2025-02-27,2440.00,CE,0.00,0.00,0.00,334.30,345.00,0,0.00,0,0,06-JAN-2025
OPTSTK,BHEL,30-Jan-2025,2025-01-30,290.00,PE,65.00,66.10,64.20,65.00,69.00,74,690.376312,2331000,-152250,06-JAN-2025
OPTSTK,BHEL,30-Jan-2025,2025-01-30,200.00,PE,0.95,2.15,0.90,2.10,2.10,1437,7605.34293,1737750,115500,06-JAN-2025
OPTSTK,COLPAL,30-Jan-2025,2025-01-30,2580.00,CE,0.00,0.00,0.00,155.40,195.85,0,0.00,175,0,06-JAN-2025
OPTSTK,COLPAL,27-Feb-2025,2025-02-27,2480.00,PE,0.00,0.00,0.00,31.90,12.10,0,0.00,0,0,06-JAN-2025
OPTSTK,MAXHEALTH,27-Mar-2025,2025-03-27,1320.00,CE,0.00,0.00,0.00,49.75,29.15,0,0.00,0,0,06-JAN-2025
OPTSTK,MAXHEALTH,27-Mar-2025,2025-03-27,1000.00,PE,0.00,0.00,0.00,30.05,17.25,0,0.00,0,0,06-JAN-2025
OPTSTK,MAXHEALTH,30-Jan-2025,2025-01-30,960.00,PE,0.00,0.00,0.00,56.50,0.80,0,0.00,0,0,06-JAN-2025
OPTSTK,MAXHEALTH,27-Feb-2025,2025-02-27,960.00,CE,0.00,0.00,0.00,102.05,207.50,0,0.00,0,0,06-JAN-2025
OPTSTK,NAVINFLUOR,30-Jan-2025,2025-01-30,4100.00,CE,0.00,0.00,0.00,1.85,0.50,0,0.00,4200,0,06-JAN-2025
OPTSTK,BHEL,27-Mar-2025,2025-03-27,270.00,PE,0.00,0.00,0.00,40.50,51.30,0,0.00,0,0,06-JAN-2025
OPTSTK,MAXHEALTH,30-Jan-2025,2025-01-30,1080.00,CE,0.00,0.00,0.00,90.90,91.45,0,0.00,0,0,06-JAN-2025
OPTSTK,NAVINFLUOR,30-Jan-2025,2025-01-30,4000.00,CE,0.00,0.00,0.00,3.05,1.30,0,0.00,350,0,06-JAN-2025
OPTSTK,MAXHEALTH,27-Mar-2025,2025-03-27,1360.00,CE,0.00,0.00,0.00,40.40,21.70,0,0.00,0,0,06-JAN-2025
OPTSTK,NAVINFLUOR,30-Jan-2025,2025-01-30,3000.00,CE,0.00,0.00,0.00,287.60,368.15,0,0.00,1750,0,06-JAN-2025
OPTSTK,BHEL,30-Jan-2025,2025-01-30,240.00,PE,13.45,22.20,13.00,21.80,21.80,217,1467.52856,1937250,26250,06-JAN-2025
OPTSTK,COLPAL,30-Jan-2025,2025-01-30,2640.00,CE,0.00,0.00,0.00,128.80,147.15,0,0.00,525,0,06-JAN-2025
OPTSTK,GRASIM,30-Jan-2025,2025-01-30,2540.00,CE,44.95,52.50,23.55,25.55,25.55,860,5540.73162,142000,20500,06-JAN-2025
OPTSTK,GRASIM,27-Feb-2025,2025-02-27,2540.00,CE,0.00,0.00,0.00,102.20,60.30,0,0.00,0,0,06-JAN-2025
OPTSTK,ICICIBANK,27-Feb-2025,2025-02-27,1380.00,PE,0.00,0.00,0.00,105.15,110.50,0,0.00,0,0,06-JAN-2025
OPTSTK,ICICIBANK,27-Feb-2025,2025-02-27,1380.00,CE,0.00,0.00,0.00,19.95,7.80,0,0.00,700,0,06-JAN-2025
OPTSTK,ICICIBANK,27-Mar-2025,2025-03-27,1380.00,CE,0.00,0.00,0.00,39.10,15.40,0,0.00,0,0,06-JAN-2025
OPTSTK,GRASIM,27-Mar-2025,2025-03-27,2880.00,CE,0.00,0.00,0.00,34.20,11.70,0,0.00,0,0,06-JAN-2025
OPTSTK,GRASIM,30-Jan-2025,2025-01-30,2580.00,CE,27.70,35.20,14.00,15.45,15.45,712,4628.9165,91500,-19250,06-JAN-2025
OPTSTK,GRASIM,27-Feb-2025,2025-02-27,2880.00,CE,0.00,0.00,0.00,54.30,3.90,0,0.00,0,0,06-JAN-2025
OPTSTK,GRASIM,30-Jan-2025,2025-01-30,2580.00,PE,82.05,106.80,80.85,106.80,127.60,6,39.996,7250,-250,06-JAN-2025
OPTSTK,GRASIM,27-Feb-2025,2025-02-27,2580.00,PE,0.00,0.00,0.00,151.40,141.30,0,0.00,0,0,06-JAN-2025
OPTSTK,ICICIBANK,27-Feb-2025,2025-02-27,1210.00,CE,0.00,0.00,0.00,117.10,78.90,0,0.00,0,0,06-JAN-2025
OPTSTK,GRASIM,30-Jan-2025,2025-01-30,2480.00,CE,79.00,89.65,45.60,50.00,50.00,818,5191.7425,43500,500,06-JAN-2025
OPTSTK,ICICIBANK,27-Feb-2025,2025-02-27,1320.00,CE,24.55,24.55,23.15,24.00,24.00,9,84.6559,11200,2100,06-JAN-2025
OPTSTK,GRASIM,27-Feb-2025,2025-02-27,2380.00,PE,0.00,0.00,0.00,57.40,40.75,0,0.00,0,0,06-JAN-2025
OPTSTK,GRASIM,30-Jan-2025,2025-01-30,2080.00,PE,1.50,2.55,1.40,2.25,2.25,52,270.61675,50000,500,06-JAN-2025
OPTSTK,JSWSTEEL,27-Mar-2025,2025-03-27,960.00,PE,0.00,0.00,0.00,73.85,71.25,0,0.00,0,0,06-JAN-2025
OPTSTK,GRASIM,27-Feb-2025,2025-02-27,2440.00,CE,0.00,0.00,0.00,241.50,107.10,0,0.00,0,0,06-JAN-2025
OPTSTK,GRASIM,27-Feb-2025,2025-02-27,2680.00,PE,0.00,0.00,0.00,176.15,216.40,0,0.00,0,0,06-JAN-2025
OPTSTK,GRASIM,30-Jan-2025,2025-01-30,2680.00,CE,9.00,10.50,3.95,4.50,4.50,383,2571.225,45750,-4000,06-JAN-2025
OPTSTK,ICICIBANK,27-Feb-2025,2025-02-27,1200.00,PE,12.15,17.40,11.65,16.00,16.00,143,1216.77045,148400,16800,06-JAN-2025
OPTIDX,NIFTYNXT50,27-Feb-2025,2025-02-27,66500.00,CE,0.00,0.00,0.00,6502.05,2520.05,0,0.00,0,0,06-JAN-2025
OPTIDX,NIFTYNXT50,30-Jan-2025,2025-01-30,66500.00,PE,0.00,0.00,0.00,1415.45,936.90,0,0.00,0,0,06-JAN-2025
OPTIDX,NIFTYNXT50,30-Jan-2025,2025-01-30,66500.00,CE,0.00,0.00,0.00,5893.10,1728.15,0,0.00,0,0,06-JAN-2025
OPTIDX,NIFTYNXT50,30-Jan-2025,2025-01-30,69700.00,CE,0.00,0.00,0.00,1300.00,457.95,0,0.00,10,0,06-JAN-2025
OPTIDX,NIFTYNXT50,27-Feb-2025,2025-02-27,69700.00,PE,0.00,0.00,0.00,2146.50,3130.40,0,0.00,0,0,06-JAN-2025
OPTIDX,NIFTYNXT50,30-Jan-2025,2025-01-30,69700.00,PE,0.00,0.00,0.00,1627.40,2852.50,0,0.00,20,0,06-JAN-2025
OPTIDX,NIFTYNXT50,27-Mar-2025,2025-03-27,58500.00,PE,0.00,0.00,0.00,167.50,103.20,0,0.00,0,0,06-JAN-2025
OPTIDX,NIFTYNXT50,27-Feb-2025,2025-02-27,64700.00,PE,0.00,0.00,0.00,707.00,766.05,0,0.00,0,0,06-JAN-2025
OPTIDX,NIFTYNXT50,27-Feb-2025,2025-02-27,58500.00,CE,0.00,0.00,0.00,13353.35,9092.05,0,0.00,0,0,06-JAN-2025
OPTIDX,NIFTYNXT50,27-Mar-2025,2025-03-27,64700.00,CE,0.00,0.00,0.00,6086.00,4294.60,0,0.00,0,0,06-JAN-2025
OPTIDX,NIFTYNXT50,30-Jan-2025,2025-01-30,58500.00,CE,0.00,0.00,0.00,12478.40,8757.65,0,0.00,0,0,06-JAN-2025
OPTIDX,NIFTYNXT50,30-Jan-2025,2025-01-30,64700.00,PE,0.00,0.00,0.00,944.65,379.75,0,0.00,0,0,06-JAN-2025
OPTIDX,NIFTYNXT50,27-Mar-2025,2025-03-27,64700.00,PE,0.00,0.00,0.00,1084.30,1047.65,0,0.00,0,0,06-JAN-2025
OPTIDX,NIFTYNXT50,30-Jan-2025,2025-01-30,64700.00,CE,0.00,0.00,0.00,7188.20,2963.10,0,0.00,0,0,06-JAN-2025
OPTIDX,NIFTYNXT50,27-Feb-2025,2025-02-27,72200.00,CE,0.00,0.00,0.00,3102.15,490.15,0,0.00,0,0,06-JAN-2025
OPTIDX,NIFTYNXT50,30-Jan-2025,2025-01-30,74200.00,CE,0.00,0.00,0.00,2025.05,28.70,0,0.00,0,0,06-JAN-2025
OPTIDX,NIFTYNXT50,30-Jan-2025,2025-01-30,72200.00,PE,0.00,0.00,0.00,3881.75,4995.80,0,0.00,0,0,06-JAN-2025
OPTIDX,NIFTYNXT50,30-Jan-2025,2025-01-30,70700.00,CE,0.00,0.00,0.00,3442.05,271.70,0,0.00,0,0,06-JAN-2025
OPTIDX,NIFTYNXT50,27-Feb-2025,2025-02-27,68100.00,CE,0.00,0.00,0.00,5390.80,1705.30,0,0.00,0,0,06-JAN-2025
OPTIDX,NIFTYNXT50,27-Feb-2025,2025-02-27,68100.00,PE,0.00,0.00,0.00,1564.15,2156.75,0,0.00,0,0,06-JAN-2025
OPTIDX,NIFTYNXT50,27-Mar-2025,2025-03-27,70700.00,CE,0.00,0.00,0.00,2632.80,1320.45,0,0.00,0,0,06-JAN-2025
OPTIDX,NIFTYNXT50,27-Mar-2025,2025-03-27,68100.00,PE,0.00,0.00,0.00,2243.75,2430.15,0,0.00,0,0,06-JAN-2025
OPTIDX,NIFTYNXT50,27-Mar-2025,2025-03-27,75000.00,CE,0.00,0.00,0.00,1234.85,427.10,0,0.00,0,0,06-JAN-2025
OPTIDX,NIFTYNXT50,27-Feb-2025,2025-02-27,75000.00,PE,0.00,0.00,0.00,4949.45,7455.25,0,0.00,0,0,06-JAN-2025
OPTIDX,NIFTYNXT50,27-Mar-2025,2025-03-27,67700.00,CE,0.00,0.00,0.00,4131.90,2519.60,0,0.00,0,0,06-JAN-2025
OPTIDX,NIFTYNXT50,27-Mar-2025,2025-03-27,67700.00,PE,0.00,0.00,0.00,2077.10,2228.60,0,0.00,0,0,06-JAN-2025
OPTIDX,NIFTYNXT50,30-Jan-2025,2025-01-30,70100.00,PE,0.00,0.00,0.00,2795.65,3166.75,0,0.00,0,0,06-JAN-2025
OPTIDX,NIFTYNXT50,27-Feb-2025,2025-02-27,70100.00,PE,0.00,0.00,0.00,2311.25,3403.40,0,0.00,0,0,06-JAN-2025
OPTIDX,NIFTYNXT50,27-Mar-2025,2025-03-27,70100.00,PE,0.00,0.00,0.00,3198.90,3590.35,0,0.00,0,0,06-JAN-2025
OPTIDX,NIFTYNXT50,27-Mar-2025,2025-03-27,69100.00,CE,0.00,0.00,0.00,3375.55,1890.70,0,0.00,0,0,06-JAN-2025
OPTIDX,NIFTYNXT50,30-Jan-2025,2025-01-30,69100.00,CE,0.00,0.00,0.00,1526.35,610.85,0,0.00,60,0,06-JAN-2025
OPTIDX,NIFTYNXT50,27-Mar-2025,2025-03-27,69100.00,PE,0.00,0.00,0.00,2696.00,2979.15,0,0.00,0,0,06-JAN-2025
OPTSTK,JSWENERGY,27-Feb-2025,2025-02-27,690.00,CE,0.00,0.00,0.00,37.10,13.05,0,0.00,0,0,06-JAN-2025
OPTSTK,JSWENERGY,30-Jan-2025,2025-01-30,690.00,PE,0.00,0.00,0.00,55.10,89.40,0,0.00,24750,0,06-JAN-2025
OPTSTK,CUMMINSIND,27-Feb-2025,2025-02-27,2850.00,CE,0.00,0.00,0.00,586.85,388.40,0,0.00,0,0,06-JAN-2025
OPTIDX,BANKNIFTY,27-Feb-2025,2025-02-27,54700.00,PE,0.00,0.00,0.00,2944.45,4411.85,0,0.00,90,0,06-JAN-2025
OPTIDX,BANKNIFTY,27-Mar-2025,2025-03-27,59000.00,CE,50.00,56.00,50.00,56.00,44.40,75,1328.66860,1530,1530,06-JAN-2025
OPTIDX,BANKNIFTY,30-Jan-2025,2025-01-30,49900.00,PE,377.55,920.90,377.05,820.75,820.75,184102,1398477.79,149925,55815,06-JAN-2025
OPTIDX,BANKNIFTY,27-Feb-2025,2025-02-27,49900.00,CE,1978.05,1982.65,1590.00,1663.15,1663.15,216,3347.0391,3660,3210,06-JAN-2025
OPTIDX,BANKNIFTY,27-Mar-2025,2025-03-27,49900.00,CE,0.00,0.00,0.00,3334.75,1971.15,0,0.00,0,0,06-JAN-2025
OPTIDX,BANKNIFTY,27-Feb-2025,2025-02-27,53100.00,CE,545.00,553.90,347.95,357.50,357.50,435,6986.88052,6120,240,06-JAN-2025
OPTIDX,BANKNIFTY,27-Mar-2025,2025-03-27,53100.00,PE,0.00,0.00,0.00,2573.45,3089.00,0,0.00,0,0,06-JAN-2025
OPTSTK,JSWENERGY,27-Feb-2025,2025-02-27,620.00,PE,0.00,0.00,0.00,44.40,46.20,0,0.00,0,0,06-JAN-2025
OPTSTK,JSWENERGY,30-Jan-2025,2025-01-30,560.00,CE,50.90,50.90,50.90,50.90,50.90,1,4.58175,750,750,06-JAN-2025
OPTSTK,JSWENERGY,27-Feb-2025,2025-02-27,560.00,PE,0.00,0.00,0.00,23.40,18.75,0,0.00,0,0,06-JAN-2025
OPTSTK,JSWENERGY,27-Mar-2025,2025-03-27,560.00,PE,0.00,0.00,0.00,27.45,25.85,0,0.00,0,0,06-JAN-2025
OPTSTK,JSWENERGY,30-Jan-2025,2025-01-30,510.00,PE,0.00,0.00,0.00,6.90,1.70,0,0.00,0,0,06-JAN-2025
OPTSTK,JSWENERGY,27-Feb-2025,2025-02-27,510.00,PE,0.00,0.00,0.00,8.70,6.60,0,0.00,0,0,06-JAN-2025
OPTSTK,CUMMINSIND,30-Jan-2025,2025-01-30,3650.00,PE,0.00,0.00,0.00,288.00,464.70,0,0.00,300,0,06-JAN-2025
OPTSTK,JSWENERGY,30-Jan-2025,2025-01-30,530.00,PE,0.00,0.00,0.00,9.90,3.65,0,0.00,0,0,06-JAN-2025
OPTIDX,BANKNIFTY,24-Dec-2025,2025-12-24,48000.00,PE,0.00,0.00,0.00,1438.90,1265.50,0,0.00,0,0,06-JAN-2025
OPTIDX,BANKNIFTY,27-Mar-2025,2025-03-27,48000.00,CE,3361.20,3361.50,3361.20,3361.50,3192.90,2,30.81681,60,60,06-JAN-2025
OPTIDX,BANKNIFTY,25-Sep-2025,2025-09-25,48000.00,CE,0.00,0.00,0.00,10420.40,5323.30,0,0.00,0,0,06-JAN-2025
OPTIDX,BANKNIFTY,27-Feb-2025,2025-02-27,52800.00,CE,611.00,626.05,370.00,426.25,426.25,568,9077.65764,15240,10170,06-JAN-2025
OPTIDX,BANKNIFTY,27-Mar-2025,2025-03-27,52800.00,PE,0.00,0.00,0.00,2403.25,2874.85,0,0.00,0,0,06-JAN-2025
OPTSTK,CUMMINSIND,27-Feb-2025,2025-02-27,3800.00,PE,0.00,0.00,0.00,430.70,605.05,0,0.00,0,0,06-JAN-2025
OPTIDX,BANKNIFTY,27-Mar-2025,2025-03-27,50300.00,CE,0.00,0.00,0.00,3084.60,1758.05,0,0.00,0,0,06-JAN-2025
OPTIDX,BANKNIFTY,26-Jun-2025,2025-06-26,46500.00,CE,0.00,0.00,0.00,7077.10,5434.25,0,0.00,15,0,06-JAN-2025
OPTIDX,BANKNIFTY,27-Mar-2025,2025-03-27,46500.00,CE,0.00,0.00,0.00,5486.65,4373.25,0,0.00,0,0,06-JAN-2025
OPTIDX,BANKNIFTY,26-Jun-2025,2025-06-26,46500.00,PE,0.00,0.00,0.00,1076.70,564.75,0,0.00,0,0,06-JAN-2025
OPTIDX,BANKNIFTY,25-Sep-2025,2025-09-25,46500.00,CE,0.00,0.00,0.00,11561.60,6383.55,0,0.00,0,0,06-JAN-2025
OPTIDX,BANKNIFTY,27-Feb-2025,2025-02-27,46500.00,CE,0.00,0.00,0.00,5116.35,4017.75,0,0.00,0,0,06-JAN-2025
OPTIDX,BANKNIFTY,30-Jan-2025,2025-01-30,46500.00,CE,0.00,0.00,0.00,5030.80,3662.55,0,0.00,315,0,06-JAN-2025
OPTIDX,MIDCPNIFTY,27-Mar-2025,2025-03-27,12075.00,PE,0.00,0.00,0.00,139.90,127.55,0,0.00,0,0,06-JAN-2025
OPTIDX,MIDCPNIFTY,30-Jan-2025,2025-01-30,12075.00,PE,42.65,76.85,38.00,69.75,69.75,283,1716.95692,2500,2000,06-JAN-2025
OPTIDX,MIDCPNIFTY,27-Mar-2025,2025-03-27,11700.00,CE,0.00,0.00,0.00,1577.45,1230.00,0,0.00,0,0,06-JAN-2025
OPTIDX,MIDCPNIFTY,30-Jan-2025,2025-01-30,13550.00,CE,57.10,58.65,28.00,30.50,30.50,1816,12336.5053,15050,2800,06-JAN-2025
OPTIDX,MIDCPNIFTY,30-Jan-2025,2025-01-30,13400.00,CE,99.95,99.95,44.85,48.55,48.55,8078,54347.1033,80000,-32550,06-JAN-2025
OPTIDX,MIDCPNIFTY,27-Mar-2025,2025-03-27,13400.00,PE,0.00,0.00,0.00,637.80,730.35,0,0.00,0,0,06-JAN-2025
OPTIDX,MIDCPNIFTY,27-Feb-2025,2025-02-27,12700.00,PE,0.00,0.00,0.00,488.30,282.95,0,0.00,0,0,06-JAN-2025
OPTIDX,MIDCPNIFTY,30-Jan-2025,2025-01-30,14300.00,CE,4.60,5.45,4.10,4.70,4.70,830,5936.38255,33450,8000,06-JAN-2025
OPTIDX,MIDCPNIFTY,27-Mar-2025,2025-03-27,14300.00,CE,0.00,0.00,0.00,189.75,56.45,0,0.00,0,0,06-JAN-2025
OPTIDX,MIDCPNIFTY,30-Jan-2025,2025-01-30,12850.00,CE,363.75,364.10,194.30,211.80,211.80,9520,62272.2709,74800,-2300,06-JAN-2025
OPTIDX,MIDCPNIFTY,27-Feb-2025,2025-02-27,12725.00,PE,0.00,0.00,0.00,500.45,294.40,0,0.00,0,0,06-JAN-2025
OPTIDX,MIDCPNIFTY,27-Feb-2025,2025-02-27,11850.00,CE,0.00,0.00,0.00,1120.90,1008.90,0,0.00,0,0,06-JAN-2025
OPTIDX,MIDCPNIFTY,27-Feb-2025,2025-02-27,13050.00,PE,0.00,0.00,0.00,674.10,469.65,0,0.00,0,0,06-JAN-2025
OPTIDX,MIDCPNIFTY,30-Jan-2025,2025-01-30,13200.00,CE,190.00,190.00,80.20,89.25,89.25,17999,119754.979,255800,4900,06-JAN-2025
OPTIDX,MIDCPNIFTY,27-Mar-2025,2025-03-27,13725.00,CE,0.00,0.00,0.00,345.15,141.50,0,0.00,0,0,06-JAN-2025
OPTIDX,MIDCPNIFTY,27-Mar-2025,2025-03-27,13725.00,PE,0.00,0.00,0.00,833.70,968.30,0,0.00,0,0,06-JAN-2025
OPTIDX,MIDCPNIFTY,27-Feb-2025,2025-02-27,13725.00,PE,0.00,0.00,0.00,1123.40,968.35,0,0.00,0,0,06-JAN-2025
OPTIDX,MIDCPNIFTY,27-Mar-2025,2025-03-27,12000.00,PE,0.00,0.00,0.00,125.20,111.35,0,0.00,0,0,06-JAN-2025
OPTIDX,MIDCPNIFTY,30-Jan-2025,2025-01-30,12000.00,CE,830.00,830.00,780.00,794.40,794.40,74,473.9751,4650,550,06-JAN-2025
OPTIDX,MIDCPNIFTY,30-Jan-2025,2025-01-30,12000.00,PE,23.30,65.10,18.10,57.10,57.10,32642,196573.206,464750,117500,06-JAN-2025
OPTIDX,MIDCPNIFTY,27-Mar-2025,2025-03-27,12000.00,CE,0.00,0.00,0.00,1330.40,984.15,0,0.00,0,0,06-JAN-2025
OPTIDX,MIDCPNIFTY,30-Jan-2025,2025-01-30,12525.00,PE,80.60,200.45,72.00,184.00,184.00,1511,9569.87262,9950,2600,06-JAN-2025
OPTIDX,MIDCPNIFTY,30-Jan-2025,2025-01-30,10700.00,CE,0.00,0.00,0.00,1927.95,2044.00,0,0.00,0,0,06-JAN-2025
OPTIDX,MIDCPNIFTY,27-Feb-2025,2025-02-27,12225.00,CE,0.00,0.00,0.00,863.65,706.30,0,0.00,0,0,06-JAN-2025
OPTIDX,MIDCPNIFTY,27-Mar-2025,2025-03-27,12225.00,PE,0.00,0.00,0.00,173.10,165.00,0,0.00,0,0,06-JAN-2025
OPTIDX,MIDCPNIFTY,27-Mar-2025,2025-03-27,12450.00,CE,0.00,0.00,0.00,996.20,664.50,0,0.00,0,0,06-JAN-2025
OPTIDX,MIDCPNIFTY,30-Jan-2025,2025-01-30,12450.00,CE,581.40,592.00,413.95,416.70,410.35,16,103.34665,800,750,06-JAN-2025
OPTIDX,MIDCPNIFTY,27-Mar-2025,2025-03-27,13175.00,PE,0.00,0.00,0.00,518.95,584.30,0,0.00,0,0,06-JAN-2025
OPTIDX,MIDCPNIFTY,30-Jan-2025,2025-01-30,13175.00,CE,179.75,187.85,86.45,94.95,94.95,2461,16353.359,24900,-4200,06-JAN-2025
OPTIDX,MIDCPNIFTY,27-Feb-2025,2025-02-27,13175.00,CE,0.00,0.00,0.00,387.65,197.10,0,0.00,0,0,06-JAN-2025
OPTIDX,MIDCPNIFTY,30-Jan-2025,2025-01-30,13175.00,PE,296.60,557.00,282.85,557.00,502.40,133,897.19845,7300,-1250,06-JAN-2025
OPTIDX,NIFTYNXT50,30-Jan-2025,2025-01-30,63500.00,PE,0.00,0.00,0.00,701.25,180.95,0,0.00,0,0,06-JAN-2025
OPTIDX,NIFTYNXT50,27-Feb-2025,2025-02-27,63500.00,CE,0.00,0.00,0.00,8855.85,4587.70,0,0.00,0,0,06-JAN-2025
OPTIDX,NIFTYNXT50,27-Feb-2025,2025-02-27,65900.00,CE,0.00,0.00,0.00,6943.40,2879.25,0,0.00,0,0,06-JAN-2025
OPTIDX,NIFTYNXT50,30-Jan-2025,2025-01-30,62800.00,PE,0.00,0.00,0.00,582.80,110.85,0,0.00,0,0,06-JAN-2025
OPTIDX,NIFTYNXT50,30-Jan-2025,2025-01-30,62800.00,CE,0.00,0.00,0.00,8690.35,4585.75,0,0.00,0,0,06-JAN-2025
OPTIDX,NIFTYNXT50,30-Jan-2025,2025-01-30,75400.00,CE,0.00,0.00,0.00,1659.35,11.45,0,0.00,0,0,06-JAN-2025
OPTIDX,NIFTYNXT50,30-Jan-2025,2025-01-30,75400.00,PE,0.00,0.00,0.00,5912.90,8080.70,0,0.00,0,0,06-JAN-2025
OPTIDX,NIFTYNXT50,27-Mar-2025,2025-03-27,67300.00,PE,0.00,0.00,0.00,1918.65,2037.45,0,0.00,0,0,06-JAN-2025
OPTIDX,NIFTYNXT50,30-Jan-2025,2025-01-30,67300.00,PE,0.00,0.00,0.00,1670.25,1304.55,0,0.00,0,0,06-JAN-2025
OPTIDX,NIFTYNXT50,27-Feb-2025,2025-02-27,67300.00,CE,0.00,0.00,0.00,5930.25,2086.55,0,0.00,0,0,06-JAN-2025
OPTIDX,NIFTYNXT50,27-Feb-2025,2025-02-27,73100.00,CE,0.00,0.00,0.00,2708.05,355.10,0,0.00,0,0,06-JAN-2025
OPTIDX,NIFTYNXT50,30-Jan-2025,2025-01-30,68800.00,CE,0.00,0.00,0.00,1750.00,700.65,0,0.00,0,0,06-JAN-2025
OPTIDX,NIFTYNXT50,30-Jan-2025,2025-01-30,70800.00,PE,0.00,0.00,0.00,3134.60,3746.75,0,0.00,0,0,06-JAN-2025
OPTIDX,NIFTYNXT50,27-Mar-2025,2025-03-27,64400.00,PE,0.00,0.00,0.00,1005.80,960.55,0,0.00,0,0,06-JAN-2025
OPTIDX,NIFTYNXT50,27-Mar-2025,2025-03-27,66100.00,PE,0.00,0.00,0.00,1491.35,1526.85,0,0.00,0,0,06-JAN-2025
OPTIDX,NIFTYNXT50,27-Feb-2025,2025-02-27,66400.00,PE,0.00,0.00,0.00,1078.40,1345.65,0,0.00,0,0,06-JAN-2025
OPTIDX,NIFTYNXT50,30-Jan-2025,2025-01-30,66400.00,PE,0.00,0.00,0.00,1385.55,896.35,0,0.00,0,0,06-JAN-2025
OPTIDX,NIFTYNXT50,27-Feb-2025,2025-02-27,74100.00,PE,0.00,0.00,0.00,4381.80,6637.25,0,0.00,0,0,06-JAN-2025
OPTIDX,NIFTYNXT50,30-Jan-2025,2025-01-30,74100.00,PE,0.00,0.00,0.00,5036.30,6805.90,0,0.00,0,0,06-JAN-2025
OPTIDX,NIFTYNXT50,27-Feb-2025,2025-02-27,69300.00,CE,0.00,0.00,0.00,4637.30,1228.85,0,0.00,0,0,06-JAN-2025
OPTIDX,NIFTYNXT50,27-Mar-2025,2025-03-27,69300.00,PE,0.00,0.00,0.00,2792.60,3096.50,0,0.00,0,0,06-JAN-2025
OPTIDX,NIFTYNXT50,30-Jan-2025,2025-01-30,70700.00,PE,0.00,0.00,0.00,3084.70,3661.80,0,0.00,0,0,06-JAN-2025
OPTIDX,NIFTYNXT50,27-Feb-2025,2025-02-27,61500.00,CE,0.00,0.00,0.00,10589.20,6281.75,0,0.00,0,0,06-JAN-2025
OPTIDX,NIFTYNXT50,27-Mar-2025,2025-03-27,70700.00,PE,0.00,0.00,0.00,3524.95,3985.40,0,0.00,0,0,06-JAN-2025
OPTIDX,NIFTYNXT50,27-Feb-2025,2025-02-27,67200.00,CE,0.00,0.00,0.00,6002.65,2137.85,0,0.00,0,0,06-JAN-2025
OPTIDX,NIFTYNXT50,30-Jan-2025,2025-01-30,82500.00,PE,0.00,0.00,0.00,11649.35,15137.85,0,0.00,0,0,06-JAN-2025
OPTIDX,NIFTYNXT50,27-Mar-2025,2025-03-27,67200.00,CE,0.00,0.00,0.00,4426.25,2775.00,0,0.00,0,0,06-JAN-2025
OPTIDX,NIFTYNXT50,27-Feb-2025,2025-02-27,67200.00,PE,0.00,0.00,0.00,1291.80,1697.95,0,0.00,0,0,06-JAN-2025
OPTIDX,NIFTYNXT50,27-Mar-2025,2025-03-27,65900.00,CE,0.00,0.00,0.00,5249.95,3515.40,0,0.00,0,0,06-JAN-2025
OPTIDX,NIFTYNXT50,27-Mar-2025,2025-03-27,65300.00,PE,0.00,0.00,0.00,1245.50,1238.05,0,0.00,0,0,06-JAN-2025
OPTIDX,NIFTYNXT50,27-Mar-2025,2025-03-27,68800.00,PE,0.00,0.00,0.00,2554.95,2807.75,0,0.00,0,0,06-JAN-2025
OPTIDX,NIFTYNXT50,27-Mar-2025,2025-03-27,73100.00,CE,0.00,0.00,0.00,1751.45,724.25,0,0.00,0,0,06-JAN-2025
OPTSTK,JSWENERGY,27-Mar-2025,2025-03-27,540.00,PE,0.00,0.00,0.00,21.45,19.15,0,0.00,0,0,06-JAN-2025
OPTSTK,JSWENERGY,30-Jan-2025,2025-01-30,540.00,CE,0.00,0.00,0.00,141.25,69.15,0,0.00,0,0,06-JAN-2025
OPTSTK,JSWENERGY,27-Feb-2025,2025-02-27,660.00,PE,0.00,0.00,0.00,63.05,72.10,0,0.00,0,0,06-JAN-2025
OPTIDX,BANKNIFTY,26-Jun-2025,2025-06-26,49500.00,PE,800.00,1258.55,800.00,1130.05,1130.05,203,3080.49057,7890,1500,06-JAN-2025
OPTIDX,BANKNIFTY,30-Jan-2025,2025-01-30,49500.00,PE,280.95,746.35,265.25,656.80,656.80,330469,2480585.33,549915,-137655,06-JAN-2025
OPTIDX,BANKNIFTY,27-Mar-2025,2025-03-27,48800.00,PE,0.00,0.00,0.00,769.00,798.95,0,0.00,0,0,06-JAN-2025
OPTSTK,CUMMINSIND,27-Mar-2025,2025-03-27,3200.00,PE,0.00,0.00,0.00,162.55,184.85,0,0.00,0,0,06-JAN-2025
OPTIDX,BANKNIFTY,30-Jan-2025,2025-01-30,52500.00,PE,1650.00,2677.00,1640.30,2527.15,2527.15,9027,74050.1820,377610,-24150,06-JAN-2025
OPTIDX,BANKNIFTY,27-Feb-2025,2025-02-27,52500.00,PE,1699.00,2551.40,1699.00,2443.15,2443.15,588,9625.07911,56550,-600,06-JAN-2025
OPTIDX,BANKNIFTY,26-Jun-2025,2025-06-26,52500.00,CE,2280.00,2280.00,1800.00,1838.10,1838.10,61,997.135245,6600,270,06-JAN-2025
OPTSTK,CUMMINSIND,27-Feb-2025,2025-02-27,3150.00,PE,0.00,0.00,0.00,110.75,130.85,0,0.00,0,0,06-JAN-2025
OPTIDX,BANKNIFTY,27-Feb-2025,2025-02-27,58000.00,PE,0.00,0.00,0.00,5300.55,7539.70,0,0.00,0,0,06-JAN-2025
OPTIDX,BANKNIFTY,27-Feb-2025,2025-02-27,58000.00,CE,41.20,43.35,34.80,39.75,39.75,383,6668.69695,13830,-2220,06-JAN-2025
OPTIDX,BANKNIFTY,30-Jan-2025,2025-01-30,58000.00,CE,9.90,15.00,9.80,14.65,14.65,122821,1068777.38,769905,140595,06-JAN-2025
OPTIDX,BANKNIFTY,30-Jan-2025,2025-01-30,58000.00,PE,6912.85,8000.00,6912.85,7773.05,7773.05,44,433.462462,20070,-90,06-JAN-2025
OPTIDX,BANKNIFTY,27-Mar-2025,2025-03-27,58000.00,PE,0.00,0.00,0.00,6138.80,7302.25,0,0.00,0,0,06-JAN-2025
OPTIDX,BANKNIFTY,27-Mar-2025,2025-03-27,58000.00,CE,83.00,96.05,75.80,81.05,81.05,69,1202.31333,2490,1260,06-JAN-2025
OPTIDX,BANKNIFTY,27-Feb-2025,2025-02-27,50900.00,PE,946.95,1500.00,926.05,1453.65,1453.65,298,4650.57880,4650,840,06-JAN-2025
OPTIDX,BANKNIFTY,30-Jan-2025,2025-01-30,50900.00,CE,1058.00,1083.70,561.20,604.00,604.00,126153,978222.781,201135,84900,06-JAN-2025
OPTSTK,CUMMINSIND,30-Jan-2025,2025-01-30,2950.00,CE,0.00,0.00,0.00,350.40,264.50,0,0.00,150,0,06-JAN-2025
OPTSTK,PRESTIGE,27-Mar-2025,2025-03-27,1700.00,PE,0.00,0.00,0.00,144.30,180.05,0,0.00,0,0,06-JAN-2025
OPTIDX,BANKNIFTY,27-Mar-2025,2025-03-27,48100.00,CE,0.00,0.00,0.00,4598.55,3120.45,0,0.00,0,0,06-JAN-2025
OPTIDX,BANKNIFTY,30-Jan-2025,2025-01-30,48100.00,CE,0.00,0.00,0.00,3428.60,2225.75,0,0.00,5835,0,06-JAN-2025
OPTIDX,BANKNIFTY,27-Mar-2025,2025-03-27,48000.00,PE,350.00,600.00,350.00,554.00,554.00,889,12938.8541,97875,-510,06-JAN-2025
OPTSTK,JSWENERGY,27-Feb-2025,2025-02-27,550.00,PE,0.00,0.00,0.00,17.15,15.60,0,0.00,0,0,06-JAN-2025
OPTIDX,BANKNIFTY,27-Mar-2025,2025-03-27,52900.00,CE,0.00,0.00,0.00,1747.65,744.30,0,0.00,0,0,06-JAN-2025
OPTSTK,PRESTIGE,30-Jan-2025,2025-01-30,1600.00,CE,71.50,86.00,54.35,57.70,57.70,33,178.555,5525,3575,06-JAN-2025
OPTIDX,BANKNIFTY,27-Feb-2025,2025-02-27,51100.00,PE,1034.55,1597.50,1006.05,1562.40,1562.40,162,2550.10818,2730,810,06-JAN-2025
OPTIDX,BANKNIFTY,30-Jan-2025,2025-01-30,51100.00,CE,930.00,970.00,492.25,531.75,531.75,82079,637596.048,271680,52920,06-JAN-2025
OPTIDX,BANKNIFTY,27-Mar-2025,2025-03-27,50700.00,PE,0.00,0.00,0.00,1397.60,1594.15,0,0.00,0,0,06-JAN-2025
OPTSTK,JSWENERGY,30-Jan-2025,2025-01-30,570.00,CE,49.00,49.05,45.85,45.95,45.95,10,46.254375,6000,3750,06-JAN-2025
OPTIDX,MIDCPNIFTY,30-Jan-2025,2025-01-30,13675.00,PE,0.00,0.00,0.00,1220.30,934.30,0,0.00,0,0,06-JAN-2025
OPTIDX,MIDCPNIFTY,27-Mar-2025,2025-03-27,13675.00,PE,0.00,0.00,0.00,801.75,929.80,0,0.00,0,0,06-JAN-2025
OPTIDX,MIDCPNIFTY,30-Jan-2025,2025-01-30,11300.00,PE,4.00,13.40,4.00,9.95,9.95,1166,6592.5021,34900,6900,06-JAN-2025
OPTIDX,MIDCPNIFTY,27-Feb-2025,2025-02-27,11300.00,CE,0.00,0.00,0.00,1558.15,1514.15,0,0.00,0,0,06-JAN-2025
OPTIDX,MIDCPNIFTY,27-Mar-2025,2025-03-27,14400.00,CE,0.00,0.00,0.00,169.70,47.45,0,0.00,0,0,06-JAN-2025
OPTIDX,MIDCPNIFTY,30-Jan-2025,2025-01-30,11650.00,CE,0.00,0.00,0.00,1134.15,1103.15,0,0.00,0,0,06-JAN-2025
OPTIDX,MIDCPNIFTY,30-Jan-2025,2025-01-30,12950.00,PE,183.45,410.00,174.15,388.80,388.80,12231,80781.5473,44100,-33600,06-JAN-2025
OPTIDX,MIDCPNIFTY,30-Jan-2025,2025-01-30,12950.00,CE,311.85,313.10,153.95,169.15,169.15,13480,88711.1191,74400,16750,06-JAN-2025
OPTIDX,MIDCPNIFTY,27-Mar-2025,2025-03-27,12700.00,CE,0.00,0.00,0.00,832.85,516.90,0,0.00,0,0,06-JAN-2025
OPTIDX,MIDCPNIFTY,30-Jan-2025,2025-01-30,12700.00,PE,117.55,277.00,109.30,252.80,252.80,42075,271887.688,337050,176800,06-JAN-2025
OPTIDX,MIDCPNIFTY,30-Jan-2025,2025-01-30,13800.00,CE,19.10,22.75,12.00,13.70,13.70,16128,111401.356,280550,-35450,06-JAN-2025
OPTIDX,MIDCPNIFTY,27-Feb-2025,2025-02-27,11850.00,PE,0.00,0.00,0.00,180.75,48.90,0,0.00,0,0,06-JAN-2025
OPTIDX,MIDCPNIFTY,30-Jan-2025,2025-01-30,11850.00,PE,30.00,30.00,30.00,30.00,12.70,1,5.94,100,50,06-JAN-2025
OPTIDX,MIDCPNIFTY,27-Feb-2025,2025-02-27,11800.00,PE,0.00,0.00,0.00,168.65,42.90,0,0.00,0,0,06-JAN-2025
OPTIDX,MIDCPNIFTY,27-Mar-2025,2025-03-27,11800.00,PE,0.00,0.00,0.00,91.60,75.70,0,0.00,0,0,06-JAN-2025
OPTIDX,MIDCPNIFTY,27-Mar-2025,2025-03-27,11800.00,CE,0.00,0.00,0.00,1493.20,1145.60,0,0.00,0,0,06-JAN-2025
OPTIDX,MIDCPNIFTY,30-Jan-2025,2025-01-30,11800.00,PE,27.50,27.50,27.50,27.50,10.15,11,65.05125,550,550,06-JAN-2025
OPTIDX,MIDCPNIFTY,27-Feb-2025,2025-02-27,11800.00,CE,0.00,0.00,0.00,1157.90,1052.40,0,0.00,0,0,06-JAN-2025
OPTIDX,MIDCPNIFTY,27-Feb-2025,2025-02-27,12250.00,PE,0.00,0.00,0.00,300.50,124.05,0,0.00,0,0,06-JAN-2025
OPTIDX,MIDCPNIFTY,27-Mar-2025,2025-03-27,12250.00,CE,0.00,0.00,0.00,1138.90,798.45,0,0.00,0,0,06-JAN-2025
OPTIDX,MIDCPNIFTY,27-Mar-2025,2025-03-27,12250.00,PE,0.00,0.00,0.00,179.15,171.95,0,0.00,0,0,06-JAN-2025
OPTIDX,MIDCPNIFTY,27-Feb-2025,2025-02-27,13450.00,PE,0.00,0.00,0.00,926.75,746.40,0,0.00,0,0,06-JAN-2025
OPTIDX,MIDCPNIFTY,30-Jan-2025,2025-01-30,13450.00,CE,78.85,80.50,38.20,42.10,42.10,1327,8957.8405,20150,200,06-JAN-2025
OPTIDX,MIDCPNIFTY,30-Jan-2025,2025-01-30,10800.00,CE,0.00,0.00,0.00,1837.45,1944.45,0,0.00,0,0,06-JAN-2025
OPTIDX,MIDCPNIFTY,30-Jan-2025,2025-01-30,10800.00,PE,2.35,4.85,2.35,4.30,4.30,1068,5769.2616,24400,2800,06-JAN-2025
OPTIDX,MIDCPNIFTY,27-Feb-2025,2025-02-27,12400.00,PE,0.00,0.00,0.00,356.70,167.25,0,0.00,0,0,06-JAN-2025
OPTIDX,MIDCPNIFTY,30-Jan-2025,2025-01-30,12400.00,PE,65.00,157.00,56.30,143.20,143.20,12019,75211.9883,132550,80400,06-JAN-2025
OPTIDX,MIDCPNIFTY,30-Jan-2025,2025-01-30,12400.00,CE,0.00,0.00,0.00,627.80,445.60,0,0.00,6100,0,06-JAN-2025
OPTIDX,MIDCPNIFTY,27-Mar-2025,2025-03-27,12400.00,CE,0.00,0.00,0.00,1031.40,696.70,0,0.00,0,0,06-JAN-2025
OPTIDX,MIDCPNIFTY,27-Mar-2025,2025-03-27,12400.00,PE,0.00,0.00,0.00,218.95,218.00,0,0.00,0,0,06-JAN-2025
OPTIDX,MIDCPNIFTY,27-Feb-2025,2025-02-27,12400.00,CE,0.00,0.00,0.00,756.75,582.55,0,0.00,0,0,06-JAN-2025
OPTIDX,NIFTYNXT50,27-Feb-2025,2025-02-27,68800.00,CE,0.00,0.00,0.00,4943.00,1413.80,0,0.00,0,0,06-JAN-2025
OPTIDX,NIFTYNXT50,27-Mar-2025,2025-03-27,73100.00,PE,0.00,0.00,0.00,5001.10,5753.95,0,0.00,0,0,06-JAN-2025
OPTIDX,NIFTYNXT50,30-Jan-2025,2025-01-30,63800.00,CE,0.00,0.00,0.00,7883.60,3699.65,0,0.00,0,0,06-JAN-2025
OPTIDX,NIFTYNXT50,27-Feb-2025,2025-02-27,70800.00,CE,0.00,0.00,0.00,3792.50,781.40,0,0.00,0,0,06-JAN-2025
OPTIDX,NIFTYNXT50,30-Jan-2025,2025-01-30,63800.00,PE,0.00,0.00,0.00,757.15,220.30,0,0.00,0,0,06-JAN-2025
OPTIDX,NIFTYNXT50,30-Jan-2025,2025-01-30,63300.00,PE,0.00,0.00,0.00,665.70,158.00,0,0.00,0,0,06-JAN-2025
OPTIDX,NIFTYNXT50,30-Jan-2025,2025-01-30,63300.00,CE,0.00,0.00,0.00,8282.70,4135.15,0,0.00,0,0,06-JAN-2025
OPTIDX,NIFTYNXT50,27-Feb-2025,2025-02-27,65400.00,CE,0.00,0.00,0.00,7324.35,3200.45,0,0.00,0,0,06-JAN-2025
OPTIDX,NIFTYNXT50,30-Jan-2025,2025-01-30,65400.00,PE,0.00,0.00,0.00,1114.70,554.80,0,0.00,0,0,06-JAN-2025
OPTIDX,NIFTYNXT50,27-Feb-2025,2025-02-27,75900.00,CE,0.00,0.00,0.00,1715.45,116.60,0,0.00,0,0,06-JAN-2025
OPTIDX,NIFTYNXT50,30-Jan-2025,2025-01-30,75900.00,PE,0.00,0.00,0.00,6267.30,8574.70,0,0.00,0,0,06-JAN-2025
OPTIDX,NIFTYNXT50,30-Jan-2025,2025-01-30,75100.00,PE,0.00,0.00,0.00,5704.70,7785.10,0,0.00,0,0,06-JAN-2025
OPTIDX,NIFTYNXT50,27-Feb-2025,2025-02-27,75100.00,PE,0.00,0.00,0.00,5014.70,7547.50,0,0.00,0,0,06-JAN-2025
OPTIDX,NIFTYNXT50,27-Feb-2025,2025-02-27,75100.00,CE,0.00,0.00,0.00,1964.70,163.00,0,0.00,0,0,06-JAN-2025
OPTIDX,NIFTYNXT50,27-Mar-2025,2025-03-27,61500.00,CE,0.00,0.00,0.00,8601.35,6766.90,0,0.00,0,0,06-JAN-2025
OPTIDX,NIFTYNXT50,30-Jan-2025,2025-01-30,68100.00,PE,0.00,0.00,0.00,1016.60,1749.35,0,0.00,80,0,06-JAN-2025
OPTIDX,NIFTYNXT50,27-Feb-2025,2025-02-27,64600.00,PE,0.00,0.00,0.00,688.70,738.70,0,0.00,0,0,06-JAN-2025
OPTIDX,NIFTYNXT50,30-Jan-2025,2025-01-30,64600.00,PE,0.00,0.00,0.00,922.30,358.65,0,0.00,0,0,06-JAN-2025
OPTIDX,NIFTYNXT50,27-Feb-2025,2025-02-27,64800.00,CE,0.00,0.00,0.00,7794.15,3611.00,0,0.00,0,0,06-JAN-2025
OPTIDX,NIFTYNXT50,27-Mar-2025,2025-03-27,64800.00,PE,0.00,0.00,0.00,1110.50,1077.85,0,0.00,0,0,06-JAN-2025
OPTIDX,NIFTYNXT50,30-Jan-2025,2025-01-30,74100.00,CE,0.00,0.00,0.00,2058.15,30.90,0,0.00,0,0,06-JAN-2025
OPTIDX,NIFTYNXT50,27-Feb-2025,2025-02-27,74100.00,CE,0.00,0.00,0.00,2314.15,243.20,0,0.00,0,0,06-JAN-2025
OPTIDX,NIFTYNXT50,27-Feb-2025,2025-02-27,66300.00,PE,0.00,0.00,0.00,1050.90,1305.25,0,0.00,0,0,06-JAN-2025
OPTIDX,NIFTYNXT50,27-Feb-2025,2025-02-27,66300.00,CE,0.00,0.00,0.00,6645.85,2636.55,0,0.00,0,0,06-JAN-2025
OPTIDX,NIFTYNXT50,30-Jan-2025,2025-01-30,66300.00,CE,0.00,0.00,0.00,6030.05,1847.40,0,0.00,0,0,06-JAN-2025
OPTIDX,NIFTYNXT50,27-Mar-2025,2025-03-27,66300.00,PE,0.00,0.00,0.00,1557.60,1605.45,0,0.00,0,0,06-JAN-2025
OPTIDX,NIFTYNXT50,30-Jan-2025,2025-01-30,66300.00,PE,0.00,0.00,0.00,1356.15,857.00,0,0.00,0,0,06-JAN-2025
OPTIDX,NIFTYNXT50,27-Mar-2025,2025-03-27,66300.00,CE,0.00,0.00,0.00,4987.65,3275.90,0,0.00,0,0,06-JAN-2025
OPTIDX,NIFTYNXT50,27-Feb-2025,2025-02-27,58500.00,PE,0.00,0.00,0.00,95.80,35.40,0,0.00,0,0,06-JAN-2025
OPTIDX,NIFTYNXT50,27-Feb-2025,2025-02-27,64700.00,CE,0.00,0.00,0.00,7873.75,3682.05,0,0.00,0,0,06-JAN-2025
OPTIDX,NIFTYNXT50,30-Jan-2025,2025-01-30,58500.00,PE,0.00,0.00,0.00,152.40,1.80,0,0.00,0,0,06-JAN-2025
OPTIDX,NIFTYNXT50,27-Mar-2025,2025-03-27,58500.00,CE,0.00,0.00,0.00,11259.55,9459.10,0,0.00,0,0,06-JAN-2025
OPTSTK,JSWENERGY,30-Jan-2025,2025-01-30,570.00,PE,6.50,12.95,5.20,11.50,11.50,1069,4638.1815,294000,30750,06-JAN-2025
OPTIDX,BANKNIFTY,27-Feb-2025,2025-02-27,45000.00,CE,5900.00,5900.00,5544.45,5576.30,5576.30,15,228.54906,3720,330,06-JAN-2025
OPTIDX,BANKNIFTY,30-Jan-2025,2025-01-30,45000.00,CE,6130.00,6170.00,5000.00,5142.95,5142.95,384,2893.0101,38820,870,06-JAN-2025
OPTIDX,BANKNIFTY,27-Mar-2025,2025-03-27,45000.00,PE,109.65,189.95,105.00,173.45,173.45,674,9130.79424,15570,4920,06-JAN-2025
OPTIDX,BANKNIFTY,24-Dec-2025,2025-12-24,45000.00,PE,0.00,0.00,0.00,791.95,613.70,0,0.00,0,0,06-JAN-2025
OPTIDX,BANKNIFTY,25-Sep-2025,2025-09-25,45000.00,CE,0.00,0.00,0.00,12756.20,7539.45,0,0.00,0,0,06-JAN-2025
OPTIDX,BANKNIFTY,27-Feb-2025,2025-02-27,45000.00,PE,62.00,132.70,55.00,117.75,117.75,3636,49197.5616,50820,18570,06-JAN-2025
OPTIDX,BANKNIFTY,27-Feb-2025,2025-02-27,47500.00,CE,3398.20,3398.20,3398.20,3398.20,3170.80,1,15.26946,30,30,06-JAN-2025
OPTIDX,BANKNIFTY,27-Mar-2025,2025-03-27,53500.00,CE,756.00,756.00,507.20,533.00,533.00,1042,16918.3153,5910,-6690,06-JAN-2025
OPTIDX,BANKNIFTY,27-Feb-2025,2025-02-27,50200.00,PE,802.50,1223.50,790.00,1131.70,1131.70,199,3056.92813,1890,1800,06-JAN-2025
OPTIDX,BANKNIFTY,30-Jan-2025,2025-01-30,44000.00,CE,6366.25,6433.35,6100.00,6148.85,6148.85,24,180.6111,1335,0,06-JAN-2025
OPTIDX,BANKNIFTY,27-Mar-2025,2025-03-27,44000.00,PE,0.00,0.00,0.00,91.45,55.10,0,0.00,0,0,06-JAN-2025
OPTIDX,BANKNIFTY,30-Jan-2025,2025-01-30,51100.00,PE,821.80,1608.85,787.65,1466.90,1466.90,49758,389524.232,152760,-48900,06-JAN-2025
OPTIDX,BANKNIFTY,27-Mar-2025,2025-03-27,51100.00,CE,0.00,0.00,0.00,2619.70,1378.95,0,0.00,0,0,06-JAN-2025
OPTIDX,BANKNIFTY,27-Feb-2025,2025-02-27,57500.00,PE,0.00,0.00,0.00,4908.60,7052.10,0,0.00,0,0,06-JAN-2025
OPTIDX,BANKNIFTY,27-Feb-2025,2025-02-27,50500.00,PE,787.60,1366.15,787.00,1270.05,1270.05,3629,56212.2238,54090,14100,06-JAN-2025
OPTSTK,PRESTIGE,27-Mar-2025,2025-03-27,1800.00,PE,0.00,0.00,0.00,195.80,247.30,0,0.00,0,0,06-JAN-2025
OPTIDX,BANKNIFTY,27-Feb-2025,2025-02-27,54100.00,PE,3857.70,3857.70,3857.70,3857.70,3883.15,1,17.38731,90,30,06-JAN-2025
OPTIDX,BANKNIFTY,30-Jan-2025,2025-01-30,54100.00,CE,105.00,105.00,53.15,56.15,56.15,45931,373196.366,90840,-4095,06-JAN-2025
OPTSTK,PRESTIGE,27-Mar-2025,2025-03-27,1700.00,CE,0.00,0.00,0.00,226.80,100.00,0,0.00,0,0,06-JAN-2025
OPTSTK,PRESTIGE,30-Jan-2025,2025-01-30,1700.00,PE,98.00,151.55,98.00,144.85,144.85,48,284.753787,105300,-3575,06-JAN-2025
OPTSTK,PRESTIGE,30-Jan-2025,2025-01-30,1700.00,CE,50.85,50.85,23.50,26.60,26.60,706,3976.72973,100750,19825,06-JAN-2025
OPTIDX,BANKNIFTY,27-Mar-2025,2025-03-27,48100.00,PE,0.00,0.00,0.00,349.90,592.05,0,0.00,2610,0,06-JAN-2025
OPTSTK,JSWENERGY,30-Jan-2025,2025-01-30,680.00,PE,0.00,0.00,0.00,47.95,80.65,0,0.00,63750,0,06-JAN-2025
OPTSTK,JSWENERGY,27-Mar-2025,2025-03-27,720.00,PE,0.00,0.00,0.00,110.25,123.40,0,0.00,0,0,06-JAN-2025
OPTSTK,CUMMINSIND,27-Feb-2025,2025-02-27,3300.00,CE,124.20,124.20,93.35,100.00,100.00,7,35.747175,1200,750,06-JAN-2025
OPTIDX,BANKNIFTY,27-Mar-2025,2025-03-27,53000.00,PE,2125.20,2750.00,2100.00,2680.70,2680.70,41,682.5459,1140,180,06-JAN-2025
OPTSTK,CUMMINSIND,27-Feb-2025,2025-02-27,3050.00,PE,0.00,0.00,0.00,79.95,89.45,0,0.00,0,0,06-JAN-2025
OPTIDX,BANKNIFTY,27-Feb-2025,2025-02-27,47900.00,PE,0.00,0.00,0.00,405.45,374.60,0,0.00,0,0,06-JAN-2025
OPTIDX,BANKNIFTY,30-Jan-2025,2025-01-30,47900.00,PE,87.70,286.95,87.70,247.95,247.95,33398,240870.278,43785,-5040,06-JAN-2025
OPTIDX,MIDCPNIFTY,27-Mar-2025,2025-03-27,12675.00,CE,0.00,0.00,0.00,848.45,530.65,0,0.00,0,0,06-JAN-2025
OPTIDX,MIDCPNIFTY,27-Feb-2025,2025-02-27,11700.00,PE,0.00,0.00,0.00,45.00,32.65,0,0.00,120,0,06-JAN-2025
OPTIDX,MIDCPNIFTY,27-Mar-2025,2025-03-27,11700.00,PE,0.00,0.00,0.00,77.65,61.55,0,0.00,0,0,06-JAN-2025
OPTIDX,MIDCPNIFTY,27-Feb-2025,2025-02-27,11700.00,CE,0.00,0.00,0.00,1233.65,1141.20,0,0.00,0,0,06-JAN-2025
OPTIDX,MIDCPNIFTY,27-Feb-2025,2025-02-27,13550.00,CE,0.00,0.00,0.00,266.85,100.85,0,0.00,0,0,06-JAN-2025
FUTIDX,MIDCPNIFTY,27-Mar-2025,2025-03-27,,,13029.95,13078.65,12817.95,12837.70,12837.70,29,450.97434,2040,720,06-JAN-2025
OPTIDX,MIDCPNIFTY,27-Feb-2025,2025-02-27,12050.00,PE,0.00,0.00,0.00,235.25,79.90,0,0.00,0,0,06-JAN-2025
OPTIDX,NIFTY,06-Feb-2025,2025-02-06,24350.00,PE,0.00,0.00,0.00,477.20,750.00,0,0.00,0,0,06-JAN-2025
OPTIDX,NIFTY,27-Feb-2025,2025-02-27,24350.00,PE,782.65,832.70,734.45,832.70,782.95,39,734.813925,3825,-1875,06-JAN-2025
OPTIDX,NIFTY,27-Feb-2025,2025-02-27,24350.00,CE,433.55,433.55,303.85,308.90,308.90,275,5092.16977,8850,-1050,06-JAN-2025
OPTIDX,NIFTY,16-Jan-2025,2025-01-16,24350.00,PE,404.95,752.75,390.90,726.65,726.65,209,3905.99906,11850,6000,06-JAN-2025
OPTIDX,NIFTY,23-Jan-2025,2025-01-23,23100.00,CE,980.00,980.00,718.95,718.95,664.00,9,161.236275,300,300,06-JAN-2025
OPTIDX,NIFTY,06-Feb-2025,2025-02-06,24650.00,PE,0.00,0.00,0.00,642.85,984.50,0,0.00,0,0,06-JAN-2025
OPTIDX,NIFTY,23-Jan-2025,2025-01-23,24650.00,CE,52.00,54.10,40.20,45.40,45.40,346,6409.15245,10125,3075,06-JAN-2025
OPTIDX,NIFTY,27-Mar-2025,2025-03-27,24650.00,CE,0.00,0.00,0.00,570.55,334.75,0,0.00,0,0,06-JAN-2025
OPTIDX,NIFTY,31-Dec-2026,2026-12-31,25000.00,CE,2660.00,2660.00,2660.00,2660.00,2759.70,1,20.745,1050,0,06-JAN-2025
OPTIDX,NIFTY,26-Jun-2025,2025-06-26,25000.00,CE,740.20,783.45,600.05,616.30,616.30,1257,24182.2408,286000,-12025,06-JAN-2025
OPTIDX,NIFTY,24-Dec-2025,2025-12-24,25000.00,PE,1036.90,1233.00,1020.00,1198.90,1198.90,697,13681.0511,314600,-8400,06-JAN-2025
OPTIDX,NIFTY,23-Jan-2025,2025-01-23,25800.00,CE,4.70,5.45,4.00,5.15,5.15,166,3212.69167,7275,4425,06-JAN-2025
OPTIDX,NIFTY,16-Jan-2025,2025-01-16,25000.00,CE,11.75,13.80,6.95,7.40,7.40,50806,952959.311,1159050,272025,06-JAN-2025
OPTIDX,NIFTY,25-Jun-2026,2026-06-25,25000.00,CE,0.00,0.00,0.00,1510.40,2063.65,0,0.00,0,0,06-JAN-2025
OPTIDX,NIFTY,27-Feb-2025,2025-02-27,25000.00,PE,941.95,1313.95,917.00,1275.00,1275.00,1046,20556.1944,257625,-1500,06-JAN-2025
OPTIDX,NIFTY,25-Sep-2025,2025-09-25,25000.00,CE,0.00,0.00,0.00,3510.00,1000.30,0,0.00,0,0,06-JAN-2025
OPTIDX,NIFTY,24-Jun-2027,2027-06-24,25000.00,CE,0.00,0.00,0.00,2090.05,3381.85,0,0.00,0,0,06-JAN-2025
OPTIDX,NIFTY,27-Mar-2025,2025-03-27,25000.00,PE,930.00,1255.00,907.05,1209.00,1209.00,2442,47855.5563,622525,-50300,06-JAN-2025
OPTIDX,NIFTY,06-Feb-2025,2025-02-06,25800.00,CE,20.95,20.95,14.65,15.40,15.40,6,116.1741,150,150,06-JAN-2025
OPTIDX,NIFTY,23-Jan-2025,2025-01-23,25800.00,PE,0.00,0.00,0.00,1720.45,2103.40,0,0.00,0,0,06-JAN-2025
OPTIDX,NIFTY,09-Jan-2025,2025-01-09,23700.00,CE,360.00,395.00,139.25,156.20,156.20,1069042,19147159.1,2819625,1977900,06-JAN-2025
OPTIDX,NIFTY,06-Feb-2025,2025-02-06,23700.00,CE,664.45,664.45,477.55,477.55,402.20,15,272.948062,900,900,06-JAN-2025
OPTIDX,NIFTY,23-Jan-2025,2025-01-23,23700.00,PE,151.20,377.15,142.20,336.55,336.55,1774,31924.1453,36225,15975,06-JAN-2025
OPTIDX,NIFTY,27-Feb-2025,2025-02-27,23700.00,PE,289.65,501.75,284.50,471.55,471.55,3503,63402.6691,130275,44700,06-JAN-2025
OPTIDX,NIFTY,30-Jan-2025,2025-01-30,23700.00,CE,599.85,626.05,364.00,387.00,387.00,69538,419315.601,974625,148450,06-JAN-2025
OPTIDX,NIFTY,06-Feb-2025,2025-02-06,24950.00,PE,0.00,0.00,0.00,836.40,1242.10,0,0.00,0,0,06-JAN-2025
OPTIDX,NIFTY,25-Sep-2025,2025-09-25,20000.00,CE,0.00,0.00,0.00,7643.10,4593.05,0,0.00,0,0,06-JAN-2025
OPTIDX,NIFTY,24-Dec-2025,2025-12-24,20000.00,CE,0.00,0.00,0.00,5150.00,4925.95,0,0.00,20550,0,06-JAN-2025
OPTIDX,NIFTY,06-Feb-2025,2025-02-06,24800.00,PE,0.00,0.00,0.00,736.30,1110.80,0,0.00,0,0,06-JAN-2025
OPTIDX,NIFTY,23-Jan-2025,2025-01-23,24800.00,CE,57.70,61.00,27.00,29.45,29.45,3120,58116.0229,69975,47025,06-JAN-2025
OPTIDX,NIFTY,09-Jan-2025,2025-01-09,24800.00,PE,760.20,1240.40,754.95,1165.85,1165.85,392,7590.02565,44700,-8700,06-JAN-2025
OPTIDX,NIFTYNXT50,27-Feb-2025,2025-02-27,74200.00,CE,0.00,0.00,0.00,2277.25,233.90,0,0.00,0,0,06-JAN-2025
OPTIDX,NIFTYNXT50,30-Jan-2025,2025-01-30,68100.00,CE,0.00,0.00,0.00,1300.05,947.75,0,0.00,10,0,06-JAN-2025
OPTIDX,NIFTYNXT50,27-Feb-2025,2025-02-27,70700.00,PE,0.00,0.00,0.00,2572.90,3833.15,0,0.00,0,0,06-JAN-2025
OPTIDX,NIFTYNXT50,27-Mar-2025,2025-03-27,68100.00,CE,0.00,0.00,0.00,3905.60,2327.05,0,0.00,0,0,06-JAN-2025
OPTIDX,NIFTYNXT50,30-Jan-2025,2025-01-30,61500.00,PE,0.00,0.00,0.00,403.90,39.40,0,0.00,0,0,06-JAN-2025
OPTIDX,NIFTYNXT50,27-Mar-2025,2025-03-27,61500.00,PE,0.00,0.00,0.00,456.25,366.95,0,0.00,0,0,06-JAN-2025
OPTIDX,NIFTYNXT50,27-Feb-2025,2025-02-27,61500.00,PE,0.00,0.00,0.00,278.80,196.35,0,0.00,0,0,06-JAN-2025
OPTIDX,NIFTYNXT50,30-Jan-2025,2025-01-30,61500.00,CE,0.00,0.00,0.00,9786.75,5808.55,0,0.00,0,0,06-JAN-2025
OPTIDX,NIFTYNXT50,30-Jan-2025,2025-01-30,73600.00,PE,0.00,0.00,0.00,4717.40,6321.45,0,0.00,0,0,06-JAN-2025
OPTIDX,NIFTYNXT50,30-Jan-2025,2025-01-30,77000.00,CE,0.00,0.00,0.00,1259.20,3.00,0,0.00,0,0,06-JAN-2025
OPTIDX,NIFTYNXT50,27-Feb-2025,2025-02-27,78500.00,CE,0.00,0.00,0.00,1074.50,35.80,0,0.00,0,0,06-JAN-2025
OPTIDX,NIFTYNXT50,30-Jan-2025,2025-01-30,78500.00,PE,0.00,0.00,0.00,8249.45,11156.30,0,0.00,0,0,06-JAN-2025
OPTIDX,NIFTYNXT50,27-Mar-2025,2025-03-27,78500.00,CE,0.00,0.00,0.00,603.45,143.45,0,0.00,0,0,06-JAN-2025
OPTIDX,NIFTYNXT50,27-Mar-2025,2025-03-27,78500.00,PE,0.00,0.00,0.00,9157.60,10493.85,0,0.00,0,0,06-JAN-2025
OPTIDX,NIFTYNXT50,27-Feb-2025,2025-02-27,78500.00,PE,0.00,0.00,0.00,7464.60,10787.70,0,0.00,0,0,06-JAN-2025
OPTIDX,NIFTYNXT50,30-Jan-2025,2025-01-30,60500.00,PE,0.00,0.00,0.00,298.00,15.80,0,0.00,0,0,06-JAN-2025
OPTIDX,NIFTYNXT50,30-Jan-2025,2025-01-30,68500.00,PE,1790.00,2190.00,1590.00,2190.00,1999.75,4,28.126,840,0,06-JAN-2025
OPTIDX,NIFTYNXT50,27-Mar-2025,2025-03-27,68500.00,CE,0.00,0.00,0.00,3687.45,2144.85,0,0.00,0,0,06-JAN-2025
OPTIDX,NIFTYNXT50,27-Mar-2025,2025-03-27,60500.00,PE,0.00,0.00,0.00,334.15,248.65,0,0.00,0,0,06-JAN-2025
OPTIDX,NIFTYNXT50,30-Jan-2025,2025-01-30,68500.00,CE,1500.00,1549.00,902.00,1003.45,1003.45,215,1498.18727,840,80,06-JAN-2025
OPTIDX,NIFTYNXT50,27-Feb-2025,2025-02-27,60500.00,CE,0.00,0.00,0.00,11492.60,7192.65,0,0.00,0,0,06-JAN-2025
OPTIDX,NIFTYNXT50,27-Feb-2025,2025-02-27,68500.00,CE,0.00,0.00,0.00,5132.10,1534.00,0,0.00,0,0,06-JAN-2025
OPTIDX,NIFTYNXT50,30-Jan-2025,2025-01-30,60500.00,CE,0.00,0.00,0.00,10661.90,6780.50,0,0.00,0,0,06-JAN-2025
OPTIDX,NIFTYNXT50,30-Jan-2025,2025-01-30,68200.00,CE,0.00,0.00,0.00,1456.00,909.05,0,0.00,20,0,06-JAN-2025
OPTIDX,NIFTYNXT50,27-Mar-2025,2025-03-27,64900.00,CE,0.00,0.00,0.00,5942.35,4158.55,0,0.00,0,0,06-JAN-2025
OPTIDX,NIFTYNXT50,27-Feb-2025,2025-02-27,75000.00,CE,0.00,0.00,0.00,1997.70,169.85,0,0.00,0,0,06-JAN-2025
OPTIDX,NIFTYNXT50,27-Mar-2025,2025-03-27,75000.00,PE,0.00,0.00,0.00,6350.90,7328.90,0,0.00,0,0,06-JAN-2025
OPTIDX,NIFTYNXT50,30-Jan-2025,2025-01-30,57000.00,PE,25.00,66.15,20.50,59.65,59.65,392,2235.93825,1370,-330,06-JAN-2025
OPTIDX,NIFTYNXT50,30-Jan-2025,2025-01-30,57000.00,CE,0.00,0.00,0.00,13884.35,10249.50,0,0.00,0,0,06-JAN-2025
OPTIDX,NIFTYNXT50,27-Mar-2025,2025-03-27,75500.00,PE,0.00,0.00,0.00,6728.90,7763.30,0,0.00,0,0,06-JAN-2025
OPTIDX,NIFTYNXT50,30-Jan-2025,2025-01-30,75500.00,CE,0.00,0.00,0.00,1631.40,10.55,0,0.00,0,0,06-JAN-2025
OPTIDX,BANKNIFTY,30-Jan-2025,2025-01-30,47900.00,CE,0.00,0.00,0.00,5248.85,2392.55,0,0.00,0,0,06-JAN-2025
OPTIDX,BANKNIFTY,27-Feb-2025,2025-02-27,47900.00,CE,0.00,0.00,0.00,5671.15,2855.00,0,0.00,0,0,06-JAN-2025
OPTIDX,BANKNIFTY,27-Feb-2025,2025-02-27,52700.00,PE,1877.40,2700.00,1822.15,2573.80,2573.80,117,1919.74600,1020,-2880,06-JAN-2025
OPTIDX,BANKNIFTY,30-Jan-2025,2025-01-30,52700.00,PE,1799.95,2850.00,1787.60,2666.70,2666.70,444,3657.91274,53865,-180,06-JAN-2025
OPTIDX,BANKNIFTY,27-Feb-2025,2025-02-27,52700.00,CE,713.20,713.20,439.95,457.25,457.25,285,4553.57403,6720,4140,06-JAN-2025
OPTIDX,BANKNIFTY,27-Mar-2025,2025-03-27,52700.00,PE,0.00,0.00,0.00,2347.95,2805.05,0,0.00,0,0,06-JAN-2025
OPTIDX,BANKNIFTY,30-Jan-2025,2025-01-30,52900.00,PE,1927.40,2942.55,1927.40,2856.45,2856.45,290,2404.08458,33570,1170,06-JAN-2025
OPTIDX,BANKNIFTY,27-Mar-2025,2025-03-27,52300.00,PE,0.00,0.00,0.00,2134.10,2534.15,0,0.00,0,0,06-JAN-2025
OPTIDX,BANKNIFTY,30-Jan-2025,2025-01-30,54800.00,CE,51.10,54.30,32.20,34.85,34.85,68705,565160.727,254445,167055,06-JAN-2025
OPTIDX,BANKNIFTY,30-Jan-2025,2025-01-30,54800.00,PE,0.00,0.00,0.00,3230.80,4652.25,0,0.00,11880,0,06-JAN-2025
OPTIDX,BANKNIFTY,27-Feb-2025,2025-02-27,54800.00,CE,206.85,206.85,153.30,156.00,148.20,78,1286.28066,2280,-1200,06-JAN-2025
OPTIDX,BANKNIFTY,27-Feb-2025,2025-02-27,54800.00,PE,0.00,0.00,0.00,3021.80,4501.75,0,0.00,0,0,06-JAN-2025
OPTSTK,PRESTIGE,30-Jan-2025,2025-01-30,1750.00,CE,33.10,33.10,16.00,17.60,17.60,153,881.158687,52650,-2275,06-JAN-2025
OPTSTK,PRESTIGE,30-Jan-2025,2025-01-30,1650.00,CE,72.50,72.50,38.85,40.50,40.50,90,496.68775,24375,-4225,06-JAN-2025
OPTSTK,PRESTIGE,30-Jan-2025,2025-01-30,1750.00,PE,0.00,0.00,0.00,121.55,171.50,0,0.00,20475,0,06-JAN-2025
OPTSTK,PRESTIGE,27-Feb-2025,2025-02-27,1650.00,PE,0.00,0.00,0.00,96.90,129.35,0,0.00,0,0,06-JAN-2025
OPTIDX,BANKNIFTY,26-Jun-2025,2025-06-26,51000.00,CE,0.00,0.00,0.00,3260.00,2556.70,0,0.00,30,0,06-JAN-2025
OPTIDX,BANKNIFTY,30-Jan-2025,2025-01-30,51000.00,PE,764.30,1540.00,750.55,1399.15,1399.15,335738,2621744.07,1124400,22965,06-JAN-2025
OPTIDX,BANKNIFTY,27-Feb-2025,2025-02-27,51000.00,CE,1621.65,1621.65,1018.50,1067.00,1067.00,6299,98606.0013,103350,35100,06-JAN-2025
OPTIDX,BANKNIFTY,25-Sep-2025,2025-09-25,51000.00,PE,0.00,0.00,0.00,1400.00,2196.75,0,0.00,0,0,06-JAN-2025
OPTIDX,BANKNIFTY,27-Mar-2025,2025-03-27,51000.00,CE,2180.65,2180.65,1409.95,1473.25,1473.25,1339,21097.2373,45585,14655,06-JAN-2025
OPTIDX,BANKNIFTY,27-Feb-2025,2025-02-27,52600.00,CE,757.10,757.10,467.35,482.85,482.85,265,4228.86612,7830,2640,06-JAN-2025
OPTIDX,BANKNIFTY,30-Jan-2025,2025-01-30,52600.00,PE,1774.45,2762.00,1721.90,2605.00,2605.00,553,4564.13073,61950,-3450,06-JAN-2025
OPTIDX,BANKNIFTY,27-Feb-2025,2025-02-27,53100.00,PE,2596.00,2728.10,2596.00,2728.10,3052.00,5,83.70252,3690,0,06-JAN-2025
OPTSTK,JSWENERGY,27-Mar-2025,2025-03-27,620.00,CE,0.00,0.00,0.00,79.15,44.50,0,0.00,0,0,06-JAN-2025
OPTSTK,CUMMINSIND,30-Jan-2025,2025-01-30,3550.00,CE,17.20,17.20,11.00,11.55,11.55,142,759.024675,33150,2100,06-JAN-2025
OPTIDX,BANKNIFTY,27-Mar-2025,2025-03-27,50400.00,CE,0.00,0.00,0.00,3023.90,1707.25,0,0.00,0,0,06-JAN-2025
OPTIDX,BANKNIFTY,30-Jan-2025,2025-01-30,55000.00,CE,43.50,47.00,28.65,31.85,31.85,358922,2962910.50,1823265,216105,06-JAN-2025
OPTIDX,BANKNIFTY,27-Feb-2025,2025-02-27,55000.00,CE,191.35,191.35,112.10,116.25,116.25,10740,177632.154,263850,-270,06-JAN-2025
OPTIDX,BANKNIFTY,27-Mar-2025,2025-03-27,55000.00,PE,0.00,0.00,0.00,3793.95,4590.20,0,0.00,0,0,06-JAN-2025
OPTIDX,NIFTY,27-Feb-2025,2025-02-27,24800.00,CE,271.95,281.00,166.05,171.10,171.10,3334,62485.1235,107475,24900,06-JAN-2025
OPTIDX,NIFTY,06-Feb-2025,2025-02-06,24800.00,CE,160.00,175.00,105.15,105.85,105.85,39,729.110475,2100,1725,06-JAN-2025
OPTIDX,NIFTY,16-Jan-2025,2025-01-16,25850.00,CE,3.00,3.35,1.60,2.75,2.75,435,8434.39057,6525,-825,06-JAN-2025
OPTIDX,NIFTY,30-Jan-2025,2025-01-30,22650.00,CE,0.00,0.00,0.00,1992.95,1102.15,0,0.00,175,0,06-JAN-2025
OPTIDX,NIFTY,23-Jan-2025,2025-01-23,22650.00,CE,0.00,0.00,0.00,1518.65,1056.35,0,0.00,0,0,06-JAN-2025
OPTIDX,NIFTY,27-Feb-2025,2025-02-27,22650.00,CE,0.00,0.00,0.00,1869.30,1283.30,0,0.00,0,0,06-JAN-2025
OPTIDX,NIFTY,23-Jan-2025,2025-01-23,22650.00,PE,21.85,63.05,21.85,55.85,55.85,122,2076.3789,3225,3000,06-JAN-2025
OPTIDX,NIFTY,09-Jan-2025,2025-01-09,22650.00,PE,1.10,13.35,0.90,9.85,9.85,294380,5002354.06,656700,-46275,06-JAN-2025
OPTIDX,NIFTY,16-Jan-2025,2025-01-16,22650.00,PE,6.75,41.00,4.60,34.20,34.20,5191,88266.7360,34950,16050,06-JAN-2025
OPTIDX,NIFTY,27-Feb-2025,2025-02-27,22650.00,PE,0.00,0.00,0.00,105.50,100.50,0,0.00,2175,0,06-JAN-2025
OPTIDX,NIFTY,06-Feb-2025,2025-02-06,22650.00,PE,0.00,0.00,0.00,37.75,52.85,0,0.00,0,0,06-JAN-2025
OPTIDX,NIFTY,27-Mar-2025,2025-03-27,22650.00,PE,0.00,0.00,0.00,149.70,153.00,0,0.00,4725,0,06-JAN-2025
OPTIDX,NIFTY,24-Jun-2027,2027-06-24,18000.00,PE,0.00,0.00,0.00,48.55,31.35,0,0.00,25,0,06-JAN-2025
OPTIDX,NIFTY,24-Dec-2025,2025-12-24,17000.00,CE,0.00,0.00,0.00,8400.00,7688.70,0,0.00,625,0,06-JAN-2025
OPTIDX,NIFTY,16-Jan-2025,2025-01-16,23800.00,CE,381.00,410.00,193.25,208.40,208.40,26787,482974.334,346650,223275,06-JAN-2025
OPTIDX,NIFTY,06-Feb-2025,2025-02-06,23800.00,CE,440.00,440.00,440.00,440.00,353.25,2,36.36,150,150,06-JAN-2025
OPTIDX,NIFTY,30-Dec-2027,2027-12-30,17000.00,PE,0.00,0.00,0.00,180.60,18.60,0,0.00,14200,0,06-JAN-2025
OPTIDX,NIFTY,31-Dec-2026,2026-12-31,16000.00,CE,0.00,0.00,0.00,6200.00,9624.65,0,0.00,50,0,06-JAN-2025
OPTIDX,NIFTY,24-Dec-2025,2025-12-24,16000.00,CE,0.00,0.00,0.00,7200.00,8624.65,0,0.00,50,0,06-JAN-2025
OPTIDX,NIFTY,26-Jun-2025,2025-06-26,16000.00,PE,0.00,0.00,0.00,1.50,0.05,0,0.00,1425,0,06-JAN-2025
OPTIDX,NIFTY,24-Dec-2025,2025-12-24,16000.00,PE,0.00,0.00,0.00,20.25,0.25,0,0.00,2125,0,06-JAN-2025
OPTIDX,NIFTY,09-Jan-2025,2025-01-09,22300.00,PE,0.85,5.60,0.70,4.40,4.40,212194,3549431.33,2097075,1032225,06-JAN-2025
OPTIDX,NIFTY,27-Feb-2025,2025-02-27,22450.00,CE,0.00,0.00,0.00,2029.30,1452.35,0,0.00,0,0,06-JAN-2025
OPTIDX,NIFTY,06-Feb-2025,2025-02-06,22450.00,CE,0.00,0.00,0.00,1919.75,1327.20,0,0.00,0,0,06-JAN-2025
OPTIDX,NIFTY,27-Feb-2025,2025-02-27,22300.00,PE,59.00,122.85,59.00,115.45,115.45,972,16319.1264,177000,15825,06-JAN-2025
OPTIDX,NIFTY,30-Jan-2025,2025-01-30,22450.00,CE,0.00,0.00,0.00,1500.00,1285.75,0,0.00,350,0,06-JAN-2025
OPTIDX,NIFTY,09-Jan-2025,2025-01-09,22450.00,CE,0.00,0.00,0.00,2424.25,1178.50,0,0.00,0,0,06-JAN-2025
OPTIDX,NIFTY,27-Mar-2025,2025-03-27,22300.00,CE,0.00,0.00,0.00,2007.65,1739.10,0,0.00,0,0,06-JAN-2025
OPTIDX,NIFTY,27-Mar-2025,2025-03-27,25100.00,CE,309.35,318.05,218.00,223.45,223.45,81,1539.00768,5175,3000,06-JAN-2025
OPTIDX,NIFTY,27-Feb-2025,2025-02-27,25100.00,CE,183.05,191.35,111.30,115.40,115.40,2282,43186.2213,52650,6825,06-JAN-2025
OPTIDX,NIFTY,06-Feb-2025,2025-02-06,22800.00,CE,0.00,0.00,0.00,1597.85,1019.95,0,0.00,0,0,06-JAN-2025
OPTIDX,NIFTY,09-Jan-2025,2025-01-09,22550.00,CE,0.00,0.00,0.00,2327.45,1078.55,0,0.00,0,0,06-JAN-2025
OPTIDX,NIFTYNXT50,27-Feb-2025,2025-02-27,75500.00,PE,0.00,0.00,0.00,5279.75,7918.75,0,0.00,0,0,06-JAN-2025
OPTIDX,NIFTYNXT50,27-Feb-2025,2025-02-27,75500.00,CE,0.00,0.00,0.00,1836.80,138.10,0,0.00,0,0,06-JAN-2025
OPTIDX,NIFTYNXT50,27-Mar-2025,2025-03-27,75500.00,CE,0.00,0.00,0.00,1121.70,368.90,0,0.00,0,0,06-JAN-2025
OPTIDX,NIFTYNXT50,30-Jan-2025,2025-01-30,75500.00,PE,0.00,0.00,0.00,5983.05,8179.40,0,0.00,0,0,06-JAN-2025
OPTIDX,NIFTYNXT50,30-Jan-2025,2025-01-30,66400.00,CE,0.00,0.00,0.00,5961.35,1787.20,0,0.00,0,0,06-JAN-2025
OPTIDX,NIFTYNXT50,30-Jan-2025,2025-01-30,64000.00,CE,0.00,0.00,0.00,7726.50,3530.30,0,0.00,0,0,06-JAN-2025
OPTIDX,NIFTYNXT50,27-Mar-2025,2025-03-27,64000.00,CE,0.00,0.00,0.00,6599.60,4789.30,0,0.00,0,0,06-JAN-2025
OPTIDX,NIFTYNXT50,27-Feb-2025,2025-02-27,68400.00,PE,0.00,0.00,0.00,1664.10,2324.25,0,0.00,0,0,06-JAN-2025
OPTIDX,NIFTYNXT50,27-Mar-2025,2025-03-27,64000.00,PE,0.00,0.00,0.00,910.30,852.65,0,0.00,0,0,06-JAN-2025
OPTIDX,NIFTYNXT50,27-Mar-2025,2025-03-27,70900.00,PE,0.00,0.00,0.00,3637.55,4121.55,0,0.00,0,0,06-JAN-2025
OPTIDX,NIFTYNXT50,27-Mar-2025,2025-03-27,70900.00,CE,0.00,0.00,0.00,2548.95,1259.60,0,0.00,0,0,06-JAN-2025
OPTIDX,NIFTYNXT50,27-Feb-2025,2025-02-27,72700.00,PE,0.00,0.00,0.00,3570.75,5418.10,0,0.00,0,0,06-JAN-2025
OPTIDX,NIFTYNXT50,30-Jan-2025,2025-01-30,78000.00,CE,0.00,0.00,0.00,1047.85,1.20,0,0.00,0,0,06-JAN-2025
OPTIDX,NIFTYNXT50,27-Feb-2025,2025-02-27,78000.00,PE,0.00,0.00,0.00,7081.35,10302.10,0,0.00,0,0,06-JAN-2025
OPTIDX,NIFTYNXT50,27-Feb-2025,2025-02-27,75200.00,PE,0.00,0.00,0.00,5080.35,7639.95,0,0.00,0,0,06-JAN-2025
OPTIDX,NIFTYNXT50,30-Jan-2025,2025-01-30,75200.00,CE,0.00,0.00,0.00,1716.40,13.40,0,0.00,0,0,06-JAN-2025
OPTIDX,NIFTYNXT50,27-Mar-2025,2025-03-27,68300.00,PE,0.00,0.00,0.00,2330.10,2534.85,0,0.00,0,0,06-JAN-2025
OPTIDX,NIFTYNXT50,30-Jan-2025,2025-01-30,71500.00,PE,0.00,0.00,0.00,3496.85,4358.75,0,0.00,0,0,06-JAN-2025
OPTIDX,NIFTYNXT50,30-Jan-2025,2025-01-30,73400.00,PE,0.00,0.00,0.00,4592.80,6128.95,0,0.00,0,0,06-JAN-2025
OPTIDX,NIFTYNXT50,27-Feb-2025,2025-02-27,64000.00,CE,0.00,0.00,0.00,8440.80,4198.75,0,0.00,0,0,06-JAN-2025
OPTIDX,NIFTYNXT50,27-Mar-2025,2025-03-27,68400.00,CE,0.00,0.00,0.00,3741.20,2189.45,0,0.00,0,0,06-JAN-2025
OPTIDX,NIFTYNXT50,30-Jan-2025,2025-01-30,64000.00,PE,0.00,0.00,0.00,796.20,250.10,0,0.00,0,0,06-JAN-2025
OPTIDX,NIFTYNXT50,27-Mar-2025,2025-03-27,68400.00,PE,0.00,0.00,0.00,2374.05,2588.15,0,0.00,0,0,06-JAN-2025
OPTIDX,NIFTYNXT50,27-Feb-2025,2025-02-27,64000.00,PE,0.00,0.00,0.00,586.35,589.45,0,0.00,0,0,06-JAN-2025
OPTIDX,NIFTYNXT50,30-Jan-2025,2025-01-30,68400.00,CE,1648.90,1648.90,1003.30,1053.45,835.15,15,104.682795,90,40,06-JAN-2025
OPTIDX,NIFTYNXT50,27-Feb-2025,2025-02-27,68400.00,CE,0.00,0.00,0.00,5196.05,1575.65,0,0.00,0,0,06-JAN-2025
OPTIDX,NIFTYNXT50,30-Jan-2025,2025-01-30,68400.00,PE,1300.00,1699.90,1267.50,1699.90,1935.45,9,62.80159,60,10,06-JAN-2025
OPTIDX,NIFTYNXT50,30-Jan-2025,2025-01-30,70900.00,PE,0.00,0.00,0.00,3184.95,3832.40,0,0.00,0,0,06-JAN-2025
OPTIDX,NIFTYNXT50,27-Mar-2025,2025-03-27,72700.00,CE,0.00,0.00,0.00,1880.05,804.65,0,0.00,0,0,06-JAN-2025
OPTIDX,NIFTYNXT50,27-Feb-2025,2025-02-27,70900.00,CE,0.00,0.00,0.00,3740.05,756.85,0,0.00,0,0,06-JAN-2025
OPTIDX,NIFTYNXT50,30-Jan-2025,2025-01-30,72700.00,PE,0.00,0.00,0.00,4170.30,5462.75,0,0.00,0,0,06-JAN-2025
OPTIDX,NIFTYNXT50,27-Mar-2025,2025-03-27,69800.00,PE,0.00,0.00,0.00,3042.65,3400.65,0,0.00,0,0,06-JAN-2025
OPTIDX,BANKNIFTY,30-Jan-2025,2025-01-30,55000.00,PE,3811.70,5010.00,3797.10,4851.15,4851.15,3066,27401.9379,573660,-1410,06-JAN-2025
OPTIDX,BANKNIFTY,27-Mar-2025,2025-03-27,55000.00,CE,360.00,369.75,246.25,255.70,255.70,755,12524.5309,14970,2460,06-JAN-2025
OPTIDX,BANKNIFTY,27-Feb-2025,2025-02-27,55000.00,PE,3500.30,4613.65,3500.30,4507.00,4507.00,112,1991.31487,8430,1320,06-JAN-2025
OPTSTK,JSWENERGY,27-Feb-2025,2025-02-27,670.00,PE,0.00,0.00,0.00,69.35,79.40,0,0.00,0,0,06-JAN-2025
OPTSTK,CUMMINSIND,30-Jan-2025,2025-01-30,4100.00,CE,0.00,0.00,0.00,2.50,0.15,0,0.00,1200,0,06-JAN-2025
OPTIDX,BANKNIFTY,26-Jun-2025,2025-06-26,58500.00,CE,393.95,393.95,300.00,338.65,338.65,9,158.838105,2040,150,06-JAN-2025
OPTIDX,BANKNIFTY,27-Feb-2025,2025-02-27,58500.00,PE,0.00,0.00,0.00,4259.80,8029.55,0,0.00,60,0,06-JAN-2025
OPTIDX,BANKNIFTY,25-Sep-2025,2025-09-25,58500.00,CE,0.00,0.00,0.00,4297.95,959.15,0,0.00,0,0,06-JAN-2025
OPTIDX,BANKNIFTY,24-Dec-2025,2025-12-24,58500.00,CE,0.00,0.00,0.00,2933.15,1553.95,0,0.00,0,0,06-JAN-2025
OPTIDX,BANKNIFTY,25-Sep-2025,2025-09-25,58500.00,PE,0.00,0.00,0.00,4588.85,6770.30,0,0.00,0,0,06-JAN-2025
OPTIDX,BANKNIFTY,27-Feb-2025,2025-02-27,58500.00,CE,35.75,38.00,34.00,37.35,37.35,24,421.45872,3360,270,06-JAN-2025
OPTIDX,BANKNIFTY,27-Mar-2025,2025-03-27,51900.00,PE,0.00,0.00,0.00,1101.05,2277.00,0,0.00,0,0,06-JAN-2025
OPTIDX,BANKNIFTY,27-Feb-2025,2025-02-27,49000.00,CE,2957.00,2957.00,2172.55,2230.35,2230.35,229,3527.64345,5220,1470,06-JAN-2025
OPTIDX,BANKNIFTY,24-Dec-2025,2025-12-24,52500.00,PE,0.00,0.00,0.00,2946.15,2928.00,0,0.00,0,0,06-JAN-2025
OPTSTK,JSWENERGY,30-Jan-2025,2025-01-30,740.00,PE,0.00,0.00,0.00,100.85,136.10,0,0.00,5250,0,06-JAN-2025
OPTSTK,JSWENERGY,27-Mar-2025,2025-03-27,760.00,CE,0.00,0.00,0.00,29.55,9.70,0,0.00,0,0,06-JAN-2025
OPTSTK,CUMMINSIND,30-Jan-2025,2025-01-30,4000.00,PE,0.00,0.00,0.00,747.00,806.45,0,0.00,3450,0,06-JAN-2025
OPTSTK,PRESTIGE,27-Feb-2025,2025-02-27,1800.00,PE,0.00,0.00,0.00,239.70,231.25,0,0.00,0,0,06-JAN-2025
OPTIDX,BANKNIFTY,27-Feb-2025,2025-02-27,51800.00,CE,1111.50,1111.50,708.20,732.05,732.05,233,3681.16257,4230,1290,06-JAN-2025
OPTSTK,JSWENERGY,27-Feb-2025,2025-02-27,580.00,CE,0.00,0.00,0.00,122.75,53.45,0,0.00,0,0,06-JAN-2025
OPTSTK,JSWENERGY,27-Feb-2025,2025-02-27,540.00,CE,0.00,0.00,0.00,150.70,79.60,0,0.00,0,0,06-JAN-2025
OPTSTK,JSWENERGY,27-Mar-2025,2025-03-27,540.00,CE,0.00,0.00,0.00,127.70,88.70,0,0.00,0,0,06-JAN-2025
OPTIDX,BANKNIFTY,27-Feb-2025,2025-02-27,55300.00,CE,86.55,86.55,86.55,86.55,109.10,1,16.615965,2040,0,06-JAN-2025
FUTSTK,PRESTIGE,27-Mar-2025,2025-03-27,,,1600.00,1600.00,1595.50,1595.50,1618.70,3,15.585375,1625,975,06-JAN-2025
OPTSTK,PRESTIGE,27-Mar-2025,2025-03-27,1600.00,CE,0.00,0.00,0.00,282.00,141.65,0,0.00,0,0,06-JAN-2025
OPTIDX,BANKNIFTY,27-Mar-2025,2025-03-27,53900.00,CE,0.00,0.00,0.00,1364.60,506.30,0,0.00,0,0,06-JAN-2025
OPTSTK,CUMMINSIND,30-Jan-2025,2025-01-30,3350.00,PE,188.00,224.45,188.00,224.45,207.80,3,16.03035,28800,0,06-JAN-2025
OPTIDX,BANKNIFTY,26-Jun-2025,2025-06-26,55500.00,PE,0.00,0.00,0.00,4048.55,4794.50,0,0.00,0,0,06-JAN-2025
OPTIDX,BANKNIFTY,27-Mar-2025,2025-03-27,55500.00,CE,277.60,278.00,200.15,207.55,207.55,369,6170.15823,25410,1305,06-JAN-2025
OPTIDX,BANKNIFTY,27-Feb-2025,2025-02-27,55500.00,CE,124.95,129.45,85.85,89.75,89.75,1404,23418.4369,28590,-2640,06-JAN-2025
OPTIDX,BANKNIFTY,25-Sep-2025,2025-09-25,55500.00,CE,0.00,0.00,0.00,5690.65,1692.20,0,0.00,0,0,06-JAN-2025
OPTIDX,NIFTYNXT50,27-Mar-2025,2025-03-27,65000.00,CE,0.00,0.00,0.00,5871.20,4091.45,0,0.00,0,0,06-JAN-2025
OPTIDX,NIFTYNXT50,30-Jan-2025,2025-01-30,63900.00,CE,0.00,0.00,0.00,7804.85,3614.60,0,0.00,0,0,06-JAN-2025
OPTIDX,NIFTYNXT50,30-Jan-2025,2025-01-30,82000.00,PE,0.00,0.00,0.00,11206.25,14640.10,0,0.00,0,0,06-JAN-2025
OPTIDX,NIFTYNXT50,27-Mar-2025,2025-03-27,66800.00,CE,0.00,0.00,0.00,4670.80,2991.10,0,0.00,0,0,06-JAN-2025
OPTIDX,NIFTYNXT50,27-Mar-2025,2025-03-27,66800.00,PE,0.00,0.00,0.00,1731.90,1813.30,0,0.00,0,0,06-JAN-2025
OPTIDX,NIFTYNXT50,27-Mar-2025,2025-03-27,64300.00,CE,0.00,0.00,0.00,6375.95,4573.80,0,0.00,0,0,06-JAN-2025
OPTIDX,NIFTYNXT50,30-Jan-2025,2025-01-30,64300.00,PE,0.00,0.00,0.00,857.55,300.60,0,0.00,0,0,06-JAN-2025
OPTIDX,NIFTYNXT50,27-Feb-2025,2025-02-27,75800.00,CE,0.00,0.00,0.00,1745.20,121.65,0,0.00,0,0,06-JAN-2025
OPTIDX,NIFTYNXT50,27-Mar-2025,2025-03-27,64200.00,PE,0.00,0.00,0.00,957.20,905.45,0,0.00,0,0,06-JAN-2025
OPTIDX,NIFTYNXT50,30-Jan-2025,2025-01-30,66000.00,PE,0.00,0.00,0.00,500.00,746.05,0,0.00,10,0,06-JAN-2025
OPTIDX,NIFTYNXT50,30-Jan-2025,2025-01-30,66000.00,CE,0.00,0.00,0.00,6241.85,2035.10,0,0.00,0,0,06-JAN-2025
OPTIDX,NIFTYNXT50,27-Mar-2025,2025-03-27,66000.00,PE,0.00,0.00,0.00,1458.95,1488.50,0,0.00,0,0,06-JAN-2025
OPTIDX,NIFTYNXT50,30-Jan-2025,2025-01-30,69000.00,PE,1500.00,2200.00,1500.00,2200.00,2337.40,22,155.51599,300,-110,06-JAN-2025
OPTIDX,NIFTYNXT50,30-Jan-2025,2025-01-30,67400.00,CE,0.00,0.00,0.00,5298.90,1251.25,0,0.00,0,0,06-JAN-2025
OPTIDX,NIFTYNXT50,27-Feb-2025,2025-02-27,65000.00,PE,0.00,0.00,0.00,400.05,852.30,0,0.00,50,0,06-JAN-2025
OPTIDX,NIFTYNXT50,27-Feb-2025,2025-02-27,69800.00,PE,0.00,0.00,0.00,2186.95,3197.60,0,0.00,0,0,06-JAN-2025
OPTIDX,NIFTYNXT50,30-Jan-2025,2025-01-30,65000.00,PE,0.00,0.00,0.00,1014.05,448.80,0,0.00,0,0,06-JAN-2025
OPTIDX,NIFTYNXT50,30-Jan-2025,2025-01-30,82000.00,CE,20.00,22.90,15.15,17.85,17.85,504,4133.72743,4610,270,06-JAN-2025
OPTIDX,NIFTYNXT50,30-Jan-2025,2025-01-30,63900.00,PE,0.00,0.00,0.00,776.50,234.80,0,0.00,0,0,06-JAN-2025
OPTIDX,NIFTYNXT50,27-Feb-2025,2025-02-27,82000.00,CE,0.00,0.00,0.00,535.00,5.90,0,0.00,0,0,06-JAN-2025
OPTIDX,NIFTYNXT50,27-Feb-2025,2025-02-27,66800.00,PE,0.00,0.00,0.00,1181.65,1515.25,0,0.00,0,0,06-JAN-2025
OPTIDX,NIFTYNXT50,27-Feb-2025,2025-02-27,64300.00,PE,0.00,0.00,0.00,635.95,661.00,0,0.00,0,0,06-JAN-2025
OPTIDX,NIFTYNXT50,30-Jan-2025,2025-01-30,64300.00,CE,0.00,0.00,0.00,7493.50,3282.15,0,0.00,0,0,06-JAN-2025
OPTIDX,NIFTYNXT50,27-Feb-2025,2025-02-27,66500.00,PE,0.00,0.00,0.00,1103.55,1386.80,0,0.00,0,0,06-JAN-2025
OPTIDX,NIFTYNXT50,27-Mar-2025,2025-03-27,66500.00,CE,0.00,0.00,0.00,4859.40,3160.00,0,0.00,0,0,06-JAN-2025
OPTIDX,NIFTYNXT50,27-Feb-2025,2025-02-27,64400.00,CE,0.00,0.00,0.00,8114.70,3899.35,0,0.00,0,0,06-JAN-2025
OPTIDX,NIFTYNXT50,27-Feb-2025,2025-02-27,69700.00,CE,0.00,0.00,0.00,4401.35,1094.25,0,0.00,0,0,06-JAN-2025
OPTIDX,NIFTYNXT50,27-Mar-2025,2025-03-27,69700.00,PE,0.00,0.00,0.00,2991.60,3338.60,0,0.00,0,0,06-JAN-2025
OPTIDX,NIFTYNXT50,27-Mar-2025,2025-03-27,69700.00,CE,0.00,0.00,0.00,3081.75,1659.00,0,0.00,0,0,06-JAN-2025
OPTIDX,NIFTYNXT50,30-Jan-2025,2025-01-30,67900.00,CE,0.00,0.00,0.00,4984.75,1028.55,0,0.00,0,0,06-JAN-2025
OPTIDX,NIFTYNXT50,27-Mar-2025,2025-03-27,67900.00,PE,0.00,0.00,0.00,2159.40,2328.10,0,0.00,0,0,06-JAN-2025
OPTIDX,BANKNIFTY,27-Mar-2025,2025-03-27,55500.00,PE,4207.35,4760.80,4097.05,4760.75,5019.45,54,969.816615,2700,-30,06-JAN-2025
OPTSTK,JSWENERGY,27-Feb-2025,2025-02-27,640.00,PE,0.00,0.00,0.00,53.25,58.45,0,0.00,0,0,06-JAN-2025
OPTIDX,BANKNIFTY,27-Mar-2025,2025-03-27,44500.00,CE,0.00,0.00,0.00,7000.00,6154.05,0,0.00,30,0,06-JAN-2025
OPTSTK,JSWENERGY,30-Jan-2025,2025-01-30,640.00,PE,33.00,49.60,29.40,47.40,47.40,576,2928.33862,177000,-46500,06-JAN-2025
OPTIDX,BANKNIFTY,30-Jan-2025,2025-01-30,44500.00,PE,1.00,25.85,1.00,20.15,20.15,171355,1144217.16,251805,-8070,06-JAN-2025
OPTSTK,CUMMINSIND,30-Jan-2025,2025-01-30,2900.00,PE,14.80,21.40,10.10,19.55,19.55,610,2669.66857,48000,-2400,06-JAN-2025
OPTIDX,BANKNIFTY,30-Jan-2025,2025-01-30,55200.00,CE,39.60,39.60,25.70,29.10,29.10,29320,242900.360,162705,21195,06-JAN-2025
OPTIDX,BANKNIFTY,30-Jan-2025,2025-01-30,56400.00,CE,15.35,19.85,14.75,18.50,18.50,15507,131227.275,81750,6960,06-JAN-2025
OPTIDX,BANKNIFTY,27-Feb-2025,2025-02-27,55300.00,PE,0.00,0.00,0.00,3338.35,4957.85,0,0.00,0,0,06-JAN-2025
OPTIDX,BANKNIFTY,26-Jun-2025,2025-06-26,49500.00,CE,0.00,0.00,0.00,8657.30,3374.85,0,0.00,0,0,06-JAN-2025
OPTIDX,BANKNIFTY,24-Dec-2025,2025-12-24,49500.00,PE,0.00,0.00,0.00,1863.85,1723.45,0,0.00,0,0,06-JAN-2025
FUTIDX,BANKNIFTY,27-Feb-2025,2025-02-27,,,51630.00,51641.40,50370.00,50523.60,50523.60,10795,164748.718,411150,100860,06-JAN-2025
OPTIDX,BANKNIFTY,27-Mar-2025,2025-03-27,50000.00,PE,749.55,1188.00,749.50,1107.50,1107.50,1570,24008.3974,42480,3870,06-JAN-2025
OPTIDX,BANKNIFTY,27-Feb-2025,2025-02-27,53200.00,CE,549.05,549.05,329.60,342.65,342.65,338,5437.79748,5880,870,06-JAN-2025
OPTIDX,BANKNIFTY,27-Mar-2025,2025-03-27,48800.00,CE,0.00,0.00,0.00,4083.30,2637.60,0,0.00,0,0,06-JAN-2025
OPTIDX,BANKNIFTY,30-Jan-2025,2025-01-30,56600.00,PE,0.00,0.00,0.00,4593.20,6429.15,0,0.00,0,0,06-JAN-2025
OPTIDX,BANKNIFTY,30-Jan-2025,2025-01-30,59500.00,CE,9.00,14.15,8.60,13.65,13.65,60083,536346.464,381825,149700,06-JAN-2025
OPTIDX,BANKNIFTY,27-Feb-2025,2025-02-27,59500.00,CE,28.00,32.00,27.40,29.25,29.25,108,1928.73754,2550,-330,06-JAN-2025
OPTIDX,BANKNIFTY,30-Jan-2025,2025-01-30,59500.00,PE,0.00,0.00,0.00,6658.95,9314.55,0,0.00,15,0,06-JAN-2025
OPTIDX,BANKNIFTY,27-Feb-2025,2025-02-27,59500.00,PE,0.00,0.00,0.00,6465.85,9013.65,0,0.00,300,0,06-JAN-2025
OPTIDX,BANKNIFTY,27-Mar-2025,2025-03-27,52100.00,CE,0.00,0.00,0.00,2105.50,990.95,0,0.00,0,0,06-JAN-2025
OPTIDX,BANKNIFTY,27-Mar-2025,2025-03-27,52100.00,PE,0.00,0.00,0.00,2031.55,2403.80,0,0.00,0,0,06-JAN-2025
OPTSTK,JSWENERGY,27-Mar-2025,2025-03-27,640.00,PE,0.00,0.00,0.00,61.45,65.65,0,0.00,0,0,06-JAN-2025
OPTIDX,BANKNIFTY,27-Feb-2025,2025-02-27,44500.00,PE,40.00,100.45,40.00,90.15,90.15,307,4106.21005,3930,2310,06-JAN-2025
OPTIDX,BANKNIFTY,30-Jan-2025,2025-01-30,50200.00,CE,1510.00,1510.00,847.30,916.90,916.90,103945,797784.498,149160,128145,06-JAN-2025
OPTIDX,BANKNIFTY,27-Mar-2025,2025-03-27,53500.00,PE,0.00,0.00,0.00,2810.30,3385.20,0,0.00,0,0,06-JAN-2025
OPTSTK,PRESTIGE,30-Jan-2025,2025-01-30,1500.00,PE,14.00,39.20,14.00,35.00,35.00,874,4334.9059,60450,-18200,06-JAN-2025
OPTSTK,PRESTIGE,27-Feb-2025,2025-02-27,1500.00,PE,0.00,0.00,0.00,90.25,57.95,0,0.00,0,0,06-JAN-2025
OPTIDX,BANKNIFTY,27-Feb-2025,2025-02-27,48500.00,CE,0.00,0.00,0.00,3362.05,2410.65,0,0.00,930,0,06-JAN-2025
OPTSTK,PRESTIGE,27-Mar-2025,2025-03-27,1500.00,PE,0.00,0.00,0.00,67.20,77.95,0,0.00,0,0,06-JAN-2025
OPTSTK,PRESTIGE,30-Jan-2025,2025-01-30,1950.00,CE,4.50,4.50,2.35,2.50,2.50,54,342.7281,56550,650,06-JAN-2025
OPTIDX,NIFTYNXT50,30-Jan-2025,2025-01-30,67900.00,PE,1899.90,1899.90,1890.00,1890.00,1631.05,10,69.79495,0,0,06-JAN-2025
OPTIDX,NIFTYNXT50,30-Jan-2025,2025-01-30,57500.00,CE,0.00,0.00,0.00,13412.40,9751.95,0,0.00,0,0,06-JAN-2025
OPTIDX,NIFTYNXT50,27-Feb-2025,2025-02-27,66000.00,PE,0.00,0.00,0.00,978.70,1188.95,0,0.00,0,0,06-JAN-2025
OPTIDX,NIFTYNXT50,27-Feb-2025,2025-02-27,73300.00,PE,0.00,0.00,0.00,3907.30,5931.45,0,0.00,0,0,06-JAN-2025
OPTIDX,NIFTYNXT50,27-Feb-2025,2025-02-27,73300.00,CE,0.00,0.00,0.00,2625.60,329.80,0,0.00,0,0,06-JAN-2025
OPTIDX,NIFTYNXT50,30-Jan-2025,2025-01-30,73300.00,PE,0.00,0.00,0.00,4531.15,6033.05,0,0.00,0,0,06-JAN-2025
OPTIDX,NIFTYNXT50,27-Mar-2025,2025-03-27,69000.00,PE,0.00,0.00,0.00,2648.45,2921.40,0,0.00,0,0,06-JAN-2025
OPTIDX,NIFTYNXT50,27-Mar-2025,2025-03-27,67400.00,PE,0.00,0.00,0.00,1957.50,2084.25,0,0.00,0,0,06-JAN-2025
OPTIDX,NIFTYNXT50,27-Feb-2025,2025-02-27,67400.00,CE,0.00,0.00,0.00,5861.25,2036.05,0,0.00,0,0,06-JAN-2025
OPTIDX,NIFTYNXT50,27-Feb-2025,2025-02-27,65000.00,CE,0.00,0.00,0.00,7636.05,3471.15,0,0.00,0,0,06-JAN-2025
OPTIDX,NIFTYNXT50,30-Jan-2025,2025-01-30,69800.00,CE,0.00,0.00,0.00,3897.60,435.70,0,0.00,0,0,06-JAN-2025
OPTIDX,NIFTYNXT50,30-Jan-2025,2025-01-30,65000.00,CE,0.00,0.00,0.00,6963.30,2733.45,0,0.00,0,0,06-JAN-2025
OPTIDX,NIFTYNXT50,27-Mar-2025,2025-03-27,68300.00,CE,0.00,0.00,0.00,3795.50,2234.65,0,0.00,0,0,06-JAN-2025
OPTIDX,NIFTYNXT50,27-Feb-2025,2025-02-27,68300.00,CE,0.00,0.00,0.00,5260.50,1618.05,0,0.00,0,0,06-JAN-2025
OPTIDX,NIFTYNXT50,30-Jan-2025,2025-01-30,68300.00,PE,1127.40,1300.00,1071.80,1220.00,1872.30,9,62.504505,40,0,06-JAN-2025
OPTIDX,NIFTYNXT50,30-Jan-2025,2025-01-30,68300.00,CE,1700.00,1700.00,1075.00,1075.00,1075.00,10,69.77521,140,50,06-JAN-2025
OPTIDX,NIFTYNXT50,27-Mar-2025,2025-03-27,72500.00,CE,0.00,0.00,0.00,1946.95,847.50,0,0.00,0,0,06-JAN-2025
OPTIDX,NIFTYNXT50,30-Jan-2025,2025-01-30,72500.00,CE,0.00,0.00,0.00,2645.00,92.80,0,0.00,0,0,06-JAN-2025
OPTIDX,NIFTYNXT50,30-Jan-2025,2025-01-30,72800.00,PE,0.00,0.00,0.00,4229.30,5557.10,0,0.00,0,0,06-JAN-2025
OPTIDX,NIFTYNXT50,27-Mar-2025,2025-03-27,66400.00,PE,0.00,0.00,0.00,1591.50,1645.70,0,0.00,0,0,06-JAN-2025
OPTIDX,NIFTYNXT50,27-Feb-2025,2025-02-27,81500.00,PE,0.00,0.00,0.00,9931.00,13730.95,0,0.00,0,0,06-JAN-2025
OPTIDX,NIFTYNXT50,27-Mar-2025,2025-03-27,77000.00,CE,0.00,0.00,0.00,828.20,233.25,0,0.00,0,0,06-JAN-2025
OPTIDX,NIFTYNXT50,30-Jan-2025,2025-01-30,76300.00,CE,0.00,0.00,0.00,1424.05,5.45,0,0.00,0,0,06-JAN-2025
OPTIDX,NIFTYNXT50,30-Jan-2025,2025-01-30,76500.00,PE,0.00,0.00,0.00,6707.90,9169.00,0,0.00,0,0,06-JAN-2025
OPTIDX,NIFTYNXT50,27-Feb-2025,2025-02-27,74900.00,CE,0.00,0.00,0.00,2031.15,176.90,0,0.00,0,0,06-JAN-2025
OPTIDX,NIFTYNXT50,30-Jan-2025,2025-01-30,74800.00,CE,0.00,0.00,0.00,1835.15,18.30,0,0.00,0,0,06-JAN-2025
OPTIDX,NIFTYNXT50,27-Feb-2025,2025-02-27,73500.00,CE,0.00,0.00,0.00,2545.05,306.00,0,0.00,0,0,06-JAN-2025
OPTIDX,NIFTYNXT50,30-Jan-2025,2025-01-30,70600.00,PE,0.00,0.00,0.00,3035.30,3577.50,0,0.00,0,0,06-JAN-2025
OPTIDX,NIFTYNXT50,27-Mar-2025,2025-03-27,70600.00,CE,0.00,0.00,0.00,2675.45,1351.75,0,0.00,0,0,06-JAN-2025
OPTIDX,NIFTYNXT50,27-Feb-2025,2025-02-27,72500.00,CE,0.00,0.00,0.00,2966.55,441.05,0,0.00,0,0,06-JAN-2025
OPTIDX,NIFTYNXT50,30-Jan-2025,2025-01-30,64400.00,CE,0.00,0.00,0.00,7416.60,3201.05,0,0.00,0,0,06-JAN-2025
OPTIDX,NIFTYNXT50,27-Mar-2025,2025-03-27,64400.00,CE,0.00,0.00,0.00,6302.25,4503.10,0,0.00,0,0,06-JAN-2025
OPTSTK,CUMMINSIND,27-Feb-2025,2025-02-27,3150.00,CE,0.00,0.00,0.00,364.50,187.20,0,0.00,0,0,06-JAN-2025
OPTIDX,BANKNIFTY,27-Mar-2025,2025-03-27,49100.00,CE,0.00,0.00,0.00,3869.15,2444.35,0,0.00,0,0,06-JAN-2025
OPTIDX,BANKNIFTY,30-Jan-2025,2025-01-30,51400.00,CE,795.85,817.90,406.30,435.80,435.80,75067,584919.674,306480,15615,06-JAN-2025
OPTIDX,BANKNIFTY,30-Jan-2025,2025-01-30,49100.00,PE,202.35,595.00,202.35,519.50,519.50,61947,459991.088,52590,-12540,06-JAN-2025
OPTIDX,BANKNIFTY,27-Mar-2025,2025-03-27,57500.00,PE,0.00,0.00,0.00,5719.70,6831.95,0,0.00,0,0,06-JAN-2025
OPTIDX,BANKNIFTY,30-Jan-2025,2025-01-30,48600.00,CE,2082.80,2121.65,1823.05,1947.25,1947.25,415,3151.38447,3285,-3735,06-JAN-2025
OPTIDX,BANKNIFTY,27-Feb-2025,2025-02-27,48600.00,PE,0.00,0.00,0.00,531.10,553.15,0,0.00,0,0,06-JAN-2025
OPTIDX,BANKNIFTY,25-Sep-2025,2025-09-25,49500.00,CE,0.00,0.00,0.00,9338.65,4370.15,0,0.00,0,0,06-JAN-2025
OPTSTK,JSWENERGY,27-Feb-2025,2025-02-27,680.00,CE,0.00,0.00,0.00,24.90,15.10,0,0.00,0,0,06-JAN-2025
OPTIDX,BANKNIFTY,27-Mar-2025,2025-03-27,49500.00,PE,590.40,1005.20,590.40,939.45,939.45,678,10241.6368,62880,4380,06-JAN-2025
OPTIDX,BANKNIFTY,27-Feb-2025,2025-02-27,49300.00,CE,2056.55,2056.55,2050.00,2054.95,2054.95,4,61.625895,270,30,06-JAN-2025
OPTIDX,BANKNIFTY,27-Mar-2025,2025-03-27,49300.00,CE,0.00,0.00,0.00,3731.35,2320.25,0,0.00,0,0,06-JAN-2025
OPTIDX,BANKNIFTY,27-Mar-2025,2025-03-27,42000.00,CE,0.00,0.00,0.00,8506.00,8549.55,0,0.00,0,0,06-JAN-2025
OPTIDX,BANKNIFTY,27-Mar-2025,2025-03-27,42000.00,PE,0.00,0.00,0.00,716.60,10.75,0,0.00,0,0,06-JAN-2025
OPTIDX,BANKNIFTY,27-Mar-2025,2025-03-27,43500.00,CE,0.00,0.00,0.00,7417.90,7098.70,0,0.00,0,0,06-JAN-2025
OPTIDX,BANKNIFTY,24-Dec-2025,2025-12-24,43500.00,CE,0.00,0.00,0.00,11410.70,9565.30,0,0.00,0,0,06-JAN-2025
OPTSTK,CUMMINSIND,27-Mar-2025,2025-03-27,2600.00,CE,0.00,0.00,0.00,833.50,631.30,0,0.00,0,0,06-JAN-2025
OPTIDX,BANKNIFTY,27-Feb-2025,2025-02-27,53300.00,PE,0.00,0.00,0.00,1915.30,3212.45,0,0.00,120,0,06-JAN-2025
OPTIDX,BANKNIFTY,30-Jan-2025,2025-01-30,53300.00,PE,2423.65,3371.25,2356.10,3233.55,3233.55,87,736.278112,42645,-120,06-JAN-2025
OPTIDX,BANKNIFTY,27-Mar-2025,2025-03-27,51800.00,CE,1328.65,1328.65,1086.25,1140.55,1097.65,8,127.08873,180,30,06-JAN-2025
OPTIDX,BANKNIFTY,27-Feb-2025,2025-02-27,53800.00,PE,0.00,0.00,0.00,1847.75,3626.55,0,0.00,390,0,06-JAN-2025
OPTIDX,BANKNIFTY,30-Jan-2025,2025-01-30,48000.00,CE,3295.35,3295.35,2282.00,2411.90,2411.90,2996,22748.8442,42360,330,06-JAN-2025
OPTIDX,BANKNIFTY,30-Jan-2025,2025-01-30,52800.00,PE,1879.95,2922.55,1879.95,2769.05,2769.05,358,2965.49444,51330,-330,06-JAN-2025
OPTIDX,BANKNIFTY,27-Feb-2025,2025-02-27,48000.00,CE,3535.00,3606.00,2860.00,2960.00,2960.00,49,752.232555,2310,360,06-JAN-2025
OPTIDX,BANKNIFTY,24-Dec-2025,2025-12-24,48000.00,CE,0.00,0.00,0.00,8109.10,6212.55,0,0.00,0,0,06-JAN-2025
OPTIDX,BANKNIFTY,30-Jan-2025,2025-01-30,48000.00,PE,93.80,306.80,90.20,264.30,264.30,384279,2778685.59,1138605,161385,06-JAN-2025
OPTSTK,CUMMINSIND,27-Feb-2025,2025-02-27,2800.00,CE,0.00,0.00,0.00,768.50,429.45,0,0.00,0,0,06-JAN-2025
OPTSTK,CUMMINSIND,27-Feb-2025,2025-02-27,3600.00,PE,0.00,0.00,0.00,308.45,430.00,0,0.00,0,0,06-JAN-2025
OPTSTK,CUMMINSIND,27-Mar-2025,2025-03-27,3600.00,CE,0.00,0.00,0.00,197.20,73.25,0,0.00,0,0,06-JAN-2025
OPTSTK,CUMMINSIND,27-Feb-2025,2025-02-27,3600.00,CE,0.00,0.00,0.00,254.65,40.65,0,0.00,0,0,06-JAN-2025
OPTSTK,PRESTIGE,27-Feb-2025,2025-02-27,1900.00,PE,0.00,0.00,0.00,305.50,312.15,0,0.00,0,0,06-JAN-2025
FUTIDX,NIFTYNXT50,30-Jan-2025,2025-01-30,,,69601.65,69601.65,67000.00,67305.20,67305.20,1234,8379.96747,14990,2590,06-JAN-2025
OPTIDX,NIFTYNXT50,30-Jan-2025,2025-01-30,72400.00,PE,0.00,0.00,0.00,3995.80,5181.55,0,0.00,0,0,06-JAN-2025
OPTIDX,NIFTYNXT50,27-Feb-2025,2025-02-27,72400.00,PE,0.00,0.00,0.00,3408.85,5167.25,0,0.00,0,0,06-JAN-2025
OPTIDX,NIFTYNXT50,27-Feb-2025,2025-02-27,75300.00,CE,0.00,0.00,0.00,1899.95,150.10,0,0.00,0,0,06-JAN-2025
OPTIDX,NIFTYNXT50,27-Feb-2025,2025-02-27,72000.00,CE,0.00,0.00,0.00,3194.95,525.25,0,0.00,0,0,06-JAN-2025
OPTIDX,NIFTYNXT50,30-Jan-2025,2025-01-30,72000.00,PE,0.00,0.00,0.00,3769.50,4811.60,0,0.00,0,0,06-JAN-2025
OPTIDX,NIFTYNXT50,27-Mar-2025,2025-03-27,72000.00,PE,0.00,0.00,0.00,4291.35,4908.45,0,0.00,0,0,06-JAN-2025
OPTIDX,NIFTYNXT50,27-Feb-2025,2025-02-27,72000.00,PE,0.00,0.00,0.00,3199.55,4839.40,0,0.00,0,0,06-JAN-2025
OPTIDX,NIFTYNXT50,30-Jan-2025,2025-01-30,72000.00,CE,0.00,0.00,0.00,2851.50,127.25,0,0.00,0,0,06-JAN-2025
OPTIDX,NIFTYNXT50,27-Mar-2025,2025-03-27,72000.00,CE,0.00,0.00,0.00,2122.25,962.65,0,0.00,0,0,06-JAN-2025
OPTIDX,NIFTYNXT50,27-Feb-2025,2025-02-27,77100.00,PE,0.00,0.00,0.00,6403.55,9434.10,0,0.00,0,0,06-JAN-2025
OPTIDX,NIFTYNXT50,27-Feb-2025,2025-02-27,77100.00,CE,0.00,0.00,0.00,1388.80,68.75,0,0.00,0,0,06-JAN-2025
OPTIDX,NIFTYNXT50,30-Jan-2025,2025-01-30,77100.00,PE,0.00,0.00,0.00,7158.30,9764.50,0,0.00,0,0,06-JAN-2025
OPTIDX,NIFTYNXT50,27-Feb-2025,2025-02-27,64200.00,CE,0.00,0.00,0.00,8277.05,4047.70,0,0.00,0,0,06-JAN-2025
OPTIDX,NIFTYNXT50,30-Jan-2025,2025-01-30,63700.00,CE,0.00,0.00,0.00,7962.75,3785.40,0,0.00,0,0,06-JAN-2025
OPTIDX,NIFTYNXT50,30-Jan-2025,2025-01-30,64200.00,PE,0.00,0.00,0.00,836.75,282.95,0,0.00,0,0,06-JAN-2025
OPTIDX,NIFTYNXT50,27-Mar-2025,2025-03-27,62500.00,CE,0.00,0.00,0.00,7773.00,5939.80,0,0.00,0,0,06-JAN-2025
OPTIDX,NIFTYNXT50,27-Mar-2025,2025-03-27,71900.00,PE,0.00,0.00,0.00,4229.55,4834.40,0,0.00,0,0,06-JAN-2025
OPTIDX,NIFTYNXT50,27-Feb-2025,2025-02-27,62500.00,CE,0.00,0.00,0.00,9708.95,5409.80,0,0.00,0,0,06-JAN-2025
OPTIDX,NIFTYNXT50,27-Feb-2025,2025-02-27,62500.00,PE,0.00,0.00,0.00,380.95,314.85,0,0.00,0,0,06-JAN-2025
OPTIDX,NIFTYNXT50,27-Feb-2025,2025-02-27,71900.00,PE,0.00,0.00,0.00,3148.45,4758.70,0,0.00,0,0,06-JAN-2025
OPTIDX,NIFTYNXT50,30-Jan-2025,2025-01-30,63000.00,PE,0.00,0.00,0.00,615.00,128.10,0,0.00,0,0,06-JAN-2025
OPTIDX,NIFTYNXT50,27-Mar-2025,2025-03-27,63000.00,CE,0.00,0.00,0.00,7372.10,5543.45,0,0.00,0,0,06-JAN-2025
OPTIDX,NIFTYNXT50,27-Feb-2025,2025-02-27,63000.00,CE,0.00,0.00,0.00,9278.75,4991.85,0,0.00,0,0,06-JAN-2025
OPTIDX,NIFTYNXT50,30-Jan-2025,2025-01-30,74600.00,PE,0.00,0.00,0.00,5365.55,7294.10,0,0.00,0,0,06-JAN-2025
OPTIDX,NIFTYNXT50,27-Feb-2025,2025-02-27,74600.00,PE,0.00,0.00,0.00,4692.85,7088.90,0,0.00,0,0,06-JAN-2025
OPTIDX,NIFTYNXT50,27-Mar-2025,2025-03-27,66700.00,CE,0.00,0.00,0.00,4733.15,3046.75,0,0.00,0,0,06-JAN-2025
OPTIDX,NIFTYNXT50,30-Jan-2025,2025-01-30,75000.00,PE,0.00,0.00,0.00,5636.10,7686.70,0,0.00,0,0,06-JAN-2025
OPTIDX,NIFTYNXT50,27-Mar-2025,2025-03-27,77500.00,CE,0.00,0.00,0.00,746.55,198.95,0,0.00,0,0,06-JAN-2025
OPTIDX,NIFTYNXT50,27-Feb-2025,2025-02-27,77500.00,PE,0.00,0.00,0.00,6703.05,9818.80,0,0.00,0,0,06-JAN-2025
OPTIDX,NIFTYNXT50,27-Feb-2025,2025-02-27,65500.00,CE,0.00,0.00,0.00,7247.35,3134.65,0,0.00,0,0,06-JAN-2025
OPTIDX,NIFTYNXT50,30-Jan-2025,2025-01-30,74400.00,PE,0.00,0.00,0.00,5232.65,7098.45,0,0.00,0,0,06-JAN-2025
OPTSTK,PRESTIGE,27-Feb-2025,2025-02-27,1900.00,CE,0.00,0.00,0.00,111.30,25.25,0,0.00,0,0,06-JAN-2025
OPTIDX,BANKNIFTY,27-Mar-2025,2025-03-27,48400.00,PE,0.00,0.00,0.00,666.20,675.35,0,0.00,0,0,06-JAN-2025
OPTSTK,JSWENERGY,30-Jan-2025,2025-01-30,540.00,PE,2.65,6.30,1.90,5.60,5.60,966,3940.053,237750,66000,06-JAN-2025
OPTIDX,BANKNIFTY,30-Jan-2025,2025-01-30,54300.00,PE,3851.70,3851.70,3851.70,3851.70,4166.90,1,8.722755,25875,-15,06-JAN-2025
OPTIDX,BANKNIFTY,27-Feb-2025,2025-02-27,54300.00,CE,272.65,272.65,170.00,170.00,198.85,87,1422.59715,2130,-1110,06-JAN-2025
OPTIDX,BANKNIFTY,30-Jan-2025,2025-01-30,54300.00,CE,79.60,84.30,46.30,48.80,48.80,48506,395493.260,130995,8445,06-JAN-2025
OPTIDX,BANKNIFTY,27-Mar-2025,2025-03-27,54300.00,CE,0.00,0.00,0.00,1230.45,430.30,0,0.00,0,0,06-JAN-2025
OPTIDX,BANKNIFTY,27-Feb-2025,2025-02-27,54300.00,PE,0.00,0.00,0.00,2721.65,4057.20,0,0.00,0,0,06-JAN-2025
OPTIDX,BANKNIFTY,27-Mar-2025,2025-03-27,54300.00,PE,0.00,0.00,0.00,3316.80,4010.85,0,0.00,0,0,06-JAN-2025
OPTSTK,CUMMINSIND,27-Mar-2025,2025-03-27,2800.00,PE,0.00,0.00,0.00,49.50,45.70,0,0.00,0,0,06-JAN-2025
OPTSTK,PRESTIGE,27-Feb-2025,2025-02-27,1550.00,CE,0.00,0.00,0.00,282.35,137.85,0,0.00,0,0,06-JAN-2025
OPTIDX,BANKNIFTY,30-Jan-2025,2025-01-30,47800.00,CE,3382.60,3442.05,3212.80,3212.80,2477.70,67,513.720285,1470,765,06-JAN-2025
OPTSTK,CUMMINSIND,27-Feb-2025,2025-02-27,3400.00,PE,0.00,0.00,0.00,207.50,276.65,0,0.00,0,0,06-JAN-2025
OPTSTK,CUMMINSIND,30-Jan-2025,2025-01-30,3400.00,PE,217.15,244.20,217.15,243.70,243.70,19,103.515675,27000,-1800,06-JAN-2025
OPTSTK,JSWENERGY,30-Jan-2025,2025-01-30,620.00,CE,23.85,26.80,15.55,17.10,17.10,1879,9037.7925,333000,310500,06-JAN-2025
OPTIDX,BANKNIFTY,30-Jan-2025,2025-01-30,53100.00,CE,278.90,278.90,115.55,121.45,121.45,49566,395973.147,171630,17055,06-JAN-2025
OPTIDX,BANKNIFTY,30-Jan-2025,2025-01-30,53100.00,PE,2235.00,3170.00,2235.00,3059.70,3059.70,168,1408.41702,30255,-150,06-JAN-2025
OPTSTK,JSWENERGY,27-Mar-2025,2025-03-27,560.00,CE,0.00,0.00,0.00,114.05,75.70,0,0.00,0,0,06-JAN-2025
FUTSTK,JSWENERGY,30-Jan-2025,2025-01-30,,,618.00,627.30,598.70,603.20,603.20,7944,36492.153,9574500,1082250,06-JAN-2025
OPTSTK,JSWENERGY,27-Feb-2025,2025-02-27,610.00,CE,0.00,0.00,0.00,72.15,38.05,0,0.00,0,0,06-JAN-2025
OPTIDX,BANKNIFTY,27-Feb-2025,2025-02-27,49800.00,PE,650.00,1062.90,650.00,979.15,979.15,144,2193.53571,3840,1200,06-JAN-2025
OPTIDX,BANKNIFTY,30-Jan-2025,2025-01-30,50600.00,PE,640.00,1291.25,594.00,1162.70,1162.70,174069,1343111.01,133005,-4110,06-JAN-2025
OPTIDX,BANKNIFTY,27-Mar-2025,2025-03-27,50600.00,CE,0.00,0.00,0.00,2904.70,1608.55,0,0.00,0,0,06-JAN-2025
OPTIDX,BANKNIFTY,30-Jan-2025,2025-01-30,55500.00,CE,26.00,30.05,21.70,24.95,24.95,196471,1636342.80,587745,8055,06-JAN-2025
OPTIDX,BANKNIFTY,27-Feb-2025,2025-02-27,55500.00,PE,0.00,0.00,0.00,3763.25,5143.00,0,0.00,390,0,06-JAN-2025
OPTIDX,BANKNIFTY,26-Jun-2025,2025-06-26,55500.00,CE,0.00,0.00,0.00,5326.15,944.10,0,0.00,0,0,06-JAN-2025
OPTSTK,CUMMINSIND,27-Feb-2025,2025-02-27,3650.00,CE,0.00,0.00,0.00,130.10,33.25,0,0.00,0,0,06-JAN-2025
OPTSTK,JSWENERGY,27-Mar-2025,2025-03-27,700.00,PE,0.00,0.00,0.00,96.85,107.60,0,0.00,0,0,06-JAN-2025
OPTIDX,BANKNIFTY,30-Jan-2025,2025-01-30,50500.00,CE,1341.00,1341.00,715.00,772.05,772.05,270389,2084167.94,495480,353700,06-JAN-2025
OPTSTK,CUMMINSIND,30-Jan-2025,2025-01-30,3000.00,CE,204.40,225.00,203.75,225.00,225.60,4,19.25625,4950,0,06-JAN-2025
OPTIDX,BANKNIFTY,27-Feb-2025,2025-02-27,43500.00,CE,0.00,0.00,0.00,9632.55,6848.90,0,0.00,0,0,06-JAN-2025
OPTIDX,NIFTYNXT50,27-Feb-2025,2025-02-27,74400.00,CE,0.00,0.00,0.00,2204.75,216.15,0,0.00,0,0,06-JAN-2025
OPTIDX,NIFTYNXT50,30-Jan-2025,2025-01-30,67800.00,PE,1847.90,1847.90,1835.00,1835.00,1573.65,2,13.92829,0,0,06-JAN-2025
OPTIDX,NIFTYNXT50,27-Feb-2025,2025-02-27,76800.00,PE,0.00,0.00,0.00,6185.45,9146.90,0,0.00,0,0,06-JAN-2025
OPTIDX,NIFTYNXT50,27-Mar-2025,2025-03-27,70800.00,CE,0.00,0.00,0.00,2590.65,1289.75,0,0.00,0,0,06-JAN-2025
OPTIDX,NIFTYNXT50,27-Mar-2025,2025-03-27,70800.00,PE,0.00,0.00,0.00,3581.00,4053.20,0,0.00,0,0,06-JAN-2025
OPTIDX,NIFTYNXT50,30-Jan-2025,2025-01-30,69300.00,PE,1400.00,1400.00,1400.00,1400.00,2552.40,2,14.14,0,-20,06-JAN-2025
OPTIDX,NIFTYNXT50,27-Feb-2025,2025-02-27,69300.00,PE,0.00,0.00,0.00,1989.45,2868.80,0,0.00,0,0,06-JAN-2025
OPTIDX,NIFTYNXT50,30-Jan-2025,2025-01-30,76400.00,CE,0.00,0.00,0.00,1399.45,5.00,0,0.00,0,0,06-JAN-2025
OPTIDX,NIFTYNXT50,27-Feb-2025,2025-02-27,76400.00,PE,0.00,0.00,0.00,5899.80,8765.95,0,0.00,0,0,06-JAN-2025
OPTIDX,NIFTYNXT50,27-Feb-2025,2025-02-27,76400.00,CE,0.00,0.00,0.00,1572.70,93.90,0,0.00,0,0,06-JAN-2025
OPTIDX,NIFTYNXT50,30-Jan-2025,2025-01-30,76400.00,PE,0.00,0.00,0.00,6634.00,9069.85,0,0.00,0,0,06-JAN-2025
OPTIDX,NIFTYNXT50,30-Jan-2025,2025-01-30,64500.00,PE,0.00,0.00,0.00,900.35,338.40,0,0.00,0,0,06-JAN-2025
OPTIDX,NIFTYNXT50,27-Feb-2025,2025-02-27,64500.00,PE,0.00,0.00,0.00,670.75,712.10,0,0.00,0,0,06-JAN-2025
OPTIDX,NIFTYNXT50,27-Mar-2025,2025-03-27,64500.00,CE,0.00,0.00,0.00,6231.45,4433.00,0,0.00,0,0,06-JAN-2025
OPTIDX,NIFTYNXT50,30-Jan-2025,2025-01-30,64500.00,CE,0.00,0.00,0.00,7340.10,3120.85,0,0.00,0,0,06-JAN-2025
OPTIDX,NIFTYNXT50,27-Mar-2025,2025-03-27,64500.00,PE,0.00,0.00,0.00,1033.30,989.00,0,0.00,0,0,06-JAN-2025
OPTIDX,NIFTYNXT50,27-Feb-2025,2025-02-27,64500.00,CE,0.00,0.00,0.00,8034.00,3826.20,0,0.00,0,0,06-JAN-2025
OPTIDX,NIFTYNXT50,27-Mar-2025,2025-03-27,72300.00,CE,0.00,0.00,0.00,2015.70,892.15,0,0.00,0,0,06-JAN-2025
OPTIDX,NIFTYNXT50,27-Feb-2025,2025-02-27,72300.00,CE,0.00,0.00,0.00,3056.45,473.30,0,0.00,0,0,06-JAN-2025
OPTIDX,NIFTYNXT50,27-Feb-2025,2025-02-27,73800.00,PE,0.00,0.00,0.00,4200.45,6369.95,0,0.00,0,0,06-JAN-2025
OPTIDX,NIFTYNXT50,30-Jan-2025,2025-01-30,73800.00,PE,0.00,0.00,0.00,4843.70,6514.75,0,0.00,0,0,06-JAN-2025
OPTIDX,NIFTYNXT50,30-Jan-2025,2025-01-30,73800.00,CE,0.00,0.00,0.00,2159.85,38.35,0,0.00,0,0,06-JAN-2025
OPTIDX,NIFTYNXT50,27-Feb-2025,2025-02-27,73800.00,CE,0.00,0.00,0.00,2427.55,273.05,0,0.00,0,0,06-JAN-2025
OPTIDX,NIFTYNXT50,30-Jan-2025,2025-01-30,83500.00,PE,0.00,0.00,0.00,12547.80,16133.40,0,0.00,0,0,06-JAN-2025
OPTIDX,NIFTYNXT50,27-Mar-2025,2025-03-27,65500.00,PE,0.00,0.00,0.00,1304.10,1306.45,0,0.00,0,0,06-JAN-2025
OPTIDX,NIFTYNXT50,27-Mar-2025,2025-03-27,65500.00,CE,0.00,0.00,0.00,5520.00,3765.15,0,0.00,0,0,06-JAN-2025
OPTIDX,NIFTYNXT50,27-Feb-2025,2025-02-27,77300.00,PE,0.00,0.00,0.00,6554.15,9626.20,0,0.00,0,0,06-JAN-2025
OPTIDX,NIFTYNXT50,30-Jan-2025,2025-01-30,77300.00,PE,0.00,0.00,0.00,7311.05,9963.15,0,0.00,0,0,06-JAN-2025
OPTIDX,NIFTYNXT50,27-Feb-2025,2025-02-27,66700.00,CE,0.00,0.00,0.00,6357.20,2406.75,0,0.00,0,0,06-JAN-2025
OPTIDX,NIFTYNXT50,27-Feb-2025,2025-02-27,71200.00,PE,0.00,0.00,0.00,2804.35,4208.70,0,0.00,0,0,06-JAN-2025
OPTIDX,NIFTYNXT50,30-Jan-2025,2025-01-30,67100.00,CE,0.00,0.00,0.00,5492.95,1399.30,0,0.00,0,0,06-JAN-2025
OPTIDX,NIFTYNXT50,30-Jan-2025,2025-01-30,76800.00,PE,0.00,0.00,0.00,6931.60,9466.65,0,0.00,0,0,06-JAN-2025
OPTIDX,BANKNIFTY,30-Jan-2025,2025-01-30,43500.00,PE,4.45,10.40,4.25,7.65,7.65,414978,2708190.16,1427790,174585,06-JAN-2025
OPTIDX,BANKNIFTY,27-Feb-2025,2025-02-27,43500.00,PE,33.00,66.55,31.50,55.00,55.00,816,10660.4809,9450,4080,06-JAN-2025
OPTIDX,BANKNIFTY,30-Jan-2025,2025-01-30,51800.00,CE,640.00,640.00,308.00,329.60,329.60,72623,568860.608,360240,25620,06-JAN-2025
OPTSTK,CUMMINSIND,27-Feb-2025,2025-02-27,3550.00,CE,0.00,0.00,0.00,163.60,49.40,0,0.00,0,0,06-JAN-2025
OPTSTK,CUMMINSIND,27-Feb-2025,2025-02-27,3550.00,PE,0.00,0.00,0.00,304.85,389.25,0,0.00,0,0,06-JAN-2025
OPTIDX,BANKNIFTY,30-Jan-2025,2025-01-30,47000.00,CE,4210.45,4210.45,3133.85,3267.00,3267.00,1719,13038.6588,77880,735,06-JAN-2025
OPTIDX,BANKNIFTY,27-Feb-2025,2025-02-27,47000.00,CE,4312.15,4348.65,3667.00,3780.20,3780.20,115,1753.7964,4050,2250,06-JAN-2025
OPTIDX,BANKNIFTY,27-Feb-2025,2025-02-27,47000.00,PE,145.65,337.35,143.55,303.40,303.40,10352,146662.083,138180,-7830,06-JAN-2025
OPTIDX,BANKNIFTY,27-Mar-2025,2025-03-27,47000.00,CE,4100.00,4100.00,4100.00,4100.00,3961.70,1,15.33,30,30,06-JAN-2025
OPTIDX,BANKNIFTY,27-Mar-2025,2025-03-27,47000.00,PE,235.00,417.40,235.00,386.05,386.05,1442,20485.1586,24060,8340,06-JAN-2025
OPTIDX,BANKNIFTY,30-Jan-2025,2025-01-30,47000.00,PE,43.95,158.90,43.25,135.65,135.65,402367,2842771.07,1077990,-36135,06-JAN-2025
OPTSTK,JSWENERGY,27-Mar-2025,2025-03-27,700.00,CE,0.00,0.00,0.00,45.95,19.50,0,0.00,0,0,06-JAN-2025
OPTSTK,JSWENERGY,27-Feb-2025,2025-02-27,700.00,PE,0.00,0.00,0.00,85.20,102.95,0,0.00,0,0,06-JAN-2025
OPTIDX,BANKNIFTY,27-Feb-2025,2025-02-27,49100.00,PE,474.10,806.30,474.05,767.90,713.30,20,298.182975,720,30,06-JAN-2025
OPTIDX,BANKNIFTY,27-Feb-2025,2025-02-27,51400.00,CE,1337.85,1337.85,866.90,898.90,898.90,403,6338.31234,6840,-2460,06-JAN-2025
OPTSTK,JSWENERGY,27-Feb-2025,2025-02-27,600.00,CE,0.00,0.00,0.00,110.10,42.80,0,0.00,0,0,06-JAN-2025
OPTSTK,JSWENERGY,27-Feb-2025,2025-02-27,600.00,PE,21.10,32.65,21.10,32.20,32.20,7,32.987625,3750,3000,06-JAN-2025
OPTSTK,JSWENERGY,27-Mar-2025,2025-03-27,600.00,PE,0.00,0.00,0.00,42.45,43.20,0,0.00,0,0,06-JAN-2025
OPTSTK,PRESTIGE,30-Jan-2025,2025-01-30,1400.00,PE,5.90,15.35,5.90,14.15,14.15,220,1008.90806,37375,-1950,06-JAN-2025
OPTIDX,BANKNIFTY,27-Feb-2025,2025-02-27,52200.00,PE,1507.55,2354.10,1504.00,2225.20,2225.20,394,6388.33186,7830,-4050,06-JAN-2025
OPTIDX,BANKNIFTY,24-Dec-2025,2025-12-24,51000.00,PE,0.00,0.00,0.00,2366.70,2277.05,0,0.00,0,0,06-JAN-2025
OPTIDX,BANKNIFTY,27-Mar-2025,2025-03-27,51000.00,PE,1069.65,1643.30,1066.60,1539.35,1539.35,2027,31872.6700,105885,-8160,06-JAN-2025
OPTIDX,BANKNIFTY,25-Sep-2025,2025-09-25,51000.00,CE,0.00,0.00,0.00,8322.65,3530.90,0,0.00,0,0,06-JAN-2025
OPTIDX,BANKNIFTY,27-Feb-2025,2025-02-27,50600.00,CE,1712.90,1712.90,1214.60,1269.20,1269.20,188,2930.59641,2400,2100,06-JAN-2025
FUTSTK,CUMMINSIND,27-Feb-2025,2025-02-27,,,3249.85,3250.40,3163.10,3185.45,3185.45,164,787.0446,74850,2550,06-JAN-2025
OPTSTK,PRESTIGE,30-Jan-2025,2025-01-30,1600.00,PE,40.40,84.20,38.25,78.15,78.15,346,1865.57068,84825,-650,06-JAN-2025
OPTSTK,JSWENERGY,27-Feb-2025,2025-02-27,690.00,PE,0.00,0.00,0.00,81.95,94.85,0,0.00,0,0,06-JAN-2025
OPTSTK,JSWENERGY,30-Jan-2025,2025-01-30,690.00,CE,4.50,5.00,3.45,3.75,3.75,549,2857.16775,294000,-54000,06-JAN-2025
OPTIDX,BANKNIFTY,30-Jan-2025,2025-01-30,54700.00,CE,58.30,58.30,34.65,37.35,37.35,49012,402455.696,164670,62880,06-JAN-2025
OPTIDX,BANKNIFTY,27-Mar-2025,2025-03-27,50900.00,CE,0.00,0.00,0.00,2731.45,1467.90,0,0.00,0,0,06-JAN-2025
OPTIDX,NIFTYNXT50,27-Feb-2025,2025-02-27,76800.00,CE,0.00,0.00,0.00,1465.40,78.70,0,0.00,0,0,06-JAN-2025
OPTIDX,NIFTYNXT50,30-Jan-2025,2025-01-30,64400.00,PE,0.00,0.00,0.00,878.75,319.10,0,0.00,0,0,06-JAN-2025
OPTIDX,NIFTYNXT50,30-Jan-2025,2025-01-30,73300.00,CE,0.00,0.00,0.00,2337.80,54.45,0,0.00,0,0,06-JAN-2025
OPTIDX,NIFTYNXT50,30-Jan-2025,2025-01-30,67400.00,PE,0.00,0.00,0.00,1704.15,1355.95,0,0.00,0,0,06-JAN-2025
OPTIDX,NIFTYNXT50,27-Mar-2025,2025-03-27,67400.00,CE,0.00,0.00,0.00,4307.00,2670.90,0,0.00,0,0,06-JAN-2025
OPTIDX,NIFTYNXT50,27-Feb-2025,2025-02-27,69000.00,CE,0.00,0.00,0.00,4819.25,1337.55,0,0.00,0,0,06-JAN-2025
OPTIDX,NIFTYNXT50,27-Mar-2025,2025-03-27,69000.00,CE,0.00,0.00,0.00,3426.25,1931.50,0,0.00,0,0,06-JAN-2025
OPTIDX,NIFTYNXT50,27-Feb-2025,2025-02-27,67400.00,PE,0.00,0.00,0.00,1007.00,1794.20,0,0.00,0,0,06-JAN-2025
OPTIDX,NIFTYNXT50,27-Mar-2025,2025-03-27,69800.00,CE,0.00,0.00,0.00,3034.60,1622.50,0,0.00,0,0,06-JAN-2025
OPTIDX,NIFTYNXT50,27-Feb-2025,2025-02-27,69800.00,CE,0.00,0.00,0.00,4343.55,1062.40,0,0.00,0,0,06-JAN-2025
OPTIDX,NIFTYNXT50,30-Jan-2025,2025-01-30,69800.00,PE,0.00,0.00,0.00,2657.35,2929.80,0,0.00,0,0,06-JAN-2025
OPTIDX,NIFTYNXT50,27-Mar-2025,2025-03-27,65000.00,PE,0.00,0.00,0.00,1164.20,1140.10,0,0.00,0,0,06-JAN-2025
OPTIDX,NIFTYNXT50,27-Feb-2025,2025-02-27,82000.00,PE,0.00,0.00,0.00,10363.45,14224.35,0,0.00,0,0,06-JAN-2025
OPTIDX,NIFTYNXT50,30-Jan-2025,2025-01-30,67600.00,PE,1001.05,1101.05,976.05,1101.05,1462.40,9,61.744145,80,-20,06-JAN-2025
OPTIDX,NIFTYNXT50,30-Jan-2025,2025-01-30,75300.00,CE,0.00,0.00,0.00,1687.70,12.35,0,0.00,0,0,06-JAN-2025
OPTIDX,NIFTYNXT50,30-Jan-2025,2025-01-30,75300.00,PE,0.00,0.00,0.00,5843.10,7982.10,0,0.00,0,0,06-JAN-2025
OPTIDX,NIFTYNXT50,30-Jan-2025,2025-01-30,75600.00,CE,0.00,0.00,0.00,1603.80,9.75,0,0.00,0,0,06-JAN-2025
OPTIDX,NIFTYNXT50,27-Mar-2025,2025-03-27,70200.00,PE,0.00,0.00,0.00,3252.00,3654.75,0,0.00,0,0,06-JAN-2025
OPTIDX,NIFTYNXT50,27-Feb-2025,2025-02-27,68900.00,CE,0.00,0.00,0.00,4880.90,1375.30,0,0.00,0,0,06-JAN-2025
OPTIDX,NIFTYNXT50,27-Mar-2025,2025-03-27,68900.00,CE,0.00,0.00,0.00,3477.50,1972.90,0,0.00,0,0,06-JAN-2025
OPTIDX,NIFTYNXT50,30-Jan-2025,2025-01-30,75200.00,PE,0.00,0.00,0.00,5773.70,7883.55,0,0.00,0,0,06-JAN-2025
OPTIDX,NIFTYNXT50,27-Feb-2025,2025-02-27,75200.00,CE,0.00,0.00,0.00,1932.10,156.45,0,0.00,0,0,06-JAN-2025
OPTIDX,NIFTYNXT50,27-Feb-2025,2025-02-27,71800.00,CE,0.00,0.00,0.00,3289.65,562.45,0,0.00,0,0,06-JAN-2025
FUTIDX,NIFTYNXT50,27-Feb-2025,2025-02-27,,,69405.00,69405.00,67231.35,67738.70,67738.70,83,1415.11938,1475,775,06-JAN-2025
OPTIDX,NIFTYNXT50,27-Feb-2025,2025-02-27,73400.00,CE,0.00,0.00,0.00,2585.10,317.70,0,0.00,0,0,06-JAN-2025
OPTIDX,NIFTYNXT50,27-Feb-2025,2025-02-27,71500.00,CE,0.00,0.00,0.00,3435.60,622.15,0,0.00,0,0,06-JAN-2025
OPTIDX,NIFTYNXT50,27-Feb-2025,2025-02-27,70200.00,PE,0.00,0.00,0.00,2353.65,3473.35,0,0.00,0,0,06-JAN-2025
OPTIDX,NIFTYNXT50,27-Mar-2025,2025-03-27,69300.00,CE,0.00,0.00,0.00,3275.70,1811.00,0,0.00,0,0,06-JAN-2025
OPTIDX,NIFTYNXT50,30-Jan-2025,2025-01-30,69300.00,CE,0.00,0.00,0.00,1000.00,556.10,0,0.00,10,0,06-JAN-2025
OPTIDX,NIFTYNXT50,30-Jan-2025,2025-01-30,72300.00,PE,0.00,0.00,0.00,3938.55,5088.50,0,0.00,0,0,06-JAN-2025
OPTIDX,NIFTYNXT50,27-Feb-2025,2025-02-27,72300.00,PE,0.00,0.00,0.00,3355.80,5084.55,0,0.00,0,0,06-JAN-2025
OPTIDX,NIFTYNXT50,27-Mar-2025,2025-03-27,72300.00,PE,0.00,0.00,0.00,4479.55,5133.55,0,0.00,0,0,06-JAN-2025
OPTSTK,CUMMINSIND,27-Feb-2025,2025-02-27,2950.00,PE,0.00,0.00,0.00,55.45,57.75,0,0.00,0,0,06-JAN-2025
OPTSTK,CUMMINSIND,27-Feb-2025,2025-02-27,2950.00,CE,0.00,0.00,0.00,506.65,312.20,0,0.00,0,0,06-JAN-2025
OPTIDX,BANKNIFTY,27-Feb-2025,2025-02-27,48100.00,CE,0.00,0.00,0.00,5508.10,2702.80,0,0.00,0,0,06-JAN-2025
OPTSTK,PRESTIGE,27-Feb-2025,2025-02-27,1700.00,CE,0.00,0.00,0.00,183.65,71.50,0,0.00,0,0,06-JAN-2025
OPTIDX,BANKNIFTY,27-Feb-2025,2025-02-27,48100.00,PE,0.00,0.00,0.00,254.95,420.50,0,0.00,1650,0,06-JAN-2025
OPTIDX,BANKNIFTY,30-Jan-2025,2025-01-30,48100.00,PE,100.00,326.60,100.00,283.00,283.00,36877,267252.174,46890,-10725,06-JAN-2025
OPTSTK,JSWENERGY,30-Jan-2025,2025-01-30,680.00,CE,5.05,6.45,3.15,4.55,4.55,733,3766.79325,318000,-6000,06-JAN-2025
OPTSTK,JSWENERGY,30-Jan-2025,2025-01-30,720.00,PE,0.00,0.00,0.00,80.60,117.00,0,0.00,6000,0,06-JAN-2025
OPTSTK,PRESTIGE,27-Feb-2025,2025-02-27,1450.00,PE,0.00,0.00,0.00,35.25,41.55,0,0.00,0,0,06-JAN-2025
OPTIDX,BANKNIFTY,27-Feb-2025,2025-02-27,50600.00,PE,857.50,1337.20,857.50,1310.10,1310.10,416,6452.77546,2220,-690,06-JAN-2025
OPTIDX,BANKNIFTY,27-Mar-2025,2025-03-27,50600.00,PE,0.00,0.00,0.00,1357.90,1543.50,0,0.00,0,0,06-JAN-2025
FUTSTK,PRESTIGE,27-Feb-2025,2025-02-27,,,1660.65,1660.65,1563.65,1570.15,1570.15,47,245.826425,62725,0,06-JAN-2025
OPTIDX,BANKNIFTY,27-Mar-2025,2025-03-27,53900.00,PE,0.00,0.00,0.00,3058.20,3692.75,0,0.00,0,0,06-JAN-2025
OPTIDX,BANKNIFTY,27-Feb-2025,2025-02-27,53900.00,CE,340.05,351.75,210.30,219.35,219.35,262,4258.533,8460,-180,06-JAN-2025
OPTSTK,JSWENERGY,27-Feb-2025,2025-02-27,680.00,PE,0.00,0.00,0.00,73.70,87.00,0,0.00,0,0,06-JAN-2025
OPTIDX,BANKNIFTY,27-Feb-2025,2025-02-27,49500.00,PE,514.65,944.85,503.50,872.95,872.95,2702,40757.1600,52170,8370,06-JAN-2025
OPTSTK,JSWENERGY,27-Mar-2025,2025-03-27,680.00,PE,0.00,0.00,0.00,84.15,92.65,0,0.00,0,0,06-JAN-2025
OPTSTK,JSWENERGY,27-Mar-2025,2025-03-27,680.00,CE,0.00,0.00,0.00,52.95,24.25,0,0.00,0,0,06-JAN-2025
OPTSTK,CUMMINSIND,30-Jan-2025,2025-01-30,3200.00,PE,79.40,122.70,71.70,108.15,108.15,1818,8999.62747,108600,8100,06-JAN-2025
OPTIDX,BANKNIFTY,30-Jan-2025,2025-01-30,52300.00,PE,1540.00,2513.00,1523.40,2373.25,2373.25,1320,10737.1721,76260,-5535,06-JAN-2025
OPTIDX,BANKNIFTY,30-Jan-2025,2025-01-30,47200.00,PE,50.15,181.90,50.15,155.50,155.50,63796,452791.431,160350,-56970,06-JAN-2025
OPTIDX,BANKNIFTY,30-Jan-2025,2025-01-30,47200.00,CE,0.00,0.00,0.00,5819.40,3008.90,0,0.00,0,0,06-JAN-2025
OPTIDX,BANKNIFTY,30-Jan-2025,2025-01-30,43500.00,CE,0.00,0.00,0.00,8500.00,6614.90,0,0.00,195,0,06-JAN-2025
OPTIDX,BANKNIFTY,26-Jun-2025,2025-06-26,43500.00,PE,0.00,0.00,0.00,585.30,169.30,0,0.00,0,0,06-JAN-2025
OPTSTK,JSWENERGY,27-Feb-2025,2025-02-27,630.00,PE,0.00,0.00,0.00,47.30,52.15,0,0.00,0,0,06-JAN-2025
OPTSTK,JSWENERGY,27-Feb-2025,2025-02-27,630.00,CE,0.00,0.00,0.00,61.70,29.75,0,0.00,0,0,06-JAN-2025
OPTIDX,BANKNIFTY,30-Jan-2025,2025-01-30,52200.00,CE,459.95,480.50,230.60,244.30,244.30,59994,472630.946,293850,86880,06-JAN-2025
OPTSTK,JSWENERGY,30-Jan-2025,2025-01-30,630.00,PE,32.00,42.30,24.10,39.85,39.85,1378,6829.40587,123750,-151500,06-JAN-2025
OPTIDX,BANKNIFTY,27-Mar-2025,2025-03-27,52200.00,CE,0.00,0.00,0.00,2058.20,957.15,0,0.00,0,0,06-JAN-2025
OPTIDX,BANKNIFTY,30-Jan-2025,2025-01-30,52100.00,CE,489.95,515.95,248.25,263.85,263.85,60516,476010.502,225045,37785,06-JAN-2025
OPTIDX,BANKNIFTY,27-Feb-2025,2025-02-27,52100.00,PE,1818.45,2298.35,1818.45,2298.35,2302.20,16,260.52213,7620,-60,06-JAN-2025
OPTIDX,NIFTYNXT50,27-Feb-2025,2025-02-27,83500.00,PE,0.00,0.00,0.00,11689.85,15706.60,0,0.00,0,0,06-JAN-2025
OPTIDX,NIFTYNXT50,30-Jan-2025,2025-01-30,83500.00,CE,17.00,17.00,14.00,17.00,17.00,41,342.412305,390,390,06-JAN-2025
OPTIDX,NIFTYNXT50,27-Feb-2025,2025-02-27,83500.00,CE,0.00,0.00,0.00,387.85,2.55,0,0.00,0,0,06-JAN-2025
OPTIDX,NIFTYNXT50,27-Mar-2025,2025-03-27,63500.00,PE,0.00,0.00,0.00,800.35,730.35,0,0.00,0,0,06-JAN-2025
OPTIDX,NIFTYNXT50,30-Jan-2025,2025-01-30,65900.00,CE,0.00,0.00,0.00,6312.40,2100.00,0,0.00,0,0,06-JAN-2025
OPTIDX,NIFTYNXT50,30-Jan-2025,2025-01-30,73400.00,CE,0.00,0.00,0.00,2301.35,50.80,0,0.00,0,0,06-JAN-2025
OPTIDX,NIFTYNXT50,27-Mar-2025,2025-03-27,63500.00,CE,0.00,0.00,0.00,6980.80,5159.70,0,0.00,0,0,06-JAN-2025
OPTIDX,NIFTYNXT50,30-Jan-2025,2025-01-30,67700.00,CE,2028.25,2129.65,1400.00,1435.00,1114.05,12,83.21179,60,60,06-JAN-2025
OPTIDX,NIFTYNXT50,27-Feb-2025,2025-02-27,79500.00,CE,0.00,0.00,0.00,887.25,21.90,0,0.00,0,0,06-JAN-2025
OPTIDX,NIFTYNXT50,30-Jan-2025,2025-01-30,79500.00,CE,0.00,0.00,0.00,789.10,0.30,0,0.00,0,0,06-JAN-2025
OPTIDX,NIFTYNXT50,27-Feb-2025,2025-02-27,76200.00,PE,0.00,0.00,0.00,5759.25,8576.40,0,0.00,0,0,06-JAN-2025
OPTIDX,NIFTYNXT50,30-Jan-2025,2025-01-30,69600.00,PE,0.00,0.00,0.00,1575.00,2776.10,0,0.00,20,0,06-JAN-2025
OPTIDX,NIFTYNXT50,27-Feb-2025,2025-02-27,69600.00,CE,0.00,0.00,0.00,4459.60,1126.80,0,0.00,0,0,06-JAN-2025
OPTIDX,NIFTYNXT50,27-Mar-2025,2025-03-27,69600.00,CE,0.00,0.00,0.00,3129.40,1696.10,0,0.00,0,0,06-JAN-2025
OPTIDX,NIFTYNXT50,30-Jan-2025,2025-01-30,75700.00,PE,0.00,0.00,0.00,6124.45,8376.95,0,0.00,0,0,06-JAN-2025
OPTIDX,NIFTYNXT50,27-Feb-2025,2025-02-27,75700.00,CE,0.00,0.00,0.00,1775.35,126.95,0,0.00,0,0,06-JAN-2025
OPTIDX,NIFTYNXT50,27-Mar-2025,2025-03-27,64600.00,CE,0.00,0.00,0.00,6158.55,4363.50,0,0.00,0,0,06-JAN-2025
OPTIDX,NIFTYNXT50,27-Mar-2025,2025-03-27,64600.00,PE,0.00,0.00,0.00,1058.55,1018.00,0,0.00,0,0,06-JAN-2025
OPTIDX,NIFTYNXT50,27-Feb-2025,2025-02-27,64800.00,PE,0.00,0.00,0.00,725.60,794.05,0,0.00,0,0,06-JAN-2025
OPTIDX,NIFTYNXT50,27-Mar-2025,2025-03-27,64800.00,CE,0.00,0.00,0.00,6013.95,4226.30,0,0.00,0,0,06-JAN-2025
OPTIDX,NIFTYNXT50,27-Feb-2025,2025-02-27,64600.00,CE,0.00,0.00,0.00,7953.70,3753.75,0,0.00,0,0,06-JAN-2025
OPTIDX,NIFTYNXT50,30-Jan-2025,2025-01-30,64800.00,PE,0.00,0.00,0.00,967.40,401.85,0,0.00,0,0,06-JAN-2025
OPTIDX,NIFTYNXT50,30-Jan-2025,2025-01-30,73600.00,CE,0.00,0.00,0.00,2229.75,44.20,0,0.00,0,0,06-JAN-2025
OPTIDX,NIFTYNXT50,30-Jan-2025,2025-01-30,75000.00,CE,137.20,137.20,89.85,90.90,90.90,15,112.647525,480,40,06-JAN-2025
OPTIDX,NIFTYNXT50,27-Mar-2025,2025-03-27,71800.00,CE,0.00,0.00,0.00,2195.55,1012.05,0,0.00,0,0,06-JAN-2025
OPTIDX,NIFTYNXT50,27-Mar-2025,2025-03-27,71800.00,PE,0.00,0.00,0.00,4168.25,4760.80,0,0.00,0,0,06-JAN-2025
OPTIDX,NIFTYNXT50,30-Jan-2025,2025-01-30,70500.00,PE,0.00,0.00,0.00,2986.65,3493.85,0,0.00,0,0,06-JAN-2025
OPTIDX,NIFTYNXT50,27-Mar-2025,2025-03-27,61000.00,PE,0.00,0.00,0.00,391.50,303.25,0,0.00,0,0,06-JAN-2025
OPTIDX,NIFTYNXT50,27-Feb-2025,2025-02-27,70500.00,PE,0.00,0.00,0.00,2483.75,3687.25,0,0.00,0,0,06-JAN-2025
OPTIDX,NIFTYNXT50,27-Feb-2025,2025-02-27,70500.00,CE,0.00,0.00,0.00,3952.70,858.80,0,0.00,0,0,06-JAN-2025
OPTIDX,NIFTYNXT50,27-Feb-2025,2025-02-27,74400.00,PE,0.00,0.00,0.00,4567.10,6907.35,0,0.00,0,0,06-JAN-2025
OPTSTK,CUMMINSIND,30-Jan-2025,2025-01-30,3750.00,PE,0.00,0.00,0.00,385.00,560.45,0,0.00,3300,0,06-JAN-2025
OPTIDX,BANKNIFTY,30-Jan-2025,2025-01-30,48800.00,PE,179.95,500.00,177.90,437.05,437.05,74501,549439.079,79260,22200,06-JAN-2025
OPTSTK,CUMMINSIND,27-Feb-2025,2025-02-27,3200.00,CE,0.00,0.00,0.00,468.10,162.10,0,0.00,0,0,06-JAN-2025
OPTIDX,BANKNIFTY,27-Mar-2025,2025-03-27,54600.00,PE,0.00,0.00,0.00,3517.55,4255.80,0,0.00,0,0,06-JAN-2025
OPTIDX,BANKNIFTY,27-Feb-2025,2025-02-27,54600.00,CE,227.30,227.30,139.60,147.35,147.35,148,2431.01452,1980,-2460,06-JAN-2025
OPTIDX,BANKNIFTY,25-Sep-2025,2025-09-25,52500.00,CE,0.00,0.00,0.00,4133.00,2807.40,0,0.00,450,0,06-JAN-2025
OPTIDX,BANKNIFTY,27-Feb-2025,2025-02-27,56600.00,CE,0.00,0.00,0.00,955.75,46.35,0,0.00,0,0,06-JAN-2025
OPTSTK,JSWENERGY,27-Mar-2025,2025-03-27,740.00,CE,0.00,0.00,0.00,34.30,12.35,0,0.00,0,0,06-JAN-2025
OPTIDX,BANKNIFTY,30-Jan-2025,2025-01-30,56600.00,CE,14.05,18.50,12.10,17.65,17.65,13027,110629.614,77595,1170,06-JAN-2025
OPTSTK,JSWENERGY,27-Feb-2025,2025-02-27,740.00,CE,0.00,0.00,0.00,6.60,6.00,0,0.00,0,0,06-JAN-2025
OPTSTK,JSWENERGY,30-Jan-2025,2025-01-30,740.00,CE,1.20,1.65,1.05,1.40,1.40,66,366.987,71250,-25500,06-JAN-2025
OPTSTK,CUMMINSIND,30-Jan-2025,2025-01-30,3100.00,CE,154.85,168.05,136.90,151.00,157.35,33,161.443875,7050,1350,06-JAN-2025
OPTSTK,CUMMINSIND,27-Mar-2025,2025-03-27,3100.00,CE,0.00,0.00,0.00,446.05,260.05,0,0.00,0,0,06-JAN-2025
OPTSTK,CUMMINSIND,27-Feb-2025,2025-02-27,3000.00,CE,0.00,0.00,0.00,608.50,277.35,0,0.00,0,0,06-JAN-2025
OPTSTK,CUMMINSIND,27-Mar-2025,2025-03-27,3000.00,PE,0.00,0.00,0.00,95.10,99.85,0,0.00,0,0,06-JAN-2025
OPTIDX,BANKNIFTY,27-Feb-2025,2025-02-27,53300.00,CE,523.25,523.25,309.50,324.25,324.25,575,9264.73233,4380,-1500,06-JAN-2025
OPTIDX,BANKNIFTY,27-Feb-2025,2025-02-27,54000.00,CE,387.50,387.50,196.20,205.15,205.15,26806,436259.889,1286850,92430,06-JAN-2025
OPTSTK,CUMMINSIND,30-Jan-2025,2025-01-30,3900.00,CE,1.50,1.55,1.40,1.45,1.45,18,105.340125,70650,0,06-JAN-2025
OPTSTK,PRESTIGE,27-Mar-2025,2025-03-27,2000.00,CE,0.00,0.00,0.00,109.90,30.25,0,0.00,0,0,06-JAN-2025
OPTIDX,BANKNIFTY,27-Feb-2025,2025-02-27,50400.00,PE,838.00,1315.45,838.00,1216.90,1216.90,181,2797.14259,4620,2190,06-JAN-2025
OPTIDX,BANKNIFTY,26-Jun-2025,2025-06-26,54000.00,CE,1502.00,1502.00,1150.20,1245.80,1245.80,111,1841.35428,5685,390,06-JAN-2025
OPTIDX,BANKNIFTY,26-Jun-2025,2025-06-26,54000.00,PE,0.00,0.00,0.00,3383.75,3749.30,0,0.00,0,0,06-JAN-2025
OPTSTK,JSWENERGY,27-Mar-2025,2025-03-27,580.00,CE,0.00,0.00,0.00,101.45,64.00,0,0.00,0,0,06-JAN-2025
OPTSTK,CUMMINSIND,27-Feb-2025,2025-02-27,3800.00,CE,0.00,0.00,0.00,180.50,17.60,0,0.00,0,0,06-JAN-2025
OPTIDX,BANKNIFTY,27-Feb-2025,2025-02-27,50300.00,PE,940.55,1261.10,936.80,1175.30,1175.30,189,2915.44267,1440,930,06-JAN-2025
OPTSTK,JSWENERGY,27-Feb-2025,2025-02-27,540.00,PE,0.00,0.00,0.00,18.15,12.80,0,0.00,0,0,06-JAN-2025
OPTSTK,CUMMINSIND,30-Jan-2025,2025-01-30,2800.00,CE,0.00,0.00,0.00,784.00,395.50,0,0.00,0,0,06-JAN-2025
OPTSTK,JSWENERGY,27-Feb-2025,2025-02-27,650.00,CE,24.50,24.95,18.60,18.60,22.95,4,20.175375,3000,750,06-JAN-2025
OPTSTK,JSWENERGY,27-Mar-2025,2025-03-27,620.00,PE,0.00,0.00,0.00,51.45,53.80,0,0.00,0,0,06-JAN-2025
OPTSTK,CUMMINSIND,30-Jan-2025,2025-01-30,3800.00,CE,3.50,3.70,2.30,2.45,2.45,43,245.2902,51900,-2100,06-JAN-2025
OPTSTK,CUMMINSIND,27-Mar-2025,2025-03-27,3800.00,CE,0.00,0.00,0.00,135.45,39.95,0,0.00,0,0,06-JAN-2025
OPTIDX,NIFTYNXT50,30-Jan-2025,2025-01-30,69400.00,PE,1500.70,2000.00,1500.70,1900.00,1900.00,4,28.45764,30,-10,06-JAN-2025
OPTIDX,NIFTYNXT50,30-Jan-2025,2025-01-30,69400.00,CE,1079.30,1079.30,1079.30,1079.30,530.15,1,7.04793,90,10,06-JAN-2025
OPTIDX,NIFTYNXT50,30-Jan-2025,2025-01-30,63000.00,CE,0.00,0.00,0.00,8526.30,4403.85,0,0.00,0,0,06-JAN-2025
OPTIDX,NIFTYNXT50,27-Feb-2025,2025-02-27,63000.00,PE,0.00,0.00,0.00,441.95,392.10,0,0.00,0,0,06-JAN-2025
OPTIDX,NIFTYNXT50,27-Mar-2025,2025-03-27,65400.00,PE,0.00,0.00,0.00,1274.55,1271.95,0,0.00,0,0,06-JAN-2025
OPTIDX,NIFTYNXT50,27-Feb-2025,2025-02-27,67900.00,CE,0.00,0.00,0.00,5522.95,1795.75,0,0.00,0,0,06-JAN-2025
OPTIDX,NIFTYNXT50,27-Feb-2025,2025-02-27,67900.00,PE,0.00,0.00,0.00,1499.80,2049.15,0,0.00,0,0,06-JAN-2025
OPTIDX,NIFTYNXT50,30-Jan-2025,2025-01-30,57500.00,PE,0.00,0.00,0.00,20.80,0.50,0,0.00,10,0,06-JAN-2025
OPTSTK,CUMMINSIND,27-Mar-2025,2025-03-27,3800.00,PE,0.00,0.00,0.00,502.55,607.95,0,0.00,0,0,06-JAN-2025
OPTIDX,BANKNIFTY,30-Jan-2025,2025-01-30,50300.00,CE,1415.05,1436.65,803.25,868.90,868.90,95365,733033.414,132240,107715,06-JAN-2025
OPTIDX,BANKNIFTY,27-Feb-2025,2025-02-27,50300.00,CE,1710.30,1717.90,1380.00,1441.40,1441.40,126,1959.84903,3720,2940,06-JAN-2025
OPTIDX,BANKNIFTY,27-Feb-2025,2025-02-27,51200.00,CE,1420.00,1420.00,939.00,977.90,977.90,268,4203.26338,11160,-240,06-JAN-2025
OPTIDX,BANKNIFTY,30-Jan-2025,2025-01-30,51200.00,PE,851.40,1674.50,825.10,1542.85,1542.85,56533,443699.221,250485,-50145,06-JAN-2025
OPTIDX,BANKNIFTY,27-Mar-2025,2025-03-27,51200.00,PE,1270.00,1270.00,1270.00,1270.00,1862.05,1,15.741,30,0,06-JAN-2025
OPTIDX,BANKNIFTY,27-Mar-2025,2025-03-27,51200.00,CE,0.00,0.00,0.00,2564.95,1335.95,0,0.00,0,0,06-JAN-2025
OPTIDX,BANKNIFTY,27-Feb-2025,2025-02-27,51200.00,PE,1065.75,1729.25,1060.00,1620.50,1620.50,190,3002.91651,5310,-2310,06-JAN-2025
OPTIDX,BANKNIFTY,30-Jan-2025,2025-01-30,51200.00,CE,896.20,918.85,461.10,498.25,498.25,101069,785958.910,417855,45930,06-JAN-2025
OPTIDX,BANKNIFTY,25-Sep-2025,2025-09-25,46500.00,PE,0.00,0.00,0.00,695.05,762.20,0,0.00,0,0,06-JAN-2025
OPTIDX,BANKNIFTY,27-Feb-2025,2025-02-27,46500.00,PE,131.75,265.10,131.75,239.15,239.15,1079,15114.2241,28710,12390,06-JAN-2025
OPTIDX,BANKNIFTY,24-Dec-2025,2025-12-24,46500.00,CE,0.00,0.00,0.00,9144.30,7250.70,0,0.00,0,0,06-JAN-2025
OPTIDX,BANKNIFTY,27-Mar-2025,2025-03-27,46500.00,PE,205.00,338.25,199.95,313.80,313.80,442,6202.73094,26880,4395,06-JAN-2025
OPTIDX,BANKNIFTY,27-Mar-2025,2025-03-27,52700.00,CE,0.00,0.00,0.00,1832.75,801.00,0,0.00,0,0,06-JAN-2025
OPTIDX,BANKNIFTY,27-Mar-2025,2025-03-27,49800.00,PE,0.00,0.00,0.00,1066.70,1173.55,0,0.00,0,0,06-JAN-2025
OPTSTK,PRESTIGE,27-Feb-2025,2025-02-27,1450.00,CE,0.00,0.00,0.00,355.25,200.35,0,0.00,0,0,06-JAN-2025
OPTSTK,PRESTIGE,30-Jan-2025,2025-01-30,1450.00,PE,9.35,20.55,9.35,20.10,18.45,40,190.324225,8775,8775,06-JAN-2025
OPTSTK,JSWENERGY,27-Mar-2025,2025-03-27,520.00,CE,0.00,0.00,0.00,142.20,102.95,0,0.00,0,0,06-JAN-2025
OPTSTK,PRESTIGE,27-Feb-2025,2025-02-27,1400.00,PE,0.00,0.00,0.00,58.20,28.60,0,0.00,0,0,06-JAN-2025
OPTIDX,BANKNIFTY,27-Mar-2025,2025-03-27,50500.00,PE,921.90,1400.25,917.05,1310.15,1310.15,268,4155.207,5040,-600,06-JAN-2025
OPTSTK,CUMMINSIND,30-Jan-2025,2025-01-30,3000.00,PE,21.95,41.50,19.55,35.70,35.70,1278,5810.10187,101400,37500,06-JAN-2025
OPTSTK,PRESTIGE,27-Feb-2025,2025-02-27,1800.00,CE,0.00,0.00,0.00,143.75,43.45,0,0.00,0,0,06-JAN-2025
OPTSTK,PRESTIGE,30-Jan-2025,2025-01-30,1450.00,CE,0.00,0.00,0.00,292.15,169.85,0,0.00,0,0,06-JAN-2025
OPTIDX,BANKNIFTY,27-Feb-2025,2025-02-27,53500.00,CE,447.55,460.30,272.75,283.05,283.05,3085,49835.2254,71910,12090,06-JAN-2025
OPTIDX,BANKNIFTY,27-Feb-2025,2025-02-27,50200.00,CE,1772.75,1794.65,1423.50,1487.90,1487.90,166,2579.14116,3270,2790,06-JAN-2025
OPTIDX,BANKNIFTY,27-Feb-2025,2025-02-27,53500.00,PE,2550.00,3325.80,2540.00,3167.80,3167.80,130,2202.25809,35850,-180,06-JAN-2025
OPTSTK,PRESTIGE,27-Mar-2025,2025-03-27,1500.00,CE,0.00,0.00,0.00,346.10,194.95,0,0.00,0,0,06-JAN-2025
OPTIDX,BANKNIFTY,30-Jan-2025,2025-01-30,48500.00,PE,144.75,417.55,142.55,362.45,362.45,277092,2027543.76,711600,-10665,06-JAN-2025
OPTSTK,CUMMINSIND,30-Jan-2025,2025-01-30,3150.00,PE,59.80,96.85,58.10,85.00,85.00,196,949.21605,16800,-4800,06-JAN-2025
OPTIDX,BANKNIFTY,27-Feb-2025,2025-02-27,49400.00,CE,1990.60,1990.60,1990.60,1990.60,1990.60,3,46.25154,330,90,06-JAN-2025
OPTIDX,BANKNIFTY,27-Feb-2025,2025-02-27,49400.00,PE,839.05,891.05,830.85,830.85,830.85,14,211.07724,270,270,06-JAN-2025
OPTIDX,BANKNIFTY,30-Jan-2025,2025-01-30,49400.00,CE,2010.00,2010.00,1281.50,1372.00,1372.00,2280,17376.5305,12675,8640,06-JAN-2025
OPTIDX,BANKNIFTY,30-Jan-2025,2025-01-30,49400.00,PE,200.00,705.00,200.00,619.25,619.25,68175,510208.879,67470,-31275,06-JAN-2025
OPTSTK,PRESTIGE,30-Jan-2025,2025-01-30,1800.00,CE,22.00,22.00,9.25,11.35,11.35,341,2010.65133,64675,-13975,06-JAN-2025
OPTSTK,PRESTIGE,27-Mar-2025,2025-03-27,1800.00,CE,0.00,0.00,0.00,180.10,68.70,0,0.00,0,0,06-JAN-2025
OPTIDX,BANKNIFTY,27-Mar-2025,2025-03-27,53800.00,PE,0.00,0.00,0.00,2995.20,3614.85,0,0.00,0,0,06-JAN-2025
OPTIDX,BANKNIFTY,27-Feb-2025,2025-02-27,53800.00,CE,375.50,375.50,223.45,233.15,233.15,280,4542.02826,8220,-1200,06-JAN-2025
OPTIDX,BANKNIFTY,27-Mar-2025,2025-03-27,53800.00,CE,0.00,0.00,0.00,1399.80,526.95,0,0.00,0,0,06-JAN-2025
OPTIDX,BANKNIFTY,30-Jan-2025,2025-01-30,53800.00,PE,3907.00,3907.00,3736.35,3747.25,3689.20,22,190.277017,24825,-195,06-JAN-2025
OPTIDX,BANKNIFTY,30-Jan-2025,2025-01-30,53800.00,CE,124.45,128.85,67.05,70.35,70.35,51447,415844.758,147900,14445,06-JAN-2025
OPTSTK,JSWENERGY,30-Jan-2025,2025-01-30,610.00,CE,27.45,32.10,19.50,21.30,21.30,651,3096.957,159000,140250,06-JAN-2025
OPTIDX,BANKNIFTY,30-Jan-2025,2025-01-30,55300.00,CE,29.90,36.50,24.40,27.55,27.55,33214,275651.129,97515,-21105,06-JAN-2025
FUTIDX,BANKNIFTY,27-Mar-2025,2025-03-27,,,51840.70,51947.60,50721.45,50884.75,50884.75,2982,45790.6448,69630,24360,06-JAN-2025
OPTIDX,BANKNIFTY,30-Jan-2025,2025-01-30,51800.00,PE,1189.95,2104.45,1187.60,1973.70,1973.70,7263,58079.7296,135825,-15780,06-JAN-2025
OPTSTK,CUMMINSIND,27-Feb-2025,2025-02-27,3250.00,PE,0.00,0.00,0.00,148.70,182.15,0,0.00,0,0,06-JAN-2025
OPTSTK,CUMMINSIND,27-Mar-2025,2025-03-27,3300.00,CE,0.00,0.00,0.00,329.05,163.85,0,0.00,0,0,06-JAN-2025
OPTIDX,BANKNIFTY,30-Jan-2025,2025-01-30,54500.00,PE,3349.40,4529.00,3331.05,4352.70,4352.70,7677,67729.8726,162840,-52365,06-JAN-2025
OPTIDX,BANKNIFTY,27-Feb-2025,2025-02-27,54500.00,CE,242.60,245.40,148.95,154.85,154.85,3740,61356.8136,79440,-19080,06-JAN-2025
OPTIDX,BANKNIFTY,27-Mar-2025,2025-03-27,54500.00,PE,0.00,0.00,0.00,3450.00,4173.60,0,0.00,0,0,06-JAN-2025
OPTSTK,PRESTIGE,30-Jan-2025,2025-01-30,2000.00,CE,2.10,2.60,1.35,1.45,1.45,123,800.18965,52650,4550,06-JAN-2025
OPTSTK,JSWENERGY,30-Jan-2025,2025-01-30,780.00,CE,0.50,0.90,0.30,0.55,0.30,35,204.917625,98250,-13500,06-JAN-2025
OPTIDX,BANKNIFTY,27-Mar-2025,2025-03-27,54000.00,CE,619.95,620.00,411.70,428.50,428.50,2871,46951.4944,101190,5115,06-JAN-2025
OPTSTK,JSWENERGY,30-Jan-2025,2025-01-30,580.00,PE,11.00,16.30,6.80,14.90,14.90,1374,6097.17975,207750,69000,06-JAN-2025
OPTIDX,BANKNIFTY,30-Jan-2025,2025-01-30,57500.00,PE,6578.80,6578.80,6578.80,6578.80,7323.85,1,9.61182,495,0,06-JAN-2025
OPTIDX,BANKNIFTY,27-Mar-2025,2025-03-27,57500.00,CE,80.15,83.15,80.15,83.15,98.35,18,310.94091,540,540,06-JAN-2025
OPTIDX,BANKNIFTY,27-Mar-2025,2025-03-27,49200.00,CE,0.00,0.00,0.00,3458.35,2381.85,0,0.00,90,0,06-JAN-2025
OPTIDX,BANKNIFTY,30-Jan-2025,2025-01-30,49200.00,PE,244.45,630.00,240.40,553.45,553.45,60323,449213.376,146010,-15,06-JAN-2025
OPTIDX,BANKNIFTY,27-Feb-2025,2025-02-27,49200.00,PE,675.00,835.25,675.00,765.45,765.45,151,2264.93763,1620,690,06-JAN-2025
OPTIDX,BANKNIFTY,27-Feb-2025,2025-02-27,49200.00,CE,0.00,0.00,0.00,2762.00,1941.65,0,0.00,150,0,06-JAN-2025
OPTIDX,BANKNIFTY,27-Mar-2025,2025-03-27,49200.00,PE,0.00,0.00,0.00,878.35,937.30,0,0.00,0,0,06-JAN-2025
OPTIDX,BANKNIFTY,30-Jan-2025,2025-01-30,49200.00,CE,2128.85,2132.30,1408.00,1493.75,1493.75,1744,13281.4749,15585,8235,06-JAN-2025
OPTIDX,BANKNIFTY,30-Jan-2025,2025-01-30,48600.00,PE,152.50,442.90,152.50,385.40,385.40,51782,379891.961,43710,9465,06-JAN-2025
OPTIDX,BANKNIFTY,30-Jan-2025,2025-01-30,48300.00,PE,116.70,368.25,116.70,319.50,319.50,34705,252708.931,56910,-9675,06-JAN-2025
OPTIDX,BANKNIFTY,27-Mar-2025,2025-03-27,48300.00,CE,0.00,0.00,0.00,3972.65,2978.05,0,0.00,120,0,06-JAN-2025
OPTIDX,BANKNIFTY,27-Feb-2025,2025-02-27,48300.00,PE,0.00,0.00,0.00,474.15,470.40,0,0.00,0,0,06-JAN-2025
OPTIDX,BANKNIFTY,27-Feb-2025,2025-02-27,48300.00,CE,2876.40,2876.40,2876.40,2876.40,2554.65,3,46.05876,90,90,06-JAN-2025
OPTIDX,BANKNIFTY,30-Jan-2025,2025-01-30,48300.00,CE,0.00,0.00,0.00,4934.40,2063.85,0,0.00,0,0,06-JAN-2025
OPTIDX,BANKNIFTY,27-Mar-2025,2025-03-27,48300.00,PE,0.00,0.00,0.00,642.50,646.75,0,0.00,0,0,06-JAN-2025
OPTIDX,BANKNIFTY,27-Feb-2025,2025-02-27,55200.00,PE,0.00,0.00,0.00,3273.80,4865.80,0,0.00,0,0,06-JAN-2025
OPTIDX,BANKNIFTY,27-Feb-2025,2025-02-27,55200.00,CE,254.50,254.50,91.50,104.30,116.10,95,1576.87377,2460,-60,06-JAN-2025
OPTSTK,CUMMINSIND,27-Feb-2025,2025-02-27,2900.00,CE,0.00,0.00,0.00,686.25,349.30,0,0.00,0,0,06-JAN-2025
OPTSTK,JSWENERGY,30-Jan-2025,2025-01-30,750.00,PE,0.00,0.00,0.00,110.25,145.80,0,0.00,3000,0,06-JAN-2025
OPTIDX,BANKNIFTY,26-Jun-2025,2025-06-26,45000.00,CE,0.00,0.00,0.00,8309.10,6644.85,0,0.00,15,0,06-JAN-2025
OPTIDX,BANKNIFTY,24-Dec-2025,2025-12-24,45000.00,CE,0.00,0.00,0.00,10247.30,8371.70,0,0.00,0,0,06-JAN-2025
OPTIDX,BANKNIFTY,27-Feb-2025,2025-02-27,47500.00,PE,198.60,417.65,198.60,372.45,372.45,2695,38651.8033,52530,16080,06-JAN-2025
OPTSTK,PRESTIGE,27-Mar-2025,2025-03-27,2000.00,PE,0.00,0.00,0.00,321.95,405.90,0,0.00,0,0,06-JAN-2025
OPTIDX,BANKNIFTY,30-Jan-2025,2025-01-30,50400.00,CE,1353.95,1371.00,757.45,820.10,820.10,86875,668705.341,140295,93480,06-JAN-2025
OPTSTK,JSWENERGY,27-Feb-2025,2025-02-27,570.00,CE,0.00,0.00,0.00,96.60,59.40,0,0.00,0,0,06-JAN-2025
OPTIDX,BANKNIFTY,27-Feb-2025,2025-02-27,54900.00,PE,0.00,0.00,0.00,3084.65,4592.15,0,0.00,60,0,06-JAN-2025
OPTIDX,BANKNIFTY,27-Feb-2025,2025-02-27,54900.00,CE,144.00,144.00,144.00,144.00,139.55,5,82.566,1770,0,06-JAN-2025
OPTIDX,BANKNIFTY,30-Jan-2025,2025-01-30,54900.00,PE,4434.20,4434.25,4434.20,4434.25,4750.00,3,26.7003975,7470,-30,06-JAN-2025
OPTIDX,BANKNIFTY,30-Jan-2025,2025-01-30,55400.00,PE,0.00,0.00,0.00,1891.40,5241.05,0,0.00,0,0,06-JAN-2025
OPTIDX,BANKNIFTY,27-Mar-2025,2025-03-27,53600.00,CE,0.00,0.00,0.00,1472.25,570.20,0,0.00,0,0,06-JAN-2025
OPTIDX,BANKNIFTY,27-Mar-2025,2025-03-27,53600.00,PE,0.00,0.00,0.00,2871.25,3461.05,0,0.00,0,0,06-JAN-2025
OPTIDX,BANKNIFTY,27-Feb-2025,2025-02-27,55400.00,CE,0.00,0.00,0.00,223.10,102.45,0,0.00,1050,0,06-JAN-2025
OPTIDX,BANKNIFTY,30-Jan-2025,2025-01-30,55400.00,CE,32.80,32.80,23.30,26.45,26.45,23174,192669.534,77355,-13515,06-JAN-2025
OPTIDX,BANKNIFTY,27-Feb-2025,2025-02-27,55400.00,PE,0.00,0.00,0.00,3403.60,5050.25,0,0.00,0,0,06-JAN-2025
OPTIDX,BANKNIFTY,27-Mar-2025,2025-03-27,45000.00,CE,0.00,0.00,0.00,8200.00,5692.60,0,0.00,120,0,06-JAN-2025
OPTIDX,BANKNIFTY,25-Sep-2025,2025-09-25,45000.00,PE,0.00,0.00,0.00,495.00,489.10,0,0.00,0,0,06-JAN-2025
OPTIDX,BANKNIFTY,27-Mar-2025,2025-03-27,47500.00,CE,0.00,0.00,0.00,5065.20,3567.65,0,0.00,0,0,06-JAN-2025
OPTIDX,BANKNIFTY,27-Feb-2025,2025-02-27,55600.00,PE,0.00,0.00,0.00,3044.70,5236.10,0,0.00,90,0,06-JAN-2025
OPTIDX,BANKNIFTY,27-Mar-2025,2025-03-27,54500.00,CE,405.00,408.80,310.45,323.85,323.85,661,10874.5041,11790,11400,06-JAN-2025
OPTIDX,BANKNIFTY,30-Jan-2025,2025-01-30,53000.00,PE,2029.95,3120.00,2014.65,2958.55,2958.55,7937,66289.6837,518280,3810,06-JAN-2025
OPTIDX,BANKNIFTY,27-Feb-2025,2025-02-27,53000.00,PE,1989.80,2946.40,1989.80,2816.60,2816.60,779,12961.7185,59700,-840,06-JAN-2025
OPTIDX,BANKNIFTY,30-Jan-2025,2025-01-30,53000.00,CE,231.50,257.20,124.50,130.45,130.45,415116,3310440.32,1946955,317355,06-JAN-2025
OPTIDX,BANKNIFTY,30-Jan-2025,2025-01-30,42500.00,PE,3.95,4.95,3.60,4.20,4.20,519921,3314829.92,1637970,546660,06-JAN-2025
OPTSTK,PRESTIGE,27-Feb-2025,2025-02-27,1550.00,PE,0.00,0.00,0.00,61.10,78.05,0,0.00,0,0,06-JAN-2025
FUTSTK,JSWENERGY,27-Mar-2025,2025-03-27,,,630.10,633.00,608.00,608.00,608.00,13,60.6675,15750,750,06-JAN-2025
OPTIDX,BANKNIFTY,27-Feb-2025,2025-02-27,49500.00,CE,2160.00,2205.65,1810.90,1912.55,1912.55,350,5401.12831,3690,2790,06-JAN-2025
OPTIDX,BANKNIFTY,27-Mar-2025,2025-03-27,49500.00,CE,2575.10,2581.00,2240.85,2344.90,2344.90,49,763.403205,1140,1140,06-JAN-2025
OPTIDX,BANKNIFTY,27-Feb-2025,2025-02-27,52500.00,CE,815.60,815.60,460.00,513.60,513.60,3206,51081.9347,60990,12060,06-JAN-2025
OPTIDX,BANKNIFTY,30-Jan-2025,2025-01-30,49800.00,PE,343.55,874.80,343.55,774.90,774.90,171545,1299184.97,132090,3135,06-JAN-2025
OPTSTK,PRESTIGE,27-Mar-2025,2025-03-27,1900.00,CE,0.00,0.00,0.00,141.40,46.10,0,0.00,0,0,06-JAN-2025
OPTSTK,PRESTIGE,30-Jan-2025,2025-01-30,1900.00,PE,0.00,0.00,0.00,200.55,302.65,0,0.00,1625,0,06-JAN-2025
OPTSTK,JSWENERGY,27-Feb-2025,2025-02-27,730.00,PE,0.00,0.00,0.00,110.00,128.45,0,0.00,0,0,06-JAN-2025
OPTSTK,JSWENERGY,30-Jan-2025,2025-01-30,730.00,CE,1.65,2.00,1.35,1.65,1.65,365,2002.8555,100500,-54000,06-JAN-2025
OPTIDX,BANKNIFTY,27-Mar-2025,2025-03-27,48400.00,CE,0.00,0.00,0.00,4109.70,2908.15,0,0.00,120,0,06-JAN-2025
OPTSTK,JSWENERGY,27-Feb-2025,2025-02-27,730.00,CE,0.00,0.00,0.00,25.65,7.05,0,0.00,0,0,06-JAN-2025
OPTSTK,CUMMINSIND,30-Jan-2025,2025-01-30,3700.00,PE,0.00,0.00,0.00,387.10,512.25,0,0.00,9750,0,06-JAN-2025
OPTSTK,CUMMINSIND,27-Feb-2025,2025-02-27,3700.00,CE,0.00,0.00,0.00,215.05,27.05,0,0.00,0,0,06-JAN-2025
OPTIDX,BANKNIFTY,24-Dec-2025,2025-12-24,51000.00,CE,0.00,0.00,0.00,6251.70,4413.15,0,0.00,0,0,06-JAN-2025
OPTIDX,BANKNIFTY,30-Jan-2025,2025-01-30,53700.00,PE,2715.00,3677.15,2700.00,3582.10,3582.10,259,2221.65023,32025,-2640,06-JAN-2025
OPTIDX,BANKNIFTY,27-Feb-2025,2025-02-27,53700.00,PE,0.00,0.00,0.00,2053.05,3542.30,0,0.00,240,0,06-JAN-2025
OPTIDX,BANKNIFTY,27-Mar-2025,2025-03-27,53700.00,CE,0.00,0.00,0.00,1435.70,548.20,0,0.00,0,0,06-JAN-2025
OPTIDX,BANKNIFTY,27-Feb-2025,2025-02-27,53700.00,CE,371.00,371.00,238.60,247.55,247.55,164,2656.48381,6780,60,06-JAN-2025
OPTIDX,BANKNIFTY,30-Jan-2025,2025-01-30,53700.00,CE,141.15,141.85,72.35,75.45,75.45,57200,461546.767,145560,480,06-JAN-2025
OPTIDX,BANKNIFTY,27-Mar-2025,2025-03-27,53700.00,PE,0.00,0.00,0.00,2932.90,3537.60,0,0.00,0,0,06-JAN-2025
OPTIDX,BANKNIFTY,27-Mar-2025,2025-03-27,50100.00,PE,0.00,0.00,0.00,1170.45,1304.90,0,0.00,0,0,06-JAN-2025
OPTIDX,BANKNIFTY,27-Feb-2025,2025-02-27,50100.00,PE,801.50,1148.65,801.50,1090.30,1090.30,335,5139.34119,3240,-2850,06-JAN-2025
OPTIDX,BANKNIFTY,27-Feb-2025,2025-02-27,51600.00,CE,1230.55,1230.55,790.75,819.40,819.40,329,5186.17776,5970,270,06-JAN-2025
OPTIDX,BANKNIFTY,30-Jan-2025,2025-01-30,50100.00,PE,447.30,1017.35,443.30,908.15,908.15,173782,1326663.84,166665,65520,06-JAN-2025
OPTIDX,BANKNIFTY,27-Mar-2025,2025-03-27,50100.00,CE,0.00,0.00,0.00,3208.25,1862.65,0,0.00,0,0,06-JAN-2025
OPTIDX,BANKNIFTY,27-Mar-2025,2025-03-27,51600.00,PE,0.00,0.00,0.00,1788.45,2093.60,0,0.00,0,0,06-JAN-2025
OPTIDX,BANKNIFTY,27-Feb-2025,2025-02-27,50100.00,CE,1836.20,1836.20,1490.00,1546.95,1546.95,230,3571.65069,5400,5190,06-JAN-2025
OPTIDX,BANKNIFTY,27-Feb-2025,2025-02-27,56200.00,PE,0.00,0.00,0.00,3947.30,5801.00,0,0.00,0,0,06-JAN-2025
OPTSTK,CUMMINSIND,27-Feb-2025,2025-02-27,3450.00,PE,0.00,0.00,0.00,245.90,312.40,0,0.00,0,0,06-JAN-2025
OPTIDX,BANKNIFTY,27-Feb-2025,2025-02-27,56200.00,CE,0.00,0.00,0.00,202.05,60.85,0,0.00,2370,0,06-JAN-2025
OPTIDX,BANKNIFTY,30-Jan-2025,2025-01-30,56200.00,PE,0.00,0.00,0.00,2402.40,6032.20,0,0.00,135,0,06-JAN-2025
OPTSTK,CUMMINSIND,27-Feb-2025,2025-02-27,3050.00,CE,0.00,0.00,0.00,432.45,244.85,0,0.00,0,0,06-JAN-2025
OPTIDX,BANKNIFTY,27-Feb-2025,2025-02-27,50500.00,CE,1860.10,1881.50,1258.00,1315.20,1315.20,2003,31195.4624,28500,22110,06-JAN-2025
OPTIDX,BANKNIFTY,27-Mar-2025,2025-03-27,50500.00,CE,2262.50,2262.50,1695.00,1727.15,1727.15,115,1806.7551,2280,1500,06-JAN-2025
OPTIDX,BANKNIFTY,25-Sep-2025,2025-09-25,43500.00,PE,0.00,0.00,0.00,341.50,297.00,0,0.00,0,0,06-JAN-2025
OPTIDX,BANKNIFTY,27-Mar-2025,2025-03-27,53300.00,PE,0.00,0.00,0.00,2690.45,3235.60,0,0.00,0,0,06-JAN-2025
OPTIDX,BANKNIFTY,27-Mar-2025,2025-03-27,56000.00,PE,0.00,0.00,0.00,4528.65,5459.70,0,0.00,0,0,06-JAN-2025
OPTIDX,BANKNIFTY,27-Mar-2025,2025-03-27,56000.00,CE,0.00,0.00,0.00,773.00,204.10,0,0.00,0,0,06-JAN-2025
OPTIDX,BANKNIFTY,27-Feb-2025,2025-02-27,56000.00,PE,5241.20,5689.20,5241.20,5425.50,5425.50,11,203.06544,1320,-210,06-JAN-2025
OPTIDX,BANKNIFTY,30-Jan-2025,2025-01-30,56000.00,CE,16.90,22.10,16.90,21.25,21.25,237957,1999536.60,1093440,-199680,06-JAN-2025
OPTIDX,BANKNIFTY,27-Feb-2025,2025-02-27,56000.00,CE,95.90,96.00,60.40,69.55,69.55,5829,98056.8265,147060,-26070,06-JAN-2025
OPTIDX,BANKNIFTY,30-Jan-2025,2025-01-30,56000.00,PE,4900.00,5979.10,4900.00,5822.65,5822.65,431,3973.34002,47190,-810,06-JAN-2025
OPTIDX,BANKNIFTY,27-Mar-2025,2025-03-27,49400.00,PE,0.00,0.00,0.00,938.35,1012.20,0,0.00,0,0,06-JAN-2025
OPTIDX,BANKNIFTY,27-Mar-2025,2025-03-27,49400.00,CE,0.00,0.00,0.00,3663.50,2259.65,0,0.00,0,0,06-JAN-2025
OPTIDX,BANKNIFTY,30-Jan-2025,2025-01-30,61000.00,CE,7.90,13.30,6.30,12.35,12.35,326657,2989429.91,3475725,1393470,06-JAN-2025
OPTIDX,BANKNIFTY,30-Jan-2025,2025-01-30,50500.00,PE,559.50,1231.35,499.00,1113.55,1113.55,390911,3011697.48,694215,-19455,06-JAN-2025
OPTIDX,BANKNIFTY,24-Dec-2025,2025-12-24,54000.00,PE,0.00,0.00,0.00,3602.35,3675.25,0,0.00,0,0,06-JAN-2025
OPTIDX,BANKNIFTY,27-Feb-2025,2025-02-27,54000.00,PE,2761.85,3752.75,2712.70,3619.05,3619.05,5571,95588.8164,649080,41880,06-JAN-2025
OPTSTK,CUMMINSIND,30-Jan-2025,2025-01-30,3800.00,PE,0.00,0.00,0.00,516.85,609.15,0,0.00,9600,0,06-JAN-2025
OPTSTK,CUMMINSIND,30-Jan-2025,2025-01-30,3550.00,PE,0.00,0.00,0.00,299.00,372.40,0,0.00,1350,0,06-JAN-2025
OPTSTK,JSWENERGY,30-Jan-2025,2025-01-30,700.00,CE,3.65,4.00,2.75,3.15,3.15,1524,8038.22287,773250,66000,06-JAN-2025
OPTSTK,JSWENERGY,30-Jan-2025,2025-01-30,700.00,PE,0.00,0.00,0.00,64.25,98.40,0,0.00,52500,0,06-JAN-2025
OPTSTK,CUMMINSIND,27-Feb-2025,2025-02-27,3650.00,PE,0.00,0.00,0.00,370.05,472.15,0,0.00,0,0,06-JAN-2025
OPTIDX,BANKNIFTY,27-Feb-2025,2025-02-27,49100.00,CE,0.00,0.00,0.00,2754.90,2005.20,0,0.00,180,0,06-JAN-2025
OPTIDX,BANKNIFTY,27-Mar-2025,2025-03-27,49100.00,PE,0.00,0.00,0.00,849.40,901.30,0,0.00,0,0,06-JAN-2025
OPTIDX,BANKNIFTY,27-Mar-2025,2025-03-27,51400.00,CE,0.00,0.00,0.00,2457.65,1252.80,0,0.00,0,0,06-JAN-2025
OPTIDX,BANKNIFTY,27-Mar-2025,2025-03-27,51400.00,PE,0.00,0.00,0.00,1696.35,1975.95,0,0.00,0,0,06-JAN-2025
OPTIDX,BANKNIFTY,30-Jan-2025,2025-01-30,57500.00,CE,11.80,16.05,10.50,15.50,15.50,95347,822562.858,373500,-67005,06-JAN-2025
OPTIDX,BANKNIFTY,27-Feb-2025,2025-02-27,57500.00,CE,46.50,48.85,40.30,43.65,43.65,53,914.939415,2580,180,06-JAN-2025
OPTIDX,NIFTY,30-Jan-2025,2025-01-30,22550.00,CE,1272.50,1272.50,1235.90,1235.90,1193.05,2,11.9021,200,0,06-JAN-2025
OPTIDX,NIFTY,16-Jan-2025,2025-01-16,22550.00,PE,3.95,33.10,3.95,27.70,27.70,3142,53188.6317,20925,11550,06-JAN-2025
OPTIDX,NIFTY,27-Mar-2025,2025-03-27,22550.00,CE,0.00,0.00,0.00,1808.05,1531.65,0,0.00,0,0,06-JAN-2025
OPTIDX,NIFTY,16-Jan-2025,2025-01-16,22800.00,PE,8.00,57.65,5.70,47.55,47.55,29437,504089.216,282300,137475,06-JAN-2025
OPTIDX,NIFTY,23-Jan-2025,2025-01-23,22800.00,PE,25.00,84.90,22.00,74.40,74.40,730,12514.5405,30375,4425,06-JAN-2025
OPTIDX,NIFTY,27-Feb-2025,2025-02-27,26350.00,CE,21.00,21.05,18.80,19.50,19.50,126,2491.96623,4950,2100,06-JAN-2025
OPTIDX,NIFTY,09-Jan-2025,2025-01-09,24650.00,PE,641.50,1056.40,630.00,1046.50,1046.50,101,1933.22598,5625,-225,06-JAN-2025
OPTIDX,NIFTY,27-Feb-2025,2025-02-27,24650.00,PE,0.00,0.00,0.00,702.85,993.45,0,0.00,5475,0,06-JAN-2025
OPTIDX,NIFTY,27-Feb-2025,2025-02-27,24650.00,CE,261.55,263.10,208.20,213.35,213.35,338,6306.74396,10275,1425,06-JAN-2025
OPTIDX,NIFTY,30-Jan-2025,2025-01-30,24400.00,CE,199.25,226.35,109.70,116.30,116.30,58585,359428.493,734175,144550,06-JAN-2025
OPTIDX,NIFTY,27-Mar-2025,2025-03-27,24400.00,PE,844.85,859.35,830.90,858.10,846.20,13,246.107775,975,975,06-JAN-2025
OPTIDX,NIFTY,27-Feb-2025,2025-02-27,24400.00,PE,575.95,872.90,575.95,816.80,816.80,219,4123.6902,17475,1650,06-JAN-2025
OPTIDX,NIFTY,06-Feb-2025,2025-02-06,22950.00,CE,0.00,0.00,0.00,1465.10,897.45,0,0.00,0,0,06-JAN-2025
OPTIDX,NIFTY,23-Jan-2025,2025-01-23,22950.00,CE,0.00,0.00,0.00,1261.70,787.80,0,0.00,0,0,06-JAN-2025
OPTIDX,NIFTY,09-Jan-2025,2025-01-09,22950.00,PE,2.95,34.30,2.15,26.00,26.00,472457,8137630.75,1077150,607425,06-JAN-2025
OPTIDX,NIFTY,27-Mar-2025,2025-03-27,22950.00,CE,0.00,0.00,0.00,1509.50,1223.50,0,0.00,0,0,06-JAN-2025
OPTIDX,NIFTY,23-Jan-2025,2025-01-23,22950.00,PE,30.50,74.45,30.50,74.45,49.70,3,51.77205,75,-150,06-JAN-2025
OPTIDX,NIFTY,27-Feb-2025,2025-02-27,24600.00,PE,681.05,997.00,681.05,969.80,969.80,350,6698.56372,31275,11775,06-JAN-2025
OPTIDX,NIFTY,27-Feb-2025,2025-02-27,24600.00,CE,350.50,359.95,218.75,226.20,226.20,1105,20609.8636,50925,1800,06-JAN-2025
OPTIDX,NIFTY,09-Jan-2025,2025-01-09,24600.00,PE,601.15,1024.55,559.95,990.95,990.95,2039,38893.572,125850,-38400,06-JAN-2025
OPTIDX,NIFTY,29-Jun-2028,2028-06-29,22000.00,CE,0.00,0.00,0.00,4759.50,6512.70,0,0.00,0,0,06-JAN-2025
OPTIDX,NIFTY,28-Jun-2029,2029-06-28,24000.00,PE,0.00,0.00,0.00,694.05,504.15,0,0.00,25,0,06-JAN-2025
OPTIDX,NIFTY,06-Feb-2025,2025-02-06,24000.00,CE,529.95,542.00,340.00,351.55,351.55,492,9002.96595,20100,18600,06-JAN-2025
OPTIDX,NIFTY,25-Jun-2026,2026-06-25,24000.00,CE,0.00,0.00,0.00,1698.30,2620.40,0,0.00,0,0,06-JAN-2025
OPTIDX,NIFTY,30-Jan-2025,2025-01-30,21900.00,CE,0.00,0.00,0.00,2330.00,1816.20,0,0.00,300,0,06-JAN-2025
OPTIDX,NIFTY,26-Jun-2025,2025-06-26,14000.00,PE,0.00,0.00,0.00,0.25,0.05,0,0.00,2925,0,06-JAN-2025
OPTIDX,NIFTY,25-Jun-2026,2026-06-25,14000.00,PE,0.00,0.00,0.00,20.00,0.05,0,0.00,925,0,06-JAN-2025
OPTIDX,NIFTY,06-Feb-2025,2025-02-06,23450.00,CE,0.00,0.00,0.00,1054.25,542.95,0,0.00,0,0,06-JAN-2025
OPTIDX,NIFTY,30-Jan-2025,2025-01-30,23450.00,PE,124.00,291.15,117.60,263.25,263.25,9210,54468.2888,125625,39875,06-JAN-2025
OPTIDX,NIFTY,23-Jan-2025,2025-01-23,23450.00,CE,514.05,524.50,447.55,447.55,413.40,30,538.807275,1950,1950,06-JAN-2025
OPTIDX,NIFTY,27-Feb-2025,2025-02-27,23450.00,PE,221.80,388.00,221.80,367.75,367.75,218,3883.92911,6300,3525,06-JAN-2025
OPTIDX,NIFTY,27-Mar-2025,2025-03-27,23450.00,CE,0.00,0.00,0.00,1173.95,887.45,0,0.00,0,0,06-JAN-2025
OPTIDX,NIFTY,27-Feb-2025,2025-02-27,22150.00,PE,0.00,0.00,0.00,48.05,40.85,0,0.00,14550,0,06-JAN-2025
OPTIDX,NIFTY,23-Jan-2025,2025-01-23,22150.00,CE,0.00,0.00,0.00,1977.60,1538.25,0,0.00,0,0,06-JAN-2025
OPTIDX,NIFTY,27-Mar-2025,2025-03-27,22150.00,CE,0.00,0.00,0.00,2131.60,1868.25,0,0.00,0,0,06-JAN-2025
OPTIDX,NIFTY,09-Jan-2025,2025-01-09,22150.00,PE,0.75,4.40,0.70,3.60,3.60,112670,1871935.77,879375,746175,06-JAN-2025
OPTIDX,NIFTY,09-Jan-2025,2025-01-09,22150.00,CE,0.00,0.00,0.00,2717.15,1478.35,0,0.00,0,0,06-JAN-2025
OPTIDX,NIFTY,27-Feb-2025,2025-02-27,22150.00,CE,0.00,0.00,0.00,2279.25,1718.90,0,0.00,0,0,06-JAN-2025
OPTIDX,NIFTY,30-Jan-2025,2025-01-30,22150.00,CE,0.00,0.00,0.00,2466.85,1571.90,0,0.00,200,0,06-JAN-2025
OPTIDX,NIFTY,27-Mar-2025,2025-03-27,22150.00,PE,0.00,0.00,0.00,95.80,76.90,0,0.00,525,0,06-JAN-2025
OPTIDX,NIFTY,23-Jan-2025,2025-01-23,22150.00,PE,19.80,20.50,19.80,20.50,2.70,12,199.53135,0,0,06-JAN-2025
OPTIDX,NIFTY,16-Jan-2025,2025-01-16,22150.00,CE,0.00,0.00,0.00,2559.05,1507.25,0,0.00,0,0,06-JAN-2025
OPTIDX,NIFTY,30-Jan-2025,2025-01-30,22150.00,PE,12.55,38.95,12.55,33.55,33.55,5489,30434.5500,58425,24500,06-JAN-2025
OPTIDX,NIFTY,16-Jan-2025,2025-01-16,22150.00,PE,3.40,14.25,2.65,12.00,12.00,3642,60528.5497,30675,19425,06-JAN-2025
OPTIDX,NIFTY,23-Jan-2025,2025-01-23,25750.00,CE,0.00,0.00,0.00,56.55,0.50,0,0.00,0,0,06-JAN-2025
OPTIDX,NIFTY,23-Jan-2025,2025-01-23,22050.00,CE,0.00,0.00,0.00,2072.60,1636.95,0,0.00,0,0,06-JAN-2025
OPTIDX,NIFTY,16-Jan-2025,2025-01-16,22050.00,CE,0.00,0.00,0.00,2656.95,1606.90,0,0.00,0,0,06-JAN-2025
OPTIDX,NIFTY,27-Feb-2025,2025-02-27,22050.00,CE,0.00,0.00,0.00,2364.95,1810.55,0,0.00,0,0,06-JAN-2025
OPTIDX,NIFTY,09-Jan-2025,2025-01-09,22050.00,PE,0.75,3.90,0.65,3.05,3.05,128375,2123207.67,448050,171525,06-JAN-2025
OPTIDX,NIFTY,30-Jan-2025,2025-01-30,22050.00,PE,10.95,32.40,10.05,27.95,27.95,11125,61386.3088,58200,15200,06-JAN-2025
OPTIDX,NIFTY,30-Jan-2025,2025-01-30,24600.00,CE,140.00,152.00,71.20,75.20,75.20,83143,513224.023,841400,277325,06-JAN-2025
OPTIDX,NIFTY,16-Jan-2025,2025-01-16,23250.00,PE,30.80,150.00,26.95,127.70,127.70,12535,219432.973,49875,32700,06-JAN-2025
OPTIDX,NIFTY,27-Feb-2025,2025-02-27,23250.00,CE,880.65,880.65,880.65,880.65,831.70,1,18.0979875,75,75,06-JAN-2025
OPTIDX,NIFTY,30-Jan-2025,2025-01-30,22600.00,PE,26.60,81.15,24.60,72.30,72.30,37418,211930.339,553175,72350,06-JAN-2025
OPTIDX,NIFTY,23-Jan-2025,2025-01-23,23250.00,PE,61.40,140.00,56.40,140.00,110.35,12,210.38835,2625,75,06-JAN-2025
OPTIDX,NIFTY,30-Jan-2025,2025-01-30,23250.00,PE,92.95,220.50,83.10,195.95,195.95,19305,112860.643,134325,-61150,06-JAN-2025
OPTIDX,NIFTY,27-Mar-2025,2025-03-27,23250.00,CE,0.00,0.00,0.00,1302.15,1014.80,0,0.00,0,0,06-JAN-2025
OPTIDX,NIFTY,27-Feb-2025,2025-02-27,22600.00,PE,88.10,169.50,76.40,160.60,160.60,1505,25663.2100,190350,26625,06-JAN-2025
OPTIDX,NIFTY,23-Jan-2025,2025-01-23,23250.00,CE,674.55,674.55,582.55,582.55,549.35,8,143.264475,300,300,06-JAN-2025
OPTIDX,NIFTY,27-Mar-2025,2025-03-27,22600.00,PE,124.00,207.30,124.00,205.20,205.20,359,6132.16815,51675,8325,06-JAN-2025
OPTIDX,NIFTY,27-Feb-2025,2025-02-27,23250.00,PE,310.95,333.55,304.85,315.75,315.75,139,2457.02715,10350,10350,06-JAN-2025
OPTIDX,NIFTY,06-Feb-2025,2025-02-06,22600.00,PE,0.00,0.00,0.00,34.10,47.10,0,0.00,0,0,06-JAN-2025
OPTIDX,NIFTY,09-Jan-2025,2025-01-09,22600.00,CE,1096.00,1119.50,988.55,1031.25,1031.25,138,2445.76305,6150,4950,06-JAN-2025
OPTIDX,NIFTY,09-Jan-2025,2025-01-09,23250.00,CE,772.20,772.20,400.10,437.95,437.95,1173,20860.1013,16050,11250,06-JAN-2025
OPTIDX,NIFTY,27-Mar-2025,2025-03-27,22600.00,CE,0.00,0.00,0.00,1769.20,1491.45,0,0.00,0,0,06-JAN-2025
OPTIDX,NIFTY,23-Jan-2025,2025-01-23,22600.00,PE,15.85,62.20,15.85,53.55,53.55,108,1834.48676,1125,825,06-JAN-2025
OPTIDX,NIFTY,30-Jan-2025,2025-01-30,22600.00,CE,1531.95,1531.95,1137.65,1192.55,1192.55,93,554.576362,4350,-550,06-JAN-2025
OPTIDX,NIFTY,16-Jan-2025,2025-01-16,23250.00,CE,797.45,797.45,508.35,540.85,540.85,59,1052.7537,5175,2550,06-JAN-2025
OPTIDX,NIFTY,09-Jan-2025,2025-01-09,22600.00,PE,0.90,11.55,0.90,8.40,8.40,450682,7640894.67,1887300,-13950,06-JAN-2025
OPTIDX,NIFTY,23-Jan-2025,2025-01-23,22600.00,CE,0.00,0.00,0.00,1563.05,1103.10,0,0.00,0,0,06-JAN-2025
OPTIDX,NIFTY,30-Jan-2025,2025-01-30,21750.00,PE,6.00,18.30,5.80,16.40,16.40,8042,43755.6671,89600,29725,06-JAN-2025
OPTIDX,NIFTY,06-Feb-2025,2025-02-06,23150.00,CE,0.00,0.00,0.00,1294.35,744.90,0,0.00,0,0,06-JAN-2025
OPTIDX,NIFTY,23-Jan-2025,2025-01-23,23150.00,PE,47.90,154.05,47.90,146.75,85.95,13,226.958062,600,-225,06-JAN-2025
OPTIDX,NIFTY,27-Feb-2025,2025-02-27,25950.00,PE,0.00,0.00,0.00,1299.45,2112.80,0,0.00,75,0,06-JAN-2025
OPTIDX,NIFTY,30-Jan-2025,2025-01-30,25950.00,PE,0.00,0.00,0.00,1730.00,2220.50,0,0.00,600,0,06-JAN-2025
OPTIDX,NIFTY,23-Jan-2025,2025-01-23,25950.00,PE,0.00,0.00,0.00,1857.85,2252.70,0,0.00,0,0,06-JAN-2025
OPTIDX,NIFTY,16-Jan-2025,2025-01-16,25950.00,CE,2.25,3.25,1.70,2.75,2.75,305,5936.62293,8325,5925,06-JAN-2025
OPTIDX,NIFTY,23-Jan-2025,2025-01-23,24750.00,PE,0.00,0.00,0.00,861.60,1078.20,0,0.00,0,0,06-JAN-2025
OPTIDX,NIFTY,27-Mar-2025,2025-03-27,24750.00,PE,0.00,0.00,0.00,1085.85,1074.85,0,0.00,0,0,06-JAN-2025
OPTIDX,NIFTY,09-Jan-2025,2025-01-09,24750.00,PE,737.95,1145.60,709.60,1112.80,1112.80,58,1115.72133,5100,225,06-JAN-2025
OPTIDX,NIFTY,16-Jan-2025,2025-01-16,21850.00,PE,2.30,7.95,0.85,6.45,6.45,22500,368788.056,363750,204075,06-JAN-2025
OPTIDX,NIFTY,23-Jan-2025,2025-01-23,21850.00,CE,0.00,0.00,0.00,2264.80,1835.25,0,0.00,0,0,06-JAN-2025
OPTIDX,NIFTY,27-Feb-2025,2025-02-27,21850.00,CE,0.00,0.00,0.00,2539.60,1997.15,0,0.00,0,0,06-JAN-2025
OPTIDX,NIFTY,23-Jan-2025,2025-01-23,21850.00,PE,3.50,12.25,3.50,11.50,11.50,291,4770.67672,9225,2250,06-JAN-2025
OPTIDX,NIFTY,31-Dec-2026,2026-12-31,15000.00,PE,0.00,0.00,0.00,36.75,1.10,0,0.00,2275,0,06-JAN-2025
OPTIDX,NIFTY,25-Jun-2026,2026-06-25,15000.00,PE,0.00,0.00,0.00,20.30,0.35,0,0.00,850,0,06-JAN-2025
OPTIDX,NIFTY,24-Dec-2025,2025-12-24,15000.00,PE,0.00,0.00,0.00,20.05,0.05,0,0.00,1450,0,06-JAN-2025
OPTIDX,NIFTY,27-Feb-2025,2025-02-27,26100.00,CE,34.25,34.25,26.15,26.80,26.80,220,4311.09787,13575,375,06-JAN-2025
OPTIDX,NIFTY,16-Jan-2025,2025-01-16,24300.00,CE,127.25,143.80,55.25,58.60,58.60,45567,833223.212,524025,285900,06-JAN-2025
OPTIDX,NIFTY,27-Feb-2025,2025-02-27,25400.00,PE,0.00,0.00,0.00,1106.00,1608.50,0,0.00,75,0,06-JAN-2025
OPTIDX,NIFTY,30-Jan-2025,2025-01-30,25400.00,CE,18.20,19.50,12.25,12.95,12.95,78929,501480.099,396525,-285875,06-JAN-2025
OPTIDX,NIFTY,06-Feb-2025,2025-02-06,24300.00,PE,0.00,0.00,0.00,452.55,713.65,0,0.00,0,0,06-JAN-2025
OPTIDX,NIFTY,27-Feb-2025,2025-02-27,24300.00,PE,524.00,799.80,512.30,776.00,776.00,273,5109.23077,19575,-3150,06-JAN-2025
OPTIDX,NIFTY,27-Mar-2025,2025-03-27,24900.00,PE,0.00,0.00,0.00,852.50,1181.10,0,0.00,1950,0,06-JAN-2025
OPTIDX,NIFTY,09-Jan-2025,2025-01-09,24900.00,PE,883.00,1313.40,854.55,1313.40,1270.15,48,933.9132,25350,-750,06-JAN-2025
OPTIDX,NIFTY,06-Feb-2025,2025-02-06,24200.00,CE,381.35,425.55,266.00,266.05,266.05,73,1341.79001,2700,750,06-JAN-2025
OPTIDX,NIFTY,27-Mar-2025,2025-03-27,24200.00,PE,548.70,732.00,540.35,729.80,728.50,33,612.97545,1500,450,06-JAN-2025
OPTIDX,NIFTY,09-Jan-2025,2025-01-09,24200.00,CE,79.00,92.20,24.00,26.55,26.55,1777705,32330899.2,10063875,2747925,06-JAN-2025
OPTIDX,NIFTY,09-Jan-2025,2025-01-09,24950.00,CE,2.20,2.95,1.70,2.35,2.35,246307,4609430.26,2064600,727650,06-JAN-2025
OPTIDX,NIFTY,27-Mar-2025,2025-03-27,24950.00,PE,0.00,0.00,0.00,1212.60,1217.50,0,0.00,0,0,06-JAN-2025
OPTIDX,NIFTY,28-Jun-2029,2029-06-28,20000.00,CE,0.00,0.00,0.00,10410.00,8952.50,0,0.00,0,0,06-JAN-2025
OPTIDX,NIFTY,27-Feb-2025,2025-02-27,24950.00,PE,0.00,0.00,0.00,469.15,1226.20,0,0.00,0,0,06-JAN-2025
OPTIDX,NIFTY,30-Jan-2025,2025-01-30,24950.00,PE,867.30,1257.00,867.30,1253.50,1253.50,9,58.81035,16700,-125,06-JAN-2025
OPTIDX,NIFTY,06-Feb-2025,2025-02-06,24400.00,CE,0.00,0.00,0.00,461.20,142.70,0,0.00,0,0,06-JAN-2025
OPTIDX,NIFTY,30-Jan-2025,2025-01-30,24400.00,PE,496.20,844.00,474.90,784.35,784.35,11061,69231.2540,449750,-3650,06-JAN-2025
OPTIDX,NIFTY,23-Jan-2025,2025-01-23,24400.00,PE,0.00,0.00,0.00,486.05,766.70,0,0.00,300,0,06-JAN-2025
OPTIDX,NIFTY,27-Feb-2025,2025-02-27,22950.00,CE,0.00,0.00,0.00,1640.50,1045.90,0,0.00,0,0,06-JAN-2025
OPTIDX,NIFTY,27-Feb-2025,2025-02-27,22950.00,PE,0.00,0.00,0.00,154.45,160.25,0,0.00,7050,0,06-JAN-2025
OPTIDX,NIFTY,16-Jan-2025,2025-01-16,22950.00,CE,0.00,0.00,0.00,1795.40,730.40,0,0.00,0,0,06-JAN-2025
OPTIDX,NIFTY,06-Feb-2025,2025-02-06,22950.00,PE,0.00,0.00,0.00,66.80,100.20,0,0.00,0,0,06-JAN-2025
OPTIDX,NIFTY,30-Jan-2025,2025-01-30,21650.00,PE,6.10,15.80,3.75,13.40,13.40,25037,135570.746,120025,25000,06-JAN-2025
OPTIDX,NIFTY,16-Jan-2025,2025-01-16,22950.00,PE,11.00,79.90,11.00,67.50,67.50,5278,91003.242,27225,1275,06-JAN-2025
OPTIDX,NIFTY,09-Jan-2025,2025-01-09,25100.00,PE,1050.00,1360.40,1050.00,1360.40,1470.05,22,434.292525,3975,75,06-JAN-2025
OPTIDX,NIFTY,30-Jan-2025,2025-01-30,25100.00,CE,39.50,44.85,22.30,23.70,23.70,70333,441825.586,564100,-142300,06-JAN-2025
OPTIDX,NIFTY,27-Mar-2025,2025-03-27,21900.00,CE,0.00,0.00,0.00,2344.30,2090.05,0,0.00,0,0,06-JAN-2025
OPTIDX,NIFTY,23-Jan-2025,2025-01-23,23450.00,PE,170.00,263.70,165.75,233.35,233.35,85,1510.13283,3825,3225,06-JAN-2025
OPTIDX,NIFTY,16-Jan-2025,2025-01-16,23450.00,CE,520.00,535.00,371.85,394.15,394.15,546,9772.23108,14475,11625,06-JAN-2025
OPTIDX,NIFTY,06-Feb-2025,2025-02-06,25950.00,CE,11.00,16.00,11.00,15.10,15.10,50,973.620112,1800,1800,06-JAN-2025
OPTIDX,NIFTY,09-Jan-2025,2025-01-09,23500.00,PE,18.40,176.00,15.85,141.40,141.40,2449727,43345321.0,3945750,-916725,06-JAN-2025
OPTIDX,NIFTY,09-Jan-2025,2025-01-09,22500.00,CE,1525.60,1525.60,1088.70,1119.80,1119.80,443,7936.46426,10575,4275,06-JAN-2025
OPTIDX,NIFTY,27-Feb-2025,2025-02-27,22500.00,CE,1815.95,1827.00,1435.00,1474.35,1474.35,137,2471.5236,21375,-5400,06-JAN-2025
OPTIDX,NIFTY,06-Feb-2025,2025-02-06,23500.00,CE,668.85,668.85,606.35,622.55,622.55,11,199.046812,225,225,06-JAN-2025
OPTIDX,NIFTY,30-Jan-2025,2025-01-30,22500.00,PE,25.00,69.70,19.60,60.60,60.60,173617,978626.809,3000450,191350,06-JAN-2025
OPTIDX,NIFTY,27-Mar-2025,2025-03-27,22500.00,CE,1953.25,1953.25,1942.30,1942.30,1572.30,2,36.6716625,75,75,06-JAN-2025
OPTIDX,NIFTY,30-Jan-2025,2025-01-30,22500.00,CE,1625.00,1650.00,1224.85,1276.00,1276.00,1044,6218.55141,303350,3350,06-JAN-2025
OPTIDX,NIFTY,06-Feb-2025,2025-02-06,22500.00,CE,0.00,0.00,0.00,1872.90,1281.75,0,0.00,0,0,06-JAN-2025
OPTIDX,NIFTY,16-Jan-2025,2025-01-16,23500.00,CE,602.25,640.00,339.10,368.85,368.85,6681,119698.851,132525,93300,06-JAN-2025
OPTIDX,NIFTY,23-Jan-2025,2025-01-23,22500.00,PE,12.00,50.00,11.10,42.05,42.05,2015,34051.1694,67050,16050,06-JAN-2025
OPTIDX,NIFTY,27-Feb-2025,2025-02-27,23500.00,PE,232.05,420.00,231.00,395.55,395.55,16426,293810.884,770400,57150,06-JAN-2025
OPTIDX,NIFTY,29-Jun-2028,2028-06-29,29000.00,PE,0.00,0.00,0.00,3595.90,2039.80,0,0.00,0,0,06-JAN-2025
OPTIDX,NIFTY,25-Jun-2026,2026-06-25,29000.00,CE,0.00,0.00,0.00,864.20,650.15,0,0.00,0,0,06-JAN-2025
OPTIDX,NIFTY,27-Mar-2025,2025-03-27,29000.00,CE,10.55,11.45,10.50,11.15,11.15,215,4678.0089,283975,-2100,06-JAN-2025
OPTIDX,NIFTY,25-Sep-2025,2025-09-25,29000.00,PE,0.00,0.00,0.00,2125.30,4133.15,0,0.00,0,0,06-JAN-2025
OPTIDX,NIFTY,26-Jun-2025,2025-06-26,29000.00,PE,0.00,0.00,0.00,6724.50,4511.45,0,0.00,0,0,06-JAN-2025
OPTIDX,NIFTY,25-Jun-2026,2026-06-25,29000.00,PE,0.00,0.00,0.00,5546.10,3302.30,0,0.00,0,0,06-JAN-2025
OPTIDX,NIFTY,09-Jan-2025,2025-01-09,21900.00,PE,0.80,3.05,0.70,2.20,2.20,457321,7512011.12,3174675,94050,06-JAN-2025
OPTIDX,NIFTY,27-Feb-2025,2025-02-27,21900.00,PE,43.20,80.40,43.20,77.35,77.35,289,4761.67822,18525,10275,06-JAN-2025
OPTIDX,NIFTY,23-Jan-2025,2025-01-23,21900.00,CE,0.00,0.00,0.00,2216.50,1785.60,0,0.00,0,0,06-JAN-2025
OPTIDX,NIFTY,06-Feb-2025,2025-02-06,23450.00,PE,0.00,0.00,0.00,152.45,242.85,0,0.00,0,0,06-JAN-2025
OPTIDX,NIFTY,16-Jan-2025,2025-01-16,23450.00,PE,55.70,220.10,48.70,191.75,191.75,9512,168163.925,47700,15000,06-JAN-2025
OPTIDX,NIFTY,06-Feb-2025,2025-02-06,25750.00,PE,0.00,0.00,0.00,1465.25,1994.60,0,0.00,0,0,06-JAN-2025
OPTIDX,NIFTY,27-Mar-2025,2025-03-27,25750.00,CE,0.00,0.00,0.00,252.10,104.05,0,0.00,0,0,06-JAN-2025
OPTIDX,NIFTY,09-Jan-2025,2025-01-09,25750.00,PE,0.00,0.00,0.00,1053.00,2119.65,0,0.00,0,0,06-JAN-2025
OPTIDX,NIFTY,23-Jan-2025,2025-01-23,24650.00,PE,0.00,0.00,0.00,793.00,986.20,0,0.00,0,0,06-JAN-2025
OPTIDX,NIFTY,09-Jan-2025,2025-01-09,24400.00,CE,33.95,38.60,10.75,11.65,11.65,1221121,22365175.9,5671725,-933150,06-JAN-2025
OPTIDX,NIFTY,16-Jan-2025,2025-01-16,24400.00,PE,437.05,812.05,420.00,769.40,769.40,445,8334.27157,39750,12450,06-JAN-2025
OPTIDX,NIFTY,23-Jan-2025,2025-01-23,24400.00,CE,155.35,169.00,77.70,81.90,81.90,4245,77995.0813,162225,124350,06-JAN-2025
OPTIDX,NIFTY,27-Feb-2025,2025-02-27,24400.00,CE,430.05,450.00,281.75,292.10,292.10,1515,28109.5213,90300,4200,06-JAN-2025
OPTIDX,NIFTY,30-Jan-2025,2025-01-30,21650.00,CE,0.00,0.00,0.00,2942.50,2063.10,0,0.00,200,0,06-JAN-2025
OPTIDX,NIFTY,09-Jan-2025,2025-01-09,22950.00,CE,0.00,0.00,0.00,1946.85,679.70,0,0.00,0,0,06-JAN-2025
OPTIDX,NIFTY,27-Mar-2025,2025-03-27,22950.00,PE,0.00,0.00,0.00,294.80,220.40,0,0.00,0,0,06-JAN-2025
OPTIDX,NIFTY,30-Jan-2025,2025-01-30,22950.00,PE,51.85,140.05,48.25,125.05,125.05,10776,62086.4413,57525,12825,06-JAN-2025
OPTIDX,NIFTY,30-Jan-2025,2025-01-30,22950.00,CE,890.55,907.60,856.85,898.20,898.20,59,351.548162,1425,1150,06-JAN-2025
OPTIDX,NIFTY,23-Jan-2025,2025-01-23,22050.00,PE,0.00,0.00,0.00,17.10,1.70,0,0.00,0,0,06-JAN-2025
OPTIDX,NIFTY,27-Mar-2025,2025-03-27,22050.00,CE,0.00,0.00,0.00,2215.80,1956.05,0,0.00,0,0,06-JAN-2025
OPTIDX,NIFTY,27-Feb-2025,2025-02-27,26300.00,CE,25.20,25.20,17.70,19.75,19.75,585,11548.1425,12675,-7575,06-JAN-2025
OPTIDX,NIFTY,16-Jan-2025,2025-01-16,24700.00,CE,35.35,40.70,16.65,17.65,17.65,44839,831431.413,393075,119700,06-JAN-2025
OPTIDX,NIFTY,30-Jan-2025,2025-01-30,24700.00,PE,702.30,1070.00,670.70,1036.50,1036.50,1256,8048.93556,201900,-6875,06-JAN-2025
OPTIDX,NIFTY,06-Feb-2025,2025-02-06,25450.00,PE,0.00,0.00,0.00,1213.25,1705.10,0,0.00,0,0,06-JAN-2025
OPTIDX,NIFTY,09-Jan-2025,2025-01-09,25450.00,CE,2.00,2.00,0.90,1.40,1.40,63969,1221067.17,838725,256425,06-JAN-2025
OPTIDX,NIFTY,16-Jan-2025,2025-01-16,25450.00,PE,0.00,0.00,0.00,942.85,1787.05,0,0.00,0,0,06-JAN-2025
OPTIDX,NIFTY,30-Jan-2025,2025-01-30,21600.00,PE,4.00,14.35,3.80,12.60,12.60,100971,545464.033,2560900,94875,06-JAN-2025
OPTIDX,NIFTY,28-Jun-2029,2029-06-28,21000.00,PE,0.00,0.00,0.00,320.25,182.15,0,0.00,0,0,06-JAN-2025
OPTIDX,NIFTY,28-Dec-2028,2028-12-28,21000.00,CE,0.00,0.00,0.00,7512.50,7750.30,0,0.00,0,0,06-JAN-2025
OPTIDX,NIFTY,28-Dec-2028,2028-12-28,21000.00,PE,0.00,0.00,0.00,500.00,188.95,0,0.00,1000,0,06-JAN-2025
OPTIDX,NIFTY,24-Jun-2027,2027-06-24,21000.00,PE,0.00,0.00,0.00,500.00,192.10,0,0.00,200,0,06-JAN-2025
OPTIDX,NIFTY,27-Mar-2025,2025-03-27,21000.00,PE,29.60,50.00,26.65,47.60,47.60,8320,131283.840,676700,195725,06-JAN-2025
OPTIDX,NIFTY,09-Jan-2025,2025-01-09,26050.00,CE,0.75,1.60,0.60,1.20,1.20,46049,899718.709,549675,-255075,06-JAN-2025
OPTIDX,NIFTY,26-Jun-2025,2025-06-26,21000.00,PE,78.95,116.95,78.95,111.65,111.65,815,12897.3911,85425,18175,06-JAN-2025
OPTIDX,NIFTY,27-Dec-2029,2029-12-27,21000.00,CE,0.00,0.00,0.00,9463.95,8780.55,0,0.00,0,0,06-JAN-2025
OPTIDX,NIFTY,24-Dec-2025,2025-12-24,19000.00,CE,0.00,0.00,0.00,5999.00,5831.30,0,0.00,6700,0,06-JAN-2025
OPTIDX,NIFTY,25-Sep-2025,2025-09-25,19000.00,CE,0.00,0.00,0.00,8559.00,5523.75,0,0.00,0,0,06-JAN-2025
OPTIDX,NIFTY,30-Jan-2025,2025-01-30,24000.00,CE,426.00,429.55,231.05,246.15,246.15,281653,1710792.10,4318475,461225,06-JAN-2025
OPTIDX,NIFTY,25-Jun-2026,2026-06-25,22000.00,PE,0.00,0.00,0.00,3829.50,286.15,0,0.00,0,0,06-JAN-2025
OPTIDX,NIFTY,25-Jun-2026,2026-06-25,22000.00,CE,0.00,0.00,0.00,2722.55,3974.65,0,0.00,0,0,06-JAN-2025
OPTIDX,NIFTY,06-Feb-2025,2025-02-06,24000.00,PE,368.65,611.20,343.00,586.00,586.00,401,7359.39866,21000,16950,06-JAN-2025
OPTIDX,NIFTY,25-Sep-2025,2025-09-25,22000.00,PE,0.00,0.00,0.00,105.00,203.95,0,0.00,0,0,06-JAN-2025
OPTIDX,NIFTY,30-Dec-2027,2027-12-30,24000.00,PE,866.40,866.40,866.40,866.40,629.35,1,18.6498,225,75,06-JAN-2025
OPTIDX,NIFTY,29-Jun-2028,2028-06-29,22000.00,PE,0.00,0.00,0.00,520.05,291.60,0,0.00,100,0,06-JAN-2025
OPTIDX,NIFTY,27-Feb-2025,2025-02-27,22000.00,CE,2292.85,2292.85,1870.50,1906.25,1906.25,60,1079.26972,8850,3000,06-JAN-2025
OPTIDX,NIFTY,23-Jan-2025,2025-01-23,25550.00,CE,7.45,7.45,5.80,6.30,6.30,66,1265.03973,3150,900,06-JAN-2025
OPTIDX,NIFTY,16-Jan-2025,2025-01-16,25500.00,PE,1460.00,1861.00,1425.00,1843.55,1843.55,20,406.6344,1200,900,06-JAN-2025
OPTIDX,NIFTY,16-Jan-2025,2025-01-16,23850.00,PE,155.00,425.40,138.20,378.90,378.90,7674,138719.171,48075,2400,06-JAN-2025
OPTIDX,NIFTY,27-Mar-2025,2025-03-27,23850.00,PE,0.00,0.00,0.00,368.25,546.60,0,0.00,225,0,06-JAN-2025
OPTIDX,NIFTY,23-Jan-2025,2025-01-23,23850.00,PE,200.10,448.00,188.45,405.45,405.45,150,2720.2032,2625,900,06-JAN-2025
OPTIDX,NIFTY,27-Mar-2025,2025-03-27,23850.00,CE,0.00,0.00,0.00,941.00,662.90,0,0.00,0,0,06-JAN-2025
OPTIDX,NIFTY,30-Jan-2025,2025-01-30,23850.00,PE,234.45,478.50,222.95,444.45,444.45,10083,61022.5012,128700,-6200,06-JAN-2025
OPTIDX,NIFTY,30-Jan-2025,2025-01-30,23850.00,CE,504.95,520.60,292.25,313.35,313.35,11512,69619.2899,156050,70325,06-JAN-2025
OPTIDX,NIFTY,16-Jan-2025,2025-01-16,23750.00,PE,118.00,365.00,108.30,325.70,325.70,10884,195833.047,49725,7125,06-JAN-2025
OPTIDX,NIFTY,27-Feb-2025,2025-02-27,23750.00,CE,782.35,806.10,581.00,587.05,587.05,157,2871.84138,9150,4800,06-JAN-2025
OPTIDX,NIFTY,23-Jan-2025,2025-01-23,23750.00,CE,378.50,380.05,283.35,302.75,302.75,291,5253.78645,9600,9000,06-JAN-2025
OPTIDX,NIFTY,06-Feb-2025,2025-02-06,23750.00,CE,0.00,0.00,0.00,837.10,377.20,0,0.00,0,0,06-JAN-2025
OPTIDX,NIFTY,06-Feb-2025,2025-02-06,22600.00,CE,0.00,0.00,0.00,1779.95,1192.30,0,0.00,0,0,06-JAN-2025
OPTIDX,NIFTY,30-Jan-2025,2025-01-30,23250.00,CE,786.40,791.15,636.50,665.90,665.90,491,2936.94496,8050,3750,06-JAN-2025
OPTIDX,NIFTY,09-Jan-2025,2025-01-09,23250.00,PE,5.50,87.90,5.25,68.25,68.25,731345,12775297.6,935325,-156300,06-JAN-2025
OPTIDX,NIFTY,27-Feb-2025,2025-02-27,22600.00,CE,1399.00,1399.00,1399.00,1399.00,1399.00,1,17.99925,75,75,06-JAN-2025
OPTIDX,NIFTY,16-Jan-2025,2025-01-16,22600.00,PE,5.40,36.85,4.60,30.85,30.85,13040,221246.855,129600,80250,06-JAN-2025
OPTIDX,NIFTY,06-Feb-2025,2025-02-06,23250.00,PE,0.00,0.00,0.00,111.60,174.80,0,0.00,0,0,06-JAN-2025
OPTIDX,NIFTY,27-Mar-2025,2025-03-27,23250.00,PE,0.00,0.00,0.00,382.05,307.30,0,0.00,0,0,06-JAN-2025
OPTIDX,NIFTY,16-Jan-2025,2025-01-16,22600.00,CE,0.00,0.00,0.00,2123.80,1062.00,0,0.00,0,0,06-JAN-2025
OPTIDX,NIFTY,06-Feb-2025,2025-02-06,23250.00,CE,0.00,0.00,0.00,1212.00,673.80,0,0.00,0,0,06-JAN-2025
OPTIDX,NIFTY,30-Jan-2025,2025-01-30,24300.00,CE,252.70,270.95,135.00,142.80,142.80,69637,426086.754,824500,139150,06-JAN-2025
OPTIDX,NIFTY,16-Jan-2025,2025-01-16,25400.00,PE,0.00,0.00,0.00,907.10,1737.15,0,0.00,0,0,06-JAN-2025
OPTIDX,NIFTY,16-Jan-2025,2025-01-16,24300.00,PE,385.95,753.15,353.45,698.05,698.05,2475,46090.4077,63000,23850,06-JAN-2025
OPTIDX,NIFTY,06-Feb-2025,2025-02-06,25400.00,PE,0.00,0.00,0.00,1172.90,1657.50,0,0.00,0,0,06-JAN-2025
OPTIDX,NIFTY,09-Jan-2025,2025-01-09,24300.00,PE,351.05,756.45,305.00,691.65,691.65,45103,837964.948,593025,-263625,06-JAN-2025
OPTIDX,NIFTY,09-Jan-2025,2025-01-09,24300.00,CE,49.95,61.35,16.00,17.60,17.60,1262376,23036604.4,6226350,1960725,06-JAN-2025
OPTIDX,NIFTY,23-Jan-2025,2025-01-23,24300.00,PE,433.00,720.00,433.00,720.00,684.25,65,1211.19198,3150,-3900,06-JAN-2025
OPTIDX,NIFTY,27-Mar-2025,2025-03-27,24300.00,CE,660.00,690.70,473.05,485.95,485.95,79,1471.2405,5250,1125,06-JAN-2025
OPTIDX,NIFTY,16-Jan-2025,2025-01-16,23100.00,CE,975.00,975.00,624.85,666.40,666.40,28,499.294575,2700,1200,06-JAN-2025
OPTIDX,NIFTY,06-Feb-2025,2025-02-06,23100.00,PE,0.00,0.00,0.00,86.95,133.65,0,0.00,0,0,06-JAN-2025
OPTIDX,NIFTY,06-Feb-2025,2025-02-06,23100.00,CE,0.00,0.00,0.00,1336.30,781.75,0,0.00,0,0,06-JAN-2025
OPTIDX,NIFTY,16-Jan-2025,2025-01-16,22250.00,PE,6.90,17.70,6.00,14.75,14.75,2047,34178.7904,36225,25350,06-JAN-2025
OPTIDX,NIFTY,27-Mar-2025,2025-03-27,25500.00,CE,198.60,210.00,138.10,141.05,141.05,1916,36873.0227,139875,12075,06-JAN-2025
OPTIDX,NIFTY,09-Jan-2025,2025-01-09,22350.00,PE,0.90,5.95,0.65,4.55,4.55,246759,4136744.35,1492275,-1160250,06-JAN-2025
OPTIDX,NIFTY,09-Jan-2025,2025-01-09,21950.00,CE,0.00,0.00,0.00,2913.90,1678.20,0,0.00,0,0,06-JAN-2025
OPTIDX,NIFTY,09-Jan-2025,2025-01-09,22350.00,CE,0.00,0.00,0.00,2521.50,1278.45,0,0.00,0,0,06-JAN-2025
OPTIDX,NIFTY,30-Jan-2025,2025-01-30,22350.00,PE,17.65,54.05,17.50,46.55,46.55,5036,28189.5805,47875,25525,06-JAN-2025
OPTIDX,NIFTY,16-Jan-2025,2025-01-16,21950.00,PE,2.40,9.50,1.75,8.15,8.15,3274,53913.9454,44700,34800,06-JAN-2025
OPTIDX,NIFTY,09-Jan-2025,2025-01-09,21950.00,PE,0.75,3.35,0.70,2.55,2.55,123707,2036696.50,684525,-236025,06-JAN-2025
OPTIDX,NIFTY,16-Jan-2025,2025-01-16,21950.00,CE,0.00,0.00,0.00,2755.15,1706.65,0,0.00,0,0,06-JAN-2025
OPTIDX,NIFTY,27-Feb-2025,2025-02-27,21950.00,PE,37.50,37.50,37.50,37.50,27.25,1,16.490625,5250,0,06-JAN-2025
OPTIDX,NIFTY,27-Mar-2025,2025-03-27,21950.00,PE,0.00,0.00,0.00,110.90,56.70,0,0.00,3150,0,06-JAN-2025
OPTIDX,NIFTY,16-Jan-2025,2025-01-16,26150.00,CE,2.10,2.70,1.35,2.60,2.60,247,4844.71391,6000,3300,06-JAN-2025
OPTIDX,NIFTY,09-Jan-2025,2025-01-09,25150.00,CE,1.40,2.15,1.25,1.80,1.80,78141,1474026.44,885375,-31050,06-JAN-2025
OPTIDX,NIFTY,16-Jan-2025,2025-01-16,25150.00,PE,0.00,0.00,0.00,738.50,1488.10,0,0.00,0,0,06-JAN-2025
OPTIDX,NIFTY,27-Mar-2025,2025-03-27,25150.00,CE,0.00,0.00,0.00,400.85,203.50,0,0.00,0,0,06-JAN-2025
OPTIDX,NIFTY,06-Feb-2025,2025-02-06,25150.00,CE,0.00,0.00,0.00,194.25,33.15,0,0.00,0,0,06-JAN-2025
OPTIDX,NIFTY,27-Mar-2025,2025-03-27,22400.00,PE,111.00,175.00,110.00,165.10,165.10,505,8537.8578,67950,14625,06-JAN-2025
OPTIDX,NIFTY,30-Jan-2025,2025-01-30,22400.00,PE,18.00,59.10,17.55,51.25,51.25,50322,282314.491,456225,91925,06-JAN-2025
OPTIDX,NIFTY,16-Jan-2025,2025-01-16,25150.00,CE,7.85,8.50,5.10,5.35,5.35,3353,63260.7229,68625,49350,06-JAN-2025
OPTIDX,NIFTY,16-Jan-2025,2025-01-16,22400.00,PE,3.65,24.30,2.65,20.35,20.35,10676,179471.133,90900,36450,06-JAN-2025
OPTIDX,NIFTY,09-Jan-2025,2025-01-09,22400.00,CE,1649.55,1649.55,1222.00,1244.60,1244.60,74,1329.81461,5025,3825,06-JAN-2025
OPTIDX,NIFTY,23-Jan-2025,2025-01-23,24450.00,PE,0.00,0.00,0.00,521.35,809.15,0,0.00,300,0,06-JAN-2025
OPTIDX,NIFTY,30-Jan-2025,2025-01-30,24450.00,PE,519.95,861.45,508.75,826.25,826.25,277,1739.28802,37250,1600,06-JAN-2025
OPTIDX,NIFTY,06-Feb-2025,2025-02-06,24450.00,CE,0.00,0.00,0.00,437.95,130.95,0,0.00,0,0,06-JAN-2025
OPTIDX,NIFTY,30-Dec-2027,2027-12-30,21000.00,CE,0.00,0.00,0.00,4902.40,6638.90,0,0.00,0,0,06-JAN-2025
OPTIDX,NIFTY,31-Dec-2026,2026-12-31,21000.00,CE,0.00,0.00,0.00,3356.25,5429.40,0,0.00,0,0,06-JAN-2025
OPTIDX,NIFTY,31-Dec-2026,2026-12-31,21000.00,PE,0.00,0.00,0.00,317.05,181.75,0,0.00,1025,0,06-JAN-2025
OPTIDX,NIFTY,25-Sep-2025,2025-09-25,21000.00,CE,0.00,0.00,0.00,6742.10,3696.15,0,0.00,0,0,06-JAN-2025
OPTIDX,NIFTY,26-Jun-2025,2025-06-26,28000.00,PE,0.00,0.00,0.00,7207.55,3585.45,0,0.00,0,0,06-JAN-2025
OPTIDX,NIFTY,29-Jun-2028,2028-06-29,28000.00,CE,0.00,0.00,0.00,2596.45,3139.05,0,0.00,0,0,06-JAN-2025
OPTIDX,NIFTY,24-Jun-2027,2027-06-24,28000.00,CE,0.00,0.00,0.00,2186.30,1979.55,0,0.00,0,0,06-JAN-2025
OPTIDX,NIFTY,23-Jan-2025,2025-01-23,22250.00,CE,0.00,0.00,0.00,1883.50,1440.05,0,0.00,0,0,06-JAN-2025
OPTIDX,NIFTY,27-Mar-2025,2025-03-27,25450.00,CE,0.00,0.00,0.00,160.00,147.00,0,0.00,150,0,06-JAN-2025
OPTIDX,NIFTY,09-Jan-2025,2025-01-09,25450.00,PE,0.00,0.00,0.00,837.10,1819.85,0,0.00,0,0,06-JAN-2025
OPTIDX,NIFTY,23-Jan-2025,2025-01-23,25450.00,CE,14.70,14.70,7.05,8.50,8.50,7,133.660687,1050,0,06-JAN-2025
OPTIDX,NIFTY,24-Dec-2025,2025-12-24,16500.00,PE,0.00,0.00,0.00,22.40,0.60,0,0.00,2675,0,06-JAN-2025
OPTIDX,NIFTY,09-Jan-2025,2025-01-09,23750.00,PE,53.45,311.65,46.80,263.65,263.65,1021017,18308662.3,799125,-456450,06-JAN-2025
OPTIDX,NIFTY,27-Feb-2025,2025-02-27,23750.00,PE,410.00,514.50,409.90,486.60,486.60,256,4645.92675,23550,1575,06-JAN-2025
OPTIDX,NIFTY,27-Mar-2025,2025-03-27,23750.00,CE,856.05,874.20,779.50,806.95,715.20,25,460.789537,1125,1050,06-JAN-2025
OPTIDX,NIFTY,28-Jun-2029,2029-06-28,20000.00,PE,0.00,0.00,0.00,236.95,120.60,0,0.00,0,0,06-JAN-2025
OPTIDX,NIFTY,28-Dec-2028,2028-12-28,20000.00,PE,0.00,0.00,0.00,370.00,122.70,0,0.00,875,0,06-JAN-2025
OPTIDX,NIFTY,27-Feb-2025,2025-02-27,25250.00,PE,0.00,0.00,0.00,1180.00,1477.30,0,0.00,150,0,06-JAN-2025
OPTIDX,NIFTY,23-Jan-2025,2025-01-23,25250.00,CE,0.00,0.00,0.00,121.25,4.00,0,0.00,0,0,06-JAN-2025
OPTIDX,NIFTY,16-Jan-2025,2025-01-16,26100.00,PE,0.00,0.00,0.00,1460.35,2435.75,0,0.00,0,0,06-JAN-2025
OPTIDX,NIFTY,30-Jan-2025,2025-01-30,26100.00,CE,5.80,8.30,5.80,7.70,7.70,17538,114467.081,109150,-22600,06-JAN-2025
OPTIDX,NIFTY,09-Jan-2025,2025-01-09,25400.00,PE,1603.10,1603.10,1603.10,1603.10,1769.85,1,20.252325,8175,0,06-JAN-2025
OPTIDX,NIFTY,06-Feb-2025,2025-02-06,24300.00,CE,0.00,0.00,0.00,510.25,168.60,0,0.00,0,0,06-JAN-2025
OPTIDX,NIFTY,23-Jan-2025,2025-01-23,25400.00,CE,11.45,11.45,8.05,9.00,9.00,336,6403.09425,26100,10650,06-JAN-2025
OPTIDX,NIFTY,23-Jan-2025,2025-01-23,25400.00,PE,0.00,0.00,0.00,1368.55,1706.45,0,0.00,0,0,06-JAN-2025
OPTIDX,NIFTY,27-Feb-2025,2025-02-27,25400.00,CE,105.00,117.30,72.00,74.60,74.60,2018,38566.8892,39000,13725,06-JAN-2025
OPTIDX,NIFTY,23-Jan-2025,2025-01-23,24900.00,CE,42.05,46.00,21.75,22.85,22.85,1149,21481.8057,30900,19725,06-JAN-2025
OPTIDX,NIFTY,27-Feb-2025,2025-02-27,24900.00,PE,913.00,981.00,913.00,981.00,1186.05,10,193.727287,1725,-300,06-JAN-2025
OPTIDX,NIFTY,06-Feb-2025,2025-02-06,22250.00,PE,0.00,0.00,0.00,15.95,19.50,0,0.00,0,0,06-JAN-2025
OPTIDX,NIFTY,30-Jan-2025,2025-01-30,22250.00,PE,13.65,45.90,13.55,39.25,39.25,8514,47417.0361,45750,-6950,06-JAN-2025
OPTIDX,NIFTY,06-Feb-2025,2025-02-06,23550.00,PE,0.00,0.00,0.00,177.60,282.90,0,0.00,0,0,06-JAN-2025
OPTIDX,NIFTY,24-Jun-2027,2027-06-24,23000.00,CE,0.00,0.00,0.00,2530.05,4604.20,0,0.00,0,0,06-JAN-2025
OPTIDX,NIFTY,09-Jan-2025,2025-01-09,23000.00,CE,1020.35,1055.00,600.00,649.50,649.50,13312,236457.633,279225,180375,06-JAN-2025
OPTIDX,NIFTY,27-Feb-2025,2025-02-27,23000.00,PE,137.00,264.15,131.55,246.00,246.00,28490,496010.888,1624950,296325,06-JAN-2025
OPTIDX,NIFTY,09-Jan-2025,2025-01-09,24550.00,PE,550.05,985.00,512.00,946.40,946.40,419,7924.75128,19875,675,06-JAN-2025
OPTIDX,NIFTY,27-Mar-2025,2025-03-27,23000.00,PE,184.95,305.75,177.05,287.40,287.40,10759,187672.505,1782350,17000,06-JAN-2025
OPTIDX,NIFTY,23-Jan-2025,2025-01-23,23550.00,PE,125.00,306.45,125.00,279.95,279.95,129,2302.95397,5250,-225,06-JAN-2025
OPTIDX,NIFTY,09-Jan-2025,2025-01-09,23550.00,PE,26.60,200.00,19.50,163.00,163.00,1040861,18470050.4,1210725,195675,06-JAN-2025
OPTIDX,NIFTY,27-Feb-2025,2025-02-27,24550.00,PE,908.20,908.20,908.20,908.20,920.65,1,19.09365,3075,0,06-JAN-2025
OPTIDX,NIFTY,28-Dec-2028,2028-12-28,23000.00,PE,0.00,0.00,0.00,525.15,396.05,0,0.00,150,0,06-JAN-2025
OPTIDX,NIFTY,23-Jan-2025,2025-01-23,23000.00,CE,840.80,843.80,760.00,797.90,797.90,42,749.591062,1650,1500,06-JAN-2025
OPTIDX,NIFTY,26-Jun-2025,2025-06-26,23000.00,PE,300.00,414.40,296.45,398.25,398.25,2287,40096.3128,447900,9100,06-JAN-2025
OPTIDX,NIFTY,30-Jan-2025,2025-01-30,23000.00,PE,59.50,153.00,52.00,136.35,136.35,333819,1928443.30,4506075,-204200,06-JAN-2025
OPTIDX,NIFTY,16-Jan-2025,2025-01-16,23000.00,PE,14.80,89.95,13.35,76.05,76.05,70013,1210474.03,697275,363000,06-JAN-2025
OPTIDX,NIFTY,06-Feb-2025,2025-02-06,23000.00,PE,93.40,212.95,84.05,200.10,200.10,359,6234.72941,9075,4425,06-JAN-2025
OPTIDX,NIFTY,25-Sep-2025,2025-09-25,23000.00,CE,0.00,0.00,0.00,5026.10,2117.45,0,0.00,0,0,06-JAN-2025
OPTIDX,NIFTY,25-Sep-2025,2025-09-25,23000.00,PE,0.00,0.00,0.00,195.15,413.55,0,0.00,0,0,06-JAN-2025
OPTIDX,NIFTY,29-Jun-2028,2028-06-29,23000.00,CE,0.00,0.00,0.00,4323.10,5851.45,0,0.00,0,0,06-JAN-2025
OPTIDX,NIFTY,16-Jan-2025,2025-01-16,24550.00,PE,610.00,740.00,549.00,740.00,900.45,14,263.93805,2850,-150,06-JAN-2025
OPTIDX,NIFTY,23-Jan-2025,2025-01-23,23000.00,PE,35.00,125.15,31.50,108.25,108.25,4454,77108.2029,103500,7800,06-JAN-2025
OPTIDX,NIFTY,29-Jun-2028,2028-06-29,24000.00,CE,0.00,0.00,0.00,3918.85,5226.15,0,0.00,0,0,06-JAN-2025
OPTIDX,NIFTY,24-Dec-2025,2025-12-24,18000.00,CE,0.00,0.00,0.00,6550.00,6755.80,0,0.00,7900,0,06-JAN-2025
OPTIDX,NIFTY,09-Jan-2025,2025-01-09,24200.00,PE,258.00,666.05,233.85,603.30,603.30,144017,2652022.04,1871250,-516150,06-JAN-2025
OPTIDX,NIFTY,27-Feb-2025,2025-02-27,24200.00,CE,532.00,554.95,357.65,365.75,365.75,1930,35615.2395,103575,17625,06-JAN-2025
OPTIDX,NIFTY,23-Jan-2025,2025-01-23,24200.00,PE,359.20,670.00,342.00,653.85,653.85,347,6430.54215,10800,-7050,06-JAN-2025
OPTIDX,NIFTY,27-Feb-2025,2025-02-27,23300.00,CE,907.05,927.00,853.05,864.10,864.10,32,580.456312,2700,825,06-JAN-2025
OPTIDX,NIFTY,16-Jan-2025,2025-01-16,23300.00,PE,34.30,165.55,31.35,141.75,141.75,39209,688058.537,281100,162825,06-JAN-2025
OPTIDX,NIFTY,09-Jan-2025,2025-01-09,23300.00,PE,8.50,101.65,6.40,79.30,79.30,1504039,26337857.7,4684425,1539225,06-JAN-2025
OPTIDX,NIFTY,27-Mar-2025,2025-03-27,23300.00,CE,0.00,0.00,0.00,1269.40,982.05,0,0.00,0,0,06-JAN-2025
OPTIDX,NIFTY,09-Jan-2025,2025-01-09,23300.00,CE,718.05,760.50,361.10,400.95,400.95,11749,209033.316,88425,47550,06-JAN-2025
OPTIDX,NIFTY,24-Dec-2025,2025-12-24,30000.00,PE,0.00,0.00,0.00,4227.00,4652.95,0,0.00,450,0,06-JAN-2025
OPTIDX,NIFTY,27-Feb-2025,2025-02-27,23300.00,PE,186.45,348.20,184.55,327.75,327.75,2305,40792.1768,153975,46350,06-JAN-2025
OPTIDX,NIFTY,27-Mar-2025,2025-03-27,30000.00,CE,9.95,10.90,9.35,10.80,10.80,382,8597.95612,246625,2550,06-JAN-2025
OPTIDX,NIFTY,23-Jan-2025,2025-01-23,23300.00,PE,68.00,205.70,62.50,181.75,181.75,598,10514.8937,18300,6075,06-JAN-2025
OPTIDX,NIFTY,26-Jun-2025,2025-06-26,30000.00,CE,27.00,27.00,27.00,27.00,11.55,3,67.56075,675,225,06-JAN-2025
OPTIDX,NIFTY,23-Jan-2025,2025-01-23,23300.00,CE,610.25,635.10,550.00,574.55,574.55,41,734.910975,3075,2850,06-JAN-2025
OPTIDX,NIFTY,27-Mar-2025,2025-03-27,23300.00,PE,240.00,379.95,240.00,377.55,323.80,68,1206.15146,8100,150,06-JAN-2025
OPTIDX,NIFTY,27-Mar-2025,2025-03-27,22850.00,CE,0.00,0.00,0.00,1582.00,1297.50,0,0.00,0,0,06-JAN-2025
OPTIDX,NIFTY,27-Feb-2025,2025-02-27,22850.00,PE,0.00,0.00,0.00,113.55,137.95,0,0.00,4500,0,06-JAN-2025
OPTIDX,NIFTY,25-Jun-2026,2026-06-25,21000.00,PE,0.00,0.00,0.00,3065.60,158.50,0,0.00,0,0,06-JAN-2025
OPTIDX,NIFTY,24-Dec-2025,2025-12-24,21000.00,PE,210.00,273.95,205.15,249.15,249.15,248,3951.13245,71175,4950,06-JAN-2025
OPTIDX,NIFTY,27-Feb-2025,2025-02-27,22200.00,PE,57.70,111.00,50.50,102.95,102.95,1885,31508.4615,199275,14250,06-JAN-2025
OPTIDX,NIFTY,09-Jan-2025,2025-01-09,22750.00,CE,832.05,832.05,832.05,832.05,832.05,1,17.6865375,75,0,06-JAN-2025
OPTIDX,NIFTY,27-Mar-2025,2025-03-27,22750.00,CE,1450.00,1533.00,1450.00,1533.00,1373.60,2,36.36225,300,0,06-JAN-2025
OPTIDX,NIFTY,27-Feb-2025,2025-02-27,23950.00,CE,652.50,671.40,471.00,485.25,485.25,112,2056.73591,6600,-3450,06-JAN-2025
OPTIDX,NIFTY,27-Feb-2025,2025-02-27,25350.00,CE,95.45,95.85,76.65,77.55,77.55,306,5838.02002,8100,2400,06-JAN-2025
OPTIDX,NIFTY,06-Feb-2025,2025-02-06,25350.00,PE,0.00,0.00,0.00,1133.15,1610.10,0,0.00,0,0,06-JAN-2025
OPTIDX,NIFTY,16-Jan-2025,2025-01-16,25350.00,CE,2.00,5.10,2.00,3.85,3.85,2252,42822.7304,43050,18225,06-JAN-2025
OPTIDX,NIFTY,30-Jan-2025,2025-01-30,24750.00,PE,729.15,1117.05,717.30,1073.65,1073.65,113,728.037,20325,-900,06-JAN-2025
OPTIDX,NIFTY,27-Feb-2025,2025-02-27,22250.00,PE,0.00,0.00,0.00,129.25,49.55,0,0.00,0,0,06-JAN-2025
OPTIDX,NIFTY,27-Mar-2025,2025-03-27,23000.00,CE,1539.80,1584.95,1238.50,1272.00,1272.00,817,14907.2984,362325,1925,06-JAN-2025
OPTIDX,NIFTY,30-Jan-2025,2025-01-30,23000.00,CE,1163.30,1197.50,811.25,851.95,851.95,21490,128652.753,915975,-89850,06-JAN-2025
OPTIDX,NIFTY,27-Mar-2025,2025-03-27,23550.00,CE,925.75,925.75,876.25,906.25,827.50,3,55.0186875,225,75,06-JAN-2025
OPTIDX,NIFTY,06-Feb-2025,2025-02-06,23550.00,CE,672.40,672.40,600.00,605.00,483.55,19,344.89215,1125,1125,06-JAN-2025
OPTIDX,NIFTY,23-Jan-2025,2025-01-23,23550.00,CE,478.80,478.80,389.10,413.00,413.00,70,1257.59523,1575,1350,06-JAN-2025
OPTIDX,NIFTY,30-Jan-2025,2025-01-30,23550.00,CE,697.85,735.00,446.00,475.65,475.65,2833,17037.1656,82425,9850,06-JAN-2025
OPTIDX,NIFTY,27-Feb-2025,2025-02-27,23000.00,CE,1376.95,1396.00,1050.00,1081.45,1081.45,607,10988.4649,89475,13275,06-JAN-2025
OPTIDX,NIFTY,06-Feb-2025,2025-02-06,23000.00,CE,0.00,0.00,0.00,1421.70,858.05,0,0.00,0,0,06-JAN-2025
OPTIDX,NIFTY,27-Feb-2025,2025-02-27,24550.00,CE,369.00,382.80,233.25,240.05,240.05,406,7558.26611,12825,2850,06-JAN-2025
OPTIDX,NIFTY,31-Dec-2026,2026-12-31,23000.00,PE,0.00,0.00,0.00,605.05,477.80,0,0.00,12950,0,06-JAN-2025
OPTIDX,NIFTY,27-Mar-2025,2025-03-27,24550.00,CE,0.00,0.00,0.00,610.00,367.35,0,0.00,0,0,06-JAN-2025
OPTIDX,NIFTY,09-Jan-2025,2025-01-09,23550.00,CE,488.60,520.00,208.50,231.75,231.75,109592,1955677.50,321600,251475,06-JAN-2025
OPTIDX,NIFTY,06-Feb-2025,2025-02-06,24550.00,CE,0.00,0.00,0.00,393.90,109.80,0,0.00,0,0,06-JAN-2025
OPTIDX,NIFTY,06-Feb-2025,2025-02-06,24550.00,PE,0.00,0.00,0.00,584.45,903.40,0,0.00,0,0,06-JAN-2025
OPTIDX,NIFTY,28-Dec-2028,2028-12-28,23000.00,CE,0.00,0.00,0.00,6377.60,6428.35,0,0.00,0,0,06-JAN-2025
OPTIDX,NIFTY,30-Dec-2027,2027-12-30,23000.00,PE,0.00,0.00,0.00,2201.30,444.55,0,0.00,0,0,06-JAN-2025
OPTIDX,NIFTY,27-Feb-2025,2025-02-27,23550.00,CE,903.65,948.35,690.00,706.65,706.65,27,492.3057,4575,825,06-JAN-2025
OPTIDX,NIFTY,27-Mar-2025,2025-03-27,23550.00,PE,0.00,0.00,0.00,274.70,415.60,0,0.00,2325,0,06-JAN-2025
OPTIDX,NIFTY,27-Mar-2025,2025-03-27,24550.00,PE,0.00,0.00,0.00,966.45,940.75,0,0.00,0,0,06-JAN-2025
OPTIDX,NIFTY,26-Jun-2025,2025-06-26,23000.00,CE,2006.25,2041.85,1701.25,1729.25,1729.25,284,5288.19551,67600,7425,06-JAN-2025
OPTIDX,NIFTY,23-Jan-2025,2025-01-23,24550.00,PE,0.00,0.00,0.00,727.30,896.40,0,0.00,0,0,06-JAN-2025
OPTIDX,NIFTY,06-Feb-2025,2025-02-06,25550.00,CE,0.00,0.00,0.00,111.75,13.05,0,0.00,0,0,06-JAN-2025
OPTIDX,NIFTY,23-Jan-2025,2025-01-23,25550.00,PE,0.00,0.00,0.00,1497.70,1855.00,0,0.00,0,0,06-JAN-2025
OPTIDX,NIFTY,27-Mar-2025,2025-03-27,22400.00,CE,0.00,0.00,0.00,1926.75,1654.90,0,0.00,0,0,06-JAN-2025
OPTIDX,NIFTY,27-Mar-2025,2025-03-27,25150.00,PE,0.00,0.00,0.00,1346.45,1368.10,0,0.00,0,0,06-JAN-2025
OPTIDX,NIFTY,30-Jan-2025,2025-01-30,26100.00,PE,1952.90,1952.90,1924.35,1924.35,2369.25,5,35.0475375,25400,125,06-JAN-2025
OPTIDX,NIFTY,09-Jan-2025,2025-01-09,26100.00,CE,0.80,1.65,0.70,1.35,1.35,65018,1272776.32,1294725,456900,06-JAN-2025
OPTIDX,NIFTY,09-Jan-2025,2025-01-09,26100.00,PE,0.00,0.00,0.00,2115.00,2469.45,0,0.00,2325,0,06-JAN-2025
OPTIDX,NIFTY,09-Jan-2025,2025-01-09,23950.00,PE,131.45,452.20,104.50,397.90,397.90,650738,11777854.9,608775,-328500,06-JAN-2025
OPTIDX,NIFTY,06-Feb-2025,2025-02-06,23950.00,CE,574.60,574.60,426.35,426.35,287.50,19,348.684037,450,375,06-JAN-2025
OPTIDX,NIFTY,23-Jan-2025,2025-01-23,23950.00,CE,380.00,380.00,207.95,217.80,217.80,234,4247.7726,12375,5100,06-JAN-2025
OPTIDX,NIFTY,27-Feb-2025,2025-02-27,26400.00,CE,30.00,30.00,16.10,17.30,17.30,374,7410.31758,21675,2025,06-JAN-2025
OPTIDX,NIFTY,09-Jan-2025,2025-01-09,26400.00,CE,0.60,1.55,0.60,1.25,1.25,67849,1343458.43,1250700,-378825,06-JAN-2025
OPTIDX,NIFTY,16-Jan-2025,2025-01-16,26400.00,CE,2.15,2.70,1.80,2.50,2.50,988,19564.0561,48300,8400,06-JAN-2025
OPTIDX,NIFTY,09-Jan-2025,2025-01-09,26150.00,CE,0.70,1.60,0.70,1.35,1.35,22013,431746.242,495150,221925,06-JAN-2025
OPTIDX,NIFTY,30-Jan-2025,2025-01-30,26150.00,PE,0.00,0.00,0.00,1554.05,2418.85,0,0.00,50,0,06-JAN-2025
OPTIDX,NIFTY,27-Feb-2025,2025-02-27,25150.00,PE,0.00,0.00,0.00,957.50,1391.85,0,0.00,75,0,06-JAN-2025
OPTIDX,NIFTY,16-Jan-2025,2025-01-16,22400.00,CE,0.00,0.00,0.00,2315.90,1258.80,0,0.00,0,0,06-JAN-2025
OPTIDX,NIFTY,27-Feb-2025,2025-02-27,22400.00,PE,65.00,135.65,61.35,128.45,128.45,747,12609.2672,215700,25725,06-JAN-2025
OPTIDX,NIFTY,23-Jan-2025,2025-01-23,22400.00,CE,0.00,0.00,0.00,1744.25,1294.00,0,0.00,0,0,06-JAN-2025
OPTIDX,NIFTY,27-Feb-2025,2025-02-27,25150.00,CE,165.60,165.60,103.90,107.25,107.25,333,6312.13672,4650,-3075,06-JAN-2025
OPTIDX,NIFTY,30-Jan-2025,2025-01-30,25150.00,PE,1339.00,1353.45,1334.95,1353.45,1439.60,3,19.86935,10750,-25,06-JAN-2025
OPTIDX,NIFTY,24-Jun-2027,2027-06-24,24000.00,CE,0.00,0.00,0.00,2299.55,3965.60,0,0.00,0,0,06-JAN-2025
OPTIDX,NIFTY,27-Feb-2025,2025-02-27,26150.00,PE,0.00,0.00,0.00,1981.75,2302.70,0,0.00,0,0,06-JAN-2025
OPTIDX,NIFTY,06-Feb-2025,2025-02-06,24200.00,PE,435.00,530.00,435.00,530.00,643.50,2,37.02375,75,0,06-JAN-2025
OPTIDX,NIFTY,27-Feb-2025,2025-02-27,24200.00,PE,470.55,755.00,468.50,713.60,713.60,839,15614.4927,96450,-12075,06-JAN-2025
OPTIDX,NIFTY,25-Sep-2025,2025-09-25,20000.00,PE,0.00,0.00,0.00,22.80,31.05,0,0.00,0,0,06-JAN-2025
OPTIDX,NIFTY,28-Dec-2028,2028-12-28,20000.00,CE,0.00,0.00,0.00,8115.50,8448.55,0,0.00,0,0,06-JAN-2025
OPTIDX,NIFTY,25-Jun-2026,2026-06-25,20000.00,PE,0.00,0.00,0.00,3159.75,80.00,0,0.00,0,0,06-JAN-2025
OPTIDX,NIFTY,30-Dec-2027,2027-12-30,20000.00,CE,0.00,0.00,0.00,5333.85,7381.30,0,0.00,0,0,06-JAN-2025
OPTIDX,NIFTY,16-Jan-2025,2025-01-16,25250.00,CE,6.20,6.75,4.20,4.70,4.70,1474,27919.2021,22200,5325,06-JAN-2025
OPTIDX,NIFTY,30-Jan-2025,2025-01-30,25250.00,PE,1453.25,1453.25,1453.25,1453.25,1535.05,1,6.6758125,10625,0,06-JAN-2025
OPTIDX,NIFTY,06-Feb-2025,2025-02-06,25250.00,CE,0.00,0.00,0.00,169.60,26.55,0,0.00,0,0,06-JAN-2025
OPTIDX,NIFTY,27-Feb-2025,2025-02-27,24850.00,CE,183.60,183.60,158.00,163.10,163.10,170,3189.67098,5850,-1950,06-JAN-2025
OPTIDX,NIFTY,27-Feb-2025,2025-02-27,24850.00,PE,0.00,0.00,0.00,1058.95,1146.40,0,0.00,0,0,06-JAN-2025
OPTIDX,NIFTY,06-Feb-2025,2025-02-06,24850.00,CE,0.00,0.00,0.00,280.45,62.20,0,0.00,0,0,06-JAN-2025
OPTIDX,NIFTY,09-Jan-2025,2025-01-09,24850.00,CE,3.20,4.25,2.15,2.65,2.65,420186,7832133.77,1377075,-304875,06-JAN-2025
OPTIDX,NIFTY,09-Jan-2025,2025-01-09,24050.00,CE,144.70,156.10,42.80,47.50,47.50,1147550,20780968.5,3267375,1224000,06-JAN-2025
OPTIDX,NIFTY,09-Jan-2025,2025-01-09,24050.00,PE,166.00,532.80,148.00,482.55,482.55,422354,7688941.07,949500,-460725,06-JAN-2025
OPTIDX,NIFTY,23-Jan-2025,2025-01-23,24050.00,CE,305.45,318.85,172.65,176.10,176.10,159,2896.91872,5250,2100,06-JAN-2025
OPTIDX,NIFTY,23-Jan-2025,2025-01-23,24050.00,PE,285.65,536.15,271.90,536.15,495.65,90,1644.63757,3450,2775,06-JAN-2025
OPTIDX,NIFTY,27-Mar-2025,2025-03-27,22700.00,CE,0.00,0.00,0.00,1692.75,1412.40,0,0.00,0,0,06-JAN-2025
OPTIDX,NIFTY,23-Jan-2025,2025-01-23,22750.00,CE,0.00,0.00,0.00,1431.15,964.30,0,0.00,0,0,06-JAN-2025
OPTIDX,NIFTY,30-Jan-2025,2025-01-30,21600.00,CE,2399.95,2464.95,2080.00,2117.50,2117.50,439,2612.34638,96825,-2900,06-JAN-2025
OPTIDX,NIFTY,06-Feb-2025,2025-02-06,25700.00,CE,27.75,30.00,16.85,20.25,20.25,214,4128.29332,12825,11475,06-JAN-2025
OPTIDX,NIFTY,09-Jan-2025,2025-01-09,25700.00,PE,1865.25,1974.40,1865.25,1974.40,2069.70,2,41.4297375,3450,0,06-JAN-2025
OPTIDX,NIFTY,16-Jan-2025,2025-01-16,25700.00,PE,0.00,0.00,0.00,1131.25,2036.50,0,0.00,0,0,06-JAN-2025
OPTIDX,NIFTY,09-Jan-2025,2025-01-09,25700.00,CE,0.85,1.80,0.80,1.35,1.35,83879,1616842.79,1339200,54975,06-JAN-2025
OPTIDX,NIFTY,06-Feb-2025,2025-02-06,25700.00,PE,0.00,0.00,0.00,1422.15,1946.00,0,0.00,0,0,06-JAN-2025
OPTIDX,NIFTY,16-Jan-2025,2025-01-16,25700.00,CE,1.45,3.20,1.40,2.95,2.95,3576,68934.7351,89625,72150,06-JAN-2025
OPTIDX,NIFTY,30-Jan-2025,2025-01-30,25700.00,CE,10.30,11.20,8.25,9.75,9.75,24505,157503.334,199525,-36350,06-JAN-2025
OPTIDX,NIFTY,30-Jan-2025,2025-01-30,25650.00,PE,0.00,0.00,0.00,1750.00,1924.30,0,0.00,850,0,06-JAN-2025
OPTIDX,NIFTY,30-Jan-2025,2025-01-30,25650.00,CE,10.75,11.45,9.30,10.20,10.20,2618,16794.5775,28100,-6650,06-JAN-2025
OPTIDX,NIFTY,16-Jan-2025,2025-01-16,25650.00,CE,2.70,3.45,2.00,3.00,3.00,361,6945.47902,16725,2100,06-JAN-2025
OPTIDX,NIFTY,06-Feb-2025,2025-02-06,25650.00,PE,0.00,0.00,0.00,1379.45,1897.50,0,0.00,0,0,06-JAN-2025
OPTIDX,NIFTY,09-Jan-2025,2025-01-09,25650.00,PE,0.00,0.00,0.00,977.70,2019.70,0,0.00,0,0,06-JAN-2025
OPTIDX,NIFTY,23-Jan-2025,2025-01-23,25650.00,CE,0.00,0.00,0.00,66.35,0.80,0,0.00,0,0,06-JAN-2025
OPTIDX,NIFTY,23-Jan-2025,2025-01-23,25250.00,PE,0.00,0.00,0.00,1243.40,1558.70,0,0.00,0,0,06-JAN-2025
OPTIDX,NIFTY,30-Jan-2025,2025-01-30,25050.00,PE,1288.85,1378.30,1274.00,1375.00,1345.25,4,26.3790375,9400,25,06-JAN-2025
OPTIDX,NIFTY,06-Feb-2025,2025-02-06,25050.00,PE,0.00,0.00,0.00,906.65,1331.90,0,0.00,0,0,06-JAN-2025
OPTIDX,NIFTY,30-Jan-2025,2025-01-30,26500.00,PE,2372.00,2821.70,2353.25,2761.95,2761.95,1714,12497.3711,779775,2125,06-JAN-2025
OPTIDX,NIFTY,27-Feb-2025,2025-02-27,26500.00,PE,2587.50,2587.50,2532.85,2573.05,2640.10,42,915.260137,114075,-1275,06-JAN-2025
OPTIDX,NIFTY,09-Jan-2025,2025-01-09,26500.00,CE,0.60,2.00,0.60,1.25,1.25,617364,12270536.4,11574975,-2570325,06-JAN-2025
OPTIDX,NIFTY,06-Feb-2025,2025-02-06,22850.00,CE,0.00,0.00,0.00,1553.20,978.40,0,0.00,0,0,06-JAN-2025
OPTIDX,NIFTY,27-Dec-2029,2029-12-27,20000.00,PE,0.00,0.00,0.00,202.30,117.10,0,0.00,0,0,06-JAN-2025
OPTIDX,NIFTY,27-Feb-2025,2025-02-27,24950.00,CE,220.80,220.80,138.00,140.15,140.15,166,3127.29615,7950,-3975,06-JAN-2025
OPTIDX,NIFTY,30-Dec-2027,2027-12-30,20000.00,PE,0.00,0.00,0.00,450.00,120.15,0,0.00,2675,0,06-JAN-2025
OPTIDX,NIFTY,27-Mar-2025,2025-03-27,25750.00,PE,0.00,0.00,0.00,1786.85,1859.85,0,0.00,0,0,06-JAN-2025
OPTIDX,NIFTY,23-Jan-2025,2025-01-23,25750.00,PE,0.00,0.00,0.00,1675.20,2053.65,0,0.00,0,0,06-JAN-2025
OPTIDX,NIFTY,29-Jun-2028,2028-06-29,29000.00,CE,0.00,0.00,0.00,2333.25,2726.15,0,0.00,0,0,06-JAN-2025
OPTIDX,NIFTY,27-Dec-2029,2029-12-27,29000.00,PE,0.00,0.00,0.00,1669.20,1488.75,0,0.00,0,0,06-JAN-2025
OPTIDX,NIFTY,27-Feb-2025,2025-02-27,23800.00,PE,322.95,545.60,316.85,511.70,511.70,2143,38961.1198,95550,-9975,06-JAN-2025
OPTIDX,NIFTY,16-Jan-2025,2025-01-16,23800.00,PE,135.05,394.00,121.20,353.80,353.80,38323,691308.939,326775,29475,06-JAN-2025
OPTIDX,NIFTY,27-Mar-2025,2025-03-27,23350.00,CE,0.00,0.00,0.00,1237.10,949.90,0,0.00,0,0,06-JAN-2025
OPTIDX,NIFTY,09-Jan-2025,2025-01-09,23350.00,CE,681.35,682.50,327.50,364.20,364.20,5420,96472.6612,44850,33975,06-JAN-2025
OPTIDX,NIFTY,27-Mar-2025,2025-03-27,26000.00,PE,1632.75,2063.40,1631.35,2008.00,2008.00,280,5857.00582,544900,1175,06-JAN-2025
OPTIDX,NIFTY,25-Sep-2025,2025-09-25,26000.00,PE,0.00,0.00,0.00,812.55,1790.45,0,0.00,0,0,06-JAN-2025
OPTIDX,NIFTY,24-Jun-2027,2027-06-24,26000.00,PE,0.00,0.00,0.00,6202.20,1257.40,0,0.00,0,0,06-JAN-2025
OPTIDX,NIFTY,29-Jun-2028,2028-06-29,26000.00,CE,0.00,0.00,0.00,3200.90,4096.15,0,0.00,0,0,06-JAN-2025
OPTIDX,NIFTY,24-Dec-2025,2025-12-24,26000.00,PE,1405.00,1682.50,1401.00,1640.10,1640.10,225,4653.14415,141150,1400,06-JAN-2025
OPTIDX,NIFTY,30-Dec-2027,2027-12-30,26000.00,PE,0.00,0.00,0.00,3359.75,1139.70,0,0.00,0,0,06-JAN-2025
OPTIDX,NIFTY,16-Jan-2025,2025-01-16,26000.00,CE,2.50,2.90,1.95,2.70,2.70,19885,387794.809,437250,119175,06-JAN-2025
OPTIDX,NIFTY,25-Sep-2025,2025-09-25,26000.00,CE,0.00,0.00,0.00,2854.15,636.20,0,0.00,0,0,06-JAN-2025
OPTIDX,NIFTY,28-Dec-2028,2028-12-28,26000.00,CE,0.00,0.00,0.00,4879.70,4684.45,0,0.00,0,0,06-JAN-2025
OPTIDX,NIFTY,30-Jan-2025,2025-01-30,26000.00,CE,7.45,8.60,6.90,8.30,8.30,124540,809749.573,3377850,-430125,06-JAN-2025
OPTIDX,NIFTY,27-Dec-2029,2029-12-27,26000.00,CE,0.00,0.00,0.00,6686.95,5819.35,0,0.00,0,0,06-JAN-2025
OPTIDX,NIFTY,26-Jun-2025,2025-06-26,26000.00,PE,1518.10,1859.95,1518.10,1810.15,1810.15,158,3282.48048,94050,-675,06-JAN-2025
OPTIDX,NIFTY,26-Jun-2025,2025-06-26,26000.00,CE,399.85,411.80,306.00,312.50,312.50,1034,20421.8967,175550,-1575,06-JAN-2025
OPTIDX,NIFTY,30-Jan-2025,2025-01-30,21800.00,PE,6.00,20.40,5.75,18.05,18.05,48945,266891.856,959275,-12775,06-JAN-2025
OPTIDX,NIFTY,27-Mar-2025,2025-03-27,25050.00,PE,0.00,0.00,0.00,1278.65,1291.85,0,0.00,0,0,06-JAN-2025
OPTIDX,NIFTY,27-Feb-2025,2025-02-27,26500.00,CE,22.00,22.05,14.55,15.15,15.15,4321,85933.6875,281625,27225,06-JAN-2025
OPTIDX,NIFTY,30-Jan-2025,2025-01-30,26500.00,CE,5.55,7.00,5.35,6.80,6.80,64973,430546.896,1739850,32600,06-JAN-2025
OPTIDX,NIFTY,09-Jan-2025,2025-01-09,26500.00,PE,2685.00,2930.00,2685.00,2930.00,2869.25,6,132.052837,5100,-150,06-JAN-2025
OPTIDX,NIFTY,23-Jan-2025,2025-01-23,23500.00,CE,670.85,705.55,413.35,441.15,441.15,594,10674.2853,24000,12300,06-JAN-2025
OPTIDX,NIFTY,23-Jan-2025,2025-01-23,22500.00,CE,0.00,0.00,0.00,1652.95,1197.90,0,0.00,0,0,06-JAN-2025
OPTIDX,NIFTY,27-Mar-2025,2025-03-27,23500.00,PE,300.00,450.95,282.40,426.90,426.90,2577,46167.5586,153000,7275,06-JAN-2025
OPTIDX,NIFTY,30-Jan-2025,2025-01-30,23500.00,PE,137.75,312.55,120.00,282.70,282.70,264835,1571508.48,3591725,7250,06-JAN-2025
OPTIDX,NIFTY,30-Dec-2027,2027-12-30,29000.00,PE,0.00,0.00,0.00,4227.50,2278.55,0,0.00,0,0,06-JAN-2025
OPTIDX,NIFTY,28-Dec-2028,2028-12-28,29000.00,PE,0.00,0.00,0.00,2010.85,1832.05,0,0.00,0,0,06-JAN-2025
OPTIDX,NIFTY,24-Jun-2027,2027-06-24,29000.00,CE,0.00,0.00,0.00,1545.20,1625.90,0,0.00,0,0,06-JAN-2025
OPTIDX,NIFTY,25-Sep-2025,2025-09-25,29000.00,CE,0.00,0.00,0.00,1377.55,120.85,0,0.00,0,0,06-JAN-2025
OPTIDX,NIFTY,28-Jun-2029,2029-06-28,29000.00,PE,0.00,0.00,0.00,1746.95,1649.80,0,0.00,0,0,06-JAN-2025
OPTIDX,NIFTY,24-Dec-2025,2025-12-24,29000.00,PE,3550.00,3605.45,3550.00,3572.75,3572.75,3,73.29615,11925,0,06-JAN-2025
OPTIDX,NIFTY,31-Dec-2026,2026-12-31,17000.00,PE,0.00,0.00,0.00,97.05,9.90,0,0.00,2850,0,06-JAN-2025
OPTIDX,NIFTY,30-Jan-2025,2025-01-30,23800.00,CE,528.45,556.35,315.85,336.40,336.40,111916,676483.348,1881375,87550,06-JAN-2025
OPTIDX,NIFTY,30-Jan-2025,2025-01-30,22750.00,PE,36.65,103.50,34.35,91.05,91.05,19449,110899.792,113075,-78875,06-JAN-2025
OPTIDX,NIFTY,16-Jan-2025,2025-01-16,24950.00,PE,0.00,0.00,0.00,616.70,1289.65,0,0.00,0,0,06-JAN-2025
OPTIDX,NIFTY,24-Dec-2025,2025-12-24,20000.00,PE,143.90,170.00,133.05,160.35,160.35,109,1647.47268,59150,950,06-JAN-2025
OPTIDX,NIFTY,26-Jun-2025,2025-06-26,20000.00,CE,0.00,0.00,0.00,3180.85,4251.30,0,0.00,0,0,06-JAN-2025
OPTIDX,NIFTY,30-Jan-2025,2025-01-30,24650.00,CE,123.95,136.25,64.25,68.10,68.10,13175,81462.5909,155800,16250,06-JAN-2025
OPTIDX,NIFTY,06-Feb-2025,2025-02-06,24400.00,PE,0.00,0.00,0.00,502.80,787.15,0,0.00,0,0,06-JAN-2025
OPTIDX,NIFTY,09-Jan-2025,2025-01-09,24400.00,PE,407.20,849.85,382.00,779.30,779.30,9529,178260.003,215625,-72525,06-JAN-2025
OPTIDX,NIFTY,16-Jan-2025,2025-01-16,24400.00,CE,108.00,109.00,41.20,43.75,43.75,42353,776960.058,389325,142650,06-JAN-2025
OPTIDX,NIFTY,27-Mar-2025,2025-03-27,24400.00,CE,513.70,513.70,427.85,446.75,446.75,12,223.64655,675,675,06-JAN-2025
OPTIDX,NIFTY,27-Mar-2025,2025-03-27,24600.00,PE,0.00,0.00,0.00,640.00,973.45,0,0.00,10650,0,06-JAN-2025
OPTIDX,NIFTY,24-Dec-2025,2025-12-24,24000.00,CE,2121.70,2155.00,1942.55,1967.20,1967.20,143,2788.79347,197950,3150,06-JAN-2025
OPTIDX,NIFTY,29-Jun-2028,2028-06-29,24000.00,PE,0.00,0.00,0.00,1692.75,586.40,0,0.00,0,0,06-JAN-2025
OPTIDX,NIFTY,23-Jan-2025,2025-01-23,24000.00,PE,254.30,550.00,243.95,510.60,510.60,3969,72626.3521,80250,11475,06-JAN-2025
OPTIDX,NIFTY,09-Jan-2025,2025-01-09,22000.00,CE,2083.10,2083.10,1590.00,1624.10,1624.10,104,1856.88412,12525,-1350,06-JAN-2025
OPTIDX,NIFTY,28-Jun-2029,2029-06-28,22000.00,CE,0.00,0.00,0.00,9207.90,7617.90,0,0.00,0,0,06-JAN-2025
OPTIDX,NIFTY,09-Jan-2025,2025-01-09,24000.00,PE,139.65,493.00,124.05,435.00,435.00,1441898,26190891.2,2730825,-2812575,06-JAN-2025
OPTIDX,NIFTY,27-Feb-2025,2025-02-27,22000.00,PE,48.10,91.20,39.95,85.00,85.00,13839,229063.140,514575,79950,06-JAN-2025
OPTIDX,NIFTY,28-Dec-2028,2028-12-28,22000.00,CE,0.00,0.00,0.00,6932.45,7075.60,0,0.00,0,0,06-JAN-2025
OPTIDX,NIFTY,30-Jan-2025,2025-01-30,22000.00,PE,10.45,29.75,8.25,26.25,26.25,186159,1024809.99,3516950,359450,06-JAN-2025
OPTIDX,NIFTY,23-Jan-2025,2025-01-23,22000.00,CE,0.00,0.00,0.00,2120.40,1686.45,0,0.00,0,0,06-JAN-2025
OPTIDX,NIFTY,30-Dec-2027,2027-12-30,24000.00,CE,0.00,0.00,0.00,3778.95,4619.55,0,0.00,0,0,06-JAN-2025
OPTIDX,NIFTY,23-Jan-2025,2025-01-23,23050.00,PE,0.00,0.00,0.00,117.65,65.90,0,0.00,0,0,06-JAN-2025
OPTIDX,NIFTY,09-Jan-2025,2025-01-09,23050.00,CE,680.00,696.10,590.45,603.85,581.30,38,675.07305,825,825,06-JAN-2025
OPTIDX,NIFTY,27-Mar-2025,2025-03-27,23050.00,PE,0.00,0.00,0.00,321.40,247.10,0,0.00,0,0,06-JAN-2025
OPTIDX,NIFTY,27-Feb-2025,2025-02-27,23050.00,PE,158.00,271.05,158.00,251.75,251.75,222,3874.65907,8325,3225,06-JAN-2025
OPTIDX,NIFTY,30-Jan-2025,2025-01-30,26350.00,CE,6.15,7.35,5.30,7.15,7.15,1321,8704.27631,11775,-5375,06-JAN-2025
OPTIDX,NIFTY,27-Mar-2025,2025-03-27,25400.00,CE,215.00,215.00,150.20,162.25,162.25,150,2877.59572,4875,-1275,06-JAN-2025
OPTIDX,NIFTY,06-Feb-2025,2025-02-06,24900.00,CE,0.00,0.00,0.00,264.20,56.25,0,0.00,0,0,06-JAN-2025
OPTIDX,NIFTY,09-Jan-2025,2025-01-09,24900.00,CE,2.95,3.50,1.75,2.40,2.40,564298,10539271.5,4666200,830700,06-JAN-2025
OPTIDX,NIFTY,27-Mar-2025,2025-03-27,24900.00,CE,353.85,400.00,268.95,276.80,276.80,74,1398.92145,3375,2100,06-JAN-2025
OPTIDX,NIFTY,16-Jan-2025,2025-01-16,24900.00,CE,15.95,19.50,9.05,9.60,9.60,33334,622824.070,561075,241875,06-JAN-2025
OPTIDX,NIFTY,06-Feb-2025,2025-02-06,23050.00,PE,0.00,0.00,0.00,79.80,121.70,0,0.00,0,0,06-JAN-2025
OPTIDX,NIFTY,09-Jan-2025,2025-01-09,23050.00,PE,3.50,47.25,2.70,35.65,35.65,560262,9694829.51,1199625,663675,06-JAN-2025
OPTIDX,NIFTY,16-Jan-2025,2025-01-16,23050.00,PE,16.50,99.50,15.10,83.75,83.75,5324,92274.3488,29100,16050,06-JAN-2025
OPTIDX,NIFTY,30-Jan-2025,2025-01-30,23050.00,CE,877.90,877.90,780.00,818.35,818.35,217,1294.33618,3475,3000,06-JAN-2025
OPTIDX,NIFTY,09-Jan-2025,2025-01-09,26350.00,PE,0.00,0.00,0.00,1541.60,2719.35,0,0.00,0,0,06-JAN-2025
OPTIDX,NIFTY,16-Jan-2025,2025-01-16,26350.00,CE,1.95,2.60,1.55,2.45,2.45,211,4170.24247,6975,3975,06-JAN-2025
OPTIDX,NIFTY,16-Jan-2025,2025-01-16,26250.00,CE,2.10,2.75,1.50,2.50,2.50,170,3347.16566,3150,2325,06-JAN-2025
OPTIDX,NIFTY,27-Feb-2025,2025-02-27,26250.00,PE,0.00,0.00,0.00,2062.70,2398.50,0,0.00,0,0,06-JAN-2025
OPTIDX,NIFTY,30-Jan-2025,2025-01-30,26250.00,CE,6.00,7.90,5.75,7.55,7.55,17362,113968.115,136575,-41125,06-JAN-2025
OPTIDX,NIFTY,30-Jan-2025,2025-01-30,26250.00,PE,0.00,0.00,0.00,2280.00,2518.20,0,0.00,700,0,06-JAN-2025
OPTIDX,NIFTY,09-Jan-2025,2025-01-09,26250.00,CE,0.75,1.60,0.60,1.25,1.25,26895,529514.378,454650,-3225,06-JAN-2025
OPTIDX,NIFTY,16-Jan-2025,2025-01-16,26250.00,PE,0.00,0.00,0.00,1591.00,2585.45,0,0.00,0,0,06-JAN-2025
OPTIDX,NIFTY,27-Feb-2025,2025-02-27,23850.00,PE,339.00,559.00,331.10,532.70,532.70,215,3922.27571,16050,2925,06-JAN-2025
OPTIDX,NIFTY,09-Jan-2025,2025-01-09,23850.00,PE,92.60,378.00,71.40,331.00,331.00,703307,12666397.4,830100,-269775,06-JAN-2025
OPTIDX,NIFTY,27-Feb-2025,2025-02-27,23850.00,CE,712.00,743.85,523.25,535.40,535.40,145,2659.33987,8925,2175,06-JAN-2025
OPTIDX,NIFTY,30-Jan-2025,2025-01-30,24200.00,CE,260.00,320.25,163.35,173.50,173.50,113765,694514.575,1381975,34575,06-JAN-2025
OPTIDX,NIFTY,27-Mar-2025,2025-03-27,24200.00,CE,730.00,730.00,521.35,537.55,537.55,151,2807.42261,8325,3450,06-JAN-2025
OPTIDX,NIFTY,16-Jan-2025,2025-01-16,22850.00,PE,9.30,63.95,8.75,53.10,53.10,4267,73253.2854,35325,26250,06-JAN-2025
OPTIDX,NIFTY,23-Jan-2025,2025-01-23,25450.00,PE,0.00,0.00,0.00,1411.15,1755.90,0,0.00,0,0,06-JAN-2025
OPTIDX,NIFTY,27-Feb-2025,2025-02-27,25450.00,CE,95.00,109.00,67.50,69.70,69.70,173,3312.47107,5175,-2175,06-JAN-2025
OPTIDX,NIFTY,06-Feb-2025,2025-02-06,25550.00,PE,0.00,0.00,0.00,1295.40,1800.95,0,0.00,0,0,06-JAN-2025
OPTIDX,NIFTY,27-Feb-2025,2025-02-27,25550.00,PE,0.00,0.00,0.00,1109.35,1742.80,0,0.00,75,0,06-JAN-2025
OPTIDX,NIFTY,27-Mar-2025,2025-03-27,25550.00,CE,131.80,133.30,131.80,133.10,133.10,27,520.081987,2025,2025,06-JAN-2025
OPTIDX,NIFTY,23-Jan-2025,2025-01-23,23850.00,CE,341.45,341.95,240.05,260.35,260.35,123,2226.68636,3825,2400,06-JAN-2025
OPTIDX,NIFTY,06-Feb-2025,2025-02-06,23850.00,CE,592.45,622.05,436.75,448.70,448.70,28,513.111262,1950,1950,06-JAN-2025
OPTIDX,NIFTY,09-Jan-2025,2025-01-09,23850.00,CE,254.30,278.00,88.05,97.40,97.40,626185,11262301.5,1596000,1125750,06-JAN-2025
OPTIDX,NIFTY,16-Jan-2025,2025-01-16,23850.00,CE,348.70,376.00,175.00,188.60,188.60,6523,117775.704,61125,51225,06-JAN-2025
OPTIDX,NIFTY,16-Jan-2025,2025-01-16,23150.00,CE,682.05,707.95,590.00,609.00,609.00,104,1856.84797,4125,1350,06-JAN-2025
OPTIDX,NIFTY,27-Feb-2025,2025-02-27,23150.00,CE,0.00,0.00,0.00,1495.80,900.30,0,0.00,0,0,06-JAN-2025
OPTIDX,NIFTY,27-Mar-2025,2025-03-27,23150.00,PE,0.00,0.00,0.00,350.80,276.05,0,0.00,0,0,06-JAN-2025
OPTIDX,NIFTY,30-Jan-2025,2025-01-30,23150.00,CE,864.85,864.85,707.10,742.85,742.85,67,400.168375,6975,1150,06-JAN-2025
OPTIDX,NIFTY,06-Feb-2025,2025-02-06,25950.00,PE,0.00,0.00,0.00,1641.55,2190.20,0,0.00,0,0,06-JAN-2025
OPTIDX,NIFTY,30-Jan-2025,2025-01-30,25950.00,CE,7.15,9.05,7.15,8.25,8.25,2687,17437.4699,41450,650,06-JAN-2025
OPTIDX,NIFTY,23-Jan-2025,2025-01-23,25950.00,CE,0.00,0.00,0.00,40.55,0.20,0,0.00,0,0,06-JAN-2025
OPTIDX,NIFTY,06-Feb-2025,2025-02-06,23500.00,PE,193.95,378.25,175.70,360.75,360.75,577,10306.9013,21975,19425,06-JAN-2025
OPTIDX,NIFTY,09-Jan-2025,2025-01-09,22500.00,PE,0.90,8.75,0.80,6.60,6.60,819749,13835998.0,8014050,1224750,06-JAN-2025
OPTIDX,NIFTY,16-Jan-2025,2025-01-16,23500.00,PE,63.35,240.45,55.45,210.60,210.60,61693,1094325.98,413100,73200,06-JAN-2025
OPTIDX,NIFTY,27-Dec-2029,2029-12-27,29000.00,CE,0.00,0.00,0.00,5305.80,4377.35,0,0.00,0,0,06-JAN-2025
OPTIDX,NIFTY,24-Jun-2027,2027-06-24,29000.00,PE,0.00,0.00,0.00,4627.10,2568.00,0,0.00,0,0,06-JAN-2025
OPTIDX,NIFTY,31-Dec-2026,2026-12-31,29000.00,CE,0.00,0.00,0.00,1205.35,1135.40,0,0.00,0,0,06-JAN-2025
OPTIDX,NIFTY,28-Dec-2028,2028-12-28,29000.00,CE,0.00,0.00,0.00,3645.75,3277.35,0,0.00,0,0,06-JAN-2025
OPTIDX,NIFTY,27-Mar-2025,2025-03-27,23800.00,CE,863.70,863.70,719.40,747.70,747.70,35,644.193337,7125,-225,06-JAN-2025
OPTIDX,NIFTY,23-Jan-2025,2025-01-23,23800.00,PE,183.85,429.30,171.60,396.35,396.35,1848,33433.7486,37725,16275,06-JAN-2025
OPTIDX,NIFTY,23-Jan-2025,2025-01-23,23800.00,CE,487.10,487.10,261.10,272.50,272.50,1442,26073.0349,33600,20175,06-JAN-2025
OPTIDX,NIFTY,09-Jan-2025,2025-01-09,23800.00,CE,300.00,315.00,102.90,114.70,114.70,1265814,22732860.1,3819975,2416725,06-JAN-2025
OPTIDX,NIFTY,23-Jan-2025,2025-01-23,23500.00,PE,103.85,284.75,96.00,256.65,256.65,3820,67888.9993,72450,16500,06-JAN-2025
OPTIDX,NIFTY,27-Feb-2025,2025-02-27,23500.00,CE,986.00,1002.00,717.00,738.75,738.75,2071,37709.2059,150450,36525,06-JAN-2025
OPTIDX,NIFTY,27-Mar-2025,2025-03-27,23500.00,CE,1175.50,1175.55,895.90,934.05,934.05,550,10096.2656,77925,8175,06-JAN-2025
OPTIDX,NIFTY,16-Jan-2025,2025-01-16,22500.00,CE,1576.30,1576.30,1145.00,1196.15,1196.15,76,1351.52445,9975,1650,06-JAN-2025
OPTIDX,NIFTY,30-Jan-2025,2025-01-30,23500.00,CE,759.80,774.85,473.35,501.60,501.60,58314,350542.508,1260225,106875,06-JAN-2025
OPTIDX,NIFTY,27-Mar-2025,2025-03-27,22500.00,PE,116.30,194.00,108.65,183.90,183.90,3457,58726.5318,332250,96225,06-JAN-2025
OPTIDX,NIFTY,09-Jan-2025,2025-01-09,23500.00,CE,534.95,570.95,235.00,262.00,262.00,205189,3661076.96,942000,613725,06-JAN-2025
OPTIDX,NIFTY,06-Feb-2025,2025-02-06,22500.00,PE,0.00,0.00,0.00,27.70,37.10,0,0.00,0,0,06-JAN-2025
OPTIDX,NIFTY,16-Jan-2025,2025-01-16,22500.00,PE,4.15,30.20,4.05,25.40,25.40,45493,768287.527,635325,213750,06-JAN-2025
OPTIDX,NIFTY,27-Feb-2025,2025-02-27,22500.00,PE,75.80,156.75,73.50,145.30,145.30,16783,284738.157,1021950,-6150,06-JAN-2025
OPTIDX,NIFTY,27-Feb-2025,2025-02-27,22200.00,CE,0.00,0.00,0.00,2177.00,1673.55,0,0.00,75,0,06-JAN-2025
OPTIDX,NIFTY,09-Jan-2025,2025-01-09,22750.00,PE,1.45,18.10,1.25,13.50,13.50,369764,6311685.53,803625,245925,06-JAN-2025
OPTIDX,NIFTY,30-Jan-2025,2025-01-30,24100.00,CE,350.55,372.00,195.00,208.20,208.20,91369,556444.441,699725,101675,06-JAN-2025
OPTIDX,NIFTY,16-Jan-2025,2025-01-16,24100.00,PE,241.75,592.85,239.20,534.35,534.35,13887,255031.696,126675,-72225,06-JAN-2025
OPTIDX,NIFTY,06-Feb-2025,2025-02-06,24100.00,CE,403.65,403.65,310.00,310.00,310.00,14,256.7022,825,-75,06-JAN-2025
OPTIDX,NIFTY,23-Jan-2025,2025-01-23,22200.00,PE,14.00,21.20,14.00,21.20,21.20,42,699.8181,2325,2100,06-JAN-2025
OPTIDX,NIFTY,27-Feb-2025,2025-02-27,23450.00,CE,977.45,1001.10,769.45,769.45,769.45,7,127.48185,1725,375,06-JAN-2025
OPTIDX,NIFTY,09-Jan-2025,2025-01-09,23450.00,PE,16.00,155.00,12.60,123.65,123.65,883483,15589032.0,881925,-193125,06-JAN-2025
OPTIDX,NIFTY,09-Jan-2025,2025-01-09,25750.00,CE,0.75,1.75,0.75,1.35,1.35,32239,622642.767,430800,71100,06-JAN-2025
OPTIDX,NIFTY,16-Jan-2025,2025-01-16,22750.00,CE,0.00,0.00,0.00,1981.60,917.05,0,0.00,0,0,06-JAN-2025
OPTIDX,NIFTY,09-Jan-2025,2025-01-09,22850.00,CE,0.00,0.00,0.00,1153.30,779.05,0,0.00,3150,0,06-JAN-2025
OPTIDX,NIFTY,27-Feb-2025,2025-02-27,22850.00,CE,0.00,0.00,0.00,1715.20,1122.65,0,0.00,0,0,06-JAN-2025
OPTIDX,NIFTY,27-Mar-2025,2025-03-27,24850.00,PE,0.00,0.00,0.00,1148.30,1145.15,0,0.00,0,0,06-JAN-2025
OPTIDX,NIFTY,23-Jan-2025,2025-01-23,24850.00,CE,50.30,53.00,24.00,26.60,26.60,648,12092.5680,30300,28875,06-JAN-2025
OPTIDX,NIFTY,09-Jan-2025,2025-01-09,25250.00,PE,0.00,0.00,0.00,1267.00,1619.95,0,0.00,150,0,06-JAN-2025
OPTIDX,NIFTY,16-Jan-2025,2025-01-16,24850.00,PE,0.00,0.00,0.00,560.40,1191.00,0,0.00,0,0,06-JAN-2025
OPTIDX,NIFTY,27-Mar-2025,2025-03-27,24850.00,CE,0.00,0.00,0.00,497.30,276.15,0,0.00,0,0,06-JAN-2025
OPTIDX,NIFTY,30-Jan-2025,2025-01-30,24850.00,PE,834.00,1205.30,834.00,1191.55,1191.55,16,103.933862,9575,-25,06-JAN-2025
OPTIDX,NIFTY,27-Mar-2025,2025-03-27,24050.00,CE,0.00,0.00,0.00,808.95,565.95,0,0.00,75,0,06-JAN-2025
OPTIDX,NIFTY,30-Jan-2025,2025-01-30,24050.00,PE,330.10,598.50,299.00,552.10,552.10,12925,79107.6823,121500,17125,06-JAN-2025
OPTIDX,NIFTY,16-Jan-2025,2025-01-16,24050.00,PE,236.45,550.30,217.00,508.85,508.85,4684,85599.7284,26250,-27900,06-JAN-2025
OPTIDX,NIFTY,27-Mar-2025,2025-03-27,24050.00,PE,0.00,0.00,0.00,702.00,646.75,0,0.00,0,0,06-JAN-2025
OPTIDX,NIFTY,06-Feb-2025,2025-02-06,24050.00,CE,0.00,0.00,0.00,646.80,248.75,0,0.00,0,0,06-JAN-2025
OPTIDX,NIFTY,30-Jan-2025,2025-01-30,24050.00,CE,390.00,400.30,213.00,226.60,226.60,13626,82913.9973,105925,24450,06-JAN-2025
OPTIDX,NIFTY,27-Feb-2025,2025-02-27,24050.00,PE,450.50,666.50,450.50,632.80,632.80,211,3903.23835,9525,-3075,06-JAN-2025
OPTIDX,NIFTY,16-Jan-2025,2025-01-16,26100.00,CE,2.20,2.80,2.00,2.60,2.60,800,15661.4371,13125,-6150,06-JAN-2025
OPTIDX,NIFTY,09-Jan-2025,2025-01-09,25400.00,CE,1.05,1.70,0.90,1.45,1.45,146442,2789856.57,2549025,-393825,06-JAN-2025
OPTIDX,NIFTY,30-Jan-2025,2025-01-30,25400.00,PE,1290.05,1680.00,1290.00,1680.00,1679.90,101,681.115612,36300,-1825,06-JAN-2025
OPTIDX,NIFTY,27-Mar-2025,2025-03-27,24300.00,PE,528.55,797.70,528.55,773.80,773.80,224,4188.579,7125,2250,06-JAN-2025
OPTIDX,NIFTY,16-Jan-2025,2025-01-16,25400.00,CE,3.65,7.95,3.15,3.75,3.75,5338,101703.462,99900,7575,06-JAN-2025
OPTIDX,NIFTY,30-Jan-2025,2025-01-30,24300.00,PE,432.20,769.55,419.20,719.70,719.70,20416,126923.040,479950,-32525,06-JAN-2025
OPTIDX,NIFTY,30-Jan-2025,2025-01-30,23100.00,CE,1100.00,1100.00,743.35,773.85,773.85,425,2541.1468,9125,1100,06-JAN-2025
OPTIDX,NIFTY,09-Jan-2025,2025-01-09,23100.00,CE,870.00,915.50,515.00,568.85,568.85,1012,17983.2761,14325,7725,06-JAN-2025
OPTIDX,NIFTY,30-Jan-2025,2025-01-30,25100.00,PE,1019.40,1420.00,995.80,1393.50,1393.50,85,558.46365,73350,-200,06-JAN-2025
OPTIDX,NIFTY,16-Jan-2025,2025-01-16,25100.00,PE,0.00,0.00,0.00,706.95,1438.35,0,0.00,0,0,06-JAN-2025
OPTIDX,NIFTY,09-Jan-2025,2025-01-09,25100.00,CE,1.70,2.20,1.35,1.95,1.95,301342,5673138.60,2157000,-917250,06-JAN-2025
OPTIDX,NIFTY,27-Mar-2025,2025-03-27,22250.00,CE,0.00,0.00,0.00,2048.65,1781.80,0,0.00,0,0,06-JAN-2025
OPTIDX,NIFTY,23-Jan-2025,2025-01-23,22250.00,PE,0.00,0.00,0.00,26.60,4.15,0,0.00,0,0,06-JAN-2025
OPTIDX,NIFTY,06-Feb-2025,2025-02-06,22250.00,CE,0.00,0.00,0.00,2109.40,1512.75,0,0.00,0,0,06-JAN-2025
OPTIDX,NIFTY,09-Jan-2025,2025-01-09,22250.00,PE,0.75,5.20,0.70,4.10,4.10,99432,1659492.24,567150,419025,06-JAN-2025
OPTIDX,NIFTY,09-Jan-2025,2025-01-09,25550.00,PE,0.00,0.00,0.00,1740.00,1919.80,0,0.00,150,0,06-JAN-2025
OPTIDX,NIFTY,27-Feb-2025,2025-02-27,25500.00,CE,102.00,106.80,61.15,63.95,63.95,18083,346821.323,557025,-174075,06-JAN-2025
OPTIDX,NIFTY,09-Jan-2025,2025-01-09,25500.00,CE,1.00,1.70,0.85,1.45,1.45,518526,9917254.19,5856450,-460425,06-JAN-2025
OPTIDX,NIFTY,06-Feb-2025,2025-02-06,25500.00,PE,0.00,0.00,0.00,1254.05,1752.95,0,0.00,0,0,06-JAN-2025
OPTIDX,NIFTY,09-Jan-2025,2025-01-09,25500.00,PE,1460.10,1874.40,1460.00,1874.40,1874.40,50,1020.51067,34200,-600,06-JAN-2025
OPTIDX,NIFTY,06-Feb-2025,2025-02-06,25500.00,CE,44.00,45.90,24.90,29.00,29.00,586,11221.0567,25125,21750,06-JAN-2025
OPTIDX,NIFTY,27-Feb-2025,2025-02-27,25300.00,CE,132.05,141.40,82.50,85.75,85.75,3483,66337.9546,121725,33675,06-JAN-2025
OPTIDX,NIFTY,09-Jan-2025,2025-01-09,26400.00,PE,0.00,0.00,0.00,2393.00,2769.30,0,0.00,150,0,06-JAN-2025
OPTIDX,NIFTY,27-Feb-2025,2025-02-27,22350.00,PE,0.00,0.00,0.00,99.00,59.70,0,0.00,3600,0,06-JAN-2025
OPTIDX,NIFTY,27-Mar-2025,2025-03-27,22350.00,PE,142.70,163.00,142.00,161.00,161.00,26,438.928312,4575,1575,06-JAN-2025
OPTIDX,NIFTY,06-Feb-2025,2025-02-06,22350.00,CE,0.00,0.00,0.00,2014.15,1419.25,0,0.00,0,0,06-JAN-2025
OPTIDX,NIFTY,06-Feb-2025,2025-02-06,22350.00,PE,0.00,0.00,0.00,20.00,25.45,0,0.00,0,0,06-JAN-2025
OPTIDX,NIFTY,30-Jan-2025,2025-01-30,21950.00,CE,0.00,0.00,0.00,2652.10,1767.05,0,0.00,150,0,06-JAN-2025
OPTIDX,NIFTY,23-Jan-2025,2025-01-23,22350.00,CE,0.00,0.00,0.00,1790.40,1342.45,0,0.00,0,0,06-JAN-2025
OPTIDX,NIFTY,16-Jan-2025,2025-01-16,22350.00,PE,4.25,21.70,2.65,17.95,17.95,1880,31531.1608,10725,7650,06-JAN-2025
OPTIDX,NIFTY,27-Feb-2025,2025-02-27,21950.00,CE,0.00,0.00,0.00,2451.75,1903.35,0,0.00,0,0,06-JAN-2025
OPTIDX,NIFTY,27-Mar-2025,2025-03-27,22350.00,CE,0.00,0.00,0.00,1967.00,1696.80,0,0.00,0,0,06-JAN-2025
OPTIDX,NIFTY,16-Jan-2025,2025-01-16,22350.00,CE,0.00,0.00,0.00,2364.30,1308.35,0,0.00,0,0,06-JAN-2025
OPTIDX,NIFTY,23-Jan-2025,2025-01-23,21950.00,PE,0.00,0.00,0.00,13.55,1.05,0,0.00,0,0,06-JAN-2025
OPTIDX,NIFTY,27-Feb-2025,2025-02-27,22350.00,CE,0.00,0.00,0.00,2111.35,1539.65,0,0.00,0,0,06-JAN-2025
OPTIDX,NIFTY,23-Jan-2025,2025-01-23,21950.00,CE,0.00,0.00,0.00,2168.35,1736.00,0,0.00,0,0,06-JAN-2025
OPTIDX,NIFTY,30-Jan-2025,2025-01-30,22350.00,CE,0.00,0.00,0.00,2275.60,1380.00,0,0.00,100,0,06-JAN-2025
OPTIDX,NIFTY,27-Mar-2025,2025-03-27,21950.00,CE,0.00,0.00,0.00,2301.20,2045.10,0,0.00,0,0,06-JAN-2025
OPTIDX,NIFTY,30-Jan-2025,2025-01-30,21950.00,PE,8.65,26.40,7.95,23.20,23.20,13271,72887.2419,164100,97575,06-JAN-2025
OPTIDX,NIFTY,23-Jan-2025,2025-01-23,22350.00,PE,0.00,0.00,0.00,32.80,6.25,0,0.00,0,0,06-JAN-2025
OPTIDX,NIFTY,16-Jan-2025,2025-01-16,24750.00,CE,31.35,34.20,14.35,15.30,15.30,11013,204593.437,81900,29475,06-JAN-2025
OPTIDX,NIFTY,06-Feb-2025,2025-02-06,24750.00,CE,0.00,0.00,0.00,315.20,75.65,0,0.00,0,0,06-JAN-2025
OPTIDX,NIFTY,16-Jan-2025,2025-01-16,24750.00,PE,0.00,0.00,0.00,337.90,1093.05,0,0.00,225,0,06-JAN-2025
OPTIDX,NIFTY,24-Dec-2025,2025-12-24,28000.00,PE,2599.00,2907.00,2553.20,2869.60,2869.60,294,6795.92025,205450,16575,06-JAN-2025
OPTIDX,NIFTY,25-Jun-2026,2026-06-25,28000.00,CE,0.00,0.00,0.00,1533.95,893.15,0,0.00,0,0,06-JAN-2025
OPTIDX,NIFTY,29-Jun-2028,2028-06-29,28000.00,PE,0.00,0.00,0.00,3161.35,1662.00,0,0.00,0,0,06-JAN-2025
OPTIDX,NIFTY,30-Jan-2025,2025-01-30,26150.00,CE,6.45,8.20,6.15,7.75,7.75,2927,19140.5149,21225,-9075,06-JAN-2025
OPTIDX,NIFTY,09-Jan-2025,2025-01-09,26300.00,CE,0.70,1.50,0.65,1.30,1.30,68752,1356181.77,1194450,65025,06-JAN-2025
OPTIDX,NIFTY,27-Dec-2029,2029-12-27,28000.00,PE,0.00,0.00,0.00,1411.30,1224.00,0,0.00,0,0,06-JAN-2025
OPTIDX,NIFTY,27-Mar-2025,2025-03-27,28000.00,CE,18.00,19.10,14.05,18.10,18.10,2294,48205.2057,637350,82150,06-JAN-2025
OPTIDX,NIFTY,24-Dec-2025,2025-12-24,28000.00,CE,429.00,442.90,391.00,405.70,405.70,470,10014.2804,204300,11550,06-JAN-2025
OPTIDX,NIFTY,25-Sep-2025,2025-09-25,28000.00,PE,0.00,0.00,0.00,1606.20,3280.35,0,0.00,0,0,06-JAN-2025
OPTIDX,NIFTY,25-Jun-2026,2026-06-25,28000.00,PE,0.00,0.00,0.00,6532.55,2639.45,0,0.00,0,0,06-JAN-2025
OPTIDX,NIFTY,25-Sep-2025,2025-09-25,28000.00,CE,0.00,0.00,0.00,1788.20,220.75,0,0.00,0,0,06-JAN-2025
OPTIDX,NIFTY,31-Dec-2026,2026-12-31,28000.00,CE,0.00,0.00,0.00,1871.10,1444.60,0,0.00,0,0,06-JAN-2025
OPTIDX,NIFTY,24-Jun-2027,2027-06-24,28000.00,PE,0.00,0.00,0.00,5959.35,2074.75,0,0.00,0,0,06-JAN-2025
OPTIDX,NIFTY,26-Jun-2025,2025-06-26,28000.00,CE,75.15,85.15,58.50,69.70,69.70,329,6926.56312,61475,50,06-JAN-2025
OPTIDX,NIFTY,16-Jan-2025,2025-01-16,26350.00,PE,0.00,0.00,0.00,1679.90,2685.25,0,0.00,0,0,06-JAN-2025
OPTIDX,NIFTY,27-Feb-2025,2025-02-27,26350.00,PE,0.00,0.00,0.00,2144.75,2494.85,0,0.00,0,0,06-JAN-2025
OPTIDX,NIFTY,27-Mar-2025,2025-03-27,24600.00,CE,390.00,410.15,364.90,372.80,372.80,54,1011.82548,3075,-150,06-JAN-2025
OPTIDX,NIFTY,06-Feb-2025,2025-02-06,24600.00,PE,0.00,0.00,0.00,613.25,943.60,0,0.00,0,0,06-JAN-2025
OPTIDX,NIFTY,23-Jan-2025,2025-01-23,24600.00,CE,95.15,104.45,47.05,49.45,49.45,1612,29825.6311,37275,2775,06-JAN-2025
OPTIDX,NIFTY,16-Jan-2025,2025-01-16,24600.00,CE,50.40,58.60,22.75,24.10,24.10,43366,801176.294,418275,66450,06-JAN-2025
OPTIDX,NIFTY,27-Feb-2025,2025-02-27,22900.00,CE,0.00,0.00,0.00,1677.65,1084.00,0,0.00,0,0,06-JAN-2025
OPTIDX,NIFTY,09-Jan-2025,2025-01-09,22900.00,PE,2.25,29.25,1.95,22.05,22.05,808730,13897495.3,2671050,-582525,06-JAN-2025
OPTIDX,NIFTY,16-Jan-2025,2025-01-16,22900.00,PE,8.15,71.90,8.10,60.35,60.35,26047,448104.796,176325,97425,06-JAN-2025
OPTIDX,NIFTY,27-Mar-2025,2025-03-27,22900.00,PE,159.90,273.65,159.90,252.00,252.00,192,3325.39372,41325,8325,06-JAN-2025
OPTIDX,NIFTY,30-Jan-2025,2025-01-30,22900.00,PE,41.50,131.00,41.50,116.30,116.30,46848,269264.872,633425,4425,06-JAN-2025
OPTIDX,NIFTY,16-Jan-2025,2025-01-16,22900.00,CE,0.00,0.00,0.00,1841.55,776.10,0,0.00,0,0,06-JAN-2025
OPTIDX,NIFTY,30-Jan-2025,2025-01-30,22900.00,CE,1265.00,1265.00,890.75,932.70,932.70,138,822.25375,5050,1050,06-JAN-2025
OPTIDX,NIFTY,06-Feb-2025,2025-02-06,22900.00,PE,0.00,0.00,0.00,61.00,90.60,0,0.00,0,0,06-JAN-2025
OPTIDX,NIFTY,06-Feb-2025,2025-02-06,22900.00,CE,0.00,0.00,0.00,1508.95,937.55,0,0.00,0,0,06-JAN-2025
OPTIDX,NIFTY,09-Jan-2025,2025-01-09,26300.00,PE,0.00,0.00,0.00,1498.30,2669.35,0,0.00,0,0,06-JAN-2025
OPTIDX,NIFTY,16-Jan-2025,2025-01-16,26300.00,CE,2.30,2.75,1.65,2.55,2.55,638,12585.6263,22050,7950,06-JAN-2025
OPTIDX,NIFTY,30-Jan-2025,2025-01-30,24700.00,CE,113.10,121.65,56.40,59.70,59.70,97860,606058.730,1008025,69750,06-JAN-2025
OPTIDX,NIFTY,06-Feb-2025,2025-02-06,24700.00,PE,0.00,0.00,0.00,673.25,1026.00,0,0.00,0,0,06-JAN-2025
OPTIDX,NIFTY,16-Jan-2025,2025-01-16,25450.00,CE,3.65,4.10,2.90,3.75,3.75,1837,35068.5027,30525,-5250,06-JAN-2025
OPTIDX,NIFTY,06-Feb-2025,2025-02-06,25450.00,CE,0.00,0.00,0.00,128.90,16.65,0,0.00,0,0,06-JAN-2025
OPTIDX,NIFTY,30-Jan-2025,2025-01-30,25450.00,CE,15.95,17.75,11.85,12.50,12.50,3161,20122.4195,28875,-5525,06-JAN-2025
OPTIDX,NIFTY,27-Feb-2025,2025-02-27,25000.00,CE,209.95,220.00,129.75,134.20,134.20,26486,499590.409,967650,39450,06-JAN-2025
OPTIDX,NIFTY,30-Jan-2025,2025-01-30,25800.00,CE,8.50,10.20,8.20,9.15,9.15,34267,221098.789,290450,32500,06-JAN-2025
OPTIDX,NIFTY,27-Dec-2029,2029-12-27,25000.00,PE,0.00,0.00,0.00,785.30,612.35,0,0.00,0,0,06-JAN-2025
OPTIDX,NIFTY,24-Jun-2027,2027-06-24,25000.00,PE,0.00,0.00,0.00,5619.05,936.55,0,0.00,0,0,06-JAN-2025
OPTIDX,NIFTY,09-Jan-2025,2025-01-09,25000.00,PE,984.95,1440.00,954.00,1379.50,1379.50,886,17398.7806,236400,-14325,06-JAN-2025
OPTIDX,NIFTY,27-Dec-2029,2029-12-27,25000.00,CE,0.00,0.00,0.00,7196.25,6359.85,0,0.00,0,0,06-JAN-2025
OPTIDX,NIFTY,27-Feb-2025,2025-02-27,25800.00,PE,0.00,0.00,0.00,1630.00,1972.30,0,0.00,375,0,06-JAN-2025
OPTIDX,NIFTY,09-Jan-2025,2025-01-09,25800.00,PE,0.00,0.00,0.00,1710.90,2169.65,0,0.00,6825,0,06-JAN-2025
OPTIDX,NIFTY,29-Jun-2028,2028-06-29,25000.00,PE,0.00,0.00,0.00,2016.80,791.15,0,0.00,0,0,06-JAN-2025
OPTIDX,NIFTY,06-Feb-2025,2025-02-06,25000.00,PE,0.00,0.00,0.00,871.20,1286.80,0,0.00,0,0,06-JAN-2025
OPTIDX,NIFTY,31-Dec-2026,2026-12-31,25000.00,PE,0.00,0.00,0.00,1240.30,1010.80,0,0.00,375,0,06-JAN-2025
OPTIDX,NIFTY,23-Jan-2025,2025-01-23,23050.00,CE,0.00,0.00,0.00,1180.15,704.30,0,0.00,0,0,06-JAN-2025
OPTIDX,NIFTY,30-Jan-2025,2025-01-30,23050.00,PE,60.90,163.00,56.30,144.70,144.70,9516,55086.8540,68650,5225,06-JAN-2025
OPTIDX,NIFTY,30-Jan-2025,2025-01-30,26350.00,PE,0.00,0.00,0.00,1738.15,2617.60,0,0.00,25,0,06-JAN-2025
OPTIDX,NIFTY,27-Mar-2025,2025-03-27,24650.00,PE,0.00,0.00,0.00,1025.20,1006.70,0,0.00,0,0,06-JAN-2025
OPTIDX,NIFTY,16-Jan-2025,2025-01-16,24650.00,PE,622.90,875.00,622.30,875.00,996.05,22,417.377662,975,975,06-JAN-2025
OPTIDX,NIFTY,30-Jan-2025,2025-01-30,24650.00,PE,640.10,1036.30,640.10,981.75,981.75,144,916.351012,39400,-575,06-JAN-2025
OPTIDX,NIFTY,16-Jan-2025,2025-01-16,24650.00,CE,43.35,48.75,19.60,20.65,20.65,11070,204883.100,107175,67800,06-JAN-2025
OPTIDX,NIFTY,06-Feb-2025,2025-02-06,24650.00,CE,0.00,0.00,0.00,353.00,91.45,0,0.00,0,0,06-JAN-2025
OPTIDX,NIFTY,09-Jan-2025,2025-01-09,24650.00,CE,8.45,11.50,4.15,4.45,4.45,495712,9166870.66,2392350,721425,06-JAN-2025
OPTIDX,NIFTY,27-Mar-2025,2025-03-27,23750.00,PE,453.35,510.00,453.00,510.00,510.00,30,544.957575,1650,1500,06-JAN-2025
OPTIDX,NIFTY,16-Jan-2025,2025-01-16,23750.00,CE,422.95,442.00,214.25,232.45,232.45,6542,117787.533,80475,68925,06-JAN-2025
OPTIDX,NIFTY,06-Feb-2025,2025-02-06,24950.00,CE,0.00,0.00,0.00,248.60,50.75,0,0.00,0,0,06-JAN-2025
OPTIDX,NIFTY,31-Dec-2026,2026-12-31,20000.00,CE,0.00,0.00,0.00,3704.30,6223.40,0,0.00,0,0,06-JAN-2025
OPTIDX,NIFTY,27-Mar-2025,2025-03-27,24950.00,CE,0.00,0.00,0.00,463.40,250.00,0,0.00,0,0,06-JAN-2025
OPTIDX,NIFTY,29-Jun-2028,2028-06-29,20000.00,CE,0.00,0.00,0.00,5724.65,7925.30,0,0.00,0,0,06-JAN-2025
OPTIDX,NIFTY,25-Jun-2026,2026-06-25,20000.00,CE,0.00,0.00,0.00,3829.50,5580.05,0,0.00,0,0,06-JAN-2025
OPTIDX,NIFTY,24-Jun-2027,2027-06-24,20000.00,PE,0.00,0.00,0.00,3034.20,113.10,0,0.00,0,0,06-JAN-2025
OPTIDX,NIFTY,23-Jan-2025,2025-01-23,24950.00,CE,37.90,40.50,20.00,20.70,20.70,152,2847.3684,5625,3600,06-JAN-2025
OPTIDX,NIFTY,27-Mar-2025,2025-03-27,25250.00,PE,0.00,0.00,0.00,1415.90,1446.15,0,0.00,0,0,06-JAN-2025
OPTIDX,NIFTY,09-Jan-2025,2025-01-09,24850.00,PE,815.75,1151.75,805.35,1123.70,1220.15,74,1431.31477,3150,600,06-JAN-2025
OPTIDX,NIFTY,30-Jan-2025,2025-01-30,24850.00,CE,75.10,85.55,40.00,42.20,42.20,18081,112566.416,117400,11000,06-JAN-2025
OPTIDX,NIFTY,27-Mar-2025,2025-03-27,24150.00,PE,0.00,0.00,0.00,483.90,700.60,0,0.00,1425,0,06-JAN-2025
OPTIDX,NIFTY,27-Mar-2025,2025-03-27,24150.00,CE,0.00,0.00,0.00,787.20,521.30,0,0.00,0,0,06-JAN-2025
OPTIDX,NIFTY,23-Jan-2025,2025-01-23,24150.00,PE,319.80,630.20,319.80,630.20,567.80,13,239.319487,1050,-225,06-JAN-2025
OPTIDX,NIFTY,30-Jan-2025,2025-01-30,24150.00,PE,355.45,660.40,344.95,615.30,615.30,4526,27880.0241,183700,-2475,06-JAN-2025
OPTIDX,NIFTY,30-Jan-2025,2025-01-30,24150.00,CE,325.05,344.10,179.60,192.40,192.40,20248,123443.930,250900,31150,06-JAN-2025
OPTIDX,NIFTY,09-Jan-2025,2025-01-09,23750.00,CE,329.00,351.90,120.10,133.95,133.95,692552,12420367.7,1319700,1125525,06-JAN-2025
OPTIDX,NIFTY,30-Jan-2025,2025-01-30,23750.00,CE,567.00,587.30,340.00,357.10,357.10,11450,69104.2255,170750,47775,06-JAN-2025
OPTIDX,NIFTY,06-Feb-2025,2025-02-06,23750.00,PE,0.00,0.00,0.00,233.20,375.40,0,0.00,0,0,06-JAN-2025
OPTIDX,NIFTY,23-Jan-2025,2025-01-23,23750.00,PE,170.85,374.05,164.05,363.60,363.60,285,5135.76896,5325,975,06-JAN-2025
OPTIDX,NIFTY,16-Jan-2025,2025-01-16,23950.00,CE,292.95,313.25,139.55,151.00,151.00,6865,124331.688,64200,45450,06-JAN-2025
OPTIDX,NIFTY,23-Jan-2025,2025-01-23,23950.00,PE,238.05,502.00,226.95,476.85,476.85,102,1856.89713,2475,225,06-JAN-2025
OPTIDX,NIFTY,09-Jan-2025,2025-01-09,23950.00,CE,184.25,212.20,62.25,68.85,68.85,857888,15485720.5,1716075,894150,06-JAN-2025
OPTIDX,NIFTY,27-Mar-2025,2025-03-27,23950.00,CE,751.00,751.00,665.00,665.00,613.15,3,55.4745,3450,0,06-JAN-2025
OPTIDX,NIFTY,06-Feb-2025,2025-02-06,23200.00,PE,0.00,0.00,0.00,102.85,160.20,0,0.00,0,0,06-JAN-2025
OPTIDX,NIFTY,16-Jan-2025,2025-01-16,25350.00,PE,0.00,0.00,0.00,872.00,1687.30,0,0.00,0,0,06-JAN-2025
OPTIDX,NIFTY,16-Jan-2025,2025-01-16,22200.00,PE,2.85,16.15,2.80,13.40,13.40,17496,291425.418,348600,50100,06-JAN-2025
OPTIDX,NIFTY,06-Feb-2025,2025-02-06,22750.00,PE,0.00,0.00,0.00,45.95,66.05,0,0.00,0,0,06-JAN-2025
OPTIDX,NIFTY,30-Jan-2025,2025-01-30,22200.00,CE,0.00,0.00,0.00,1956.10,1523.55,0,0.00,600,0,06-JAN-2025
OPTIDX,NIFTY,27-Feb-2025,2025-02-27,23950.00,PE,405.00,606.80,376.15,594.40,594.40,233,4269.31683,20925,6825,06-JAN-2025
OPTIDX,NIFTY,06-Feb-2025,2025-02-06,23950.00,PE,0.00,0.00,0.00,301.85,484.55,0,0.00,0,0,06-JAN-2025
OPTIDX,NIFTY,09-Jan-2025,2025-01-09,22700.00,CE,990.50,1017.90,889.80,925.25,925.25,124,2197.17037,3375,2100,06-JAN-2025
OPTIDX,NIFTY,06-Feb-2025,2025-02-06,22700.00,PE,0.00,0.00,0.00,41.70,59.15,0,0.00,0,0,06-JAN-2025
OPTIDX,NIFTY,30-Jan-2025,2025-01-30,22700.00,CE,1179.65,1193.05,1067.85,1102.35,1102.35,22,131.0979,3125,250,06-JAN-2025
OPTIDX,NIFTY,16-Jan-2025,2025-01-16,22700.00,CE,985.00,985.00,985.00,985.00,965.00,5,88.81875,375,375,06-JAN-2025
OPTIDX,NIFTY,16-Jan-2025,2025-01-16,22700.00,PE,7.10,46.40,6.25,38.15,38.15,18728,319234.404,247650,113175,06-JAN-2025
OPTIDX,NIFTY,23-Jan-2025,2025-01-23,22700.00,PE,16.00,66.70,16.00,62.75,62.75,250,4265.34438,9600,3825,06-JAN-2025
OPTIDX,NIFTY,09-Jan-2025,2025-01-09,22700.00,PE,1.40,15.35,1.15,11.40,11.40,584528,9954916.53,2519400,516525,06-JAN-2025
OPTIDX,NIFTY,30-Jan-2025,2025-01-30,22700.00,PE,30.80,96.15,30.65,84.10,84.10,37036,210779.149,455850,119925,06-JAN-2025
OPTIDX,NIFTY,06-Feb-2025,2025-02-06,22700.00,CE,0.00,0.00,0.00,1688.25,1104.95,0,0.00,0,0,06-JAN-2025
OPTIDX,NIFTY,23-Jan-2025,2025-01-23,25350.00,PE,0.00,0.00,0.00,1326.35,1657.10,0,0.00,0,0,06-JAN-2025
OPTIDX,NIFTY,27-Feb-2025,2025-02-27,25350.00,PE,0.00,0.00,0.00,1382.10,1564.40,0,0.00,0,0,06-JAN-2025
OPTIDX,NIFTY,30-Jan-2025,2025-01-30,25350.00,PE,1475.00,1475.00,1475.00,1475.00,1631.45,1,6.70625,8500,0,06-JAN-2025
OPTIDX,NIFTY,30-Jan-2025,2025-01-30,24750.00,CE,90.00,109.05,50.80,53.45,53.45,24055,149260.081,135950,-20275,06-JAN-2025
OPTIDX,NIFTY,23-Jan-2025,2025-01-23,24750.00,CE,64.30,69.65,32.00,33.90,33.90,109,2026.92881,3375,2325,06-JAN-2025
OPTIDX,NIFTY,27-Feb-2025,2025-02-27,24750.00,PE,0.00,0.00,0.00,762.90,1068.75,0,0.00,9225,0,06-JAN-2025
OPTIDX,NIFTY,09-Jan-2025,2025-01-09,24750.00,CE,5.35,6.85,2.95,3.30,3.30,473633,8793288.28,2214825,-137175,06-JAN-2025
OPTIDX,NIFTY,27-Mar-2025,2025-03-27,24750.00,CE,0.00,0.00,0.00,533.00,304.35,0,0.00,0,0,06-JAN-2025
OPTIDX,NIFTY,06-Feb-2025,2025-02-06,24750.00,PE,0.00,0.00,0.00,704.40,1068.10,0,0.00,0,0,06-JAN-2025
OPTIDX,NIFTY,27-Feb-2025,2025-02-27,24750.00,CE,275.90,275.90,184.15,187.65,187.65,466,8722.79767,15450,525,06-JAN-2025
OPTIDX,NIFTY,09-Jan-2025,2025-01-09,21850.00,CE,2209.25,2209.25,2092.80,2092.80,1778.15,2,36.0015375,0,0,06-JAN-2025
OPTIDX,NIFTY,09-Jan-2025,2025-01-09,21850.00,PE,0.70,2.90,0.65,1.95,1.95,708708,11614696.9,9645675,401550,06-JAN-2025
OPTIDX,NIFTY,27-Feb-2025,2025-02-27,21850.00,PE,37.00,77.10,27.10,72.25,72.25,891,14640.3544,45450,1875,06-JAN-2025
OPTIDX,NIFTY,16-Jan-2025,2025-01-16,21850.00,CE,2115.10,2210.80,2115.10,2210.80,1806.45,4,72.02805,75,75,06-JAN-2025
OPTIDX,NIFTY,30-Jan-2025,2025-01-30,21850.00,PE,6.45,22.55,6.10,20.10,20.10,36103,197341.125,290075,-80575,06-JAN-2025
OPTIDX,NIFTY,30-Jan-2025,2025-01-30,21850.00,CE,0.00,0.00,0.00,2743.00,1865.40,0,0.00,175,0,06-JAN-2025
OPTIDX,NIFTY,06-Feb-2025,2025-02-06,25050.00,CE,0.00,0.00,0.00,219.55,41.15,0,0.00,0,0,06-JAN-2025
OPTIDX,NIFTY,16-Jan-2025,2025-01-16,25300.00,CE,4.80,5.75,4.00,4.45,4.45,12373,234818.727,416250,31575,06-JAN-2025
FUTIDX,NIFTY,27-Feb-2025,2025-02-27,,,24276.00,24286.00,23801.00,23857.35,23857.35,9547,171757.352,1062075,-22575,06-JAN-2025
OPTIDX,NIFTY,23-Jan-2025,2025-01-23,25050.00,CE,24.40,27.55,15.05,15.75,15.75,218,4098.71077,16500,-10050,06-JAN-2025
OPTIDX,NIFTY,23-Jan-2025,2025-01-23,25050.00,PE,0.00,0.00,0.00,1083.65,1363.55,0,0.00,0,0,06-JAN-2025
OPTIDX,NIFTY,09-Jan-2025,2025-01-09,25050.00,CE,1.45,2.35,1.40,2.05,2.05,136673,2567931.41,1190700,228900,06-JAN-2025
OPTIDX,NIFTY,30-Jan-2025,2025-01-30,25050.00,CE,45.05,51.40,25.65,27.00,27.00,19385,121561.179,87275,6950,06-JAN-2025
OPTIDX,NIFTY,06-Feb-2025,2025-02-06,24600.00,CE,0.00,0.00,0.00,373.05,100.30,0,0.00,0,0,06-JAN-2025
OPTIDX,NIFTY,09-Jan-2025,2025-01-09,24600.00,CE,12.00,14.85,4.85,5.30,5.30,923563,17045078.0,5805300,2230575,06-JAN-2025
OPTIDX,NIFTY,27-Feb-2025,2025-02-27,24250.00,PE,519.00,785.45,519.00,745.00,745.00,85,1588.35536,5475,-975,06-JAN-2025
OPTIDX,NIFTY,23-Jan-2025,2025-01-23,24250.00,PE,0.00,0.00,0.00,391.75,644.40,0,0.00,2550,0,06-JAN-2025
OPTIDX,NIFTY,27-Mar-2025,2025-03-27,24250.00,PE,0.00,0.00,0.00,801.80,757.00,0,0.00,0,0,06-JAN-2025
OPTIDX,NIFTY,27-Mar-2025,2025-03-27,24250.00,CE,0.00,0.00,0.00,650.00,479.15,0,0.00,150,0,06-JAN-2025
OPTIDX,NIFTY,09-Jan-2025,2025-01-09,24250.00,CE,63.95,75.60,19.65,21.60,21.60,743823,13550153.5,3330525,814650,06-JAN-2025
OPTIDX,NIFTY,09-Jan-2025,2025-01-09,24250.00,PE,289.55,709.00,267.80,645.10,645.10,16749,309456.624,455175,-97500,06-JAN-2025
OPTIDX,NIFTY,16-Jan-2025,2025-01-16,24250.00,PE,343.05,687.00,323.80,653.60,653.60,671,12439.2715,15825,-3000,06-JAN-2025
OPTIDX,NIFTY,06-Feb-2025,2025-02-06,24250.00,CE,0.00,0.00,0.00,535.90,182.80,0,0.00,0,0,06-JAN-2025
OPTIDX,NIFTY,23-Jan-2025,2025-01-23,24250.00,CE,193.45,221.90,110.10,115.50,115.50,116,2122.29836,4350,3525,06-JAN-2025
OPTIDX,NIFTY,30-Jan-2025,2025-01-30,24250.00,PE,402.55,728.20,394.35,679.25,679.25,4912,30444.2431,101125,-10325,06-JAN-2025
OPTIDX,NIFTY,27-Feb-2025,2025-02-27,24250.00,CE,519.90,522.80,339.00,349.65,349.65,185,3418.05476,10050,1200,06-JAN-2025
OPTIDX,NIFTY,06-Feb-2025,2025-02-06,24250.00,PE,0.00,0.00,0.00,428.55,678.15,0,0.00,0,0,06-JAN-2025
OPTIDX,NIFTY,30-Jan-2025,2025-01-30,24250.00,CE,270.55,293.80,149.00,157.50,157.50,14854,90764.9534,154975,55000,06-JAN-2025
OPTIDX,NIFTY,27-Mar-2025,2025-03-27,25450.00,PE,0.00,0.00,0.00,1560.70,1607.20,0,0.00,0,0,06-JAN-2025
OPTIDX,NIFTY,16-Jan-2025,2025-01-16,22450.00,CE,0.00,0.00,0.00,2267.65,1209.35,0,0.00,0,0,06-JAN-2025
OPTIDX,NIFTY,27-Mar-2025,2025-03-27,22450.00,PE,137.90,141.80,137.30,141.30,117.65,31,525.226387,5700,2025,06-JAN-2025
OPTIDX,NIFTY,23-Jan-2025,2025-01-23,22450.00,CE,0.00,0.00,0.00,1698.45,1245.80,0,0.00,0,0,06-JAN-2025
OPTIDX,NIFTY,06-Feb-2025,2025-02-06,22450.00,PE,39.90,97.40,39.90,96.85,96.85,36,607.991137,2625,2325,06-JAN-2025
OPTIDX,NIFTY,06-Feb-2025,2025-02-06,25850.00,PE,0.00,0.00,0.00,1552.70,2092.20,0,0.00,0,0,06-JAN-2025
OPTIDX,NIFTY,23-Jan-2025,2025-01-23,25850.00,CE,4.75,5.35,4.30,4.35,4.35,36,698.069587,900,900,06-JAN-2025
OPTIDX,NIFTY,30-Jan-2025,2025-01-30,25850.00,PE,0.00,0.00,0.00,1306.15,2121.55,0,0.00,50,0,06-JAN-2025
OPTIDX,NIFTY,30-Jan-2025,2025-01-30,25700.00,PE,1570.45,1965.05,1570.45,1965.05,1965.05,7,48.1561625,29425,75,06-JAN-2025
OPTIDX,NIFTY,23-Jan-2025,2025-01-23,25700.00,PE,0.00,0.00,0.00,1630.30,2003.95,0,0.00,0,0,06-JAN-2025
OPTIDX,NIFTY,27-Mar-2025,2025-03-27,25650.00,CE,118.15,120.45,118.15,120.10,120.10,43,831.085725,3225,3225,06-JAN-2025
OPTIDX,NIFTY,23-Jan-2025,2025-01-23,25650.00,PE,0.00,0.00,0.00,1585.75,1954.25,0,0.00,0,0,06-JAN-2025
OPTIDX,NIFTY,27-Mar-2025,2025-03-27,25650.00,PE,0.00,0.00,0.00,1709.80,1774.30,0,0.00,0,0,06-JAN-2025
OPTIDX,NIFTY,16-Jan-2025,2025-01-16,25650.00,PE,0.00,0.00,0.00,1092.45,1986.60,0,0.00,0,0,06-JAN-2025
OPTIDX,NIFTY,27-Feb-2025,2025-02-27,25650.00,PE,0.00,0.00,0.00,1064.70,1833.80,0,0.00,75,0,06-JAN-2025
OPTIDX,NIFTY,09-Jan-2025,2025-01-09,25250.00,CE,1.30,1.80,1.00,1.65,1.65,100535,1903986.84,1237125,232650,06-JAN-2025
OPTIDX,NIFTY,23-Jan-2025,2025-01-23,24600.00,PE,0.00,0.00,0.00,759.80,941.00,0,0.00,0,0,06-JAN-2025
OPTIDX,NIFTY,16-Jan-2025,2025-01-16,24600.00,PE,599.95,998.50,578.00,971.40,971.40,140,2665.9248,7950,4575,06-JAN-2025
OPTIDX,NIFTY,30-Jan-2025,2025-01-30,24600.00,PE,611.20,1004.60,600.00,945.70,945.70,2226,14159.8705,151475,-2525,06-JAN-2025
OPTIDX,NIFTY,24-Dec-2025,2025-12-24,22000.00,PE,322.00,398.40,319.00,383.20,383.20,416,6979.34392,274325,10875,06-JAN-2025
OPTIDX,NIFTY,25-Sep-2025,2025-09-25,24000.00,CE,0.00,0.00,0.00,4236.35,1493.00,0,0.00,0,0,06-JAN-2025
OPTIDX,NIFTY,09-Jan-2025,2025-01-09,24000.00,CE,161.05,182.85,51.80,57.45,57.45,2780328,50258042.7,9007125,3815625,06-JAN-2025
OPTIDX,NIFTY,28-Jun-2029,2029-06-28,22000.00,PE,0.00,0.00,0.00,422.00,264.40,0,0.00,0,0,06-JAN-2025
OPTIDX,NIFTY,25-Sep-2025,2025-09-25,22000.00,CE,0.00,0.00,0.00,5865.75,2860.50,0,0.00,0,0,06-JAN-2025
OPTIDX,NIFTY,27-Feb-2025,2025-02-27,24000.00,PE,394.00,645.00,386.10,608.35,608.35,13664,251346.806,724200,-47700,06-JAN-2025
OPTIDX,NIFTY,30-Jan-2025,2025-01-30,22000.00,CE,2110.05,2139.65,1677.35,1731.25,1731.25,7186,42788.0925,1032775,44675,06-JAN-2025
OPTIDX,NIFTY,24-Jun-2027,2027-06-24,22000.00,CE,0.00,0.00,0.00,2783.50,5292.70,0,0.00,0,0,06-JAN-2025
OPTIDX,NIFTY,26-Jun-2025,2025-06-26,18000.00,CE,0.00,0.00,0.00,5326.25,6176.70,0,0.00,2325,0,06-JAN-2025
OPTIDX,NIFTY,09-Jan-2025,2025-01-09,22050.00,CE,0.00,0.00,0.00,2815.45,1578.30,0,0.00,0,0,06-JAN-2025
OPTIDX,NIFTY,27-Feb-2025,2025-02-27,22050.00,PE,0.00,0.00,0.00,103.10,33.50,0,0.00,0,0,06-JAN-2025
OPTIDX,NIFTY,16-Jan-2025,2025-01-16,22050.00,PE,2.70,11.95,2.50,10.00,10.00,3258,53899.4719,24300,7575,06-JAN-2025
OPTIDX,NIFTY,30-Jan-2025,2025-01-30,22050.00,CE,1815.00,1815.00,1815.00,1815.00,1669.20,4,23.865,175,-100,06-JAN-2025
OPTIDX,NIFTY,16-Jan-2025,2025-01-16,22000.00,PE,2.80,10.50,2.10,8.75,8.75,35012,577870.701,632025,343650,06-JAN-2025
OPTIDX,NIFTY,24-Jun-2027,2027-06-24,24000.00,PE,0.00,0.00,0.00,5056.20,673.50,0,0.00,0,0,06-JAN-2025
OPTIDX,NIFTY,26-Jun-2025,2025-06-26,22000.00,PE,149.90,220.00,149.90,214.15,214.15,1343,22356.3884,345525,37225,06-JAN-2025
OPTIDX,NIFTY,24-Dec-2025,2025-12-24,22000.00,CE,0.00,0.00,0.00,3330.00,3244.85,0,0.00,15125,0,06-JAN-2025
OPTIDX,NIFTY,28-Dec-2028,2028-12-28,24000.00,CE,0.00,0.00,0.00,5850.30,5812.25,0,0.00,0,0,06-JAN-2025
OPTIDX,NIFTY,26-Jun-2025,2025-06-26,22000.00,CE,2534.40,2536.50,2534.40,2536.50,2447.30,2,36.803175,975,0,06-JAN-2025
OPTIDX,NIFTY,16-Jan-2025,2025-01-16,24000.00,PE,204.45,527.05,194.50,474.05,474.05,40755,743385.000,483300,-43575,06-JAN-2025
OPTIDX,NIFTY,31-Dec-2026,2026-12-31,22000.00,PE,0.00,0.00,0.00,520.00,304.05,0,0.00,500,0,06-JAN-2025
OPTIDX,NIFTY,16-Jan-2025,2025-01-16,24000.00,CE,261.95,285.00,123.65,133.20,133.20,67558,1225026.79,795675,316800,06-JAN-2025
OPTIDX,NIFTY,27-Mar-2025,2025-03-27,23450.00,PE,0.00,0.00,0.00,265.00,377.05,0,0.00,6000,0,06-JAN-2025
OPTIDX,NIFTY,27-Feb-2025,2025-02-27,25750.00,PE,0.00,0.00,0.00,1131.85,1925.90,0,0.00,75,0,06-JAN-2025
OPTIDX,NIFTY,30-Jan-2025,2025-01-30,25750.00,PE,0.00,0.00,0.00,1830.00,2022.75,0,0.00,725,0,06-JAN-2025
OPTIDX,NIFTY,23-Jan-2025,2025-01-23,24100.00,CE,284.90,303.60,150.00,159.65,159.65,1204,21951.3553,79200,16275,06-JAN-2025
OPTIDX,NIFTY,30-Jan-2025,2025-01-30,24100.00,PE,340.00,632.35,320.20,583.50,583.50,63246,388252.229,542575,11625,06-JAN-2025
OPTIDX,NIFTY,09-Jan-2025,2025-01-09,24100.00,CE,124.00,132.70,35.55,39.45,39.45,1759332,31900653.4,7442475,1988400,06-JAN-2025
OPTIDX,NIFTY,16-Jan-2025,2025-01-16,22200.00,CE,0.00,0.00,0.00,2510.20,1457.45,0,0.00,0,0,06-JAN-2025
OPTIDX,NIFTY,27-Mar-2025,2025-03-27,22200.00,PE,87.00,145.00,87.00,139.70,139.70,1600,26790.0697,74175,12000,06-JAN-2025
OPTIDX,NIFTY,16-Jan-2025,2025-01-16,23350.00,CE,534.00,540.00,435.35,454.75,454.75,188,3357.86355,5325,5025,06-JAN-2025
OPTIDX,NIFTY,30-Jan-2025,2025-01-30,23350.00,PE,96.60,255.00,96.60,228.05,228.05,9670,56873.2076,146050,49275,06-JAN-2025
OPTIDX,NIFTY,16-Jan-2025,2025-01-16,23350.00,PE,39.80,182.05,36.30,156.50,156.50,9150,160985.469,53025,10500,06-JAN-2025
OPTIDX,NIFTY,30-Jan-2025,2025-01-30,23350.00,CE,651.85,681.20,570.00,602.05,602.05,580,3474.40031,19725,5850,06-JAN-2025
OPTIDX,NIFTY,27-Mar-2025,2025-03-27,23350.00,PE,0.00,0.00,0.00,227.25,340.95,0,0.00,300,0,06-JAN-2025
OPTIDX,NIFTY,06-Feb-2025,2025-02-06,22850.00,PE,0.00,0.00,0.00,55.60,81.75,0,0.00,0,0,06-JAN-2025
OPTIDX,NIFTY,27-Mar-2025,2025-03-27,22850.00,PE,0.00,0.00,0.00,269.10,195.90,0,0.00,0,0,06-JAN-2025
OPTIDX,NIFTY,27-Feb-2025,2025-02-27,26300.00,PE,0.00,0.00,0.00,2103.60,2446.60,0,0.00,0,0,06-JAN-2025
OPTIDX,NIFTY,23-Jan-2025,2025-01-23,24700.00,CE,80.00,81.85,37.35,38.95,38.95,4142,76869.8859,91125,49575,06-JAN-2025
OPTIDX,NIFTY,30-Jan-2025,2025-01-30,23200.00,PE,76.30,206.20,74.40,184.45,184.45,82378,480795.116,871275,-180750,06-JAN-2025
OPTIDX,NIFTY,27-Feb-2025,2025-02-27,23200.00,CE,991.00,1025.00,942.00,942.00,865.65,30,544.040325,3600,2025,06-JAN-2025
OPTIDX,NIFTY,30-Jan-2025,2025-01-30,25350.00,CE,19.95,22.45,13.55,14.30,14.30,10752,68186.6726,66275,-17775,06-JAN-2025
OPTIDX,NIFTY,06-Feb-2025,2025-02-06,25350.00,CE,0.00,0.00,0.00,148.15,21.10,0,0.00,0,0,06-JAN-2025
OPTIDX,NIFTY,09-Jan-2025,2025-01-09,25350.00,CE,1.05,1.85,0.90,1.55,1.55,58740,1116852.97,976125,381000,06-JAN-2025
OPTIDX,NIFTY,27-Mar-2025,2025-03-27,25350.00,PE,0.00,0.00,0.00,1487.00,1525.85,0,0.00,0,0,06-JAN-2025
OPTIDX,NIFTY,09-Jan-2025,2025-01-09,24450.00,CE,24.40,30.80,8.85,9.45,9.45,607184,11141471.7,2845650,866475,06-JAN-2025
OPTIDX,NIFTY,30-Jan-2025,2025-01-30,24450.00,CE,186.95,206.65,99.60,104.90,104.90,9935,61040.6379,153125,29675,06-JAN-2025
OPTIDX,NIFTY,23-Jan-2025,2025-01-23,22750.00,PE,0.00,0.00,0.00,70.75,26.85,0,0.00,0,0,06-JAN-2025
OPTIDX,NIFTY,23-Jan-2025,2025-01-23,22200.00,CE,0.00,0.00,0.00,1930.40,1489.05,0,0.00,0,0,06-JAN-2025
OPTIDX,NIFTY,30-Jan-2025,2025-01-30,22200.00,PE,12.55,42.30,12.55,36.60,36.60,30724,170715.702,319050,63325,06-JAN-2025
OPTIDX,NIFTY,09-Jan-2025,2025-01-09,22200.00,PE,0.90,4.80,0.70,3.85,3.85,184573,3073536.32,1758450,898575,06-JAN-2025
FUTIDX,NIFTY,27-Mar-2025,2025-03-27,,,24389.95,24440.00,23957.65,24014.60,24014.60,3759,68023.9549,217050,30300,06-JAN-2025
FUTIDX,NIFTY,30-Jan-2025,2025-01-30,,,24145.10,24150.00,23660.00,23721.05,23721.05,381394,2275385.36,12439200,-169425,06-JAN-2025
OPTIDX,NIFTY,27-Feb-2025,2025-02-27,26150.00,CE,0.00,0.00,0.00,34.50,19.00,0,0.00,2850,0,06-JAN-2025
OPTIDX,NIFTY,27-Mar-2025,2025-03-27,22700.00,PE,139.00,229.70,136.00,222.70,222.70,248,4255.3575,44925,8175,06-JAN-2025
OPTIDX,NIFTY,23-Jan-2025,2025-01-23,22700.00,CE,0.00,0.00,0.00,1474.70,1010.05,0,0.00,0,0,06-JAN-2025
OPTIDX,NIFTY,27-Feb-2025,2025-02-27,22700.00,PE,101.10,189.05,94.80,175.60,175.60,2501,42873.0432,207000,15900,06-JAN-2025
OPTIDX,NIFTY,27-Feb-2025,2025-02-27,23350.00,CE,828.85,834.75,828.85,833.80,833.80,6,108.82695,375,375,06-JAN-2025
OPTIDX,NIFTY,23-Jan-2025,2025-01-23,23350.00,CE,608.55,608.55,608.55,608.55,478.80,2,35.937825,150,150,06-JAN-2025
OPTIDX,NIFTY,09-Jan-2025,2025-01-09,23350.00,PE,9.00,117.45,8.20,92.70,92.70,832232,14608839.1,960075,-330225,06-JAN-2025
OPTIDX,NIFTY,27-Feb-2025,2025-02-27,23350.00,PE,0.00,0.00,0.00,373.10,276.55,0,0.00,0,0,06-JAN-2025
OPTIDX,NIFTY,06-Feb-2025,2025-02-06,23350.00,PE,0.00,0.00,0.00,130.85,206.90,0,0.00,0,0,06-JAN-2025
OPTIDX,NIFTY,23-Jan-2025,2025-01-23,23350.00,PE,0.00,0.00,0.00,186.20,139.45,0,0.00,0,0,06-JAN-2025
OPTIDX,NIFTY,06-Feb-2025,2025-02-06,23350.00,CE,0.00,0.00,0.00,1131.90,606.40,0,0.00,0,0,06-JAN-2025
OPTIDX,NIFTY,30-Dec-2027,2027-12-30,26000.00,CE,0.00,0.00,0.00,3162.40,3494.40,0,0.00,0,0,06-JAN-2025
OPTIDX,NIFTY,24-Dec-2025,2025-12-24,26000.00,CE,1085.85,1098.75,926.15,955.95,955.95,373,7549.01441,123625,5450,06-JAN-2025
OPTIDX,NIFTY,29-Jun-2028,2028-06-29,26000.00,PE,0.00,0.00,0.00,2370.30,1037.80,0,0.00,0,0,06-JAN-2025
OPTIDX,NIFTY,27-Dec-2029,2029-12-27,26000.00,PE,0.00,0.00,0.00,969.60,786.55,0,0.00,0,0,06-JAN-2025
OPTIDX,NIFTY,09-Jan-2025,2025-01-09,26000.00,CE,0.75,1.70,0.65,1.25,1.25,413989,8073109.89,7024950,-733725,06-JAN-2025
OPTIDX,NIFTY,30-Jan-2025,2025-01-30,24200.00,PE,388.95,700.10,351.50,654.00,654.00,59197,365996.727,1696600,-86325,06-JAN-2025
OPTIDX,NIFTY,23-Jan-2025,2025-01-23,24200.00,CE,231.50,253.95,120.00,125.60,125.60,2554,46669.5617,54300,27525,06-JAN-2025
OPTIDX,NIFTY,16-Jan-2025,2025-01-16,24200.00,CE,170.00,184.45,73.80,79.20,79.20,45740,833815.020,629625,274350,06-JAN-2025
OPTIDX,NIFTY,16-Jan-2025,2025-01-16,23300.00,CE,797.85,800.25,465.00,499.65,499.65,586,10481.0024,21375,13125,06-JAN-2025
OPTIDX,NIFTY,27-Mar-2025,2025-03-27,30000.00,PE,5519.40,5880.00,5519.40,5831.00,5831.00,8,214.733137,33000,300,06-JAN-2025
OPTIDX,NIFTY,06-Feb-2025,2025-02-06,23300.00,PE,0.00,0.00,0.00,120.95,190.35,0,0.00,0,0,06-JAN-2025
OPTIDX,NIFTY,24-Dec-2025,2025-12-24,30000.00,CE,146.00,146.05,130.95,143.85,143.85,132,2983.90736,36225,-1050,06-JAN-2025
OPTIDX,NIFTY,30-Jan-2025,2025-01-30,23300.00,CE,910.00,936.25,599.60,635.00,635.00,2772,16605.5284,116750,4150,06-JAN-2025
OPTIDX,NIFTY,06-Feb-2025,2025-02-06,23300.00,CE,0.00,0.00,0.00,1171.65,639.60,0,0.00,0,0,06-JAN-2025
OPTIDX,NIFTY,30-Jan-2025,2025-01-30,23300.00,PE,92.05,237.30,82.00,215.70,215.70,58240,341795.198,950725,-130250,06-JAN-2025
OPTIDX,NIFTY,30-Jan-2025,2025-01-30,22850.00,CE,1237.50,1237.50,936.60,977.90,977.90,44,262.0579,950,650,06-JAN-2025
OPTIDX,NIFTY,30-Jan-2025,2025-01-30,21800.00,CE,1920.10,1920.10,1920.10,1920.10,1914.75,1,5.930025,625,0,06-JAN-2025
OPTIDX,NIFTY,25-Jun-2026,2026-06-25,12000.00,CE,0.00,0.00,0.00,8690.00,12746.45,0,0.00,50,0,06-JAN-2025
OPTIDX,NIFTY,25-Jun-2026,2026-06-25,12000.00,PE,0.00,0.00,0.00,20.05,0.05,0,0.00,400,0,06-JAN-2025
OPTIDX,NIFTY,31-Dec-2026,2026-12-31,12000.00,PE,0.00,0.00,0.00,20.05,0.05,0,0.00,800,0,06-JAN-2025
OPTIDX,NIFTY,31-Dec-2026,2026-12-31,28000.00,PE,0.00,0.00,0.00,6224.80,2319.75,0,0.00,0,0,06-JAN-2025
OPTIDX,NIFTY,28-Jun-2029,2029-06-28,28000.00,CE,0.00,0.00,0.00,6112.60,4271.10,0,0.00,0,0,06-JAN-2025
OPTIDX,NIFTY,28-Dec-2028,2028-12-28,28000.00,PE,0.00,0.00,0.00,1697.60,1497.80,0,0.00,0,0,06-JAN-2025
OPTIDX,NIFTY,30-Dec-2027,2027-12-30,28000.00,CE,0.00,0.00,0.00,2639.20,2568.65,0,0.00,0,0,06-JAN-2025
OPTIDX,NIFTY,27-Mar-2025,2025-03-27,28000.00,PE,3515.00,3950.00,3515.00,3910.20,3910.20,133,3169.95465,259300,2925,06-JAN-2025
OPTIDX,NIFTY,27-Dec-2029,2029-12-27,28000.00,CE,0.00,0.00,0.00,5741.50,4827.35,0,0.00,0,0,06-JAN-2025
OPTIDX,NIFTY,28-Jun-2029,2029-06-28,28000.00,PE,0.00,0.00,0.00,1488.10,1352.80,0,0.00,0,0,06-JAN-2025
OPTIDX,NIFTY,28-Dec-2028,2028-12-28,28000.00,CE,0.00,0.00,0.00,4027.15,3707.60,0,0.00,0,0,06-JAN-2025
OPTIDX,NIFTY,30-Dec-2027,2027-12-30,28000.00,PE,0.00,0.00,0.00,4251.00,1849.45,0,0.00,0,0,06-JAN-2025
OPTIDX,NIFTY,30-Jan-2025,2025-01-30,24900.00,PE,858.25,1255.00,840.65,1223.05,1223.05,403,2616.34775,70675,-1825,06-JAN-2025
OPTIDX,NIFTY,06-Feb-2025,2025-02-06,24900.00,PE,0.00,0.00,0.00,802.30,1197.85,0,0.00,0,0,06-JAN-2025
OPTIDX,NIFTY,23-Jan-2025,2025-01-23,24900.00,PE,0.00,0.00,0.00,969.65,1219.40,0,0.00,0,0,06-JAN-2025
OPTIDX,NIFTY,30-Jan-2025,2025-01-30,24900.00,CE,67.45,76.80,36.00,37.70,37.70,71703,447189.791,954675,-15900,06-JAN-2025
OPTIDX,NIFTY,16-Jan-2025,2025-01-16,24350.00,CE,113.95,125.65,48.00,50.15,50.15,14717,269524.504,114675,62925,06-JAN-2025
OPTIDX,NIFTY,06-Feb-2025,2025-02-06,24350.00,CE,337.75,349.40,223.00,223.05,223.05,16,295.5072,1350,525,06-JAN-2025
OPTIDX,NIFTY,30-Jan-2025,2025-01-30,24350.00,CE,222.50,248.00,122.35,130.15,130.15,10630,65131.0714,110175,37050,06-JAN-2025
OPTIDX,NIFTY,30-Jan-2025,2025-01-30,24350.00,PE,460.00,798.90,450.75,753.70,753.70,1107,6902.48237,79275,1025,06-JAN-2025
OPTIDX,NIFTY,09-Jan-2025,2025-01-09,24350.00,CE,41.00,49.00,13.25,14.40,14.40,664609,12149989.3,2641950,992925,06-JAN-2025
OPTIDX,NIFTY,23-Jan-2025,2025-01-23,24350.00,CE,177.85,179.00,87.05,91.35,91.35,81,1486.5717,2850,2475,06-JAN-2025
OPTIDX,NIFTY,27-Feb-2025,2025-02-27,23100.00,CE,1005.00,1019.50,996.00,1019.50,1019.50,60,1084.81755,4350,4350,06-JAN-2025
OPTIDX,NIFTY,27-Mar-2025,2025-03-27,23100.00,CE,0.00,0.00,0.00,1217.55,1116.55,0,0.00,5550,0,06-JAN-2025
OPTIDX,NIFTY,16-Jan-2025,2025-01-16,23100.00,PE,20.35,110.00,17.55,93.30,93.30,24002,417028.486,246750,143250,06-JAN-2025
OPTIDX,NIFTY,30-Jan-2025,2025-01-30,21900.00,PE,8.30,24.75,7.15,21.45,21.45,43693,239386.005,399450,32750,06-JAN-2025
OPTIDX,NIFTY,16-Jan-2025,2025-01-16,21900.00,CE,0.00,0.00,0.00,2804.35,1756.55,0,0.00,0,0,06-JAN-2025
OPTIDX,NIFTY,16-Jan-2025,2025-01-16,21900.00,PE,2.00,8.75,1.65,7.50,7.50,13913,228585.377,209400,109575,06-JAN-2025
OPTIDX,NIFTY,30-Jan-2025,2025-01-30,23450.00,CE,765.00,785.35,507.00,533.75,533.75,558,3352.72541,18100,4675,06-JAN-2025
OPTIDX,NIFTY,09-Jan-2025,2025-01-09,23450.00,CE,575.45,611.50,263.65,292.35,292.35,21115,376323.540,71625,60750,06-JAN-2025
OPTIDX,NIFTY,06-Feb-2025,2025-02-06,25750.00,CE,23.00,23.00,14.55,16.95,16.95,29,560.434237,375,375,06-JAN-2025
OPTIDX,NIFTY,30-Jan-2025,2025-01-30,25750.00,CE,7.05,10.80,7.05,9.30,9.30,1660,10690.0652,18625,-9000,06-JAN-2025
OPTIDX,NIFTY,09-Jan-2025,2025-01-09,24100.00,PE,184.80,577.00,150.00,519.20,519.20,389136,7112668.25,1291425,-1062975,06-JAN-2025
OPTIDX,NIFTY,27-Feb-2025,2025-02-27,24100.00,PE,433.95,699.55,424.55,658.00,658.00,868,16053.5424,34050,-12600,06-JAN-2025
OPTIDX,NIFTY,24-Dec-2025,2025-12-24,31000.00,CE,90.50,99.95,87.10,93.35,93.35,23,536.334225,12000,525,06-JAN-2025
OPTIDX,NIFTY,27-Mar-2025,2025-03-27,31000.00,PE,6584.25,6899.95,6570.30,6780.30,6780.30,920,26065.9916,44200,-16550,06-JAN-2025
OPTIDX,NIFTY,27-Mar-2025,2025-03-27,31000.00,CE,9.85,11.70,9.00,10.65,10.65,2468,57400.2906,477375,67850,06-JAN-2025
OPTIDX,NIFTY,30-Jan-2025,2025-01-30,21750.00,CE,0.00,0.00,0.00,2844.65,1964.15,0,0.00,200,0,06-JAN-2025
OPTIDX,NIFTY,09-Jan-2025,2025-01-09,23150.00,PE,3.90,64.80,3.05,49.10,49.10,588371,10228830.0,1169325,259275,06-JAN-2025
OPTIDX,NIFTY,09-Jan-2025,2025-01-09,25950.00,CE,0.90,1.65,0.75,1.35,1.35,40013,778787.024,871800,193725,06-JAN-2025
OPTIDX,NIFTY,27-Mar-2025,2025-03-27,25950.00,CE,85.05,85.05,85.00,85.00,85.00,8,156.21015,600,600,06-JAN-2025
OPTIDX,NIFTY,27-Feb-2025,2025-02-27,25950.00,CE,43.65,43.65,31.50,32.70,32.70,147,2864.71953,2025,-900,06-JAN-2025
OPTIDX,NIFTY,26-Jun-2025,2025-06-26,20000.00,PE,48.90,69.80,44.00,64.70,64.70,956,14381.8846,541475,1325,06-JAN-2025
OPTIDX,NIFTY,30-Jan-2025,2025-01-30,24950.00,CE,60.45,67.20,32.30,33.95,33.95,20430,127650.741,91350,-750,06-JAN-2025
OPTIDX,NIFTY,23-Jan-2025,2025-01-23,24950.00,PE,0.00,0.00,0.00,1008.10,1267.20,0,0.00,0,0,06-JAN-2025
OPTIDX,NIFTY,31-Dec-2026,2026-12-31,14000.00,PE,0.00,0.00,0.00,20.25,0.30,0,0.00,1175,0,06-JAN-2025
OPTIDX,NIFTY,06-Feb-2025,2025-02-06,23150.00,PE,0.00,0.00,0.00,94.65,146.50,0,0.00,0,0,06-JAN-2025
OPTIDX,NIFTY,16-Jan-2025,2025-01-16,23150.00,PE,23.60,122.00,20.10,104.95,104.95,9291,161861.054,60750,-5700,06-JAN-2025
OPTIDX,NIFTY,16-Jan-2025,2025-01-16,25950.00,PE,0.00,0.00,0.00,1333.35,2286.00,0,0.00,0,0,06-JAN-2025
OPTIDX,NIFTY,16-Jan-2025,2025-01-16,24200.00,PE,311.05,672.10,293.55,614.85,614.85,6785,125365.769,83925,-40875,06-JAN-2025
OPTIDX,NIFTY,16-Jan-2025,2025-01-16,22850.00,CE,0.00,0.00,0.00,1887.95,822.50,0,0.00,0,0,06-JAN-2025
OPTIDX,NIFTY,16-Jan-2025,2025-01-16,24950.00,CE,13.90,16.20,8.00,8.50,8.50,5673,106199.652,70425,21600,06-JAN-2025
OPTIDX,NIFTY,29-Jun-2028,2028-06-29,20000.00,PE,0.00,0.00,0.00,400.00,122.85,0,0.00,0,0,06-JAN-2025
OPTIDX,NIFTY,27-Dec-2029,2029-12-27,20000.00,CE,0.00,0.00,0.00,10081.10,9438.35,0,0.00,0,0,06-JAN-2025
OPTIDX,NIFTY,09-Jan-2025,2025-01-09,24950.00,PE,1162.65,1221.15,1162.65,1221.15,1320.10,2,39.21285,1425,-75,06-JAN-2025
OPTIDX,NIFTY,26-Jun-2025,2025-06-26,15000.00,PE,0.00,0.00,0.00,1.45,0.05,0,0.00,1925,0,06-JAN-2025
OPTIDX,NIFTY,30-Dec-2027,2027-12-30,15000.00,PE,0.00,0.00,0.00,43.05,3.40,0,0.00,475,0,06-JAN-2025
OPTIDX,NIFTY,27-Feb-2025,2025-02-27,26100.00,PE,0.00,0.00,0.00,1941.75,2255.00,0,0.00,0,0,06-JAN-2025
OPTIDX,NIFTY,27-Feb-2025,2025-02-27,25050.00,PE,0.00,0.00,0.00,1022.60,1308.10,0,0.00,75,0,06-JAN-2025
OPTIDX,NIFTY,16-Jan-2025,2025-01-16,26500.00,CE,1.55,2.75,1.55,2.60,2.60,39224,779643.600,1326375,940125,06-JAN-2025
OPTIDX,NIFTY,16-Jan-2025,2025-01-16,26500.00,PE,2670.00,2840.00,2670.00,2840.00,2835.00,4,87.8325,2100,0,06-JAN-2025
OPTIDX,NIFTY,27-Feb-2025,2025-02-27,22700.00,CE,1413.00,1413.00,1413.00,1413.00,1242.30,1,18.08475,300,0,06-JAN-2025
OPTIDX,NIFTY,27-Mar-2025,2025-03-27,23050.00,CE,0.00,0.00,0.00,1437.85,1151.65,0,0.00,0,0,06-JAN-2025
OPTIDX,NIFTY,06-Feb-2025,2025-02-06,23050.00,CE,0.00,0.00,0.00,1378.80,819.50,0,0.00,0,0,06-JAN-2025
OPTIDX,NIFTY,09-Jan-2025,2025-01-09,26350.00,CE,0.60,1.50,0.60,1.25,1.25,36383,719046.165,938775,-128325,06-JAN-2025
OPTIDX,NIFTY,23-Jan-2025,2025-01-23,24450.00,CE,123.35,140.50,70.05,73.55,51.95,71,1306.9821,3000,300,06-JAN-2025
OPTIDX,NIFTY,09-Jan-2025,2025-01-09,24450.00,PE,453.20,896.25,427.00,821.60,821.60,8512,160358.282,198150,-25575,06-JAN-2025
OPTIDX,NIFTY,27-Feb-2025,2025-02-27,25600.00,PE,1495.55,1495.55,1495.55,1495.55,1788.15,1,20.3216625,2850,0,06-JAN-2025
OPTIDX,NIFTY,09-Jan-2025,2025-01-09,25600.00,PE,1700.00,1871.00,1595.60,1861.15,1969.75,5,102.523125,3675,-75,06-JAN-2025
OPTIDX,NIFTY,09-Jan-2025,2025-01-09,25600.00,CE,0.80,1.70,0.75,1.40,1.40,84677,1625870.73,1091700,-220350,06-JAN-2025
OPTIDX,NIFTY,30-Jan-2025,2025-01-30,25600.00,CE,12.35,13.00,9.90,10.85,10.85,60430,386916.689,626300,349200,06-JAN-2025
OPTIDX,NIFTY,23-Jan-2025,2025-01-23,25600.00,PE,0.00,0.00,0.00,1541.55,1904.60,0,0.00,0,0,06-JAN-2025
OPTIDX,NIFTY,27-Feb-2025,2025-02-27,25600.00,CE,82.05,85.40,49.00,54.20,54.20,817,15723.5184,24975,-5700,06-JAN-2025
OPTIDX,NIFTY,30-Jan-2025,2025-01-30,25600.00,PE,1870.30,1870.30,1870.30,1870.30,1875.20,2,13.73515,34075,25,06-JAN-2025
OPTIDX,NIFTY,06-Feb-2025,2025-02-06,25600.00,PE,0.00,0.00,0.00,1337.20,1849.15,0,0.00,0,0,06-JAN-2025
OPTIDX,NIFTY,16-Jan-2025,2025-01-16,25600.00,PE,0.00,0.00,0.00,1054.20,1936.70,0,0.00,0,0,06-JAN-2025
OPTIDX,NIFTY,23-Jan-2025,2025-01-23,25600.00,CE,6.20,7.05,5.65,6.60,6.60,110,2112.52271,8325,4050,06-JAN-2025
OPTIDX,NIFTY,16-Jan-2025,2025-01-16,25600.00,CE,2.95,3.45,2.50,3.25,3.25,2163,41534.5086,51375,19725,06-JAN-2025
OPTIDX,NIFTY,27-Mar-2025,2025-03-27,25600.00,PE,0.00,0.00,0.00,1672.75,1732.00,0,0.00,0,0,06-JAN-2025
OPTIDX,NIFTY,27-Mar-2025,2025-03-27,25600.00,CE,125.75,128.20,125.75,127.25,127.25,40,771.81765,3000,3000,06-JAN-2025
OPTIDX,NIFTY,06-Feb-2025,2025-02-06,25600.00,CE,0.00,0.00,0.00,103.90,11.50,0,0.00,0,0,06-JAN-2025
OPTIDX,NIFTY,16-Jan-2025,2025-01-16,26050.00,CE,2.20,4.35,1.95,2.70,2.70,294,5744.5695,7350,4875,06-JAN-2025
OPTIDX,NIFTY,29-Jun-2028,2028-06-29,21000.00,CE,0.00,0.00,0.00,5226.55,7205.55,0,0.00,0,0,06-JAN-2025
OPTIDX,NIFTY,27-Feb-2025,2025-02-27,26050.00,CE,32.00,33.55,26.80,28.15,28.15,178,3481.59978,4200,375,06-JAN-2025
OPTIDX,NIFTY,27-Mar-2025,2025-03-27,25050.00,CE,0.00,0.00,0.00,220.00,225.80,0,0.00,75,0,06-JAN-2025
OPTIDX,NIFTY,06-Feb-2025,2025-02-06,25100.00,CE,102.90,102.90,102.90,102.90,37.00,2,37.80435,150,150,06-JAN-2025
OPTIDX,NIFTY,09-Jan-2025,2025-01-09,21900.00,CE,0.00,0.00,0.00,2170.00,1728.20,0,0.00,0,0,06-JAN-2025
OPTIDX,NIFTY,25-Sep-2025,2025-09-25,21000.00,PE,0.00,0.00,0.00,51.55,86.85,0,0.00,0,0,06-JAN-2025
OPTIDX,NIFTY,09-Jan-2025,2025-01-09,26050.00,PE,0.00,0.00,0.00,2095.00,2419.50,0,0.00,375,0,06-JAN-2025
OPTIDX,NIFTY,26-Jun-2025,2025-06-26,21000.00,CE,0.00,0.00,0.00,3199.45,3318.80,0,0.00,0,0,06-JAN-2025
OPTIDX,NIFTY,16-Jan-2025,2025-01-16,26050.00,PE,0.00,0.00,0.00,1417.60,2385.80,0,0.00,0,0,06-JAN-2025
OPTIDX,NIFTY,24-Jun-2027,2027-06-24,21000.00,CE,0.00,0.00,0.00,3061.80,6024.65,0,0.00,0,0,06-JAN-2025
OPTIDX,NIFTY,30-Jan-2025,2025-01-30,26050.00,CE,7.00,8.45,4.90,8.15,8.15,2104,13706.4005,15875,-6925,06-JAN-2025
OPTIDX,NIFTY,16-Jan-2025,2025-01-16,26450.00,PE,0.00,0.00,0.00,1770.10,2785.10,0,0.00,0,0,06-JAN-2025
OPTIDX,NIFTY,16-Jan-2025,2025-01-16,26450.00,CE,2.15,3.60,1.65,2.50,2.50,280,5554.98566,8250,1650,06-JAN-2025
OPTIDX,NIFTY,09-Jan-2025,2025-01-09,26450.00,PE,0.00,0.00,0.00,1629.35,2819.30,0,0.00,0,0,06-JAN-2025
OPTIDX,NIFTY,30-Jan-2025,2025-01-30,26450.00,PE,0.00,0.00,0.00,2461.25,2717.05,0,0.00,50,0,06-JAN-2025
OPTIDX,NIFTY,30-Jan-2025,2025-01-30,26450.00,CE,5.85,7.20,5.30,6.90,6.90,7556,49976.1642,112025,-1700,06-JAN-2025
OPTIDX,NIFTY,27-Feb-2025,2025-02-27,26450.00,CE,29.15,29.15,13.85,16.65,16.65,121,2402.07971,8625,2625,06-JAN-2025
OPTIDX,NIFTY,09-Jan-2025,2025-01-09,26450.00,CE,0.70,1.50,0.65,1.30,1.30,57631,1143294.91,992400,-109125,06-JAN-2025
OPTIDX,NIFTY,27-Feb-2025,2025-02-27,26450.00,PE,0.00,0.00,0.00,2297.00,2591.60,0,0.00,0,0,06-JAN-2025
OPTIDX,NIFTY,27-Mar-2025,2025-03-27,22050.00,PE,0.00,0.00,0.00,117.35,66.15,0,0.00,0,0,06-JAN-2025
OPTIDX,NIFTY,27-Mar-2025,2025-03-27,24000.00,CE,826.40,859.50,607.60,634.60,634.60,6399,118421.943,1031075,57450,06-JAN-2025
OPTIDX,NIFTY,26-Jun-2025,2025-06-26,24000.00,PE,554.90,730.00,548.00,696.45,696.45,2790,51636.8208,437875,24850,06-JAN-2025
OPTIDX,NIFTY,28-Dec-2028,2028-12-28,22000.00,PE,0.00,0.00,0.00,521.30,278.75,0,0.00,225,0,06-JAN-2025
OPTIDX,NIFTY,23-Jan-2025,2025-01-23,24000.00,CE,333.45,360.00,180.70,192.70,192.70,3969,72174.0861,93975,33300,06-JAN-2025
OPTIDX,NIFTY,25-Jun-2026,2026-06-25,24000.00,PE,0.00,0.00,0.00,5437.70,743.50,0,0.00,0,0,06-JAN-2025
OPTIDX,NIFTY,27-Mar-2025,2025-03-27,22000.00,CE,2394.00,2444.30,2033.90,2078.25,2078.25,1039,18836.0967,336950,57750,06-JAN-2025
OPTIDX,NIFTY,28-Dec-2028,2028-12-28,24000.00,PE,0.00,0.00,0.00,564.65,544.40,0,0.00,525,0,06-JAN-2025
OPTIDX,NIFTY,28-Jun-2029,2029-06-28,24000.00,CE,0.00,0.00,0.00,8085.35,6379.25,0,0.00,0,0,06-JAN-2025
OPTIDX,NIFTY,27-Dec-2029,2029-12-27,22000.00,CE,0.00,0.00,0.00,8865.25,8141.10,0,0.00,0,0,06-JAN-2025
OPTIDX,NIFTY,27-Feb-2025,2025-02-27,24000.00,CE,645.05,675.00,446.35,460.90,460.90,9806,180299.800,511650,68400,06-JAN-2025
OPTIDX,NIFTY,30-Jan-2025,2025-01-30,24000.00,PE,308.95,567.25,277.50,522.25,522.25,276560,1687936.05,5040825,-302300,06-JAN-2025
OPTIDX,NIFTY,31-Dec-2026,2026-12-31,24000.00,PE,955.00,1010.00,955.00,1010.00,711.40,4,74.94675,9000,-75,06-JAN-2025
OPTIDX,NIFTY,25-Jun-2026,2026-06-25,18000.00,CE,0.00,0.00,0.00,7400.00,7326.15,0,0.00,100,0,06-JAN-2025
OPTIDX,NIFTY,30-Dec-2027,2027-12-30,18000.00,PE,0.00,0.00,0.00,244.40,37.50,0,0.00,10175,0,06-JAN-2025
OPTIDX,NIFTY,27-Mar-2025,2025-03-27,18000.00,PE,5.65,7.75,5.10,7.35,7.35,2504,33816.8106,316950,15050,06-JAN-2025
OPTIDX,NIFTY,23-Jan-2025,2025-01-23,24300.00,CE,192.75,209.70,97.30,102.45,102.45,1981,36300.0112,50550,36450,06-JAN-2025
OPTIDX,NIFTY,16-Jan-2025,2025-01-16,24900.00,PE,880.00,1138.15,880.00,1138.15,1240.25,3,58.392225,225,225,06-JAN-2025
OPTIDX,NIFTY,27-Feb-2025,2025-02-27,24900.00,CE,240.05,245.00,146.50,150.40,150.40,1218,22905.4714,45225,-4350,06-JAN-2025
OPTIDX,NIFTY,23-Jan-2025,2025-01-23,23100.00,PE,44.80,148.60,42.95,130.85,130.85,597,10387.7522,13275,6675,06-JAN-2025
OPTIDX,NIFTY,09-Jan-2025,2025-01-09,23100.00,PE,4.50,55.40,3.05,42.45,42.45,861242,14937744.2,2187825,333300,06-JAN-2025
OPTIDX,NIFTY,31-Dec-2026,2026-12-31,20000.00,PE,0.00,0.00,0.00,290.00,101.10,0,0.00,4050,0,06-JAN-2025
OPTIDX,NIFTY,27-Mar-2025,2025-03-27,22250.00,PE,0.00,0.00,0.00,111.40,89.00,0,0.00,3075,0,06-JAN-2025
OPTIDX,NIFTY,27-Feb-2025,2025-02-27,22250.00,CE,0.00,0.00,0.00,2194.70,1628.55,0,0.00,0,0,06-JAN-2025
OPTIDX,NIFTY,30-Jan-2025,2025-01-30,25550.00,CE,13.10,15.00,10.40,11.10,11.10,3456,22085.1846,31725,-3275,06-JAN-2025
OPTIDX,NIFTY,27-Mar-2025,2025-03-27,25550.00,PE,0.00,0.00,0.00,1635.05,1690.00,0,0.00,0,0,06-JAN-2025
OPTIDX,NIFTY,09-Jan-2025,2025-01-09,25550.00,CE,1.30,1.70,0.60,1.40,1.40,51572,988294.433,698175,195375,06-JAN-2025
OPTIDX,NIFTY,30-Jan-2025,2025-01-30,25550.00,PE,1532.10,1550.00,1532.10,1550.00,1826.15,6,40.627625,6350,-100,06-JAN-2025
OPTIDX,NIFTY,27-Feb-2025,2025-02-27,25550.00,CE,101.80,101.80,57.15,58.50,58.50,149,2863.21342,2700,-3150,06-JAN-2025
OPTIDX,NIFTY,16-Jan-2025,2025-01-16,25500.00,CE,3.35,3.60,2.60,3.30,3.30,21227,406015.938,579975,222525,06-JAN-2025
OPTIDX,NIFTY,27-Mar-2025,2025-03-27,25500.00,PE,1250.00,1620.50,1250.00,1584.80,1584.80,19,385.014412,2475,525,06-JAN-2025
OPTIDX,NIFTY,06-Feb-2025,2025-02-06,23850.00,PE,0.00,0.00,0.00,266.00,427.90,0,0.00,0,0,06-JAN-2025
OPTIDX,NIFTY,30-Jan-2025,2025-01-30,23150.00,PE,72.80,190.90,69.15,170.65,170.65,10372,60363.4770,108700,51550,06-JAN-2025
OPTIDX,NIFTY,27-Mar-2025,2025-03-27,23150.00,CE,0.00,0.00,0.00,1369.10,1082.05,0,0.00,0,0,06-JAN-2025
OPTIDX,NIFTY,27-Feb-2025,2025-02-27,23150.00,PE,286.65,302.80,272.35,282.50,282.50,233,4095.32302,8550,4350,06-JAN-2025
OPTIDX,NIFTY,23-Jan-2025,2025-01-23,23150.00,CE,731.65,762.00,717.10,762.00,624.65,23,412.02555,1425,1425,06-JAN-2025
OPTIDX,NIFTY,09-Jan-2025,2025-01-09,23150.00,CE,617.25,646.30,476.90,521.55,521.55,361,6416.70375,6300,1800,06-JAN-2025
OPTIDX,NIFTY,27-Mar-2025,2025-03-27,25950.00,PE,0.00,0.00,0.00,1944.95,2034.60,0,0.00,0,0,06-JAN-2025
OPTIDX,NIFTY,09-Jan-2025,2025-01-09,25950.00,PE,0.00,0.00,0.00,1207.25,2319.55,0,0.00,0,0,06-JAN-2025
OPTIDX,NIFTY,27-Mar-2025,2025-03-27,24500.00,CE,539.40,575.20,393.55,410.35,410.35,3134,58627.5748,131400,30600,06-JAN-2025
OPTIDX,NIFTY,06-Feb-2025,2025-02-06,24500.00,CE,295.90,306.05,162.35,172.70,172.70,139,2574.70402,2925,2175,06-JAN-2025
OPTIDX,NIFTY,23-Jan-2025,2025-01-23,22900.00,CE,0.00,0.00,0.00,1303.30,830.80,0,0.00,0,0,06-JAN-2025
OPTIDX,NIFTY,27-Feb-2025,2025-02-27,22900.00,PE,120.00,234.25,119.50,220.90,220.90,1240,21479.1568,138750,15075,06-JAN-2025
OPTIDX,NIFTY,09-Jan-2025,2025-01-09,22900.00,CE,1027.60,1065.00,694.55,724.40,724.40,58,1032.63086,2250,600,06-JAN-2025
OPTIDX,NIFTY,27-Mar-2025,2025-03-27,22900.00,CE,0.00,0.00,0.00,1545.50,1260.25,0,0.00,0,0,06-JAN-2025
OPTIDX,NIFTY,23-Jan-2025,2025-01-23,22900.00,PE,27.60,103.30,26.25,92.15,92.15,424,7301.92605,12225,8025,06-JAN-2025
OPTIDX,NIFTY,27-Feb-2025,2025-02-27,23050.00,CE,0.00,0.00,0.00,1568.25,971.75,0,0.00,0,0,06-JAN-2025
OPTIDX,NIFTY,16-Jan-2025,2025-01-16,23050.00,CE,0.00,0.00,0.00,1704.00,641.40,0,0.00,0,0,06-JAN-2025
OPTIDX,NIFTY,16-Jan-2025,2025-01-16,25050.00,CE,10.65,12.15,6.10,6.55,6.55,6577,123603.543,130800,90825,06-JAN-2025
OPTIDX,NIFTY,16-Jan-2025,2025-01-16,25050.00,PE,0.00,0.00,0.00,676.10,1388.70,0,0.00,0,0,06-JAN-2025
OPTIDX,NIFTY,09-Jan-2025,2025-01-09,25050.00,PE,1075.00,1075.00,1075.00,1075.00,1420.05,4,78.375,975,300,06-JAN-2025
OPTIDX,NIFTY,16-Jan-2025,2025-01-16,22000.00,CE,2021.00,2021.00,1625.00,1670.20,1670.20,67,1189.78046,10875,1725,06-JAN-2025
OPTIDX,NIFTY,30-Dec-2027,2027-12-30,22000.00,CE,0.00,0.00,0.00,4499.55,5927.30,0,0.00,0,0,06-JAN-2025
OPTIDX,NIFTY,27-Dec-2029,2029-12-27,24000.00,PE,0.00,0.00,0.00,625.50,466.05,0,0.00,0,0,06-JAN-2025
OPTIDX,NIFTY,23-Jan-2025,2025-01-23,22000.00,PE,5.05,19.45,4.40,15.65,15.65,2116,34933.5259,62625,16575,06-JAN-2025
OPTIDX,NIFTY,31-Dec-2026,2026-12-31,24000.00,CE,0.00,0.00,0.00,2010.65,3335.00,0,0.00,0,0,06-JAN-2025
OPTIDX,NIFTY,27-Dec-2029,2029-12-27,22000.00,PE,0.00,0.00,0.00,373.65,249.35,0,0.00,0,0,06-JAN-2025
OPTIDX,NIFTY,24-Dec-2025,2025-12-24,24000.00,PE,740.00,893.00,732.60,857.50,857.50,1139,21210.2143,708850,19350,06-JAN-2025
OPTIDX,NIFTY,25-Sep-2025,2025-09-25,24000.00,PE,0.00,0.00,0.00,335.20,741.85,0,0.00,0,0,06-JAN-2025
OPTIDX,NIFTY,24-Jun-2027,2027-06-24,22000.00,PE,0.00,0.00,0.00,3995.40,306.95,0,0.00,0,0,06-JAN-2025
OPTIDX,NIFTY,27-Dec-2029,2029-12-27,24000.00,CE,0.00,0.00,0.00,7730.00,6928.30,0,0.00,0,0,06-JAN-2025
OPTIDX,NIFTY,30-Dec-2027,2027-12-30,22000.00,PE,0.00,0.00,0.00,329.00,301.65,0,0.00,25,0,06-JAN-2025
OPTIDX,NIFTY,27-Mar-2025,2025-03-27,20000.00,CE,4300.00,4320.00,3882.00,3912.30,3912.30,300,5408.0469,410675,2100,06-JAN-2025
OPTIDX,NIFTY,09-Jan-2025,2025-01-09,22200.00,CE,1440.00,1440.00,1373.65,1373.65,1428.35,2,35.4102375,825,0,06-JAN-2025
OPTIDX,NIFTY,16-Jan-2025,2025-01-16,22750.00,PE,8.00,51.35,6.80,42.85,42.85,5168,88285.7732,50325,33750,06-JAN-2025
OPTIDX,NIFTY,27-Mar-2025,2025-03-27,22200.00,CE,0.00,0.00,0.00,2089.95,1824.85,0,0.00,0,0,06-JAN-2025
OPTIDX,NIFTY,30-Jan-2025,2025-01-30,22750.00,CE,1100.00,1100.00,1062.00,1069.00,1069.00,5,29.7892375,250,75,06-JAN-2025
OPTIDX,NIFTY,26-Jun-2025,2025-06-26,24000.00,CE,1320.00,1339.00,1066.05,1096.75,1096.75,1140,21482.1997,184625,31625,06-JAN-2025
OPTIDX,NIFTY,09-Jan-2025,2025-01-09,22000.00,PE,0.80,3.60,0.70,2.85,2.85,498663,8228695.39,5318100,1769325,06-JAN-2025
OPTIDX,NIFTY,31-Dec-2026,2026-12-31,22000.00,CE,0.00,0.00,0.00,3039.00,4677.00,0,0.00,0,0,06-JAN-2025
OPTIDX,NIFTY,27-Mar-2025,2025-03-27,22000.00,PE,69.75,125.00,67.50,119.05,119.05,11403,189018.586,1438525,119575,06-JAN-2025
OPTIDX,NIFTY,27-Mar-2025,2025-03-27,24000.00,PE,440.00,655.00,430.10,620.50,620.50,8233,151728.074,1564400,-32275,06-JAN-2025
OPTIDX,NIFTY,16-Jan-2025,2025-01-16,26150.00,PE,0.00,0.00,0.00,1503.50,2485.65,0,0.00,0,0,06-JAN-2025
OPTIDX,NIFTY,27-Feb-2025,2025-02-27,24300.00,CE,485.65,503.95,319.50,331.10,331.10,1159,21438.8763,47325,150,06-JAN-2025
OPTIDX,NIFTY,27-Mar-2025,2025-03-27,25400.00,PE,0.00,0.00,0.00,1523.10,1566.35,0,0.00,0,0,06-JAN-2025
OPTIDX,NIFTY,06-Feb-2025,2025-02-06,25400.00,CE,46.65,46.65,46.05,46.05,18.75,11,209.930362,825,825,06-JAN-2025
OPTIDX,NIFTY,30-Jan-2025,2025-01-30,23100.00,PE,65.40,177.40,62.05,159.90,159.90,41562,241349.882,639750,-47025,06-JAN-2025
OPTIDX,NIFTY,27-Feb-2025,2025-02-27,23100.00,PE,153.30,286.45,151.20,265.20,265.20,1405,24597.8719,106875,39300,06-JAN-2025
OPTIDX,NIFTY,27-Mar-2025,2025-03-27,23100.00,PE,200.00,322.90,200.00,306.75,306.75,165,2890.72001,18825,4500,06-JAN-2025
OPTIDX,NIFTY,16-Jan-2025,2025-01-16,22250.00,CE,0.00,0.00,0.00,2461.45,1407.70,0,0.00,0,0,06-JAN-2025
OPTIDX,NIFTY,30-Jan-2025,2025-01-30,22250.00,CE,0.00,0.00,0.00,2368.40,1475.45,0,0.00,75,0,06-JAN-2025
OPTIDX,NIFTY,09-Jan-2025,2025-01-09,22250.00,CE,0.00,0.00,0.00,2619.15,1378.40,0,0.00,0,0,06-JAN-2025
OPTIDX,NIFTY,23-Jan-2025,2025-01-23,25500.00,CE,8.10,9.20,6.25,7.65,7.65,643,12300.9984,52575,18000,06-JAN-2025
OPTIDX,NIFTY,30-Jan-2025,2025-01-30,26050.00,PE,0.00,0.00,0.00,1474.10,2319.60,0,0.00,75,0,06-JAN-2025
OPTIDX,NIFTY,24-Dec-2025,2025-12-24,21000.00,CE,4300.00,4300.00,3995.50,4021.15,4021.15,112,2101.82373,9550,7825,06-JAN-2025
OPTIDX,NIFTY,23-Jan-2025,2025-01-23,24150.00,CE,256.00,268.80,141.40,144.80,144.80,289,5277.07635,9150,5325,06-JAN-2025
OPTIDX,NIFTY,09-Jan-2025,2025-01-09,24150.00,PE,227.90,619.55,203.00,558.45,558.45,85932,1577427.59,1077900,21975,06-JAN-2025
OPTIDX,NIFTY,27-Feb-2025,2025-02-27,24150.00,CE,519.00,520.00,379.55,389.60,389.60,115,2118.50902,6600,-75,06-JAN-2025
OPTIDX,NIFTY,06-Feb-2025,2025-02-06,24150.00,CE,356.05,356.05,286.55,291.35,213.90,39,715.95495,1425,1425,06-JAN-2025
OPTIDX,NIFTY,16-Jan-2025,2025-01-16,24150.00,CE,186.95,206.50,84.45,90.15,90.15,8893,161874.815,123600,36150,06-JAN-2025
OPTIDX,NIFTY,27-Feb-2025,2025-02-27,24150.00,PE,500.00,704.60,455.75,681.60,681.60,84,1560.09858,5100,-450,06-JAN-2025
OPTIDX,NIFTY,16-Jan-2025,2025-01-16,24150.00,PE,295.95,625.00,267.80,569.15,569.15,980,18044.2275,30075,-9975,06-JAN-2025
OPTIDX,NIFTY,06-Feb-2025,2025-02-06,24150.00,PE,0.00,0.00,0.00,383.10,609.80,0,0.00,0,0,06-JAN-2025
OPTIDX,NIFTY,09-Jan-2025,2025-01-09,25300.00,CE,1.05,1.85,1.00,1.65,1.65,163778,3107852.01,2569650,173775,06-JAN-2025
OPTIDX,NIFTY,16-Jan-2025,2025-01-16,25300.00,PE,0.00,0.00,0.00,837.60,1637.45,0,0.00,0,0,06-JAN-2025
OPTIDX,NIFTY,30-Jan-2025,2025-01-30,25300.00,CE,22.55,25.60,14.25,15.20,15.20,87436,553396.189,834350,382700,06-JAN-2025
OPTIDX,NIFTY,27-Mar-2025,2025-03-27,25300.00,PE,0.00,0.00,0.00,1451.25,1485.80,0,0.00,0,0,06-JAN-2025
OPTIDX,NIFTY,27-Mar-2025,2025-03-27,25300.00,CE,210.00,215.00,170.85,177.15,177.15,239,4569.08831,11775,9300,06-JAN-2025
OPTIDX,NIFTY,06-Feb-2025,2025-02-06,25300.00,CE,0.00,0.00,0.00,158.60,23.65,0,0.00,0,0,06-JAN-2025
OPTIDX,NIFTY,27-Mar-2025,2025-03-27,22750.00,PE,0.00,0.00,0.00,196.75,173.45,0,0.00,2775,0,06-JAN-2025
OPTIDX,NIFTY,27-Feb-2025,2025-02-27,22750.00,CE,0.00,0.00,0.00,1791.50,1201.85,0,0.00,0,0,06-JAN-2025
OPTIDX,NIFTY,30-Jan-2025,2025-01-30,23950.00,PE,279.00,537.80,258.55,493.25,493.25,10787,65600.5565,109400,-14175,06-JAN-2025
OPTIDX,NIFTY,09-Jan-2025,2025-01-09,25350.00,PE,0.00,0.00,0.00,770.85,1719.90,0,0.00,0,0,06-JAN-2025
OPTIDX,NIFTY,27-Mar-2025,2025-03-27,25350.00,CE,200.85,200.85,183.85,183.85,164.20,2,38.313525,75,-75,06-JAN-2025
OPTIDX,NIFTY,23-Jan-2025,2025-01-23,25350.00,CE,0.00,0.00,0.00,104.90,2.75,0,0.00,0,0,06-JAN-2025
OPTIDX,NIFTY,27-Feb-2025,2025-02-27,22750.00,PE,111.70,168.95,102.70,168.95,118.05,71,1218.13912,8175,1950,06-JAN-2025
OPTIDX,NIFTY,06-Feb-2025,2025-02-06,22750.00,CE,0.00,0.00,0.00,1642.85,1062.15,0,0.00,0,0,06-JAN-2025
OPTIDX,NIFTY,27-Mar-2025,2025-03-27,23950.00,PE,439.25,439.25,439.25,439.25,595.40,1,18.2919375,6075,0,06-JAN-2025
OPTIDX,NIFTY,30-Jan-2025,2025-01-30,23950.00,CE,450.00,459.00,251.00,266.00,266.00,9529,57847.0061,95250,14075,06-JAN-2025
OPTIDX,NIFTY,16-Jan-2025,2025-01-16,23950.00,PE,195.25,478.05,174.00,434.05,434.05,5355,97317.1540,21525,-27225,06-JAN-2025
OPTIDX,NIFTY,25-Jun-2026,2026-06-25,25000.00,PE,0.00,0.00,0.00,6063.10,1092.55,0,0.00,0,0,06-JAN-2025
OPTIDX,NIFTY,09-Jan-2025,2025-01-09,25000.00,CE,2.20,2.60,1.60,2.20,2.20,1250370,23446346.4,12736500,2353875,06-JAN-2025
OPTIDX,NIFTY,23-Jan-2025,2025-01-23,25000.00,CE,31.05,34.70,17.05,18.00,18.00,5215,97866.7467,180675,23250,06-JAN-2025
OPTIDX,NIFTY,28-Jun-2029,2029-06-28,25000.00,CE,0.00,0.00,0.00,7557.70,5803.20,0,0.00,0,0,06-JAN-2025
OPTIDX,NIFTY,27-Feb-2025,2025-02-27,25050.00,CE,127.15,141.40,119.55,123.45,123.45,151,2851.78867,5475,-4200,06-JAN-2025
OPTIDX,NIFTY,09-Jan-2025,2025-01-09,26150.00,PE,0.00,0.00,0.00,1370.85,2519.45,0,0.00,0,0,06-JAN-2025
OPTIDX,NIFTY,23-Jan-2025,2025-01-23,22850.00,PE,0.00,0.00,0.00,84.35,36.85,0,0.00,0,0,06-JAN-2025
